1 0.500001
6 0.212916
11 0.167441
16 0.148797
21 0.137842
26 0.131844
31 0.127336
36 0.124082
41 0.121833
46 0.119552
51 0.118101
56 0.1167
61 0.115388
66 0.114408
71 0.1133
76 0.112667
81 0.111823
86 0.111301
91 0.110688
96 0.110053
101 0.109649
106 0.109187
111 0.108749
116 0.108485
121 0.10812
126 0.107636
131 0.107432
136 0.107116
141 0.106676
146 0.106592
151 0.106283
156 0.10604
161 0.105753
166 0.105542
171 0.105788
176 0.105231
181 0.104946
186 0.10462
191 0.104705
196 0.104674
200 0.104438
