1 0.500061
6 0.499545
11 0.535939
16 0.549501
21 0.559521
26 0.565037
31 0.567762
36 0.571916
41 0.574037
46 0.577083
51 0.579345
56 0.581909
61 0.583406
66 0.584278
71 0.584616
76 0.586394
81 0.587373
86 0.588491
91 0.588668
96 0.589562
101 0.590658
106 0.591562
111 0.591458
116 0.591154
121 0.592901
126 0.593368
131 0.592771
136 0.593878
141 0.594024
146 0.594363
151 0.594743
156 0.595367
161 0.596479
166 0.594888
171 0.596462
176 0.596037
181 0.596364
186 0.597082
191 0.59675
196 0.597715
200 0.597686
