1 0.500061
6 0.500057
11 0.512706
16 0.522713
21 0.530217
26 0.536229
31 0.541059
36 0.545175
41 0.54854
46 0.551642
51 0.554145
56 0.556486
61 0.55861
66 0.560413
71 0.562046
76 0.563612
81 0.565005
86 0.566317
91 0.567487
96 0.568675
101 0.56971
106 0.570668
111 0.571561
116 0.572414
121 0.573263
126 0.574038
131 0.574724
136 0.575472
141 0.576057
146 0.576704
151 0.577272
156 0.577843
161 0.578364
166 0.57887
171 0.579345
176 0.57992
181 0.58041
186 0.580848
191 0.581198
196 0.58161
200 0.581937
