1 0.333506
6 0.333397
11 0.376822
16 0.413197
21 0.441807
26 0.465651
31 0.485499
36 0.502499
41 0.517245
46 0.530589
51 0.541831
56 0.552966
61 0.562365
66 0.571002
71 0.579101
76 0.5863
81 0.59334
86 0.599861
91 0.605999
96 0.612025
101 0.617142
106 0.622747
111 0.627526
116 0.631922
121 0.636659
126 0.640981
131 0.64477
136 0.648748
141 0.652035
146 0.656098
151 0.659109
156 0.662307
161 0.665437
166 0.668275
171 0.671956
176 0.675063
181 0.678104
186 0.68038
191 0.682519
196 0.685079
200 0.687314
