1 0.110258
2 0.110114
3 0.110154
4 0.11018
5 0.110146
6 0.110154
7 0.110169
8 0.108082
9 0.105544
10 0.103132
11 0.1008
12 0.0985208
13 0.0963599
14 0.0943417
15 0.0925024
16 0.0907779
17 0.0891541
18 0.0876585
19 0.0862657
20 0.0849553
21 0.0837318
22 0.0825757
23 0.0814655
24 0.0804232
25 0.0794325
26 0.0784834
27 0.0775653
28 0.0766827
29 0.0758233
30 0.074984
31 0.0741633
32 0.0733822
33 0.0726235
34 0.0718944
35 0.0711841
36 0.0704927
37 0.069816
38 0.0691622
39 0.068531
40 0.0679138
41 0.0673136
42 0.0667293
43 0.0661602
44 0.065608
45 0.0650711
46 0.064546
47 0.0640363
48 0.063537
49 0.0630485
50 0.0625724
51 0.0621099
52 0.0616583
53 0.0612197
54 0.0607901
55 0.0603681
56 0.059957
57 0.0595527
58 0.0591573
59 0.0587698
60 0.0583903
61 0.0580175
62 0.0576541
63 0.0572962
64 0.056944
65 0.0565999
66 0.056262
67 0.0559286
68 0.0556023
69 0.0552828
70 0.0549672
71 0.0546568
72 0.054352
73 0.0540532
74 0.0537579
75 0.0534684
76 0.0531835
77 0.0529042
78 0.0526293
79 0.0523581
80 0.0520909
81 0.0518277
82 0.0515691
83 0.0513157
84 0.0510654
85 0.0508174
86 0.0505731
87 0.0503323
88 0.0500952
89 0.0498619
90 0.0496311
91 0.0494046
92 0.0491803
93 0.0489593
94 0.0487409
95 0.0485256
96 0.0483126
97 0.0481026
98 0.0478959
99 0.0476914
100 0.0474892
101 0.0472904
102 0.0470929
103 0.0468975
104 0.0467052
105 0.0465157
106 0.0463276
107 0.0461411
108 0.0459573
109 0.0457755
110 0.0455959
111 0.0454187
112 0.0452436
113 0.0450706
114 0.0448997
115 0.0447295
116 0.0445608
117 0.0443947
118 0.0442303
119 0.044068
120 0.0439073
121 0.0437479
122 0.0435901
123 0.0434342
124 0.0432797
125 0.0431267
126 0.0429754
127 0.0428255
128 0.0426774
129 0.04253
130 0.0423839
131 0.0422401
132 0.0420972
133 0.041955
134 0.041815
135 0.0416764
136 0.0415397
137 0.0414036
138 0.0412689
139 0.0411351
140 0.0410025
141 0.0408714
142 0.0407413
143 0.0406126
144 0.0404847
145 0.0403584
146 0.0402332
147 0.0401089
148 0.0399861
149 0.0398637
150 0.0397427
151 0.0396225
152 0.0395031
153 0.0393853
154 0.0392684
155 0.0391526
156 0.0390375
157 0.0389236
158 0.0388102
159 0.0386982
160 0.0385867
161 0.0384765
162 0.0383667
163 0.0382579
164 0.0381503
165 0.038043
166 0.0379365
167 0.0378313
168 0.0377265
169 0.0376225
170 0.0375196
171 0.0374169
172 0.0373151
173 0.0372143
174 0.0371139
175 0.0370141
176 0.0369154
177 0.0368174
178 0.0367193
179 0.0366228
180 0.0365277
181 0.0364323
182 0.0363381
183 0.0362442
184 0.0361506
185 0.0360583
186 0.0359666
187 0.0358753
188 0.0357849
189 0.0356951
190 0.0356055
191 0.0355171
192 0.0354291
193 0.0353415
194 0.0352548
195 0.0351679
196 0.0350821
197 0.0349968
198 0.0349121
199 0.0348279
200 0.0347443
201 0.0346611
202 0.0345786
203 0.0344968
204 0.0344155
205 0.0343345
206 0.0342542
207 0.0341745
208 0.0340951
209 0.0340165
210 0.0339383
211 0.0338604
212 0.0337834
213 0.0337065
214 0.0336299
215 0.0335541
216 0.0334786
217 0.0334035
218 0.0333288
219 0.0332546
220 0.0331809
221 0.0331076
222 0.0330352
223 0.0329631
224 0.0328913
225 0.0328199
226 0.032749
227 0.0326784
228 0.0326083
229 0.0325385
230 0.0324693
231 0.0324005
232 0.0323322
233 0.0322641
234 0.0321966
235 0.0321294
236 0.0320624
237 0.0319959
238 0.0319296
239 0.031864
240 0.0317985
241 0.0317333
242 0.0316687
243 0.0316042
244 0.03154
245 0.0314763
246 0.031413
247 0.0313499
248 0.0312872
249 0.0312249
250 0.0311628
251 0.0311013
252 0.0310398
253 0.0309787
254 0.030918
255 0.0308575
256 0.0307973
257 0.0307376
258 0.0306781
259 0.0306187
260 0.0305601
261 0.0305017
262 0.0304435
263 0.0303855
264 0.0303279
265 0.0302702
266 0.030213
267 0.030156
268 0.0300992
269 0.0300427
270 0.0299867
271 0.0299308
272 0.0298752
273 0.0298202
274 0.0297651
275 0.0297102
276 0.0296558
277 0.0296016
278 0.029548
279 0.0294943
280 0.0294411
281 0.0293881
282 0.0293355
283 0.0292831
284 0.0292311
285 0.0291791
286 0.0291274
287 0.029076
288 0.0290247
289 0.0289737
290 0.0289231
291 0.0288724
292 0.028822
293 0.0287717
294 0.0287219
295 0.0286725
296 0.028623
297 0.0285739
298 0.0285251
299 0.0284764
300 0.0284278
301 0.0283794
302 0.0283311
303 0.028283
304 0.0282352
305 0.0281876
306 0.02814
307 0.0280928
308 0.0280459
309 0.0279991
310 0.0279527
311 0.0279064
312 0.0278603
313 0.0278144
314 0.0277687
315 0.0277232
316 0.0276781
317 0.0276329
318 0.0275879
319 0.0275432
320 0.0274986
321 0.0274542
322 0.0274101
323 0.0273662
324 0.0273224
325 0.0272788
326 0.0272353
327 0.027192
328 0.027149
329 0.0271061
330 0.0270634
331 0.0270208
332 0.0269786
333 0.0269363
334 0.0268943
335 0.0268525
336 0.0268108
337 0.0267694
338 0.0267281
339 0.026687
340 0.026646
341 0.0266049
342 0.0265642
343 0.0265238
344 0.0264835
345 0.0264433
346 0.0264032
347 0.0263632
348 0.0263234
349 0.0262838
350 0.0262445
351 0.0262051
352 0.026166
353 0.0261272
354 0.0260884
355 0.0260498
356 0.0260114
357 0.0259731
358 0.0259348
359 0.0258968
360 0.0258589
361 0.0258212
362 0.0257835
363 0.0257461
364 0.0257088
365 0.0256718
366 0.0256349
367 0.0255979
368 0.025561
369 0.0255243
370 0.0254878
371 0.0254516
372 0.0254155
373 0.0253794
374 0.0253435
375 0.0253078
376 0.0252721
377 0.0252366
378 0.0252013
379 0.025166
380 0.0251309
381 0.0250959
382 0.0250611
383 0.0250263
384 0.0249916
385 0.0249571
386 0.0249226
387 0.0248884
388 0.0248541
389 0.0248202
390 0.0247863
391 0.0247525
392 0.0247189
393 0.0246853
394 0.0246518
395 0.0246184
396 0.0245852
397 0.0245521
398 0.0245192
399 0.0244863
400 0.0244536
