1 0.110258
2 0.10997
3 0.110235
4 0.110257
5 0.110007
6 0.110199
7 0.110258
8 0.0934707
9 0.0852401
10 0.0814239
11 0.0774802
12 0.0734489
13 0.0704302
14 0.0681046
15 0.0667541
16 0.064906
17 0.0631744
18 0.0622346
19 0.061197
20 0.0600551
21 0.0592638
22 0.0582962
23 0.0570414
24 0.0564485
25 0.0556579
26 0.0547552
27 0.053695
28 0.0528533
29 0.0517602
30 0.0506439
31 0.0495419
32 0.0491685
33 0.048345
34 0.0478334
35 0.0470322
36 0.0462987
37 0.0454537
38 0.0449697
39 0.044543
40 0.0438415
41 0.0433094
42 0.0427766
43 0.0422552
44 0.0418658
45 0.0414442
46 0.0409169
47 0.0405899
48 0.0400711
49 0.0395959
50 0.0392495
51 0.0389798
52 0.0386242
53 0.0384189
54 0.0380177
55 0.0375806
56 0.0373478
57 0.03691
58 0.0366183
59 0.0362979
60 0.0359992
61 0.0356514
62 0.0354874
63 0.0351024
64 0.0347609
65 0.0345735
66 0.0343006
67 0.0339228
68 0.033737
69 0.0335553
70 0.0331937
71 0.0329315
72 0.0327143
73 0.0325377
74 0.0321964
75 0.0320437
76 0.0318213
77 0.0316779
78 0.0314566
79 0.0312095
80 0.030979
81 0.0307653
82 0.0306317
83 0.0305276
84 0.0302936
85 0.0299901
86 0.0298052
87 0.029626
88 0.0294702
89 0.0293253
90 0.0290962
91 0.0290223
92 0.0287673
93 0.0286211
94 0.0284296
95 0.0282846
96 0.028087
97 0.0279405
98 0.0278398
99 0.0276556
100 0.0274777
101 0.0274015
102 0.0271479
103 0.0269719
104 0.0268903
105 0.0268136
106 0.0265712
107 0.0263703
108 0.0262981
109 0.026139
110 0.0260104
111 0.0259392
112 0.0258094
113 0.0256899
114 0.025581
115 0.0253376
116 0.025146
117 0.0251337
118 0.0249972
119 0.0249178
120 0.0247834
121 0.0246165
122 0.024511
123 0.024405
124 0.0242856
125 0.0241494
126 0.0240529
127 0.0239441
128 0.0238711
129 0.0236618
130 0.0235393
131 0.0235492
132 0.023369
133 0.0231747
134 0.0232064
135 0.0231081
136 0.0230712
137 0.0229106
138 0.0228108
139 0.0226646
140 0.0225728
141 0.0225276
142 0.0223768
143 0.022348
144 0.0221871
145 0.0221837
146 0.0220678
147 0.0219674
148 0.0219272
149 0.0217579
150 0.0217137
151 0.021598
152 0.021484
153 0.0214619
154 0.021377
155 0.0213173
156 0.0211941
157 0.0211671
158 0.0209926
159 0.0210123
160 0.0208663
161 0.0208413
162 0.0206918
163 0.020629
164 0.0206038
165 0.0204546
166 0.0203659
167 0.0203573
168 0.0202246
169 0.0201503
170 0.0201289
171 0.019976
172 0.0199027
173 0.0198566
174 0.0197709
175 0.01964
176 0.0196465
177 0.0195446
178 0.0193642
179 0.0194631
180 0.0195003
181 0.0192561
182 0.0192962
183 0.0191519
184 0.0190253
185 0.0190568
186 0.0190111
187 0.0188916
188 0.0188733
189 0.0188116
190 0.0186815
191 0.0187149
192 0.0186146
193 0.0185493
194 0.0184932
195 0.01833
196 0.0183316
197 0.0183024
198 0.0182091
199 0.0181512
200 0.018116
201 0.0180236
202 0.0179998
203 0.0179778
204 0.0178929
205 0.0178215
206 0.0177791
207 0.017764
208 0.017669
209 0.0176557
210 0.0176021
211 0.0175124
212 0.0175132
213 0.0174183
214 0.017321
215 0.0173198
216 0.0172336
217 0.017199
218 0.0171152
219 0.0170777
220 0.0170426
221 0.0169857
222 0.0170356
223 0.0169421
224 0.016883
225 0.0168407
226 0.0167831
227 0.0167315
228 0.0166929
229 0.0166257
230 0.0166305
231 0.0165729
232 0.0165307
233 0.0164824
234 0.0164779
235 0.0163932
236 0.0163162
237 0.0163021
238 0.0162366
239 0.0162314
240 0.0161492
241 0.0160869
242 0.0160895
243 0.0160145
244 0.0159311
245 0.0159436
246 0.0158805
247 0.0158371
248 0.0158039
249 0.0157674
250 0.0157013
251 0.0157235
252 0.0156101
253 0.0155772
254 0.0155706
255 0.0154833
256 0.0154543
257 0.0154417
258 0.0153935
259 0.015304
260 0.0153677
261 0.0153295
262 0.0152353
263 0.0151866
264 0.0151743
265 0.0150629
266 0.0150376
267 0.0150032
268 0.0149494
269 0.0148876
270 0.0149211
271 0.0148361
272 0.0148117
273 0.0148491
274 0.0147332
275 0.014665
276 0.0147027
277 0.0146518
278 0.0146768
279 0.0145906
280 0.0145811
281 0.014556
282 0.0145349
283 0.0145093
284 0.014523
285 0.0144098
286 0.0144003
287 0.0143623
288 0.0143205
289 0.0142939
290 0.0142803
291 0.0141759
292 0.0141433
293 0.0141069
294 0.0141192
295 0.0141148
296 0.0140674
297 0.0140338
298 0.0140315
299 0.0139473
300 0.0139132
301 0.0138377
302 0.0137951
303 0.0137744
304 0.013748
305 0.0137102
306 0.0136179
307 0.0136693
308 0.0136488
309 0.0135836
310 0.0136012
311 0.0135604
312 0.0135268
313 0.0134855
314 0.0134891
315 0.0134208
316 0.0134477
317 0.0133507
318 0.0133236
319 0.0133363
320 0.0132813
321 0.0132363
322 0.0132668
323 0.0132137
324 0.0131696
325 0.0131522
326 0.0131206
327 0.0130723
328 0.0130853
329 0.0130228
330 0.0130272
331 0.0129706
332 0.012982
333 0.0129075
334 0.0129168
335 0.0128673
336 0.0128729
337 0.01285
338 0.0127909
339 0.0127941
340 0.012738
341 0.0126704
342 0.012686
343 0.0126722
344 0.0126749
345 0.0126169
346 0.0125802
347 0.0124936
348 0.0125287
349 0.0125238
350 0.0125153
351 0.0124184
352 0.0124454
353 0.0124543
354 0.012372
355 0.0123931
356 0.0123885
357 0.0123478
358 0.0122624
359 0.0122912
360 0.0122583
361 0.0122478
362 0.0121783
363 0.0122023
364 0.0121851
365 0.0121851
366 0.0121398
367 0.0120789
368 0.012018
369 0.0120237
370 0.0120161
371 0.0120532
372 0.0120143
373 0.0119538
374 0.0119721
375 0.0119269
376 0.0118904
377 0.0118993
378 0.0118915
379 0.0118514
380 0.011799
381 0.0118142
382 0.0117859
383 0.0117282
384 0.0117194
385 0.0116942
386 0.0116526
387 0.0116616
388 0.0116205
389 0.0116294
390 0.0116066
391 0.0115792
392 0.0115622
393 0.0115378
394 0.0114741
395 0.011488
396 0.0114506
397 0.0114337
398 0.0114452
399 0.0114155
400 0.0114259
