1 1.93251
2 1.03572
3 0.708829
4 0.638794
5 0.680491
6 0.770762
7 0.882226
8 1.00178
9 1.12485
10 1.25309
11 0.791662
12 0.570765
13 0.449465
14 0.366468
15 0.299487
16 0.257857
17 0.232303
18 0.213771
19 0.205901
20 0.204389
21 0.208168
22 0.212872
23 0.215672
24 0.207729
25 0.193382
26 0.177803
27 0.162094
28 0.151572
29 0.142858
30 0.134673
31 0.125641
32 0.116911
33 0.109898
34 0.103387
35 0.0970168
36 0.0914971
37 0.0866693
38 0.0823819
39 0.0781619
40 0.0743432
41 0.0709027
42 0.0675341
43 0.0643814
44 0.0614824
45 0.0589392
46 0.0565625
47 0.0542497
48 0.0521211
49 0.0501937
50 0.048403
51 0.0467359
52 0.0451128
53 0.0436484
54 0.0422758
55 0.0410575
56 0.0398143
57 0.0386448
58 0.0375107
59 0.036548
60 0.0355803
61 0.034665
62 0.033898
63 0.0330669
64 0.0323225
65 0.0316236
66 0.0308988
67 0.0302253
68 0.0296125
69 0.0290051
70 0.0283633
71 0.0278483
72 0.0272954
73 0.0267534
74 0.0262643
75 0.0257815
76 0.0252849
77 0.0248721
78 0.0244496
79 0.0239993
80 0.0235856
81 0.0231804
82 0.0228237
83 0.0224706
84 0.0220828
85 0.0217591
86 0.0214246
87 0.0211631
88 0.0208352
89 0.0205248
90 0.0202381
91 0.0199371
92 0.0196497
93 0.0193405
94 0.0190688
95 0.0188171
96 0.0185465
97 0.0183339
98 0.018068
99 0.0178663
100 0.0176012
101 0.0173788
102 0.0171306
103 0.0169239
104 0.0167459
105 0.0165228
106 0.0163319
107 0.0161631
108 0.0159901
109 0.0157866
110 0.015591
111 0.01543
112 0.0152581
113 0.0150818
114 0.014924
115 0.0147736
116 0.014632
117 0.0144817
118 0.0143133
119 0.0141805
120 0.0140396
121 0.0138718
122 0.0137403
123 0.0135763
124 0.0134451
125 0.0132991
126 0.013181
127 0.0130665
128 0.012944
129 0.0128155
130 0.0127005
131 0.0125766
132 0.0124483
133 0.0123345
134 0.0122466
135 0.0121441
136 0.0120115
137 0.0118907
138 0.0117942
139 0.0117057
140 0.0115948
141 0.0114926
142 0.0113837
143 0.0112874
144 0.0112067
145 0.0111168
146 0.0110071
147 0.0109242
148 0.0108265
149 0.0107523
150 0.0106598
151 0.0105723
152 0.0104925
153 0.0104134
154 0.0103369
155 0.0102748
156 0.0101614
157 0.0100822
158 0.0100256
159 0.00993492
160 0.00985931
161 0.00976971
162 0.00970547
163 0.00962933
164 0.00957468
165 0.00950246
166 0.00943616
167 0.00938185
168 0.00930998
169 0.00925106
170 0.009187
171 0.00912393
172 0.00906461
173 0.00900794
174 0.00894731
175 0.00888239
176 0.00882526
177 0.00876041
178 0.00870099
179 0.00865568
180 0.00859972
181 0.00854115
182 0.00850056
183 0.00844558
184 0.00839661
185 0.00834554
186 0.00829744
187 0.00824196
188 0.00820133
189 0.00813858
190 0.00809764
191 0.00804569
192 0.00799741
193 0.00795218
194 0.0078978
195 0.00784811
196 0.00780342
197 0.00776016
198 0.00771811
199 0.00766988
200 0.00762752
201 0.0075858
202 0.00754738
203 0.00749604
204 0.0074488
205 0.00741041
206 0.00736383
207 0.0073261
208 0.00729046
209 0.00725441
210 0.00721579
211 0.00717504
212 0.00712885
213 0.00709958
214 0.00706262
215 0.00702219
216 0.00698396
217 0.00694549
218 0.00689759
219 0.00685603
220 0.00682128
221 0.00678982
222 0.00676146
223 0.00672962
224 0.00668544
225 0.00666521
226 0.00662557
227 0.00659043
228 0.00656295
229 0.00651924
230 0.00648196
231 0.00646091
232 0.00642786
233 0.00640454
234 0.00637604
235 0.00634741
236 0.00630576
237 0.00627271
238 0.00624011
239 0.0062116
240 0.00618419
241 0.00615772
242 0.00613269
243 0.00610537
244 0.00607738
245 0.0060495
246 0.00602053
247 0.00599153
248 0.00596309
249 0.00593813
250 0.00591863
251 0.00589513
252 0.00585676
253 0.00582797
254 0.00580372
255 0.00577398
256 0.00575018
257 0.00573025
258 0.00569894
259 0.0056779
260 0.00565098
261 0.00561644
262 0.00559205
263 0.00556923
264 0.00554334
265 0.00551581
266 0.00549754
267 0.00547263
268 0.00545407
269 0.00541803
270 0.0054059
271 0.00537256
272 0.0053564
273 0.00533571
274 0.00531237
275 0.00528187
276 0.00526524
277 0.00523599
278 0.00522318
279 0.0052044
280 0.00517491
281 0.00515975
282 0.0051438
283 0.00511752
284 0.00510316
285 0.00507666
286 0.00505887
287 0.00504438
288 0.00501966
289 0.00499712
290 0.00497096
291 0.00495144
292 0.0049318
293 0.0049123
294 0.00488813
295 0.00487304
296 0.00485652
297 0.00482751
298 0.00481233
299 0.00478549
300 0.00477586
301 0.00475253
302 0.00473633
303 0.00472299
304 0.00469972
305 0.00468163
306 0.0046641
307 0.00464872
308 0.00463468
309 0.00461578
310 0.00459736
311 0.00457862
312 0.00456374
313 0.00454981
314 0.00453695
315 0.00452297
316 0.00450419
317 0.00448075
318 0.00447137
319 0.00445393
320 0.00444258
321 0.0044201
322 0.00440604
323 0.00438371
324 0.00437243
325 0.00435834
326 0.00434928
327 0.00432925
328 0.00431485
329 0.00430519
330 0.00429396
331 0.00427587
332 0.00426405
333 0.00425074
334 0.00423475
335 0.0042195
336 0.00420735
337 0.00419731
338 0.00418447
339 0.00417295
340 0.00415845
341 0.00414082
342 0.00412555
343 0.00411071
344 0.00409683
345 0.00408283
346 0.00406623
347 0.0040529
348 0.00404083
349 0.00402306
350 0.00401261
351 0.00399965
352 0.00398926
353 0.00397023
354 0.00395643
355 0.00394146
356 0.00393221
357 0.00392039
358 0.00390935
359 0.00390188
360 0.00389109
361 0.00388219
362 0.00386561
363 0.00385491
364 0.00384757
365 0.00383128
366 0.00382447
367 0.00381521
368 0.00380491
369 0.00378388
370 0.00377097
371 0.00375746
372 0.00374039
373 0.00372485
374 0.00371372
375 0.00370705
376 0.00369741
377 0.00369022
378 0.00368225
379 0.00366399
380 0.00365763
381 0.00364922
382 0.00363404
383 0.00361962
384 0.00360682
385 0.00359886
386 0.00358444
387 0.00357607
388 0.00357135
389 0.00355399
390 0.0035396
391 0.0035351
392 0.00352082
393 0.00351255
394 0.00350663
395 0.00349502
396 0.00348595
397 0.00347923
398 0.00347073
399 0.00346125
400 0.00344935
