1 0.099493
2 0.099839
3 0.100237
4 0.099513
5 0.100306
6 0.099912
7 0.099884
8 0.100759
9 0.099873
10 0.100184
11 0.100162
12 0.099493
13 0.14506
14 0.170243
15 0.18256
16 0.191071
17 0.194727
18 0.196486
19 0.198952
20 0.199697
21 0.199476
22 0.20333
23 0.20697
24 0.213422
25 0.222972
26 0.233415
27 0.245269
28 0.260564
29 0.276499
30 0.295561
31 0.317282
32 0.343596
33 0.357817
34 0.37089
35 0.383043
36 0.393196
37 0.403874
38 0.413335
39 0.422724
40 0.430225
41 0.436634
42 0.441602
43 0.443956
44 0.449036
45 0.449845
46 0.458137
47 0.455872
48 0.462869
49 0.465785
50 0.46414
51 0.468608
52 0.470217
53 0.471268
54 0.460863
55 0.469905
56 0.4656
57 0.466272
58 0.468054
59 0.470723
60 0.475951
61 0.47323
62 0.472574
63 0.47803
64 0.482268
65 0.475073
66 0.48263
67 0.479793
68 0.481515
69 0.483346
70 0.487132
71 0.492601
72 0.491506
73 0.494617
74 0.493296
75 0.500264
76 0.499219
77 0.501093
78 0.502135
79 0.505239
80 0.508458
81 0.511552
82 0.513016
83 0.517658
84 0.517239
85 0.519998
86 0.522995
87 0.524314
88 0.524724
89 0.527586
90 0.527183
91 0.527034
92 0.52907
93 0.532524
94 0.536485
95 0.537784
96 0.539415
97 0.542522
98 0.543013
99 0.547085
100 0.547635
101 0.548571
102 0.549844
103 0.55048
104 0.551284
105 0.551476
106 0.548183
107 0.538166
108 0.53361
109 0.540417
110 0.539464
111 0.543595
112 0.552419
113 0.553931
114 0.555879
115 0.559128
116 0.557567
117 0.555973
118 0.550057
119 0.54599
120 0.544128
121 0.545125
122 0.545384
123 0.549269
124 0.55323
125 0.555713
126 0.556762
127 0.557213
128 0.556068
129 0.552311
130 0.549387
131 0.547673
132 0.547731
133 0.548289
134 0.547695
135 0.549391
136 0.550741
137 0.550342
138 0.550265
139 0.551502
140 0.551943
141 0.551959
142 0.552953
143 0.554872
144 0.5563
145 0.558349
146 0.559598
147 0.561556
148 0.561853
149 0.561994
150 0.563249
151 0.56554
152 0.564609
153 0.566822
154 0.567814
155 0.569462
156 0.571588
157 0.57344
158 0.575638
159 0.576673
160 0.578682
161 0.579991
162 0.581986
163 0.58203
164 0.585042
165 0.586009
166 0.586642
167 0.589351
168 0.591744
169 0.592494
170 0.594977
171 0.596379
172 0.59846
173 0.600386
174 0.603106
175 0.604652
176 0.605987
177 0.606752
178 0.608868
179 0.610875
180 0.611525
181 0.613626
182 0.615401
183 0.616746
184 0.617856
185 0.620945
186 0.623383
187 0.623637
188 0.624786
189 0.627092
190 0.62858
191 0.629962
192 0.630656
193 0.633215
194 0.6336
195 0.634578
196 0.636331
197 0.637931
198 0.638595
199 0.639501
200 0.641704
201 0.642286
202 0.644013
203 0.644805
204 0.645353
205 0.645895
206 0.646877
207 0.648229
208 0.64968
209 0.650769
210 0.6518
211 0.652734
212 0.654009
213 0.654852
214 0.655938
215 0.656668
216 0.65657
217 0.6577
218 0.658272
219 0.659518
220 0.660744
221 0.661448
222 0.661608
223 0.663202
224 0.663798
225 0.664495
226 0.665253
227 0.665604
228 0.665717
229 0.66686
230 0.667214
231 0.668076
232 0.668717
233 0.669298
234 0.670431
235 0.671097
236 0.672366
237 0.671615
238 0.672949
239 0.672931
240 0.673356
241 0.673605
242 0.674175
243 0.675159
244 0.675361
245 0.676571
246 0.676833
247 0.676979
248 0.67778
249 0.678733
250 0.678874
251 0.679334
252 0.679901
253 0.680114
254 0.680396
255 0.680832
256 0.681457
257 0.682207
258 0.681991
259 0.68317
260 0.68332
261 0.684166
262 0.684649
263 0.685462
264 0.685385
265 0.685431
266 0.685495
267 0.686635
268 0.68674
269 0.688003
270 0.687705
271 0.688638
272 0.688661
273 0.68918
274 0.689834
275 0.690303
276 0.69041
277 0.690654
278 0.69083
279 0.690752
280 0.691919
281 0.692067
282 0.692643
283 0.693008
284 0.693604
285 0.69439
286 0.694333
287 0.694539
288 0.69486
289 0.694892
290 0.695352
291 0.69613
292 0.696389
293 0.696768
294 0.697108
295 0.697225
296 0.697948
297 0.697883
298 0.69874
299 0.698705
300 0.699393
301 0.699524
302 0.700201
303 0.700338
304 0.700178
305 0.701311
306 0.701663
307 0.701993
308 0.701407
309 0.702391
310 0.70276
311 0.703523
312 0.703278
313 0.703577
314 0.704139
315 0.704742
316 0.704736
317 0.705548
318 0.706053
319 0.705563
320 0.705714
321 0.705531
322 0.706815
323 0.706423
324 0.707367
325 0.707744
326 0.708317
327 0.708937
328 0.708734
329 0.708993
330 0.709283
331 0.709126
332 0.708986
333 0.709656
334 0.709325
335 0.70957
336 0.709571
337 0.710426
338 0.710604
339 0.710979
340 0.711663
341 0.71163
342 0.71204
343 0.711988
344 0.712651
345 0.712197
346 0.712872
347 0.712914
348 0.713199
349 0.713771
350 0.713441
351 0.713701
352 0.714029
353 0.714821
354 0.714807
355 0.714779
356 0.715051
357 0.715424
358 0.715889
359 0.716358
360 0.715982
361 0.716409
362 0.716703
363 0.716925
364 0.716871
365 0.717478
366 0.716682
367 0.716806
368 0.716865
369 0.717629
370 0.717613
371 0.717584
372 0.718187
373 0.718798
374 0.718783
375 0.719122
376 0.719006
377 0.718954
378 0.71889
379 0.719147
380 0.719698
381 0.720256
382 0.720311
383 0.720503
384 0.720969
385 0.720974
386 0.721274
387 0.721781
388 0.721891
389 0.721495
390 0.721619
391 0.722034
392 0.722624
393 0.722601
394 0.723109
395 0.722762
396 0.722803
397 0.723515
398 0.723722
399 0.724389
400 0.723774
