1 0.0780356
2 0.0588462
3 0.0590788
4 0.0508042
5 0.0495938
6 0.0450887
7 0.0442193
8 0.0403362
9 0.0402976
10 0.0371041
11 0.0361982
12 0.0341522
13 0.033937
14 0.0319828
15 0.031236
16 0.0302361
17 0.0292241
18 0.0285525
19 0.0277826
20 0.0269045
21 0.0264277
22 0.025604
23 0.0251857
24 0.0244869
25 0.0241157
26 0.0234535
27 0.0231241
28 0.0225825
29 0.022136
30 0.0218172
31 0.0214838
32 0.0209844
33 0.0204657
34 0.0201787
35 0.0199393
36 0.019588
37 0.0192308
38 0.0188437
39 0.0187095
40 0.0183388
41 0.0181756
42 0.0178094
43 0.0176276
44 0.0173932
45 0.0170992
46 0.0168789
47 0.016663
48 0.016389
49 0.0162239
50 0.0160289
51 0.0159839
52 0.0156389
53 0.0155312
54 0.0152363
55 0.0151538
56 0.0149548
57 0.0148088
58 0.014608
59 0.0145498
60 0.0143505
61 0.0141608
62 0.0140306
63 0.0139126
64 0.0136793
65 0.0136664
66 0.0134933
67 0.0133102
68 0.0131921
69 0.0131165
70 0.0129476
71 0.0128606
72 0.0127266
73 0.0125683
74 0.0124934
75 0.0123625
76 0.0121897
77 0.0121586
78 0.0120753
79 0.0119652
80 0.0118513
81 0.0117398
82 0.0116616
83 0.011457
84 0.0114837
85 0.0113847
86 0.0113142
87 0.0111859
88 0.0110921
89 0.0110309
90 0.0110635
91 0.0109929
92 0.0108085
93 0.0107075
94 0.0107093
95 0.0106134
96 0.0105386
97 0.0104251
98 0.0104127
99 0.0102752
100 0.0102476
101 0.0101563
102 0.0100821
103 0.0100422
104 0.00994278
105 0.009901
106 0.0097394
107 0.00974624
108 0.00973258
109 0.00963157
110 0.00957258
111 0.0095012
112 0.00947452
113 0.00937724
114 0.00934658
115 0.0092305
116 0.00921687
117 0.00919669
118 0.0091289
119 0.0090768
120 0.00900219
121 0.00895315
122 0.00892321
123 0.00890193
124 0.00878529
125 0.00872556
126 0.00871918
127 0.00867054
128 0.00866399
129 0.00860699
130 0.00853097
131 0.00850949
132 0.00843465
133 0.00835831
134 0.00838077
135 0.00832077
136 0.00821973
137 0.00823037
138 0.00814997
139 0.00812864
140 0.00812147
141 0.00809539
142 0.00799721
143 0.0079445
144 0.0079504
145 0.00791867
146 0.00786743
147 0.00782697
148 0.00779193
149 0.00774528
150 0.00770956
151 0.00769861
152 0.00763921
153 0.00761647
154 0.00758352
155 0.00754954
156 0.00749892
157 0.00750145
158 0.0074609
159 0.00736989
160 0.00736629
161 0.00737221
162 0.00732922
163 0.00726568
164 0.00721713
165 0.00724207
166 0.00719777
167 0.00712937
168 0.00711218
169 0.00707191
170 0.00705564
171 0.00702484
172 0.0070078
173 0.00696468
174 0.00696169
175 0.00691751
176 0.00685733
177 0.00687144
178 0.00683419
179 0.00677007
180 0.00675474
181 0.00673898
182 0.00669207
183 0.00673841
184 0.00663829
185 0.00665733
186 0.00666312
187 0.00658756
188 0.00658072
189 0.00650353
190 0.00651793
191 0.00650974
192 0.00651571
193 0.00646879
194 0.00642712
195 0.00641914
196 0.00636713
197 0.00632149
198 0.00632522
199 0.00629381
200 0.00631972
201 0.00626901
202 0.00626977
203 0.0061999
204 0.00620553
205 0.00615744
206 0.00617317
207 0.00612873
208 0.00612463
209 0.00611875
210 0.00609617
211 0.00605577
212 0.00605739
213 0.0060338
214 0.0059631
215 0.0059732
216 0.00594254
217 0.0058916
218 0.00588666
219 0.00589863
220 0.00583953
221 0.00589513
222 0.00581149
223 0.00579708
224 0.00575416
225 0.00580752
226 0.00575775
227 0.00571745
228 0.00571944
229 0.00568224
230 0.00569258
231 0.00569935
232 0.00566412
233 0.0056185
234 0.0056227
235 0.0055615
236 0.00557154
237 0.00557246
238 0.00554412
239 0.00554038
240 0.0054936
241 0.00548964
242 0.00550297
243 0.00547398
244 0.00546193
245 0.00540652
246 0.00539919
247 0.00537951
248 0.00536106
249 0.00539316
250 0.00536354
251 0.00533351
252 0.0053053
253 0.00533345
254 0.0053016
255 0.00527267
256 0.00525924
257 0.00523795
258 0.00521424
259 0.00521016
260 0.00520511
261 0.00520912
262 0.00514791
263 0.00517871
264 0.00513758
265 0.00514255
266 0.00512002
267 0.00512234
268 0.00511725
269 0.00506804
270 0.00508438
271 0.0050342
272 0.00501369
273 0.00501861
274 0.0049881
275 0.00499506
276 0.00496227
277 0.00495654
278 0.00496121
279 0.00491514
280 0.00493133
281 0.00491081
282 0.00489907
283 0.00489638
284 0.00485243
285 0.00488461
286 0.00486412
287 0.00482398
288 0.00484168
289 0.00481476
290 0.0047805
291 0.00477958
292 0.00478874
293 0.00476401
294 0.00472891
295 0.00473265
296 0.00471442
297 0.00472381
298 0.00471455
299 0.00469774
300 0.00466495
301 0.00465941
302 0.00462498
303 0.00467339
304 0.00465196
305 0.00460946
306 0.00461174
307 0.00460453
308 0.00457659
309 0.00456124
310 0.00458304
311 0.0045774
312 0.00455049
313 0.00455981
314 0.00453118
315 0.00452109
316 0.00449937
317 0.00451931
318 0.00449083
319 0.0044715
320 0.00446721
321 0.00442872
322 0.00444869
323 0.00443862
324 0.00441909
325 0.00440289
326 0.00438714
327 0.00442848
328 0.00438537
329 0.00436959
330 0.00435989
331 0.00435309
332 0.00433697
333 0.00436278
334 0.00433301
335 0.00431457
336 0.00432569
337 0.00427674
338 0.00430057
339 0.00426724
340 0.00428553
341 0.00422751
342 0.00424087
343 0.00425602
344 0.00422095
345 0.0042117
346 0.00419557
347 0.00419386
348 0.00419419
349 0.00421553
350 0.00417429
351 0.00418432
352 0.00414948
353 0.00417978
354 0.00415301
355 0.00415008
356 0.00411545
357 0.00412602
358 0.00412805
359 0.00411007
360 0.00409412
361 0.00407239
362 0.00407168
363 0.00408278
364 0.00405612
365 0.00405621
366 0.004053
367 0.00400959
368 0.00401422
369 0.00402592
370 0.00401512
371 0.00399098
372 0.00398023
373 0.0039883
374 0.00398272
375 0.00398149
376 0.00397586
377 0.00394427
378 0.00391272
379 0.00395819
380 0.00393747
381 0.00391642
382 0.00391178
383 0.00388295
384 0.00388739
385 0.00389705
386 0.00387422
387 0.00385894
388 0.00387552
389 0.00385296
390 0.00385459
391 0.00385483
392 0.00383777
393 0.00383644
394 0.003826
395 0.00379813
396 0.00378879
397 0.00379907
398 0.0037988
399 0.00379661
400 0.00377657
