1 0.49986
2 0.578299
3 0.577111
4 0.613829
5 0.617699
6 0.639104
7 0.641105
8 0.660776
9 0.660435
10 0.677234
11 0.681249
12 0.691255
13 0.691702
14 0.701774
15 0.706224
16 0.711086
17 0.716796
18 0.720339
19 0.724215
20 0.72943
21 0.731028
22 0.736233
23 0.738628
24 0.742706
25 0.744961
26 0.74901
27 0.750877
28 0.753867
29 0.756517
30 0.758578
31 0.760538
32 0.763842
33 0.767026
34 0.76884
35 0.770271
36 0.772024
37 0.774303
38 0.776988
39 0.777745
40 0.780369
41 0.780985
42 0.783907
43 0.784629
44 0.786312
45 0.787846
46 0.78955
47 0.791087
48 0.793208
49 0.794377
50 0.795829
51 0.79595
52 0.798923
53 0.799147
54 0.801079
55 0.801364
56 0.803348
57 0.803933
58 0.805961
59 0.805629
60 0.807351
61 0.808811
62 0.80977
63 0.81069
64 0.811948
65 0.812295
66 0.813641
67 0.814777
68 0.816218
69 0.816743
70 0.817717
71 0.818148
72 0.819513
73 0.820242
74 0.821234
75 0.822181
76 0.823576
77 0.823583
78 0.824333
79 0.824934
80 0.826334
81 0.827538
82 0.827532
83 0.82917
84 0.829438
85 0.829917
86 0.830577
87 0.831774
88 0.832005
89 0.832528
90 0.832709
91 0.83289
92 0.834638
93 0.835416
94 0.835267
95 0.836189
96 0.836646
97 0.837739
98 0.837824
99 0.839381
100 0.839434
101 0.840123
102 0.840571
103 0.84065
104 0.841591
105 0.84226
106 0.843293
107 0.84374
108 0.843288
109 0.844545
110 0.845149
111 0.845735
112 0.845601
113 0.846641
114 0.846834
115 0.847894
116 0.848349
117 0.848308
118 0.848944
119 0.84939
120 0.850132
121 0.850472
122 0.850977
123 0.851202
124 0.852384
125 0.852329
126 0.852749
127 0.85304
128 0.853062
129 0.853798
130 0.854394
131 0.854233
132 0.855218
133 0.855882
134 0.855916
135 0.855829
136 0.857029
137 0.85698
138 0.858084
139 0.857831
140 0.857913
141 0.858539
142 0.859405
143 0.859734
144 0.859534
145 0.860253
146 0.861055
147 0.860893
148 0.861672
149 0.861896
150 0.862158
151 0.862194
152 0.862966
153 0.863106
154 0.863054
155 0.863503
156 0.863995
157 0.863628
158 0.864374
159 0.865232
160 0.865469
161 0.865531
162 0.865712
163 0.866334
164 0.867195
165 0.866892
166 0.866981
167 0.867568
168 0.867962
169 0.868093
170 0.868086
171 0.868642
172 0.869062
173 0.869237
174 0.869429
175 0.869763
176 0.870495
177 0.870389
178 0.870325
179 0.871353
180 0.871402
181 0.871313
182 0.872501
183 0.871903
184 0.872355
185 0.872548
186 0.872632
187 0.873125
188 0.873471
189 0.874163
190 0.873332
191 0.874075
192 0.87404
193 0.8747
194 0.874843
195 0.874655
196 0.87533
197 0.876231
198 0.875829
199 0.876858
200 0.876011
201 0.876555
202 0.876397
203 0.877173
204 0.877131
205 0.877729
206 0.877274
207 0.877977
208 0.877672
209 0.878381
210 0.878026
211 0.878973
212 0.878551
213 0.879051
214 0.879664
215 0.879585
216 0.880082
217 0.880534
218 0.880699
219 0.880144
220 0.881103
221 0.880475
222 0.881418
223 0.881758
224 0.881921
225 0.881705
226 0.881862
227 0.882434
228 0.882455
229 0.882827
230 0.882749
231 0.882722
232 0.88318
233 0.883752
234 0.883892
235 0.88434
236 0.883982
237 0.884074
238 0.88443
239 0.884552
240 0.884678
241 0.88504
242 0.884997
243 0.885117
244 0.885147
245 0.886204
246 0.886149
247 0.886379
248 0.886654
249 0.886111
250 0.886427
251 0.886745
252 0.886856
253 0.886521
254 0.887112
255 0.88777
256 0.887637
257 0.887848
258 0.887904
259 0.888331
260 0.888414
261 0.888067
262 0.888889
263 0.888423
264 0.88926
265 0.888957
266 0.889153
267 0.889122
268 0.88916
269 0.889977
270 0.889564
271 0.890217
272 0.890521
273 0.890129
274 0.890852
275 0.89072
276 0.890838
277 0.891471
278 0.891435
279 0.892038
280 0.89125
281 0.89188
282 0.891742
283 0.891832
284 0.892409
285 0.892321
286 0.892328
287 0.892823
288 0.892314
289 0.8931
290 0.893357
291 0.893184
292 0.893195
293 0.89344
294 0.893765
295 0.893806
296 0.893994
297 0.893899
298 0.894099
299 0.89458
300 0.894657
301 0.894373
302 0.894988
303 0.894858
304 0.894954
305 0.895574
306 0.895161
307 0.895662
308 0.895632
309 0.895977
310 0.895629
311 0.89558
312 0.896141
313 0.895852
314 0.895752
315 0.896475
316 0.896212
317 0.896416
318 0.896392
319 0.897109
320 0.897293
321 0.897315
322 0.897602
323 0.897209
324 0.897578
325 0.897473
326 0.897913
327 0.897596
328 0.897885
329 0.898139
330 0.898388
331 0.898271
332 0.898859
333 0.898182
334 0.898816
335 0.898938
336 0.899028
337 0.899634
338 0.899089
339 0.899733
340 0.89951
341 0.89992
342 0.899736
343 0.900069
344 0.900182
345 0.900114
346 0.900206
347 0.900435
348 0.900422
349 0.900061
350 0.900588
351 0.900347
352 0.901134
353 0.900733
354 0.900877
355 0.901065
356 0.901215
357 0.901134
358 0.90124
359 0.901616
360 0.901326
361 0.901861
362 0.902122
363 0.901771
364 0.902128
365 0.902179
366 0.902329
367 0.902517
368 0.90287
369 0.902972
370 0.902904
371 0.902975
372 0.90297
373 0.903289
374 0.902956
375 0.903363
376 0.903188
377 0.903651
378 0.903811
379 0.903419
380 0.903825
381 0.904103
382 0.904045
383 0.90429
384 0.904358
385 0.904218
386 0.904659
387 0.904904
388 0.904716
389 0.904765
390 0.904869
391 0.905232
392 0.904855
393 0.905501
394 0.905417
395 0.905608
396 0.905768
397 0.905623
398 0.905415
399 0.905556
400 0.906221
