1 0.300277
2 0.309675
3 0.312562
4 0.316618
5 0.318709
6 0.321019
7 0.322977
8 0.324657
9 0.326119
10 0.327922
11 0.328845
12 0.330189
13 0.331169
14 0.33209
15 0.333052
16 0.334022
17 0.334927
18 0.33569
19 0.3364
20 0.337208
21 0.337906
22 0.338593
23 0.339171
24 0.339677
25 0.340298
26 0.340874
27 0.341364
28 0.341988
29 0.342378
30 0.342785
31 0.343121
32 0.343643
33 0.344027
34 0.344554
35 0.344799
36 0.345169
37 0.345711
38 0.346026
39 0.346278
40 0.346664
41 0.346969
42 0.347257
43 0.34747
44 0.347816
45 0.34818
46 0.348481
47 0.348717
48 0.349
49 0.349215
50 0.349484
51 0.349613
52 0.349922
53 0.35015
54 0.350401
55 0.350648
56 0.350903
57 0.351062
58 0.351324
59 0.351432
60 0.351667
61 0.351961
62 0.352121
63 0.352244
64 0.352454
65 0.352644
66 0.352836
67 0.353058
68 0.353219
69 0.353324
70 0.353522
71 0.353622
72 0.353858
73 0.354037
74 0.354145
75 0.354329
76 0.354505
77 0.354612
78 0.354703
79 0.354888
80 0.355039
81 0.355134
82 0.355334
83 0.355468
84 0.355628
85 0.355645
86 0.355749
87 0.355968
88 0.356128
89 0.356219
90 0.356203
91 0.356369
92 0.356527
93 0.356612
94 0.356681
95 0.356799
96 0.356954
97 0.357059
98 0.357108
99 0.357294
100 0.357357
101 0.357494
102 0.357703
103 0.357674
104 0.357833
105 0.357947
106 0.358082
107 0.358163
108 0.358184
109 0.358294
110 0.358405
111 0.358469
112 0.358494
113 0.358624
114 0.358748
115 0.358845
116 0.358965
117 0.358984
118 0.35909
119 0.359196
120 0.3593
121 0.359351
122 0.35941
123 0.359503
124 0.359561
125 0.359667
126 0.359698
127 0.359774
128 0.359837
129 0.359906
130 0.359999
131 0.360099
132 0.360164
133 0.36031
134 0.360274
135 0.360375
136 0.36052
137 0.360482
138 0.360594
139 0.360676
140 0.360686
141 0.360694
142 0.360853
143 0.360891
144 0.360967
145 0.361054
146 0.361081
147 0.361108
148 0.361147
149 0.36128
150 0.361338
151 0.361356
152 0.361441
153 0.36146
154 0.361567
155 0.361655
156 0.361677
157 0.361713
158 0.361747
159 0.361883
160 0.361943
161 0.361914
162 0.362004
163 0.362085
164 0.362132
165 0.36216
166 0.362196
167 0.362315
168 0.36234
169 0.36242
170 0.362446
171 0.362484
172 0.36252
173 0.36256
174 0.362619
175 0.362691
176 0.362741
177 0.362741
178 0.362793
179 0.362857
180 0.362935
181 0.362959
182 0.362999
183 0.363011
184 0.3631
185 0.363135
186 0.363124
187 0.363225
188 0.363246
189 0.363338
190 0.363318
191 0.363337
192 0.363397
193 0.363423
194 0.363465
195 0.363515
196 0.363565
197 0.363608
198 0.363629
199 0.363751
200 0.3637
201 0.363821
202 0.363808
203 0.363882
204 0.363904
205 0.364086
206 0.363966
207 0.364012
208 0.364011
209 0.364066
210 0.364115
211 0.364148
212 0.36416
213 0.364208
214 0.364281
215 0.364318
216 0.364312
217 0.364386
218 0.364386
219 0.364458
220 0.364502
221 0.364458
222 0.364543
223 0.364566
224 0.364664
225 0.364622
226 0.364701
227 0.364729
228 0.364749
229 0.364814
230 0.364798
231 0.364784
232 0.364837
233 0.364918
234 0.364925
235 0.36498
236 0.36502
237 0.365001
238 0.365099
239 0.365078
240 0.36511
241 0.365147
242 0.365153
243 0.365186
244 0.365202
245 0.365311
246 0.365315
247 0.365338
248 0.365376
249 0.365345
250 0.365394
251 0.365414
252 0.365478
253 0.365469
254 0.365513
255 0.365538
256 0.365572
257 0.365615
258 0.365671
259 0.365703
260 0.365695
261 0.365698
262 0.365779
263 0.365788
264 0.365822
265 0.365823
266 0.365822
267 0.365867
268 0.365886
269 0.365969
270 0.365921
271 0.366008
272 0.366058
273 0.366067
274 0.366112
275 0.366079
276 0.366136
277 0.366139
278 0.366144
279 0.366196
280 0.366179
281 0.366235
282 0.366239
283 0.366284
284 0.366347
285 0.366313
286 0.366336
287 0.366378
288 0.366418
289 0.366394
290 0.366479
291 0.366475
292 0.366471
293 0.366488
294 0.366582
295 0.366559
296 0.366593
297 0.36663
298 0.366622
299 0.366639
300 0.366669
301 0.366711
302 0.366733
303 0.366728
304 0.366749
305 0.366795
306 0.366841
307 0.366839
308 0.366854
309 0.366869
310 0.366889
311 0.366902
312 0.36693
313 0.366927
314 0.366957
315 0.36701
316 0.367001
317 0.36699
318 0.367066
319 0.367101
320 0.36712
321 0.367158
322 0.367128
323 0.367153
324 0.367189
325 0.367214
326 0.367236
327 0.367219
328 0.36728
329 0.367274
330 0.367303
331 0.36731
332 0.367364
333 0.367325
334 0.36741
335 0.367403
336 0.367406
337 0.36743
338 0.36746
339 0.36746
340 0.36744
341 0.367457
342 0.367527
343 0.367522
344 0.367555
345 0.367568
346 0.367588
347 0.36763
348 0.367622
349 0.367637
350 0.367631
351 0.367687
352 0.367721
353 0.367694
354 0.367734
355 0.367729
356 0.36779
357 0.367786
358 0.367788
359 0.367787
360 0.367847
361 0.367821
362 0.367871
363 0.367858
364 0.367902
365 0.367897
366 0.367934
367 0.367962
368 0.367957
369 0.367987
370 0.368006
371 0.36802
372 0.368065
373 0.368046
374 0.368068
375 0.368084
376 0.368058
377 0.36811
378 0.368142
379 0.36812
380 0.368145
381 0.368178
382 0.36817
383 0.368231
384 0.36823
385 0.368208
386 0.368259
387 0.368279
388 0.368241
389 0.368292
390 0.368282
391 0.368328
392 0.368347
393 0.368335
394 0.368348
395 0.368411
396 0.368397
397 0.36843
398 0.3684
399 0.368429
400 0.368465
