1 0.219984
2 0.219984
3 0.219984
4 0.219984
5 0.219984
6 0.219984
7 0.219984
8 0.219984
9 0.219984
10 0.219984
11 0.219984
12 0.218606
13 0.217425
14 0.215937
15 0.21465
16 0.213211
17 0.211985
18 0.210714
19 0.209603
20 0.208385
21 0.207411
22 0.206344
23 0.205167
24 0.203971
25 0.202675
26 0.201513
27 0.200293
28 0.199184
29 0.198043
30 0.196977
31 0.195883
32 0.195075
33 0.194127
34 0.193144
35 0.19232
36 0.191278
37 0.190264
38 0.189299
39 0.188313
40 0.187372
41 0.186509
42 0.185627
43 0.184765
44 0.183935
45 0.183186
46 0.182314
47 0.1815
48 0.180678
49 0.179858
50 0.179064
51 0.178281
52 0.177551
53 0.176762
54 0.176051
55 0.175254
56 0.174605
57 0.173924
58 0.173179
59 0.172484
60 0.171884
61 0.171165
62 0.170525
63 0.169818
64 0.169178
65 0.16853
66 0.167854
67 0.167212
68 0.166645
69 0.166042
70 0.165379
71 0.164804
72 0.164269
73 0.163673
74 0.163064
75 0.162482
76 0.161899
77 0.161288
78 0.160819
79 0.160233
80 0.159737
81 0.159167
82 0.158638
83 0.158153
84 0.157565
85 0.157041
86 0.15655
87 0.15607
88 0.155507
89 0.155001
90 0.15449
91 0.154126
92 0.153532
93 0.153203
94 0.152762
95 0.152188
96 0.151708
97 0.151259
98 0.150783
99 0.150382
100 0.149942
101 0.149544
102 0.148989
103 0.148588
104 0.148173
105 0.147838
106 0.147282
107 0.146866
108 0.146411
109 0.146038
110 0.145631
111 0.145173
112 0.144787
113 0.144492
114 0.144024
115 0.143666
116 0.143157
117 0.142879
118 0.142532
119 0.142097
120 0.141705
121 0.141379
122 0.140904
123 0.14055
124 0.140231
125 0.139908
126 0.139505
127 0.139101
128 0.138758
129 0.138369
130 0.138047
131 0.137642
132 0.137361
133 0.136894
134 0.13669
135 0.136291
136 0.135934
137 0.13559
138 0.135198
139 0.134952
140 0.134545
141 0.134295
142 0.133891
143 0.13364
144 0.133305
145 0.132969
146 0.132687
147 0.132386
148 0.132039
149 0.131725
150 0.131357
151 0.131102
152 0.130762
153 0.130488
154 0.130256
155 0.129937
156 0.129582
157 0.129301
158 0.128989
159 0.128685
160 0.128385
161 0.128062
162 0.127874
163 0.127493
164 0.127222
165 0.126919
166 0.126703
167 0.126383
168 0.126048
169 0.125796
170 0.125587
171 0.125285
172 0.125001
173 0.124709
174 0.12449
175 0.12425
176 0.124024
177 0.123656
178 0.123442
179 0.123184
180 0.122917
181 0.122635
182 0.122403
183 0.122097
184 0.121828
185 0.121695
186 0.121332
187 0.121077
188 0.120857
189 0.120619
190 0.120409
191 0.12015
192 0.119852
193 0.119673
194 0.119477
195 0.11915
196 0.118955
197 0.118645
198 0.11843
199 0.118187
200 0.118032
201 0.117735
202 0.117516
203 0.117197
204 0.11706
205 0.116883
206 0.116587
207 0.116369
208 0.116176
209 0.115958
210 0.115669
211 0.115523
212 0.115195
213 0.115026
214 0.114792
215 0.114574
216 0.114365
217 0.114131
218 0.113938
219 0.113689
220 0.113481
221 0.113304
222 0.113137
223 0.112874
224 0.112741
225 0.112483
226 0.112288
227 0.112064
228 0.111874
229 0.111606
230 0.111477
231 0.111223
232 0.111013
233 0.110855
234 0.110582
235 0.110422
236 0.110261
237 0.109995
238 0.109757
239 0.109636
240 0.109526
241 0.109214
242 0.109124
243 0.10886
244 0.10864
245 0.108482
246 0.108273
247 0.107976
248 0.107943
249 0.107668
250 0.107504
251 0.107376
252 0.107194
253 0.106942
254 0.106707
255 0.106589
256 0.106367
257 0.106294
258 0.106017
259 0.105816
260 0.105607
261 0.105451
262 0.105305
263 0.105104
264 0.104959
265 0.104815
266 0.104597
267 0.104509
268 0.104292
269 0.104057
270 0.103963
271 0.103762
272 0.103525
273 0.103354
274 0.10321
275 0.103067
276 0.102861
277 0.10274
278 0.102621
279 0.102421
280 0.102178
281 0.101993
282 0.101794
283 0.101764
284 0.101471
285 0.101372
286 0.101225
287 0.101047
288 0.100887
289 0.100757
290 0.100533
291 0.100431
292 0.100218
293 0.100056
294 0.099927
295 0.0997614
296 0.0995118
297 0.0994396
298 0.0992905
299 0.0991049
300 0.0990109
301 0.098821
302 0.0986506
303 0.0985568
304 0.0983562
305 0.098202
306 0.0980685
307 0.0979388
308 0.0976707
309 0.0976551
310 0.0973386
311 0.0973218
312 0.0971594
313 0.0969491
314 0.0968838
315 0.0966532
316 0.0965376
317 0.0963868
318 0.0963166
319 0.0960543
320 0.0960234
321 0.0957824
322 0.0956276
323 0.0955957
324 0.0953648
325 0.0952304
326 0.0950225
327 0.0949152
328 0.0948072
329 0.0946884
330 0.0945342
331 0.0943551
332 0.094289
333 0.094157
334 0.0939968
335 0.0938762
336 0.0936987
337 0.0935234
338 0.0934414
339 0.0933412
340 0.0931498
341 0.0930013
342 0.0929003
343 0.0927696
344 0.0926604
345 0.0924366
346 0.0923351
347 0.0922475
348 0.0921037
349 0.0918687
350 0.0917937
351 0.0917222
352 0.091497
353 0.0914076
354 0.0912702
355 0.0911688
356 0.0910584
357 0.0908254
358 0.0907921
359 0.0906572
360 0.0905872
361 0.0904024
362 0.090137
363 0.0901544
364 0.090005
365 0.0898991
366 0.0897172
367 0.0897113
368 0.0895373
369 0.0893977
370 0.0893267
371 0.0891608
372 0.0889858
373 0.088861
374 0.088804
375 0.0887045
376 0.0885244
377 0.0883637
378 0.0882794
379 0.088155
380 0.0880614
381 0.0879045
382 0.0877879
383 0.0877154
384 0.0875582
385 0.0874791
386 0.0873476
387 0.0872114
388 0.0871371
389 0.0870505
390 0.0868328
391 0.0867641
392 0.0866265
393 0.0864821
394 0.0863477
395 0.0863289
396 0.0862046
397 0.0861201
398 0.0859149
399 0.0858919
400 0.0858032
