1 0.219984
2 0.219984
3 0.219984
4 0.219984
5 0.219984
6 0.219984
7 0.219984
8 0.219984
9 0.219984
10 0.219984
11 0.219984
12 0.203443
13 0.203329
14 0.196503
15 0.19652
16 0.19215
17 0.192193
18 0.189001
19 0.189074
20 0.186624
21 0.18669
22 0.184758
23 0.178859
24 0.175777
25 0.173179
26 0.171351
27 0.169455
28 0.168105
29 0.166645
30 0.165478
31 0.164291
32 0.163391
33 0.162305
34 0.159348
35 0.156939
36 0.155217
37 0.153552
38 0.152214
39 0.150721
40 0.149757
41 0.148721
42 0.147617
43 0.146688
44 0.145781
45 0.144119
46 0.142364
47 0.141037
48 0.139742
49 0.138737
50 0.137549
51 0.136409
52 0.135544
53 0.134522
54 0.133776
55 0.132767
56 0.131732
57 0.130608
58 0.129492
59 0.128556
60 0.127735
61 0.126675
62 0.125825
63 0.124726
64 0.12398
65 0.123187
66 0.122302
67 0.121397
68 0.120672
69 0.119737
70 0.118919
71 0.118055
72 0.117415
73 0.116593
74 0.115864
75 0.114982
76 0.114267
77 0.113551
78 0.112918
79 0.11216
80 0.111429
81 0.110804
82 0.110122
83 0.109376
84 0.108563
85 0.107985
86 0.107414
87 0.106777
88 0.106044
89 0.105381
90 0.104831
91 0.104266
92 0.10347
93 0.103026
94 0.102376
95 0.101644
96 0.10103
97 0.100551
98 0.0999444
99 0.0993821
100 0.0989713
101 0.0984228
102 0.0976653
103 0.0970915
104 0.096679
105 0.0962761
106 0.0955486
107 0.0950247
108 0.0944336
109 0.0939182
110 0.0935175
111 0.0928736
112 0.0924237
113 0.092113
114 0.091522
115 0.0909442
116 0.090466
117 0.0901046
118 0.0897751
119 0.0890622
120 0.0887311
121 0.0882079
122 0.0876872
123 0.0873665
124 0.0868449
125 0.0863971
126 0.0860504
127 0.0855527
128 0.0851235
129 0.0846263
130 0.0842285
131 0.0837835
132 0.0834838
133 0.0829373
134 0.0826025
135 0.0821729
136 0.0816424
137 0.0812863
138 0.0809406
139 0.0806131
140 0.0801578
141 0.0798319
142 0.0793598
143 0.0790092
144 0.0785708
145 0.0782496
146 0.0779705
147 0.0775639
148 0.0771567
149 0.0767421
150 0.0763816
151 0.0760471
152 0.0756977
153 0.0752964
154 0.075135
155 0.0746949
156 0.0743216
157 0.0739826
158 0.0735186
159 0.0732311
160 0.0729286
161 0.0725401
162 0.0722875
163 0.0718248
164 0.0715267
165 0.0711432
166 0.0709334
167 0.0705106
168 0.0701953
169 0.0698817
170 0.0696775
171 0.0692995
172 0.0689507
173 0.0686616
174 0.0684226
175 0.0680337
176 0.0679008
177 0.0674345
178 0.067323
179 0.066969
180 0.0665977
181 0.0664048
182 0.0659688
183 0.0657474
184 0.0653645
185 0.0651525
186 0.0648286
187 0.0645389
188 0.0642748
189 0.0640284
190 0.0638525
191 0.0634455
192 0.0631554
193 0.0628879
194 0.0627894
195 0.0623753
196 0.0621446
197 0.0619458
198 0.0616394
199 0.0612916
200 0.0611626
201 0.0607938
202 0.0605371
203 0.0600959
204 0.0600269
205 0.0598395
206 0.0595628
207 0.0593832
208 0.0591191
209 0.0588087
210 0.0585166
211 0.0583767
212 0.0579893
213 0.0577539
214 0.0576372
215 0.0573554
216 0.0571736
217 0.0568391
218 0.0566869
219 0.0563314
220 0.0561498
221 0.0560053
222 0.0558363
223 0.0554394
224 0.0553228
225 0.0550933
226 0.0548944
227 0.0546926
228 0.0544865
229 0.0541966
230 0.0540138
231 0.0537621
232 0.0535905
233 0.0533675
234 0.0530712
235 0.052921
236 0.0527129
237 0.0524402
238 0.0522175
239 0.0521526
240 0.0520646
241 0.0517883
242 0.0515745
243 0.0513506
244 0.0511061
245 0.050967
246 0.0507622
247 0.0504797
248 0.0504321
249 0.0501804
250 0.0499689
251 0.0498111
252 0.0496056
253 0.0493941
254 0.0492196
255 0.0490823
256 0.0489076
257 0.0488108
258 0.0485785
259 0.0483373
260 0.048142
261 0.047937
262 0.0478703
263 0.0476402
264 0.047476
265 0.047346
266 0.0471499
267 0.0471021
268 0.0468849
269 0.0466151
270 0.0465683
271 0.0463966
272 0.0461017
273 0.0459292
274 0.0458445
275 0.0456859
276 0.0455453
277 0.0453978
278 0.0453048
279 0.0450993
280 0.0449172
281 0.0447098
282 0.0445166
283 0.0445071
284 0.0442241
285 0.044095
286 0.0439663
287 0.0438571
288 0.0436782
289 0.0436341
290 0.0433674
291 0.0432383
292 0.043059
293 0.0429594
294 0.0428226
295 0.042685
296 0.0425254
297 0.042326
298 0.0423514
299 0.0421121
300 0.0420021
301 0.0418522
302 0.0416939
303 0.0416017
304 0.0414888
305 0.0413405
306 0.0412019
307 0.0410554
308 0.0408704
309 0.0408245
310 0.0405697
311 0.0405813
312 0.0404095
313 0.0401738
314 0.040193
315 0.0399674
316 0.0398462
317 0.0397823
318 0.0397118
319 0.0394647
320 0.0394342
321 0.0392512
322 0.0390735
323 0.0391107
324 0.0389136
325 0.0388466
326 0.0387225
327 0.0385588
328 0.0384868
329 0.0384059
330 0.0382413
331 0.0380911
332 0.0380438
333 0.0379219
334 0.0377822
335 0.0376529
336 0.0375199
337 0.0374264
338 0.0374017
339 0.0373155
340 0.0371971
341 0.0370289
342 0.0369423
343 0.03689
344 0.0367392
345 0.0366406
346 0.0365007
347 0.036432
348 0.0363426
349 0.0361132
350 0.0360407
351 0.036059
352 0.035918
353 0.0358261
354 0.0356535
355 0.0355672
356 0.035554
357 0.0353565
358 0.0353233
359 0.0352554
360 0.0351589
361 0.0350465
362 0.0348412
363 0.034771
364 0.0347569
365 0.0346041
366 0.0345416
367 0.0344815
368 0.034375
369 0.0342722
370 0.0341965
371 0.0341277
372 0.0339892
373 0.0338715
374 0.0338247
375 0.0337698
376 0.0336363
377 0.033493
378 0.0334285
379 0.0333283
380 0.0333005
381 0.033204
382 0.0330635
383 0.0330087
384 0.032941
385 0.0328966
386 0.0327952
387 0.032703
388 0.0325973
389 0.0325349
390 0.0324377
391 0.0323763
392 0.0322971
393 0.0321389
394 0.0320396
395 0.0321068
396 0.0319731
397 0.0319496
398 0.0317452
399 0.0317859
400 0.0316523
