23 0.829541
24 0.848014
25 0.760337
26 0.762991
27 0.717361
28 0.723895
29 0.691803
30 0.696347
31 0.671729
32 0.670687
33 0.6468
34 0.598488
35 0.57326
36 0.550116
37 0.530497
38 0.519308
39 0.501816
40 0.495963
41 0.483395
42 0.477218
43 0.463131
44 0.457192
45 0.4323
46 0.418659
47 0.402883
48 0.392168
49 0.381109
50 0.371536
51 0.363216
52 0.356129
53 0.34684
54 0.34099
55 0.331885
56 0.322196
57 0.312336
58 0.305027
59 0.295868
60 0.289583
61 0.282163
62 0.276561
63 0.26879
64 0.263941
65 0.257174
66 0.251491
67 0.245726
68 0.240073
69 0.234085
70 0.228727
71 0.222958
72 0.219172
73 0.214498
74 0.21031
75 0.205199
76 0.20124
77 0.197309
78 0.192783
79 0.188753
80 0.186028
81 0.181465
82 0.178104
83 0.175009
84 0.1716
85 0.16851
86 0.165393
87 0.162863
88 0.159551
89 0.156739
90 0.154504
91 0.151579
92 0.148367
93 0.146263
94 0.143814
95 0.141465
96 0.138963
97 0.137317
98 0.134978
99 0.132629
100 0.131073
101 0.128903
102 0.126745
103 0.124814
104 0.123815
105 0.122402
106 0.120192
107 0.118302
108 0.117129
109 0.115399
110 0.11407
111 0.112351
112 0.110843
113 0.109869
114 0.108369
115 0.107224
116 0.106025
117 0.104814
118 0.10386
119 0.102627
120 0.101461
121 0.100341
122 0.0992374
123 0.0985222
124 0.0973426
125 0.096147
126 0.0954246
127 0.0944982
128 0.0936817
129 0.0926945
130 0.0920063
131 0.0911112
132 0.0905817
133 0.0895179
134 0.0888737
135 0.0882001
136 0.087157
137 0.0865549
138 0.085957
139 0.0852922
140 0.0846102
141 0.0840991
142 0.0835324
143 0.0828866
144 0.0819792
145 0.0815832
146 0.081114
147 0.0804434
148 0.0797806
149 0.0792423
150 0.0786398
151 0.0781851
152 0.0777918
153 0.0770846
154 0.0768991
155 0.076247
156 0.0757548
157 0.0753654
158 0.0747609
159 0.0742933
160 0.073979
161 0.0734616
162 0.0731127
163 0.0726298
164 0.0722102
165 0.0717179
166 0.0713842
167 0.0709587
168 0.070452
169 0.0701165
170 0.0698377
171 0.0694887
172 0.0690833
173 0.0687179
174 0.0683845
175 0.0679297
176 0.0678179
177 0.0672862
178 0.0670903
179 0.0667442
180 0.0663286
181 0.0660695
182 0.0656932
183 0.0654483
184 0.06503
185 0.0647116
186 0.0644511
187 0.0641318
188 0.0638888
189 0.0636066
190 0.0633531
191 0.0629738
192 0.0626845
193 0.0624055
194 0.0622447
195 0.0618977
196 0.0616673
197 0.0613765
198 0.0610781
199 0.0607426
200 0.0605984
201 0.0602229
202 0.0599625
203 0.0595255
204 0.0594345
205 0.0592608
206 0.0589456
207 0.0587773
208 0.0585239
209 0.0582541
210 0.0579069
211 0.0578028
212 0.0574305
213 0.0571831
214 0.0570578
215 0.0567322
216 0.0566056
217 0.0563101
218 0.0561241
219 0.0557467
220 0.0555757
221 0.0554492
222 0.0552937
223 0.0548743
224 0.05474
225 0.0545327
226 0.0543767
227 0.0541191
228 0.053961
229 0.0536849
230 0.0534691
231 0.0532508
232 0.0530754
233 0.0529009
234 0.052583
235 0.0524195
236 0.0522352
237 0.0519728
238 0.0517133
239 0.0516607
240 0.0515801
241 0.0512662
242 0.0511555
243 0.0508875
244 0.0506434
245 0.050506
246 0.0502965
247 0.0500203
248 0.0499641
249 0.0497334
250 0.0495574
251 0.0494021
252 0.0491692
253 0.0489533
254 0.048809
255 0.0486304
256 0.0484811
257 0.0484071
258 0.0481531
259 0.0479331
260 0.047701
261 0.047538
262 0.0474796
263 0.0472737
264 0.0470951
265 0.0469343
266 0.0467772
267 0.0467499
268 0.0464882
269 0.0462276
270 0.0461971
271 0.0460618
272 0.0457296
273 0.0455532
274 0.0454788
275 0.0453397
276 0.0452095
277 0.0450346
278 0.0449818
279 0.044762
280 0.0445688
281 0.0443513
282 0.0442002
283 0.0442059
284 0.0439042
285 0.0437633
286 0.0436612
287 0.0435256
288 0.0433654
289 0.0433192
290 0.0430787
291 0.0429227
292 0.0427769
293 0.0426495
294 0.0425115
295 0.042389
296 0.0422126
297 0.0420326
298 0.042064
299 0.0418408
300 0.0417248
301 0.0415683
302 0.0414201
303 0.0413197
304 0.0412149
305 0.041067
306 0.0409329
307 0.0407792
308 0.0405999
309 0.0405505
310 0.0403208
311 0.0403121
312 0.0401382
313 0.0398893
314 0.0399222
315 0.0397092
316 0.039593
317 0.0395254
318 0.0394756
319 0.0392246
320 0.0391806
321 0.039009
322 0.0388311
323 0.0388821
324 0.0386882
325 0.0386273
326 0.0384667
327 0.038313
328 0.0382777
329 0.0381597
330 0.0380263
331 0.0378588
332 0.0378112
333 0.0376767
334 0.0375383
335 0.037408
336 0.0373059
337 0.0372083
338 0.0372035
339 0.0371056
340 0.0369728
341 0.036823
342 0.0367326
343 0.0366774
344 0.03654
345 0.0364155
346 0.0362978
347 0.0362488
348 0.0361159
349 0.0358991
350 0.0358439
351 0.0358745
352 0.0357214
353 0.035614
354 0.0354822
355 0.0353705
356 0.035366
357 0.0351685
358 0.0351283
359 0.0350599
360 0.0349586
361 0.0348652
362 0.034644
363 0.034582
364 0.0345693
365 0.0344224
366 0.034362
367 0.0343043
368 0.034203
369 0.034123
370 0.0340239
371 0.0339561
372 0.0338276
373 0.0336868
374 0.0336518
375 0.0336034
376 0.0334565
377 0.033319
378 0.0332727
379 0.0331606
380 0.0331465
381 0.0330512
382 0.032911
383 0.0328285
384 0.0327753
385 0.0327534
386 0.0326474
387 0.0325607
388 0.0324615
389 0.0323862
390 0.0322968
391 0.0322117
392 0.0321448
393 0.0320012
394 0.0318829
395 0.0319492
396 0.0318317
397 0.0317974
398 0.0316085
399 0.0316359
400 0.0315262
