1 0.5
2 0.36493
3 0.307329
4 0.273756
5 0.251804
6 0.235759
7 0.223425
8 0.213994
9 0.206641
10 0.200242
11 0.194711
12 0.186698
13 0.181206
14 0.173379
15 0.169138
16 0.164384
17 0.160956
18 0.15754
19 0.154798
20 0.152587
21 0.150039
22 0.14845
23 0.146108
24 0.144032
25 0.141874
26 0.140001
27 0.138188
28 0.13648
29 0.135178
30 0.133809
31 0.132485
32 0.131236
33 0.130213
34 0.129158
35 0.128081
36 0.126654
37 0.125787
38 0.124927
39 0.124013
40 0.123138
41 0.122405
42 0.121382
43 0.120733
44 0.120118
45 0.11944
46 0.118554
47 0.117755
48 0.117155
49 0.116637
50 0.11615
51 0.115661
52 0.114886
53 0.114449
54 0.113564
55 0.113412
56 0.112838
57 0.112517
58 0.112036
59 0.111346
60 0.110919
61 0.110459
62 0.109899
63 0.109415
64 0.108789
65 0.108933
66 0.108443
67 0.108043
68 0.1077
69 0.10723
70 0.107004
71 0.106473
72 0.106109
73 0.10554
74 0.105417
75 0.105102
76 0.10507
77 0.104604
78 0.104282
79 0.10425
80 0.103842
81 0.103401
82 0.103491
83 0.102992
84 0.102646
85 0.10271
86 0.102228
87 0.102033
88 0.101744
89 0.101503
90 0.101205
91 0.100994
92 0.100634
93 0.10036
94 0.10021
95 0.100106
96 0.0996928
97 0.0995079
98 0.0994935
99 0.0991992
100 0.0989893
101 0.0987501
102 0.0989322
103 0.0984177
104 0.0983746
105 0.0980446
106 0.0977982
107 0.0977767
108 0.0974716
109 0.0971692
110 0.0973299
111 0.0968846
112 0.0968049
113 0.0964638
114 0.0963361
115 0.0962431
116 0.0962626
117 0.0961065
118 0.0959729
119 0.0957514
120 0.0954958
121 0.0953074
122 0.0952367
123 0.0951884
124 0.0950262
125 0.0946781
126 0.0944594
127 0.0944637
128 0.0942784
129 0.0941674
130 0.0939299
131 0.0939123
132 0.0939223
133 0.0935841
134 0.0935594
135 0.0934663
136 0.0931943
137 0.0931599
138 0.0929557
139 0.0926931
140 0.0927988
141 0.0925786
142 0.0925182
143 0.0924773
144 0.0921709
145 0.0922519
146 0.0919939
147 0.0918327
148 0.0918097
149 0.0915581
150 0.0915132
151 0.0913694
152 0.0911943
153 0.0911605
154 0.0910687
155 0.091088
156 0.0908403
157 0.0907228
158 0.0907325
159 0.090536
160 0.0905085
161 0.0903352
162 0.0901823
163 0.0901309
164 0.0901545
165 0.0899793
166 0.089784
167 0.0897548
168 0.0895662
169 0.0895163
170 0.0901575
171 0.089931
172 0.0891393
173 0.0891443
174 0.0891297
175 0.0892296
176 0.0889741
177 0.0888663
178 0.088654
179 0.0888154
180 0.08858
181 0.0885196
182 0.0884716
183 0.088358
184 0.0882149
185 0.0881429
186 0.0877708
187 0.0882802
188 0.0878411
189 0.0878221
190 0.087795
191 0.0876298
192 0.0874049
193 0.0876422
194 0.0874765
195 0.0875543
196 0.0874538
197 0.0874027
198 0.0871273
199 0.0871656
200 0.0870657
201 0.0869108
202 0.0868123
203 0.0869537
204 0.0865572
205 0.0870439
206 0.0864723
207 0.086657
208 0.0865214
209 0.086253
210 0.0861536
211 0.0863771
212 0.0861007
213 0.0858903
214 0.0862357
215 0.0859786
216 0.0858509
217 0.085883
218 0.0857658
219 0.0856072
220 0.0857304
221 0.0855743
222 0.0854599
223 0.0854164
224 0.0854626
225 0.0851773
226 0.0852374
227 0.0853437
228 0.0851409
229 0.0850768
230 0.085
231 0.0849062
232 0.0850689
233 0.0850149
234 0.0847418
235 0.0847829
236 0.0847175
237 0.0845946
238 0.0844757
239 0.0845772
240 0.0843786
241 0.0843936
242 0.0843408
243 0.0842757
244 0.0842899
245 0.0843137
246 0.0842336
247 0.0840909
248 0.0841145
249 0.0840007
250 0.0840603
251 0.0838064
252 0.0837643
253 0.0837852
254 0.0837087
255 0.0844972
256 0.0836061
257 0.0826458
258 0.0833791
259 0.0833727
260 0.0832919
261 0.0831762
262 0.0831986
263 0.0833877
264 0.0832693
265 0.0830306
266 0.0830873
267 0.0832206
268 0.083057
269 0.0827955
270 0.0827158
271 0.0826397
272 0.0827705
273 0.0827536
274 0.0827143
275 0.0826889
276 0.082515
277 0.0825827
278 0.0822143
279 0.082489
280 0.0824541
281 0.0822964
282 0.0822723
283 0.0821701
284 0.0822279
285 0.0821119
286 0.0821766
287 0.0819976
288 0.0819391
289 0.0820396
290 0.0822174
291 0.0817683
292 0.0818965
293 0.0817341
294 0.0817098
295 0.081581
296 0.0815934
297 0.0816471
298 0.0815607
299 0.0815791
300 0.0815064
301 0.0814047
302 0.0813778
303 0.0813369
304 0.0811735
305 0.0813325
306 0.0811787
307 0.0808375
308 0.0811142
309 0.0809331
310 0.0810742
311 0.0809756
312 0.0810185
313 0.080873
314 0.0808752
315 0.0808996
316 0.0808076
317 0.0808231
318 0.0806865
319 0.0808402
320 0.0805505
321 0.0808157
322 0.0805107
323 0.0805782
324 0.0805109
325 0.0804478
326 0.080339
327 0.0803347
328 0.0804463
329 0.0802764
330 0.0803367
331 0.0800703
332 0.0802172
333 0.0802073
334 0.0800156
335 0.0801345
336 0.0799416
337 0.0800141
338 0.0800096
339 0.0799753
340 0.0799181
341 0.0797186
342 0.0798426
343 0.0800122
344 0.0798329
345 0.0798261
346 0.0796454
347 0.0797206
348 0.0795743
349 0.0796215
350 0.0796237
351 0.0797668
352 0.0794699
353 0.0794504
354 0.0796202
355 0.0795033
356 0.0794795
357 0.0792186
358 0.0793061
359 0.0794114
360 0.0792384
361 0.0793342
362 0.0790607
363 0.0791528
364 0.0791821
365 0.0791693
366 0.0789475
367 0.0789911
368 0.079136
369 0.078943
370 0.0789143
371 0.0790194
372 0.0789047
373 0.0788427
374 0.0789975
375 0.0787243
376 0.0787165
377 0.0789026
378 0.0786362
379 0.0786133
380 0.0787105
381 0.0785754
382 0.0784926
383 0.0786298
384 0.0785754
385 0.0783794
386 0.0785378
387 0.0784473
388 0.0784856
389 0.0785336
390 0.0783222
391 0.0783849
392 0.0783142
393 0.0784398
394 0.0782373
395 0.0783024
396 0.0781921
397 0.078142
398 0.0782963
399 0.0779702
400 0.0780773
