1 0.499713
2 0.49949
3 0.499554
4 0.499611
5 0.500304
6 0.499078
7 0.499995
8 0.499624
9 0.499925
10 0.500126
11 0.500065
12 0.516167
13 0.516168
14 0.523464
15 0.524405
16 0.528494
17 0.527998
18 0.530482
19 0.531312
20 0.533519
21 0.533709
22 0.535808
23 0.540987
24 0.544947
25 0.547928
26 0.549063
27 0.551238
28 0.551745
29 0.553332
30 0.55467
31 0.555559
32 0.556827
33 0.558229
34 0.561172
35 0.563459
36 0.56477
37 0.566282
38 0.568004
39 0.569274
40 0.570091
41 0.570672
42 0.572971
43 0.573682
44 0.573815
45 0.575616
46 0.577712
47 0.579417
48 0.579808
49 0.581076
50 0.582238
51 0.583577
52 0.585307
53 0.585169
54 0.586718
55 0.58773
56 0.588099
57 0.589403
58 0.590296
59 0.591049
60 0.59219
61 0.593874
62 0.594675
63 0.595245
64 0.595592
65 0.596605
66 0.598158
67 0.599545
68 0.600123
69 0.601143
70 0.601281
71 0.601865
72 0.602802
73 0.603833
74 0.604136
75 0.605895
76 0.605567
77 0.606381
78 0.606429
79 0.607495
80 0.60889
81 0.609177
82 0.610241
83 0.610216
84 0.610682
85 0.612599
86 0.612703
87 0.612799
88 0.61388
89 0.615536
90 0.61495
91 0.61521
92 0.616858
93 0.616988
94 0.617846
95 0.618789
96 0.618584
97 0.619287
98 0.620875
99 0.620546
100 0.621474
101 0.622221
102 0.621985
103 0.622672
104 0.623166
105 0.623746
106 0.624098
107 0.624921
108 0.6254
109 0.6259
110 0.626551
111 0.627623
112 0.627387
113 0.627166
114 0.629017
115 0.628795
116 0.629742
117 0.629427
118 0.630549
119 0.631295
120 0.632106
121 0.632156
122 0.632266
123 0.632308
124 0.633251
125 0.633408
126 0.633809
127 0.634404
128 0.634355
129 0.634678
130 0.635461
131 0.63634
132 0.636858
133 0.637059
134 0.63834
135 0.638154
136 0.639273
137 0.637386
138 0.638968
139 0.638701
140 0.639709
141 0.639238
142 0.640152
143 0.640101
144 0.641803
145 0.641569
146 0.643266
147 0.642297
148 0.643318
149 0.643795
150 0.643711
151 0.64365
152 0.644304
153 0.64463
154 0.64505
155 0.64551
156 0.645841
157 0.645683
158 0.646637
159 0.646645
160 0.647063
161 0.648271
162 0.647149
163 0.647763
164 0.648833
165 0.647175
166 0.648929
167 0.649861
168 0.649617
169 0.650356
170 0.650253
171 0.649818
172 0.651766
173 0.651852
174 0.650779
175 0.651641
176 0.652009
177 0.653172
178 0.652484
179 0.653245
180 0.653853
181 0.6541
182 0.65367
183 0.654042
184 0.654306
185 0.655044
186 0.655068
187 0.655343
188 0.656091
189 0.65604
190 0.6566
191 0.656789
192 0.657026
193 0.657721
194 0.656906
195 0.657877
196 0.658455
197 0.658081
198 0.657333
199 0.659321
200 0.659347
201 0.659796
202 0.658777
203 0.660764
204 0.660182
205 0.661349
206 0.660014
207 0.659919
208 0.660977
209 0.661565
210 0.661522
211 0.661825
212 0.662257
213 0.662342
214 0.66246
215 0.66325
216 0.662655
217 0.663594
218 0.662726
219 0.663401
220 0.664546
221 0.663989
222 0.663809
223 0.664698
224 0.664475
225 0.664199
226 0.665482
227 0.665171
228 0.665658
229 0.66517
230 0.666605
231 0.667397
232 0.666253
233 0.666834
234 0.66708
235 0.66707
236 0.666875
237 0.667749
238 0.667762
239 0.668404
240 0.667331
241 0.668129
242 0.668461
243 0.670004
244 0.668757
245 0.668723
246 0.66889
247 0.668485
248 0.669183
249 0.669803
250 0.670314
251 0.670101
252 0.670939
253 0.670808
254 0.670607
255 0.671315
256 0.67152
257 0.671268
258 0.67119
259 0.671534
260 0.672385
261 0.671799
262 0.671683
263 0.672902
264 0.673184
265 0.672336
266 0.672677
267 0.673017
268 0.673072
269 0.673363
270 0.673342
271 0.672792
272 0.674003
273 0.67515
274 0.673441
275 0.674423
276 0.674785
277 0.674391
278 0.674884
279 0.674865
280 0.675646
281 0.67492
282 0.675352
283 0.675021
284 0.676032
285 0.675609
286 0.675538
287 0.676749
288 0.676377
289 0.676614
290 0.676248
291 0.677295
292 0.676766
293 0.676733
294 0.677258
295 0.67708
296 0.67805
297 0.677252
298 0.67719
299 0.677125
300 0.677069
301 0.678283
302 0.678439
303 0.678494
304 0.678601
305 0.679246
306 0.678831
307 0.679452
308 0.678673
309 0.679841
310 0.679792
311 0.680415
312 0.679744
313 0.679763
314 0.679769
315 0.678936
316 0.680753
317 0.680487
318 0.680813
319 0.680018
320 0.680223
321 0.682446
322 0.68081
323 0.681797
324 0.681436
325 0.681197
326 0.681442
327 0.68127
328 0.681229
329 0.681865
330 0.681516
331 0.682641
332 0.68248
333 0.682659
334 0.682457
335 0.68274
336 0.682008
337 0.682618
338 0.682234
339 0.682711
340 0.683211
341 0.683644
342 0.682918
343 0.68257
344 0.68332
345 0.683104
346 0.683188
347 0.683463
348 0.68281
349 0.683316
350 0.683973
351 0.684055
352 0.684495
353 0.683925
354 0.684475
355 0.684628
356 0.684374
357 0.684787
358 0.684663
359 0.684818
360 0.685003
361 0.685309
362 0.685957
363 0.685734
364 0.685603
365 0.685793
366 0.68579
367 0.685924
368 0.685896
369 0.686263
370 0.686285
371 0.685258
372 0.685482
373 0.686376
374 0.68572
375 0.686742
376 0.686879
377 0.686262
378 0.686341
379 0.687133
380 0.687792
381 0.687407
382 0.686669
383 0.68684
384 0.687551
385 0.687761
386 0.687855
387 0.687271
388 0.687581
389 0.68758
390 0.68723
391 0.688344
392 0.688463
393 0.687673
394 0.68776
395 0.688724
396 0.687718
397 0.688444
398 0.688806
399 0.688296
400 0.688675
