1 0.0780144
2 0.0779998
3 0.0779768
4 0.077953
5 0.0779568
6 0.0779678
7 0.0770717
8 0.0758156
9 0.0743817
10 0.0729057
11 0.0714379
12 0.0699914
13 0.0686143
14 0.0672925
15 0.0660325
16 0.0648388
17 0.0637107
18 0.0626374
19 0.0616127
20 0.0606397
21 0.0597057
22 0.0588135
23 0.0579567
24 0.0571378
25 0.0563519
26 0.0555973
27 0.0548736
28 0.0541742
29 0.0535046
30 0.0528551
31 0.0522261
32 0.0516215
33 0.0510347
34 0.0504662
35 0.0499141
36 0.0493796
37 0.0488619
38 0.0483606
39 0.0478723
40 0.0473953
41 0.0469339
42 0.0464853
43 0.0460461
44 0.045622
45 0.0452048
46 0.0448026
47 0.0444072
48 0.044022
49 0.0436444
50 0.0432779
51 0.0429186
52 0.0425656
53 0.0422227
54 0.0418865
55 0.0415577
56 0.0412348
57 0.0409197
58 0.0406107
59 0.04031
60 0.040013
61 0.0397242
62 0.0394401
63 0.0391612
64 0.0388869
65 0.0386186
66 0.0383555
67 0.038097
68 0.0378429
69 0.0375939
70 0.0373485
71 0.0371072
72 0.0368704
73 0.0366376
74 0.0364085
75 0.0361845
76 0.0359631
77 0.0357455
78 0.0355322
79 0.0353204
80 0.0351132
81 0.0349098
82 0.0347089
83 0.0345112
84 0.0343166
85 0.0341233
86 0.0339341
87 0.0337478
88 0.0335641
89 0.0333823
90 0.033204
91 0.033028
92 0.0328535
93 0.0326821
94 0.0325131
95 0.032346
96 0.0321818
97 0.0320198
98 0.0318593
99 0.0317012
100 0.0315449
101 0.0313909
102 0.0312382
103 0.0310885
104 0.0309401
105 0.0307937
106 0.0306491
107 0.0305065
108 0.0303653
109 0.0302266
110 0.0300887
111 0.0299525
112 0.0298179
113 0.0296848
114 0.0295533
115 0.0294233
116 0.029295
117 0.0291678
118 0.0290421
119 0.0289182
120 0.0287955
121 0.0286745
122 0.0285546
123 0.028436
124 0.0283185
125 0.0282021
126 0.0280874
127 0.0279737
128 0.0278612
129 0.0277501
130 0.02764
131 0.0275311
132 0.027423
133 0.0273166
134 0.0272108
135 0.027106
136 0.0270021
137 0.0269002
138 0.0267983
139 0.0266979
140 0.0265983
141 0.0264996
142 0.0264017
143 0.026305
144 0.0262091
145 0.0261139
146 0.0260197
147 0.0259266
148 0.0258345
149 0.0257426
150 0.0256516
151 0.025562
152 0.0254729
153 0.0253848
154 0.0252973
155 0.0252108
156 0.025125
157 0.0250398
158 0.0249553
159 0.0248718
160 0.0247887
161 0.0247064
162 0.0246248
163 0.0245441
164 0.0244638
165 0.0243843
166 0.0243055
167 0.0242276
168 0.0241502
169 0.0240732
170 0.023997
171 0.0239215
172 0.0238464
173 0.0237716
174 0.0236977
175 0.0236245
176 0.0235513
177 0.0234793
178 0.0234079
179 0.0233372
180 0.0232667
181 0.0231966
182 0.0231269
183 0.0230579
184 0.0229893
185 0.0229216
186 0.0228543
187 0.0227875
188 0.0227213
189 0.0226556
190 0.02259
191 0.0225253
192 0.0224609
193 0.0223973
194 0.0223342
195 0.0222709
196 0.0222084
197 0.0221462
198 0.0220845
199 0.0220232
200 0.0219625
201 0.0219021
202 0.021842
203 0.0217822
204 0.0217231
205 0.0216642
206 0.0216061
207 0.0215484
208 0.021491
209 0.0214339
210 0.021377
211 0.0213208
212 0.0212648
213 0.0212092
214 0.0211539
215 0.0210993
216 0.0210451
217 0.0209908
218 0.0209372
219 0.0208841
220 0.0208313
221 0.0207785
222 0.020726
223 0.0206739
224 0.020622
225 0.0205705
226 0.0205195
227 0.0204688
228 0.0204184
229 0.0203683
230 0.0203186
231 0.020269
232 0.0202194
233 0.0201705
234 0.020122
235 0.0200735
236 0.0200256
237 0.0199778
238 0.0199305
239 0.0198832
240 0.0198365
241 0.0197898
242 0.0197435
243 0.0196974
244 0.0196515
245 0.0196059
246 0.0195608
247 0.0195159
248 0.0194714
249 0.0194269
250 0.0193828
251 0.0193387
252 0.019295
253 0.0192515
254 0.0192084
255 0.0191654
256 0.0191227
257 0.0190804
258 0.0190382
259 0.0189962
260 0.0189546
261 0.0189132
262 0.0188721
263 0.0188312
264 0.0187904
265 0.01875
266 0.0187097
267 0.0186696
268 0.0186295
269 0.0185898
270 0.0185503
271 0.0185109
272 0.0184717
273 0.0184328
274 0.0183942
275 0.0183557
276 0.0183174
277 0.0182793
278 0.0182414
279 0.0182036
280 0.018166
281 0.0181287
282 0.0180917
283 0.0180547
284 0.0180181
285 0.0179816
286 0.0179453
287 0.0179092
288 0.0178732
289 0.0178374
290 0.0178017
291 0.0177662
292 0.0177308
293 0.0176959
294 0.017661
295 0.0176261
296 0.0175915
297 0.0175572
298 0.0175229
299 0.0174889
300 0.0174549
301 0.0174212
302 0.0173876
303 0.0173542
304 0.0173207
305 0.0172877
306 0.0172547
307 0.0172221
308 0.0171895
309 0.017157
310 0.0171247
311 0.0170925
312 0.0170604
313 0.0170286
314 0.0169969
315 0.0169652
316 0.0169337
317 0.0169025
318 0.0168712
319 0.0168402
320 0.0168095
321 0.0167787
322 0.0167482
323 0.0167176
324 0.0166873
325 0.0166572
326 0.0166273
327 0.0165975
328 0.0165677
329 0.0165381
330 0.0165087
331 0.0164793
332 0.01645
333 0.0164209
334 0.016392
335 0.0163632
336 0.0163344
337 0.0163058
338 0.0162772
339 0.016249
340 0.0162209
341 0.0161928
342 0.0161648
343 0.0161371
344 0.0161094
345 0.0160816
346 0.0160542
347 0.0160269
348 0.0159996
349 0.0159724
350 0.0159453
351 0.0159184
352 0.0158916
353 0.0158649
354 0.0158383
355 0.0158119
356 0.0157856
357 0.0157592
358 0.0157331
359 0.015707
360 0.0156811
361 0.0156553
362 0.0156296
363 0.015604
364 0.0155784
365 0.0155529
366 0.0155276
367 0.0155022
368 0.0154771
369 0.0154521
370 0.0154271
371 0.0154023
372 0.0153776
373 0.0153529
374 0.0153285
375 0.015304
376 0.0152797
377 0.0152555
378 0.0152313
379 0.0152073
380 0.0151833
381 0.0151595
382 0.0151358
383 0.0151122
384 0.0150886
385 0.015065
386 0.0150417
387 0.0150184
388 0.0149951
389 0.0149719
390 0.0149489
391 0.014926
392 0.0149033
393 0.0148805
394 0.0148578
395 0.0148351
396 0.0148126
397 0.0147903
398 0.014768
399 0.0147457
400 0.0147235
