1 0.577772
2 0.591816
3 0.618237
4 0.62973
5 0.647387
6 0.655785
7 0.668639
8 0.675891
9 0.686413
10 0.692608
11 0.700776
12 0.706085
13 0.712788
14 0.717784
15 0.72331
16 0.728114
17 0.733247
18 0.737489
19 0.741623
20 0.745476
21 0.74953
22 0.752683
23 0.756058
24 0.759317
25 0.762998
26 0.765703
27 0.768655
28 0.77123
29 0.774355
30 0.776607
31 0.779162
32 0.78154
33 0.783881
34 0.785953
35 0.788188
36 0.789959
37 0.792178
38 0.794584
39 0.796445
40 0.798195
41 0.799902
42 0.802086
43 0.803574
44 0.805124
45 0.806828
46 0.808388
47 0.809638
48 0.811173
49 0.812898
50 0.81426
51 0.815626
52 0.816867
53 0.818346
54 0.819429
55 0.820853
56 0.822043
57 0.823387
58 0.82447
59 0.825605
60 0.826574
61 0.827742
62 0.828758
63 0.829888
64 0.830868
65 0.831885
66 0.833133
67 0.834113
68 0.8348
69 0.835679
70 0.836583
71 0.837404
72 0.838362
73 0.839197
74 0.840128
75 0.841034
76 0.841828
77 0.842787
78 0.843553
79 0.844414
80 0.84514
81 0.845973
82 0.846704
83 0.847684
84 0.848224
85 0.848981
86 0.849823
87 0.850623
88 0.851017
89 0.85162
90 0.852308
91 0.85307
92 0.853854
93 0.854465
94 0.855051
95 0.855783
96 0.856432
97 0.857144
98 0.85776
99 0.858464
100 0.858859
101 0.859471
102 0.860129
103 0.860727
104 0.861237
105 0.861874
106 0.86222
107 0.863008
108 0.863539
109 0.864146
110 0.864609
111 0.865234
112 0.865747
113 0.866189
114 0.86673
115 0.867337
116 0.867863
117 0.868348
118 0.868913
119 0.869369
120 0.869656
121 0.870055
122 0.870478
123 0.87087
124 0.871225
125 0.871727
126 0.872057
127 0.87254
128 0.872931
129 0.873393
130 0.873747
131 0.874276
132 0.874555
133 0.875068
134 0.87547
135 0.876045
136 0.876464
137 0.876814
138 0.877047
139 0.87741
140 0.877811
141 0.878323
142 0.87869
143 0.87881
144 0.879219
145 0.879574
146 0.880029
147 0.880331
148 0.880674
149 0.881185
150 0.881345
151 0.881682
152 0.882053
153 0.882432
154 0.882769
155 0.883044
156 0.883385
157 0.883653
158 0.883954
159 0.884256
160 0.884562
161 0.884875
162 0.885091
163 0.885356
164 0.885748
165 0.886029
166 0.886425
167 0.886679
168 0.887099
169 0.8874
170 0.887672
171 0.887835
172 0.888201
173 0.888492
174 0.888703
175 0.88891
176 0.889236
177 0.889456
178 0.889854
179 0.890214
180 0.890483
181 0.890718
182 0.891018
183 0.891263
184 0.891456
185 0.891801
186 0.891934
187 0.892112
188 0.892412
189 0.892802
190 0.893037
191 0.893357
192 0.893544
193 0.893726
194 0.893915
195 0.894212
196 0.894451
197 0.894657
198 0.894795
199 0.895099
200 0.895316
201 0.895572
202 0.895936
203 0.896116
204 0.896369
205 0.896681
206 0.896704
207 0.896862
208 0.897088
209 0.897432
210 0.89761
211 0.89773
212 0.898059
213 0.898181
214 0.898358
215 0.898653
216 0.898787
217 0.898886
218 0.899083
219 0.899387
220 0.899598
221 0.899833
222 0.899957
223 0.900197
224 0.900449
225 0.900644
226 0.900926
227 0.901019
228 0.901358
229 0.90144
230 0.901539
231 0.901738
232 0.901979
233 0.902098
234 0.902296
235 0.902399
236 0.902628
237 0.902957
238 0.902969
239 0.903146
240 0.903313
241 0.903488
242 0.903613
243 0.903798
244 0.903987
245 0.904177
246 0.904395
247 0.904639
248 0.904823
249 0.905058
250 0.905162
251 0.905432
252 0.905514
253 0.905718
254 0.90581
255 0.905959
256 0.90605
257 0.906185
258 0.906377
259 0.90665
260 0.906701
261 0.906915
262 0.907035
263 0.90716
264 0.907478
265 0.907582
266 0.907791
267 0.907956
268 0.908094
269 0.908399
270 0.908584
271 0.908665
272 0.908789
273 0.908979
274 0.909088
275 0.909207
276 0.909409
277 0.909591
278 0.909779
279 0.909864
280 0.910065
281 0.910342
282 0.910353
283 0.910501
284 0.910698
285 0.910854
286 0.910968
287 0.911174
288 0.911225
289 0.91127
290 0.911447
291 0.911495
292 0.911727
293 0.911802
294 0.911875
295 0.91209
296 0.912287
297 0.912399
298 0.912579
299 0.912664
300 0.912775
301 0.912929
302 0.913198
303 0.913242
304 0.913428
305 0.913402
306 0.913604
307 0.913781
308 0.91388
309 0.914103
310 0.91421
311 0.914316
312 0.914382
313 0.914556
314 0.914652
315 0.914884
316 0.91496
317 0.915131
318 0.915227
319 0.915356
320 0.915475
321 0.915529
322 0.915649
323 0.915835
324 0.91604
325 0.916061
326 0.916254
327 0.91636
328 0.916479
329 0.916617
330 0.916772
331 0.916879
332 0.917027
333 0.917185
334 0.917207
335 0.917325
336 0.917387
337 0.917638
338 0.91765
339 0.917734
340 0.91787
341 0.917996
342 0.918038
343 0.918184
344 0.918317
345 0.918516
346 0.918585
347 0.918666
348 0.918939
349 0.919079
350 0.919205
351 0.919286
352 0.919335
353 0.919458
354 0.91951
355 0.919637
356 0.919659
357 0.919888
358 0.919914
359 0.920008
360 0.920139
361 0.920129
362 0.920255
363 0.920313
364 0.92042
365 0.920615
366 0.920707
367 0.920816
368 0.920924
369 0.921055
370 0.921041
371 0.92123
372 0.9213
373 0.921398
374 0.921428
375 0.921631
376 0.921714
377 0.921784
378 0.921889
379 0.921962
380 0.922072
381 0.922192
382 0.922144
383 0.922261
384 0.922275
385 0.922362
386 0.922553
387 0.922613
388 0.922719
389 0.922914
390 0.922951
391 0.923064
392 0.92314
393 0.923227
394 0.923227
395 0.923449
396 0.923432
397 0.923552
398 0.923579
399 0.923738
400 0.923752
