1 0.333811
2 0.332286
3 0.332658
4 0.333316
5 0.333793
6 0.333646
7 0.332955
8 0.33328
9 0.332458
10 0.332931
11 0.332843
12 0.333628
13 0.333635
14 0.333707
15 0.333814
16 0.333024
17 0.333574
18 0.3339
19 0.333389
20 0.333551
21 0.333476
22 0.332564
23 0.333179
24 0.333523
25 0.334385
26 0.375495
27 0.411698
28 0.442875
29 0.469988
30 0.494754
31 0.516787
32 0.535772
33 0.553208
34 0.568484
35 0.582397
36 0.596506
37 0.60719
38 0.618789
39 0.629393
40 0.637572
41 0.646807
42 0.655438
43 0.663248
44 0.670612
45 0.676884
46 0.683051
47 0.688829
48 0.69515
49 0.699669
50 0.705153
51 0.710446
52 0.715674
53 0.719991
54 0.724837
55 0.730221
56 0.73465
57 0.738944
58 0.742476
59 0.746973
60 0.749677
61 0.753241
62 0.757098
63 0.759849
64 0.763384
65 0.766028
66 0.769095
67 0.771882
68 0.774557
69 0.777406
70 0.779791
71 0.782463
72 0.78402
73 0.786763
74 0.788856
75 0.790948
76 0.793418
77 0.794432
78 0.796868
79 0.799344
80 0.80078
81 0.802344
82 0.803757
83 0.805754
84 0.807085
85 0.80922
86 0.81067
87 0.812206
88 0.813131
89 0.815498
90 0.816449
91 0.818355
92 0.819096
93 0.820545
94 0.822248
95 0.822971
96 0.824554
97 0.825361
98 0.827052
99 0.827732
100 0.829349
101 0.830244
102 0.831226
103 0.832106
104 0.832825
105 0.834332
106 0.834957
107 0.836419
108 0.837288
109 0.838213
110 0.839036
111 0.839929
112 0.840852
113 0.842116
114 0.842331
115 0.843472
116 0.844152
117 0.8452
118 0.84615
119 0.847038
120 0.847576
121 0.848181
122 0.849174
123 0.85035
124 0.850191
125 0.851138
126 0.851741
127 0.853155
128 0.853022
129 0.854185
130 0.854691
131 0.854856
132 0.855794
133 0.856727
134 0.857736
135 0.85812
136 0.858373
137 0.858946
138 0.859625
139 0.860554
140 0.860916
141 0.861688
142 0.861913
143 0.862367
144 0.863184
145 0.863794
146 0.863956
147 0.864405
148 0.865316
149 0.866259
150 0.866572
151 0.866433
152 0.867143
153 0.867619
154 0.868409
155 0.869069
156 0.869346
157 0.869632
158 0.869978
159 0.870685
160 0.87127
161 0.871544
162 0.871841
163 0.872321
164 0.872963
165 0.873303
166 0.873682
167 0.874374
168 0.874238
169 0.875292
170 0.875437
171 0.87568
172 0.876073
173 0.876689
174 0.876919
175 0.877436
176 0.877624
177 0.878259
178 0.878484
179 0.879045
180 0.87939
181 0.880145
182 0.879787
183 0.880112
184 0.880535
185 0.880935
186 0.881785
187 0.881834
188 0.881933
189 0.882633
190 0.882632
191 0.883117
192 0.883756
193 0.883931
194 0.884212
195 0.884164
196 0.884747
197 0.884761
198 0.885557
199 0.88589
200 0.885583
201 0.88631
202 0.886948
203 0.886853
204 0.887069
205 0.887165
206 0.888076
207 0.888556
208 0.88829
209 0.888333
210 0.889152
211 0.889428
212 0.889565
213 0.889906
214 0.890014
215 0.890419
216 0.890382
217 0.89109
218 0.890921
219 0.891312
220 0.89158
221 0.891507
222 0.892531
223 0.892478
224 0.892656
225 0.892962
226 0.893064
227 0.893312
228 0.893548
229 0.893805
230 0.894326
231 0.89425
232 0.894577
233 0.894935
234 0.894789
235 0.895313
236 0.895444
237 0.895854
238 0.895937
239 0.896354
240 0.896146
241 0.896247
242 0.897291
243 0.897102
244 0.897274
245 0.897765
246 0.897398
247 0.897818
248 0.898256
249 0.898334
250 0.898443
251 0.898845
252 0.899201
253 0.899263
254 0.89946
255 0.899781
256 0.900183
257 0.899761
258 0.900529
259 0.900576
260 0.901039
261 0.900744
262 0.901331
263 0.900607
264 0.901224
265 0.901603
266 0.901527
267 0.902055
268 0.902393
269 0.902477
270 0.902564
271 0.90276
272 0.90296
273 0.90282
274 0.902858
275 0.903696
276 0.903463
277 0.903779
278 0.904223
279 0.904137
280 0.904047
281 0.904517
282 0.904693
283 0.90453
284 0.904998
285 0.905183
286 0.905279
287 0.905844
288 0.905178
289 0.90565
290 0.905909
291 0.905985
292 0.905716
293 0.906561
294 0.906537
295 0.907149
296 0.906672
297 0.907207
298 0.907089
299 0.907313
300 0.907514
301 0.907846
302 0.907691
303 0.9078
304 0.907888
305 0.908169
306 0.908512
307 0.908832
308 0.908705
309 0.909117
310 0.909211
311 0.909224
312 0.909445
313 0.909534
314 0.909586
315 0.909863
316 0.9097
317 0.910175
318 0.910391
319 0.910552
320 0.911016
321 0.910611
322 0.910579
323 0.910988
324 0.911288
325 0.911035
326 0.911592
327 0.911568
328 0.911891
329 0.911773
330 0.912052
331 0.911875
332 0.911707
333 0.911971
334 0.91252
335 0.912524
336 0.912737
337 0.913062
338 0.913371
339 0.913192
340 0.913075
341 0.913377
342 0.913758
343 0.913572
344 0.914053
345 0.913604
346 0.914022
347 0.913796
348 0.914334
349 0.914368
350 0.914387
351 0.914442
352 0.915044
353 0.914699
354 0.915276
355 0.915439
356 0.915156
357 0.915275
358 0.915438
359 0.915579
360 0.915641
361 0.916118
362 0.915896
363 0.915716
364 0.916333
365 0.916025
366 0.916355
367 0.916152
368 0.916354
369 0.91656
370 0.916908
371 0.916952
372 0.916926
373 0.917104
374 0.917158
375 0.9175
376 0.917643
377 0.917735
378 0.917777
379 0.917551
380 0.917791
381 0.917824
382 0.917746
383 0.917617
384 0.918335
385 0.917986
386 0.918792
387 0.918937
388 0.918742
389 0.918413
390 0.919132
391 0.918793
392 0.919265
393 0.919065
394 0.919349
395 0.919168
396 0.91921
397 0.919262
398 0.91998
399 0.919727
400 0.919926
