1 0.24987
2 0.250244
3 0.250305
4 0.249946
5 0.249863
6 0.250209
7 0.250262
8 0.250008
9 0.250515
10 0.250345
11 0.250033
12 0.249787
13 0.250288
14 0.249993
15 0.249767
16 0.250094
17 0.249904
18 0.249828
19 0.249793
20 0.250053
21 0.249841
22 0.250528
23 0.250209
24 0.249876
25 0.249561
26 0.222044
27 0.199093
28 0.179701
29 0.163242
30 0.149284
31 0.136837
32 0.126575
33 0.117438
34 0.109822
35 0.102865
36 0.096401
37 0.0911266
38 0.0859739
39 0.0813204
40 0.0775009
41 0.0738122
42 0.0702004
43 0.067313
44 0.0642272
45 0.0618542
46 0.0594638
47 0.0573351
48 0.0551095
49 0.0533422
50 0.0513615
51 0.0497114
52 0.0479136
53 0.046494
54 0.0449434
55 0.0432442
56 0.0418949
57 0.0406366
58 0.0395772
59 0.0382303
60 0.0373827
61 0.0364466
62 0.0352664
63 0.0345488
64 0.0336475
65 0.0328899
66 0.0320972
67 0.0313064
68 0.0306337
69 0.0299171
70 0.0293947
71 0.0286781
72 0.0281817
73 0.0276368
74 0.0270029
75 0.0265242
76 0.0259936
77 0.0256626
78 0.0251687
79 0.0245695
80 0.0242578
81 0.02387
82 0.02353
83 0.023114
84 0.0228154
85 0.0223766
86 0.0220756
87 0.0217434
88 0.0215157
89 0.0210938
90 0.0207695
91 0.0205234
92 0.020216
93 0.0199702
94 0.0196057
95 0.019458
96 0.0191795
97 0.01893
98 0.0186377
99 0.0185558
100 0.0181673
101 0.0179197
102 0.0177404
103 0.0176393
104 0.0174492
105 0.0172235
106 0.0170367
107 0.0167969
108 0.0165808
109 0.0164756
110 0.0162488
111 0.0161124
112 0.0159919
113 0.0157253
114 0.0156675
115 0.0154358
116 0.015357
117 0.0151598
118 0.0150221
119 0.0148257
120 0.0147642
121 0.0146275
122 0.0144615
123 0.0143087
124 0.0142105
125 0.0140851
126 0.0139763
127 0.0137757
128 0.0137142
129 0.0135596
130 0.0134988
131 0.0133799
132 0.0132739
133 0.0131556
134 0.0129708
135 0.0129217
136 0.0128646
137 0.0127973
138 0.0126755
139 0.012527
140 0.0124453
141 0.0123165
142 0.012269
143 0.0122245
144 0.0121071
145 0.0119899
146 0.0118863
147 0.011873
148 0.0117494
149 0.0116243
150 0.0115276
151 0.0115502
152 0.0114547
153 0.0113444
154 0.0112202
155 0.0111935
156 0.0111685
157 0.0110294
158 0.0110003
159 0.0108976
160 0.0108074
161 0.0107743
162 0.0107255
163 0.0106435
164 0.0105393
165 0.0105324
166 0.0104522
167 0.0103305
168 0.0103557
169 0.0102285
170 0.0102032
171 0.0101576
172 0.0100988
173 0.0100007
174 0.00997937
175 0.00990401
176 0.00984152
177 0.00972224
178 0.00973128
179 0.00972718
180 0.00963458
181 0.00953367
182 0.0095651
183 0.00948834
184 0.0094592
185 0.00938796
186 0.00926614
187 0.00926679
188 0.0092318
189 0.00920317
190 0.00910668
191 0.00909709
192 0.00900309
193 0.00899862
194 0.0089442
195 0.00889821
196 0.0088248
197 0.00886178
198 0.00875011
199 0.00869203
200 0.00873416
201 0.0085992
202 0.00857046
203 0.00853208
204 0.00855076
205 0.00852743
206 0.00840262
207 0.00833566
208 0.00834475
209 0.00834913
210 0.00823982
211 0.00821754
212 0.00819865
213 0.00813428
214 0.00810375
215 0.00807526
216 0.00806049
217 0.00797284
218 0.0080001
219 0.00795131
220 0.00793306
221 0.00792521
222 0.00782297
223 0.00782353
224 0.00780752
225 0.00771965
226 0.00769867
227 0.00769647
228 0.00768908
229 0.00764381
230 0.00758666
231 0.00757372
232 0.00753319
233 0.00748816
234 0.00750611
235 0.00742995
236 0.00738697
237 0.00734916
238 0.00735392
239 0.00729635
240 0.00734528
241 0.00731759
242 0.00718593
243 0.00721221
244 0.00714848
245 0.00712023
246 0.00715065
247 0.00712156
248 0.00708994
249 0.00703066
250 0.0070527
251 0.00698167
252 0.00694382
253 0.00694817
254 0.00692465
255 0.00682625
256 0.00684367
257 0.00686739
258 0.00675502
259 0.00679292
260 0.00671916
261 0.00676367
262 0.00671759
263 0.0067464
264 0.00666743
265 0.00662493
266 0.00662597
267 0.00656566
268 0.00656846
269 0.00650888
270 0.00651565
271 0.00647777
272 0.00650316
273 0.00646342
274 0.0064714
275 0.00634448
276 0.00642145
277 0.00638115
278 0.00629961
279 0.0063506
280 0.00636023
281 0.00627464
282 0.00627302
283 0.00627483
284 0.00624284
285 0.00620987
286 0.00620742
287 0.00612223
288 0.00623677
289 0.00613785
290 0.00613645
291 0.00611501
292 0.00613437
293 0.00607303
294 0.00609709
295 0.00597988
296 0.00604107
297 0.00596057
298 0.00599433
299 0.00595764
300 0.00594623
301 0.00590036
302 0.00592062
303 0.00588975
304 0.00591274
305 0.00585883
306 0.00584658
307 0.00579917
308 0.00581125
309 0.00577676
310 0.00577327
311 0.00572153
312 0.00574288
313 0.00569156
314 0.00570107
315 0.00571273
316 0.00566819
317 0.00563629
318 0.00559887
319 0.00558891
320 0.0055753
321 0.00557337
322 0.00560436
323 0.00554361
324 0.00554669
325 0.00553767
326 0.00550159
327 0.00550642
328 0.00544495
329 0.00545673
330 0.00544073
331 0.00545392
332 0.0054595
333 0.00544984
334 0.00537784
335 0.00537215
336 0.0053386
337 0.00534253
338 0.00529383
339 0.00529809
340 0.00534548
341 0.00528346
342 0.00525976
343 0.00523379
344 0.0052357
345 0.00525127
346 0.00522156
347 0.00522935
348 0.00519196
349 0.00516027
350 0.0052193
351 0.00520064
352 0.00513514
353 0.00515158
354 0.00507648
355 0.00508754
356 0.0051021
357 0.00510734
358 0.00507402
359 0.00504215
360 0.00502943
361 0.00498118
362 0.00500069
363 0.00507758
364 0.00497209
365 0.00501235
366 0.00499255
367 0.00499058
368 0.00491814
369 0.00493892
370 0.00491829
371 0.00490324
372 0.00492051
373 0.00488244
374 0.00489208
375 0.004893
376 0.00485304
377 0.00481529
378 0.00483333
379 0.00483065
380 0.00483264
381 0.0048241
382 0.00483671
383 0.00484263
384 0.00480049
385 0.00480761
386 0.00472868
387 0.0047269
388 0.00470849
389 0.00473432
390 0.00470047
391 0.00471413
392 0.00468218
393 0.00469004
394 0.00463907
395 0.00464869
396 0.00469275
397 0.00466263
398 0.00459831
399 0.00459601
400 0.00460318
