1 0.458672
2 0.508666
3 0.545593
4 0.577695
5 0.602852
6 0.62446
7 0.642567
8 0.658391
9 0.672588
10 0.685164
11 0.696522
12 0.70665
13 0.7159
14 0.724165
15 0.73193
16 0.739269
17 0.745712
18 0.751669
19 0.75733
20 0.762453
21 0.767773
22 0.772564
23 0.777059
24 0.781324
25 0.785166
26 0.789206
27 0.793314
28 0.796726
29 0.800375
30 0.803698
31 0.807329
32 0.810509
33 0.813406
34 0.81627
35 0.819327
36 0.821701
37 0.82449
38 0.826859
39 0.829301
40 0.831575
41 0.833633
42 0.835656
43 0.837831
44 0.839984
45 0.841838
46 0.843697
47 0.84534
48 0.84696
49 0.84847
50 0.850357
51 0.851775
52 0.853402
53 0.854977
54 0.856358
55 0.857744
56 0.859263
57 0.860432
58 0.86184
59 0.863098
60 0.864122
61 0.865225
62 0.866446
63 0.867832
64 0.868834
65 0.86999
66 0.870998
67 0.871949
68 0.872996
69 0.873897
70 0.874859
71 0.875847
72 0.876686
73 0.877465
74 0.878518
75 0.879182
76 0.880002
77 0.880827
78 0.881422
79 0.882336
80 0.883084
81 0.883692
82 0.884519
83 0.885207
84 0.886007
85 0.886687
86 0.88732
87 0.888018
88 0.888636
89 0.889363
90 0.889858
91 0.890436
92 0.891116
93 0.891792
94 0.892362
95 0.89293
96 0.893487
97 0.893933
98 0.894481
99 0.895099
100 0.895715
101 0.896181
102 0.896745
103 0.897237
104 0.897593
105 0.898212
106 0.898723
107 0.899216
108 0.899497
109 0.900014
110 0.900545
111 0.901035
112 0.901411
113 0.901856
114 0.902283
115 0.902721
116 0.903292
117 0.903744
118 0.90409
119 0.904504
120 0.904933
121 0.905362
122 0.905703
123 0.906259
124 0.906589
125 0.90698
126 0.907388
127 0.907695
128 0.908282
129 0.908408
130 0.908839
131 0.909152
132 0.909548
133 0.909852
134 0.910172
135 0.91047
136 0.910811
137 0.911257
138 0.911445
139 0.911801
140 0.91222
141 0.912615
142 0.912827
143 0.913146
144 0.913491
145 0.913792
146 0.914072
147 0.914378
148 0.914604
149 0.914815
150 0.915219
151 0.915497
152 0.915757
153 0.915959
154 0.916255
155 0.916621
156 0.917017
157 0.91726
158 0.917398
159 0.917737
160 0.917926
161 0.918248
162 0.918477
163 0.918782
164 0.918961
165 0.919297
166 0.91942
167 0.919852
168 0.920009
169 0.920218
170 0.920523
171 0.920769
172 0.920918
173 0.921202
174 0.921455
175 0.921636
176 0.921833
177 0.922135
178 0.92236
179 0.922574
180 0.922707
181 0.923099
182 0.923222
183 0.923471
184 0.923622
185 0.923832
186 0.924125
187 0.924307
188 0.924457
189 0.924621
190 0.924793
191 0.924882
192 0.925124
193 0.925307
194 0.925563
195 0.925927
196 0.926049
197 0.92626
198 0.926391
199 0.926487
200 0.926681
201 0.926947
202 0.927009
203 0.927289
204 0.927579
205 0.927719
206 0.927812
207 0.927942
208 0.928101
209 0.928276
210 0.928412
211 0.928527
212 0.9288
213 0.929073
214 0.929206
215 0.92931
216 0.929488
217 0.929608
218 0.929748
219 0.929874
220 0.930136
221 0.930308
222 0.930437
223 0.930616
224 0.930745
225 0.930904
226 0.93095
227 0.931156
228 0.931249
229 0.931535
230 0.931691
231 0.931862
232 0.93197
233 0.932169
234 0.932212
235 0.932384
236 0.93262
237 0.932694
238 0.932879
239 0.932956
240 0.933076
241 0.933217
242 0.933272
243 0.933372
244 0.933485
245 0.933592
246 0.933652
247 0.933841
248 0.933956
249 0.934105
250 0.934223
251 0.934409
252 0.93463
253 0.934753
254 0.934907
255 0.934901
256 0.935046
257 0.935187
258 0.935197
259 0.935357
260 0.935474
261 0.935605
262 0.935671
263 0.935796
264 0.935923
265 0.936035
266 0.936176
267 0.936258
268 0.936343
269 0.936505
270 0.936664
271 0.936714
272 0.93699
273 0.936993
274 0.937124
275 0.937248
276 0.937439
277 0.937522
278 0.937578
279 0.937744
280 0.937938
281 0.938013
282 0.938239
283 0.938294
284 0.938408
285 0.938546
286 0.938543
287 0.938687
288 0.938808
289 0.938982
290 0.939042
291 0.939175
292 0.939219
293 0.939329
294 0.939398
295 0.939495
296 0.939597
297 0.939601
298 0.939708
299 0.939809
300 0.939985
301 0.940069
302 0.940106
303 0.940236
304 0.940361
305 0.940463
306 0.940504
307 0.940629
308 0.940683
309 0.940861
310 0.940957
311 0.941028
312 0.941097
313 0.941176
314 0.941347
315 0.941357
316 0.941447
317 0.941548
318 0.941588
319 0.941699
320 0.941816
321 0.941861
322 0.941911
323 0.942019
324 0.942065
325 0.942178
326 0.94228
327 0.942414
328 0.942524
329 0.942631
330 0.942671
331 0.9428
332 0.94289
333 0.942937
334 0.942954
335 0.943051
336 0.943119
337 0.943246
338 0.943295
339 0.943322
340 0.943385
341 0.94349
342 0.943549
343 0.943709
344 0.943775
345 0.943875
346 0.943897
347 0.944018
348 0.944087
349 0.944182
350 0.944131
351 0.944269
352 0.944378
353 0.94445
354 0.944604
355 0.944657
356 0.944667
357 0.944826
358 0.944857
359 0.944987
360 0.945062
361 0.945138
362 0.945152
363 0.945208
364 0.945277
365 0.94535
366 0.945426
367 0.945581
368 0.945549
369 0.9456
370 0.94575
371 0.945755
372 0.945795
373 0.945929
374 0.945942
375 0.946028
376 0.946083
377 0.946172
378 0.946247
379 0.94623
380 0.946195
381 0.946308
382 0.946388
383 0.946534
384 0.94654
385 0.946657
386 0.946772
387 0.946751
388 0.946809
389 0.946933
390 0.946961
391 0.947043
392 0.947136
393 0.94721
394 0.947253
395 0.947419
396 0.947455
397 0.947489
398 0.947569
399 0.947669
400 0.947753
