1 0.5
2 0.354999
3 0.291175
4 0.253233
5 0.22766
6 0.208797
7 0.194232
8 0.182629
9 0.172936
10 0.164892
11 0.157922
12 0.151846
13 0.14657
14 0.1416
15 0.137573
16 0.133693
17 0.130377
18 0.127037
19 0.124276
20 0.121717
21 0.119
22 0.116964
23 0.114814
24 0.112778
25 0.111081
26 0.109512
27 0.107732
28 0.106103
29 0.105077
30 0.103636
31 0.102182
32 0.100936
33 0.0997596
34 0.0991082
35 0.0978509
36 0.0965901
37 0.0956175
38 0.0949539
39 0.0942342
40 0.0934512
41 0.0928741
42 0.0916611
43 0.0911021
44 0.0909003
45 0.0901377
46 0.0892378
47 0.0886978
48 0.0882679
49 0.0880297
50 0.0876397
51 0.0872098
52 0.086614
53 0.0863828
54 0.0855482
55 0.0855484
56 0.0851839
57 0.0851778
58 0.0848404
59 0.0842954
60 0.083995
61 0.0837303
62 0.0832754
63 0.0831447
64 0.0826415
65 0.0831475
66 0.0826581
67 0.0826794
68 0.0824706
69 0.0823728
70 0.0821316
71 0.0820075
72 0.0816297
73 0.0809469
74 0.0816586
75 0.0814422
76 0.0817184
77 0.0815172
78 0.0815393
79 0.0815757
80 0.0814735
81 0.0814118
82 0.0818361
83 0.0813456
84 0.081126
85 0.0819229
86 0.0810891
87 0.0812765
88 0.0813569
89 0.0811954
90 0.0810289
91 0.0812181
92 0.0810139
93 0.0807951
94 0.0811686
95 0.0810519
96 0.0809859
97 0.0810749
98 0.0813415
99 0.0811287
100 0.081229
101 0.0810738
102 0.0820514
103 0.0814318
104 0.0814078
105 0.0811539
106 0.0811649
107 0.0815254
108 0.0812675
109 0.0811284
110 0.0816186
111 0.0812743
112 0.0814129
113 0.0811155
114 0.0812497
115 0.0814455
116 0.0817273
117 0.0818691
118 0.0819522
119 0.0815311
120 0.0816558
121 0.0816133
122 0.0815192
123 0.0816992
124 0.081811
125 0.0816912
126 0.0814184
127 0.0817709
128 0.0817496
129 0.0819526
130 0.0817239
131 0.0819047
132 0.0820835
133 0.0817477
134 0.0821019
135 0.082042
136 0.0819606
137 0.0820476
138 0.0820483
139 0.0817939
140 0.0822007
141 0.0821822
142 0.0820963
143 0.082334
144 0.0821021
145 0.0823143
146 0.0822518
147 0.0821543
148 0.0822712
149 0.0822576
150 0.0822038
151 0.0822674
152 0.0822739
153 0.0823416
154 0.0824677
155 0.0825464
156 0.0825401
157 0.0825175
158 0.0825589
159 0.0825912
160 0.0826184
161 0.0826235
162 0.0826166
163 0.0826018
164 0.0827455
165 0.082793
166 0.0826552
167 0.0827615
168 0.0827604
169 0.0827815
170 0.0838672
171 0.0841072
172 0.082945
173 0.0828646
174 0.0829243
175 0.0831534
176 0.0830344
177 0.0829882
178 0.0828511
179 0.0831755
180 0.0831339
181 0.0829848
182 0.083048
183 0.0831002
184 0.083224
185 0.0832308
186 0.0828718
187 0.0835384
188 0.0832702
189 0.0833151
190 0.0831771
191 0.0834425
192 0.0831371
193 0.0834479
194 0.0834591
195 0.08362
196 0.0834879
197 0.0838997
198 0.0835241
199 0.0836598
200 0.0835421
201 0.0835796
202 0.0836036
203 0.0836984
204 0.083522
205 0.083878
206 0.0836154
207 0.0838791
208 0.0838062
209 0.0835632
210 0.0835712
211 0.0837682
212 0.0837776
213 0.0837641
214 0.0840193
215 0.0839301
216 0.0838242
217 0.0838441
218 0.0838683
219 0.0838969
220 0.0840759
221 0.0839886
222 0.084016
223 0.0840055
224 0.0841441
225 0.0839803
226 0.0841205
227 0.0842434
228 0.0841028
229 0.0842306
230 0.0842027
231 0.0842517
232 0.0842453
233 0.0843835
234 0.0841753
235 0.084225
236 0.0843219
237 0.0842223
238 0.084126
239 0.0844832
240 0.0843507
241 0.0843394
242 0.0844259
243 0.0844273
244 0.0843886
245 0.0844019
246 0.0844026
247 0.0844388
248 0.0845555
249 0.0845543
250 0.0846216
251 0.0844564
252 0.0845256
253 0.0846181
254 0.0844423
255 0.085513
256 0.0847191
257 0.0836829
258 0.084784
259 0.0845994
260 0.084586
261 0.0846152
262 0.0846779
263 0.0846904
264 0.0847715
265 0.0845927
266 0.0846899
267 0.0848965
268 0.084847
269 0.0846538
270 0.0847813
271 0.0846351
272 0.0848653
273 0.085047
274 0.0848038
275 0.0848244
276 0.0848302
277 0.0849316
278 0.084759
279 0.0848017
280 0.0849937
281 0.0848779
282 0.0850491
283 0.0849071
284 0.0850021
285 0.0848268
286 0.0849844
287 0.0848897
288 0.084946
289 0.0849881
290 0.0851043
291 0.0850446
292 0.0852077
293 0.0851804
294 0.0849836
295 0.0849839
296 0.0849776
297 0.0851643
298 0.0851885
299 0.0851563
300 0.0851174
301 0.0850764
302 0.0850601
303 0.0851657
304 0.0852014
305 0.0852187
306 0.085108
307 0.0846325
308 0.0852294
309 0.0851703
310 0.085221
311 0.0851374
312 0.0852026
313 0.0852149
314 0.0852451
315 0.0853796
316 0.0852867
317 0.085456
318 0.0853712
319 0.0852834
320 0.0851354
321 0.0854433
322 0.0853578
323 0.0851939
324 0.0853639
325 0.0853538
326 0.0852182
327 0.0852051
328 0.0853653
329 0.0854136
330 0.0853339
331 0.0851533
332 0.0854593
333 0.0854646
334 0.0852112
335 0.0854147
336 0.0854722
337 0.0853634
338 0.0854117
339 0.0854867
340 0.0854222
341 0.0855527
342 0.0855294
343 0.0854389
344 0.0855479
345 0.0857372
346 0.0853745
347 0.0855787
348 0.085422
349 0.0854715
350 0.0855884
351 0.0855554
352 0.0853986
353 0.0855907
354 0.0855715
355 0.0855966
356 0.0856062
357 0.0853307
358 0.0855616
359 0.0856208
360 0.0855978
361 0.0856502
362 0.0854483
363 0.0856516
364 0.08549
365 0.0856894
366 0.0854743
367 0.0855289
368 0.0858065
369 0.0854642
370 0.0856777
371 0.0855446
372 0.0857073
373 0.0856791
374 0.0857985
375 0.0855756
376 0.0856441
377 0.0856887
378 0.0856367
379 0.0856452
380 0.085668
381 0.0857855
382 0.0855543
383 0.0857695
384 0.0857061
385 0.085799
386 0.0856058
387 0.0857929
388 0.0856081
389 0.0857443
390 0.0856447
391 0.0857599
392 0.085773
393 0.0857618
394 0.0857766
395 0.0857921
396 0.0858107
397 0.0856255
398 0.0858615
399 0.0856166
400 0.0858027
