1 2.29658
2 1.37864
3 0.980088
4 0.793639
5 0.699975
6 0.646827
7 0.610815
8 0.579497
9 0.551678
10 0.525083
11 0.499896
12 0.471995
13 0.443271
14 0.415442
15 0.389344
16 0.364867
17 0.342324
18 0.322226
19 0.304068
20 0.287145
21 0.271761
22 0.258098
23 0.245531
24 0.234487
25 0.224337
26 0.215104
27 0.206947
28 0.199225
29 0.1921
30 0.185613
31 0.179644
32 0.174136
33 0.169065
34 0.164487
35 0.160063
36 0.155778
37 0.151829
38 0.147897
39 0.144169
40 0.14063
41 0.137399
42 0.134127
43 0.130963
44 0.127892
45 0.125003
46 0.122218
47 0.119512
48 0.117063
49 0.114601
50 0.112263
51 0.110054
52 0.107724
53 0.105647
54 0.103575
55 0.101628
56 0.0998442
57 0.0978934
58 0.0960508
59 0.0942979
60 0.0926488
61 0.0910087
62 0.0895805
63 0.0881448
64 0.0866456
65 0.085214
66 0.0838698
67 0.0824884
68 0.0812776
69 0.0800434
70 0.078889
71 0.0777316
72 0.0765982
73 0.0754429
74 0.0743272
75 0.073379
76 0.0723325
77 0.0714288
78 0.0704966
79 0.069512
80 0.0685928
81 0.0676758
82 0.0668409
83 0.0660064
84 0.0652115
85 0.0643994
86 0.063677
87 0.0629844
88 0.0622542
89 0.0614404
90 0.0607308
91 0.0601002
92 0.059397
93 0.0586714
94 0.0580368
95 0.0574018
96 0.0567176
97 0.0561386
98 0.0555476
99 0.0550152
100 0.0544106
101 0.0538552
102 0.0533165
103 0.0527584
104 0.0522285
105 0.0517166
106 0.05122
107 0.0507157
108 0.0502264
109 0.0497308
110 0.0492671
111 0.0487983
112 0.0483497
113 0.0479092
114 0.0474768
115 0.0470455
116 0.0465868
117 0.0461569
118 0.0457325
119 0.0453729
120 0.0449504
121 0.0445087
122 0.0441227
123 0.0437582
124 0.0434081
125 0.0430431
126 0.0427128
127 0.0423907
128 0.0419885
129 0.0416517
130 0.0412917
131 0.0409601
132 0.0406603
133 0.0403295
134 0.0399708
135 0.0396755
136 0.0393964
137 0.0390862
138 0.0387778
139 0.0384773
140 0.0382024
141 0.0378981
142 0.0376331
143 0.0373638
144 0.0370162
145 0.03675
146 0.0364625
147 0.0361706
148 0.0359182
149 0.0356416
150 0.035398
151 0.0351415
152 0.0348947
153 0.0346349
154 0.0343995
155 0.0341422
156 0.0339137
157 0.0336795
158 0.0333952
159 0.0331685
160 0.032961
161 0.0327314
162 0.0325183
163 0.0323204
164 0.0320995
165 0.0318711
166 0.0316261
167 0.0314253
168 0.0312459
169 0.0310722
170 0.0308641
171 0.0306582
172 0.0304357
173 0.0302486
174 0.0300651
175 0.0298772
176 0.0296853
177 0.0295144
178 0.0293241
179 0.0291456
180 0.028972
181 0.0288058
182 0.0286191
183 0.028453
184 0.028299
185 0.0281013
186 0.0279417
187 0.0277705
188 0.0276083
189 0.0274419
190 0.0272663
191 0.0271278
192 0.0269956
193 0.0268362
194 0.0266778
195 0.0265256
196 0.0263401
197 0.0261933
198 0.0260352
199 0.0259003
200 0.0257843
201 0.0256463
202 0.0254892
203 0.0253544
204 0.0252162
205 0.0250619
206 0.0249118
207 0.0247774
208 0.0246474
209 0.0245022
210 0.0243778
211 0.0242567
212 0.0241417
213 0.024003
214 0.02387
215 0.0237421
216 0.0236165
217 0.0234954
218 0.0233648
219 0.0232661
220 0.0231474
221 0.0230178
222 0.0228994
223 0.0227968
224 0.0226843
225 0.0225652
226 0.0224292
227 0.0223148
228 0.0221807
229 0.0220763
230 0.021962
231 0.0218576
232 0.0217496
233 0.0216431
234 0.0215508
235 0.0214292
236 0.0213231
237 0.0212352
238 0.0211404
239 0.0210529
240 0.0209456
241 0.0208439
242 0.0207386
243 0.0206602
244 0.0205539
245 0.0204862
246 0.0203857
247 0.0202773
248 0.020178
249 0.0200966
250 0.0199873
251 0.0198992
252 0.0198202
253 0.0197246
254 0.0196457
255 0.0195647
256 0.0194798
257 0.0194178
258 0.0193243
259 0.0192265
260 0.0191571
261 0.019063
262 0.0189777
263 0.0188967
264 0.0188225
265 0.0187343
266 0.0186492
267 0.0185699
268 0.0185004
269 0.0184099
270 0.0183329
271 0.0182605
272 0.0181787
273 0.0181201
274 0.018033
275 0.0179553
276 0.0178695
277 0.0177807
278 0.0176953
279 0.0176376
280 0.0175732
281 0.0175224
282 0.0174245
283 0.017366
284 0.0172898
285 0.0172336
286 0.0171702
287 0.0170828
288 0.0170232
289 0.0169549
290 0.0168892
291 0.0168317
292 0.0167736
293 0.0166894
294 0.0166234
295 0.0165586
296 0.0164788
297 0.0164284
298 0.0163667
299 0.0162938
300 0.0162635
301 0.0161885
302 0.0161119
303 0.0160501
304 0.0159911
305 0.0159357
306 0.0158716
307 0.0158147
308 0.0157455
309 0.0156747
310 0.0156297
311 0.0155819
312 0.0155174
313 0.015464
314 0.015405
315 0.0153353
316 0.0152931
317 0.0152374
318 0.0151771
319 0.0151171
320 0.0150741
321 0.0150309
322 0.0149727
323 0.0149213
324 0.0148667
325 0.01481
326 0.0147457
327 0.014696
328 0.0146275
329 0.014587
330 0.0145297
331 0.0144875
332 0.0144507
333 0.0143976
334 0.0143364
335 0.0142698
336 0.0142241
337 0.0141711
338 0.0141275
339 0.0140914
340 0.0140354
341 0.0139998
342 0.0139441
343 0.0138981
344 0.0138489
345 0.013814
346 0.0137615
347 0.0137167
348 0.0136657
349 0.0136262
350 0.0135783
351 0.0135343
352 0.0134835
353 0.0134412
354 0.0133905
355 0.0133543
356 0.0133043
357 0.0132634
358 0.0132227
359 0.0131879
360 0.0131494
361 0.0131115
362 0.0130631
363 0.0130248
364 0.0129955
365 0.0129393
366 0.0129045
367 0.0128631
368 0.0128279
369 0.0127889
370 0.0127516
371 0.0127126
372 0.012663
373 0.012627
374 0.0125867
375 0.0125431
376 0.0125033
377 0.0124624
378 0.0124324
379 0.0123933
380 0.0123554
381 0.0123237
382 0.0122802
383 0.0122527
384 0.01221
385 0.0121648
386 0.0121216
387 0.0121015
388 0.0120555
389 0.0120111
390 0.0119759
391 0.0119538
392 0.0119199
393 0.0118923
394 0.0118559
395 0.0118196
396 0.0117932
397 0.0117549
398 0.0117192
399 0.0116872
400 0.0116497
