1 0.499713
2 0.499996
3 0.499871
4 0.500079
5 0.499901
6 0.499822
7 0.499834
8 0.499859
9 0.500016
10 0.50006
11 0.500093
12 0.500052
13 0.500061
14 0.500057
15 0.500081
16 0.500036
17 0.500066
18 0.500093
19 0.50013
20 0.500148
21 0.500166
22 0.500162
23 0.500158
24 0.500124
25 0.50013
26 0.500733
27 0.501588
28 0.502619
29 0.503553
30 0.504515
31 0.505514
32 0.506404
33 0.50718
34 0.507934
35 0.508655
36 0.509268
37 0.509905
38 0.510592
39 0.511172
40 0.511684
41 0.512368
42 0.513237
43 0.514105
44 0.515036
45 0.515907
46 0.516843
47 0.517728
48 0.518658
49 0.519527
50 0.520273
51 0.521146
52 0.522061
53 0.523039
54 0.524001
55 0.525003
56 0.525999
57 0.526987
58 0.528005
59 0.529073
60 0.530062
61 0.531086
62 0.53205
63 0.533002
64 0.533966
65 0.534886
66 0.535839
67 0.536792
68 0.5377
69 0.538677
70 0.539612
71 0.540506
72 0.541364
73 0.542436
74 0.543204
75 0.544178
76 0.545081
77 0.545966
78 0.546836
79 0.5477
80 0.548525
81 0.549372
82 0.550279
83 0.551165
84 0.55202
85 0.552706
86 0.553645
87 0.554355
88 0.555225
89 0.555972
90 0.556838
91 0.557574
92 0.558428
93 0.559227
94 0.559863
95 0.560674
96 0.561364
97 0.562175
98 0.562927
99 0.563637
100 0.564313
101 0.565012
102 0.56567
103 0.566433
104 0.567168
105 0.567844
106 0.568529
107 0.569205
108 0.569853
109 0.570578
110 0.571232
111 0.571739
112 0.572358
113 0.573113
114 0.573714
115 0.574323
116 0.574971
117 0.575532
118 0.576102
119 0.576733
120 0.577297
121 0.577854
122 0.578516
123 0.579007
124 0.579538
125 0.580113
126 0.580689
127 0.581184
128 0.581724
129 0.582273
130 0.58288
131 0.583402
132 0.583867
133 0.584374
134 0.584864
135 0.585486
136 0.585949
137 0.586488
138 0.586949
139 0.587391
140 0.587867
141 0.588418
142 0.588856
143 0.589279
144 0.58976
145 0.59021
146 0.590587
147 0.591125
148 0.591493
149 0.59203
150 0.592457
151 0.592872
152 0.593395
153 0.59379
154 0.594107
155 0.594674
156 0.594971
157 0.595405
158 0.5959
159 0.596282
160 0.59669
161 0.596966
162 0.597385
163 0.597949
164 0.598248
165 0.598605
166 0.59898
167 0.599365
168 0.599812
169 0.600116
170 0.600333
171 0.600766
172 0.601277
173 0.601665
174 0.601935
175 0.602333
176 0.60264
177 0.603059
178 0.603504
179 0.603657
180 0.604133
181 0.604415
182 0.604753
183 0.605225
184 0.605423
185 0.605737
186 0.606074
187 0.606369
188 0.60677
189 0.607012
190 0.607328
191 0.607683
192 0.607975
193 0.608283
194 0.6086
195 0.608934
196 0.609324
197 0.609573
198 0.60986
199 0.610156
200 0.610427
201 0.610727
202 0.611038
203 0.611298
204 0.611667
205 0.611868
206 0.612176
207 0.61248
208 0.612783
209 0.612982
210 0.613254
211 0.613618
212 0.613858
213 0.614113
214 0.614371
215 0.614693
216 0.614863
217 0.615071
218 0.615339
219 0.61574
220 0.615964
221 0.616143
222 0.616522
223 0.616719
224 0.616992
225 0.617245
226 0.617521
227 0.617735
228 0.618039
229 0.618159
230 0.61842
231 0.618763
232 0.618984
233 0.6192
234 0.619407
235 0.619687
236 0.619824
237 0.62012
238 0.620371
239 0.620548
240 0.62075
241 0.621005
242 0.621296
243 0.621529
244 0.621777
245 0.621971
246 0.622182
247 0.622365
248 0.622602
249 0.622868
250 0.62308
251 0.623286
252 0.623467
253 0.623704
254 0.623897
255 0.623976
256 0.624323
257 0.624634
258 0.62474
259 0.624937
260 0.62512
261 0.625349
262 0.625557
263 0.625732
264 0.625948
265 0.626149
266 0.626287
267 0.626643
268 0.62673
269 0.626933
270 0.627096
271 0.627291
272 0.627566
273 0.627709
274 0.627877
275 0.628145
276 0.628261
277 0.628422
278 0.628722
279 0.628773
280 0.629035
281 0.62919
282 0.629402
283 0.629588
284 0.629711
285 0.629899
286 0.630061
287 0.630295
288 0.63041
289 0.630592
290 0.630796
291 0.63096
292 0.631044
293 0.631305
294 0.631454
295 0.631684
296 0.631861
297 0.632042
298 0.632246
299 0.632298
300 0.632601
301 0.632699
302 0.632786
303 0.633035
304 0.633145
305 0.633377
306 0.633591
307 0.633681
308 0.633817
309 0.633978
310 0.634117
311 0.634231
312 0.634469
313 0.634625
314 0.634705
315 0.634829
316 0.635001
317 0.635178
318 0.635333
319 0.635523
320 0.635601
321 0.635809
322 0.635898
323 0.636061
324 0.636214
325 0.636427
326 0.636538
327 0.636671
328 0.636826
329 0.636924
330 0.637113
331 0.637284
332 0.637371
333 0.637514
334 0.637662
335 0.637854
336 0.637996
337 0.638175
338 0.638292
339 0.638391
340 0.638568
341 0.638714
342 0.638752
343 0.638965
344 0.639136
345 0.639184
346 0.63947
347 0.639392
348 0.639621
349 0.639745
350 0.63995
351 0.63997
352 0.640141
353 0.640278
354 0.640427
355 0.640587
356 0.640622
357 0.640776
358 0.640906
359 0.641075
360 0.641206
361 0.641308
362 0.641442
363 0.641513
364 0.64169
365 0.64182
366 0.642001
367 0.642048
368 0.642105
369 0.642278
370 0.64244
371 0.642468
372 0.642713
373 0.642784
374 0.642924
375 0.64306
376 0.643159
377 0.643266
378 0.643331
379 0.643447
380 0.643591
381 0.643679
382 0.643813
383 0.644036
384 0.644079
385 0.644175
386 0.644319
387 0.644405
388 0.644541
389 0.644585
390 0.644846
391 0.644916
392 0.645052
393 0.645021
394 0.645229
395 0.645335
396 0.645456
397 0.645527
398 0.645628
399 0.64578
400 0.645852
