1 0.066719
2 0.066719
3 0.066719
4 0.066719
5 0.066719
6 0.066719
7 0.066719
8 0.066719
9 0.066719
10 0.066719
11 0.066719
12 0.066719
13 0.066719
14 0.066719
15 0.066719
16 0.066719
17 0.066719
18 0.066719
19 0.066719
20 0.066719
21 0.066719
22 0.066719
23 0.066719
24 0.066719
25 0.066719
26 0.08263
27 0.090698
28 0.094196
29 0.096691
30 0.097616
31 0.09792
32 0.098308
33 0.098568
34 0.09838
35 0.099152
36 0.099379
37 0.098909
38 0.098881
39 0.099037
40 0.098369
41 0.109302
42 0.116497
43 0.122699
44 0.126914
45 0.129771
46 0.131962
47 0.134129
48 0.135278
49 0.136002
50 0.13702
51 0.143355
52 0.149446
53 0.155482
54 0.161646
55 0.167678
56 0.172649
57 0.177492
58 0.181371
59 0.185625
60 0.188756
61 0.192497
62 0.196235
63 0.198386
64 0.200346
65 0.202901
66 0.206456
67 0.210537
68 0.214749
69 0.218314
70 0.22208
71 0.22566
72 0.229275
73 0.233658
74 0.23635
75 0.240642
76 0.244549
77 0.247484
78 0.250309
79 0.253386
80 0.256328
81 0.260102
82 0.262313
83 0.265194
84 0.268026
85 0.27034
86 0.273809
87 0.276277
88 0.2795
89 0.282132
90 0.284983
91 0.288219
92 0.291661
93 0.294606
94 0.296401
95 0.298818
96 0.301277
97 0.304192
98 0.306619
99 0.308238
100 0.310579
101 0.312313
102 0.31521
103 0.317273
104 0.318846
105 0.321459
106 0.32385
107 0.325141
108 0.32729
109 0.329672
110 0.33127
111 0.33267
112 0.33366
113 0.336436
114 0.33866
115 0.340031
116 0.341583
117 0.34358
118 0.346137
119 0.346823
120 0.348673
121 0.350246
122 0.351344
123 0.353001
124 0.354943
125 0.356086
126 0.358706
127 0.35945
128 0.360962
129 0.362288
130 0.364165
131 0.366223
132 0.366924
133 0.368109
134 0.369257
135 0.372281
136 0.372758
137 0.373959
138 0.375258
139 0.376757
140 0.377787
141 0.379109
142 0.381023
143 0.381691
144 0.383298
145 0.384322
146 0.384958
147 0.386891
148 0.387753
149 0.388469
150 0.39108
151 0.39148
152 0.393497
153 0.393876
154 0.394455
155 0.396189
156 0.396785
157 0.398077
158 0.399752
159 0.400767
160 0.401098
161 0.402417
162 0.403608
163 0.406073
164 0.406472
165 0.407132
166 0.407747
167 0.409361
168 0.410928
169 0.411385
170 0.411772
171 0.413841
172 0.414597
173 0.41634
174 0.416506
175 0.417261
176 0.417859
177 0.419632
178 0.42117
179 0.42122
180 0.422727
181 0.423819
182 0.42423
183 0.425762
184 0.426694
185 0.426567
186 0.427285
187 0.42872
188 0.430399
189 0.430728
190 0.431404
191 0.432572
192 0.43226
193 0.433714
194 0.434687
195 0.435535
196 0.437361
197 0.437661
198 0.438021
199 0.439426
200 0.440067
201 0.440596
202 0.441703
203 0.443111
204 0.443609
205 0.444242
206 0.445235
207 0.445919
208 0.446576
209 0.447632
210 0.44734
211 0.448813
212 0.449849
213 0.450926
214 0.451481
215 0.45217
216 0.452578
217 0.453583
218 0.454299
219 0.455214
220 0.455895
221 0.455624
222 0.458053
223 0.458291
224 0.459205
225 0.459709
226 0.460345
227 0.46169
228 0.4626
229 0.462136
230 0.463037
231 0.464142
232 0.465042
233 0.465651
234 0.465463
235 0.466599
236 0.467179
237 0.468058
238 0.467674
239 0.468272
240 0.469474
241 0.470555
242 0.471576
243 0.472075
244 0.473401
245 0.473477
246 0.4741
247 0.474535
248 0.476024
249 0.476049
250 0.476607
251 0.478175
252 0.478354
253 0.478673
254 0.479805
255 0.479279
256 0.480927
257 0.481039
258 0.482158
259 0.482502
260 0.483295
261 0.483655
262 0.483975
263 0.484529
264 0.485502
265 0.485958
266 0.487216
267 0.487745
268 0.487389
269 0.488499
270 0.488783
271 0.489139
272 0.490541
273 0.491025
274 0.491221
275 0.491527
276 0.492245
277 0.492856
278 0.493789
279 0.494454
280 0.494946
281 0.49539
282 0.495085
283 0.496923
284 0.496679
285 0.497213
286 0.496939
287 0.499012
288 0.499051
289 0.499022
290 0.500772
291 0.501032
292 0.500332
293 0.50151
294 0.502272
295 0.502216
296 0.503333
297 0.503872
298 0.505066
299 0.504471
300 0.506297
301 0.506837
302 0.506233
303 0.506676
304 0.506884
305 0.508611
306 0.508779
307 0.509236
308 0.50988
309 0.510058
310 0.510737
311 0.510878
312 0.512568
313 0.511683
314 0.512285
315 0.51234
316 0.512873
317 0.51371
318 0.51379
319 0.514761
320 0.514728
321 0.516976
322 0.516428
323 0.517328
324 0.517457
325 0.517479
326 0.518114
327 0.518373
328 0.519043
329 0.519081
330 0.519499
331 0.520902
332 0.520262
333 0.521557
334 0.52153
335 0.523264
336 0.522958
337 0.523995
338 0.524224
339 0.524843
340 0.524748
341 0.525314
342 0.525275
343 0.526659
344 0.526976
345 0.526741
346 0.527016
347 0.527156
348 0.528195
349 0.529111
350 0.529013
351 0.529301
352 0.530077
353 0.530448
354 0.530554
355 0.531492
356 0.531234
357 0.531433
358 0.532008
359 0.532404
360 0.533924
361 0.533758
362 0.533757
363 0.533481
364 0.535174
365 0.535666
366 0.53577
367 0.535603
368 0.536039
369 0.536832
370 0.537576
371 0.537533
372 0.539132
373 0.539104
374 0.539176
375 0.539512
376 0.53985
377 0.540059
378 0.540582
379 0.540256
380 0.541398
381 0.540945
382 0.541897
383 0.542928
384 0.54208
385 0.54306
386 0.544065
387 0.543955
388 0.544013
389 0.544182
390 0.545135
391 0.545808
392 0.546189
393 0.545428
394 0.546728
395 0.546653
396 0.547307
397 0.547309
398 0.548392
399 0.547851
400 0.54791
