1 0.499713
2 0.49949
3 0.49949
4 0.49949
5 0.49949
6 0.49949
7 0.49949
8 0.49949
9 0.49949
10 0.49949
11 0.49949
12 0.49949
13 0.49949
14 0.49949
15 0.49949
16 0.49949
17 0.499554
18 0.499554
19 0.499554
20 0.499554
21 0.499554
22 0.499554
23 0.499554
24 0.499554
25 0.499554
26 0.516637
27 0.52483
28 0.529733
29 0.531827
30 0.532601
31 0.532584
32 0.533189
33 0.532592
34 0.532669
35 0.533103
36 0.534152
37 0.533449
38 0.532868
39 0.533148
40 0.533064
41 0.540851
42 0.546424
43 0.55103
44 0.553552
45 0.556391
46 0.557953
47 0.559026
48 0.560576
49 0.560491
50 0.560686
51 0.564493
52 0.568032
53 0.571308
54 0.575684
55 0.578813
56 0.5807
57 0.583153
58 0.584957
59 0.587588
60 0.589919
61 0.590395
62 0.592762
63 0.593528
64 0.594408
65 0.596263
66 0.597645
67 0.598251
68 0.601763
69 0.604177
70 0.603201
71 0.606647
72 0.607642
73 0.610063
74 0.610092
75 0.612371
76 0.613707
77 0.614089
78 0.615331
79 0.617558
80 0.619177
81 0.620098
82 0.620779
83 0.621327
84 0.623191
85 0.624476
86 0.625262
87 0.625901
88 0.627512
89 0.628268
90 0.629027
91 0.630616
92 0.630884
93 0.631841
94 0.632623
95 0.633886
96 0.635034
97 0.635672
98 0.636287
99 0.637676
100 0.638501
101 0.638508
102 0.638491
103 0.639861
104 0.641183
105 0.640503
106 0.642392
107 0.643127
108 0.642897
109 0.642902
110 0.644597
111 0.644654
112 0.645007
113 0.645843
114 0.646732
115 0.647388
116 0.647196
117 0.648361
118 0.648475
119 0.648625
120 0.649619
121 0.650765
122 0.650931
123 0.650558
124 0.65084
125 0.652104
126 0.652828
127 0.652292
128 0.653392
129 0.652931
130 0.653787
131 0.654739
132 0.654342
133 0.654722
134 0.655723
135 0.655842
136 0.656251
137 0.657018
138 0.656691
139 0.657874
140 0.657987
141 0.658023
142 0.659383
143 0.659036
144 0.659351
145 0.659366
146 0.659183
147 0.660476
148 0.660137
149 0.660484
150 0.660929
151 0.661598
152 0.662467
153 0.66203
154 0.661526
155 0.6624
156 0.661212
157 0.66363
158 0.662263
159 0.66419
160 0.664565
161 0.664118
162 0.664087
163 0.664047
164 0.664915
165 0.664996
166 0.665696
167 0.665224
168 0.665858
169 0.666042
170 0.666279
171 0.666193
172 0.666638
173 0.666665
174 0.666811
175 0.667756
176 0.668239
177 0.668046
178 0.667732
179 0.668307
180 0.668766
181 0.669311
182 0.670137
183 0.669498
184 0.669558
185 0.670186
186 0.669011
187 0.669983
188 0.670728
189 0.671426
190 0.671292
191 0.671793
192 0.671751
193 0.671904
194 0.671461
195 0.67221
196 0.67197
197 0.672172
198 0.672702
199 0.672168
200 0.672569
201 0.672686
202 0.673037
203 0.673527
204 0.673506
205 0.674632
206 0.672859
207 0.674552
208 0.673471
209 0.674425
210 0.674582
211 0.674313
212 0.674357
213 0.674826
214 0.674919
215 0.675094
216 0.675016
217 0.675992
218 0.675662
219 0.676092
220 0.675689
221 0.676027
222 0.675974
223 0.67602
224 0.676736
225 0.677297
226 0.676576
227 0.67704
228 0.676836
229 0.67766
230 0.677086
231 0.677779
232 0.67767
233 0.677371
234 0.677346
235 0.678624
236 0.677699
237 0.678253
238 0.677767
239 0.679067
240 0.678664
241 0.678512
242 0.679504
243 0.679271
244 0.6797
245 0.679741
246 0.680018
247 0.679924
248 0.68015
249 0.679787
250 0.679552
251 0.679583
252 0.68032
253 0.680213
254 0.681087
255 0.680412
256 0.681132
257 0.680815
258 0.680876
259 0.681223
260 0.680946
261 0.682329
262 0.681558
263 0.682439
264 0.681668
265 0.681449
266 0.681488
267 0.682077
268 0.682142
269 0.68237
270 0.682829
271 0.682216
272 0.682796
273 0.683542
274 0.683101
275 0.682666
276 0.683257
277 0.683863
278 0.683035
279 0.682808
280 0.682893
281 0.683521
282 0.683418
283 0.682983
284 0.683633
285 0.683939
286 0.682974
287 0.684292
288 0.683846
289 0.684782
290 0.685395
291 0.684243
292 0.684569
293 0.685248
294 0.684827
295 0.684973
296 0.684503
297 0.685097
298 0.685503
299 0.68472
300 0.685146
301 0.685288
302 0.685403
303 0.685662
304 0.685689
305 0.686191
306 0.6853
307 0.686356
308 0.685692
309 0.685664
310 0.686171
311 0.685503
312 0.68632
313 0.686516
314 0.686166
315 0.686126
316 0.685707
317 0.687047
318 0.686428
319 0.687003
320 0.68729
321 0.686598
322 0.687672
323 0.687149
324 0.687312
325 0.687406
326 0.687008
327 0.686934
328 0.68775
329 0.68663
330 0.688038
331 0.688134
332 0.686885
333 0.688165
334 0.688207
335 0.687836
336 0.688499
337 0.687792
338 0.688065
339 0.68904
340 0.688085
341 0.689007
342 0.687886
343 0.688452
344 0.688261
345 0.688995
346 0.689113
347 0.689011
348 0.689491
349 0.687888
350 0.689831
351 0.688559
352 0.689897
353 0.689614
354 0.689523
355 0.688884
356 0.689536
357 0.689837
358 0.688683
359 0.689056
360 0.689224
361 0.689465
362 0.69064
363 0.689445
364 0.690374
365 0.689864
366 0.689566
367 0.68955
368 0.690347
369 0.69041
370 0.690505
371 0.691462
372 0.690195
373 0.689784
374 0.690807
375 0.689991
376 0.69087
377 0.690234
378 0.690743
379 0.690917
380 0.691171
381 0.689999
382 0.691176
383 0.691677
384 0.691245
385 0.69098
386 0.690595
387 0.69134
388 0.691518
389 0.691645
390 0.691493
391 0.691287
392 0.69186
393 0.691529
394 0.690921
395 0.691925
396 0.69113
397 0.691505
398 0.692536
399 0.691516
400 0.692486
