1 0.573295
2 0.573295
3 0.573295
4 0.573295
5 0.573295
6 0.573295
7 0.573295
8 0.573295
9 0.573295
10 0.573295
11 0.573295
12 0.573295
13 0.573295
14 0.573295
15 0.573295
16 0.573295
17 0.573295
18 0.573295
19 0.573295
20 0.573295
21 0.573295
22 0.573295
23 0.573295
24 0.573295
25 0.573295
26 0.573295
27 0.573295
28 0.573295
29 0.573295
30 0.573295
31 0.573295
32 0.573295
33 0.573295
34 0.573295
35 0.573295
36 0.573295
37 0.573295
38 0.573295
39 0.573295
40 0.573295
41 0.573295
42 0.573295
43 0.573295
44 0.573295
45 0.573295
46 0.573295
47 0.573295
48 0.573295
49 0.573295
50 0.573295
51 0.573295
52 0.573295
53 0.573295
54 0.573295
55 0.573295
56 0.573295
57 0.573295
58 0.573295
59 0.573295
60 0.573295
61 0.573295
62 0.573295
63 0.573295
64 0.573295
65 0.573295
66 0.573295
67 0.573295
68 0.573295
69 0.573295
70 0.573295
71 0.573295
72 0.573295
73 0.573295
74 0.573295
75 0.573295
76 0.573295
77 0.573295
78 0.573295
79 0.573295
80 0.573295
81 0.573295
82 0.573295
83 0.573295
84 0.573295
85 0.573295
86 0.573295
87 0.573295
88 0.573295
89 0.573295
90 0.573295
91 0.573295
92 0.573295
93 0.573295
94 0.573295
95 0.573295
96 0.573295
97 0.573295
98 0.573295
99 0.573295
100 0.573295
101 0.573295
102 0.573295
103 0.573295
104 0.573295
105 0.573295
106 0.573295
107 0.573295
108 0.573295
109 0.573295
110 0.573295
111 0.573295
112 0.573295
113 0.573295
114 0.573295
115 0.573295
116 0.573295
117 0.573295
118 0.573295
119 0.573295
120 0.573295
121 0.573295
122 0.573295
123 0.573295
124 0.573295
125 0.573295
126 0.573295
127 0.573295
128 0.573295
129 0.573295
130 0.573295
131 0.573295
132 0.573295
133 0.573295
134 0.573295
135 0.573295
136 0.573295
137 0.573295
138 0.573295
139 0.573295
140 0.573295
141 0.573295
142 0.573295
143 0.573295
144 0.573295
145 0.573295
146 0.573295
147 0.573295
148 0.573295
149 0.573295
150 0.573295
151 0.573295
152 0.573295
153 0.573295
154 0.573295
155 0.573295
156 0.573295
157 0.573295
158 0.573295
159 0.573295
160 0.573295
161 0.573295
162 0.573295
163 0.573295
164 0.573295
165 0.573295
166 0.573295
167 0.573295
168 0.573295
169 0.573295
170 0.573295
171 0.573295
172 0.573295
173 0.573295
174 0.573295
175 0.573295
176 0.573295
177 0.573295
178 0.573295
179 0.573295
180 0.573295
181 0.573295
182 0.573295
183 0.573295
184 0.573295
185 0.573295
186 0.573295
187 0.573295
188 0.573295
189 0.573295
190 0.573295
191 0.573295
192 0.573295
193 0.573295
194 0.573295
195 0.573295
196 0.573295
197 0.573295
198 0.573295
199 0.573295
200 0.573295
201 0.573295
202 0.573295
203 0.573295
204 0.573295
205 0.573295
206 0.573295
207 0.573295
208 0.573295
209 0.573295
210 0.573295
211 0.573295
212 0.573295
213 0.573295
214 0.573295
215 0.573295
216 0.573295
217 0.573295
218 0.573295
219 0.573295
220 0.573295
221 0.573295
222 0.573295
223 0.573295
224 0.573295
225 0.573295
226 0.573295
227 0.573295
228 0.573295
229 0.573295
230 0.573295
231 0.573295
232 0.573295
233 0.573295
234 0.573295
235 0.573295
236 0.573295
237 0.573295
238 0.573295
239 0.573295
240 0.573295
241 0.573295
242 0.573295
243 0.573295
244 0.573295
245 0.573295
246 0.573295
247 0.573295
248 0.573295
249 0.573295
250 0.573295
251 0.573295
252 0.573295
253 0.573295
254 0.573295
255 0.573295
256 0.573295
257 0.573295
258 0.573295
259 0.573295
260 0.573295
261 0.573295
262 0.573295
263 0.573295
264 0.573295
265 0.573295
266 0.573295
267 0.573295
268 0.573295
269 0.573295
270 0.573295
271 0.573295
272 0.573295
273 0.573295
274 0.573295
275 0.573295
276 0.573295
277 0.573295
278 0.573295
279 0.573295
280 0.573295
281 0.573295
282 0.573295
283 0.573295
284 0.573295
285 0.573295
286 0.573295
287 0.573295
288 0.573295
289 0.573295
290 0.573295
291 0.573295
292 0.573295
293 0.573295
294 0.573295
295 0.573295
296 0.573295
297 0.573295
298 0.573295
299 0.573295
300 0.573295
301 0.573295
302 0.573295
303 0.573295
304 0.573295
305 0.573295
306 0.573295
307 0.573295
308 0.573295
309 0.573295
310 0.573295
311 0.573295
312 0.573295
313 0.573295
314 0.573295
315 0.573295
316 0.573295
317 0.573295
318 0.573295
319 0.573295
320 0.573295
321 0.573295
322 0.573295
323 0.573295
324 0.573295
325 0.573295
326 0.573295
327 0.573295
328 0.573295
329 0.573295
330 0.573295
331 0.573295
332 0.573295
333 0.573295
334 0.573295
335 0.573295
336 0.573295
337 0.573295
338 0.573295
339 0.573295
340 0.573295
341 0.573295
342 0.573295
343 0.573295
344 0.573295
345 0.573295
346 0.573295
347 0.573295
348 0.573295
349 0.573295
350 0.573295
351 0.573295
352 0.573295
353 0.573295
354 0.573295
355 0.573295
356 0.573295
357 0.573295
358 0.573295
359 0.573295
360 0.573295
361 0.573295
362 0.573295
363 0.573295
364 0.573295
365 0.573295
366 0.573295
367 0.573295
368 0.573295
369 0.573295
370 0.573295
371 0.573295
372 0.573295
373 0.573295
374 0.573295
375 0.573295
376 0.573295
377 0.573295
378 0.573295
379 0.573295
380 0.573295
381 0.573295
382 0.573295
383 0.573295
384 0.573295
385 0.573295
386 0.573295
387 0.573295
388 0.573295
389 0.573295
390 0.573295
391 0.573295
392 0.573295
393 0.573295
394 0.573295
395 0.573295
396 0.573295
397 0.573295
398 0.573295
399 0.573295
400 0.573295
