1 0.498966
2 0.499601
3 0.499648
4 0.499595
5 0.499596
6 0.499586
7 0.499573
8 0.501679
9 0.503772
10 0.505808
11 0.507871
12 0.50971
13 0.511355
14 0.512994
15 0.51449
16 0.515841
17 0.517063
18 0.518165
19 0.519131
20 0.520106
21 0.521014
22 0.521847
23 0.522704
24 0.523513
25 0.524203
26 0.524889
27 0.525601
28 0.526257
29 0.526886
30 0.527445
31 0.528055
32 0.528579
33 0.529099
34 0.529602
35 0.530124
36 0.530611
37 0.531111
38 0.531578
39 0.531998
40 0.532408
41 0.532809
42 0.533232
43 0.533601
44 0.534001
45 0.534345
46 0.534703
47 0.535038
48 0.535371
49 0.535683
50 0.535986
51 0.536281
52 0.536605
53 0.536885
54 0.537191
55 0.537466
56 0.537738
57 0.537981
58 0.538269
59 0.538524
60 0.53879
61 0.53905
62 0.539303
63 0.539527
64 0.539767
65 0.539991
66 0.54023
67 0.540431
68 0.540644
69 0.540849
70 0.541051
71 0.541247
72 0.54146
73 0.54169
74 0.541852
75 0.542042
76 0.542227
77 0.542402
78 0.542591
79 0.542756
80 0.542934
81 0.543102
82 0.543254
83 0.543436
84 0.54359
85 0.543718
86 0.543896
87 0.544048
88 0.544197
89 0.544347
90 0.544508
91 0.54464
92 0.544793
93 0.544957
94 0.545084
95 0.545245
96 0.545379
97 0.545521
98 0.545646
99 0.545786
100 0.545909
101 0.546035
102 0.546128
103 0.546269
104 0.546402
105 0.546518
106 0.546639
107 0.546753
108 0.546869
109 0.546988
110 0.547099
111 0.547215
112 0.547332
113 0.547446
114 0.547556
115 0.547657
116 0.547767
117 0.547861
118 0.547961
119 0.548078
120 0.548172
121 0.54828
122 0.548378
123 0.548469
124 0.548571
125 0.548667
126 0.548775
127 0.548858
128 0.548955
129 0.549044
130 0.549147
131 0.549223
132 0.549319
133 0.549406
134 0.549489
135 0.549575
136 0.54966
137 0.549743
138 0.549822
139 0.549902
140 0.549983
141 0.550055
142 0.550138
143 0.550213
144 0.550294
145 0.550374
146 0.550447
147 0.550532
148 0.550605
149 0.550684
150 0.550758
151 0.550835
152 0.550912
153 0.550992
154 0.551057
155 0.551129
156 0.551193
157 0.551266
158 0.551334
159 0.551401
160 0.551467
161 0.551537
162 0.551605
163 0.551684
164 0.551736
165 0.551802
166 0.551867
167 0.551923
168 0.551992
169 0.552057
170 0.552077
171 0.552131
172 0.552238
173 0.552303
174 0.55236
175 0.552414
176 0.552477
177 0.552531
178 0.552603
179 0.552646
180 0.552703
181 0.552765
182 0.552827
183 0.552884
184 0.552933
185 0.552992
186 0.553064
187 0.553102
188 0.553156
189 0.55321
190 0.553266
191 0.553316
192 0.553371
193 0.553429
194 0.553485
195 0.553526
196 0.553588
197 0.553628
198 0.553686
199 0.553732
200 0.553783
201 0.553829
202 0.553878
203 0.553922
204 0.553977
205 0.553999
206 0.554071
207 0.554113
208 0.554167
209 0.554213
210 0.554264
211 0.554302
212 0.554349
213 0.554395
214 0.554435
215 0.554481
216 0.554528
217 0.554572
218 0.554619
219 0.554667
220 0.554702
221 0.554744
222 0.554786
223 0.554828
224 0.554869
225 0.554913
226 0.554949
227 0.554991
228 0.555029
229 0.555066
230 0.555109
231 0.555148
232 0.555187
233 0.555225
234 0.555275
235 0.555308
236 0.555348
237 0.555383
238 0.555423
239 0.555455
240 0.555499
241 0.555543
242 0.55557
243 0.555608
244 0.555645
245 0.555681
246 0.555717
247 0.555753
248 0.555791
249 0.555827
250 0.55586
251 0.555898
252 0.555937
253 0.555971
254 0.556009
255 0.555997
256 0.556077
257 0.556154
258 0.556147
259 0.55618
260 0.556213
261 0.556247
262 0.55628
263 0.556311
264 0.556344
265 0.556377
266 0.556406
267 0.55644
268 0.556477
269 0.556512
270 0.556547
271 0.556586
272 0.556613
273 0.556634
274 0.556672
275 0.556702
276 0.556731
277 0.556761
278 0.556799
279 0.556827
280 0.556859
281 0.556891
282 0.556921
283 0.556955
284 0.556983
285 0.557016
286 0.557046
287 0.557075
288 0.557103
289 0.55713
290 0.557157
291 0.557189
292 0.557218
293 0.557251
294 0.557276
295 0.557302
296 0.55733
297 0.557362
298 0.557388
299 0.557422
300 0.557447
301 0.557475
302 0.557505
303 0.557532
304 0.557554
305 0.557579
306 0.557609
307 0.557653
308 0.557662
309 0.55769
310 0.557712
311 0.55774
312 0.557766
313 0.557799
314 0.557819
315 0.557836
316 0.557868
317 0.557891
318 0.557925
319 0.557947
320 0.557973
321 0.557998
322 0.558028
323 0.558051
324 0.558074
325 0.5581
326 0.55813
327 0.558148
328 0.558174
329 0.558194
330 0.558223
331 0.558244
332 0.558265
333 0.558289
334 0.558319
335 0.55834
336 0.558361
337 0.558382
338 0.558407
339 0.55843
340 0.558456
341 0.558507
342 0.558509
343 0.558527
344 0.55855
345 0.558574
346 0.558599
347 0.558619
348 0.558641
349 0.558661
350 0.558686
351 0.558704
352 0.558727
353 0.558748
354 0.558773
355 0.558797
356 0.558816
357 0.558838
358 0.558858
359 0.558875
360 0.558901
361 0.558919
362 0.558944
363 0.558966
364 0.558986
365 0.559008
366 0.559039
367 0.559053
368 0.559074
369 0.559094
370 0.559116
371 0.559137
372 0.559158
373 0.559177
374 0.559198
375 0.559222
376 0.559241
377 0.55926
378 0.559281
379 0.559303
380 0.559323
381 0.559338
382 0.559362
383 0.559377
384 0.5594
385 0.559419
386 0.559442
387 0.55946
388 0.559481
389 0.5595
390 0.559526
391 0.559535
392 0.559553
393 0.559572
394 0.559594
395 0.559611
396 0.559632
397 0.559651
398 0.559662
399 0.55969
400 0.559708
