1 0.499999
2 0.353216
3 0.294703
4 0.257989
5 0.235349
6 0.217426
7 0.204599
8 0.194177
9 0.186024
10 0.179321
11 0.173832
12 0.168964
13 0.164983
14 0.161202
15 0.158376
16 0.155496
17 0.153137
18 0.150727
19 0.148851
20 0.14709
21 0.145236
22 0.143923
23 0.142525
24 0.141114
25 0.140006
26 0.138957
27 0.137851
28 0.136823
29 0.136197
30 0.135302
31 0.134391
32 0.133603
33 0.132885
34 0.132451
35 0.131647
36 0.13091
37 0.130318
38 0.129866
39 0.129424
40 0.12894
41 0.12853
42 0.127872
43 0.127509
44 0.127303
45 0.126799
46 0.126346
47 0.125859
48 0.125582
49 0.125351
50 0.125043
51 0.124729
52 0.124386
53 0.124156
54 0.123662
55 0.123644
56 0.123309
57 0.123106
58 0.122893
59 0.122516
60 0.122317
61 0.12213
62 0.121825
63 0.121547
64 0.121146
65 0.121363
66 0.121118
67 0.120918
68 0.120728
69 0.120536
70 0.120422
71 0.120171
72 0.119918
73 0.119716
74 0.119703
75 0.119494
76 0.119485
77 0.119305
78 0.11922
79 0.119183
80 0.118932
81 0.118742
82 0.118791
83 0.118606
84 0.118413
85 0.118428
86 0.118225
87 0.118119
88 0.11804
89 0.117902
90 0.117822
91 0.117722
92 0.117559
93 0.11742
94 0.117345
95 0.117292
96 0.117121
97 0.117037
98 0.117052
99 0.116947
100 0.116856
101 0.116712
102 0.116796
103 0.116496
104 0.116551
105 0.116417
106 0.116361
107 0.116368
108 0.116204
109 0.116065
110 0.116175
111 0.115951
112 0.115909
113 0.115798
114 0.115697
115 0.11571
116 0.11574
117 0.115705
118 0.115624
119 0.11553
120 0.115412
121 0.115324
122 0.115297
123 0.115246
124 0.115167
125 0.115046
126 0.114939
127 0.114958
128 0.114878
129 0.114911
130 0.11478
131 0.114788
132 0.114841
133 0.114658
134 0.114659
135 0.1146
136 0.114527
137 0.114546
138 0.114407
139 0.114241
140 0.114414
141 0.11426
142 0.114275
143 0.114219
144 0.114097
145 0.114164
146 0.1141
147 0.113974
148 0.113997
149 0.113903
150 0.113856
151 0.113832
152 0.113772
153 0.113737
154 0.113704
155 0.113756
156 0.113648
157 0.11363
158 0.113643
159 0.11358
160 0.113532
161 0.113472
162 0.11341
163 0.113413
164 0.113437
165 0.113395
166 0.113285
167 0.113315
168 0.113213
169 0.113169
170 0.113347
171 0.113277
172 0.113053
173 0.113039
174 0.113037
175 0.113074
176 0.113013
177 0.113015
178 0.112967
179 0.112982
180 0.112877
181 0.112812
182 0.112863
183 0.112861
184 0.112793
185 0.112702
186 0.112624
187 0.112866
188 0.11265
189 0.11262
190 0.112637
191 0.112609
192 0.112448
193 0.112651
194 0.112563
195 0.112605
196 0.112571
197 0.11249
198 0.112459
199 0.112404
200 0.112426
201 0.112368
202 0.112339
203 0.112403
204 0.112254
205 0.112483
206 0.112182
207 0.112317
208 0.112231
209 0.112149
210 0.112175
211 0.112161
212 0.112137
213 0.112028
214 0.112173
215 0.112078
216 0.112063
217 0.112051
218 0.111999
219 0.112027
220 0.112055
221 0.111972
222 0.11193
223 0.111934
224 0.111918
225 0.111812
226 0.111875
227 0.111934
228 0.111853
229 0.111809
230 0.111758
231 0.111793
232 0.111835
233 0.111793
234 0.111748
235 0.111704
236 0.111716
237 0.111695
238 0.111648
239 0.111661
240 0.111623
241 0.111598
242 0.11159
243 0.111597
244 0.111579
245 0.111664
246 0.1116
247 0.111564
248 0.111568
249 0.111519
250 0.111538
251 0.111474
252 0.111446
253 0.111461
254 0.11141
255 0.111603
256 0.111459
257 0.111141
258 0.111361
259 0.111341
260 0.111296
261 0.111278
262 0.111242
263 0.111345
264 0.111343
265 0.111238
266 0.11129
267 0.111343
268 0.11128
269 0.111169
270 0.111146
271 0.111146
272 0.111177
273 0.111155
274 0.111201
275 0.111192
276 0.111102
277 0.111123
278 0.11096
279 0.111103
280 0.111127
281 0.111092
282 0.111054
283 0.110974
284 0.111066
285 0.111031
286 0.111013
287 0.110934
288 0.110935
289 0.110994
290 0.111031
291 0.110883
292 0.110969
293 0.110937
294 0.110864
295 0.110818
296 0.110901
297 0.110851
298 0.110826
299 0.110922
300 0.110846
301 0.110793
302 0.110822
303 0.110774
304 0.110732
305 0.110857
306 0.11075
307 0.11067
308 0.110761
309 0.110647
310 0.11076
311 0.110688
312 0.110687
313 0.110685
314 0.110699
315 0.110673
316 0.110714
317 0.110649
318 0.110628
319 0.110661
320 0.110553
321 0.110717
322 0.110556
323 0.1106
324 0.110586
325 0.110543
326 0.110571
327 0.110521
328 0.110618
329 0.110461
330 0.110572
331 0.110477
332 0.110525
333 0.110538
334 0.11048
335 0.110504
336 0.110426
337 0.110458
338 0.110454
339 0.110467
340 0.110434
341 0.110427
342 0.110351
343 0.110483
344 0.11041
345 0.110413
346 0.110364
347 0.110397
348 0.110348
349 0.110334
350 0.110371
351 0.110417
352 0.110335
353 0.110276
354 0.110394
355 0.110321
356 0.110375
357 0.110272
358 0.110291
359 0.110327
360 0.110274
361 0.110325
362 0.110231
363 0.110265
364 0.110276
365 0.11025
366 0.110236
367 0.110198
368 0.110248
369 0.110204
370 0.110143
371 0.110249
372 0.110158
373 0.11016
374 0.110265
375 0.110116
376 0.110138
377 0.110216
378 0.110093
379 0.110119
380 0.11014
381 0.11009
382 0.110087
383 0.110151
384 0.110106
385 0.110065
386 0.110119
387 0.110107
388 0.110081
389 0.110146
390 0.110055
391 0.110054
392 0.110068
393 0.110094
394 0.110043
395 0.110039
396 0.11004
397 0.110044
398 0.110026
399 0.109985
400 0.110006
