1 0.500281
2 0.499719
3 0.499677
4 0.500323
5 0.500369
6 0.499631
7 0.500281
8 0.572734
9 0.590553
10 0.608968
11 0.628325
12 0.633517
13 0.644329
14 0.650317
15 0.660025
16 0.664866
17 0.667093
18 0.669308
19 0.669916
20 0.67945
21 0.682604
22 0.684874
23 0.69188
24 0.693171
25 0.694513
26 0.69523
27 0.705484
28 0.705912
29 0.709477
30 0.712356
31 0.71217
32 0.716571
33 0.718482
34 0.721455
35 0.72519
36 0.725014
37 0.727451
38 0.731485
39 0.732411
40 0.73262
41 0.735979
42 0.738025
43 0.739364
44 0.742517
45 0.744023
46 0.744288
47 0.747362
48 0.748961
49 0.749421
50 0.751318
51 0.754514
52 0.754572
53 0.756509
54 0.758015
55 0.759319
56 0.759574
57 0.761698
58 0.764228
59 0.764347
60 0.765759
61 0.767165
62 0.76662
63 0.768647
64 0.7711
65 0.771291
66 0.771592
67 0.772817
68 0.775522
69 0.775296
70 0.776087
71 0.778536
72 0.779681
73 0.778918
74 0.780984
75 0.781597
76 0.782119
77 0.783369
78 0.784
79 0.785352
80 0.786058
81 0.786933
82 0.786571
83 0.789135
84 0.788995
85 0.79019
86 0.790459
87 0.791625
88 0.791507
89 0.793179
90 0.792832
91 0.794059
92 0.794783
93 0.795147
94 0.796372
95 0.797184
96 0.798265
97 0.798351
98 0.799021
99 0.799923
100 0.800292
101 0.801176
102 0.802549
103 0.801741
104 0.80373
105 0.804261
106 0.804021
107 0.805413
108 0.805788
109 0.806394
110 0.805893
111 0.807511
112 0.808038
113 0.808187
114 0.808407
115 0.809033
116 0.80956
117 0.811106
118 0.811815
119 0.812071
120 0.812174
121 0.81324
122 0.813393
123 0.81457
124 0.814265
125 0.8144
126 0.816225
127 0.81644
128 0.816558
129 0.816831
130 0.81717
131 0.817939
132 0.818474
133 0.819206
134 0.819553
135 0.819554
136 0.820225
137 0.820776
138 0.821231
139 0.822032
140 0.822472
141 0.822148
142 0.823526
143 0.823969
144 0.823119
145 0.824441
146 0.824286
147 0.824984
148 0.825674
149 0.82619
150 0.825818
151 0.8264
152 0.826943
153 0.827284
154 0.827621
155 0.828092
156 0.828674
157 0.828213
158 0.829712
159 0.829963
160 0.83017
161 0.831116
162 0.831102
163 0.830314
164 0.831235
165 0.832478
166 0.831906
167 0.832703
168 0.833497
169 0.834093
170 0.833417
171 0.834629
172 0.834933
173 0.834629
174 0.835986
175 0.836638
176 0.83547
177 0.836587
178 0.836927
179 0.837078
180 0.837434
181 0.838467
182 0.837955
183 0.838594
184 0.83818
185 0.838897
186 0.839702
187 0.839394
188 0.840277
189 0.840172
190 0.840431
191 0.840576
192 0.840971
193 0.841674
194 0.841708
195 0.842664
196 0.842314
197 0.842619
198 0.842752
199 0.842949
200 0.843202
201 0.844241
202 0.844332
203 0.844585
204 0.844813
205 0.844973
206 0.845042
207 0.845493
208 0.845624
209 0.846304
210 0.845971
211 0.846249
212 0.847003
213 0.846843
214 0.847434
215 0.846597
216 0.847696
217 0.847872
218 0.84793
219 0.848256
220 0.848952
221 0.848313
222 0.8488
223 0.848928
224 0.849073
225 0.849296
226 0.850381
227 0.84974
228 0.850588
229 0.850904
230 0.850673
231 0.851296
232 0.851533
233 0.85163
234 0.8517
235 0.852193
236 0.85218
237 0.85279
238 0.85298
239 0.853576
240 0.853069
241 0.853951
242 0.853979
243 0.854169
244 0.854344
245 0.854933
246 0.854407
247 0.854253
248 0.854976
249 0.855407
250 0.855311
251 0.855692
252 0.855836
253 0.856235
254 0.85669
255 0.856921
256 0.857171
257 0.857015
258 0.857192
259 0.857544
260 0.857661
261 0.857578
262 0.857812
263 0.858366
264 0.858568
265 0.858883
266 0.859068
267 0.859389
268 0.859277
269 0.859039
270 0.85983
271 0.859306
272 0.859753
273 0.860108
274 0.860254
275 0.860594
276 0.860517
277 0.860963
278 0.861328
279 0.861186
280 0.861615
281 0.862101
282 0.861986
283 0.861876
284 0.862373
285 0.862443
286 0.862441
287 0.8628
288 0.863122
289 0.862956
290 0.863354
291 0.863086
292 0.863571
293 0.864238
294 0.863631
295 0.864129
296 0.863915
297 0.864442
298 0.864939
299 0.86503
300 0.864917
301 0.865249
302 0.865437
303 0.865081
304 0.865682
305 0.866325
306 0.865922
307 0.866129
308 0.866566
309 0.866291
310 0.866497
311 0.866926
312 0.867104
313 0.867235
314 0.867362
315 0.867241
316 0.867938
317 0.868268
318 0.868151
319 0.868458
320 0.86848
321 0.868829
322 0.86872
323 0.868951
324 0.86898
325 0.869279
326 0.869551
327 0.869987
328 0.8696
329 0.870402
330 0.870115
331 0.870277
332 0.870211
333 0.870306
334 0.870998
335 0.870783
336 0.871425
337 0.871186
338 0.871098
339 0.871626
340 0.871707
341 0.871793
342 0.871768
343 0.872236
344 0.872118
345 0.872039
346 0.872122
347 0.872712
348 0.872958
349 0.87283
350 0.872882
351 0.872944
352 0.873044
353 0.873108
354 0.873421
355 0.873657
356 0.873536
357 0.874023
358 0.873804
359 0.874085
360 0.874528
361 0.874653
362 0.874551
363 0.874514
364 0.874723
365 0.875055
366 0.875077
367 0.875095
368 0.875508
369 0.875552
370 0.875705
371 0.875949
372 0.876141
373 0.876133
374 0.876018
375 0.876009
376 0.876556
377 0.876407
378 0.87697
379 0.876844
380 0.876862
381 0.877093
382 0.877232
383 0.877322
384 0.877335
385 0.877561
386 0.877591
387 0.87816
388 0.877995
389 0.878124
390 0.878218
391 0.87865
392 0.878165
393 0.878666
394 0.878847
395 0.879009
396 0.879185
397 0.879587
398 0.87918
399 0.879713
400 0.879562
