1 0.333334
2 0.333334
3 0.333238
4 0.333333
5 0.333455
6 0.33339
7 0.333458
8 0.333333
9 0.33336
10 0.333288
11 0.333247
12 0.338252
13 0.346051
14 0.352651
15 0.360252
16 0.368243
17 0.375261
18 0.382816
19 0.390255
20 0.396881
21 0.403924
22 0.410365
23 0.416594
24 0.422968
25 0.429019
26 0.434911
27 0.440863
28 0.446049
29 0.451119
30 0.456322
31 0.461497
32 0.466279
33 0.470413
34 0.47544
35 0.47957
36 0.483784
37 0.487746
38 0.492066
39 0.4958
40 0.499605
41 0.502807
42 0.506819
43 0.509686
44 0.513028
45 0.516531
46 0.519603
47 0.522937
48 0.525822
49 0.528817
50 0.531743
51 0.534442
52 0.537349
53 0.540205
54 0.543117
55 0.545627
56 0.547818
57 0.550733
58 0.552675
59 0.555175
60 0.557419
61 0.559634
62 0.562194
63 0.564502
64 0.565908
65 0.568295
66 0.570817
67 0.572408
68 0.574997
69 0.576963
70 0.578933
71 0.580908
72 0.582053
73 0.584372
74 0.585846
75 0.587983
76 0.589939
77 0.591456
78 0.593497
79 0.594921
80 0.596847
81 0.598204
82 0.599452
83 0.601381
84 0.602958
85 0.60439
86 0.605937
87 0.607196
88 0.608771
89 0.610956
90 0.611473
91 0.613063
92 0.614644
93 0.615708
94 0.617715
95 0.619131
96 0.620156
97 0.621537
98 0.622641
99 0.623788
100 0.625164
101 0.626275
102 0.627914
103 0.628786
104 0.630173
105 0.631243
106 0.632326
107 0.633402
108 0.634799
109 0.636503
110 0.637032
111 0.638205
112 0.639365
113 0.640329
114 0.64152
115 0.642349
116 0.64336
117 0.644572
118 0.645661
119 0.646752
120 0.647497
121 0.648607
122 0.649245
123 0.650498
124 0.651116
125 0.652268
126 0.653417
127 0.654251
128 0.655137
129 0.656296
130 0.656935
131 0.658166
132 0.659009
133 0.659528
134 0.660826
135 0.661752
136 0.662733
137 0.663781
138 0.663819
139 0.665195
140 0.666051
141 0.666887
142 0.667736
143 0.668182
144 0.669079
145 0.669793
146 0.67061
147 0.671428
148 0.672115
149 0.67309
150 0.673419
151 0.674676
152 0.675001
153 0.675328
154 0.676544
155 0.677252
156 0.678291
157 0.678947
158 0.679399
159 0.680521
160 0.680975
161 0.681418
162 0.682131
163 0.683312
164 0.683791
165 0.684477
166 0.684915
167 0.685583
168 0.686509
169 0.687207
170 0.688141
171 0.688571
172 0.689172
173 0.689976
174 0.690659
175 0.690814
176 0.69151
177 0.692177
178 0.69265
179 0.693181
180 0.694126
181 0.694624
182 0.695573
183 0.695841
184 0.696348
185 0.69756
186 0.69753
187 0.698218
188 0.698542
189 0.699251
190 0.699863
191 0.700414
192 0.701726
193 0.70208
194 0.701466
195 0.702444
196 0.703101
197 0.703551
198 0.70422
199 0.705152
200 0.705033
201 0.705879
202 0.706616
203 0.706741
204 0.70744
205 0.708038
206 0.708678
207 0.708886
208 0.709409
209 0.709956
210 0.710661
211 0.711134
212 0.711391
213 0.711795
214 0.712236
215 0.713213
216 0.713775
217 0.714177
218 0.714307
219 0.714627
220 0.715083
221 0.715831
222 0.716366
223 0.716901
224 0.716641
225 0.717434
226 0.717973
227 0.718418
228 0.719036
229 0.719301
230 0.720079
231 0.720124
232 0.720899
233 0.720679
234 0.721544
235 0.722048
236 0.722615
237 0.722937
238 0.723205
239 0.723936
240 0.723776
241 0.724623
242 0.724555
243 0.725209
244 0.725848
245 0.726192
246 0.726989
247 0.726902
248 0.727148
249 0.727533
250 0.72871
251 0.728247
252 0.729005
253 0.729115
254 0.729131
255 0.730408
256 0.730401
257 0.73112
258 0.731525
259 0.731779
260 0.732071
261 0.732628
262 0.732775
263 0.733414
264 0.733632
265 0.734332
266 0.734954
267 0.734522
268 0.734992
269 0.735484
270 0.735688
271 0.735959
272 0.736491
273 0.736987
274 0.73716
275 0.73731
276 0.737756
277 0.737849
278 0.738638
279 0.738466
280 0.73901
281 0.739253
282 0.739859
283 0.739898
284 0.740624
285 0.740622
286 0.740905
287 0.741395
288 0.741733
289 0.742339
290 0.74241
291 0.743044
292 0.743027
293 0.743611
294 0.743408
295 0.744107
296 0.744589
297 0.744669
298 0.745497
299 0.74521
300 0.745683
301 0.746204
302 0.74665
303 0.747122
304 0.747396
305 0.747303
306 0.747477
307 0.747859
308 0.748243
309 0.748096
310 0.748835
311 0.749228
312 0.749288
313 0.749786
314 0.750161
315 0.750435
316 0.750455
317 0.751135
318 0.751133
319 0.751342
320 0.751252
321 0.751739
322 0.752406
323 0.752692
324 0.753045
325 0.752823
326 0.753514
327 0.754472
328 0.753965
329 0.754463
330 0.754478
331 0.754887
332 0.755131
333 0.755936
334 0.755348
335 0.756389
336 0.756267
337 0.756846
338 0.756645
339 0.756582
340 0.757612
341 0.757668
342 0.758088
343 0.757501
344 0.75836
345 0.758782
346 0.759318
347 0.758894
348 0.75966
349 0.759528
350 0.760318
351 0.760573
352 0.760333
353 0.76051
354 0.761112
355 0.761234
356 0.761359
357 0.761964
358 0.762464
359 0.762127
360 0.762533
361 0.762738
362 0.762764
363 0.762864
364 0.763298
365 0.764059
366 0.763638
367 0.764192
368 0.764294
369 0.764574
370 0.765047
371 0.765219
372 0.765869
373 0.765902
374 0.766008
375 0.766035
376 0.766198
377 0.766228
378 0.766306
379 0.766917
380 0.767311
381 0.767383
382 0.767805
383 0.767941
384 0.768192
385 0.768418
386 0.768105
387 0.768605
388 0.769198
389 0.769281
390 0.769203
391 0.769686
392 0.769533
393 0.770089
394 0.770288
395 0.770181
396 0.770779
397 0.771383
398 0.771302
399 0.771756
400 0.771501
