1 0.458075
2 0.33819
3 0.264409
4 0.23408
5 0.212274
6 0.198327
7 0.184058
8 0.176244
9 0.167554
10 0.160079
11 0.155456
12 0.150332
13 0.147077
14 0.144616
15 0.142359
16 0.140765
17 0.139158
18 0.137752
19 0.136664
20 0.135639
21 0.134653
22 0.134018
23 0.133293
24 0.132493
25 0.131941
26 0.131634
27 0.131425
28 0.130839
29 0.130741
30 0.130439
31 0.130222
32 0.129698
33 0.129708
34 0.129339
35 0.128977
36 0.128866
37 0.128706
38 0.128697
39 0.128513
40 0.128346
41 0.127842
42 0.127898
43 0.127875
44 0.127809
45 0.127644
46 0.127541
47 0.127342
48 0.127393
49 0.127302
50 0.127328
51 0.127135
52 0.1271
53 0.127065
54 0.127048
55 0.1268
56 0.126709
57 0.126721
58 0.126696
59 0.126543
60 0.126605
61 0.126298
62 0.126353
63 0.126173
64 0.12615
65 0.126228
66 0.126137
67 0.126167
68 0.126148
69 0.126061
70 0.126033
71 0.126081
72 0.125729
73 0.125741
74 0.125838
75 0.125707
76 0.125721
77 0.125761
78 0.12569
79 0.125554
80 0.125541
81 0.125582
82 0.125561
83 0.125507
84 0.125384
85 0.1253
86 0.125359
87 0.125297
88 0.125274
89 0.125222
90 0.125313
91 0.125088
92 0.125167
93 0.12533
94 0.125044
95 0.124945
96 0.1251
97 0.124999
98 0.124932
99 0.124943
100 0.124827
101 0.124876
102 0.124862
103 0.124793
104 0.124718
105 0.12464
106 0.124697
107 0.12462
108 0.124703
109 0.124623
110 0.124621
111 0.124556
112 0.124549
113 0.124639
114 0.124591
115 0.124441
116 0.12444
117 0.124391
118 0.124476
119 0.124325
120 0.124464
121 0.1244
122 0.124283
123 0.124278
124 0.124383
125 0.124253
126 0.124193
127 0.124194
128 0.124102
129 0.12423
130 0.124155
131 0.124225
132 0.124185
133 0.124114
134 0.124125
135 0.124102
136 0.124022
137 0.124116
138 0.124138
139 0.123991
140 0.124038
141 0.123951
142 0.123828
143 0.123916
144 0.12391
145 0.123898
146 0.123807
147 0.123797
148 0.123852
149 0.123799
150 0.123688
151 0.123783
152 0.123798
153 0.12382
154 0.123755
155 0.123672
156 0.123732
157 0.123668
158 0.123651
159 0.123645
160 0.123643
161 0.123591
162 0.123621
163 0.12356
164 0.12353
165 0.123488
166 0.123611
167 0.123483
168 0.123441
169 0.123501
170 0.123439
171 0.123582
172 0.12335
173 0.123438
174 0.123431
175 0.123477
176 0.123368
177 0.123396
178 0.123424
179 0.123367
180 0.123376
181 0.123191
182 0.123393
183 0.123272
184 0.123277
185 0.123293
186 0.123282
187 0.123204
188 0.123231
189 0.123135
190 0.12316
191 0.123194
192 0.123132
193 0.123108
194 0.123109
195 0.123084
196 0.123144
197 0.123174
198 0.123083
199 0.123104
200 0.123078
201 0.123097
202 0.122964
203 0.123101
204 0.12294
205 0.122738
206 0.122982
207 0.122983
208 0.122962
209 0.122946
210 0.122947
211 0.122971
212 0.122987
213 0.12295
214 0.12286
215 0.122945
216 0.122915
217 0.122804
218 0.122808
219 0.122836
220 0.122802
221 0.122848
222 0.122779
223 0.122818
224 0.122831
225 0.122795
226 0.122756
227 0.122748
228 0.122697
229 0.122767
230 0.122707
231 0.12268
232 0.122658
233 0.122658
234 0.122763
235 0.122689
236 0.12263
237 0.122651
238 0.122662
239 0.122617
240 0.122693
241 0.122677
242 0.122592
243 0.122632
244 0.122598
245 0.122541
246 0.122505
247 0.122577
248 0.122494
249 0.122587
250 0.12243
251 0.122506
252 0.122504
253 0.122521
254 0.122501
255 0.122463
256 0.122497
257 0.12243
258 0.122412
259 0.122433
260 0.12243
261 0.122511
262 0.122506
263 0.122437
264 0.122442
265 0.122415
266 0.122367
267 0.122387
268 0.122347
269 0.12237
270 0.12244
271 0.122325
272 0.122334
273 0.122321
274 0.122302
275 0.122301
276 0.122266
277 0.12234
278 0.12225
279 0.122239
280 0.122281
281 0.122223
282 0.122296
283 0.122209
284 0.12226
285 0.122195
286 0.122214
287 0.122238
288 0.122239
289 0.122177
290 0.122225
291 0.122184
292 0.122252
293 0.122224
294 0.122073
295 0.122115
296 0.122151
297 0.122199
298 0.12215
299 0.122086
300 0.122084
301 0.122168
302 0.122053
303 0.1221
304 0.122095
305 0.122058
306 0.122087
307 0.122024
308 0.122103
309 0.122085
310 0.12207
311 0.12205
312 0.122019
313 0.122013
314 0.122004
315 0.121937
316 0.121993
317 0.121977
318 0.122055
319 0.122022
320 0.12202
321 0.121985
322 0.122003
323 0.121982
324 0.121956
325 0.121947
326 0.121879
327 0.121874
328 0.12199
329 0.121911
330 0.121885
331 0.121968
332 0.121906
333 0.121918
334 0.121935
335 0.121941
336 0.121857
337 0.121812
338 0.121892
339 0.121838
340 0.121818
341 0.122057
342 0.121923
343 0.121796
344 0.121832
345 0.121797
346 0.121801
347 0.121833
348 0.121816
349 0.121774
350 0.121795
351 0.121811
352 0.121803
353 0.121814
354 0.121756
355 0.121811
356 0.12174
357 0.121689
358 0.121746
359 0.121789
360 0.121743
361 0.121725
362 0.121678
363 0.1217
364 0.121693
365 0.121745
366 0.12174
367 0.12168
368 0.121687
369 0.121649
370 0.121644
371 0.121654
372 0.12169
373 0.121611
374 0.121627
375 0.121607
376 0.121662
377 0.121634
378 0.12165
379 0.121659
380 0.121603
381 0.121599
382 0.121564
383 0.121619
384 0.121486
385 0.121619
386 0.121537
387 0.121582
388 0.121543
389 0.12157
390 0.121651
391 0.121507
392 0.121553
393 0.121577
394 0.121601
395 0.121533
396 0.121573
397 0.121509
398 0.121527
399 0.121445
400 0.121517
