1 0.437633
2 0.437633
3 0.437633
4 0.437633
5 0.437633
6 0.437633
7 0.437633
8 0.437633
9 0.437633
10 0.437633
11 0.437633
12 0.354309
13 0.312771
14 0.291979
15 0.281259
16 0.275939
17 0.273478
18 0.272077
19 0.271521
20 0.271159
21 0.271051
22 0.271004
23 0.243316
24 0.222032
25 0.204683
26 0.189599
27 0.176627
28 0.167239
29 0.158996
30 0.152654
31 0.147032
32 0.142909
33 0.139226
34 0.132154
35 0.125747
36 0.119193
37 0.113402
38 0.107993
39 0.102973
40 0.0989946
41 0.0950978
42 0.0915971
43 0.0881933
44 0.0854363
45 0.0825347
46 0.0798293
47 0.0770938
48 0.0746334
49 0.0724193
50 0.070127
51 0.068018
52 0.0660906
53 0.0642016
54 0.0626645
55 0.0610059
56 0.0592715
57 0.0578701
58 0.0566697
59 0.0552321
60 0.054009
61 0.0528718
62 0.0516261
63 0.0507184
64 0.049613
65 0.0486458
66 0.0476341
67 0.0465478
68 0.0454871
69 0.0446758
70 0.0435791
71 0.0426732
72 0.0418753
73 0.0411482
74 0.0403379
75 0.0396606
76 0.0388981
77 0.0382069
78 0.0375039
79 0.0369602
80 0.0364647
81 0.0359519
82 0.0353742
83 0.0348167
84 0.0342239
85 0.0338131
86 0.0333197
87 0.0330073
88 0.0326771
89 0.0321757
90 0.0316587
91 0.0313421
92 0.0309682
93 0.0306517
94 0.0302313
95 0.0297719
96 0.029602
97 0.0292573
98 0.0288658
99 0.0285659
100 0.0281928
101 0.0279369
102 0.0276957
103 0.0273961
104 0.0272073
105 0.0268865
106 0.0265062
107 0.0263731
108 0.0261259
109 0.0259849
110 0.0255771
111 0.0254767
112 0.0252135
113 0.0249283
114 0.024668
115 0.0244847
116 0.0243164
117 0.0240877
118 0.0238424
119 0.0236517
120 0.0234862
121 0.0233714
122 0.0230424
123 0.0228834
124 0.0227461
125 0.0225709
126 0.0223994
127 0.0222262
128 0.0221043
129 0.0219158
130 0.0217236
131 0.0215055
132 0.021405
133 0.0213379
134 0.0211141
135 0.0209522
136 0.0208943
137 0.0207431
138 0.0205668
139 0.0204207
140 0.0202843
141 0.0201012
142 0.0199831
143 0.0198305
144 0.0198171
145 0.0196962
146 0.0195649
147 0.0194576
148 0.019285
149 0.0191992
150 0.0190696
151 0.018929
152 0.0189206
153 0.0186901
154 0.0185851
155 0.0185445
156 0.0185128
157 0.0183262
158 0.0181631
159 0.0180543
160 0.0180106
161 0.0179118
162 0.0177571
163 0.0177486
164 0.0176497
165 0.0176525
166 0.0174774
167 0.0172863
168 0.0172944
169 0.0172169
170 0.0170984
171 0.0169999
172 0.0169381
173 0.0168222
174 0.0167997
175 0.0166391
176 0.0165842
177 0.0165403
178 0.0164838
179 0.0164662
180 0.0162778
181 0.0162832
182 0.0161269
183 0.0161403
184 0.0159695
185 0.0159405
186 0.0158262
187 0.0158813
188 0.0157737
189 0.0156148
190 0.0156159
191 0.0155603
192 0.0154944
193 0.0154242
194 0.0153793
195 0.01527
196 0.0152615
197 0.0151437
198 0.0150692
199 0.0149932
200 0.0149336
201 0.0149396
202 0.0148691
203 0.0147793
204 0.0147623
205 0.0146446
206 0.0145627
207 0.0145513
208 0.0144734
209 0.0144253
210 0.0143627
211 0.0143
212 0.0142615
213 0.0141608
214 0.0141571
215 0.014139
216 0.0140745
217 0.0139859
218 0.0139434
219 0.0139015
220 0.0139046
221 0.0138242
222 0.0137424
223 0.0137089
224 0.013678
225 0.0136113
226 0.0135557
227 0.0135811
228 0.013513
229 0.0134451
230 0.0134012
231 0.0133345
232 0.013257
233 0.0132573
234 0.0131724
235 0.0131466
236 0.0130781
237 0.0130641
238 0.013031
239 0.0130456
240 0.0129701
241 0.0129273
242 0.0129039
243 0.0128305
244 0.0127939
245 0.0128079
246 0.0126981
247 0.0127364
248 0.0126235
249 0.0125972
250 0.0125097
251 0.0124384
252 0.0122645
253 0.0121707
254 0.0120072
255 0.0118138
256 0.0116237
257 0.0115234
258 0.011446
259 0.0114229
260 0.0113441
261 0.0113425
262 0.0112861
263 0.0112088
264 0.0111785
265 0.0111627
266 0.0111104
267 0.011125
268 0.0110884
269 0.01105
270 0.011013
271 0.0109698
272 0.0109801
273 0.0109644
274 0.0108857
275 0.0108923
276 0.0109101
277 0.0108689
278 0.0108276
279 0.0107548
280 0.0107948
281 0.010729
282 0.0106942
283 0.0106871
284 0.010632
285 0.010614
286 0.0105884
287 0.0105411
288 0.010498
289 0.0105629
290 0.010499
291 0.0104352
292 0.0104562
293 0.0103912
294 0.0103751
295 0.0103206
296 0.0103276
297 0.0102992
298 0.01027
299 0.0102551
300 0.0102029
301 0.0102008
302 0.0102325
303 0.010145
304 0.0101352
305 0.0101023
306 0.0100662
307 0.0100586
308 0.0100597
309 0.0100536
310 0.0100192
311 0.00995031
312 0.00994676
313 0.00989397
314 0.00987506
315 0.00988456
316 0.00984602
317 0.00987078
318 0.00979352
319 0.0098111
320 0.00976056
321 0.00978678
322 0.00972624
323 0.00968428
324 0.00970333
325 0.00965328
326 0.00962288
327 0.00961358
328 0.00961334
329 0.00959534
330 0.00955861
331 0.00951937
332 0.00955389
333 0.00949252
334 0.00945767
335 0.00944168
336 0.00943735
337 0.00942044
338 0.00941143
339 0.00937845
340 0.00937288
341 0.00933723
342 0.00930864
343 0.00932432
344 0.00927008
345 0.0092242
346 0.00926942
347 0.00922883
348 0.00921317
349 0.00919942
350 0.00917451
351 0.00914
352 0.00915874
353 0.00913941
354 0.00914909
355 0.00908945
356 0.00904765
357 0.00905772
358 0.00904274
359 0.00900916
360 0.00897603
361 0.00892827
362 0.00898142
363 0.00895092
364 0.00894522
365 0.00892765
366 0.00889339
367 0.00889859
368 0.0088863
369 0.00887242
370 0.00882254
371 0.00882632
372 0.00880012
373 0.00877278
374 0.00879495
375 0.00877503
376 0.0087302
377 0.00868876
378 0.00869571
379 0.00868019
380 0.00867457
381 0.0086622
382 0.00864689
383 0.00862613
384 0.00858566
385 0.00857166
386 0.00855095
387 0.00854014
388 0.00851928
389 0.00856463
390 0.00848055
391 0.00850012
392 0.00848254
393 0.00847851
394 0.00846566
395 0.00845166
396 0.00840645
397 0.00841587
398 0.00839991
399 0.00831568
400 0.00831451
