1 0.066742
2 0.066742
3 0.066742
4 0.066742
5 0.066742
6 0.066742
7 0.066742
8 0.066742
9 0.066742
10 0.066742
11 0.066742
12 0.097837
13 0.114261
14 0.12352
15 0.127908
16 0.130331
17 0.131862
18 0.132716
19 0.132756
20 0.133381
21 0.133647
22 0.133175
23 0.153217
24 0.17106
25 0.185252
26 0.199727
27 0.213755
28 0.224222
29 0.234054
30 0.242941
31 0.250376
32 0.256869
33 0.262291
34 0.273372
35 0.284688
36 0.296979
37 0.307852
38 0.318431
39 0.328632
40 0.337459
41 0.346494
42 0.353832
43 0.362679
44 0.369537
45 0.37705
46 0.3843
47 0.39166
48 0.399002
49 0.405824
50 0.412827
51 0.419616
52 0.425319
53 0.431576
54 0.436403
55 0.441897
56 0.447547
57 0.451985
58 0.45705
59 0.462054
60 0.466632
61 0.471286
62 0.475421
63 0.478488
64 0.48312
65 0.486998
66 0.491285
67 0.495416
68 0.499943
69 0.504432
70 0.508803
71 0.51281
72 0.516299
73 0.519147
74 0.523368
75 0.52686
76 0.530598
77 0.533288
78 0.537266
79 0.540459
80 0.542189
81 0.544909
82 0.547242
83 0.550548
84 0.553209
85 0.555688
86 0.558387
87 0.559686
88 0.562081
89 0.564513
90 0.567073
91 0.568857
92 0.571474
93 0.572855
94 0.574842
95 0.577665
96 0.579526
97 0.581118
98 0.583375
99 0.585223
100 0.587453
101 0.589596
102 0.590041
103 0.592096
104 0.593182
105 0.595782
106 0.597673
107 0.598783
108 0.599972
109 0.600901
110 0.603283
111 0.604127
112 0.605868
113 0.607306
114 0.609575
115 0.610435
116 0.611835
117 0.613717
118 0.614727
119 0.616348
120 0.617065
121 0.618748
122 0.62078
123 0.622318
124 0.622906
125 0.623608
126 0.625923
127 0.626729
128 0.627811
129 0.629539
130 0.629861
131 0.631723
132 0.632525
133 0.632878
134 0.634813
135 0.635868
136 0.635936
137 0.637647
138 0.638867
139 0.63953
140 0.6412
141 0.642198
142 0.643663
143 0.644122
144 0.644198
145 0.646124
146 0.646614
147 0.647171
148 0.648247
149 0.649651
150 0.650111
151 0.651489
152 0.651625
153 0.653467
154 0.654205
155 0.654131
156 0.654247
157 0.65642
158 0.657556
159 0.658552
160 0.658466
161 0.659831
162 0.66137
163 0.660817
164 0.661973
165 0.662608
166 0.663581
167 0.665575
168 0.66505
169 0.665955
170 0.66631
171 0.667962
172 0.668191
173 0.668908
174 0.669743
175 0.670487
176 0.671271
177 0.671879
178 0.671858
179 0.672642
180 0.673509
181 0.673753
182 0.675456
183 0.674992
184 0.677112
185 0.677258
186 0.678451
187 0.677361
188 0.6782
189 0.680269
190 0.680125
191 0.681144
192 0.681034
193 0.682175
194 0.682911
195 0.683237
196 0.683935
197 0.684298
198 0.685673
199 0.686011
200 0.686798
201 0.686374
202 0.687015
203 0.68834
204 0.68872
205 0.689924
206 0.690697
207 0.690307
208 0.691123
209 0.691303
210 0.692145
211 0.693142
212 0.692997
213 0.694368
214 0.693825
215 0.693909
216 0.695244
217 0.695611
218 0.696146
219 0.696551
220 0.696966
221 0.697269
222 0.698139
223 0.698348
224 0.699044
225 0.699893
226 0.700012
227 0.699274
228 0.700895
229 0.701007
230 0.701853
231 0.702492
232 0.703156
233 0.702806
234 0.703852
235 0.704464
236 0.705406
237 0.705304
238 0.705442
239 0.705375
240 0.706324
241 0.706484
242 0.706885
243 0.707806
244 0.708011
245 0.708397
246 0.708801
247 0.708743
248 0.709637
249 0.710421
250 0.711396
251 0.712535
252 0.714471
253 0.717095
254 0.718806
255 0.721969
256 0.724957
257 0.726117
258 0.72813
259 0.728292
260 0.72914
261 0.729241
262 0.730139
263 0.730852
264 0.730731
265 0.731879
266 0.731895
267 0.732066
268 0.73257
269 0.733137
270 0.733047
271 0.733741
272 0.733616
273 0.734068
274 0.735479
275 0.735162
276 0.734848
277 0.734907
278 0.735488
279 0.736181
280 0.736258
281 0.737026
282 0.737076
283 0.737104
284 0.738103
285 0.737886
286 0.738095
287 0.738931
288 0.739362
289 0.739066
290 0.739428
291 0.740597
292 0.739649
293 0.741069
294 0.740868
295 0.741833
296 0.741655
297 0.742072
298 0.741694
299 0.742087
300 0.743078
301 0.742989
302 0.742167
303 0.743497
304 0.743556
305 0.744056
306 0.744859
307 0.744471
308 0.744851
309 0.745321
310 0.745563
311 0.745943
312 0.746195
313 0.746335
314 0.747446
315 0.746873
316 0.747771
317 0.747027
318 0.747652
319 0.747884
320 0.748352
321 0.7485
322 0.748662
323 0.74946
324 0.749614
325 0.750099
326 0.750104
327 0.750644
328 0.750889
329 0.750613
330 0.750884
331 0.751376
332 0.75082
333 0.751969
334 0.752668
335 0.752244
336 0.752612
337 0.752938
338 0.752601
339 0.7533
340 0.753751
341 0.754262
342 0.754204
343 0.754065
344 0.755027
345 0.755127
346 0.754675
347 0.75492
348 0.755655
349 0.755578
350 0.755462
351 0.756645
352 0.755869
353 0.756503
354 0.756463
355 0.756927
356 0.757495
357 0.757261
358 0.757449
359 0.758322
360 0.758267
361 0.758829
362 0.758801
363 0.758265
364 0.758707
365 0.759407
366 0.759677
367 0.759152
368 0.759645
369 0.759682
370 0.760397
371 0.760156
372 0.760643
373 0.760817
374 0.761306
375 0.761036
376 0.761289
377 0.761877
378 0.762132
379 0.762475
380 0.76267
381 0.762502
382 0.76348
383 0.763071
384 0.763813
385 0.763417
386 0.764301
387 0.764482
388 0.764826
389 0.763868
390 0.764875
391 0.764524
392 0.764807
393 0.765252
394 0.765392
395 0.764941
396 0.766456
397 0.765791
398 0.766294
399 0.767196
400 0.767098
