1 0.499416
2 0.498646
3 0.498646
4 0.498646
5 0.498646
6 0.498646
7 0.498646
8 0.498646
9 0.498646
10 0.498646
11 0.498646
12 0.582467
13 0.624545
14 0.645514
15 0.655676
16 0.66113
17 0.664924
18 0.665363
19 0.66605
20 0.666227
21 0.666351
22 0.666175
23 0.693789
24 0.715097
25 0.733179
26 0.74816
27 0.760789
28 0.770518
29 0.779114
30 0.784735
31 0.791065
32 0.793511
33 0.798027
34 0.80507
35 0.811892
36 0.819188
37 0.824267
38 0.829368
39 0.834408
40 0.83893
41 0.842203
42 0.846288
43 0.849549
44 0.851899
45 0.855186
46 0.857777
47 0.860412
48 0.86276
49 0.864973
50 0.867893
51 0.86889
52 0.8714
53 0.873497
54 0.874991
55 0.876528
56 0.878364
57 0.87947
58 0.880215
59 0.882339
60 0.883762
61 0.884082
62 0.88576
63 0.88681
64 0.887609
65 0.888829
66 0.889637
67 0.890952
68 0.892068
69 0.892593
70 0.894188
71 0.895171
72 0.895699
73 0.89696
74 0.896906
75 0.897664
76 0.899023
77 0.899487
78 0.90028
79 0.900723
80 0.900743
81 0.901395
82 0.901353
83 0.902502
84 0.903415
85 0.903736
86 0.904457
87 0.9042
88 0.904702
89 0.905398
90 0.906046
91 0.906049
92 0.906214
93 0.907057
94 0.907548
95 0.907634
96 0.907894
97 0.907695
98 0.909454
99 0.908584
100 0.909168
101 0.9096
102 0.910019
103 0.910325
104 0.910061
105 0.910603
106 0.91131
107 0.911182
108 0.911122
109 0.911265
110 0.912461
111 0.912268
112 0.912453
113 0.912341
114 0.912699
115 0.913143
116 0.912657
117 0.913322
118 0.913932
119 0.914001
120 0.913823
121 0.914211
122 0.914599
123 0.914714
124 0.914948
125 0.914592
126 0.915229
127 0.914981
128 0.915554
129 0.915751
130 0.915635
131 0.916134
132 0.91614
133 0.916255
134 0.916359
135 0.916707
136 0.916496
137 0.916724
138 0.916928
139 0.917022
140 0.917622
141 0.917644
142 0.917705
143 0.917834
144 0.918108
145 0.917651
146 0.917398
147 0.91775
148 0.917815
149 0.918213
150 0.918407
151 0.918468
152 0.918552
153 0.919159
154 0.919338
155 0.91891
156 0.918932
157 0.918859
158 0.919694
159 0.919159
160 0.91963
161 0.919368
162 0.91957
163 0.919686
164 0.920043
165 0.919898
166 0.919932
167 0.920117
168 0.920881
169 0.920275
170 0.921026
171 0.920363
172 0.920721
173 0.920868
174 0.921209
175 0.920809
176 0.921021
177 0.920831
178 0.921256
179 0.921049
180 0.921169
181 0.921178
182 0.921279
183 0.92165
184 0.921595
185 0.921723
186 0.921384
187 0.921522
188 0.921966
189 0.922384
190 0.921618
191 0.921649
192 0.922147
193 0.92189
194 0.922049
195 0.922319
196 0.922166
197 0.92273
198 0.922121
199 0.92286
200 0.922328
201 0.922534
202 0.922739
203 0.922659
204 0.922497
205 0.922591
206 0.923142
207 0.922902
208 0.923014
209 0.922609
210 0.922892
211 0.923366
212 0.923461
213 0.923319
214 0.923608
215 0.92337
216 0.923515
217 0.923483
218 0.923316
219 0.923825
220 0.923854
221 0.923652
222 0.923678
223 0.923425
224 0.923775
225 0.923895
226 0.923942
227 0.923786
228 0.923675
229 0.923926
230 0.923841
231 0.924074
232 0.924584
233 0.924257
234 0.923863
235 0.924136
236 0.924465
237 0.924368
238 0.924294
239 0.924559
240 0.924346
241 0.924702
242 0.924493
243 0.924303
244 0.924828
245 0.924391
246 0.924572
247 0.924512
248 0.925269
249 0.925202
250 0.925405
251 0.925442
252 0.925444
253 0.925566
254 0.925782
255 0.926067
256 0.925875
257 0.925871
258 0.925994
259 0.92592
260 0.926337
261 0.926038
262 0.926908
263 0.92617
264 0.926624
265 0.92602
266 0.926427
267 0.926293
268 0.926717
269 0.926762
270 0.926207
271 0.926346
272 0.926539
273 0.926848
274 0.926552
275 0.926577
276 0.92624
277 0.926622
278 0.926516
279 0.926529
280 0.926084
281 0.927218
282 0.926233
283 0.926703
284 0.926687
285 0.927055
286 0.926593
287 0.926881
288 0.92731
289 0.926221
290 0.926878
291 0.927243
292 0.927745
293 0.927163
294 0.927057
295 0.927677
296 0.927067
297 0.926894
298 0.927052
299 0.927331
300 0.927408
301 0.927077
302 0.927458
303 0.927364
304 0.927215
305 0.927415
306 0.927403
307 0.927365
308 0.927647
309 0.927603
310 0.92752
311 0.926933
312 0.927232
313 0.927699
314 0.927667
315 0.9282
316 0.927647
317 0.927926
318 0.927471
319 0.927624
320 0.927788
321 0.927702
322 0.927675
323 0.928077
324 0.927933
325 0.927773
326 0.928062
327 0.927557
328 0.927999
329 0.928014
330 0.927899
331 0.9279
332 0.928311
333 0.927815
334 0.927812
335 0.928037
336 0.928124
337 0.927796
338 0.928041
339 0.928485
340 0.928209
341 0.928084
342 0.927996
343 0.928033
344 0.928393
345 0.928113
346 0.928073
347 0.928009
348 0.928333
349 0.928164
350 0.928374
351 0.928454
352 0.928636
353 0.927622
354 0.928129
355 0.928481
356 0.928694
357 0.928645
358 0.928574
359 0.928445
360 0.928401
361 0.928278
362 0.928705
363 0.928655
364 0.928315
365 0.928281
366 0.928812
367 0.928562
368 0.928636
369 0.928424
370 0.929242
371 0.928558
372 0.929029
373 0.929023
374 0.928176
375 0.928323
376 0.928358
377 0.92867
378 0.928837
379 0.929216
380 0.928832
381 0.928542
382 0.929013
383 0.929167
384 0.928844
385 0.928803
386 0.929434
387 0.928869
388 0.929059
389 0.928952
390 0.929577
391 0.929263
392 0.928583
393 0.928955
394 0.928954
395 0.929161
396 0.928558
397 0.929134
398 0.929088
399 0.928846
400 0.92946
