1 0.066742
2 0.066742
3 0.0666727
4 0.066723
5 0.0667166
6 0.066618
7 0.066627
8 0.0666766
9 0.066669
10 0.066692
11 0.0666559
12 0.069281
13 0.0727234
14 0.0764259
15 0.0797921
16 0.082989
17 0.0858212
18 0.0884618
19 0.0907829
20 0.0929148
21 0.0948172
22 0.0965525
23 0.0990186
24 0.101973
25 0.105304
26 0.109124
27 0.113051
28 0.117041
29 0.121037
30 0.125153
31 0.129292
32 0.133352
33 0.137125
34 0.141212
35 0.14525
36 0.149558
37 0.153783
38 0.157991
39 0.162516
40 0.166622
41 0.17101
42 0.175268
43 0.179753
44 0.183772
45 0.188045
46 0.192018
47 0.19636
48 0.200542
49 0.204672
50 0.208936
51 0.213159
52 0.217011
53 0.221312
54 0.224897
55 0.228936
56 0.233197
57 0.236736
58 0.240455
59 0.244529
60 0.24823
61 0.252151
62 0.255977
63 0.258968
64 0.262593
65 0.265949
66 0.269487
67 0.27274
68 0.276158
69 0.279575
70 0.282845
71 0.286115
72 0.289324
73 0.292218
74 0.295553
75 0.298718
76 0.302074
77 0.305071
78 0.308255
79 0.311329
80 0.31414
81 0.316933
82 0.319874
83 0.323026
84 0.325787
85 0.32882
86 0.331687
87 0.334011
88 0.336682
89 0.339538
90 0.342302
91 0.344772
92 0.347363
93 0.34981
94 0.352268
95 0.355146
96 0.357255
97 0.359953
98 0.361983
99 0.36467
100 0.367111
101 0.369674
102 0.37138
103 0.373814
104 0.375722
105 0.378387
106 0.380621
107 0.38277
108 0.384748
109 0.386225
110 0.389022
111 0.390405
112 0.392854
113 0.394903
114 0.397063
115 0.398892
116 0.400633
117 0.402936
118 0.404807
119 0.406828
120 0.408308
121 0.410255
122 0.412661
123 0.414354
124 0.416034
125 0.417589
126 0.419773
127 0.421011
128 0.422956
129 0.425035
130 0.426344
131 0.428265
132 0.429786
133 0.43094
134 0.433102
135 0.434538
136 0.435811
137 0.437477
138 0.439196
139 0.440555
140 0.442503
141 0.444233
142 0.445985
143 0.447151
144 0.44803
145 0.450221
146 0.451223
147 0.452729
148 0.454072
149 0.455728
150 0.456833
151 0.458632
152 0.459342
153 0.461612
154 0.46262
155 0.463531
156 0.464463
157 0.466675
158 0.46811
159 0.469324
160 0.470405
161 0.472024
162 0.47365
163 0.474155
164 0.475439
165 0.476778
166 0.478078
167 0.479873
168 0.480507
169 0.481819
170 0.482684
171 0.484675
172 0.485654
173 0.486672
174 0.487778
175 0.489083
176 0.490273
177 0.49115
178 0.491903
179 0.493023
180 0.494403
181 0.49525
182 0.497223
183 0.497499
184 0.499404
185 0.500333
186 0.501298
187 0.501582
188 0.502787
189 0.50443
190 0.505028
191 0.506339
192 0.507083
193 0.50839
194 0.509182
195 0.510158
196 0.511397
197 0.512068
198 0.513805
199 0.514512
200 0.515376
201 0.515777
202 0.516845
203 0.518063
204 0.518913
205 0.520352
206 0.521213
207 0.521738
208 0.52293
209 0.52343
210 0.52471
211 0.525729
212 0.526318
213 0.52758
214 0.527956
215 0.528411
216 0.529709
217 0.53071
218 0.531492
219 0.532427
220 0.533245
221 0.533916
222 0.534929
223 0.535559
224 0.536564
225 0.537479
226 0.538256
227 0.538357
228 0.539686
229 0.540284
230 0.541316
231 0.542248
232 0.543132
233 0.543222
234 0.544523
235 0.54543
236 0.546559
237 0.546917
238 0.547314
239 0.547959
240 0.549018
241 0.54943
242 0.550124
243 0.551277
244 0.552061
245 0.552541
246 0.553475
247 0.553903
248 0.554781
249 0.55589
250 0.556433
251 0.557628
252 0.558867
253 0.560325
254 0.56133
255 0.563616
256 0.565506
257 0.566149
258 0.567793
259 0.568177
260 0.568918
261 0.569397
262 0.570526
263 0.571359
264 0.571819
265 0.573017
266 0.573525
267 0.573605
268 0.574544
269 0.575363
270 0.57591
271 0.577049
272 0.577147
273 0.577811
274 0.579079
275 0.57909
276 0.579523
277 0.580128
278 0.580659
279 0.581612
280 0.582161
281 0.582917
282 0.583456
283 0.583784
284 0.584737
285 0.585008
286 0.585713
287 0.586555
288 0.587144
289 0.587328
290 0.587909
291 0.589038
292 0.588899
293 0.590304
294 0.590557
295 0.59153
296 0.591561
297 0.592288
298 0.592588
299 0.593233
300 0.593975
301 0.594497
302 0.594109
303 0.59562
304 0.595836
305 0.59659
306 0.597447
307 0.597504
308 0.598081
309 0.598805
310 0.599313
311 0.600011
312 0.600473
313 0.600843
314 0.601807
315 0.601962
316 0.602681
317 0.60266
318 0.603334
319 0.603922
320 0.604613
321 0.604895
322 0.605241
323 0.606279
324 0.606499
325 0.607536
326 0.607533
327 0.608114
328 0.608695
329 0.609029
330 0.60945
331 0.610142
332 0.609917
333 0.61118
334 0.611921
335 0.61185
336 0.612435
337 0.612979
338 0.612964
339 0.613724
340 0.614309
341 0.614908
342 0.615179
343 0.615339
344 0.616497
345 0.616969
346 0.616628
347 0.61724
348 0.617855
349 0.618139
350 0.618556
351 0.619449
352 0.619251
353 0.620005
354 0.620103
355 0.62091
356 0.621629
357 0.621569
358 0.622057
359 0.623072
360 0.623002
361 0.623878
362 0.624225
363 0.623909
364 0.624627
365 0.625236
366 0.625522
367 0.625531
368 0.626159
369 0.626469
370 0.627359
371 0.627374
372 0.627976
373 0.627845
374 0.628956
375 0.628787
376 0.629445
377 0.63
378 0.630291
379 0.630922
380 0.631497
381 0.631471
382 0.632205
383 0.632403
384 0.632983
385 0.633089
386 0.6341
387 0.634215
388 0.634774
389 0.634256
390 0.635389
391 0.635117
392 0.635908
393 0.63619
394 0.63665
395 0.636302
396 0.637869
397 0.637463
398 0.638259
399 0.638774
400 0.639259
