1 0.5
2 0.408273
3 0.319091
4 0.27001
5 0.238032
6 0.215131
7 0.197724
8 0.184091
9 0.172816
10 0.163542
11 0.155482
12 0.148244
13 0.144094
14 0.140345
15 0.137388
16 0.133912
17 0.130992
18 0.127614
19 0.125095
20 0.122128
21 0.118837
22 0.11665
23 0.113923
24 0.112001
25 0.110909
26 0.110112
27 0.10907
28 0.107331
29 0.107204
30 0.106415
31 0.10469
32 0.103473
33 0.102535
34 0.102621
35 0.100677
36 0.0997306
37 0.0990778
38 0.0980426
39 0.0977699
40 0.0970279
41 0.0961314
42 0.095107
43 0.0948902
44 0.0946244
45 0.0939745
46 0.0934563
47 0.09309
48 0.0923044
49 0.0915355
50 0.0914961
51 0.0910687
52 0.0903749
53 0.0906226
54 0.090156
55 0.0897176
56 0.0892554
57 0.090689
58 0.0885019
59 0.0883266
60 0.0882172
61 0.0880265
62 0.0877471
63 0.087819
64 0.0866906
65 0.0872392
66 0.0869123
67 0.0864034
68 0.0856217
69 0.0853969
70 0.0850766
71 0.0847337
72 0.0845731
73 0.0818974
74 0.0842296
75 0.0836829
76 0.0837865
77 0.0830678
78 0.0828587
79 0.0830584
80 0.0827954
81 0.0825748
82 0.0824158
83 0.0827817
84 0.0822486
85 0.0804035
86 0.0812126
87 0.0819473
88 0.0819775
89 0.0825961
90 0.0819949
91 0.0822844
92 0.0815031
93 0.0817751
94 0.0815013
95 0.0805013
96 0.0811818
97 0.0809774
98 0.0803334
99 0.080695
100 0.081371
101 0.0803323
102 0.0791294
103 0.0806707
104 0.0803564
105 0.081133
106 0.0800513
107 0.0797604
108 0.0807725
109 0.0800074
110 0.0798067
111 0.0797499
112 0.0794249
113 0.079537
114 0.0791419
115 0.079692
116 0.0792792
117 0.0802439
118 0.0786281
119 0.0787534
120 0.0793288
121 0.0789934
122 0.0794613
123 0.0783859
124 0.0785074
125 0.0781902
126 0.0785674
127 0.0789428
128 0.0786023
129 0.0789586
130 0.0786845
131 0.0784854
132 0.0779141
133 0.0781055
134 0.0780238
135 0.0784786
136 0.0778701
137 0.077874
138 0.0777572
139 0.0781589
140 0.0777828
141 0.0780929
142 0.0782378
143 0.0782504
144 0.0782961
145 0.0771477
146 0.0780926
147 0.077206
148 0.0771341
149 0.0777985
150 0.0779937
151 0.0768551
152 0.0775749
153 0.0780376
154 0.0767612
155 0.0772314
156 0.0768147
157 0.0769856
158 0.0771608
159 0.0775672
160 0.0769016
161 0.0773568
162 0.0771693
163 0.0772631
164 0.0769872
165 0.0770758
166 0.0772384
167 0.0770301
168 0.0769581
169 0.0769279
170 0.0744801
171 0.0779486
172 0.076694
173 0.0758484
174 0.0763454
175 0.0761668
176 0.0762657
177 0.0764285
178 0.0764796
179 0.0762849
180 0.0764788
181 0.0754975
182 0.0765337
183 0.0762888
184 0.0764024
185 0.0755184
186 0.0768159
187 0.0755204
188 0.0763969
189 0.0757694
190 0.0756411
191 0.0761273
192 0.075379
193 0.0756659
194 0.07589
195 0.0763899
196 0.0756044
197 0.0758798
198 0.0756604
199 0.0750704
200 0.0756493
201 0.0751596
202 0.0752591
203 0.0750791
204 0.075413
205 0.0733901
206 0.0753034
207 0.0750457
208 0.0748879
209 0.0753189
210 0.0753655
211 0.0751184
212 0.0750604
213 0.0747377
214 0.0744849
215 0.0747696
216 0.0755449
217 0.0746739
218 0.0750839
219 0.0746412
220 0.0751993
221 0.0749985
222 0.07463
223 0.0750422
224 0.0743564
225 0.0752278
226 0.0746544
227 0.0746675
228 0.0744169
229 0.07422
230 0.074784
231 0.0740386
232 0.0752369
233 0.0746408
234 0.0743179
235 0.0751628
236 0.0743972
237 0.0737491
238 0.0741906
239 0.0746356
240 0.0741392
241 0.072864
242 0.0743251
243 0.0741557
244 0.0741709
245 0.0742308
246 0.0740012
247 0.0741111
248 0.0742027
249 0.0742171
250 0.0738904
251 0.0738415
252 0.0735856
253 0.0727441
254 0.0716681
255 0.0701151
256 0.0727928
257 0.0749567
258 0.0738908
259 0.0727129
260 0.0719391
261 0.0719105
262 0.0712874
263 0.0719155
264 0.0717823
265 0.0718064
266 0.0713146
267 0.0719938
268 0.071469
269 0.071532
270 0.0719018
271 0.0713542
272 0.0717798
273 0.0728685
274 0.071779
275 0.0720318
276 0.0715711
277 0.0722252
278 0.0717877
279 0.0717429
280 0.0717474
281 0.071833
282 0.0718089
283 0.0716215
284 0.0717404
285 0.0714678
286 0.0718632
287 0.0713296
288 0.0716294
289 0.0714048
290 0.0714002
291 0.0715178
292 0.0718616
293 0.0711857
294 0.0715236
295 0.0717786
296 0.071287
297 0.0714528
298 0.0715511
299 0.0712234
300 0.0717852
301 0.0714035
302 0.0711024
303 0.0716947
304 0.0713484
305 0.0716315
306 0.0720322
307 0.0708984
308 0.0711216
309 0.0710315
310 0.0717765
311 0.071143
312 0.0707776
313 0.0716622
314 0.0714899
315 0.07193
316 0.070746
317 0.0710789
318 0.0718454
319 0.0712987
320 0.0706014
321 0.0706339
322 0.0705849
323 0.071823
324 0.0715815
325 0.0712431
326 0.071034
327 0.0704476
328 0.0708336
329 0.070818
330 0.0711342
331 0.0708576
332 0.0713655
333 0.071396
334 0.0711661
335 0.0709782
336 0.0707001
337 0.0708622
338 0.0707911
339 0.0706402
340 0.0711459
341 0.0730046
342 0.0696576
343 0.0708168
344 0.0708471
345 0.0708227
346 0.0707919
347 0.0710181
348 0.0707717
349 0.0704577
350 0.0703557
351 0.0711782
352 0.0705431
353 0.070797
354 0.0709853
355 0.0703727
356 0.0709282
357 0.0705896
358 0.0704201
359 0.0708012
360 0.0706229
361 0.0705009
362 0.070478
363 0.0703824
364 0.0707991
365 0.0702446
366 0.0710235
367 0.0704247
368 0.0703066
369 0.0706891
370 0.0707064
371 0.0703748
372 0.0705368
373 0.0703782
374 0.0705317
375 0.0701309
376 0.0706457
377 0.0704933
378 0.0707157
379 0.0704209
380 0.0705423
381 0.0711836
382 0.0700071
383 0.0694575
384 0.0708323
385 0.0711468
386 0.0706242
387 0.0704133
388 0.0703066
389 0.0700917
390 0.0704514
391 0.0699117
392 0.0703172
393 0.069837
394 0.0700935
395 0.0702009
396 0.070212
397 0.0704797
398 0.0700454
399 0.0699713
400 0.0701402
