1 0.499416
2 0.499398
3 0.499479
4 0.499609
5 0.499588
6 0.49972
7 0.499702
8 0.499799
9 0.499841
10 0.499858
11 0.499854
12 0.506755
13 0.515918
14 0.525167
15 0.533949
16 0.5419
17 0.548991
18 0.555544
19 0.561492
20 0.566621
21 0.571308
22 0.57568
23 0.580733
24 0.586413
25 0.592247
26 0.598281
27 0.604207
28 0.610229
29 0.615999
30 0.621551
31 0.627152
32 0.632272
33 0.637282
34 0.642047
35 0.646899
36 0.651611
37 0.656095
38 0.660507
39 0.664869
40 0.669071
41 0.67314
42 0.677163
43 0.680841
44 0.684483
45 0.687996
46 0.691459
47 0.694905
48 0.698093
49 0.701351
50 0.704576
51 0.70768
52 0.710753
53 0.713486
54 0.716458
55 0.719317
56 0.722062
57 0.72444
58 0.727193
59 0.729776
60 0.732294
61 0.734708
62 0.73712
63 0.739276
64 0.74157
65 0.743565
66 0.745608
67 0.747424
68 0.749348
69 0.750996
70 0.752845
71 0.754603
72 0.7563
73 0.758201
74 0.75966
75 0.761358
76 0.763049
77 0.764795
78 0.766405
79 0.767943
80 0.769591
81 0.771115
82 0.772676
83 0.77423
84 0.775777
85 0.777345
86 0.77874
87 0.780015
88 0.781372
89 0.782664
90 0.784092
91 0.785312
92 0.786615
93 0.787855
94 0.789167
95 0.790397
96 0.79147
97 0.79269
98 0.79382
99 0.795039
100 0.796023
101 0.79718
102 0.79836
103 0.799276
104 0.800316
105 0.801315
106 0.802387
107 0.803295
108 0.804287
109 0.805237
110 0.806265
111 0.807064
112 0.80802
113 0.809
114 0.809823
115 0.810765
116 0.811517
117 0.812314
118 0.8133
119 0.814054
120 0.814837
121 0.815608
122 0.816386
123 0.817172
124 0.817911
125 0.818687
126 0.819384
127 0.82007
128 0.820832
129 0.821534
130 0.822341
131 0.823015
132 0.823711
133 0.824286
134 0.825016
135 0.825634
136 0.826283
137 0.826943
138 0.827508
139 0.828086
140 0.828782
141 0.829459
142 0.829982
143 0.830602
144 0.831136
145 0.8318
146 0.832295
147 0.832858
148 0.833434
149 0.833974
150 0.834513
151 0.835098
152 0.835568
153 0.836185
154 0.836677
155 0.837262
156 0.837616
157 0.83826
158 0.838688
159 0.839184
160 0.839703
161 0.84018
162 0.840721
163 0.841085
164 0.841539
165 0.841983
166 0.842516
167 0.843014
168 0.843358
169 0.843778
170 0.844454
171 0.844608
172 0.845134
173 0.845667
174 0.845968
175 0.846415
176 0.846835
177 0.847236
178 0.84756
179 0.847982
180 0.848461
181 0.848816
182 0.849222
183 0.849528
184 0.850036
185 0.850404
186 0.850703
187 0.851081
188 0.85143
189 0.851852
190 0.852145
191 0.852495
192 0.852892
193 0.85322
194 0.853498
195 0.853827
196 0.85423
197 0.854585
198 0.854963
199 0.855324
200 0.855604
201 0.855895
202 0.856242
203 0.85658
204 0.856826
205 0.857332
206 0.857477
207 0.857758
208 0.85815
209 0.858443
210 0.858712
211 0.859028
212 0.85934
213 0.859684
214 0.859927
215 0.860193
216 0.860455
217 0.860793
218 0.861077
219 0.861349
220 0.861567
221 0.861848
222 0.862167
223 0.862388
224 0.862665
225 0.862912
226 0.86322
227 0.863499
228 0.863719
229 0.863983
230 0.86423
231 0.864526
232 0.864778
233 0.864932
234 0.865251
235 0.865502
236 0.865766
237 0.865995
238 0.86619
239 0.866401
240 0.86666
241 0.866932
242 0.867093
243 0.867377
244 0.867587
245 0.867749
246 0.868032
247 0.868239
248 0.868477
249 0.868697
250 0.868895
251 0.868969
252 0.869049
253 0.86909
254 0.869205
255 0.869405
256 0.869271
257 0.86911
258 0.869336
259 0.869536
260 0.869797
261 0.870004
262 0.870243
263 0.87045
264 0.870681
265 0.87086
266 0.871112
267 0.871223
268 0.87145
269 0.871669
270 0.871849
271 0.872109
272 0.872244
273 0.872353
274 0.872639
275 0.872769
276 0.872954
277 0.873159
278 0.873375
279 0.873598
280 0.873714
281 0.873915
282 0.874148
283 0.87428
284 0.874526
285 0.874667
286 0.874888
287 0.875072
288 0.875249
289 0.875348
290 0.875581
291 0.875779
292 0.875864
293 0.876163
294 0.876246
295 0.876472
296 0.876582
297 0.876752
298 0.876941
299 0.877089
300 0.877266
301 0.877413
302 0.877538
303 0.877789
304 0.877934
305 0.878062
306 0.878272
307 0.878429
308 0.878535
309 0.878705
310 0.878863
311 0.879011
312 0.879179
313 0.879321
314 0.879492
315 0.879557
316 0.879764
317 0.879902
318 0.880073
319 0.880209
320 0.880383
321 0.880479
322 0.880652
323 0.88081
324 0.880911
325 0.88111
326 0.881227
327 0.881336
328 0.881471
329 0.881678
330 0.881777
331 0.881954
332 0.882014
333 0.882164
334 0.882359
335 0.882439
336 0.882614
337 0.882716
338 0.882848
339 0.882986
340 0.883051
341 0.883052
342 0.883474
343 0.883497
344 0.883658
345 0.883801
346 0.883868
347 0.884003
348 0.884111
349 0.88426
350 0.884417
351 0.884493
352 0.884645
353 0.884724
354 0.884867
355 0.885015
356 0.885128
357 0.885248
358 0.88537
359 0.885487
360 0.885614
361 0.885799
362 0.885844
363 0.88592
364 0.886056
365 0.886213
366 0.886249
367 0.886376
368 0.886506
369 0.886607
370 0.886717
371 0.886844
372 0.886945
373 0.88704
374 0.887196
375 0.887266
376 0.887368
377 0.887526
378 0.887596
379 0.887734
380 0.887802
381 0.887896
382 0.888026
383 0.88821
384 0.888254
385 0.888305
386 0.888462
387 0.88858
388 0.888699
389 0.888725
390 0.888882
391 0.88897
392 0.889089
393 0.889153
394 0.889298
395 0.889346
396 0.88948
397 0.889528
398 0.88967
399 0.889805
400 0.88992
