1 0.500804
2 0.500194
3 0.500376
4 0.499946
5 0.500025
6 0.500108
7 0.500445
8 0.500232
9 0.499529
10 0.499834
11 0.500819
12 0.51761
13 0.516887
14 0.523649
15 0.523127
16 0.528297
17 0.526865
18 0.531075
19 0.531615
20 0.533802
21 0.533859
22 0.534809
23 0.536125
24 0.538901
25 0.538883
26 0.541231
27 0.542102
28 0.543678
29 0.544205
30 0.544407
31 0.545703
32 0.545236
33 0.547222
34 0.547809
35 0.549275
36 0.54861
37 0.549514
38 0.550373
39 0.550427
40 0.551083
41 0.550288
42 0.551726
43 0.552791
44 0.55215
45 0.553134
46 0.553203
47 0.553257
48 0.553926
49 0.553987
50 0.554174
51 0.554127
52 0.554919
53 0.555111
54 0.556376
55 0.555927
56 0.555494
57 0.556691
58 0.556383
59 0.557452
60 0.556669
61 0.558717
62 0.557724
63 0.557867
64 0.557634
65 0.557766
66 0.558056
67 0.558222
68 0.558734
69 0.557656
70 0.559683
71 0.558833
72 0.55914
73 0.559715
74 0.55978
75 0.559201
76 0.559879
77 0.56114
78 0.56035
79 0.560838
80 0.560256
81 0.559777
82 0.560918
83 0.560464
84 0.560274
85 0.56037
86 0.561671
87 0.561025
88 0.562139
89 0.561572
90 0.561721
91 0.562188
92 0.5623
93 0.561787
94 0.560623
95 0.561358
96 0.563207
97 0.562323
98 0.561324
99 0.562728
100 0.562336
101 0.562982
102 0.562252
103 0.562385
104 0.562268
105 0.563516
106 0.562739
107 0.563245
108 0.56328
109 0.563842
110 0.562599
111 0.563868
112 0.563779
113 0.563528
114 0.563209
115 0.563715
116 0.564605
117 0.563624
118 0.562594
119 0.564253
120 0.563663
121 0.563933
122 0.564065
123 0.564141
124 0.564213
125 0.564041
126 0.564019
127 0.564554
128 0.563861
129 0.564057
130 0.565072
131 0.565543
132 0.563954
133 0.564343
134 0.564818
135 0.564493
136 0.564905
137 0.564801
138 0.565334
139 0.564124
140 0.565392
141 0.565542
142 0.565507
143 0.56591
144 0.565897
145 0.565396
146 0.565647
147 0.564554
148 0.565642
149 0.564229
150 0.565709
151 0.565351
152 0.565303
153 0.565877
154 0.564734
155 0.566266
156 0.566035
157 0.565801
158 0.565639
159 0.565414
160 0.565943
161 0.565611
162 0.564942
163 0.565852
164 0.566287
165 0.565561
166 0.566234
167 0.566645
168 0.565751
169 0.565975
170 0.565886
171 0.566344
172 0.565522
173 0.565703
174 0.567171
175 0.566217
176 0.566055
177 0.566694
178 0.566547
179 0.566038
180 0.566291
181 0.566466
182 0.566267
183 0.566239
184 0.565813
185 0.567412
186 0.5668
187 0.566016
188 0.565855
189 0.567215
190 0.566168
191 0.566726
192 0.566766
193 0.567201
194 0.566811
195 0.567277
196 0.566645
197 0.567493
198 0.566925
199 0.566489
200 0.565706
201 0.566863
202 0.567125
203 0.566971
204 0.566743
205 0.567275
206 0.567259
207 0.566897
208 0.567311
209 0.567367
210 0.566986
211 0.567467
212 0.567224
213 0.566554
214 0.566706
215 0.567856
216 0.56755
217 0.567802
218 0.567059
219 0.567321
220 0.56719
221 0.567417
222 0.567602
223 0.566924
224 0.567309
225 0.567895
226 0.567916
227 0.567662
228 0.567417
229 0.567592
230 0.567243
231 0.567226
232 0.567248
233 0.567137
234 0.567234
235 0.56813
236 0.567369
237 0.568163
238 0.567836
239 0.567547
240 0.567441
241 0.56852
242 0.567221
243 0.567462
244 0.567891
245 0.568409
246 0.568004
247 0.568507
248 0.5678
249 0.568763
250 0.567841
251 0.56779
252 0.568453
253 0.568005
254 0.568533
255 0.56824
256 0.567911
257 0.567202
258 0.568385
259 0.567143
260 0.568168
261 0.568376
262 0.568115
263 0.568122
264 0.568234
265 0.569733
266 0.568476
267 0.567936
268 0.56831
269 0.56867
270 0.56843
271 0.567563
272 0.567346
273 0.568685
274 0.568362
275 0.568072
276 0.568585
277 0.568874
278 0.568493
279 0.568826
280 0.568359
281 0.567674
282 0.568421
283 0.568192
284 0.568999
285 0.568197
286 0.567509
287 0.569712
288 0.568452
289 0.568615
290 0.568436
291 0.56844
292 0.568601
293 0.56941
294 0.568984
295 0.568887
296 0.568471
297 0.569475
298 0.568648
299 0.568482
300 0.567964
301 0.569153
302 0.568678
303 0.569135
304 0.568641
305 0.569313
306 0.567832
307 0.568752
308 0.568962
309 0.568533
310 0.568925
311 0.568778
312 0.568886
313 0.568268
314 0.569328
315 0.568386
316 0.568324
317 0.569468
318 0.569003
319 0.569158
320 0.568203
321 0.569236
322 0.568501
323 0.568587
324 0.568913
325 0.568904
326 0.569029
327 0.568969
328 0.568614
329 0.569038
330 0.569366
331 0.568206
332 0.568035
333 0.568467
334 0.569004
335 0.568941
336 0.569085
337 0.569033
338 0.569648
339 0.568066
340 0.568611
341 0.569528
342 0.569302
343 0.569924
344 0.568927
345 0.569148
346 0.569314
347 0.569567
348 0.568635
349 0.568826
350 0.569578
351 0.569508
352 0.569525
353 0.569385
354 0.569008
355 0.568923
356 0.568828
357 0.569869
358 0.568499
359 0.56993
360 0.56924
361 0.569367
362 0.569689
363 0.569331
364 0.5688
365 0.569876
366 0.569303
367 0.568919
368 0.568838
369 0.569107
370 0.569564
371 0.569921
372 0.56918
373 0.569264
374 0.569621
375 0.570168
376 0.569507
377 0.569794
378 0.569227
379 0.570018
380 0.569018
381 0.569348
382 0.56964
383 0.569589
384 0.569525
385 0.569272
386 0.570099
387 0.569509
388 0.570108
389 0.570193
390 0.569261
391 0.569298
392 0.569419
393 0.568931
394 0.569628
395 0.56959
396 0.569153
397 0.57059
398 0.569096
399 0.56933
400 0.569667
