1 0.50031
2 0.50031
3 0.50031
4 0.50031
5 0.50031
6 0.50031
7 0.50031
8 0.50031
9 0.50031
10 0.50031
11 0.50031
12 0.50638
13 0.511518
14 0.518134
15 0.523866
16 0.53023
17 0.535862
18 0.541445
19 0.546253
20 0.551809
21 0.556498
22 0.561231
23 0.565331
24 0.570168
25 0.574738
26 0.578856
27 0.583325
28 0.587696
29 0.591413
30 0.595126
31 0.598667
32 0.601897
33 0.60539
34 0.608995
35 0.611625
36 0.615507
37 0.618725
38 0.621224
39 0.624549
40 0.627275
41 0.630133
42 0.633442
43 0.635302
44 0.637732
45 0.640581
46 0.642913
47 0.645774
48 0.647931
49 0.650332
50 0.652296
51 0.654362
52 0.656663
53 0.659029
54 0.660978
55 0.663208
56 0.665056
57 0.666473
58 0.668514
59 0.670883
60 0.672141
61 0.674548
62 0.67608
63 0.677803
64 0.678782
65 0.680983
66 0.682798
67 0.684251
68 0.685741
69 0.687206
70 0.688919
71 0.690056
72 0.692145
73 0.693326
74 0.694362
75 0.696272
76 0.697569
77 0.698587
78 0.699721
79 0.701581
80 0.702586
81 0.703422
82 0.704941
83 0.706648
84 0.706939
85 0.708366
86 0.709874
87 0.711311
88 0.712274
89 0.713035
90 0.714244
91 0.715305
92 0.716252
93 0.717355
94 0.718251
95 0.71926
96 0.720807
97 0.721659
98 0.722268
99 0.723886
100 0.724092
101 0.725436
102 0.726581
103 0.72702
104 0.727918
105 0.729182
106 0.729928
107 0.730493
108 0.731802
109 0.732726
110 0.733464
111 0.734124
112 0.735057
113 0.736053
114 0.736777
115 0.737638
116 0.738362
117 0.739436
118 0.739776
119 0.740617
120 0.741476
121 0.741998
122 0.743211
123 0.743902
124 0.744277
125 0.745146
126 0.745814
127 0.746725
128 0.74724
129 0.747682
130 0.748654
131 0.749071
132 0.749384
133 0.75093
134 0.751397
135 0.751919
136 0.752463
137 0.753169
138 0.753865
139 0.754637
140 0.755055
141 0.756034
142 0.756209
143 0.757231
144 0.75781
145 0.757952
146 0.758752
147 0.759228
148 0.759987
149 0.760536
150 0.761366
151 0.761224
152 0.762021
153 0.763082
154 0.762909
155 0.763758
156 0.764773
157 0.76489
158 0.765478
159 0.766313
160 0.76638
161 0.766871
162 0.767678
163 0.768047
164 0.76877
165 0.769533
166 0.769705
167 0.770553
168 0.770433
169 0.770821
170 0.771694
171 0.771949
172 0.772165
173 0.77311
174 0.773763
175 0.773684
176 0.774669
177 0.774782
178 0.775665
179 0.775796
180 0.776762
181 0.776752
182 0.777382
183 0.777407
184 0.77807
185 0.778817
186 0.779056
187 0.779331
188 0.779642
189 0.780082
190 0.780808
191 0.781003
192 0.781624
193 0.781676
194 0.782579
195 0.7826
196 0.783333
197 0.783222
198 0.78404
199 0.783913
200 0.78478
201 0.785278
202 0.785633
203 0.786061
204 0.785848
205 0.786713
206 0.786886
207 0.787277
208 0.787667
209 0.788146
210 0.788664
211 0.788837
212 0.78954
213 0.789901
214 0.790024
215 0.790199
216 0.790486
217 0.79092
218 0.7912
219 0.791374
220 0.792145
221 0.792618
222 0.792676
223 0.793312
224 0.793526
225 0.79355
226 0.794339
227 0.794627
228 0.794612
229 0.794712
230 0.79545
231 0.795812
232 0.796433
233 0.796569
234 0.796835
235 0.797084
236 0.79737
237 0.798008
238 0.798235
239 0.798227
240 0.798429
241 0.798449
242 0.799289
243 0.7993
244 0.80003
245 0.800108
246 0.800115
247 0.800847
248 0.800731
249 0.801342
250 0.801519
251 0.802037
252 0.802517
253 0.802529
254 0.803375
255 0.803262
256 0.803534
257 0.803624
258 0.803629
259 0.804192
260 0.804701
261 0.804808
262 0.805304
263 0.805539
264 0.805842
265 0.806048
266 0.805991
267 0.80637
268 0.806543
269 0.806971
270 0.80715
271 0.807602
272 0.807947
273 0.807503
274 0.808338
275 0.808504
276 0.808703
277 0.808164
278 0.809183
279 0.809512
280 0.810212
281 0.809812
282 0.810551
283 0.810893
284 0.810889
285 0.811035
286 0.811486
287 0.811837
288 0.812139
289 0.811813
290 0.812477
291 0.812619
292 0.812874
293 0.813268
294 0.813916
295 0.813452
296 0.813921
297 0.814064
298 0.813986
299 0.814492
300 0.814621
301 0.815052
302 0.815484
303 0.815471
304 0.815311
305 0.815723
306 0.815687
307 0.816413
308 0.816606
309 0.816902
310 0.817084
311 0.816788
312 0.81714
313 0.817166
314 0.817717
315 0.817794
316 0.818274
317 0.81806
318 0.818625
319 0.818808
320 0.819294
321 0.819227
322 0.819167
323 0.819943
324 0.819668
325 0.82001
326 0.82028
327 0.820453
328 0.820799
329 0.821119
330 0.820868
331 0.820991
332 0.821641
333 0.821869
334 0.821757
335 0.822007
336 0.822251
337 0.822369
338 0.822832
339 0.823101
340 0.823109
341 0.823187
342 0.823738
343 0.823878
344 0.824448
345 0.824042
346 0.824501
347 0.824499
348 0.824798
349 0.824843
350 0.824932
351 0.825
352 0.824967
353 0.825778
354 0.825926
355 0.825908
356 0.826227
357 0.826447
358 0.826792
359 0.826519
360 0.827236
361 0.826963
362 0.827165
363 0.82741
364 0.827622
365 0.827514
366 0.827956
367 0.828027
368 0.828518
369 0.828679
370 0.828901
371 0.829198
372 0.828854
373 0.829064
374 0.829461
375 0.829675
376 0.829837
377 0.829705
378 0.829909
379 0.830229
380 0.830652
381 0.83066
382 0.830853
383 0.83095
384 0.830755
385 0.831197
386 0.831232
387 0.831676
388 0.831278
389 0.832268
390 0.832303
391 0.832365
392 0.832599
393 0.832422
394 0.832741
395 0.832725
396 0.833119
397 0.833326
398 0.83354
399 0.833635
400 0.833668
