1 0.261941
2 0.242958
3 0.229583
4 0.220133
5 0.21239
6 0.205274
7 0.199119
8 0.19336
9 0.18812
10 0.183493
11 0.1788
12 0.17484
13 0.170881
14 0.16717
15 0.163893
16 0.160279
17 0.157431
18 0.154476
19 0.151919
20 0.149233
21 0.146801
22 0.144476
23 0.142213
24 0.140037
25 0.137969
26 0.135887
27 0.134067
28 0.132472
29 0.130519
30 0.129069
31 0.127304
32 0.125965
33 0.124185
34 0.122752
35 0.121665
36 0.120158
37 0.118897
38 0.117747
39 0.116421
40 0.115102
41 0.114115
42 0.112988
43 0.111836
44 0.110502
45 0.109652
46 0.108588
47 0.107634
48 0.106629
49 0.105703
50 0.104851
51 0.103954
52 0.103107
53 0.102082
54 0.1013
55 0.100355
56 0.0994628
57 0.0988572
58 0.0978887
59 0.0973638
60 0.0964036
61 0.0955794
62 0.0949392
63 0.0942197
64 0.0935384
65 0.092944
66 0.0920943
67 0.0914783
68 0.0910856
69 0.0902682
70 0.0897298
71 0.0889977
72 0.0884698
73 0.0877993
74 0.0874613
75 0.0867774
76 0.0859659
77 0.0856637
78 0.0850456
79 0.0845369
80 0.0840455
81 0.0835581
82 0.0831435
83 0.0823679
84 0.0820468
85 0.0815716
86 0.0811614
87 0.0806843
88 0.0802277
89 0.0797649
90 0.079207
91 0.078751
92 0.0783926
93 0.0779048
94 0.0775511
95 0.0769929
96 0.0766317
97 0.0763746
98 0.0757189
99 0.075527
100 0.0750227
101 0.074728
102 0.074325
103 0.0739663
104 0.0736429
105 0.0731243
106 0.0728232
107 0.0724928
108 0.0720986
109 0.0717708
110 0.0714261
111 0.0709741
112 0.0707357
113 0.0703228
114 0.0699643
115 0.0697291
116 0.0694842
117 0.0690974
118 0.0686754
119 0.0684142
120 0.0681533
121 0.0678493
122 0.0674816
123 0.0672652
124 0.0669348
125 0.0665568
126 0.0663171
127 0.0660763
128 0.0656101
129 0.0655604
130 0.0651904
131 0.0650794
132 0.0648605
133 0.0644194
134 0.0640918
135 0.0638305
136 0.063633
137 0.0633846
138 0.0631638
139 0.0628138
140 0.0626457
141 0.0624099
142 0.062293
143 0.0618569
144 0.0615265
145 0.0614475
146 0.0612548
147 0.0609354
148 0.0607057
149 0.0604118
150 0.0601928
151 0.0599948
152 0.0597307
153 0.0594945
154 0.0593828
155 0.0590467
156 0.0588539
157 0.0586302
158 0.0586608
159 0.0582508
160 0.058
161 0.05769
162 0.0576395
163 0.0573134
164 0.0572176
165 0.0570261
166 0.0566403
167 0.0566473
168 0.0563416
169 0.0562985
170 0.0561631
171 0.0557529
172 0.0555661
173 0.0554533
174 0.0552111
175 0.0549266
176 0.0548162
177 0.0546957
178 0.0544803
179 0.0543328
180 0.0540884
181 0.0539341
182 0.0538467
183 0.0536101
184 0.0534474
185 0.0532564
186 0.0531771
187 0.0528344
188 0.0527478
189 0.0524643
190 0.0523823
191 0.0524062
192 0.0520495
193 0.0519144
194 0.0517281
195 0.051659
196 0.0514
197 0.0513618
198 0.0511139
199 0.0509997
200 0.0508623
201 0.0507333
202 0.0505427
203 0.0504511
204 0.050254
205 0.0499684
206 0.0500053
207 0.0497956
208 0.0496648
209 0.0494477
210 0.0493021
211 0.0491819
212 0.0491454
213 0.0490146
214 0.0487592
215 0.0485207
216 0.0484853
217 0.0484181
218 0.0481518
219 0.048153
220 0.0479507
221 0.0479151
222 0.0477788
223 0.0476053
224 0.0474548
225 0.0473549
226 0.047098
227 0.0470202
228 0.0469531
229 0.0467802
230 0.046701
231 0.0464316
232 0.0465101
233 0.0462884
234 0.0460611
235 0.0460758
236 0.0459277
237 0.0457886
238 0.0457264
239 0.0455568
240 0.0454837
241 0.0452623
242 0.0452766
243 0.0450434
244 0.0449256
245 0.0448822
246 0.0446638
247 0.0445153
248 0.0445063
249 0.0443496
250 0.0441849
251 0.0442075
252 0.0441336
253 0.0439045
254 0.0438336
255 0.0437542
256 0.0435299
257 0.0435829
258 0.0434511
259 0.0432948
260 0.0433001
261 0.0430954
262 0.0429843
263 0.0428065
264 0.0427017
265 0.0427433
266 0.0425126
267 0.0425035
268 0.0423331
269 0.0422297
270 0.0421405
271 0.0420601
272 0.0419681
273 0.0419202
274 0.0417522
275 0.0415989
276 0.0415143
277 0.0415777
278 0.0414685
279 0.0413467
280 0.0411354
281 0.0412304
282 0.0409736
283 0.0410122
284 0.0407487
285 0.0407869
286 0.0407086
287 0.0406221
288 0.0405703
289 0.0403967
290 0.040253
291 0.0402539
292 0.0401277
293 0.0400217
294 0.040009
295 0.0399579
296 0.0398216
297 0.0397341
298 0.0395689
299 0.0396389
300 0.0394016
301 0.0393381
302 0.0393024
303 0.0392239
304 0.0391873
305 0.0390284
306 0.0389609
307 0.0387703
308 0.0388037
309 0.0387658
310 0.0385485
311 0.0384975
312 0.0384547
313 0.0384376
314 0.0382338
315 0.0381497
316 0.0381773
317 0.0380795
318 0.0379921
319 0.0379585
320 0.0379081
321 0.0377516
322 0.0376424
323 0.0376207
324 0.0375119
325 0.0374511
326 0.0373279
327 0.0373474
328 0.0373019
329 0.0371412
330 0.037159
331 0.0370133
332 0.0369452
333 0.0368681
334 0.0367545
335 0.0367379
336 0.0365921
337 0.0366041
338 0.0366226
339 0.0364777
340 0.0364035
341 0.0363361
342 0.036218
343 0.0362365
344 0.036101
345 0.0360059
346 0.0360047
347 0.0358756
348 0.035797
349 0.0357636
350 0.035712
351 0.0355647
352 0.0354716
353 0.035541
354 0.0354161
355 0.0353892
356 0.0352177
357 0.0352332
358 0.0350384
359 0.0350176
360 0.0350062
361 0.0350497
362 0.0349577
363 0.0348131
364 0.0347984
365 0.0347103
366 0.0345697
367 0.0346415
368 0.034547
369 0.0344072
370 0.0344562
371 0.0344011
372 0.034325
373 0.0342801
374 0.0341824
375 0.0339992
376 0.0340532
377 0.0339987
378 0.0339128
379 0.0338206
380 0.0338066
381 0.0336933
382 0.0336212
383 0.033624
384 0.0336065
385 0.0335213
386 0.0334367
387 0.0334851
388 0.0333228
389 0.03323
390 0.0331536
391 0.0331676
392 0.033009
393 0.0330634
394 0.0330152
395 0.0328744
396 0.032814
397 0.0327981
398 0.0326905
399 0.0327259
400 0.032673
