1 0.299581
6 0.299747
11 0.299925
16 0.299884
21 0.299818
26 0.300525
31 0.306842
36 0.313932
41 0.320572
46 0.326371
51 0.331716
56 0.336358
61 0.340753
66 0.344463
71 0.347825
76 0.350986
81 0.353746
86 0.356303
91 0.358633
96 0.360806
101 0.362706
106 0.364588
111 0.366286
116 0.367791
121 0.369288
126 0.37077
131 0.372027
136 0.373206
141 0.374383
146 0.375457
151 0.376538
156 0.377493
161 0.378432
166 0.379309
171 0.380111
176 0.380958
181 0.38169
186 0.382398
191 0.383152
196 0.383804
200 0.384304
