1 0.120584
6 0.120613
11 0.120416
16 0.120613
21 0.120416
26 0.101626
31 0.0738018
36 0.0576346
41 0.0493686
46 0.044203
51 0.0382055
56 0.0342919
61 0.0310432
66 0.0285438
71 0.0265191
76 0.0247663
81 0.0233904
86 0.022081
91 0.0210756
96 0.0198444
101 0.0190938
106 0.0181623
111 0.0173844
116 0.0168026
121 0.0161624
126 0.0155074
131 0.0150209
136 0.0145622
141 0.0140752
146 0.0137244
151 0.0132892
156 0.0128937
161 0.0125254
166 0.0122517
171 0.0119532
176 0.0116687
181 0.0114295
186 0.0112098
191 0.0108923
196 0.010674
200 0.0105184
