1 0.333585
2 0.334314
3 0.332457
4 0.333031
5 0.333025
6 0.334151
7 0.333444
8 0.333194
9 0.333144
10 0.333855
11 0.333096
12 0.352156
13 0.366845
14 0.381494
15 0.392561
16 0.403138
17 0.412941
18 0.422301
19 0.429772
20 0.437567
21 0.444927
22 0.451537
23 0.458565
24 0.464974
25 0.470274
26 0.475653
27 0.481002
28 0.485523
29 0.490748
30 0.494685
31 0.499885
32 0.50337
33 0.507469
34 0.51139
35 0.514847
36 0.519118
37 0.522488
38 0.526096
39 0.529362
40 0.532449
41 0.53589
42 0.539679
43 0.542568
44 0.545352
45 0.547862
46 0.550926
47 0.554273
48 0.555904
49 0.559359
50 0.562307
51 0.564734
52 0.567349
53 0.570359
54 0.572052
55 0.574602
56 0.57696
57 0.579096
58 0.580887
59 0.583602
60 0.585937
61 0.58823
62 0.589981
63 0.59184
64 0.594219
65 0.596238
66 0.598121
67 0.599988
68 0.601366
69 0.603635
70 0.605727
71 0.60731
72 0.60851
73 0.610778
74 0.612158
75 0.614286
76 0.61599
77 0.617735
78 0.617836
79 0.620481
80 0.621874
81 0.62315
82 0.625267
83 0.626997
84 0.627636
85 0.629807
86 0.63064
87 0.632346
88 0.634837
89 0.635526
90 0.636657
91 0.637863
92 0.63898
93 0.640919
94 0.642114
95 0.64324
96 0.644949
97 0.645579
98 0.646493
99 0.648309
100 0.649865
101 0.650919
102 0.652219
103 0.653482
104 0.654479
105 0.655331
106 0.656676
107 0.658301
108 0.658958
109 0.66064
110 0.661619
111 0.661874
112 0.662746
113 0.66351
114 0.665749
115 0.665967
116 0.667305
117 0.668618
118 0.668927
119 0.670724
120 0.671521
121 0.672486
122 0.673222
123 0.674714
124 0.67536
125 0.676873
126 0.677489
127 0.678497
128 0.678939
129 0.679165
130 0.68075
131 0.682179
132 0.682416
133 0.683312
134 0.683855
135 0.68538
136 0.68651
137 0.687299
138 0.687908
139 0.688098
140 0.689463
141 0.690498
142 0.690942
143 0.691567
144 0.691952
145 0.69275
146 0.69372
147 0.694569
148 0.69585
149 0.696558
150 0.696904
151 0.698202
152 0.697884
153 0.699349
154 0.699835
155 0.70109
156 0.70162
157 0.702732
158 0.702486
159 0.703425
160 0.704549
161 0.705135
162 0.704949
163 0.706883
164 0.707763
165 0.707866
166 0.708999
167 0.709064
168 0.709616
169 0.709993
170 0.711039
171 0.711919
172 0.71228
173 0.713426
174 0.713222
175 0.714436
176 0.714497
177 0.715402
178 0.715826
179 0.71607
180 0.717177
181 0.717967
182 0.718776
183 0.718411
184 0.720122
185 0.720224
186 0.720896
187 0.721881
188 0.721559
189 0.722056
190 0.722958
191 0.723152
192 0.724149
193 0.725115
194 0.725442
195 0.725219
196 0.726985
197 0.726832
198 0.727498
199 0.728086
200 0.72845
201 0.728676
202 0.729752
203 0.729848
204 0.730618
205 0.731171
206 0.731508
207 0.732134
208 0.731799
209 0.733356
210 0.733189
211 0.734271
212 0.734969
213 0.734946
214 0.735671
215 0.736738
216 0.736586
217 0.736729
218 0.737304
219 0.737925
220 0.738344
221 0.73917
222 0.73961
223 0.739274
224 0.740436
225 0.741206
226 0.741341
227 0.741866
228 0.742672
229 0.742442
230 0.743752
231 0.743951
232 0.744494
233 0.744607
234 0.744758
235 0.745173
236 0.745813
237 0.746108
238 0.746143
239 0.747579
240 0.747248
241 0.74875
242 0.748525
243 0.748921
244 0.748935
245 0.749511
246 0.750578
247 0.750137
248 0.750553
249 0.750795
250 0.751608
251 0.752236
252 0.752456
253 0.752277
254 0.752987
255 0.753544
256 0.754052
257 0.753686
258 0.755179
259 0.755028
260 0.754838
261 0.75519
262 0.75619
263 0.756529
264 0.756936
265 0.757952
266 0.757496
267 0.757781
268 0.758134
269 0.758967
270 0.75875
271 0.759547
272 0.760084
273 0.760449
274 0.760435
275 0.760498
276 0.761156
277 0.761552
278 0.762126
279 0.762567
280 0.762751
281 0.762725
282 0.763099
283 0.763794
284 0.764015
285 0.764509
286 0.764138
287 0.764798
288 0.765656
289 0.766209
290 0.765614
291 0.766986
292 0.766618
293 0.767224
294 0.767339
295 0.767845
296 0.768048
297 0.768057
298 0.76861
299 0.768799
300 0.7689
301 0.769765
302 0.769839
303 0.769946
304 0.770466
305 0.770349
306 0.770827
307 0.771426
308 0.771475
309 0.771806
310 0.772064
311 0.772742
312 0.772618
313 0.773502
314 0.773154
315 0.773362
316 0.774124
317 0.773852
318 0.774252
319 0.774829
320 0.774949
321 0.775177
322 0.77575
323 0.775879
324 0.776466
325 0.77688
326 0.77686
327 0.777128
328 0.777267
329 0.778012
330 0.778114
331 0.778318
332 0.778185
333 0.778546
334 0.779346
335 0.779291
336 0.779542
337 0.780212
338 0.780068
339 0.780809
340 0.780494
341 0.781268
342 0.781393
343 0.781364
344 0.781501
345 0.782393
346 0.781993
347 0.782377
348 0.782981
349 0.783113
350 0.78268
351 0.783428
352 0.783644
353 0.784303
354 0.785018
355 0.784868
356 0.784812
357 0.785086
358 0.785648
359 0.786069
360 0.785464
361 0.786086
362 0.78573
363 0.786569
364 0.786998
365 0.787371
366 0.787687
367 0.787548
368 0.787866
369 0.788769
370 0.787969
371 0.788734
372 0.788785
373 0.789002
374 0.789296
375 0.78958
376 0.789534
377 0.790401
378 0.790315
379 0.791142
380 0.790688
381 0.790549
382 0.790963
383 0.791498
384 0.791368
385 0.791841
386 0.792065
387 0.791846
388 0.792093
389 0.79222
390 0.792794
391 0.792302
392 0.793847
393 0.793566
394 0.793561
395 0.794076
396 0.793885
397 0.79479
398 0.79484
399 0.794543
400 0.795635
