1 0.109986
2 0.109951
3 0.11035
4 0.110211
5 0.110171
6 0.109898
7 0.110054
8 0.110052
9 0.110257
10 0.110076
11 0.110211
12 0.104503
13 0.100163
14 0.0960201
15 0.0926314
16 0.0897007
17 0.0869654
18 0.0843592
19 0.0821114
20 0.0800859
21 0.0781856
22 0.0763196
23 0.0745368
24 0.0729882
25 0.0715182
26 0.0702606
27 0.0688552
28 0.0677184
29 0.0664801
30 0.0654185
31 0.0642765
32 0.0633282
33 0.0624089
34 0.0614737
35 0.0606384
36 0.0596083
37 0.0588731
38 0.0580291
39 0.0572775
40 0.0565606
41 0.0558807
42 0.0549957
43 0.0543978
44 0.0537193
45 0.0532209
46 0.0525063
47 0.0518458
48 0.0514378
49 0.0507504
50 0.0501425
51 0.0495322
52 0.0491064
53 0.0484484
54 0.0481102
55 0.0475402
56 0.0470293
57 0.0465595
58 0.0461957
59 0.0456553
60 0.0452422
61 0.0447763
62 0.0443844
63 0.0440967
64 0.0435814
65 0.0431839
66 0.0428241
67 0.042504
68 0.0421094
69 0.0416961
70 0.0413614
71 0.0410112
72 0.04074
73 0.0403491
74 0.0400965
75 0.0396241
76 0.0393604
77 0.0390724
78 0.0389717
79 0.0384449
80 0.0382199
81 0.0379674
82 0.0376171
83 0.0372577
84 0.0371524
85 0.0367814
86 0.0366857
87 0.0363709
88 0.035908
89 0.0357795
90 0.0355112
91 0.0352643
92 0.0350738
93 0.0347671
94 0.0344759
95 0.0343337
96 0.0341392
97 0.0339135
98 0.0336925
99 0.033472
100 0.0331767
101 0.0330219
102 0.0328155
103 0.03257
104 0.032422
105 0.0323363
106 0.0320722
107 0.0317572
108 0.0316172
109 0.0314165
110 0.031196
111 0.0311281
112 0.030974
113 0.0308475
114 0.0305123
115 0.0304663
116 0.0301861
117 0.0300016
118 0.0299291
119 0.0296683
120 0.0295224
121 0.0293358
122 0.0292827
123 0.0289989
124 0.0288882
125 0.0287181
126 0.0285543
127 0.0283934
128 0.0283692
129 0.028239
130 0.0280383
131 0.0278074
132 0.0277358
133 0.0275468
134 0.0275567
135 0.0273004
136 0.0271948
137 0.0270411
138 0.0268735
139 0.0267839
140 0.0266989
141 0.0264587
142 0.0264462
143 0.0263001
144 0.0262969
145 0.0261206
146 0.0260378
147 0.0258989
148 0.0256712
149 0.0255148
150 0.0254752
151 0.0252892
152 0.025311
153 0.0251667
154 0.0250091
155 0.0248276
156 0.0247615
157 0.0246813
158 0.0246393
159 0.0244931
160 0.0243601
161 0.0242123
162 0.024222
163 0.0240603
164 0.0238949
165 0.0238136
166 0.0236844
167 0.0236937
168 0.0235214
169 0.0235009
170 0.0233705
171 0.0232835
172 0.0231837
173 0.0229839
174 0.0230481
175 0.0228504
176 0.0228628
177 0.0227363
178 0.0226533
179 0.0226161
180 0.0224753
181 0.0223732
182 0.0222213
183 0.0222638
184 0.0221565
185 0.0219935
186 0.0219532
187 0.021861
188 0.0217889
189 0.0217389
190 0.021624
191 0.0215674
192 0.0214549
193 0.021326
194 0.0212998
195 0.0213256
196 0.0210701
197 0.0210765
198 0.0210108
199 0.0209139
200 0.0208841
201 0.0207978
202 0.0207276
203 0.0206825
204 0.0205927
205 0.0204675
206 0.0204446
207 0.0203251
208 0.0203241
209 0.02017
210 0.0201778
211 0.0200613
212 0.0199759
213 0.0199387
214 0.01986
215 0.0197043
216 0.0197409
217 0.0197478
218 0.0195967
219 0.0195409
220 0.0195299
221 0.019381
222 0.0193161
223 0.0193537
224 0.0192229
225 0.0191184
226 0.0190685
227 0.0190328
228 0.0189195
229 0.0189506
230 0.0188083
231 0.0188004
232 0.0187456
233 0.0186437
234 0.0186192
235 0.0185468
236 0.0185045
237 0.0184613
238 0.0184117
239 0.0183003
240 0.0182676
241 0.018119
242 0.0181393
243 0.0181138
244 0.0180689
245 0.0180204
246 0.0178857
247 0.017932
248 0.0178738
249 0.0178629
250 0.0177148
251 0.0176589
252 0.0176383
253 0.0176291
254 0.0175804
255 0.0175079
256 0.0175113
257 0.017434
258 0.0173323
259 0.017296
260 0.0173564
261 0.0172767
262 0.0172018
263 0.0171194
264 0.017066
265 0.0169615
266 0.0170254
267 0.0169528
268 0.0169285
269 0.0168271
270 0.0168657
271 0.0167322
272 0.0167082
273 0.0166475
274 0.0166144
275 0.016554
276 0.0165695
277 0.0164769
278 0.0164314
279 0.0163888
280 0.0163801
281 0.0163275
282 0.0162786
283 0.0162337
284 0.0161915
285 0.0160806
286 0.016139
287 0.0160486
288 0.0159506
289 0.0159402
290 0.015974
291 0.0158288
292 0.0158408
293 0.0158107
294 0.0157736
295 0.0156892
296 0.0156933
297 0.0156932
298 0.0156163
299 0.0155872
300 0.0155891
301 0.0155043
302 0.0154449
303 0.0154807
304 0.0154011
305 0.0153948
306 0.0153202
307 0.0152981
308 0.0152496
309 0.0151832
310 0.015211
311 0.015105
312 0.0151329
313 0.0150515
314 0.0150955
315 0.0150348
316 0.015008
317 0.0149975
318 0.0148914
319 0.0148374
320 0.0148596
321 0.0148111
322 0.0147727
323 0.0147404
324 0.0146628
325 0.0146354
326 0.0145753
327 0.0145734
328 0.0145781
329 0.0145123
330 0.0144704
331 0.0144315
332 0.0144859
333 0.0144466
334 0.0143581
335 0.0143805
336 0.0143124
337 0.0142437
338 0.0142862
339 0.0141829
340 0.0141644
341 0.0141141
342 0.0141153
343 0.014092
344 0.0140584
345 0.0140355
346 0.0139886
347 0.0139602
348 0.0139252
349 0.0139078
350 0.0139025
351 0.0138301
352 0.0138712
353 0.0137661
354 0.0136937
355 0.0136894
356 0.0137309
357 0.0136639
358 0.0135972
359 0.0135815
360 0.0136227
361 0.0135699
362 0.0135472
363 0.0134639
364 0.0134625
365 0.0133915
366 0.0133969
367 0.0133596
368 0.0133766
369 0.013317
370 0.0133399
371 0.0132513
372 0.0132845
373 0.0132517
374 0.0132138
375 0.013181
376 0.0131714
377 0.0130818
378 0.0131013
379 0.0130572
380 0.0130954
381 0.0130798
382 0.0130167
383 0.0129583
384 0.0129915
385 0.0129345
386 0.0128698
387 0.0128991
388 0.0128818
389 0.0128631
390 0.0127539
391 0.0128314
392 0.0126638
393 0.0127214
394 0.0126712
395 0.0127039
396 0.0126835
397 0.0126015
398 0.0125771
399 0.0125996
400 0.0125554
