1 0.109986
2 0.109968
3 0.110095
4 0.110124
5 0.110134
6 0.110094
7 0.110089
8 0.110084
9 0.110103
10 0.110101
11 0.110111
12 0.109643
13 0.108914
14 0.107993
15 0.106969
16 0.10589
17 0.104777
18 0.103642
19 0.102509
20 0.101388
21 0.100283
22 0.0991938
23 0.0981218
24 0.0970746
25 0.0960523
26 0.0950603
27 0.0940897
28 0.0931478
29 0.0922282
30 0.0913346
31 0.0904617
32 0.0896139
33 0.0887895
34 0.0879861
35 0.0872047
36 0.0864382
37 0.0856932
38 0.0849652
39 0.0842552
40 0.0835629
41 0.0828876
42 0.0822236
43 0.0815764
44 0.0809434
45 0.0803273
46 0.0797225
47 0.0791294
48 0.0785524
49 0.0779851
50 0.0774282
51 0.0768813
52 0.0763471
53 0.0758206
54 0.0753075
55 0.0748026
56 0.0743068
57 0.0738199
58 0.0733436
59 0.0728744
60 0.0724138
61 0.0719607
62 0.071516
63 0.0710808
64 0.070651
65 0.0702284
66 0.0698133
67 0.0694057
68 0.0690042
69 0.0686085
70 0.0682192
71 0.067836
72 0.0674597
73 0.0670883
74 0.0667235
75 0.0663623
76 0.066007
77 0.0656572
78 0.0653151
79 0.0649749
80 0.0646404
81 0.0643112
82 0.0639856
83 0.0636636
84 0.063348
85 0.0630355
86 0.062729
87 0.0624261
88 0.0621247
89 0.0618287
90 0.0615362
91 0.0612476
92 0.0609631
93 0.0606814
94 0.0604026
95 0.0601282
96 0.0598574
97 0.0595901
98 0.0593258
99 0.0590647
100 0.0588057
101 0.0585505
102 0.0582982
103 0.0580483
104 0.057802
105 0.0575594
106 0.057319
107 0.0570801
108 0.0568444
109 0.056611
110 0.05638
111 0.0561525
112 0.0559277
113 0.0557058
114 0.0554848
115 0.0552673
116 0.055051
117 0.0548369
118 0.0546258
119 0.0544161
120 0.0542087
121 0.0540031
122 0.0538005
123 0.0535988
124 0.0533996
125 0.0532021
126 0.0530065
127 0.0528127
128 0.0526217
129 0.0524327
130 0.052245
131 0.0520585
132 0.0518742
133 0.0516913
134 0.0515112
135 0.0513319
136 0.0511544
137 0.0509784
138 0.0508037
139 0.0506309
140 0.05046
141 0.0502897
142 0.0501218
143 0.0499552
144 0.049791
145 0.0496277
146 0.0494661
147 0.0493058
148 0.0491461
149 0.0489875
150 0.0488308
151 0.0486749
152 0.0485212
153 0.0483685
154 0.0482168
155 0.0480659
156 0.0479165
157 0.0477686
158 0.0476222
159 0.0474767
160 0.0473322
161 0.0471886
162 0.0470468
163 0.0469059
164 0.0467655
165 0.0466264
166 0.0464882
167 0.0463517
168 0.0462158
169 0.0460814
170 0.0459478
171 0.0458153
172 0.0456837
173 0.0455525
174 0.0454231
175 0.0452942
176 0.0451667
177 0.04504
178 0.0449143
179 0.0447897
180 0.0446657
181 0.0445425
182 0.0444198
183 0.0442988
184 0.0441785
185 0.0440586
186 0.0439397
187 0.0438216
188 0.0437045
189 0.0435882
190 0.0434726
191 0.0433579
192 0.0432438
193 0.0431303
194 0.0430178
195 0.0429065
196 0.0427951
197 0.0426849
198 0.0425754
199 0.0424666
200 0.0423587
201 0.0422513
202 0.0421448
203 0.0420391
204 0.0419339
205 0.0418292
206 0.0417254
207 0.041622
208 0.0415196
209 0.0414175
210 0.0413164
211 0.0412156
212 0.0411155
213 0.041016
214 0.0409172
215 0.0408185
216 0.040721
217 0.0406242
218 0.0405278
219 0.040432
220 0.040337
221 0.0402421
222 0.0401479
223 0.0400546
224 0.0399616
225 0.039869
226 0.039777
227 0.0396856
228 0.0395944
229 0.0395043
230 0.0394144
231 0.0393252
232 0.0392364
233 0.0391481
234 0.0390603
235 0.038973
236 0.0388863
237 0.0388001
238 0.0387144
239 0.038629
240 0.0385441
241 0.0384594
242 0.0383755
243 0.0382922
244 0.0382092
245 0.0381268
246 0.0380445
247 0.0379631
248 0.0378821
249 0.0378017
250 0.0377214
251 0.0376414
252 0.0375621
253 0.0374832
254 0.0374049
255 0.0373269
256 0.0372495
257 0.0371723
258 0.0370955
259 0.037019
260 0.0369434
261 0.036868
262 0.036793
263 0.0367182
264 0.0366437
265 0.0365695
266 0.036496
267 0.0364228
268 0.03635
269 0.0362775
270 0.0362056
271 0.0361337
272 0.0360623
273 0.0359912
274 0.0359205
275 0.0358501
276 0.0357802
277 0.0357105
278 0.0356411
279 0.0355721
280 0.0355036
281 0.0354354
282 0.0353674
283 0.0352998
284 0.0352325
285 0.0351654
286 0.0350988
287 0.0350324
288 0.0349661
289 0.0349004
290 0.0348351
291 0.0347697
292 0.034705
293 0.0346404
294 0.0345763
295 0.0345123
296 0.0344487
297 0.0343856
298 0.0343226
299 0.0342599
300 0.0341977
301 0.0341356
302 0.0340737
303 0.0340123
304 0.0339511
305 0.0338902
306 0.0338295
307 0.0337692
308 0.033709
309 0.0336491
310 0.0335896
311 0.0335302
312 0.0334712
313 0.0334123
314 0.033354
315 0.0332959
316 0.033238
317 0.0331805
318 0.033123
319 0.0330656
320 0.0330088
321 0.032952
322 0.0328956
323 0.0328394
324 0.0327833
325 0.0327275
326 0.0326717
327 0.0326164
328 0.0325614
329 0.0325066
330 0.0324519
331 0.0323975
332 0.0323435
333 0.0322898
334 0.0322361
335 0.0321828
336 0.0321296
337 0.0320765
338 0.0320239
339 0.0319712
340 0.0319189
341 0.0318667
342 0.0318147
343 0.0317631
344 0.0317116
345 0.0316604
346 0.0316093
347 0.0315585
348 0.0315078
349 0.0314574
350 0.0314072
351 0.0313571
352 0.0313075
353 0.0312577
354 0.0312082
355 0.0311588
356 0.0311098
357 0.031061
358 0.0310122
359 0.0309636
360 0.0309155
361 0.0308674
362 0.0308196
363 0.0307718
364 0.0307242
365 0.0306767
366 0.0306295
367 0.0305824
368 0.0305357
369 0.030489
370 0.0304427
371 0.0303963
372 0.0303504
373 0.0303045
374 0.0302588
375 0.0302133
376 0.0301679
377 0.0301226
378 0.0300776
379 0.0300327
380 0.0299881
381 0.0299437
382 0.0298994
383 0.0298552
384 0.0298113
385 0.0297674
386 0.0297236
387 0.0296802
388 0.0296369
389 0.0295938
390 0.0295506
391 0.0295078
392 0.0294649
393 0.0294223
394 0.0293798
395 0.0293375
396 0.0292955
397 0.0292534
398 0.0292115
399 0.0291699
400 0.0291284
