1 0.5
2 0.35344
3 0.288442
4 0.269812
5 0.251271
6 0.235421
7 0.229394
8 0.222321
9 0.215102
10 0.21209
11 0.208218
12 0.205921
13 0.204097
14 0.201356
15 0.199104
16 0.197031
17 0.195944
18 0.194874
19 0.19396
20 0.193599
21 0.193166
22 0.192768
23 0.192518
24 0.192352
25 0.192176
26 0.19203
27 0.19194
28 0.191877
29 0.191855
30 0.191866
31 0.191887
32 0.191946
33 0.19206
34 0.192187
35 0.192332
36 0.192483
37 0.192587
38 0.192639
39 0.19268
40 0.192712
41 0.192749
42 0.192767
43 0.192796
44 0.192833
45 0.192857
46 0.192902
47 0.192966
48 0.193019
49 0.193087
50 0.193179
51 0.193275
52 0.193362
53 0.193463
54 0.19356
55 0.193664
56 0.193762
57 0.193863
58 0.193968
59 0.194055
60 0.194158
61 0.19426
62 0.194354
63 0.19446
64 0.194554
65 0.194643
66 0.194732
67 0.194825
68 0.194903
69 0.194985
70 0.195056
71 0.195119
72 0.195183
73 0.195241
74 0.195298
75 0.195348
76 0.195386
77 0.195422
78 0.195465
79 0.195508
80 0.195543
81 0.195572
82 0.195595
83 0.195617
84 0.195635
85 0.195653
86 0.195666
87 0.195683
88 0.195701
89 0.195716
90 0.195721
91 0.195724
92 0.195727
93 0.195732
94 0.195749
95 0.195754
96 0.195761
97 0.195765
98 0.195771
99 0.195772
100 0.195783
101 0.195791
102 0.195799
103 0.195801
104 0.195806
105 0.195809
106 0.19581
107 0.195808
108 0.195813
109 0.195823
110 0.195828
111 0.195826
112 0.195829
113 0.195828
114 0.195829
115 0.195839
116 0.195849
117 0.19585
118 0.195858
119 0.195864
120 0.195867
121 0.195875
122 0.195872
123 0.195874
124 0.195876
125 0.195871
126 0.195872
127 0.195873
128 0.19587
129 0.195861
130 0.195849
131 0.195842
132 0.195835
133 0.195835
134 0.195831
135 0.195826
136 0.195824
137 0.195825
138 0.19582
139 0.195818
140 0.195815
141 0.195817
142 0.195818
143 0.195817
144 0.195816
145 0.195814
146 0.195818
147 0.19582
148 0.19582
149 0.195821
150 0.195821
151 0.195816
152 0.195813
153 0.195813
154 0.195813
155 0.19581
156 0.195805
157 0.195797
158 0.195797
159 0.195797
160 0.195791
161 0.195785
162 0.19578
163 0.195777
164 0.195774
165 0.195771
166 0.195774
167 0.195776
168 0.19578
169 0.19578
170 0.195775
171 0.195775
172 0.195775
173 0.19577
174 0.195766
175 0.195763
176 0.195759
177 0.195755
178 0.195749
179 0.195747
180 0.195742
181 0.195737
182 0.195734
183 0.195734
184 0.195733
185 0.195731
186 0.19573
187 0.195725
188 0.19572
189 0.195718
190 0.195715
191 0.195709
192 0.195705
193 0.195704
194 0.195703
195 0.195702
196 0.1957
197 0.195694
198 0.195692
199 0.195689
200 0.195687
201 0.195682
202 0.19568
203 0.195679
204 0.195678
205 0.195675
206 0.195674
207 0.195677
208 0.195671
209 0.195669
210 0.195667
211 0.195663
212 0.195658
213 0.195656
214 0.195652
215 0.195651
216 0.195651
217 0.195651
218 0.195647
219 0.195644
220 0.19564
221 0.195634
222 0.195629
223 0.195626
224 0.195619
225 0.195616
226 0.195615
227 0.19561
228 0.195607
229 0.195607
230 0.195607
231 0.195605
232 0.195604
233 0.195604
234 0.195602
235 0.1956
236 0.195602
237 0.195604
238 0.195605
239 0.195607
240 0.195604
241 0.195602
242 0.1956
243 0.195601
244 0.1956
245 0.195604
246 0.195604
247 0.195601
248 0.195604
249 0.195605
250 0.195605
251 0.195608
252 0.195607
253 0.195607
254 0.195608
255 0.19561
256 0.195612
257 0.195612
258 0.195611
259 0.19561
260 0.195608
261 0.195606
262 0.195608
263 0.195608
264 0.195609
265 0.195609
266 0.195608
267 0.195605
268 0.195604
269 0.195603
270 0.195603
271 0.195605
272 0.195605
273 0.195608
274 0.19561
275 0.19561
276 0.195612
277 0.195613
278 0.195617
279 0.195616
280 0.195616
281 0.195615
282 0.195615
283 0.195616
284 0.195616
285 0.195616
286 0.195617
287 0.195616
288 0.195616
289 0.195616
290 0.195615
291 0.195616
292 0.195612
293 0.195611
294 0.19561
295 0.195609
296 0.195609
297 0.195608
298 0.195608
299 0.195609
300 0.195607
301 0.195604
302 0.195602
303 0.195602
304 0.195603
305 0.195601
306 0.195601
307 0.1956
308 0.195597
309 0.195594
310 0.195592
311 0.195589
312 0.195587
313 0.195587
314 0.195585
315 0.195586
316 0.195584
317 0.195583
318 0.195581
319 0.195578
320 0.195576
321 0.195577
322 0.195574
323 0.195572
324 0.19557
325 0.195567
326 0.195566
327 0.195563
328 0.195561
329 0.195559
330 0.195557
331 0.195556
332 0.195555
333 0.195553
334 0.19555
335 0.195549
336 0.195548
337 0.195546
338 0.195546
339 0.195544
340 0.195543
341 0.195542
342 0.19554
343 0.195538
344 0.195535
345 0.195533
346 0.19553
347 0.19553
348 0.195528
349 0.195524
350 0.195524
351 0.195521
352 0.195518
353 0.195516
354 0.195514
355 0.195512
356 0.19551
357 0.195509
358 0.195509
359 0.195508
360 0.195504
361 0.195504
362 0.195502
363 0.1955
364 0.195501
365 0.195499
366 0.195499
367 0.195497
368 0.195496
369 0.195495
370 0.195492
371 0.19549
372 0.195488
373 0.195487
374 0.195484
375 0.195483
376 0.195479
377 0.195478
378 0.195477
379 0.195474
380 0.195472
381 0.195468
382 0.195465
383 0.195463
384 0.195461
385 0.195459
386 0.195459
387 0.195459
388 0.195458
389 0.195455
390 0.195453
391 0.195451
392 0.195448
393 0.195445
394 0.195442
395 0.19544
396 0.195437
397 0.195436
398 0.195434
399 0.195433
400 0.195432
