1 0.500842
2 0.500215
3 0.500428
4 0.500247
5 0.500223
6 0.50025
7 0.500247
8 0.500167
9 0.500165
10 0.500206
11 0.500204
12 0.500222
13 0.506631
14 0.515115
15 0.522958
16 0.53054
17 0.53857
18 0.546031
19 0.553064
20 0.559729
21 0.566087
22 0.572068
23 0.577595
24 0.582814
25 0.587658
26 0.592093
27 0.596241
28 0.60007
29 0.603616
30 0.606911
31 0.610019
32 0.612916
33 0.615631
34 0.618191
35 0.620598
36 0.62289
37 0.625
38 0.62698
39 0.628866
40 0.630658
41 0.632371
42 0.634043
43 0.635646
44 0.637199
45 0.638692
46 0.640141
47 0.641531
48 0.642884
49 0.644222
50 0.645527
51 0.646794
52 0.648045
53 0.649269
54 0.650459
55 0.651646
56 0.652785
57 0.653902
58 0.654969
59 0.656041
60 0.657069
61 0.658086
62 0.659079
63 0.660049
64 0.660988
65 0.661905
66 0.662797
67 0.663658
68 0.664509
69 0.66534
70 0.666154
71 0.666946
72 0.667711
73 0.668471
74 0.669198
75 0.66991
76 0.670604
77 0.671291
78 0.671955
79 0.672604
80 0.673246
81 0.673885
82 0.674486
83 0.675085
84 0.675671
85 0.676252
86 0.676814
87 0.677362
88 0.677904
89 0.678431
90 0.678948
91 0.679455
92 0.679953
93 0.680449
94 0.680935
95 0.681415
96 0.681882
97 0.682345
98 0.682799
99 0.683253
100 0.683691
101 0.684126
102 0.684556
103 0.684983
104 0.685402
105 0.685804
106 0.686195
107 0.686587
108 0.686972
109 0.687346
110 0.68772
111 0.688092
112 0.688462
113 0.688826
114 0.68919
115 0.689546
116 0.689891
117 0.690237
118 0.690581
119 0.690915
120 0.691247
121 0.691571
122 0.691892
123 0.692202
124 0.692516
125 0.692825
126 0.693125
127 0.693418
128 0.693709
129 0.69399
130 0.694274
131 0.694548
132 0.694829
133 0.695102
134 0.69537
135 0.695637
136 0.695894
137 0.696153
138 0.696405
139 0.69666
140 0.696917
141 0.69717
142 0.697422
143 0.697673
144 0.697918
145 0.69816
146 0.6984
147 0.69864
148 0.698877
149 0.699112
150 0.699343
151 0.699572
152 0.699797
153 0.700015
154 0.700228
155 0.700436
156 0.700643
157 0.70085
158 0.701051
159 0.701253
160 0.701454
161 0.701655
162 0.701858
163 0.70206
164 0.702261
165 0.702462
166 0.70266
167 0.702852
168 0.703045
169 0.703233
170 0.703419
171 0.703602
172 0.703784
173 0.703967
174 0.704145
175 0.704323
176 0.704497
177 0.70467
178 0.704842
179 0.705014
180 0.705187
181 0.705361
182 0.705532
183 0.705699
184 0.705864
185 0.706029
186 0.706192
187 0.706351
188 0.706511
189 0.706665
190 0.70682
191 0.706973
192 0.707124
193 0.707276
194 0.707427
195 0.707576
196 0.707728
197 0.707878
198 0.708027
199 0.70817
200 0.708312
201 0.708454
202 0.708597
203 0.708738
204 0.708876
205 0.709014
206 0.709147
207 0.709285
208 0.70942
209 0.70955
210 0.70968
211 0.709811
212 0.709941
213 0.710068
214 0.710196
215 0.710323
216 0.710449
217 0.710575
218 0.710698
219 0.710821
220 0.71094
221 0.711063
222 0.711186
223 0.711304
224 0.711422
225 0.71154
226 0.711655
227 0.711772
228 0.711888
229 0.712002
230 0.712116
231 0.712227
232 0.712342
233 0.712451
234 0.712566
235 0.712676
236 0.712786
237 0.712895
238 0.713001
239 0.713108
240 0.713219
241 0.713328
242 0.713438
243 0.713546
244 0.713648
245 0.713754
246 0.713856
247 0.713962
248 0.714063
249 0.714165
250 0.714263
251 0.714362
252 0.714463
253 0.714561
254 0.714658
255 0.714756
256 0.714852
257 0.714948
258 0.715042
259 0.715139
260 0.715235
261 0.715331
262 0.715426
263 0.715518
264 0.715611
265 0.715702
266 0.715795
267 0.715887
268 0.715978
269 0.716068
270 0.716156
271 0.716242
272 0.716333
273 0.716421
274 0.716507
275 0.716594
276 0.716682
277 0.716768
278 0.716853
279 0.716938
280 0.717023
281 0.717108
282 0.71719
283 0.717273
284 0.717354
285 0.717433
286 0.717512
287 0.717593
288 0.717675
289 0.717754
290 0.717835
291 0.717913
292 0.717991
293 0.718069
294 0.718145
295 0.718221
296 0.718296
297 0.718372
298 0.718448
299 0.718524
300 0.718597
301 0.718673
302 0.718747
303 0.718819
304 0.718891
305 0.718965
306 0.719037
307 0.719108
308 0.719182
309 0.719253
310 0.719324
311 0.719393
312 0.719463
313 0.719531
314 0.719601
315 0.719667
316 0.719736
317 0.719803
318 0.719871
319 0.719935
320 0.720001
321 0.720068
322 0.720135
323 0.720201
324 0.720265
325 0.720332
326 0.720396
327 0.72046
328 0.720525
329 0.720589
330 0.720653
331 0.720717
332 0.720776
333 0.720838
334 0.720899
335 0.720959
336 0.72102
337 0.721082
338 0.721142
339 0.721203
340 0.721263
341 0.721324
342 0.721383
343 0.72144
344 0.721501
345 0.721559
346 0.721617
347 0.721676
348 0.721732
349 0.721791
350 0.721847
351 0.721902
352 0.721959
353 0.722013
354 0.722069
355 0.722127
356 0.722183
357 0.722237
358 0.722292
359 0.722346
360 0.722401
361 0.722457
362 0.722512
363 0.722564
364 0.722619
365 0.722674
366 0.722725
367 0.722778
368 0.722828
369 0.722882
370 0.722933
371 0.722985
372 0.723037
373 0.723089
374 0.723141
375 0.723192
376 0.723244
377 0.723293
378 0.723342
379 0.723392
380 0.723442
381 0.723491
382 0.72354
383 0.723589
384 0.723639
385 0.723687
386 0.723736
387 0.723782
388 0.723831
389 0.723879
390 0.723926
391 0.723973
392 0.724019
393 0.724066
394 0.724115
395 0.72416
396 0.724207
397 0.724253
398 0.724299
399 0.724344
400 0.724389
