1 0.414265
2 0.448107
3 0.47221
4 0.496232
5 0.514889
6 0.531528
7 0.547503
8 0.561498
9 0.574341
10 0.586743
11 0.596918
12 0.606967
13 0.616105
14 0.624488
15 0.632461
16 0.639619
17 0.646878
18 0.653182
19 0.659328
20 0.664894
21 0.670177
22 0.675317
23 0.680263
24 0.684917
25 0.6892
26 0.693472
27 0.697334
28 0.701357
29 0.705087
30 0.70857
31 0.712093
32 0.715459
33 0.718426
34 0.721832
35 0.72463
36 0.727433
37 0.729974
38 0.732694
39 0.735604
40 0.738158
41 0.740448
42 0.742911
43 0.745266
44 0.747582
45 0.74993
46 0.751875
47 0.753787
48 0.755857
49 0.757607
50 0.759735
51 0.7616
52 0.763401
53 0.765228
54 0.766982
55 0.768537
56 0.770126
57 0.771617
58 0.773153
59 0.774862
60 0.776223
61 0.777896
62 0.779048
63 0.780585
64 0.782057
65 0.783656
66 0.78504
67 0.786558
68 0.787672
69 0.78894
70 0.790013
71 0.791347
72 0.792352
73 0.793629
74 0.794578
75 0.795915
76 0.796846
77 0.798141
78 0.799087
79 0.800072
80 0.801503
81 0.802615
82 0.803445
83 0.804623
84 0.805691
85 0.806632
86 0.807422
87 0.808614
88 0.809457
89 0.810374
90 0.811348
91 0.812068
92 0.812944
93 0.81365
94 0.81456
95 0.815503
96 0.816162
97 0.816998
98 0.817956
99 0.818679
100 0.819499
101 0.820127
102 0.82098
103 0.821701
104 0.822436
105 0.823082
106 0.823642
107 0.824438
108 0.825149
109 0.825897
110 0.826491
111 0.827111
112 0.827877
113 0.828485
114 0.829195
115 0.829737
116 0.830395
117 0.831057
118 0.831634
119 0.832304
120 0.832865
121 0.833546
122 0.834161
123 0.834812
124 0.835318
125 0.835987
126 0.836631
127 0.837034
128 0.837506
129 0.837972
130 0.838412
131 0.838878
132 0.839492
133 0.839944
134 0.840477
135 0.840926
136 0.841667
137 0.842225
138 0.842721
139 0.843117
140 0.843661
141 0.844124
142 0.844671
143 0.845112
144 0.845587
145 0.84608
146 0.846523
147 0.846937
148 0.847495
149 0.847875
150 0.848509
151 0.848901
152 0.8492
153 0.849837
154 0.850373
155 0.850767
156 0.851116
157 0.851752
158 0.852018
159 0.852514
160 0.852912
161 0.853221
162 0.85357
163 0.85407
164 0.854353
165 0.854795
166 0.855191
167 0.855518
168 0.855964
169 0.856335
170 0.856752
171 0.857107
172 0.857318
173 0.857737
174 0.858194
175 0.858579
176 0.858963
177 0.859376
178 0.85964
179 0.859899
180 0.860415
181 0.860817
182 0.861032
183 0.861499
184 0.861763
185 0.862115
186 0.862369
187 0.862662
188 0.863039
189 0.863351
190 0.863718
191 0.863945
192 0.864186
193 0.864578
194 0.864887
195 0.865127
196 0.865415
197 0.865682
198 0.866025
199 0.866216
200 0.866609
201 0.866947
202 0.867221
203 0.86748
204 0.867855
205 0.868132
206 0.868297
207 0.868778
208 0.868944
209 0.869213
210 0.869447
211 0.869825
212 0.870124
213 0.870361
214 0.870533
215 0.870791
216 0.871095
217 0.871412
218 0.871656
219 0.871993
220 0.872302
221 0.872613
222 0.873015
223 0.873106
224 0.873298
225 0.873563
226 0.87378
227 0.873836
228 0.874276
229 0.874466
230 0.874836
231 0.875036
232 0.875315
233 0.875521
234 0.875763
235 0.876087
236 0.876369
237 0.876668
238 0.876866
239 0.877059
240 0.877335
241 0.877522
242 0.877813
243 0.878065
244 0.878297
245 0.878497
246 0.878723
247 0.878874
248 0.87905
249 0.879379
250 0.879451
251 0.879694
252 0.879845
253 0.880097
254 0.880309
255 0.88056
256 0.880719
257 0.880955
258 0.881237
259 0.881369
260 0.881459
261 0.88171
262 0.88188
263 0.882141
264 0.882413
265 0.882506
266 0.882707
267 0.882855
268 0.883071
269 0.883315
270 0.883469
271 0.883653
272 0.883833
273 0.884136
274 0.884165
275 0.884426
276 0.884473
277 0.884823
278 0.884955
279 0.885143
280 0.885238
281 0.885449
282 0.885617
283 0.885841
284 0.886093
285 0.886169
286 0.886418
287 0.886622
288 0.886744
289 0.887015
290 0.887222
291 0.887354
292 0.887565
293 0.887638
294 0.887884
295 0.888071
296 0.888251
297 0.888365
298 0.888565
299 0.888688
300 0.888946
301 0.889096
302 0.88928
303 0.889583
304 0.889679
305 0.88979
306 0.889951
307 0.889959
308 0.890133
309 0.890369
310 0.890436
311 0.890629
312 0.89081
313 0.891036
314 0.891161
315 0.891343
316 0.891569
317 0.891617
318 0.891808
319 0.891911
320 0.892045
321 0.892159
322 0.892392
323 0.892525
324 0.892775
325 0.892918
326 0.892997
327 0.893095
328 0.893233
329 0.893504
330 0.893562
331 0.893712
332 0.893856
333 0.893954
334 0.894168
335 0.89409
336 0.894346
337 0.894477
338 0.894624
339 0.894743
340 0.894932
341 0.895086
342 0.895192
343 0.895458
344 0.895633
345 0.895812
346 0.895814
347 0.895971
348 0.896108
349 0.896238
350 0.896431
351 0.896537
352 0.896651
353 0.896861
354 0.897058
355 0.897242
356 0.897291
357 0.89734
358 0.897474
359 0.897595
360 0.897821
361 0.89798
362 0.898118
363 0.898211
364 0.898245
365 0.898419
366 0.898531
367 0.898768
368 0.8988
369 0.898968
370 0.8991
371 0.899314
372 0.899459
373 0.899603
374 0.899697
375 0.899752
376 0.899787
377 0.899939
378 0.900125
379 0.900228
380 0.900296
381 0.900525
382 0.900545
383 0.900751
384 0.900844
385 0.900868
386 0.90106
387 0.901238
388 0.901318
389 0.901474
390 0.901547
391 0.901698
392 0.901828
393 0.901892
394 0.902025
395 0.902144
396 0.902264
397 0.902358
398 0.902502
399 0.902622
400 0.902735
