1 0.230537
2 0.230569
3 0.230288
4 0.230374
5 0.230468
6 0.230345
7 0.230408
8 0.230531
9 0.230292
10 0.230505
11 0.230617
12 0.230259
13 0.2304
14 0.230506
15 0.230677
16 0.230066
17 0.230565
18 0.230502
19 0.230275
20 0.23045
21 0.230106
22 0.230404
23 0.230599
24 0.230607
25 0.230563
26 0.230537
27 0.21139
28 0.197916
29 0.188409
30 0.182105
31 0.177437
32 0.174398
33 0.1723
34 0.170357
35 0.16962
36 0.167273
37 0.165185
38 0.162946
39 0.160655
40 0.157941
41 0.155012
42 0.151894
43 0.148585
44 0.144602
45 0.140369
46 0.13915
47 0.137861
48 0.136463
49 0.135376
50 0.134846
51 0.133553
52 0.13311
53 0.13315
54 0.134292
55 0.133537
56 0.133903
57 0.134198
58 0.133107
59 0.132334
60 0.13126
61 0.130061
62 0.130023
63 0.129136
64 0.128691
65 0.129111
66 0.128814
67 0.129091
68 0.128882
69 0.128719
70 0.128614
71 0.128141
72 0.127562
73 0.127546
74 0.126949
75 0.126166
76 0.125373
77 0.124622
78 0.123794
79 0.12333
80 0.122644
81 0.121685
82 0.121395
83 0.120482
84 0.119578
85 0.118901
86 0.118049
87 0.116909
88 0.116185
89 0.115437
90 0.114554
91 0.11387
92 0.113534
93 0.112726
94 0.11169
95 0.111054
96 0.110387
97 0.109715
98 0.109054
99 0.108449
100 0.107985
101 0.107399
102 0.106539
103 0.106347
104 0.106139
105 0.105404
106 0.104689
107 0.104318
108 0.103808
109 0.103002
110 0.102436
111 0.102087
112 0.10162
113 0.101262
114 0.100447
115 0.0997886
116 0.0995398
117 0.09898
118 0.0984961
119 0.0978254
120 0.0973762
121 0.0969348
122 0.0963976
123 0.0957132
124 0.0951198
125 0.0946315
126 0.0941411
127 0.0934402
128 0.0927461
129 0.09267
130 0.0921076
131 0.0918045
132 0.0913142
133 0.0909149
134 0.0905303
135 0.0899743
136 0.0894207
137 0.0888591
138 0.0884195
139 0.0880864
140 0.087663
141 0.0873141
142 0.086946
143 0.0865056
144 0.0862946
145 0.0857839
146 0.0853742
147 0.0850499
148 0.0847017
149 0.0843266
150 0.083933
151 0.0833576
152 0.0829863
153 0.0827142
154 0.0821604
155 0.0816918
156 0.0813396
157 0.0810332
158 0.0807545
159 0.0803286
160 0.0797885
161 0.0794841
162 0.0792201
163 0.0787686
164 0.0783816
165 0.0780525
166 0.0776782
167 0.07746
168 0.0772825
169 0.076942
170 0.0767623
171 0.0763825
172 0.0761727
173 0.0757897
174 0.0755343
175 0.0750742
176 0.0746263
177 0.0744753
178 0.0742384
179 0.0738347
180 0.0734674
181 0.0731524
182 0.0729486
183 0.0726016
184 0.072295
185 0.0719576
186 0.0718685
187 0.0714983
188 0.0711741
189 0.0709873
190 0.0707591
191 0.0702559
192 0.0701076
193 0.0697874
194 0.0696725
195 0.0695027
196 0.0690739
197 0.0689858
198 0.0685587
199 0.068365
200 0.0681514
201 0.0678557
202 0.0676935
203 0.0674167
204 0.0672253
205 0.0669144
206 0.0666067
207 0.0662972
208 0.0662573
209 0.0659997
210 0.065758
211 0.0656032
212 0.0652442
213 0.065042
214 0.0648102
215 0.0646265
216 0.06444
217 0.0642843
218 0.0640618
219 0.0637303
220 0.0636353
221 0.0633878
222 0.0630921
223 0.0627286
224 0.0626727
225 0.0625143
226 0.0623138
227 0.0621275
228 0.0619229
229 0.0616913
230 0.0613573
231 0.0611408
232 0.0610775
233 0.0608874
234 0.0608117
235 0.0605589
236 0.0604366
237 0.0601331
238 0.0599221
239 0.0597916
240 0.0595297
241 0.0593186
242 0.0592109
243 0.0589805
244 0.0589098
245 0.0585792
246 0.0583554
247 0.0582473
248 0.0580296
249 0.0577975
250 0.0576983
251 0.057597
252 0.0574284
253 0.0571858
254 0.0570313
255 0.0568336
256 0.0567512
257 0.0564927
258 0.0563249
259 0.0561694
260 0.0560869
261 0.055911
262 0.055812
263 0.0556578
264 0.0553776
265 0.0552814
266 0.0550162
267 0.0549292
268 0.0547775
269 0.0546611
270 0.0545397
271 0.0543893
272 0.0542117
273 0.0540306
274 0.0538543
275 0.0536951
276 0.0534501
277 0.053378
278 0.0532087
279 0.0531282
280 0.0528428
281 0.0528924
282 0.0527299
283 0.0526315
284 0.052425
285 0.052311
286 0.0521408
287 0.0521184
288 0.0518608
289 0.0517536
290 0.0514254
291 0.0513528
292 0.0512665
293 0.051172
294 0.0509757
295 0.0510218
296 0.0506675
297 0.0506564
298 0.0504266
299 0.0502916
300 0.0502484
301 0.0500179
302 0.0499681
303 0.0498106
304 0.0496023
305 0.0494569
306 0.049381
307 0.0491963
308 0.0491477
309 0.0490171
310 0.0487771
311 0.0486535
312 0.0486182
313 0.0484958
314 0.0483865
315 0.0482814
316 0.0481396
317 0.0480325
318 0.0479696
319 0.0478067
320 0.0478255
321 0.0475216
322 0.0473605
323 0.0472127
324 0.0472066
325 0.0470502
326 0.0469957
327 0.0467456
328 0.0467615
329 0.0466028
330 0.0464233
331 0.046358
332 0.0462148
333 0.04608
334 0.0460051
335 0.0459
336 0.0459039
337 0.0457619
338 0.0457157
339 0.0454912
340 0.045448
341 0.0454162
342 0.0452743
343 0.0451614
344 0.0450848
345 0.0450146
346 0.0449381
347 0.0447181
348 0.0448056
349 0.044554
350 0.0445219
351 0.0444224
352 0.0442602
353 0.0441123
354 0.0441323
355 0.0439722
356 0.0438409
357 0.0437421
358 0.0436391
359 0.0435568
360 0.0434654
361 0.0433379
362 0.0433334
363 0.0431224
364 0.0429601
365 0.0429627
366 0.0428961
367 0.0428035
368 0.0426874
369 0.0426812
370 0.0426643
371 0.0425687
372 0.0424594
373 0.0423256
374 0.0423193
375 0.0421582
376 0.0420834
377 0.041888
378 0.0417765
379 0.0415909
380 0.0415691
381 0.0414808
382 0.0413138
383 0.0411814
384 0.0411185
385 0.0409549
386 0.0408209
387 0.0408706
388 0.0408348
389 0.0407941
390 0.0405913
391 0.0405273
392 0.0404687
393 0.0403572
394 0.0401618
395 0.0401578
396 0.0400851
397 0.0400843
398 0.0400126
399 0.0399656
400 0.0397696
