1 1.48202
2 0.980973
3 0.685139
4 0.521003
5 0.440166
6 0.4123
7 0.417247
8 0.442574
9 0.479935
10 0.585924
11 0.472072
12 0.385439
13 0.321614
14 0.277352
15 0.250587
16 0.24011
17 0.246139
18 0.270293
19 0.314742
20 0.38628
21 0.320652
22 0.270689
23 0.233911
24 0.208866
25 0.194563
26 0.183147
27 0.173234
28 0.16433
29 0.156449
30 0.151044
31 0.14593
32 0.141629
33 0.137911
34 0.135355
35 0.133662
36 0.131223
37 0.127327
38 0.12382
39 0.12086
40 0.11753
41 0.114077
42 0.111158
43 0.108144
44 0.105486
45 0.103279
46 0.101048
47 0.0987951
48 0.0966353
49 0.0946273
50 0.092702
51 0.0911152
52 0.0895958
53 0.0881516
54 0.0866484
55 0.0853035
56 0.0839009
57 0.0826562
58 0.0813718
59 0.0800239
60 0.0787429
61 0.077534
62 0.0764401
63 0.0754376
64 0.0744258
65 0.0735748
66 0.0727329
67 0.071733
68 0.0708623
69 0.0700062
70 0.0690876
71 0.0681987
72 0.0673823
73 0.0667227
74 0.0659396
75 0.065176
76 0.0644738
77 0.0637952
78 0.0631344
79 0.0624727
80 0.0617479
81 0.0611074
82 0.0604648
83 0.0598356
84 0.0591891
85 0.0585716
86 0.057974
87 0.057357
88 0.0567792
89 0.0562564
90 0.0556831
91 0.055161
92 0.0546298
93 0.0541058
94 0.0535533
95 0.0530858
96 0.0525978
97 0.0520724
98 0.0515693
99 0.0511126
100 0.0506507
101 0.0502168
102 0.0497301
103 0.0492937
104 0.0488625
105 0.0484872
106 0.0480704
107 0.0476336
108 0.0472617
109 0.0468455
110 0.0464549
111 0.0460602
112 0.0456791
113 0.0453216
114 0.0449414
115 0.0445652
116 0.0442291
117 0.0438997
118 0.0435474
119 0.0431777
120 0.04283
121 0.0425291
122 0.042206
123 0.0419169
124 0.0415812
125 0.0412404
126 0.0409657
127 0.0406858
128 0.040362
129 0.0400296
130 0.039768
131 0.039479
132 0.039202
133 0.0389234
134 0.0386136
135 0.0383231
136 0.0380521
137 0.0377789
138 0.0375234
139 0.0372448
140 0.036992
141 0.036715
142 0.0364735
143 0.0362042
144 0.0359546
145 0.0357328
146 0.0355263
147 0.0352662
148 0.034991
149 0.034741
150 0.0345276
151 0.0343003
152 0.0340896
153 0.0338921
154 0.0336482
155 0.0334396
156 0.0332335
157 0.0330229
158 0.0328151
159 0.0326227
160 0.0324013
161 0.0322021
162 0.031993
163 0.0317876
164 0.0315879
165 0.0314141
166 0.0312446
167 0.0310427
168 0.0308429
169 0.0306841
170 0.0304919
171 0.0303105
172 0.0300922
173 0.0299721
174 0.0297581
175 0.0295815
176 0.0293784
177 0.0292213
178 0.0290591
179 0.0288656
180 0.0286814
181 0.0285158
182 0.0283847
183 0.0282091
184 0.028062
185 0.0278925
186 0.0277504
187 0.0275913
188 0.0274342
189 0.0272794
190 0.0271685
191 0.027005
192 0.0268764
193 0.0267393
194 0.0266026
195 0.0264605
196 0.0263027
197 0.0261576
198 0.0260146
199 0.0258982
200 0.0257491
201 0.0256195
202 0.0255023
203 0.0253741
204 0.0252344
205 0.0250892
206 0.0249685
207 0.0248476
208 0.0247168
209 0.0245852
210 0.0244321
211 0.0243354
212 0.0242141
213 0.0240959
214 0.0239825
215 0.0238777
216 0.0237363
217 0.0236132
218 0.0235358
219 0.0234194
220 0.023313
221 0.0231742
222 0.0230611
223 0.0229539
224 0.0228421
225 0.022722
226 0.0226225
227 0.022512
228 0.0224241
229 0.02232
230 0.0222081
231 0.0221153
232 0.0219786
233 0.0219077
234 0.0218236
235 0.0217265
236 0.0216436
237 0.0215408
238 0.0214265
239 0.0213412
240 0.0212412
241 0.0211543
242 0.0210611
243 0.0209689
244 0.0208616
245 0.0207601
246 0.0206922
247 0.0206071
248 0.0205125
249 0.0204042
250 0.0203334
251 0.0202336
252 0.0201503
253 0.020066
254 0.0199885
255 0.0199121
256 0.0198262
257 0.0197517
258 0.0196458
259 0.0195774
260 0.019494
261 0.0194141
262 0.0193517
263 0.019259
264 0.0191849
265 0.0191117
266 0.0190409
267 0.0189683
268 0.0188975
269 0.0188139
270 0.0187373
271 0.0186673
272 0.0185962
273 0.0185261
274 0.0184452
275 0.0183619
276 0.0182989
277 0.018241
278 0.0181388
279 0.0180672
280 0.0179906
281 0.0179267
282 0.0178482
283 0.0177803
284 0.0177094
285 0.0176445
286 0.0175793
287 0.0175114
288 0.0174466
289 0.0173788
290 0.0173201
291 0.0172488
292 0.0171895
293 0.0171208
294 0.0170625
295 0.016998
296 0.016924
297 0.0168644
298 0.0168039
299 0.0167457
300 0.0166823
301 0.0166235
302 0.0165633
303 0.0165168
304 0.0164388
305 0.0163848
306 0.0163303
307 0.0162648
308 0.0161939
309 0.0161268
310 0.0160744
311 0.0160221
312 0.0159706
313 0.0159101
314 0.0158584
315 0.0158025
316 0.0157444
317 0.0156905
318 0.0156506
319 0.0156085
320 0.0155424
321 0.0154837
322 0.0154382
323 0.0153967
324 0.0153337
325 0.0152897
326 0.0152246
327 0.0151724
328 0.0151354
329 0.0150863
330 0.0150193
331 0.0149725
332 0.0149282
333 0.0148843
334 0.0148449
335 0.0147976
336 0.0147489
337 0.0146972
338 0.0146423
339 0.0145926
340 0.0145393
341 0.0144964
342 0.0144516
343 0.014404
344 0.0143371
345 0.0143102
346 0.0142594
347 0.0142186
348 0.0141705
349 0.014127
350 0.0140791
351 0.0140476
352 0.0139981
353 0.0139462
354 0.0138951
355 0.013854
356 0.0138189
357 0.0137833
358 0.0137369
359 0.0136906
360 0.0136673
361 0.0136326
362 0.0135921
363 0.0135381
364 0.0134928
365 0.013449
366 0.0134156
367 0.0133917
368 0.0133412
369 0.0133072
370 0.0132618
371 0.0132283
372 0.0131908
373 0.0131487
374 0.0131143
375 0.0130643
376 0.0130319
377 0.0129937
378 0.0129535
379 0.0129044
380 0.0128745
381 0.0128447
382 0.0128006
383 0.0127556
384 0.0127168
385 0.0126828
386 0.0126461
387 0.0126172
388 0.0125787
389 0.0125402
390 0.012516
391 0.012464
392 0.0124365
393 0.0124002
394 0.0123633
395 0.0123341
396 0.0122957
397 0.0122685
398 0.0122226
399 0.0121895
400 0.0121524
