1 0.299672
2 0.299843
3 0.29985
4 0.300005
5 0.300179
6 0.30006
7 0.300191
8 0.300168
9 0.300228
10 0.300205
11 0.300198
12 0.300234
13 0.30024
14 0.300222
15 0.300197
16 0.303185
17 0.306085
18 0.308849
19 0.311452
20 0.3139
21 0.316144
22 0.318185
23 0.32008
24 0.321873
25 0.323612
26 0.325024
27 0.326416
28 0.327784
29 0.328998
30 0.330156
31 0.331155
32 0.33226
33 0.333098
34 0.334099
35 0.334953
36 0.335751
37 0.336482
38 0.33718
39 0.337933
40 0.338567
41 0.339281
42 0.339698
43 0.340224
44 0.34073
45 0.341227
46 0.341608
47 0.342043
48 0.342437
49 0.342802
50 0.343156
51 0.343444
52 0.343758
53 0.343994
54 0.344192
55 0.344463
56 0.344607
57 0.344689
58 0.344847
59 0.344963
60 0.345025
61 0.345091
62 0.345117
63 0.34519
64 0.345182
65 0.345183
66 0.345119
67 0.345078
68 0.344954
69 0.344874
70 0.344747
71 0.344632
72 0.344505
73 0.344429
74 0.344199
75 0.344038
76 0.34383
77 0.343614
78 0.343365
79 0.343127
80 0.342847
81 0.342564
82 0.342283
83 0.341958
84 0.341717
85 0.341414
86 0.3411
87 0.340717
88 0.340323
89 0.33991
90 0.339487
91 0.339085
92 0.338642
93 0.338099
94 0.337762
95 0.337334
96 0.336916
97 0.336477
98 0.336065
99 0.335631
100 0.335194
101 0.334756
102 0.334295
103 0.33386
104 0.333423
105 0.333011
106 0.332539
107 0.332149
108 0.331712
109 0.331303
110 0.33089
111 0.330471
112 0.330055
113 0.329625
114 0.329143
115 0.328809
116 0.328404
117 0.328024
118 0.327599
119 0.327215
120 0.326822
121 0.326442
122 0.326055
123 0.325672
124 0.325314
125 0.324933
126 0.324554
127 0.324216
128 0.323849
129 0.323512
130 0.323148
131 0.32282
132 0.322499
133 0.322155
134 0.321821
135 0.321497
136 0.32117
137 0.320863
138 0.320542
139 0.320244
140 0.319946
141 0.319637
142 0.319353
143 0.31906
144 0.318771
145 0.318484
146 0.318287
147 0.317943
148 0.317674
149 0.317406
150 0.317145
151 0.316886
152 0.316622
153 0.316361
154 0.316117
155 0.315874
156 0.315635
157 0.315401
158 0.315155
159 0.314921
160 0.314683
161 0.314451
162 0.314225
163 0.314008
164 0.313772
165 0.313571
166 0.313359
167 0.313145
168 0.312938
169 0.312731
170 0.312502
171 0.312288
172 0.312182
173 0.312009
174 0.311846
175 0.31169
176 0.311552
177 0.311428
178 0.311307
179 0.311229
180 0.311169
181 0.311126
182 0.311101
183 0.311152
184 0.311213
185 0.311344
186 0.311532
187 0.311754
188 0.31203
189 0.312362
190 0.312757
191 0.313184
192 0.313645
193 0.314148
194 0.314676
195 0.31525
196 0.315799
197 0.316386
198 0.317025
199 0.317646
200 0.31831
201 0.318969
202 0.319649
203 0.320329
204 0.320965
205 0.321796
206 0.322397
207 0.323096
208 0.323794
209 0.324483
210 0.325157
211 0.325854
212 0.326537
213 0.327218
214 0.327895
215 0.32856
216 0.329234
217 0.329896
218 0.330556
219 0.331199
220 0.331842
221 0.332482
222 0.333106
223 0.333739
224 0.334362
225 0.334974
226 0.335597
227 0.336198
228 0.336793
229 0.337396
230 0.337981
231 0.338561
232 0.33915
233 0.339724
234 0.340279
235 0.340863
236 0.341406
237 0.341983
238 0.342538
239 0.343068
240 0.343624
241 0.344149
242 0.344711
243 0.345234
244 0.345772
245 0.346286
246 0.346807
247 0.347333
248 0.347844
249 0.348353
250 0.348864
251 0.349359
252 0.34987
253 0.350373
254 0.350858
255 0.351325
256 0.351847
257 0.352366
258 0.352806
259 0.353297
260 0.353773
261 0.354233
262 0.354705
263 0.355184
264 0.35565
265 0.356116
266 0.356576
267 0.357029
268 0.357484
269 0.357934
270 0.358382
271 0.358837
272 0.359267
273 0.359723
274 0.360151
275 0.360581
276 0.361013
277 0.36144
278 0.36187
279 0.362283
280 0.36272
281 0.363136
282 0.363553
283 0.363974
284 0.364387
285 0.364797
286 0.365198
287 0.365602
288 0.366013
289 0.366414
290 0.366824
291 0.367215
292 0.367616
293 0.367989
294 0.3684
295 0.368785
296 0.369174
297 0.369554
298 0.369936
299 0.370321
300 0.3707
301 0.371066
302 0.371446
303 0.371823
304 0.37219
305 0.372557
306 0.372921
307 0.373327
308 0.373655
309 0.374015
310 0.374379
311 0.374735
312 0.375089
313 0.375446
314 0.375801
315 0.376158
316 0.376497
317 0.376839
318 0.377194
319 0.377541
320 0.377883
321 0.378226
322 0.378561
323 0.378896
324 0.379233
325 0.379571
326 0.3799
327 0.380234
328 0.380563
329 0.380891
330 0.381219
331 0.381544
332 0.381871
333 0.382198
334 0.382514
335 0.382838
336 0.383156
337 0.38347
338 0.383785
339 0.384098
340 0.384419
341 0.384584
342 0.384927
343 0.385329
344 0.385651
345 0.385957
346 0.386258
347 0.386564
348 0.386867
349 0.387168
350 0.387463
351 0.387772
352 0.388061
353 0.388358
354 0.388657
355 0.388946
356 0.389235
357 0.389528
358 0.389815
359 0.390106
360 0.390391
361 0.390678
362 0.390962
363 0.39124
364 0.391523
365 0.3918
366 0.392083
367 0.392364
368 0.39264
369 0.39292
370 0.393194
371 0.393462
372 0.393738
373 0.394014
374 0.394287
375 0.394556
376 0.394823
377 0.395093
378 0.395357
379 0.395624
380 0.395887
381 0.396155
382 0.396409
383 0.396674
384 0.396936
385 0.397194
386 0.397449
387 0.397716
388 0.397966
389 0.398222
390 0.398454
391 0.398738
392 0.398984
393 0.399239
394 0.399468
395 0.399734
396 0.399986
397 0.400231
398 0.400487
399 0.400726
400 0.400971
