1 0.120584
6 0.120538
11 0.120513
16 0.109815
21 0.0994734
26 0.090644
31 0.0835326
36 0.0775487
41 0.0726203
46 0.0684411
51 0.0647596
56 0.0616808
61 0.0588162
66 0.0562648
71 0.0540584
76 0.0520328
81 0.0501964
86 0.0484944
91 0.0469442
96 0.0455367
101 0.0442091
106 0.0429634
111 0.0418021
116 0.0407106
121 0.0397485
126 0.0387942
131 0.0378368
136 0.0370354
141 0.0362409
146 0.0354903
151 0.0347964
156 0.0340829
161 0.0334646
166 0.0328046
171 0.0322826
176 0.0316983
181 0.0311176
186 0.0306141
191 0.0301232
196 0.0296395
200 0.0292621
