1 0.393681
6 0.488717
11 0.548654
16 0.587165
21 0.615538
26 0.636285
31 0.652579
36 0.66623
41 0.67932
46 0.688804
51 0.698382
56 0.70669
61 0.715571
66 0.721958
71 0.727939
76 0.734055
81 0.74021
86 0.744956
91 0.749294
96 0.754725
101 0.758174
106 0.763262
111 0.76672
116 0.770113
121 0.773372
126 0.776605
131 0.77985
136 0.782349
141 0.784748
146 0.787948
151 0.789852
156 0.792568
161 0.795029
166 0.797141
171 0.798827
176 0.801443
181 0.803708
186 0.80564
191 0.806549
196 0.808972
200 0.810068
