1 0.333334
6 0.332992
11 0.333674
16 0.488203
21 0.540495
26 0.580099
31 0.610449
36 0.632356
41 0.651479
46 0.664775
51 0.678168
56 0.689169
61 0.700145
66 0.708864
71 0.716418
76 0.723985
81 0.730763
86 0.736624
91 0.742175
96 0.747753
101 0.75231
106 0.757514
111 0.761796
116 0.765073
121 0.768974
126 0.772422
131 0.77621
136 0.778617
141 0.781597
146 0.785002
151 0.78691
156 0.790199
161 0.7924
166 0.794423
171 0.796737
176 0.799408
181 0.801445
186 0.803657
191 0.804966
196 0.807318
200 0.808569
