1 0.299581
6 0.298996
11 0.300259
16 0.34585
21 0.360217
26 0.370555
31 0.376693
36 0.380904
41 0.385166
46 0.388696
51 0.390197
56 0.392638
61 0.394228
66 0.396461
71 0.397436
76 0.398805
81 0.399969
86 0.40042
91 0.40127
96 0.401962
101 0.402224
106 0.40223
111 0.40393
116 0.404403
121 0.40472
126 0.405335
131 0.405482
136 0.406033
141 0.406804
146 0.406414
151 0.407449
156 0.407315
161 0.407843
166 0.407758
171 0.407954
176 0.408083
181 0.408585
186 0.409738
191 0.409408
196 0.409104
200 0.409737
