1 0.458075
6 0.195357
11 0.15656
16 0.141169
21 0.134632
26 0.131745
31 0.130291
36 0.128975
41 0.128033
46 0.127702
51 0.127096
56 0.126881
61 0.126533
66 0.12627
71 0.126082
76 0.125746
81 0.12567
86 0.125285
91 0.125151
96 0.124937
101 0.124769
106 0.124768
111 0.124611
116 0.124469
121 0.124372
126 0.124155
131 0.124152
136 0.123994
141 0.12387
146 0.123661
151 0.123741
156 0.123512
161 0.123553
166 0.12352
171 0.123504
176 0.123368
181 0.123131
186 0.12318
191 0.123081
196 0.123041
200 0.122983
