1 0.099973
2 0.100145
3 0.099597
4 0.100047
5 0.100587
6 0.100045
7 0.099938
8 0.099899
9 0.099891
10 0.099878
11 0.145478
12 0.145321
13 0.147213
14 0.151921
15 0.164418
16 0.179277
17 0.194546
18 0.206945
19 0.217733
20 0.226136
21 0.233481
22 0.239675
23 0.240321
24 0.241167
25 0.240521
26 0.237619
27 0.238609
28 0.238995
29 0.234446
30 0.237237
31 0.238737
32 0.240202
33 0.242301
34 0.240304
35 0.24209
36 0.244675
37 0.245431
38 0.246432
39 0.249186
40 0.249562
41 0.249825
42 0.252856
43 0.252011
44 0.252888
45 0.253483
46 0.252297
47 0.253101
48 0.254423
49 0.255499
50 0.255069
51 0.25449
52 0.254999
53 0.256008
54 0.2554
55 0.256075
56 0.254056
57 0.254241
58 0.254224
59 0.255754
60 0.255744
61 0.25684
62 0.258095
63 0.260623
64 0.262275
65 0.26453
66 0.265977
67 0.269378
68 0.270174
69 0.272713
70 0.275164
71 0.276362
72 0.279113
73 0.282192
74 0.28469
75 0.28786
76 0.290995
77 0.294885
78 0.297683
79 0.300254
80 0.302569
81 0.305481
82 0.309166
83 0.311829
84 0.314213
85 0.317431
86 0.319734
87 0.322933
88 0.32486
89 0.327672
90 0.329592
91 0.331508
92 0.333682
93 0.335695
94 0.337503
95 0.34033
96 0.342786
97 0.345642
98 0.348307
99 0.349861
100 0.350813
101 0.3537
102 0.355716
103 0.35758
104 0.358824
105 0.36067
106 0.362602
107 0.364333
108 0.366544
109 0.367875
110 0.369444
111 0.370516
112 0.37222
113 0.373902
114 0.375062
115 0.376619
116 0.377938
117 0.378682
118 0.379726
119 0.381434
120 0.382948
121 0.384504
122 0.385862
123 0.387145
124 0.387951
125 0.38903
126 0.390324
127 0.391495
128 0.392607
129 0.393642
130 0.394922
131 0.396217
132 0.397402
133 0.398515
134 0.399819
135 0.401003
136 0.402144
137 0.403325
138 0.404996
139 0.405552
140 0.406788
141 0.407556
142 0.408493
143 0.409232
144 0.410005
145 0.411733
146 0.412184
147 0.413317
148 0.414046
149 0.415371
150 0.416362
151 0.417123
152 0.417816
153 0.418746
154 0.418634
155 0.420153
156 0.421784
157 0.423071
158 0.423981
159 0.42497
160 0.425083
161 0.425741
162 0.425918
163 0.426308
164 0.427173
165 0.427453
166 0.428334
167 0.429053
168 0.430221
169 0.431104
170 0.431963
171 0.433006
172 0.4337
173 0.43421
174 0.434706
175 0.435967
176 0.436838
177 0.437065
178 0.437852
179 0.438173
180 0.438909
181 0.439466
182 0.440976
183 0.441425
184 0.442214
185 0.442877
186 0.443561
187 0.444799
188 0.445297
189 0.445848
190 0.446327
191 0.446875
192 0.447327
193 0.448297
194 0.449327
195 0.449264
196 0.450243
197 0.450833
198 0.451856
199 0.452158
200 0.453048
201 0.453682
202 0.454477
203 0.455053
204 0.455949
205 0.456694
206 0.457168
207 0.458298
208 0.459076
209 0.459281
210 0.460484
211 0.461217
212 0.461742
213 0.461909
214 0.462833
215 0.463908
216 0.46453
217 0.465336
218 0.466066
219 0.466783
220 0.467412
221 0.467836
222 0.46877
223 0.468853
224 0.469809
225 0.470744
226 0.471332
227 0.472251
228 0.472984
229 0.473549
230 0.474385
231 0.475063
232 0.4759
233 0.476247
234 0.476909
235 0.477038
236 0.477719
237 0.478448
238 0.479255
239 0.479481
240 0.479752
241 0.480682
242 0.481554
243 0.482051
244 0.482574
245 0.483021
246 0.483768
247 0.484517
248 0.485986
249 0.48653
250 0.486952
251 0.487703
252 0.48863
253 0.48878
254 0.489386
255 0.490035
256 0.49107
257 0.49134
258 0.492356
259 0.493124
260 0.494075
261 0.494843
262 0.49547
263 0.49612
264 0.496635
265 0.496908
266 0.497745
267 0.497919
268 0.49889
269 0.499471
270 0.499969
271 0.500844
272 0.501554
273 0.501504
274 0.501839
275 0.502757
276 0.503525
277 0.503885
278 0.504804
279 0.505513
280 0.506159
281 0.506973
282 0.507572
283 0.508225
284 0.508697
285 0.509362
286 0.510164
287 0.510854
288 0.511263
289 0.511815
290 0.512687
291 0.513229
292 0.513822
293 0.514586
294 0.51492
295 0.515415
296 0.516026
297 0.516277
298 0.517078
299 0.517819
300 0.518039
301 0.519067
302 0.519373
303 0.519619
304 0.520538
305 0.520902
306 0.521782
307 0.522324
308 0.522462
309 0.523433
310 0.524069
311 0.52456
312 0.524657
313 0.525194
314 0.525886
315 0.526697
316 0.527077
317 0.527577
318 0.528284
319 0.528725
320 0.529353
321 0.529799
322 0.530016
323 0.530774
324 0.531424
325 0.532194
326 0.532773
327 0.533434
328 0.533921
329 0.534282
330 0.534692
331 0.535261
332 0.535802
333 0.536254
334 0.53688
335 0.536905
336 0.537596
337 0.538463
338 0.538969
339 0.539582
340 0.540499
341 0.541074
342 0.541609
343 0.541681
344 0.54201
345 0.542752
346 0.542937
347 0.543571
348 0.543856
349 0.544469
350 0.544896
351 0.545652
352 0.545969
353 0.546633
354 0.546967
355 0.547316
356 0.547967
357 0.548952
358 0.54962
359 0.550121
360 0.550229
361 0.550863
362 0.550906
363 0.551632
364 0.552095
365 0.552657
366 0.553359
367 0.553793
368 0.553728
369 0.554273
370 0.554958
371 0.555348
372 0.55571
373 0.556418
374 0.556807
375 0.55735
376 0.557509
377 0.557812
378 0.558463
379 0.558839
380 0.559903
381 0.560311
382 0.560324
383 0.560909
384 0.561335
385 0.561497
386 0.562013
387 0.562621
388 0.563091
389 0.563578
390 0.563756
391 0.56475
392 0.564908
393 0.565132
394 0.565311
395 0.565667
396 0.566303
397 0.56641
398 0.56687
399 0.567421
400 0.56786
