1 0.332711
2 0.333481
3 0.333763
4 0.333868
5 0.333817
6 0.333629
7 0.33876
8 0.345689
9 0.353306
10 0.36093
11 0.368299
12 0.375455
13 0.382203
14 0.388508
15 0.394551
16 0.400272
17 0.405723
18 0.410913
19 0.415839
20 0.420578
21 0.425136
22 0.429497
23 0.433687
24 0.437724
25 0.441658
26 0.445418
27 0.449095
28 0.452631
29 0.456086
30 0.459424
31 0.462678
32 0.465821
33 0.468925
34 0.471902
35 0.474848
36 0.477708
37 0.480502
38 0.483246
39 0.485919
40 0.488514
41 0.491056
42 0.493586
43 0.496042
44 0.498448
45 0.500799
46 0.503126
47 0.505391
48 0.507624
49 0.509815
50 0.511959
51 0.514052
52 0.516138
53 0.518163
54 0.520172
55 0.522139
56 0.52407
57 0.525956
58 0.527852
59 0.529697
60 0.531512
61 0.533284
62 0.535051
63 0.536765
64 0.538481
65 0.540152
66 0.54182
67 0.543451
68 0.545067
69 0.54666
70 0.548232
71 0.549772
72 0.551294
73 0.552845
74 0.554291
75 0.555769
76 0.557213
77 0.558648
78 0.560059
79 0.561458
80 0.562843
81 0.564214
82 0.565546
83 0.566875
84 0.568196
85 0.569496
86 0.570795
87 0.572047
88 0.5733
89 0.574523
90 0.575769
91 0.576972
92 0.578187
93 0.579374
94 0.580544
95 0.581713
96 0.582859
97 0.584
98 0.585129
99 0.586249
100 0.587348
101 0.58845
102 0.589536
103 0.590617
104 0.59167
105 0.592708
106 0.593763
107 0.59479
108 0.595808
109 0.596826
110 0.597832
111 0.598823
112 0.599804
113 0.600787
114 0.601746
115 0.602707
116 0.603652
117 0.604577
118 0.60554
119 0.606456
120 0.607377
121 0.608295
122 0.609186
123 0.61008
124 0.610974
125 0.611849
126 0.612714
127 0.613563
128 0.61444
129 0.615298
130 0.61614
131 0.616968
132 0.617813
133 0.61864
134 0.619457
135 0.62027
136 0.621071
137 0.621873
138 0.622668
139 0.623443
140 0.624233
141 0.624999
142 0.625766
143 0.626529
144 0.627291
145 0.628052
146 0.628789
147 0.629528
148 0.630263
149 0.630991
150 0.631718
151 0.632438
152 0.633157
153 0.633866
154 0.634579
155 0.635277
156 0.635971
157 0.636668
158 0.637349
159 0.638031
160 0.63871
161 0.639379
162 0.640049
163 0.640706
164 0.641371
165 0.642031
166 0.642686
167 0.643331
168 0.643974
169 0.644603
170 0.645292
171 0.645787
172 0.646517
173 0.647145
174 0.647756
175 0.648365
176 0.648979
177 0.649593
178 0.650181
179 0.65079
180 0.65139
181 0.651985
182 0.65257
183 0.653149
184 0.653739
185 0.65432
186 0.654882
187 0.655466
188 0.656036
189 0.656597
190 0.657158
191 0.657711
192 0.658275
193 0.658824
194 0.65937
195 0.659891
196 0.660464
197 0.66098
198 0.661539
199 0.662085
200 0.662602
201 0.663133
202 0.663657
203 0.664184
204 0.664703
205 0.665251
206 0.66573
207 0.666238
208 0.666749
209 0.667261
210 0.667749
211 0.668249
212 0.668752
213 0.669251
214 0.669743
215 0.670231
216 0.670714
217 0.671193
218 0.671676
219 0.672165
220 0.672633
221 0.673106
222 0.673583
223 0.674046
224 0.674516
225 0.674979
226 0.675446
227 0.675909
228 0.67636
229 0.676822
230 0.677272
231 0.677724
232 0.678167
233 0.678608
234 0.679057
235 0.679499
236 0.679945
237 0.680384
238 0.680816
239 0.681232
240 0.681679
241 0.682145
242 0.682534
243 0.68297
244 0.683385
245 0.683805
246 0.684229
247 0.684652
248 0.685064
249 0.685477
250 0.685888
251 0.686286
252 0.686694
253 0.687106
254 0.687523
255 0.687988
256 0.688321
257 0.688648
258 0.689106
259 0.689526
260 0.68992
261 0.690305
262 0.690696
263 0.691082
264 0.691469
265 0.691851
266 0.692238
267 0.692615
268 0.693
269 0.693382
270 0.693752
271 0.694143
272 0.694505
273 0.694841
274 0.695251
275 0.69562
276 0.695987
277 0.696349
278 0.696713
279 0.697079
280 0.697441
281 0.697798
282 0.698162
283 0.698515
284 0.698876
285 0.699225
286 0.699578
287 0.699928
288 0.700278
289 0.700627
290 0.700976
291 0.701315
292 0.701659
293 0.702014
294 0.702341
295 0.702682
296 0.703025
297 0.703362
298 0.7037
299 0.704035
300 0.704369
301 0.704699
302 0.705026
303 0.705366
304 0.70569
305 0.706005
306 0.706338
307 0.706706
308 0.706983
309 0.707316
310 0.707632
311 0.707954
312 0.70827
313 0.708582
314 0.708904
315 0.709177
316 0.709532
317 0.709837
318 0.710154
319 0.710465
320 0.710778
321 0.711088
322 0.711388
323 0.711696
324 0.712001
325 0.712304
326 0.712594
327 0.712914
328 0.713206
329 0.713517
330 0.713802
331 0.714109
332 0.714395
333 0.714684
334 0.714978
335 0.71528
336 0.715569
337 0.715855
338 0.71615
339 0.716444
340 0.716726
341 0.716952
342 0.717322
343 0.717579
344 0.717863
345 0.718149
346 0.718425
347 0.71871
348 0.71899
349 0.719274
350 0.719546
351 0.719816
352 0.720095
353 0.720368
354 0.720648
355 0.720923
356 0.721187
357 0.721462
358 0.721736
359 0.721996
360 0.722266
361 0.722535
362 0.722797
363 0.723067
364 0.723326
365 0.723602
366 0.723836
367 0.724118
368 0.724378
369 0.724631
370 0.724893
371 0.725154
372 0.725408
373 0.72567
374 0.725931
375 0.726189
376 0.726438
377 0.726694
378 0.726944
379 0.727199
380 0.727443
381 0.727683
382 0.727942
383 0.728206
384 0.728445
385 0.728678
386 0.728938
387 0.729187
388 0.729429
389 0.729675
390 0.729903
391 0.730163
392 0.730401
393 0.730641
394 0.73089
395 0.731118
396 0.731364
397 0.731599
398 0.731854
399 0.732081
400 0.732315
