1 0.500208
2 0.512725
3 0.522741
4 0.531139
5 0.538713
6 0.545431
7 0.551789
8 0.55748
9 0.562799
10 0.567894
11 0.572585
12 0.577051
13 0.581247
14 0.585368
15 0.589248
16 0.593028
17 0.596608
18 0.60001
19 0.603297
20 0.606581
21 0.609638
22 0.612649
23 0.615464
24 0.618272
25 0.620993
26 0.623625
27 0.626116
28 0.628704
29 0.63109
30 0.633491
31 0.635747
32 0.63801
33 0.640152
34 0.642281
35 0.64428
36 0.646297
37 0.648273
38 0.650214
39 0.652048
40 0.653931
41 0.655736
42 0.657459
43 0.659186
44 0.660894
45 0.662511
46 0.664153
47 0.665773
48 0.667322
49 0.668883
50 0.670384
51 0.671907
52 0.673318
53 0.674706
54 0.676152
55 0.67753
56 0.678865
57 0.680104
58 0.68154
59 0.682843
60 0.684085
61 0.68532
62 0.686565
63 0.687751
64 0.688999
65 0.69015
66 0.691321
67 0.692505
68 0.693625
69 0.694733
70 0.695833
71 0.696943
72 0.697988
73 0.699184
74 0.700102
75 0.701145
76 0.702148
77 0.703161
78 0.704112
79 0.705091
80 0.70605
81 0.707
82 0.707962
83 0.708851
84 0.709777
85 0.710775
86 0.71157
87 0.712477
88 0.713349
89 0.714153
90 0.715056
91 0.715877
92 0.716752
93 0.717525
94 0.718409
95 0.719206
96 0.720018
97 0.720799
98 0.7216
99 0.722371
100 0.723135
101 0.723905
102 0.724744
103 0.725337
104 0.726149
105 0.726828
106 0.727598
107 0.728322
108 0.729017
109 0.729715
110 0.73039
111 0.731075
112 0.731768
113 0.73246
114 0.73314
115 0.733771
116 0.734436
117 0.735039
118 0.735769
119 0.736374
120 0.737014
121 0.737647
122 0.738241
123 0.73887
124 0.73947
125 0.740088
126 0.740667
127 0.741308
128 0.741877
129 0.742405
130 0.743032
131 0.743622
132 0.744194
133 0.744789
134 0.745338
135 0.745874
136 0.746446
137 0.746998
138 0.747537
139 0.748076
140 0.748603
141 0.74915
142 0.749689
143 0.750209
144 0.750733
145 0.751272
146 0.751723
147 0.752275
148 0.752765
149 0.753286
150 0.753775
151 0.75426
152 0.754759
153 0.75525
154 0.755732
155 0.756232
156 0.756697
157 0.757186
158 0.757655
159 0.758106
160 0.758587
161 0.75904
162 0.759508
163 0.759942
164 0.760418
165 0.760845
166 0.76128
167 0.761733
168 0.762199
169 0.762666
170 0.763174
171 0.763368
172 0.763864
173 0.764332
174 0.764783
175 0.765208
176 0.765627
177 0.766056
178 0.766416
179 0.766862
180 0.767255
181 0.76767
182 0.768044
183 0.768445
184 0.768869
185 0.769263
186 0.769599
187 0.770047
188 0.770423
189 0.770801
190 0.77119
191 0.771583
192 0.771962
193 0.772334
194 0.772713
195 0.77303
196 0.773447
197 0.773797
198 0.774183
199 0.774573
200 0.774918
201 0.775283
202 0.775637
203 0.775995
204 0.776324
205 0.776796
206 0.777047
207 0.777382
208 0.777734
209 0.778102
210 0.778397
211 0.778746
212 0.779111
213 0.77946
214 0.77978
215 0.780109
216 0.780432
217 0.780747
218 0.781094
219 0.781443
220 0.781712
221 0.782056
222 0.782376
223 0.782694
224 0.783015
225 0.783331
226 0.783648
227 0.783937
228 0.784292
229 0.784578
230 0.784884
231 0.785185
232 0.785496
233 0.78577
234 0.786073
235 0.78638
236 0.786686
237 0.786996
238 0.787279
239 0.787564
240 0.787876
241 0.788223
242 0.788443
243 0.788756
244 0.789029
245 0.7893
246 0.789601
247 0.789876
248 0.790156
249 0.790438
250 0.790736
251 0.791011
252 0.791302
253 0.791615
254 0.79191
255 0.792218
256 0.792371
257 0.792517
258 0.792817
259 0.793128
260 0.793404
261 0.79368
262 0.793976
263 0.794233
264 0.794498
265 0.794755
266 0.795038
267 0.795266
268 0.795546
269 0.795792
270 0.79604
271 0.796309
272 0.796551
273 0.796739
274 0.797044
275 0.797298
276 0.797535
277 0.797795
278 0.798036
279 0.798269
280 0.798528
281 0.798761
282 0.799013
283 0.799249
284 0.799509
285 0.799719
286 0.799976
287 0.800214
288 0.800445
289 0.800686
290 0.800927
291 0.801141
292 0.801344
293 0.801659
294 0.80184
295 0.802062
296 0.8023
297 0.802521
298 0.802766
299 0.80297
300 0.803208
301 0.803416
302 0.803644
303 0.803872
304 0.804094
305 0.804303
306 0.804551
307 0.804791
308 0.804948
309 0.80518
310 0.805403
311 0.805623
312 0.805843
313 0.806043
314 0.806264
315 0.806415
316 0.806687
317 0.806888
318 0.807111
319 0.807329
320 0.807526
321 0.807724
322 0.807941
323 0.808136
324 0.80835
325 0.808554
326 0.808744
327 0.80897
328 0.809171
329 0.809381
330 0.809558
331 0.809782
332 0.809954
333 0.810153
334 0.810355
335 0.810557
336 0.810756
337 0.810939
338 0.811134
339 0.811327
340 0.811491
341 0.811593
342 0.811998
343 0.812132
344 0.812305
345 0.812491
346 0.812671
347 0.812857
348 0.813054
349 0.813245
350 0.813431
351 0.813598
352 0.813799
353 0.81397
354 0.814181
355 0.814358
356 0.814519
357 0.814722
358 0.814914
359 0.815067
360 0.815261
361 0.815433
362 0.81562
363 0.815796
364 0.815968
365 0.816175
366 0.81631
367 0.816498
368 0.816684
369 0.81686
370 0.81703
371 0.817205
372 0.817356
373 0.817568
374 0.817733
375 0.817911
376 0.818064
377 0.818234
378 0.818408
379 0.818575
380 0.818746
381 0.818905
382 0.819102
383 0.819286
384 0.819418
385 0.819545
386 0.819726
387 0.819904
388 0.820071
389 0.820247
390 0.82038
391 0.82058
392 0.820729
393 0.820893
394 0.821076
395 0.821216
396 0.821377
397 0.821538
398 0.821712
399 0.821855
400 0.822016
