1 0.388288
6 0.472624
11 0.517231
16 0.55215
21 0.578989
26 0.600492
31 0.617778
36 0.632554
41 0.645028
46 0.655297
51 0.665491
56 0.673854
61 0.68191
66 0.688987
71 0.69643
76 0.70206
81 0.708096
86 0.712444
91 0.717932
96 0.722924
101 0.727118
106 0.731136
111 0.735337
116 0.738668
121 0.742342
126 0.746007
131 0.749348
136 0.752415
141 0.754986
146 0.758082
151 0.761129
156 0.763777
161 0.7662
166 0.768986
171 0.771562
176 0.773024
181 0.775007
186 0.777687
191 0.779405
196 0.781106
200 0.783051
