1 0.333506
6 0.333506
11 0.333369
16 0.462055
21 0.508371
26 0.546493
31 0.574504
36 0.597304
41 0.615438
46 0.63056
51 0.643809
56 0.655067
61 0.665432
66 0.674232
71 0.683566
76 0.690365
81 0.696998
86 0.703155
91 0.709207
96 0.714535
101 0.719819
106 0.724438
111 0.729267
116 0.733109
121 0.736939
126 0.741039
131 0.744985
136 0.74826
141 0.751018
146 0.754479
151 0.757829
156 0.760478
161 0.762966
166 0.766242
171 0.768714
176 0.770591
181 0.772812
186 0.775389
191 0.777197
196 0.779191
200 0.781052
