1 0.142883
2 0.13631
3 0.123226
4 0.101643
5 0.089202
6 0.0840724
7 0.0805081
8 0.0749781
9 0.0713739
10 0.0676864
11 0.0649109
12 0.0627628
13 0.0600689
14 0.0580375
15 0.0559921
16 0.0544462
17 0.0525074
18 0.0513317
19 0.0497427
20 0.0486257
21 0.0472022
22 0.0461174
23 0.0447401
24 0.0439511
25 0.0428048
26 0.0420292
27 0.0410413
28 0.0402577
29 0.0394029
30 0.0386969
31 0.0379687
32 0.037277
33 0.0365965
34 0.0359024
35 0.0352186
36 0.0346651
37 0.0340396
38 0.0335872
39 0.0329455
40 0.0324433
41 0.0319319
42 0.0315047
43 0.0309611
44 0.0305551
45 0.030093
46 0.0296102
47 0.0291998
48 0.0288526
49 0.0284281
50 0.0280613
51 0.027671
52 0.0273238
53 0.0269273
54 0.0266276
55 0.0262491
56 0.025952
57 0.0256263
58 0.0253373
59 0.0250232
60 0.0247559
61 0.0245003
62 0.0242277
63 0.0239411
64 0.0236913
65 0.0233975
66 0.0231628
67 0.0228892
68 0.0226594
69 0.0224115
70 0.0221753
71 0.0219542
72 0.0217371
73 0.0215265
74 0.0213386
75 0.0211203
76 0.0209408
77 0.020715
78 0.0205399
79 0.0203406
80 0.0201324
81 0.0199413
82 0.0197783
83 0.0195708
84 0.0194133
85 0.0192348
86 0.0190709
87 0.0189235
88 0.0187936
89 0.0186006
90 0.0184227
91 0.0182655
92 0.0181335
93 0.0179656
94 0.0177977
95 0.0176688
96 0.0175027
97 0.0173664
98 0.0172283
99 0.0170892
100 0.016953
101 0.0168264
102 0.0167071
103 0.0165808
104 0.0164554
105 0.0163192
106 0.0162322
107 0.0160937
108 0.0159713
109 0.0158597
110 0.0157683
111 0.0156318
112 0.0155204
113 0.0154066
114 0.0153389
115 0.0152299
116 0.0151161
117 0.0150217
118 0.0149159
119 0.0148412
120 0.0147325
121 0.0146243
122 0.0145387
123 0.0144491
124 0.0143464
125 0.0142638
126 0.0141697
127 0.0140874
128 0.0139946
129 0.0138925
130 0.0137997
131 0.0137208
132 0.0136211
133 0.0135421
134 0.0134515
135 0.0133748
136 0.0132948
137 0.0132235
138 0.0131386
139 0.0130755
140 0.0130048
141 0.0129351
142 0.0128765
143 0.0127958
144 0.0127256
145 0.0126303
146 0.0125707
147 0.0124969
148 0.0124232
149 0.0123433
150 0.0122945
151 0.0122295
152 0.0121557
153 0.0120814
154 0.0120164
155 0.0119553
156 0.0118958
157 0.0118256
158 0.0117666
159 0.011709
160 0.0116341
161 0.0115765
162 0.0115357
163 0.0114586
164 0.0113993
165 0.0113415
166 0.01128
167 0.0112307
168 0.0111869
169 0.0111167
170 0.0110689
171 0.0110248
172 0.0109506
173 0.0109163
174 0.0108513
175 0.0108137
176 0.0107471
177 0.0106972
178 0.0106296
179 0.0105949
180 0.0105368
181 0.0104907
182 0.0104379
183 0.0103943
184 0.0103495
185 0.0103036
186 0.0102545
187 0.0101984
188 0.0101676
189 0.0101239
190 0.0100654
191 0.0100165
192 0.00996337
193 0.00993285
194 0.00987368
195 0.00983194
196 0.00980065
197 0.00975582
198 0.00972094
199 0.00967391
200 0.00962335
201 0.00957755
202 0.00954123
203 0.00950368
204 0.00945629
205 0.00941904
206 0.00938503
207 0.00935915
208 0.00932464
209 0.00927438
210 0.0092481
211 0.00920687
212 0.00918253
213 0.00913724
214 0.00909985
215 0.00906768
216 0.00902959
217 0.00899267
218 0.00896822
219 0.008933
220 0.00888162
221 0.00885571
222 0.00881577
223 0.0087888
224 0.00875428
225 0.00871728
226 0.00868473
227 0.00865583
228 0.00862063
229 0.00858456
230 0.00854002
231 0.00851332
232 0.00847701
233 0.00844769
234 0.00842378
235 0.00838759
236 0.00836455
237 0.00832681
238 0.00829776
239 0.00826813
240 0.0082522
241 0.00821482
242 0.00819015
243 0.00815829
244 0.00813172
245 0.00809165
246 0.00806179
247 0.00803912
248 0.00800401
249 0.00798235
250 0.00795401
251 0.00793025
252 0.00789031
253 0.00787506
254 0.00783883
255 0.00781704
256 0.00778025
257 0.00775092
258 0.00772494
259 0.00769954
260 0.00767076
261 0.0076446
262 0.00762374
263 0.00759116
264 0.00757625
265 0.00754331
266 0.00751777
267 0.00749456
268 0.00747442
269 0.00744673
270 0.00742132
271 0.00739929
272 0.00738102
273 0.00736502
274 0.00733431
275 0.00729488
276 0.00728298
277 0.00726234
278 0.00723264
279 0.00721561
280 0.00719494
281 0.00716686
282 0.00715378
283 0.00712309
284 0.00711378
285 0.00708209
286 0.00705978
287 0.00704097
288 0.00701196
289 0.00699967
290 0.00696645
291 0.00694925
292 0.00691878
293 0.00689603
294 0.00688108
295 0.00685635
296 0.00683887
297 0.00681271
298 0.00679868
299 0.00677242
300 0.00675826
301 0.00675064
302 0.00672061
303 0.0067052
304 0.0066708
305 0.00666057
306 0.00665083
307 0.00662616
308 0.00660153
309 0.00658891
310 0.00656862
311 0.00655174
312 0.00653438
313 0.00651089
314 0.00649915
315 0.00647367
316 0.00645007
317 0.00643542
318 0.00642087
319 0.00640086
320 0.00638681
321 0.00636685
322 0.00636191
323 0.00634026
324 0.00632161
325 0.00630244
326 0.00627811
327 0.00625457
328 0.0062393
329 0.0062312
330 0.00620537
331 0.00618907
332 0.00617145
333 0.00615646
334 0.00613493
335 0.00612145
336 0.00610327
337 0.00607388
338 0.00607271
339 0.00605774
340 0.00603419
341 0.00602408
342 0.00600914
343 0.00599624
344 0.00597207
345 0.00595575
346 0.0059383
347 0.00591957
348 0.00590709
349 0.00589312
350 0.00588838
351 0.00587201
352 0.0058544
353 0.00584451
354 0.00582479
355 0.00581397
356 0.00579027
357 0.00577941
358 0.00576605
359 0.00575423
360 0.00574121
361 0.00572228
362 0.00570642
363 0.00568661
364 0.00567012
365 0.00565652
366 0.00564383
367 0.00563637
368 0.00562436
369 0.00561159
370 0.0055983
371 0.00558821
372 0.00556539
373 0.00555314
374 0.00554113
375 0.00552144
376 0.00550652
377 0.00549837
378 0.005481
379 0.0054704
380 0.00544765
381 0.00543927
382 0.00542641
383 0.00541505
384 0.00539951
385 0.00539223
386 0.00538153
387 0.0053722
388 0.00535908
389 0.00534858
390 0.00533106
391 0.00531707
392 0.00531498
393 0.00528979
394 0.00528488
395 0.00527023
396 0.00526131
397 0.00524658
398 0.00524148
399 0.00523049
400 0.00521577
