1 0.334512
2 0.333147
3 0.332341
4 0.333526
5 0.333653
6 0.332821
7 0.333923
8 0.333578
9 0.332499
10 0.333233
11 0.33353
12 0.334512
13 0.388845
14 0.417454
15 0.42464
16 0.436405
17 0.460835
18 0.474646
19 0.484398
20 0.49189
21 0.506083
22 0.514559
23 0.519244
24 0.526345
25 0.528823
26 0.527311
27 0.529135
28 0.529831
29 0.527837
30 0.52677
31 0.526282
32 0.526386
33 0.525447
34 0.52515
35 0.524721
36 0.523813
37 0.523139
38 0.524424
39 0.52629
40 0.528253
41 0.531062
42 0.534936
43 0.53708
44 0.539758
45 0.542398
46 0.546735
47 0.549344
48 0.552263
49 0.555197
50 0.557994
51 0.562071
52 0.565791
53 0.568862
54 0.572878
55 0.576407
56 0.5785
57 0.580981
58 0.584216
59 0.58699
60 0.590021
61 0.592924
62 0.596153
63 0.598588
64 0.601658
65 0.603831
66 0.605921
67 0.608449
68 0.610606
69 0.613085
70 0.615412
71 0.617584
72 0.618901
73 0.620323
74 0.622182
75 0.624312
76 0.625769
77 0.627401
78 0.628933
79 0.630909
80 0.633878
81 0.635519
82 0.63638
83 0.638227
84 0.639454
85 0.641405
86 0.642709
87 0.64477
88 0.646306
89 0.648258
90 0.648937
91 0.650105
92 0.651031
93 0.652468
94 0.654027
95 0.655345
96 0.656895
97 0.657784
98 0.659
99 0.660283
100 0.661378
101 0.662525
102 0.663593
103 0.665384
104 0.666787
105 0.66785
106 0.669439
107 0.670349
108 0.671365
109 0.672497
110 0.673565
111 0.674923
112 0.676171
113 0.676714
114 0.67796
115 0.679272
116 0.680456
117 0.681141
118 0.682097
119 0.683562
120 0.684543
121 0.6856
122 0.686475
123 0.687435
124 0.688109
125 0.689183
126 0.690014
127 0.691168
128 0.691612
129 0.692673
130 0.693471
131 0.694742
132 0.695909
133 0.696158
134 0.697162
135 0.697769
136 0.698593
137 0.699566
138 0.700588
139 0.701303
140 0.702134
141 0.702845
142 0.703293
143 0.704098
144 0.704954
145 0.70541
146 0.706282
147 0.707317
148 0.708324
149 0.709166
150 0.70985
151 0.710577
152 0.711568
153 0.712025
154 0.712684
155 0.71329
156 0.713964
157 0.714993
158 0.715942
159 0.716016
160 0.716757
161 0.717245
162 0.717678
163 0.718428
164 0.719143
165 0.719959
166 0.720767
167 0.721591
168 0.722249
169 0.722926
170 0.72375
171 0.724368
172 0.724911
173 0.725523
174 0.726041
175 0.726805
176 0.727397
177 0.728153
178 0.728378
179 0.729092
180 0.729355
181 0.730076
182 0.730559
183 0.731372
184 0.731592
185 0.731793
186 0.73263
187 0.733103
188 0.733616
189 0.73427
190 0.734606
191 0.735334
192 0.736287
193 0.736702
194 0.737338
195 0.737828
196 0.73822
197 0.738857
198 0.739206
199 0.739649
200 0.739962
201 0.740675
202 0.741524
203 0.741834
204 0.742117
205 0.742748
206 0.743055
207 0.743496
208 0.743857
209 0.744393
210 0.74505
211 0.745871
212 0.746408
213 0.746342
214 0.746752
215 0.747557
216 0.748061
217 0.748387
218 0.749047
219 0.749861
220 0.750157
221 0.750813
222 0.75138
223 0.751877
224 0.752038
225 0.752326
226 0.752848
227 0.753102
228 0.753341
229 0.754138
230 0.754542
231 0.754959
232 0.755263
233 0.755431
234 0.755671
235 0.755757
236 0.756187
237 0.756839
238 0.757231
239 0.757501
240 0.758084
241 0.758365
242 0.75874
243 0.759431
244 0.759514
245 0.760092
246 0.760571
247 0.761213
248 0.761876
249 0.762231
250 0.762404
251 0.762708
252 0.763041
253 0.76373
254 0.764003
255 0.76414
256 0.764246
257 0.76502
258 0.765417
259 0.765613
260 0.766141
261 0.766129
262 0.766874
263 0.767239
264 0.767193
265 0.767557
266 0.76763
267 0.768069
268 0.768334
269 0.768649
270 0.768782
271 0.769559
272 0.769591
273 0.77014
274 0.770488
275 0.771035
276 0.771418
277 0.771368
278 0.771963
279 0.772167
280 0.772666
281 0.773288
282 0.773405
283 0.773722
284 0.774054
285 0.774412
286 0.774305
287 0.774773
288 0.774866
289 0.77543
290 0.775457
291 0.776165
292 0.776453
293 0.776774
294 0.777288
295 0.777304
296 0.777517
297 0.777798
298 0.777895
299 0.778347
300 0.778689
301 0.778704
302 0.779029
303 0.779629
304 0.779815
305 0.780214
306 0.780418
307 0.780504
308 0.781238
309 0.781735
310 0.781746
311 0.782109
312 0.782707
313 0.783001
314 0.783034
315 0.783275
316 0.783613
317 0.784075
318 0.784102
319 0.784538
320 0.784708
321 0.785422
322 0.785599
323 0.785862
324 0.786055
325 0.78623
326 0.786195
327 0.786658
328 0.786888
329 0.787214
330 0.78722
331 0.787786
332 0.787878
333 0.788251
334 0.788215
335 0.788507
336 0.788868
337 0.78907
338 0.789318
339 0.789449
340 0.789835
341 0.789854
342 0.789957
343 0.790409
344 0.79071
345 0.790784
346 0.791069
347 0.791309
348 0.791336
349 0.792037
350 0.792091
351 0.792487
352 0.79259
353 0.792876
354 0.793391
355 0.793168
356 0.793738
357 0.793945
358 0.79423
359 0.794699
360 0.794699
361 0.794857
362 0.795049
363 0.795305
364 0.795476
365 0.795566
366 0.796168
367 0.796358
368 0.796696
369 0.797095
370 0.797157
371 0.797385
372 0.797858
373 0.797992
374 0.798056
375 0.798209
376 0.7985
377 0.798581
378 0.798674
379 0.798799
380 0.798951
381 0.799217
382 0.799846
383 0.799847
384 0.800302
385 0.800823
386 0.801171
387 0.800919
388 0.801139
389 0.801418
390 0.801915
391 0.801957
392 0.802445
393 0.802567
394 0.802861
395 0.802937
396 0.803341
397 0.803549
398 0.803575
399 0.803782
400 0.803922
