1 0.0979594
2 0.114072
3 0.123128
4 0.128586
5 0.1319
6 0.134293
7 0.139115
8 0.146058
9 0.154327
10 0.163115
11 0.17176
12 0.180162
13 0.18785
14 0.195936
15 0.20384
16 0.211957
17 0.220056
18 0.228463
19 0.236974
20 0.245506
21 0.253901
22 0.262436
23 0.270908
24 0.279312
25 0.287953
26 0.296204
27 0.304773
28 0.313313
29 0.321581
30 0.33023
31 0.338593
32 0.346712
33 0.35442
34 0.362341
35 0.370182
36 0.378052
37 0.385246
38 0.392929
39 0.400092
40 0.407167
41 0.413913
42 0.420649
43 0.427246
44 0.433777
45 0.440024
46 0.446266
47 0.452168
48 0.457969
49 0.46361
50 0.468973
51 0.474456
52 0.479944
53 0.484903
54 0.49013
55 0.495117
56 0.499748
57 0.504486
58 0.509151
59 0.513327
60 0.517785
61 0.522142
62 0.526556
63 0.530359
64 0.534728
65 0.538838
66 0.54252
67 0.546256
68 0.54997
69 0.553611
70 0.557148
71 0.560671
72 0.564311
73 0.567447
74 0.570548
75 0.573725
76 0.576901
77 0.579955
78 0.582856
79 0.585951
80 0.588791
81 0.591461
82 0.594244
83 0.597052
84 0.599867
85 0.602319
86 0.604909
87 0.607399
88 0.610031
89 0.612336
90 0.61457
91 0.616964
92 0.619229
93 0.621721
94 0.623607
95 0.625941
96 0.628051
97 0.630107
98 0.632044
99 0.634095
100 0.63608
101 0.637968
102 0.639978
103 0.641826
104 0.643462
105 0.645355
106 0.647207
107 0.649051
108 0.650796
109 0.652514
110 0.654298
111 0.655898
112 0.657543
113 0.659277
114 0.660955
115 0.662636
116 0.664233
117 0.665815
118 0.667356
119 0.668858
120 0.670332
121 0.671694
122 0.673108
123 0.674697
124 0.676158
125 0.677455
126 0.678913
127 0.680418
128 0.681762
129 0.683143
130 0.684447
131 0.685907
132 0.687114
133 0.688343
134 0.689339
135 0.690578
136 0.691845
137 0.693087
138 0.694329
139 0.695689
140 0.696723
141 0.697852
142 0.698911
143 0.699948
144 0.701078
145 0.702006
146 0.703055
147 0.704277
148 0.705352
149 0.706462
150 0.70757
151 0.708584
152 0.709531
153 0.710493
154 0.711537
155 0.712465
156 0.713501
157 0.714387
158 0.71525
159 0.716337
160 0.717276
161 0.718036
162 0.718853
163 0.719718
164 0.720557
165 0.721589
166 0.722401
167 0.723229
168 0.724077
169 0.724821
170 0.72559
171 0.726551
172 0.727435
173 0.728347
174 0.729263
175 0.730165
176 0.731053
177 0.731887
178 0.732697
179 0.733565
180 0.734215
181 0.73504
182 0.735751
183 0.736535
184 0.737401
185 0.737929
186 0.738591
187 0.739386
188 0.740116
189 0.740906
190 0.741599
191 0.742272
192 0.742813
193 0.743464
194 0.744249
195 0.744965
196 0.745651
197 0.746231
198 0.747038
199 0.747668
200 0.748234
201 0.748904
202 0.749577
203 0.75029
204 0.750871
205 0.751697
206 0.752283
207 0.752871
208 0.753559
209 0.754321
210 0.754815
211 0.755457
212 0.756158
213 0.756685
214 0.757288
215 0.757872
216 0.758394
217 0.758945
218 0.759543
219 0.760007
220 0.760576
221 0.761098
222 0.761611
223 0.762171
224 0.762823
225 0.763364
226 0.763949
227 0.764393
228 0.764995
229 0.76567
230 0.766202
231 0.766673
232 0.767057
233 0.767555
234 0.768174
235 0.768714
236 0.769302
237 0.769755
238 0.770237
239 0.770581
240 0.771104
241 0.771697
242 0.772086
243 0.772613
244 0.772969
245 0.773431
246 0.773935
247 0.77435
248 0.774883
249 0.775531
250 0.775961
251 0.776488
252 0.776988
253 0.777456
254 0.777928
255 0.778406
256 0.778904
257 0.779396
258 0.77994
259 0.780339
260 0.780742
261 0.78121
262 0.781715
263 0.782168
264 0.782625
265 0.783016
266 0.78336
267 0.783821
268 0.784235
269 0.784643
270 0.78493
271 0.785293
272 0.785807
273 0.786182
274 0.78664
275 0.787023
276 0.78722
277 0.7876
278 0.788057
279 0.788485
280 0.788925
281 0.789351
282 0.789677
283 0.790074
284 0.790484
285 0.79095
286 0.791297
287 0.791691
288 0.792036
289 0.79247
290 0.792831
291 0.793232
292 0.79363
293 0.793931
294 0.794379
295 0.794668
296 0.794882
297 0.79532
298 0.795702
299 0.795989
300 0.796369
301 0.796876
302 0.79717
303 0.797424
304 0.797848
305 0.798053
306 0.798395
307 0.798699
308 0.799064
309 0.799396
310 0.799802
311 0.800167
312 0.800526
313 0.800848
314 0.801144
315 0.801524
316 0.801811
317 0.802098
318 0.802323
319 0.802585
320 0.802858
321 0.803182
322 0.803588
323 0.80388
324 0.804152
325 0.804538
326 0.804817
327 0.805126
328 0.80547
329 0.805749
330 0.806021
331 0.806186
332 0.806599
333 0.806926
334 0.80716
335 0.807447
336 0.807835
337 0.808094
338 0.808434
339 0.808724
340 0.809108
341 0.809417
342 0.809681
343 0.809999
344 0.810187
345 0.810563
346 0.81084
347 0.811095
348 0.811312
349 0.811485
350 0.811861
351 0.812138
352 0.812525
353 0.81275
354 0.813037
355 0.813302
356 0.813712
357 0.813951
358 0.814223
359 0.814568
360 0.814809
361 0.815076
362 0.81535
363 0.815704
364 0.815984
365 0.816142
366 0.816433
367 0.816725
368 0.817
369 0.817258
370 0.817469
371 0.817683
372 0.817947
373 0.818214
374 0.818535
375 0.81868
376 0.818964
377 0.81924
378 0.819456
379 0.819677
380 0.819895
381 0.820075
382 0.820272
383 0.820597
384 0.820854
385 0.821041
386 0.821307
387 0.821474
388 0.821703
389 0.822016
390 0.822323
391 0.822474
392 0.822739
393 0.822939
394 0.823195
395 0.823389
396 0.823737
397 0.82399
398 0.824086
399 0.824334
400 0.82463
