1 0.499842
2 0.500011
3 0.500052
4 0.500046
5 0.500001
6 0.499976
7 0.501867
8 0.504504
9 0.507794
10 0.511205
11 0.514769
12 0.518475
13 0.522078
14 0.525801
15 0.529505
16 0.533304
17 0.537154
18 0.541004
19 0.544835
20 0.548696
21 0.55254
22 0.55636
23 0.560145
24 0.563928
25 0.567698
26 0.571485
27 0.575137
28 0.578928
29 0.582582
30 0.586216
31 0.589945
32 0.593514
33 0.597133
34 0.600525
35 0.6041
36 0.607557
37 0.610986
38 0.614306
39 0.617585
40 0.620871
41 0.624053
42 0.627296
43 0.630338
44 0.633439
45 0.636455
46 0.639491
47 0.642376
48 0.64528
49 0.648126
50 0.650882
51 0.653542
52 0.65636
53 0.658962
54 0.661624
55 0.664191
56 0.666714
57 0.668998
58 0.671615
59 0.673979
60 0.676341
61 0.678662
62 0.680944
63 0.683117
64 0.685333
65 0.687449
66 0.689626
67 0.691662
68 0.693711
69 0.695712
70 0.697698
71 0.69964
72 0.701523
73 0.703614
74 0.705239
75 0.707057
76 0.708839
77 0.710595
78 0.71233
79 0.713992
80 0.715676
81 0.717362
82 0.718917
83 0.720516
84 0.722068
85 0.723635
86 0.725167
87 0.72664
88 0.7281
89 0.729487
90 0.730995
91 0.732333
92 0.733768
93 0.735076
94 0.736472
95 0.737777
96 0.739082
97 0.74036
98 0.741634
99 0.742885
100 0.744085
101 0.745342
102 0.746567
103 0.747785
104 0.748833
105 0.749923
106 0.751096
107 0.752223
108 0.75329
109 0.754406
110 0.755503
111 0.756525
112 0.75757
113 0.75861
114 0.759607
115 0.760641
116 0.761597
117 0.762531
118 0.763583
119 0.764518
120 0.76544
121 0.766398
122 0.767274
123 0.768188
124 0.769118
125 0.769991
126 0.770882
127 0.771602
128 0.772579
129 0.773513
130 0.774217
131 0.775068
132 0.775907
133 0.776708
134 0.777489
135 0.778302
136 0.779047
137 0.779851
138 0.780612
139 0.781342
140 0.782129
141 0.782807
142 0.783527
143 0.784259
144 0.78499
145 0.785707
146 0.786391
147 0.78708
148 0.787783
149 0.788449
150 0.789108
151 0.789763
152 0.790448
153 0.79108
154 0.791773
155 0.792382
156 0.793018
157 0.79364
158 0.794236
159 0.794846
160 0.795461
161 0.79605
162 0.796662
163 0.797222
164 0.797821
165 0.7984
166 0.798959
167 0.799537
168 0.800123
169 0.800569
170 0.801356
171 0.801548
172 0.80236
173 0.802848
174 0.803332
175 0.803888
176 0.804422
177 0.804937
178 0.805423
179 0.805944
180 0.806465
181 0.806957
182 0.807439
183 0.807908
184 0.808431
185 0.808918
186 0.809351
187 0.809883
188 0.810341
189 0.810805
190 0.811251
191 0.811703
192 0.812175
193 0.812618
194 0.813067
195 0.813451
196 0.813962
197 0.814352
198 0.814828
199 0.815289
200 0.815678
201 0.816111
202 0.816513
203 0.816948
204 0.817366
205 0.817868
206 0.818148
207 0.818571
208 0.818967
209 0.819386
210 0.819745
211 0.820136
212 0.820533
213 0.82094
214 0.821315
215 0.82169
216 0.822057
217 0.822423
218 0.822809
219 0.82319
220 0.823544
221 0.823888
222 0.82427
223 0.824611
224 0.824979
225 0.82532
226 0.825686
227 0.82605
228 0.826366
229 0.82674
230 0.82706
231 0.827402
232 0.827724
233 0.828043
234 0.828374
235 0.828712
236 0.829055
237 0.829382
238 0.829702
239 0.829994
240 0.830339
241 0.830727
242 0.830973
243 0.831303
244 0.831592
245 0.831887
246 0.832191
247 0.832506
248 0.83281
249 0.833112
250 0.833413
251 0.833679
252 0.833949
253 0.834256
254 0.834622
255 0.83506
256 0.835141
257 0.835209
258 0.835635
259 0.836021
260 0.836309
261 0.836552
262 0.836821
263 0.837089
264 0.83737
265 0.837633
266 0.83792
267 0.838169
268 0.838434
269 0.838697
270 0.838945
271 0.839228
272 0.839471
273 0.839665
274 0.839988
275 0.840241
276 0.8405
277 0.840746
278 0.840994
279 0.841249
280 0.8415
281 0.841744
282 0.841995
283 0.84223
284 0.842476
285 0.842706
286 0.842949
287 0.843189
288 0.843421
289 0.843664
290 0.843898
291 0.844121
292 0.844351
293 0.844603
294 0.844791
295 0.845038
296 0.845256
297 0.84548
298 0.845704
299 0.845922
300 0.846152
301 0.846366
302 0.84658
303 0.846813
304 0.847026
305 0.847215
306 0.847435
307 0.847705
308 0.847861
309 0.848095
310 0.848281
311 0.848496
312 0.848706
313 0.84889
314 0.849106
315 0.849247
316 0.849519
317 0.849711
318 0.849922
319 0.850122
320 0.850323
321 0.850531
322 0.850712
323 0.850914
324 0.851102
325 0.851292
326 0.85147
327 0.851694
328 0.851866
329 0.852086
330 0.852245
331 0.852451
332 0.852624
333 0.852794
334 0.852983
335 0.853175
336 0.853355
337 0.853532
338 0.853725
339 0.853921
340 0.854081
341 0.854119
342 0.854507
343 0.854608
344 0.854783
345 0.854965
346 0.855136
347 0.855323
348 0.855496
349 0.855676
350 0.855836
351 0.855995
352 0.856172
353 0.856336
354 0.856519
355 0.856694
356 0.856836
357 0.857014
358 0.857187
359 0.857325
360 0.857496
361 0.857667
362 0.85781
363 0.857984
364 0.858135
365 0.858316
366 0.85843
367 0.858621
368 0.858772
369 0.858913
370 0.859074
371 0.859231
372 0.859387
373 0.859547
374 0.859719
375 0.859865
376 0.860006
377 0.860156
378 0.860299
379 0.860455
380 0.860598
381 0.860721
382 0.860886
383 0.861079
384 0.861187
385 0.86129
386 0.861474
387 0.861624
388 0.861765
389 0.861908
390 0.862027
391 0.862204
392 0.862337
393 0.862474
394 0.862626
395 0.862747
396 0.862895
397 0.863023
398 0.863189
399 0.863313
400 0.863443
