1 0.5
2 0.353496
3 0.289213
4 0.25087
5 0.224912
6 0.205738
7 0.191433
8 0.180512
9 0.171554
10 0.164062
11 0.157536
12 0.151819
13 0.147021
14 0.142312
15 0.138712
16 0.134991
17 0.131936
18 0.128659
19 0.126257
20 0.123825
21 0.121033
22 0.119251
23 0.117229
24 0.115137
25 0.113615
26 0.112241
27 0.11066
28 0.108731
29 0.108006
30 0.106737
31 0.104891
32 0.103758
33 0.102464
34 0.102505
35 0.100715
36 0.0993496
37 0.0986434
38 0.0977202
39 0.0975362
40 0.0967632
41 0.0960032
42 0.0944095
43 0.0944581
44 0.094244
45 0.0934834
46 0.0926764
47 0.0923586
48 0.0916892
49 0.0912959
50 0.0911261
51 0.0911918
52 0.0902385
53 0.0900003
54 0.0894243
55 0.0894391
56 0.0891199
57 0.0900028
58 0.0886602
59 0.0884295
60 0.08828
61 0.0878486
62 0.0877489
63 0.0876818
64 0.0868652
65 0.0875507
66 0.0871751
67 0.0873621
68 0.0870427
69 0.087157
70 0.0869442
71 0.0865748
72 0.0867048
73 0.0847766
74 0.0866507
75 0.0862103
76 0.0863678
77 0.0865347
78 0.0861834
79 0.0864009
80 0.0862352
81 0.0859483
82 0.0860456
83 0.0862387
84 0.0861291
85 0.0855301
86 0.0858278
87 0.0859406
88 0.0860619
89 0.0865288
90 0.0858296
91 0.0862515
92 0.0859566
93 0.0859458
94 0.0859933
95 0.0853805
96 0.0855768
97 0.0857184
98 0.085489
99 0.0857424
100 0.0861242
101 0.0851207
102 0.0849399
103 0.084798
104 0.0854053
105 0.0860765
106 0.0856224
107 0.0850819
108 0.0858907
109 0.0854687
110 0.0853068
111 0.0853061
112 0.0854248
113 0.085637
114 0.085182
115 0.0855743
116 0.0851064
117 0.0859004
118 0.0850966
119 0.0847724
120 0.0855297
121 0.0853543
122 0.0855252
123 0.0849262
124 0.0849676
125 0.0849564
126 0.0847333
127 0.0861747
128 0.0852456
129 0.0844769
130 0.0854701
131 0.0853861
132 0.0849837
133 0.0847875
134 0.0851711
135 0.0853103
136 0.0849669
137 0.0847681
138 0.0848339
139 0.0850335
140 0.0847231
141 0.0854977
142 0.0855468
143 0.0852984
144 0.0854021
145 0.0845781
146 0.0849388
147 0.0846161
148 0.0845721
149 0.0849732
150 0.0851431
151 0.0846496
152 0.0847193
153 0.0848693
154 0.0842625
155 0.0845834
156 0.0843349
157 0.0844119
158 0.0847611
159 0.0848511
160 0.0846034
161 0.0847717
162 0.0847583
163 0.0848026
164 0.0846535
165 0.0846577
166 0.0848781
167 0.084638
168 0.0841928
169 0.0849497
170 0.0826365
171 0.0860186
172 0.0836077
173 0.084231
174 0.0843268
175 0.083913
176 0.0840482
177 0.0844038
178 0.0840901
179 0.0842897
180 0.0843371
181 0.0835774
182 0.0842954
183 0.0841081
184 0.0842745
185 0.0836241
186 0.0842494
187 0.0836252
188 0.0838437
189 0.0837587
190 0.0837708
191 0.0838036
192 0.0835175
193 0.0837328
194 0.0835856
195 0.0841832
196 0.0836423
197 0.0840971
198 0.0836541
199 0.0832874
200 0.0837064
201 0.0833192
202 0.0834825
203 0.0831997
204 0.0832867
205 0.0821471
206 0.0834504
207 0.0831402
208 0.0830516
209 0.0833568
210 0.0834525
211 0.0830717
212 0.0832709
213 0.0832512
214 0.0828407
215 0.0831373
216 0.0835211
217 0.0829493
218 0.0830146
219 0.0828475
220 0.0829471
221 0.0830365
222 0.08267
223 0.0833117
224 0.0825636
225 0.0831735
226 0.0827125
227 0.0826372
228 0.0828382
229 0.0822819
230 0.0829299
231 0.0822656
232 0.0831524
233 0.0827669
234 0.0825881
235 0.0828763
236 0.0825022
237 0.0823098
238 0.0823254
239 0.082573
240 0.0823952
241 0.0815262
242 0.0822718
243 0.0821071
244 0.0821514
245 0.0822529
246 0.0821978
247 0.0820799
248 0.082146
249 0.0821405
250 0.0818468
251 0.0820839
252 0.0823862
253 0.0823901
254 0.0816087
255 0.0798661
256 0.0821481
257 0.0839265
258 0.0826419
259 0.0815309
260 0.0813454
261 0.081739
262 0.0814954
263 0.0817634
264 0.0817051
265 0.0815675
266 0.0811829
267 0.081758
268 0.0814219
269 0.0814171
270 0.0817969
271 0.0812016
272 0.0815042
273 0.0822968
274 0.0812867
275 0.0815006
276 0.0810845
277 0.0815945
278 0.0813259
279 0.0811612
280 0.0812453
281 0.0812185
282 0.0814702
283 0.0809815
284 0.081386
285 0.080881
286 0.081386
287 0.0807928
288 0.0812798
289 0.0807275
290 0.0809156
291 0.0810293
292 0.0810323
293 0.0809277
294 0.0808282
295 0.0810837
296 0.080705
297 0.0807796
298 0.0810323
299 0.0805187
300 0.0811043
301 0.0807057
302 0.0803416
303 0.0809425
304 0.0805967
305 0.0806913
306 0.0813175
307 0.0800454
308 0.080215
309 0.080356
310 0.0809204
311 0.0803315
312 0.0799697
313 0.0807515
314 0.0807559
315 0.0810492
316 0.0800368
317 0.0802451
318 0.0806559
319 0.0804098
320 0.0799571
321 0.0799515
322 0.0800908
323 0.0804127
324 0.0803738
325 0.0801105
326 0.0801287
327 0.0797339
328 0.0800469
329 0.079934
330 0.0800673
331 0.0796651
332 0.0800811
333 0.0801826
334 0.0801008
335 0.0799243
336 0.0797966
337 0.0797533
338 0.0796516
339 0.0795048
340 0.0796636
341 0.0812688
342 0.079045
343 0.0797895
344 0.0797324
345 0.0797313
346 0.0794966
347 0.079646
348 0.0794703
349 0.0792878
350 0.0793382
351 0.0797933
352 0.0792965
353 0.0794714
354 0.0795831
355 0.0790793
356 0.0794714
357 0.0792683
358 0.0792119
359 0.0793164
360 0.0793153
361 0.0792435
362 0.0792239
363 0.0790759
364 0.0791818
365 0.079108
366 0.079501
367 0.0789613
368 0.0791155
369 0.0791117
370 0.0791483
371 0.0790092
372 0.0789654
373 0.0789492
374 0.0788839
375 0.0786584
376 0.0790167
377 0.0789537
378 0.0790254
379 0.078823
380 0.0788026
381 0.0794253
382 0.0787171
383 0.0782691
384 0.079071
385 0.0793378
386 0.078806
387 0.0788737
388 0.0786087
389 0.0785078
390 0.0788087
391 0.0784733
392 0.0785526
393 0.0782702
394 0.0785222
395 0.0785864
396 0.0785048
397 0.0785029
398 0.0783022
399 0.0781959
400 0.0785238
