1 0.499855
2 0.499854
3 0.499759
4 0.499755
5 0.499929
6 0.500021
7 0.499901
8 0.499865
9 0.499847
10 0.499829
11 0.499826
12 0.500355
13 0.501022
14 0.501933
15 0.502849
16 0.503803
17 0.504778
18 0.505743
19 0.506694
20 0.507602
21 0.508516
22 0.509405
23 0.51026
24 0.511083
25 0.511887
26 0.512671
27 0.51342
28 0.514173
29 0.514894
30 0.51561
31 0.516284
32 0.516913
33 0.517524
34 0.518095
35 0.518719
36 0.51929
37 0.519853
38 0.520375
39 0.520892
40 0.521399
41 0.521873
42 0.522375
43 0.522842
44 0.523309
45 0.523752
46 0.524182
47 0.524596
48 0.525018
49 0.525421
50 0.525808
51 0.526195
52 0.526603
53 0.52697
54 0.52735
55 0.527694
56 0.528055
57 0.528377
58 0.528734
59 0.529064
60 0.529379
61 0.529687
62 0.529998
63 0.530275
64 0.530566
65 0.530859
66 0.531155
67 0.531417
68 0.531704
69 0.531965
70 0.532241
71 0.532502
72 0.532757
73 0.533035
74 0.53326
75 0.533507
76 0.533751
77 0.533993
78 0.534227
79 0.534456
80 0.53469
81 0.534919
82 0.535129
83 0.535368
84 0.535569
85 0.535749
86 0.535986
87 0.536196
88 0.536393
89 0.536587
90 0.53679
91 0.536968
92 0.537153
93 0.537358
94 0.53753
95 0.537712
96 0.537895
97 0.538075
98 0.538234
99 0.538412
100 0.538582
101 0.538747
102 0.538887
103 0.539071
104 0.539244
105 0.539396
106 0.539564
107 0.539713
108 0.53987
109 0.540021
110 0.540165
111 0.540315
112 0.540471
113 0.540606
114 0.540749
115 0.54089
116 0.541032
117 0.54116
118 0.541294
119 0.54144
120 0.541573
121 0.541707
122 0.541839
123 0.54196
124 0.542091
125 0.542215
126 0.54235
127 0.542457
128 0.542579
129 0.542696
130 0.542828
131 0.542934
132 0.543059
133 0.543181
134 0.543285
135 0.543404
136 0.543514
137 0.543625
138 0.543734
139 0.543847
140 0.543953
141 0.544054
142 0.544153
143 0.544257
144 0.544371
145 0.544474
146 0.544569
147 0.544677
148 0.544777
149 0.544876
150 0.544971
151 0.545069
152 0.545163
153 0.545262
154 0.545353
155 0.545449
156 0.54554
157 0.545634
158 0.545721
159 0.54582
160 0.545914
161 0.546006
162 0.546095
163 0.546193
164 0.546279
165 0.546364
166 0.546455
167 0.546539
168 0.546615
169 0.546697
170 0.546738
171 0.546817
172 0.546933
173 0.547016
174 0.547097
175 0.547175
176 0.547253
177 0.547332
178 0.547424
179 0.547489
180 0.547565
181 0.547646
182 0.547732
183 0.547809
184 0.547877
185 0.547958
186 0.548046
187 0.548103
188 0.548173
189 0.548245
190 0.54832
191 0.548385
192 0.548457
193 0.548529
194 0.548601
195 0.548658
196 0.548736
197 0.548797
198 0.548874
199 0.548935
200 0.549005
201 0.549069
202 0.54913
203 0.549191
204 0.549259
205 0.549302
206 0.549387
207 0.549447
208 0.549515
209 0.549579
210 0.549644
211 0.549695
212 0.549756
213 0.549816
214 0.549871
215 0.549931
216 0.549996
217 0.550053
218 0.550118
219 0.55018
220 0.550235
221 0.55029
222 0.550349
223 0.550407
224 0.55046
225 0.550522
226 0.550569
227 0.550622
228 0.550678
229 0.550733
230 0.550787
231 0.550843
232 0.5509
233 0.550946
234 0.551007
235 0.551054
236 0.551108
237 0.551157
238 0.551209
239 0.551253
240 0.551311
241 0.551369
242 0.551414
243 0.551463
244 0.551513
245 0.551563
246 0.551611
247 0.551659
248 0.551712
249 0.551766
250 0.551811
251 0.551857
252 0.55191
253 0.55196
254 0.552006
255 0.55201
256 0.5521
257 0.552185
258 0.552194
259 0.552241
260 0.552283
261 0.552329
262 0.552374
263 0.552417
264 0.552464
265 0.552507
266 0.552551
267 0.552596
268 0.552643
269 0.552687
270 0.552731
271 0.55278
272 0.552818
273 0.552853
274 0.552902
275 0.552948
276 0.552988
277 0.553029
278 0.553077
279 0.553116
280 0.553156
281 0.553198
282 0.553239
283 0.55328
284 0.55332
285 0.553364
286 0.553402
287 0.553442
288 0.553481
289 0.553521
290 0.553557
291 0.553594
292 0.553633
293 0.553677
294 0.553705
295 0.553743
296 0.553782
297 0.553824
298 0.55386
299 0.553897
300 0.553933
301 0.553966
302 0.554007
303 0.554042
304 0.55408
305 0.554114
306 0.55415
307 0.554202
308 0.554222
309 0.554258
310 0.554291
311 0.554328
312 0.554364
313 0.554401
314 0.554429
315 0.554455
316 0.554499
317 0.554528
318 0.554563
319 0.554594
320 0.55463
321 0.554661
322 0.554697
323 0.55473
324 0.554761
325 0.554793
326 0.554833
327 0.554861
328 0.554893
329 0.554923
330 0.554962
331 0.554991
332 0.555021
333 0.555053
334 0.555092
335 0.555121
336 0.555152
337 0.555186
338 0.555218
339 0.555247
340 0.555278
341 0.555334
342 0.555346
343 0.555371
344 0.5554
345 0.555431
346 0.555465
347 0.55549
348 0.555522
349 0.555548
350 0.55558
351 0.555609
352 0.555641
353 0.555667
354 0.555696
355 0.555728
356 0.555755
357 0.555783
358 0.555809
359 0.555838
360 0.555867
361 0.555895
362 0.555925
363 0.555954
364 0.55598
365 0.556012
366 0.556048
367 0.556066
368 0.556093
369 0.556118
370 0.556147
371 0.556176
372 0.556201
373 0.556226
374 0.556253
375 0.556282
376 0.556306
377 0.556331
378 0.556358
379 0.556386
380 0.556413
381 0.556433
382 0.556464
383 0.556488
384 0.556515
385 0.556539
386 0.556569
387 0.556592
388 0.556617
389 0.556643
390 0.556676
391 0.556692
392 0.556718
393 0.556742
394 0.556771
395 0.556794
396 0.55682
397 0.556848
398 0.556863
399 0.556895
400 0.556919
