1 0.500141
2 0.500055
3 0.500525
4 0.500058
5 0.49897
6 0.499792
7 0.499962
8 0.500596
9 0.499057
10 0.499956
11 0.499921
12 0.55519
13 0.596891
14 0.631043
15 0.656639
16 0.678021
17 0.696873
18 0.71293
19 0.726257
20 0.738998
21 0.7493
22 0.758262
23 0.766749
24 0.774417
25 0.781073
26 0.787258
27 0.792908
28 0.79805
29 0.802429
30 0.806527
31 0.810861
32 0.814644
33 0.818346
34 0.821826
35 0.824739
36 0.827621
37 0.830472
38 0.832772
39 0.836128
40 0.837398
41 0.840073
42 0.842493
43 0.844336
44 0.846756
45 0.848419
46 0.850312
47 0.852041
48 0.853685
49 0.855343
50 0.856928
51 0.85832
52 0.86
53 0.861216
54 0.862625
55 0.863969
56 0.864753
57 0.866999
58 0.867895
59 0.869131
60 0.870127
61 0.871286
62 0.872283
63 0.873326
64 0.874378
65 0.875667
66 0.8765
67 0.877205
68 0.877995
69 0.878992
70 0.880083
71 0.881053
72 0.881394
73 0.882364
74 0.8839
75 0.884003
76 0.885236
77 0.885805
78 0.886205
79 0.887652
80 0.887562
81 0.888634
82 0.888884
83 0.889754
84 0.890476
85 0.89161
86 0.892062
87 0.892425
88 0.893195
89 0.893452
90 0.893817
91 0.894934
92 0.895491
93 0.896073
94 0.896596
95 0.897094
96 0.897592
97 0.898004
98 0.898388
99 0.898967
100 0.899701
101 0.900172
102 0.900666
103 0.9008
104 0.901764
105 0.902034
106 0.902402
107 0.902883
108 0.903234
109 0.904043
110 0.904209
111 0.904578
112 0.904632
113 0.904891
114 0.906062
115 0.906183
116 0.906933
117 0.906814
118 0.907217
119 0.907527
120 0.908259
121 0.908557
122 0.908724
123 0.909252
124 0.909411
125 0.909466
126 0.909819
127 0.910353
128 0.911111
129 0.910836
130 0.911277
131 0.91138
132 0.911956
133 0.912077
134 0.912874
135 0.912901
136 0.913178
137 0.913506
138 0.913715
139 0.914293
140 0.914101
141 0.914627
142 0.915362
143 0.915515
144 0.916061
145 0.915952
146 0.916188
147 0.916497
148 0.917093
149 0.917282
150 0.917628
151 0.917747
152 0.917512
153 0.918044
154 0.918214
155 0.918636
156 0.918648
157 0.918985
158 0.919556
159 0.919762
160 0.919855
161 0.919984
162 0.920424
163 0.921212
164 0.920655
165 0.921348
166 0.921106
167 0.92121
168 0.921872
169 0.922121
170 0.922421
171 0.92242
172 0.922795
173 0.92268
174 0.923214
175 0.922975
176 0.923255
177 0.92364
178 0.923914
179 0.923811
180 0.923996
181 0.92443
182 0.924879
183 0.925106
184 0.924873
185 0.924868
186 0.92543
187 0.925819
188 0.925497
189 0.925748
190 0.925952
191 0.92624
192 0.926546
193 0.926325
194 0.926622
195 0.926591
196 0.927013
197 0.927685
198 0.927789
199 0.92762
200 0.928037
201 0.928067
202 0.928336
203 0.928589
204 0.928483
205 0.928714
206 0.928955
207 0.928565
208 0.92928
209 0.929354
210 0.929164
211 0.929555
212 0.929815
213 0.930253
214 0.930286
215 0.929998
216 0.930302
217 0.930412
218 0.930477
219 0.931223
220 0.930753
221 0.93148
222 0.931703
223 0.931893
224 0.931712
225 0.931337
226 0.931665
227 0.932125
228 0.932486
229 0.932251
230 0.932609
231 0.93254
232 0.932908
233 0.93279
234 0.932783
235 0.933326
236 0.933434
237 0.93322
238 0.933236
239 0.933619
240 0.933619
241 0.934005
242 0.934009
243 0.933832
244 0.934638
245 0.934291
246 0.934517
247 0.934707
248 0.935071
249 0.935063
250 0.934926
251 0.935127
252 0.935322
253 0.935324
254 0.935745
255 0.935616
256 0.935824
257 0.935777
258 0.935954
259 0.936198
260 0.936323
261 0.936653
262 0.936297
263 0.9366
264 0.936643
265 0.936996
266 0.93684
267 0.937001
268 0.936921
269 0.937063
270 0.937505
271 0.937185
272 0.93749
273 0.93771
274 0.937531
275 0.937959
276 0.937935
277 0.937964
278 0.937995
279 0.938414
280 0.938481
281 0.93876
282 0.93869
283 0.938992
284 0.938859
285 0.938652
286 0.939061
287 0.939163
288 0.939084
289 0.939037
290 0.939488
291 0.939583
292 0.939275
293 0.93962
294 0.939603
295 0.939853
296 0.940016
297 0.940279
298 0.940353
299 0.940438
300 0.940481
301 0.940264
302 0.940401
303 0.940659
304 0.940662
305 0.940292
306 0.940974
307 0.941088
308 0.940928
309 0.941186
310 0.941324
311 0.941719
312 0.941217
313 0.94111
314 0.941558
315 0.941685
316 0.941746
317 0.941873
318 0.941903
319 0.941662
320 0.941986
321 0.942119
322 0.942451
323 0.942213
324 0.942517
325 0.942393
326 0.942543
327 0.942678
328 0.942557
329 0.94252
330 0.942729
331 0.942839
332 0.943289
333 0.942979
334 0.943287
335 0.943308
336 0.943316
337 0.943412
338 0.943336
339 0.943361
340 0.943671
341 0.943645
342 0.943895
343 0.943757
344 0.943942
345 0.944059
346 0.943989
347 0.944329
348 0.944276
349 0.944167
350 0.944276
351 0.944709
352 0.944384
353 0.944655
354 0.944518
355 0.945124
356 0.944714
357 0.944741
358 0.9448
359 0.944866
360 0.945422
361 0.945056
362 0.945004
363 0.945287
364 0.945517
365 0.9456
366 0.94545
367 0.945658
368 0.945694
369 0.945743
370 0.945711
371 0.946007
372 0.945887
373 0.945989
374 0.946199
375 0.946118
376 0.946147
377 0.946458
378 0.946221
379 0.946225
380 0.946492
381 0.946854
382 0.94658
383 0.946479
384 0.946666
385 0.946954
386 0.947082
387 0.947123
388 0.946973
389 0.947384
390 0.947371
391 0.947237
392 0.947304
393 0.947466
394 0.947421
395 0.947366
396 0.947526
397 0.947322
398 0.947846
399 0.947501
400 0.947669
