1 0.300277
2 0.299374
3 0.299777
4 0.299643
5 0.299785
6 0.29996
7 0.299999
8 0.300058
9 0.300115
10 0.300019
11 0.300001
12 0.301519
13 0.302803
14 0.304695
15 0.306535
16 0.30818
17 0.309665
18 0.311447
19 0.312963
20 0.314622
21 0.315907
22 0.317232
23 0.318575
24 0.319864
25 0.321252
26 0.322246
27 0.323213
28 0.324323
29 0.325323
30 0.326322
31 0.32724
32 0.328032
33 0.328899
34 0.329716
35 0.330446
36 0.331229
37 0.33181
38 0.332523
39 0.333339
40 0.33375
41 0.334503
42 0.335015
43 0.335611
44 0.336107
45 0.336505
46 0.337141
47 0.337693
48 0.338126
49 0.338614
50 0.339045
51 0.339473
52 0.339894
53 0.340228
54 0.340667
55 0.341196
56 0.34154
57 0.341869
58 0.342185
59 0.342595
60 0.342928
61 0.343326
62 0.343606
63 0.343844
64 0.344281
65 0.3445
66 0.344943
67 0.345197
68 0.345524
69 0.345661
70 0.345989
71 0.346318
72 0.346582
73 0.346773
74 0.34698
75 0.3473
76 0.347535
77 0.347794
78 0.34796
79 0.348249
80 0.348424
81 0.348656
82 0.348941
83 0.349053
84 0.349286
85 0.349539
86 0.3497
87 0.349837
88 0.350076
89 0.350294
90 0.350431
91 0.350618
92 0.350821
93 0.350956
94 0.351195
95 0.35133
96 0.351548
97 0.351699
98 0.351854
99 0.351993
100 0.352135
101 0.352315
102 0.352502
103 0.352577
104 0.352722
105 0.352917
106 0.353099
107 0.35326
108 0.353338
109 0.353505
110 0.353648
111 0.353776
112 0.353879
113 0.354042
114 0.354111
115 0.35431
116 0.354443
117 0.354561
118 0.354674
119 0.354783
120 0.354972
121 0.355062
122 0.355154
123 0.355319
124 0.355388
125 0.355487
126 0.355624
127 0.35575
128 0.355904
129 0.355888
130 0.356057
131 0.356197
132 0.356267
133 0.356315
134 0.356519
135 0.356569
136 0.356712
137 0.356815
138 0.356861
139 0.356977
140 0.357043
141 0.357186
142 0.357193
143 0.357374
144 0.357442
145 0.35754
146 0.357588
147 0.357673
148 0.357778
149 0.357848
150 0.357895
151 0.358028
152 0.358092
153 0.358124
154 0.358252
155 0.358358
156 0.358431
157 0.358529
158 0.358587
159 0.358635
160 0.358738
161 0.358819
162 0.358906
163 0.358955
164 0.359013
165 0.359117
166 0.359213
167 0.359246
168 0.359307
169 0.359408
170 0.359437
171 0.359528
172 0.359609
173 0.359638
174 0.359759
175 0.359829
176 0.35987
177 0.359966
178 0.359972
179 0.360066
180 0.360161
181 0.3602
182 0.360257
183 0.360273
184 0.360316
185 0.360435
186 0.360524
187 0.360566
188 0.360574
189 0.360671
190 0.360686
191 0.360712
192 0.36081
193 0.360877
194 0.360928
195 0.361
196 0.36109
197 0.361127
198 0.361197
199 0.361246
200 0.361276
201 0.36133
202 0.36135
203 0.361396
204 0.361454
205 0.361627
206 0.361532
207 0.361654
208 0.361697
209 0.361719
210 0.361763
211 0.361809
212 0.361854
213 0.361944
214 0.361964
215 0.362004
216 0.362084
217 0.362139
218 0.362139
219 0.362233
220 0.362238
221 0.362314
222 0.362363
223 0.362404
224 0.362413
225 0.362478
226 0.362561
227 0.362573
228 0.362625
229 0.362633
230 0.36271
231 0.36273
232 0.362769
233 0.362829
234 0.362819
235 0.362899
236 0.362937
237 0.362983
238 0.363068
239 0.363059
240 0.363084
241 0.363157
242 0.363208
243 0.363204
244 0.363269
245 0.363283
246 0.363374
247 0.363394
248 0.363417
249 0.363466
250 0.363537
251 0.363545
252 0.363552
253 0.363602
254 0.363637
255 0.363676
256 0.36373
257 0.363733
258 0.36378
259 0.363843
260 0.363869
261 0.363895
262 0.363935
263 0.363972
264 0.364012
265 0.363993
266 0.364021
267 0.364119
268 0.364122
269 0.364184
270 0.364241
271 0.364257
272 0.36429
273 0.3643
274 0.364363
275 0.364384
276 0.364376
277 0.364406
278 0.364468
279 0.364502
280 0.364505
281 0.36457
282 0.364599
283 0.364636
284 0.364636
285 0.364712
286 0.364737
287 0.364734
288 0.36478
289 0.364811
290 0.364834
291 0.364842
292 0.364874
293 0.364955
294 0.364911
295 0.36496
296 0.364994
297 0.36509
298 0.365054
299 0.365105
300 0.365126
301 0.365114
302 0.36515
303 0.365193
304 0.365245
305 0.365255
306 0.365306
307 0.365345
308 0.365336
309 0.365349
310 0.365374
311 0.365421
312 0.365435
313 0.365458
314 0.365519
315 0.365516
316 0.365577
317 0.365592
318 0.365597
319 0.365614
320 0.36565
321 0.365681
322 0.365698
323 0.365762
324 0.365743
325 0.365782
326 0.365801
327 0.365838
328 0.365889
329 0.365882
330 0.36594
331 0.365939
332 0.365959
333 0.365948
334 0.366001
335 0.366007
336 0.366104
337 0.366048
338 0.366077
339 0.3661
340 0.366156
341 0.366064
342 0.366147
343 0.366167
344 0.366209
345 0.366236
346 0.366321
347 0.366308
348 0.366326
349 0.366324
350 0.366349
351 0.366375
352 0.366407
353 0.366423
354 0.366468
355 0.366428
356 0.366455
357 0.366499
358 0.366557
359 0.366564
360 0.366578
361 0.366623
362 0.366657
363 0.366632
364 0.36665
365 0.366679
366 0.366727
367 0.366723
368 0.366729
369 0.366771
370 0.366794
371 0.36681
372 0.366813
373 0.366857
374 0.366846
375 0.3669
376 0.366887
377 0.36694
378 0.366944
379 0.366958
380 0.366972
381 0.366988
382 0.367021
383 0.367
384 0.367006
385 0.367104
386 0.367072
387 0.367105
388 0.367141
389 0.367133
390 0.367131
391 0.367173
392 0.367217
393 0.367215
394 0.36723
395 0.367262
396 0.367281
397 0.367261
398 0.367318
399 0.367314
400 0.367337
