1 0.49951
2 0.50988
3 0.519277
4 0.529658
5 0.538271
6 0.548878
7 0.556941
8 0.56595
9 0.576203
10 0.584271
11 0.59326
12 0.601552
13 0.609823
14 0.618683
15 0.626316
16 0.634803
17 0.641713
18 0.649432
19 0.656734
20 0.664183
21 0.670881
22 0.678074
23 0.6841
24 0.690298
25 0.696218
26 0.702351
27 0.707305
28 0.714275
29 0.718776
30 0.724771
31 0.729328
32 0.734245
33 0.739287
34 0.743512
35 0.748095
36 0.752302
37 0.756273
38 0.76076
39 0.763902
40 0.766967
41 0.771437
42 0.774566
43 0.778546
44 0.781043
45 0.783994
46 0.787236
47 0.789799
48 0.793187
49 0.7956
50 0.797661
51 0.800306
52 0.802518
53 0.805107
54 0.807132
55 0.809641
56 0.810984
57 0.813395
58 0.81576
59 0.816977
60 0.818943
61 0.820513
62 0.822209
63 0.824051
64 0.825517
65 0.827762
66 0.829241
67 0.829787
68 0.832191
69 0.833875
70 0.834623
71 0.835955
72 0.837151
73 0.838819
74 0.839498
75 0.841408
76 0.842011
77 0.843214
78 0.844051
79 0.844865
80 0.846129
81 0.847535
82 0.848766
83 0.849256
84 0.850044
85 0.851861
86 0.852479
87 0.853578
88 0.853956
89 0.855507
90 0.856112
91 0.856724
92 0.856677
93 0.8582
94 0.859973
95 0.859821
96 0.859748
97 0.861602
98 0.862418
99 0.862724
100 0.86328
101 0.864071
102 0.865307
103 0.865312
104 0.866028
105 0.866334
106 0.866787
107 0.867662
108 0.869382
109 0.869037
110 0.869724
111 0.870365
112 0.870508
113 0.871538
114 0.871208
115 0.871701
116 0.872717
117 0.873385
118 0.87395
119 0.873976
120 0.875148
121 0.874667
122 0.875641
123 0.87608
124 0.876772
125 0.877038
126 0.877972
127 0.877608
128 0.878072
129 0.878517
130 0.87911
131 0.879367
132 0.880277
133 0.879909
134 0.881148
135 0.880583
136 0.881266
137 0.882406
138 0.882226
139 0.882757
140 0.882653
141 0.883206
142 0.883889
143 0.883977
144 0.884354
145 0.8846
146 0.885371
147 0.885373
148 0.885593
149 0.886166
150 0.886274
151 0.886499
152 0.886802
153 0.887507
154 0.887485
155 0.887848
156 0.888277
157 0.887896
158 0.888445
159 0.888315
160 0.8895
161 0.889362
162 0.889349
163 0.890076
164 0.889995
165 0.891054
166 0.891348
167 0.890802
168 0.890932
169 0.89152
170 0.891731
171 0.892003
172 0.892628
173 0.892412
174 0.892706
175 0.89294
176 0.893379
177 0.893383
178 0.893915
179 0.893342
180 0.894481
181 0.894318
182 0.894848
183 0.894465
184 0.895056
185 0.895352
186 0.895932
187 0.894926
188 0.895869
189 0.896005
190 0.89611
191 0.896434
192 0.896679
193 0.896517
194 0.897088
195 0.896812
196 0.89711
197 0.897553
198 0.898259
199 0.897481
200 0.897994
201 0.898505
202 0.897971
203 0.899058
204 0.898736
205 0.898936
206 0.89883
207 0.899211
208 0.899869
209 0.899718
210 0.899882
211 0.900163
212 0.900594
213 0.900594
214 0.900156
215 0.900485
216 0.900655
217 0.900563
218 0.901127
219 0.901093
220 0.901279
221 0.901221
222 0.901775
223 0.901606
224 0.901947
225 0.901699
226 0.901904
227 0.902075
228 0.902858
229 0.902786
230 0.9024
231 0.903023
232 0.903518
233 0.903421
234 0.903505
235 0.903414
236 0.904196
237 0.903616
238 0.903946
239 0.903852
240 0.904637
241 0.904014
242 0.904914
243 0.90454
244 0.90457
245 0.904806
246 0.905007
247 0.90513
248 0.905009
249 0.905341
250 0.905603
251 0.905416
252 0.905997
253 0.905675
254 0.905874
255 0.906
256 0.906294
257 0.906493
258 0.906631
259 0.906565
260 0.906017
261 0.907451
262 0.906209
263 0.906983
264 0.906793
265 0.906842
266 0.907316
267 0.90731
268 0.908046
269 0.907588
270 0.907168
271 0.907791
272 0.908018
273 0.908167
274 0.908099
275 0.908043
276 0.908346
277 0.908294
278 0.908359
279 0.908751
280 0.90844
281 0.90873
282 0.909304
283 0.909064
284 0.908876
285 0.909213
286 0.909647
287 0.909664
288 0.909303
289 0.909477
290 0.909923
291 0.909904
292 0.9095
293 0.909621
294 0.9098
295 0.9105
296 0.910223
297 0.910151
298 0.910403
299 0.910433
300 0.910351
301 0.910335
302 0.91048
303 0.910461
304 0.911189
305 0.910759
306 0.910723
307 0.910959
308 0.911361
309 0.911239
310 0.911746
311 0.911281
312 0.911395
313 0.911804
314 0.911775
315 0.912035
316 0.911426
317 0.912074
318 0.91248
319 0.911955
320 0.911778
321 0.912701
322 0.912455
323 0.912428
324 0.912886
325 0.912637
326 0.912194
327 0.912965
328 0.912399
329 0.912374
330 0.912663
331 0.913371
332 0.91296
333 0.912942
334 0.913352
335 0.91277
336 0.913097
337 0.91315
338 0.913288
339 0.91315
340 0.913371
341 0.913602
342 0.914209
343 0.913556
344 0.91352
345 0.913281
346 0.913774
347 0.913915
348 0.913746
349 0.91448
350 0.913731
351 0.914703
352 0.914266
353 0.91444
354 0.914254
355 0.914482
356 0.914882
357 0.914748
358 0.914597
359 0.914367
360 0.914832
361 0.914564
362 0.914842
363 0.914416
364 0.914952
365 0.914341
366 0.914642
367 0.915118
368 0.914641
369 0.915218
370 0.915366
371 0.915647
372 0.915415
373 0.915274
374 0.915627
375 0.915703
376 0.915617
377 0.915544
378 0.915593
379 0.915658
380 0.915627
381 0.915479
382 0.915874
383 0.916128
384 0.916517
385 0.915638
386 0.915973
387 0.916335
388 0.916144
389 0.916792
390 0.916012
391 0.916007
392 0.916291
393 0.91624
394 0.916586
395 0.91646
396 0.916419
397 0.916382
398 0.91676
399 0.916887
400 0.916958
