1 0.499676
2 0.499608
3 0.499777
4 0.499835
5 0.499754
6 0.499857
7 0.499976
8 0.49989
9 0.499884
10 0.499804
11 0.499857
12 0.499931
13 0.49985
14 0.499813
15 0.499828
16 0.499816
17 0.499863
18 0.499898
19 0.499935
20 0.499932
21 0.499948
22 0.49997
23 0.499994
24 0.500074
25 0.50008
26 0.500781
27 0.501662
28 0.502555
29 0.503542
30 0.504451
31 0.505378
32 0.50616
33 0.507045
34 0.507752
35 0.50854
36 0.509401
37 0.510461
38 0.511512
39 0.512581
40 0.513727
41 0.514724
42 0.515897
43 0.516757
44 0.517874
45 0.518706
46 0.519714
47 0.520716
48 0.521725
49 0.522736
50 0.523774
51 0.524816
52 0.525865
53 0.526777
54 0.527818
55 0.528866
56 0.529855
57 0.530784
58 0.531826
59 0.532856
60 0.533797
61 0.534735
62 0.535844
63 0.536811
64 0.53775
65 0.53874
66 0.53971
67 0.540619
68 0.541606
69 0.54242
70 0.543498
71 0.544244
72 0.545207
73 0.546227
74 0.546975
75 0.547835
76 0.548737
77 0.549555
78 0.550422
79 0.551219
80 0.552038
81 0.552855
82 0.55363
83 0.554448
84 0.555205
85 0.555875
86 0.556787
87 0.557455
88 0.558195
89 0.558962
90 0.559786
91 0.560368
92 0.561161
93 0.561911
94 0.562592
95 0.56314
96 0.563842
97 0.564593
98 0.565157
99 0.565868
100 0.566526
101 0.567143
102 0.567667
103 0.568419
104 0.569033
105 0.56962
106 0.570218
107 0.570768
108 0.5713
109 0.572011
110 0.572468
111 0.573146
112 0.573638
113 0.574275
114 0.574767
115 0.575294
116 0.575793
117 0.576333
118 0.576914
119 0.57737
120 0.577875
121 0.578542
122 0.578959
123 0.579431
124 0.580029
125 0.580323
126 0.580991
127 0.581367
128 0.581842
129 0.582371
130 0.582784
131 0.583275
132 0.583726
133 0.584241
134 0.584589
135 0.585068
136 0.585582
137 0.585875
138 0.586425
139 0.586798
140 0.587217
141 0.587685
142 0.58799
143 0.588407
144 0.588809
145 0.589175
146 0.589596
147 0.590068
148 0.590498
149 0.590886
150 0.591244
151 0.591612
152 0.592013
153 0.592304
154 0.592673
155 0.592992
156 0.593543
157 0.593804
158 0.594175
159 0.594498
160 0.594749
161 0.595151
162 0.595524
163 0.595841
164 0.596259
165 0.596606
166 0.59687
167 0.597185
168 0.597474
169 0.597894
170 0.598046
171 0.598334
172 0.598759
173 0.599096
174 0.599415
175 0.59973
176 0.600068
177 0.600332
178 0.600672
179 0.600944
180 0.601281
181 0.601493
182 0.601845
183 0.60215
184 0.602427
185 0.602742
186 0.6031
187 0.603255
188 0.603569
189 0.603771
190 0.604143
191 0.604437
192 0.604604
193 0.604903
194 0.605104
195 0.605505
196 0.605664
197 0.605964
198 0.606257
199 0.606491
200 0.606766
201 0.607001
202 0.607277
203 0.607534
204 0.607767
205 0.607958
206 0.608289
207 0.608442
208 0.608764
209 0.609001
210 0.609221
211 0.609407
212 0.609655
213 0.609903
214 0.610103
215 0.610394
216 0.610608
217 0.610849
218 0.611059
219 0.611377
220 0.611534
221 0.611768
222 0.611981
223 0.61214
224 0.612418
225 0.612654
226 0.612845
227 0.613025
228 0.613203
229 0.613408
230 0.613677
231 0.613916
232 0.614088
233 0.614205
234 0.614505
235 0.614733
236 0.614921
237 0.615181
238 0.615295
239 0.61549
240 0.615659
241 0.615955
242 0.616064
243 0.616302
244 0.616525
245 0.616638
246 0.616842
247 0.617142
248 0.617254
249 0.617421
250 0.617572
251 0.617852
252 0.617935
253 0.618139
254 0.618325
255 0.618416
256 0.618711
257 0.618986
258 0.619115
259 0.619213
260 0.619318
261 0.619605
262 0.619748
263 0.619902
264 0.620127
265 0.620313
266 0.620395
267 0.620589
268 0.620748
269 0.620916
270 0.62119
271 0.621299
272 0.621461
273 0.621601
274 0.6218
275 0.621992
276 0.622124
277 0.62223
278 0.62241
279 0.622583
280 0.622737
281 0.622908
282 0.623002
283 0.623177
284 0.623386
285 0.623569
286 0.623616
287 0.623889
288 0.623958
289 0.624064
290 0.624313
291 0.624423
292 0.624561
293 0.624711
294 0.62486
295 0.625064
296 0.625123
297 0.625277
298 0.625451
299 0.625577
300 0.625669
301 0.625848
302 0.62606
303 0.626153
304 0.626267
305 0.626464
306 0.626573
307 0.626853
308 0.626859
309 0.626999
310 0.627036
311 0.627271
312 0.627395
313 0.627504
314 0.627631
315 0.627788
316 0.627909
317 0.62795
318 0.62821
319 0.628308
320 0.62839
321 0.628553
322 0.62864
323 0.628819
324 0.628893
325 0.629058
326 0.629206
327 0.62934
328 0.62949
329 0.629477
330 0.629668
331 0.629845
332 0.629925
333 0.630026
334 0.630101
335 0.630334
336 0.630426
337 0.630537
338 0.630619
339 0.630778
340 0.630912
341 0.631087
342 0.631077
343 0.63125
344 0.631359
345 0.631431
346 0.631652
347 0.63165
348 0.631826
349 0.631852
350 0.632037
351 0.632218
352 0.632223
353 0.632388
354 0.632458
355 0.632575
356 0.632687
357 0.632832
358 0.63296
359 0.633071
360 0.633149
361 0.633307
362 0.633386
363 0.63346
364 0.633533
365 0.633699
366 0.633781
367 0.633938
368 0.633932
369 0.634081
370 0.634197
371 0.634279
372 0.634417
373 0.634489
374 0.634625
375 0.634676
376 0.634816
377 0.63486
378 0.634975
379 0.635061
380 0.635229
381 0.635321
382 0.635378
383 0.635421
384 0.635581
385 0.635665
386 0.635802
387 0.635884
388 0.636041
389 0.636066
390 0.636181
391 0.636297
392 0.636385
393 0.636482
394 0.636541
395 0.63666
396 0.636703
397 0.636793
398 0.63694
399 0.63708
400 0.637064
