1 0.500502
2 0.500481
3 0.500599
4 0.500365
5 0.500603
6 0.500536
7 0.512523
8 0.521524
9 0.531434
10 0.539521
11 0.547375
12 0.553625
13 0.559754
14 0.565038
15 0.569836
16 0.57437
17 0.578463
18 0.582077
19 0.585204
20 0.588306
21 0.590945
22 0.593616
23 0.595934
24 0.598185
25 0.600234
26 0.602175
27 0.603951
28 0.605665
29 0.607245
30 0.608786
31 0.610207
32 0.611595
33 0.612643
34 0.614019
35 0.615029
36 0.61632
37 0.617223
38 0.618148
39 0.619297
40 0.620072
41 0.621033
42 0.621755
43 0.622573
44 0.623329
45 0.62412
46 0.624792
47 0.625417
48 0.62616
49 0.626786
50 0.627432
51 0.628042
52 0.628484
53 0.629103
54 0.629585
55 0.630142
56 0.630676
57 0.631102
58 0.631587
59 0.632026
60 0.632536
61 0.632936
62 0.633388
63 0.633769
64 0.634171
65 0.634498
66 0.634808
67 0.635291
68 0.6356
69 0.636015
70 0.636357
71 0.636573
72 0.637055
73 0.637343
74 0.637604
75 0.637998
76 0.63816
77 0.638375
78 0.638738
79 0.638956
80 0.639289
81 0.639518
82 0.639762
83 0.640033
84 0.640247
85 0.640545
86 0.640719
87 0.640947
88 0.641284
89 0.64143
90 0.641578
91 0.641808
92 0.642025
93 0.642195
94 0.642458
95 0.64263
96 0.642854
97 0.642991
98 0.643193
99 0.643385
100 0.643511
101 0.643798
102 0.643948
103 0.644045
104 0.644304
105 0.644341
106 0.644629
107 0.644766
108 0.644943
109 0.645065
110 0.645248
111 0.645365
112 0.645517
113 0.64573
114 0.64588
115 0.645986
116 0.646066
117 0.64618
118 0.646374
119 0.646429
120 0.646611
121 0.646776
122 0.646901
123 0.64702
124 0.647166
125 0.647266
126 0.647369
127 0.647546
128 0.647627
129 0.647704
130 0.647848
131 0.647986
132 0.648036
133 0.648189
134 0.648264
135 0.648378
136 0.648495
137 0.648629
138 0.648692
139 0.648772
140 0.648985
141 0.649
142 0.649052
143 0.649145
144 0.649259
145 0.649397
146 0.649476
147 0.649563
148 0.64964
149 0.649786
150 0.649824
151 0.649931
152 0.65001
153 0.650052
154 0.650187
155 0.650191
156 0.650316
157 0.650453
158 0.65049
159 0.650564
160 0.650625
161 0.650684
162 0.650801
163 0.650854
164 0.650965
165 0.650981
166 0.651078
167 0.651168
168 0.651299
169 0.651345
170 0.651477
171 0.65135
172 0.651502
173 0.651629
174 0.651632
175 0.651721
176 0.651792
177 0.651853
178 0.651857
179 0.652047
180 0.652034
181 0.652114
182 0.65212
183 0.652277
184 0.65228
185 0.652318
186 0.652365
187 0.652483
188 0.652522
189 0.652572
190 0.652641
191 0.652682
192 0.652791
193 0.652816
194 0.652915
195 0.652897
196 0.652944
197 0.653011
198 0.653083
199 0.653168
200 0.653232
201 0.653232
202 0.653345
203 0.653301
204 0.653364
205 0.653472
206 0.653483
207 0.653546
208 0.653612
209 0.653645
210 0.653709
211 0.653683
212 0.653773
213 0.653803
214 0.653894
215 0.653928
216 0.653991
217 0.654043
218 0.654075
219 0.654115
220 0.654148
221 0.654193
222 0.654224
223 0.654299
224 0.654321
225 0.654395
226 0.654418
227 0.654454
228 0.654499
229 0.654567
230 0.654588
231 0.65461
232 0.654658
233 0.654733
234 0.654739
235 0.654785
236 0.65481
237 0.654861
238 0.654896
239 0.654937
240 0.654952
241 0.655048
242 0.655014
243 0.655071
244 0.655169
245 0.655155
246 0.655182
247 0.655265
248 0.655271
249 0.655333
250 0.655374
251 0.655398
252 0.655452
253 0.655484
254 0.655486
255 0.655542
256 0.655614
257 0.655596
258 0.655622
259 0.655674
260 0.655686
261 0.655792
262 0.655744
263 0.655783
264 0.6558
265 0.655833
266 0.65588
267 0.655897
268 0.65597
269 0.656004
270 0.655969
271 0.656043
272 0.656058
273 0.656088
274 0.656148
275 0.656172
276 0.656177
277 0.656224
278 0.656256
279 0.656275
280 0.656341
281 0.656345
282 0.656382
283 0.656408
284 0.656424
285 0.656446
286 0.656472
287 0.656538
288 0.656516
289 0.656558
290 0.656613
291 0.656625
292 0.656664
293 0.656719
294 0.656681
295 0.656732
296 0.65678
297 0.656758
298 0.656807
299 0.65683
300 0.656891
301 0.656871
302 0.656925
303 0.656954
304 0.656972
305 0.657016
306 0.657057
307 0.657102
308 0.657084
309 0.657118
310 0.657135
311 0.65714
312 0.657133
313 0.657165
314 0.657166
315 0.657241
316 0.657218
317 0.657278
318 0.65733
319 0.657318
320 0.657376
321 0.657379
322 0.657367
323 0.657382
324 0.657445
325 0.657461
326 0.657505
327 0.657453
328 0.657513
329 0.657556
330 0.65759
331 0.65757
332 0.657592
333 0.657639
334 0.65763
335 0.657727
336 0.657703
337 0.657709
338 0.65777
339 0.657772
340 0.657786
341 0.657749
342 0.657814
343 0.657851
344 0.657876
345 0.657877
346 0.657899
347 0.657981
348 0.657952
349 0.657977
350 0.657975
351 0.657981
352 0.658063
353 0.658036
354 0.658107
355 0.658097
356 0.658103
357 0.658117
358 0.658158
359 0.658169
360 0.658177
361 0.658177
362 0.658223
363 0.658241
364 0.658259
365 0.658269
366 0.658298
367 0.658278
368 0.65833
369 0.658364
370 0.658383
371 0.658361
372 0.658414
373 0.65845
374 0.658449
375 0.658448
376 0.658489
377 0.658483
378 0.658532
379 0.658505
380 0.658552
381 0.6585
382 0.658575
383 0.658588
384 0.658642
385 0.658611
386 0.658655
387 0.658651
388 0.65871
389 0.658694
390 0.658682
391 0.658718
392 0.658714
393 0.65872
394 0.658724
395 0.658777
396 0.658774
397 0.658803
398 0.658843
399 0.658834
400 0.658885
