1 0.500138
2 0.500138
3 0.500138
4 0.5
5 0.500083
6 0.500046
7 0.523822
8 0.541682
9 0.562984
10 0.580078
11 0.597477
12 0.611856
13 0.625962
14 0.638363
15 0.650149
16 0.660529
17 0.670371
18 0.679209
19 0.686829
20 0.694951
21 0.702087
22 0.708272
23 0.714441
24 0.720302
25 0.725783
26 0.730432
27 0.735374
28 0.739817
29 0.743972
30 0.748052
31 0.752015
32 0.755795
33 0.758981
34 0.762671
35 0.765954
36 0.768343
37 0.771803
38 0.774821
39 0.777432
40 0.78031
41 0.782842
42 0.784708
43 0.787516
44 0.789725
45 0.791583
46 0.793712
47 0.795692
48 0.798251
49 0.799739
50 0.801657
51 0.803984
52 0.805331
53 0.807429
54 0.808688
55 0.810281
56 0.811833
57 0.813331
58 0.814886
59 0.816161
60 0.817951
61 0.81912
62 0.820556
63 0.821656
64 0.823056
65 0.824212
66 0.825393
67 0.82664
68 0.827911
69 0.829378
70 0.830124
71 0.831231
72 0.832584
73 0.833521
74 0.833876
75 0.835621
76 0.8364
77 0.836757
78 0.838115
79 0.839249
80 0.84041
81 0.841021
82 0.841674
83 0.842639
84 0.843554
85 0.844642
86 0.845018
87 0.84545
88 0.847099
89 0.84784
90 0.848324
91 0.849057
92 0.850001
93 0.850249
94 0.851417
95 0.851742
96 0.852892
97 0.853217
98 0.854183
99 0.854639
100 0.855642
101 0.856265
102 0.856886
103 0.856862
104 0.857853
105 0.858139
106 0.859516
107 0.859649
108 0.86049
109 0.860653
110 0.861352
111 0.861695
112 0.862236
113 0.863146
114 0.863928
115 0.864489
116 0.864506
117 0.865081
118 0.865877
119 0.865869
120 0.866637
121 0.867152
122 0.867818
123 0.868244
124 0.869069
125 0.869376
126 0.869813
127 0.870465
128 0.870485
129 0.870696
130 0.871338
131 0.871919
132 0.872087
133 0.872847
134 0.873201
135 0.873786
136 0.874126
137 0.874466
138 0.875029
139 0.875132
140 0.875795
141 0.876036
142 0.876288
143 0.876555
144 0.876993
145 0.877572
146 0.877775
147 0.878366
148 0.878479
149 0.878998
150 0.879427
151 0.879675
152 0.879966
153 0.880512
154 0.880662
155 0.880973
156 0.881282
157 0.881783
158 0.882046
159 0.882073
160 0.882803
161 0.88298
162 0.883422
163 0.883711
164 0.884238
165 0.884237
166 0.884508
167 0.884924
168 0.885476
169 0.885491
170 0.885986
171 0.886573
172 0.886164
173 0.887048
174 0.886904
175 0.887232
176 0.887766
177 0.888093
178 0.887813
179 0.888752
180 0.888813
181 0.889369
182 0.889087
183 0.889915
184 0.889912
185 0.889986
186 0.890187
187 0.890792
188 0.890908
189 0.891128
190 0.891359
191 0.89141
192 0.891795
193 0.892209
194 0.892507
195 0.89246
196 0.892693
197 0.892913
198 0.893385
199 0.893645
200 0.894119
201 0.893979
202 0.89457
203 0.89413
204 0.894531
205 0.895101
206 0.895533
207 0.895494
208 0.89586
209 0.895845
210 0.896181
211 0.896298
212 0.896459
213 0.896848
214 0.896681
215 0.897065
216 0.897376
217 0.897519
218 0.897918
219 0.897869
220 0.898118
221 0.898274
222 0.898412
223 0.899032
224 0.898774
225 0.899217
226 0.899405
227 0.899453
228 0.899779
229 0.900325
230 0.90003
231 0.900223
232 0.900313
233 0.901008
234 0.901006
235 0.901196
236 0.901074
237 0.901497
238 0.901628
239 0.901997
240 0.901698
241 0.902495
242 0.902119
243 0.902495
244 0.902834
245 0.902974
246 0.903236
247 0.903457
248 0.903737
249 0.903912
250 0.903918
251 0.904034
252 0.904188
253 0.904095
254 0.90455
255 0.904496
256 0.904935
257 0.905086
258 0.904863
259 0.904984
260 0.905407
261 0.905691
262 0.9052
263 0.905605
264 0.905883
265 0.905778
266 0.90607
267 0.90615
268 0.906566
269 0.906502
270 0.906874
271 0.906715
272 0.907117
273 0.907238
274 0.907426
275 0.907649
276 0.907613
277 0.907872
278 0.90799
279 0.907944
280 0.908588
281 0.908473
282 0.908676
283 0.908975
284 0.909171
285 0.909
286 0.909131
287 0.909403
288 0.909235
289 0.909652
290 0.909646
291 0.909664
292 0.909881
293 0.910249
294 0.910513
295 0.910341
296 0.910878
297 0.910712
298 0.910912
299 0.911017
300 0.911314
301 0.911343
302 0.911422
303 0.91172
304 0.911681
305 0.911868
306 0.911801
307 0.911875
308 0.91253
309 0.912323
310 0.912495
311 0.912684
312 0.912672
313 0.912817
314 0.91267
315 0.913052
316 0.912885
317 0.913294
318 0.913587
319 0.913372
320 0.913766
321 0.913511
322 0.913686
323 0.91387
324 0.91403
325 0.914329
326 0.914436
327 0.914168
328 0.914422
329 0.914637
330 0.914895
331 0.91494
332 0.914807
333 0.915074
334 0.915161
335 0.915277
336 0.915471
337 0.915364
338 0.91546
339 0.915612
340 0.91571
341 0.915635
342 0.916487
343 0.916165
344 0.916528
345 0.916393
346 0.916484
347 0.916794
348 0.916622
349 0.917044
350 0.916774
351 0.916851
352 0.917217
353 0.917524
354 0.917468
355 0.917454
356 0.917371
357 0.917857
358 0.917953
359 0.917878
360 0.918058
361 0.917671
362 0.918005
363 0.918243
364 0.918291
365 0.918526
366 0.918947
367 0.918558
368 0.918836
369 0.91897
370 0.918932
371 0.919027
372 0.91921
373 0.919487
374 0.919317
375 0.919359
376 0.919638
377 0.919488
378 0.919846
379 0.919745
380 0.919953
381 0.919955
382 0.9198
383 0.920351
384 0.920625
385 0.919797
386 0.920615
387 0.920644
388 0.920509
389 0.920743
390 0.920611
391 0.920745
392 0.920616
393 0.920849
394 0.921042
395 0.92123
396 0.921226
397 0.921549
398 0.921419
399 0.921122
400 0.921772
