1 0.5
2 0.408163
3 0.372509
4 0.288434
5 0.299845
6 0.271807
7 0.263451
8 0.260078
9 0.253751
10 0.251236
11 0.247212
12 0.245988
13 0.245074
14 0.244471
15 0.244147
16 0.243831
17 0.243423
18 0.243076
19 0.243101
20 0.242838
21 0.242715
22 0.242646
23 0.242688
24 0.242379
25 0.242369
26 0.242273
27 0.242408
28 0.242061
29 0.242271
30 0.241953
31 0.241939
32 0.241718
33 0.241815
34 0.241643
35 0.241688
36 0.241527
37 0.24168
38 0.241542
39 0.241653
40 0.241566
41 0.241337
42 0.241454
43 0.241336
44 0.241373
45 0.241384
46 0.241244
47 0.241237
48 0.241212
49 0.241191
50 0.241007
51 0.241053
52 0.24096
53 0.241086
54 0.241035
55 0.241012
56 0.240944
57 0.241045
58 0.240817
59 0.240916
60 0.240817
61 0.240866
62 0.240705
63 0.240727
64 0.240523
65 0.240696
66 0.240703
67 0.240706
68 0.24069
69 0.240586
70 0.240564
71 0.240585
72 0.240399
73 0.24034
74 0.240474
75 0.240354
76 0.240452
77 0.240338
78 0.240411
79 0.24035
80 0.240378
81 0.240329
82 0.240253
83 0.240292
84 0.240201
85 0.240066
86 0.240232
87 0.240278
88 0.240101
89 0.240222
90 0.240113
91 0.240152
92 0.240107
93 0.240183
94 0.240074
95 0.240027
96 0.239915
97 0.240048
98 0.239934
99 0.239978
100 0.239901
101 0.239921
102 0.239833
103 0.239925
104 0.239819
105 0.239871
106 0.239755
107 0.239771
108 0.239758
109 0.239709
110 0.239753
111 0.23975
112 0.239731
113 0.239648
114 0.23963
115 0.239732
116 0.23968
117 0.239735
118 0.239617
119 0.239614
120 0.239634
121 0.239598
122 0.239577
123 0.239503
124 0.239506
125 0.239464
126 0.239443
127 0.239386
128 0.239473
129 0.239543
130 0.239516
131 0.239389
132 0.239397
133 0.239362
134 0.23943
135 0.239366
136 0.239405
137 0.239342
138 0.239322
139 0.239331
140 0.239266
141 0.239336
142 0.239323
143 0.239317
144 0.239343
145 0.239298
146 0.239298
147 0.239142
148 0.239203
149 0.239128
150 0.239175
151 0.239149
152 0.239187
153 0.239183
154 0.23914
155 0.23919
156 0.239092
157 0.239101
158 0.239109
159 0.239122
160 0.239121
161 0.239106
162 0.239059
163 0.239049
164 0.239049
165 0.239046
166 0.23908
167 0.239073
168 0.23897
169 0.238882
170 0.238819
171 0.239154
172 0.238972
173 0.238984
174 0.238977
175 0.238946
176 0.239002
177 0.238942
178 0.239014
179 0.238928
180 0.238928
181 0.238843
182 0.238888
183 0.238878
184 0.238887
185 0.238851
186 0.238913
187 0.238846
188 0.23878
189 0.238803
190 0.238762
191 0.238856
192 0.238683
193 0.238763
194 0.238775
195 0.238853
196 0.238769
197 0.238827
198 0.238807
199 0.238662
200 0.238731
201 0.238721
202 0.238655
203 0.238726
204 0.238768
205 0.238581
206 0.238715
207 0.23867
208 0.238643
209 0.23865
210 0.238647
211 0.238668
212 0.238594
213 0.238655
214 0.238584
215 0.238659
216 0.238592
217 0.238586
218 0.238563
219 0.238585
220 0.238631
221 0.238593
222 0.238619
223 0.238565
224 0.238578
225 0.238566
226 0.238566
227 0.238587
228 0.238478
229 0.238554
230 0.2385
231 0.238446
232 0.238516
233 0.238516
234 0.238516
235 0.238425
236 0.23847
237 0.238433
238 0.238451
239 0.238458
240 0.238444
241 0.23835
242 0.238448
243 0.238465
244 0.23841
245 0.238424
246 0.23838
247 0.238369
248 0.238434
249 0.238396
250 0.238365
251 0.238366
252 0.238326
253 0.238323
254 0.238302
255 0.238249
256 0.238351
257 0.238401
258 0.23835
259 0.238327
260 0.238298
261 0.238297
262 0.238298
263 0.238359
264 0.238321
265 0.238251
266 0.238298
267 0.238315
268 0.238321
269 0.238265
270 0.238347
271 0.238232
272 0.238275
273 0.238352
274 0.238269
275 0.238253
276 0.238233
277 0.238241
278 0.238212
279 0.2382
280 0.238169
281 0.238188
282 0.238237
283 0.23822
284 0.238195
285 0.23817
286 0.238159
287 0.238144
288 0.238191
289 0.238134
290 0.238152
291 0.238114
292 0.238209
293 0.238126
294 0.238141
295 0.238123
296 0.238106
297 0.238124
298 0.238156
299 0.238134
300 0.238094
301 0.238057
302 0.238066
303 0.238096
304 0.23809
305 0.238086
306 0.238047
307 0.237962
308 0.238024
309 0.238055
310 0.238029
311 0.238022
312 0.238047
313 0.238043
314 0.238066
315 0.238052
316 0.238019
317 0.237996
318 0.238049
319 0.238012
320 0.237956
321 0.238005
322 0.238023
323 0.238001
324 0.238004
325 0.238012
326 0.237979
327 0.23794
328 0.237983
329 0.237932
330 0.237957
331 0.237914
332 0.238021
333 0.237986
334 0.237963
335 0.23795
336 0.237952
337 0.237916
338 0.237926
339 0.237926
340 0.237971
341 0.238049
342 0.237873
343 0.237904
344 0.237919
345 0.237967
346 0.237835
347 0.237903
348 0.237841
349 0.237894
350 0.237866
351 0.237934
352 0.237852
353 0.237862
354 0.237855
355 0.237849
356 0.237902
357 0.237845
358 0.237838
359 0.237825
360 0.237839
361 0.237907
362 0.237817
363 0.23781
364 0.237827
365 0.237803
366 0.237841
367 0.237831
368 0.237781
369 0.237774
370 0.237804
371 0.237796
372 0.237796
373 0.237775
374 0.237828
375 0.237786
376 0.237756
377 0.237837
378 0.237753
379 0.237755
380 0.237763
381 0.237804
382 0.237759
383 0.23777
384 0.237772
385 0.237795
386 0.237763
387 0.237746
388 0.237708
389 0.237695
390 0.237768
391 0.237718
392 0.237706
393 0.237706
394 0.237774
395 0.237741
396 0.237727
397 0.237711
398 0.237699
399 0.237673
400 0.237727
