1 0.500061
2 0.499933
3 0.500195
4 0.500175
5 0.499981
6 0.499939
7 0.500162
8 0.500152
9 0.500087
10 0.500089
11 0.50015
12 0.501451
13 0.503332
14 0.504658
15 0.506689
16 0.508508
17 0.510191
18 0.51194
19 0.513605
20 0.515201
21 0.516732
22 0.518342
23 0.519794
24 0.521201
25 0.522533
26 0.523904
27 0.525229
28 0.52636
29 0.527568
30 0.528679
31 0.529876
32 0.530975
33 0.531996
34 0.532934
35 0.534003
36 0.534923
37 0.535935
38 0.536678
39 0.537535
40 0.53839
41 0.539224
42 0.539963
43 0.540794
44 0.541474
45 0.542335
46 0.542992
47 0.543655
48 0.544307
49 0.545013
50 0.545612
51 0.546197
52 0.546793
53 0.547347
54 0.548006
55 0.548517
56 0.549074
57 0.549584
58 0.550096
59 0.550726
60 0.551054
61 0.55167
62 0.552079
63 0.552635
64 0.553067
65 0.55346
66 0.553956
67 0.554391
68 0.554794
69 0.555185
70 0.555624
71 0.556024
72 0.556465
73 0.556748
74 0.557175
75 0.557578
76 0.557944
77 0.558316
78 0.558563
79 0.55895
80 0.559279
81 0.559569
82 0.5599
83 0.560191
84 0.560555
85 0.560725
86 0.56117
87 0.561453
88 0.56172
89 0.562016
90 0.562331
91 0.562542
92 0.562918
93 0.5631
94 0.563505
95 0.563718
96 0.563838
97 0.564255
98 0.564485
99 0.564635
100 0.564984
101 0.565178
102 0.565389
103 0.565699
104 0.565876
105 0.566093
106 0.566331
107 0.566542
108 0.566764
109 0.567064
110 0.567214
111 0.567359
112 0.567692
113 0.567809
114 0.567948
115 0.56825
116 0.568343
117 0.568563
118 0.568771
119 0.568923
120 0.569184
121 0.569379
122 0.569522
123 0.569727
124 0.569916
125 0.570082
126 0.570225
127 0.570414
128 0.570592
129 0.570739
130 0.570924
131 0.571063
132 0.571182
133 0.57142
134 0.571576
135 0.57172
136 0.571813
137 0.572038
138 0.57217
139 0.572371
140 0.572448
141 0.572621
142 0.572728
143 0.572893
144 0.573088
145 0.57314
146 0.573325
147 0.573424
148 0.57357
149 0.573694
150 0.573804
151 0.573997
152 0.57415
153 0.574209
154 0.574361
155 0.574485
156 0.574554
157 0.574733
158 0.574871
159 0.574962
160 0.575068
161 0.575159
162 0.575321
163 0.575498
164 0.575529
165 0.575692
166 0.57575
167 0.575966
168 0.57602
169 0.576164
170 0.576142
171 0.576326
172 0.576544
173 0.576507
174 0.576656
175 0.57676
176 0.576851
177 0.576988
178 0.577046
179 0.577275
180 0.577235
181 0.577354
182 0.577438
183 0.577571
184 0.577654
185 0.577783
186 0.577925
187 0.577911
188 0.578
189 0.578104
190 0.578255
191 0.578288
192 0.578407
193 0.578511
194 0.57858
195 0.57863
196 0.578755
197 0.578847
198 0.578889
199 0.578964
200 0.579035
201 0.579183
202 0.579222
203 0.579328
204 0.579418
205 0.579378
206 0.579585
207 0.57959
208 0.57971
209 0.579812
210 0.579928
211 0.579947
212 0.580008
213 0.580104
214 0.580152
215 0.580267
216 0.580357
217 0.58042
218 0.580456
219 0.580569
220 0.580578
221 0.580693
222 0.580762
223 0.580799
224 0.580931
225 0.581015
226 0.581055
227 0.581141
228 0.581047
229 0.581288
230 0.58136
231 0.581412
232 0.581498
233 0.581541
234 0.58159
235 0.581657
236 0.581727
237 0.581785
238 0.581775
239 0.581891
240 0.581986
241 0.582042
242 0.582113
243 0.582109
244 0.582236
245 0.582277
246 0.582328
247 0.582374
248 0.582449
249 0.582456
250 0.582616
251 0.58258
252 0.582659
253 0.582766
254 0.582761
255 0.582862
256 0.582896
257 0.583024
258 0.582988
259 0.583026
260 0.583138
261 0.583178
262 0.583263
263 0.583249
264 0.583287
265 0.583414
266 0.583448
267 0.583428
268 0.583507
269 0.583594
270 0.583628
271 0.583685
272 0.583745
273 0.583766
274 0.583846
275 0.583909
276 0.583965
277 0.583948
278 0.584001
279 0.584105
280 0.584174
281 0.584229
282 0.584274
283 0.584331
284 0.584386
285 0.584433
286 0.584458
287 0.584491
288 0.584537
289 0.584578
290 0.584667
291 0.584613
292 0.584692
293 0.584805
294 0.584781
295 0.584776
296 0.584868
297 0.584888
298 0.584925
299 0.584997
300 0.585044
301 0.58508
302 0.585122
303 0.585166
304 0.585221
305 0.585224
306 0.585274
307 0.585401
308 0.5854
309 0.585366
310 0.585462
311 0.585532
312 0.585468
313 0.585547
314 0.585682
315 0.58565
316 0.585725
317 0.58573
318 0.585747
319 0.58577
320 0.585855
321 0.585899
322 0.585845
323 0.58599
324 0.585962
325 0.586039
326 0.586033
327 0.586096
328 0.586165
329 0.586143
330 0.586264
331 0.586328
332 0.58628
333 0.586267
334 0.586365
335 0.586397
336 0.586483
337 0.586482
338 0.586463
339 0.586599
340 0.586566
341 0.586623
342 0.58665
343 0.586708
344 0.586733
345 0.586718
346 0.586793
347 0.586847
348 0.586831
349 0.586888
350 0.586961
351 0.586947
352 0.586984
353 0.586982
354 0.587055
355 0.587065
356 0.587139
357 0.58716
358 0.587195
359 0.587169
360 0.587209
361 0.587253
362 0.587346
363 0.587343
364 0.587329
365 0.587417
366 0.587452
367 0.587439
368 0.587508
369 0.587561
370 0.587513
371 0.587515
372 0.587603
373 0.587617
374 0.587653
375 0.587673
376 0.587742
377 0.587727
378 0.587755
379 0.587752
380 0.587857
381 0.587843
382 0.587862
383 0.587874
384 0.587942
385 0.587939
386 0.587996
387 0.588005
388 0.588037
389 0.588099
390 0.58813
391 0.588133
392 0.588108
393 0.588184
394 0.588202
395 0.588206
396 0.588221
397 0.58835
398 0.588344
399 0.58833
400 0.588353
