1 0.500001
2 0.5
3 0.5
4 0.5
5 0.5
6 0.5
7 0.5
8 0.5
9 0.5
10 0.5
11 0.5
12 0.499733
13 0.499356
14 0.499394
15 0.498898
16 0.498656
17 0.498592
18 0.498174
19 0.498032
20 0.49803
21 0.497634
22 0.497398
23 0.497312
24 0.497069
25 0.496894
26 0.496813
27 0.496517
28 0.496492
29 0.496331
30 0.496132
31 0.496014
32 0.495846
33 0.495779
34 0.495544
35 0.495335
36 0.495375
37 0.495247
38 0.495177
39 0.495146
40 0.495019
41 0.495036
42 0.494797
43 0.494767
44 0.494764
45 0.494619
46 0.494448
47 0.494416
48 0.494335
49 0.494206
50 0.494263
51 0.49403
52 0.49395
53 0.49398
54 0.493831
55 0.493914
56 0.49376
57 0.493703
58 0.493689
59 0.493545
60 0.493419
61 0.493527
62 0.49339
63 0.493346
64 0.49327
65 0.493351
66 0.493195
67 0.493148
68 0.493088
69 0.493118
70 0.492982
71 0.493047
72 0.493013
73 0.492821
74 0.492914
75 0.49274
76 0.492823
77 0.49273
78 0.492712
79 0.492624
80 0.492682
81 0.492485
82 0.492397
83 0.492531
84 0.492495
85 0.492342
86 0.492449
87 0.492353
88 0.492289
89 0.492213
90 0.492201
91 0.492294
92 0.492208
93 0.492341
94 0.49209
95 0.492247
96 0.492082
97 0.491998
98 0.49219
99 0.49199
100 0.492062
101 0.491982
102 0.491981
103 0.491921
104 0.491797
105 0.49195
106 0.491878
107 0.491874
108 0.491962
109 0.491899
110 0.491864
111 0.491751
112 0.491701
113 0.491816
114 0.491695
115 0.491566
116 0.491745
117 0.49169
118 0.491492
119 0.491496
120 0.491661
121 0.491486
122 0.491607
123 0.491549
124 0.491471
125 0.491418
126 0.491388
127 0.491389
128 0.491359
129 0.491542
130 0.491486
131 0.491548
132 0.491634
133 0.491467
134 0.491353
135 0.491327
136 0.491339
137 0.491207
138 0.491423
139 0.4913
140 0.49132
141 0.491265
142 0.491287
143 0.49116
144 0.491273
145 0.491221
146 0.491348
147 0.491336
148 0.491197
149 0.490991
150 0.491142
151 0.491178
152 0.490909
153 0.491122
154 0.491053
155 0.491041
156 0.491122
157 0.491075
158 0.49097
159 0.490944
160 0.49092
161 0.491061
162 0.491068
163 0.491032
164 0.49094
165 0.490927
166 0.490962
167 0.491176
168 0.490932
169 0.491003
170 0.491
171 0.49101
172 0.491185
173 0.491022
174 0.490782
175 0.490939
176 0.490873
177 0.490936
178 0.490916
179 0.490985
180 0.49056
181 0.490948
182 0.490914
183 0.490974
184 0.490797
185 0.490703
186 0.490984
187 0.490899
188 0.490864
189 0.490997
190 0.490864
191 0.490856
192 0.491002
193 0.490655
194 0.49079
195 0.490738
196 0.490638
197 0.490752
198 0.490719
199 0.490558
200 0.49059
201 0.490709
202 0.490792
203 0.490641
204 0.49097
205 0.490843
206 0.490879
207 0.490787
208 0.490747
209 0.490636
210 0.490617
211 0.490692
212 0.490674
213 0.490649
214 0.49075
215 0.490736
216 0.490569
217 0.490638
218 0.490575
219 0.490689
220 0.490739
221 0.490705
222 0.490615
223 0.490432
224 0.490588
225 0.490665
226 0.490591
227 0.490449
228 0.49057
229 0.49054
230 0.49066
231 0.49053
232 0.490669
233 0.490636
234 0.49057
235 0.49066
236 0.490562
237 0.490573
238 0.490619
239 0.490539
240 0.490445
241 0.490784
242 0.490568
243 0.490399
244 0.490518
245 0.490505
246 0.490544
247 0.490648
248 0.490402
249 0.49068
250 0.490511
251 0.490559
252 0.490484
253 0.490477
254 0.490472
255 0.490407
256 0.490486
257 0.490386
258 0.490359
259 0.490367
260 0.490624
261 0.490415
262 0.490548
263 0.490473
264 0.490429
265 0.490467
266 0.490377
267 0.490526
268 0.490507
269 0.490517
270 0.490379
271 0.490591
272 0.49044
273 0.490277
274 0.490406
275 0.490339
276 0.490319
277 0.49036
278 0.490363
279 0.490263
280 0.49048
281 0.490407
282 0.490372
283 0.49025
284 0.490411
285 0.490371
286 0.490344
287 0.490363
288 0.490226
289 0.490324
290 0.490323
291 0.490415
292 0.490439
293 0.490349
294 0.490374
295 0.49037
296 0.49022
297 0.49035
298 0.490295
299 0.490291
300 0.49045
301 0.490398
302 0.490146
303 0.49017
304 0.490314
305 0.490308
306 0.490423
307 0.49034
308 0.490195
309 0.490317
310 0.490244
311 0.490302
312 0.490468
313 0.490269
314 0.490258
315 0.490265
316 0.490196
317 0.490297
318 0.490294
319 0.490607
320 0.490353
321 0.490093
322 0.490296
323 0.4902
324 0.490206
325 0.490235
326 0.490395
327 0.490233
328 0.490227
329 0.490261
330 0.490284
331 0.490139
332 0.490172
333 0.49034
334 0.490224
335 0.490232
336 0.490166
337 0.490235
338 0.490467
339 0.490396
340 0.490298
341 0.490353
342 0.490093
343 0.49035
344 0.490152
345 0.490184
346 0.4903
347 0.490364
348 0.490321
349 0.490262
350 0.490107
351 0.490107
352 0.490113
353 0.490235
354 0.490044
355 0.490354
356 0.490022
357 0.490173
358 0.490174
359 0.490259
360 0.490254
361 0.490164
362 0.49023
363 0.490217
364 0.490048
365 0.490258
366 0.490389
367 0.490298
368 0.489961
369 0.490218
370 0.490297
371 0.49027
372 0.49023
373 0.490133
374 0.490134
375 0.490195
376 0.490048
377 0.490263
378 0.490243
379 0.490171
380 0.490166
381 0.490176
382 0.489955
383 0.490248
384 0.490194
385 0.490033
386 0.490317
387 0.490129
388 0.490049
389 0.490144
390 0.490101
391 0.490165
392 0.490281
393 0.490307
394 0.489997
395 0.490191
396 0.490178
397 0.490047
398 0.490312
399 0.490279
400 0.49007
