1 0.909087
2 0.909087
3 0.909087
4 0.909087
5 0.909087
6 0.909087
7 0.909087
8 0.909087
9 0.909087
10 0.909087
11 0.909087
12 0.909087
13 0.909087
14 0.909087
15 0.909087
16 0.909087
17 0.909087
18 0.909087
19 0.909087
20 0.909087
21 0.909087
22 0.909087
23 0.909087
24 0.909087
25 0.909087
26 0.909087
27 0.909087
28 0.909087
29 0.909087
30 0.909087
31 0.909087
32 0.909087
33 0.909087
34 0.909087
35 0.909087
36 0.909087
37 0.909087
38 0.909087
39 0.909087
40 0.909087
41 0.909087
42 0.909087
43 0.909087
44 0.909087
45 0.909087
46 0.909087
47 0.909087
48 0.909087
49 0.909087
50 0.909087
51 0.909087
52 0.909087
53 0.909087
54 0.909087
55 0.909087
56 0.909087
57 0.909087
58 0.909087
59 0.909087
60 0.909087
61 0.909087
62 0.909087
63 0.909087
64 0.909087
65 0.909087
66 0.909087
67 0.909087
68 0.909087
69 0.909087
70 0.909087
71 0.909087
72 0.909087
73 0.909087
74 0.909087
75 0.909087
76 0.909087
77 0.909087
78 0.909087
79 0.909087
80 0.909087
81 0.909087
82 0.909087
83 0.909087
84 0.909087
85 0.909087
86 0.909087
87 0.909087
88 0.909087
89 0.909087
90 0.909087
91 0.909087
92 0.909087
93 0.909087
94 0.909087
95 0.909087
96 0.909087
97 0.909087
98 0.909087
99 0.909087
100 0.909087
101 0.909087
102 0.909087
103 0.909087
104 0.909087
105 0.909087
106 0.909087
107 0.909087
108 0.909087
109 0.909087
110 0.909087
111 0.909087
112 0.909087
113 0.909087
114 0.909087
115 0.909087
116 0.909087
117 0.909087
118 0.909087
119 0.909087
120 0.909087
121 0.909087
122 0.909087
123 0.909087
124 0.909087
125 0.909087
126 0.909087
127 0.909087
128 0.909087
129 0.909087
130 0.909087
131 0.909087
132 0.909087
133 0.909087
134 0.909087
135 0.909087
136 0.909087
137 0.909087
138 0.909087
139 0.909087
140 0.909087
141 0.909087
142 0.909087
143 0.909087
144 0.909087
145 0.909087
146 0.909087
147 0.909087
148 0.909087
149 0.909087
150 0.909087
151 0.909087
152 0.909087
153 0.909087
154 0.909087
155 0.909087
156 0.909087
157 0.909087
158 0.909087
159 0.909087
160 0.909087
161 0.909087
162 0.909087
163 0.909087
164 0.909087
165 0.909087
166 0.909087
167 0.909087
168 0.909087
169 0.909087
170 0.909087
171 0.909087
172 0.909087
173 0.909087
174 0.909087
175 0.909087
176 0.909087
177 0.909087
178 0.909087
179 0.909087
180 0.909087
181 0.909087
182 0.909087
183 0.909087
184 0.909087
185 0.909087
186 0.909087
187 0.909087
188 0.909087
189 0.909087
190 0.909087
191 0.909087
192 0.909087
193 0.909087
194 0.909087
195 0.909087
196 0.909087
197 0.909087
198 0.909087
199 0.909087
200 0.909087
201 0.909087
202 0.909087
203 0.909087
204 0.909087
205 0.909087
206 0.909087
207 0.909087
208 0.909087
209 0.909087
210 0.909087
211 0.909087
212 0.909087
213 0.909087
214 0.909087
215 0.909087
216 0.909087
217 0.909087
218 0.909087
219 0.909087
220 0.909087
221 0.909087
222 0.909087
223 0.909087
224 0.909087
225 0.909087
226 0.909087
227 0.909087
228 0.909087
229 0.909087
230 0.909087
231 0.909087
232 0.909087
233 0.909087
234 0.909087
235 0.909087
236 0.909087
237 0.909087
238 0.909087
239 0.909087
240 0.909087
241 0.909087
242 0.909087
243 0.909087
244 0.909087
245 0.909087
246 0.909087
247 0.909087
248 0.909087
249 0.909087
250 0.909087
251 0.909087
252 0.909087
253 0.909087
254 0.909087
255 0.909087
256 0.909087
257 0.909087
258 0.909087
259 0.909087
260 0.909087
261 0.909087
262 0.909087
263 0.909087
264 0.909087
265 0.909087
266 0.909087
267 0.909087
268 0.909087
269 0.909087
270 0.909087
271 0.909087
272 0.909087
273 0.909087
274 0.909087
275 0.909087
276 0.909087
277 0.909087
278 0.909087
279 0.909087
280 0.909087
281 0.909087
282 0.909087
283 0.909087
284 0.909087
285 0.909087
286 0.909087
287 0.909087
288 0.909087
289 0.909087
290 0.909087
291 0.909087
292 0.909087
293 0.909087
294 0.909087
295 0.909087
296 0.909087
297 0.909087
298 0.909087
299 0.909087
300 0.909087
301 0.909087
302 0.909087
303 0.909087
304 0.909087
305 0.909087
306 0.909087
307 0.909087
308 0.909087
309 0.909087
310 0.909087
311 0.909087
312 0.909087
313 0.909087
314 0.909087
315 0.909087
316 0.909087
317 0.909087
318 0.909087
319 0.909087
320 0.909087
321 0.909087
322 0.909087
323 0.909087
324 0.909087
325 0.909087
326 0.909087
327 0.909087
328 0.909087
329 0.909087
330 0.909087
331 0.909087
332 0.909087
333 0.909087
334 0.909087
335 0.909087
336 0.909087
337 0.909087
338 0.909087
339 0.909087
340 0.909087
341 0.909087
342 0.909087
343 0.909087
344 0.909087
345 0.909087
346 0.909087
347 0.909087
348 0.909087
349 0.909087
350 0.909087
351 0.909087
352 0.909087
353 0.909087
354 0.909087
355 0.909087
356 0.909087
357 0.909087
358 0.909087
359 0.909087
360 0.909087
361 0.909087
362 0.909087
363 0.909087
364 0.909087
365 0.909087
366 0.909087
367 0.909087
368 0.909087
369 0.909087
370 0.909087
371 0.909087
372 0.909087
373 0.909087
374 0.909087
375 0.909087
376 0.909087
377 0.909087
378 0.909087
379 0.909087
380 0.909087
381 0.909087
382 0.909087
383 0.909087
384 0.909087
385 0.909087
386 0.909087
387 0.909087
388 0.909087
389 0.909087
390 0.909087
391 0.909087
392 0.909087
393 0.909087
394 0.909087
395 0.909087
396 0.909087
397 0.909087
398 0.909087
399 0.909087
400 0.909087
