1 0.09986
2 0.100002
3 0.100093
4 0.100024
5 0.0999965
6 0.099996
7 0.099975
8 0.099969
9 0.0999714
10 0.100042
11 0.099967
12 0.099953
13 0.0999694
14 0.100008
15 0.0999969
16 0.100011
17 0.10001
18 0.0999937
19 0.0999952
20 0.100042
21 0.100002
22 0.100008
23 0.100006
24 0.100016
25 0.100092
26 0.100051
27 0.101708
28 0.104181
29 0.106874
30 0.109701
31 0.112386
32 0.115043
33 0.117528
34 0.119946
35 0.122231
36 0.124384
37 0.126382
38 0.128329
39 0.130161
40 0.131954
41 0.133762
42 0.135602
43 0.137655
44 0.140099
45 0.143413
46 0.146568
47 0.149595
48 0.152537
49 0.155401
50 0.158229
51 0.160941
52 0.163653
53 0.166276
54 0.168862
55 0.17134
56 0.173791
57 0.176198
58 0.178514
59 0.180776
60 0.182992
61 0.185142
62 0.187219
63 0.189285
64 0.191233
65 0.193174
66 0.195011
67 0.196858
68 0.198613
69 0.200354
70 0.202045
71 0.203635
72 0.205149
73 0.206599
74 0.20805
75 0.209457
76 0.210821
77 0.21211
78 0.213363
79 0.214563
80 0.215659
81 0.216725
82 0.217702
83 0.218614
84 0.219505
85 0.220315
86 0.221067
87 0.221754
88 0.222371
89 0.222894
90 0.22343
91 0.223924
92 0.224296
93 0.224632
94 0.225003
95 0.225317
96 0.225606
97 0.22586
98 0.226118
99 0.226349
100 0.226568
101 0.226796
102 0.226983
103 0.227157
104 0.227279
105 0.227393
106 0.227453
107 0.227504
108 0.227557
109 0.227574
110 0.22758
111 0.227575
112 0.227527
113 0.227445
114 0.227403
115 0.227308
116 0.227225
117 0.227178
118 0.227093
119 0.227041
120 0.226994
121 0.226942
122 0.226907
123 0.226889
124 0.226877
125 0.226881
126 0.226904
127 0.226937
128 0.226961
129 0.227036
130 0.227108
131 0.227217
132 0.227337
133 0.227492
134 0.227634
135 0.227794
136 0.227966
137 0.228171
138 0.22838
139 0.228605
140 0.22885
141 0.229091
142 0.229368
143 0.22967
144 0.229959
145 0.230293
146 0.230655
147 0.231027
148 0.231431
149 0.231829
150 0.232257
151 0.232717
152 0.23319
153 0.23368
154 0.23421
155 0.234769
156 0.235356
157 0.23597
158 0.236629
159 0.237295
160 0.237976
161 0.238679
162 0.23942
163 0.240159
164 0.240944
165 0.241723
166 0.242513
167 0.243337
168 0.244177
169 0.245008
170 0.245891
171 0.246775
172 0.247654
173 0.248578
174 0.249504
175 0.250419
176 0.251358
177 0.252315
178 0.253276
179 0.25425
180 0.255254
181 0.25628
182 0.257324
183 0.258371
184 0.259442
185 0.260521
186 0.261606
187 0.262726
188 0.263841
189 0.264961
190 0.266096
191 0.267222
192 0.268363
193 0.269511
194 0.27066
195 0.271823
196 0.272951
197 0.274104
198 0.27526
199 0.276404
200 0.277556
201 0.278723
202 0.279874
203 0.281019
204 0.2822
205 0.28341
206 0.284504
207 0.285681
208 0.286854
209 0.288012
210 0.289188
211 0.290362
212 0.291529
213 0.292705
214 0.293877
215 0.295037
216 0.296193
217 0.29736
218 0.298513
219 0.299658
220 0.300801
221 0.301929
222 0.30306
223 0.30418
224 0.305292
225 0.306398
226 0.307501
227 0.308598
228 0.309684
229 0.310765
230 0.311839
231 0.312908
232 0.313975
233 0.315037
234 0.316095
235 0.317149
236 0.318193
237 0.319242
238 0.320268
239 0.321305
240 0.322323
241 0.323321
242 0.324354
243 0.325357
244 0.326356
245 0.327344
246 0.328328
247 0.329301
248 0.330279
249 0.331236
250 0.332206
251 0.33315
252 0.334106
253 0.33505
254 0.33598
255 0.336914
256 0.337841
257 0.338768
258 0.339679
259 0.340595
260 0.341503
261 0.342404
262 0.343305
263 0.344204
264 0.345092
265 0.345982
266 0.346862
267 0.347735
268 0.348611
269 0.349481
270 0.35034
271 0.351201
272 0.352052
273 0.352921
274 0.353745
275 0.354586
276 0.355423
277 0.356259
278 0.357086
279 0.357916
280 0.358731
281 0.35955
282 0.360364
283 0.361174
284 0.361979
285 0.36278
286 0.363576
287 0.36437
288 0.365163
289 0.365947
290 0.366729
291 0.367512
292 0.368283
293 0.369058
294 0.369827
295 0.370593
296 0.371355
297 0.372116
298 0.372873
299 0.373629
300 0.37438
301 0.375133
302 0.375875
303 0.37662
304 0.377358
305 0.378096
306 0.378827
307 0.379564
308 0.380285
309 0.381011
310 0.381731
311 0.382451
312 0.383168
313 0.383883
314 0.384596
315 0.385322
316 0.386009
317 0.386715
318 0.387418
319 0.388117
320 0.388816
321 0.389511
322 0.390205
323 0.390896
324 0.391583
325 0.39227
326 0.392955
327 0.393637
328 0.394316
329 0.39499
330 0.395666
331 0.396338
332 0.397008
333 0.397678
334 0.398343
335 0.399008
336 0.399667
337 0.400323
338 0.400986
339 0.401636
340 0.402286
341 0.402881
342 0.403567
343 0.404227
344 0.404868
345 0.405508
346 0.406143
347 0.406778
348 0.407409
349 0.408037
350 0.408665
351 0.40929
352 0.409911
353 0.410531
354 0.411152
355 0.411768
356 0.412382
357 0.412995
358 0.413606
359 0.414215
360 0.414822
361 0.415429
362 0.416032
363 0.416633
364 0.417235
365 0.417831
366 0.418428
367 0.419025
368 0.419618
369 0.420211
370 0.4208
371 0.421386
372 0.421975
373 0.422556
374 0.423138
375 0.423716
376 0.424293
377 0.424867
378 0.425439
379 0.426008
380 0.426574
381 0.427141
382 0.427696
383 0.428252
384 0.428807
385 0.42936
386 0.429911
387 0.430462
388 0.431012
389 0.431559
390 0.432102
391 0.43265
392 0.433193
393 0.433736
394 0.434275
395 0.434818
396 0.435355
397 0.435892
398 0.436428
399 0.436961
400 0.437495
