1 0.219984
2 0.203259
3 0.194849
4 0.186914
5 0.180869
6 0.175092
7 0.170513
8 0.165969
9 0.161883
10 0.158285
11 0.154774
12 0.151589
13 0.14845
14 0.145679
15 0.143219
16 0.140636
17 0.138222
18 0.136009
19 0.134067
20 0.131857
21 0.129988
22 0.128177
23 0.126292
24 0.124464
25 0.122884
26 0.121182
27 0.119594
28 0.1182
29 0.116633
30 0.115578
31 0.114168
32 0.112932
33 0.111571
34 0.110416
35 0.109086
36 0.10803
37 0.106827
38 0.105735
39 0.104616
40 0.103795
41 0.102669
42 0.101809
43 0.100595
44 0.0999664
45 0.0989694
46 0.098078
47 0.0972595
48 0.0964256
49 0.0955918
50 0.0949155
51 0.0942639
52 0.0933004
53 0.0925602
54 0.0918229
55 0.0909763
56 0.0903682
57 0.0898352
58 0.089051
59 0.0883704
60 0.0876641
61 0.0870309
62 0.0864556
63 0.0858477
64 0.0852423
65 0.0847058
66 0.08409
67 0.0835823
68 0.0830846
69 0.0826159
70 0.082025
71 0.0814615
72 0.0810538
73 0.0805602
74 0.0800779
75 0.0794604
76 0.0789257
77 0.0786398
78 0.0781867
79 0.0778322
80 0.0772806
81 0.0767665
82 0.076326
83 0.0758057
84 0.0754587
85 0.0751065
86 0.074616
87 0.0741656
88 0.073791
89 0.0733724
90 0.0731229
91 0.0726814
92 0.0722566
93 0.071871
94 0.0714704
95 0.071241
96 0.0708268
97 0.0704288
98 0.0701547
99 0.0698254
100 0.0692778
101 0.069186
102 0.0687766
103 0.0683757
104 0.0680823
105 0.0677417
106 0.0674795
107 0.0670698
108 0.0666942
109 0.0664811
110 0.0661646
111 0.0659428
112 0.0655904
113 0.0652743
114 0.0651228
115 0.0647793
116 0.0645447
117 0.0642453
118 0.0640762
119 0.0638275
120 0.0633819
121 0.0631938
122 0.0627674
123 0.0625812
124 0.0623744
125 0.0620544
126 0.061914
127 0.0615965
128 0.061386
129 0.0612232
130 0.0608611
131 0.0606611
132 0.0604546
133 0.0601011
134 0.0598471
135 0.0596495
136 0.0595068
137 0.0592519
138 0.0591092
139 0.0588896
140 0.0585978
141 0.0584058
142 0.0582925
143 0.0579503
144 0.0577607
145 0.0574247
146 0.0573487
147 0.0570575
148 0.0569221
149 0.0567336
150 0.0564591
151 0.0563912
152 0.0561143
153 0.0560653
154 0.0556545
155 0.0554879
156 0.0553122
157 0.055182
158 0.0547861
159 0.0547686
160 0.0545912
161 0.0543057
162 0.0542686
163 0.0540234
164 0.0538891
165 0.0536525
166 0.0535626
167 0.0533035
168 0.0532864
169 0.0530609
170 0.0528222
171 0.0526438
172 0.0525681
173 0.0524478
174 0.0521846
175 0.0519927
176 0.0518464
177 0.0516207
178 0.0515018
179 0.0515014
180 0.0513365
181 0.051208
182 0.0509941
183 0.0508084
184 0.0507032
185 0.0505125
186 0.0503407
187 0.0502331
188 0.0501274
189 0.0499306
190 0.0496748
191 0.0495792
192 0.0494915
193 0.0493749
194 0.0490647
195 0.0490455
196 0.0489102
197 0.0487749
198 0.0486407
199 0.0484081
200 0.0483806
201 0.0482056
202 0.0480264
203 0.0480482
204 0.0477876
205 0.0477361
206 0.0475435
207 0.0473579
208 0.0473393
209 0.0471653
210 0.0470263
211 0.0469032
212 0.0468558
213 0.0465773
214 0.046493
215 0.0464563
216 0.046309
217 0.0461878
218 0.0460085
219 0.0459447
220 0.0457421
221 0.045748
222 0.0455335
223 0.0454477
224 0.0452882
225 0.0451565
226 0.0451266
227 0.0449508
228 0.0448134
229 0.0447876
230 0.044656
231 0.0444681
232 0.0444522
233 0.0442539
234 0.044129
235 0.0440786
236 0.0439632
237 0.0439241
238 0.0437087
239 0.0436961
240 0.0434879
241 0.0434343
242 0.0433316
243 0.0432589
244 0.0430646
245 0.043085
246 0.0429121
247 0.0428036
248 0.0427886
249 0.0426312
250 0.0424577
251 0.0424269
252 0.0423447
253 0.0422717
254 0.0422407
255 0.0419768
256 0.0419476
257 0.0419161
258 0.0417779
259 0.0416213
260 0.0416106
261 0.0415713
262 0.0414217
263 0.0412404
264 0.0411572
265 0.0410672
266 0.041039
267 0.0409215
268 0.0407426
269 0.0407617
270 0.0407549
271 0.0405181
272 0.0405036
273 0.0405106
274 0.0403478
275 0.0402005
276 0.0401407
277 0.0399562
278 0.0400359
279 0.0399121
280 0.0397606
281 0.039705
282 0.0397024
283 0.0395121
284 0.0394959
285 0.0394079
286 0.0393292
287 0.0393158
288 0.0391506
289 0.0390736
290 0.0389936
291 0.0388404
292 0.0388361
293 0.0388569
294 0.0385883
295 0.0385453
296 0.038552
297 0.0384298
298 0.0382814
299 0.0383164
300 0.0381902
301 0.0381482
302 0.0380107
303 0.0378849
304 0.0379147
305 0.037832
306 0.0377169
307 0.0376637
308 0.037632
309 0.0376214
310 0.0374789
311 0.0373566
312 0.0373157
313 0.0372987
314 0.0372134
315 0.0370637
316 0.0370411
317 0.0370782
318 0.0368445
319 0.0369296
320 0.0367455
321 0.0365546
322 0.0365996
323 0.0365223
324 0.0364708
325 0.0363655
326 0.0363678
327 0.0362762
328 0.0361936
329 0.036091
330 0.0360419
331 0.0359774
332 0.0359344
333 0.0358904
334 0.0358508
335 0.0356485
336 0.035713
337 0.0356813
338 0.035408
339 0.0354622
340 0.0354527
341 0.0353685
342 0.0352677
343 0.0352523
344 0.0352032
345 0.0351511
346 0.0349879
347 0.0349612
348 0.0348715
349 0.0348276
350 0.034755
351 0.0346241
352 0.0346383
353 0.0346017
354 0.0345748
355 0.0344828
356 0.0344181
357 0.0342941
358 0.0342732
359 0.0341873
360 0.0342194
361 0.0341699
362 0.0339854
363 0.0340074
364 0.033978
365 0.033951
366 0.0338789
367 0.033762
368 0.0337293
369 0.0337211
370 0.0336071
371 0.0336329
372 0.0334845
373 0.0334288
374 0.0334069
375 0.0332342
376 0.0333243
377 0.0331912
378 0.0332309
379 0.0331221
380 0.0330845
381 0.0329393
382 0.0328703
383 0.032861
384 0.0328822
385 0.0327949
386 0.0327472
387 0.0326965
388 0.0326751
389 0.0325854
390 0.0324849
391 0.0324894
392 0.0323485
393 0.0323928
394 0.0323042
395 0.0321979
396 0.0321968
397 0.0321426
398 0.0320911
399 0.0321314
400 0.0319868
