1 0.09973
2 0.101795
3 0.103601
4 0.105483
5 0.107385
6 0.109321
7 0.111124
8 0.113026
9 0.114994
10 0.116972
11 0.118868
12 0.120798
13 0.122731
14 0.124669
15 0.12657
16 0.128424
17 0.130285
18 0.132127
19 0.133886
20 0.135683
21 0.137473
22 0.139139
23 0.140815
24 0.142514
25 0.144161
26 0.145763
27 0.147362
28 0.148887
29 0.150427
30 0.151951
31 0.153403
32 0.154873
33 0.156255
34 0.157668
35 0.159077
36 0.160447
37 0.161761
38 0.163094
39 0.164409
40 0.165663
41 0.166968
42 0.168216
43 0.169433
44 0.170615
45 0.171828
46 0.17301
47 0.174168
48 0.175329
49 0.17648
50 0.177627
51 0.178725
52 0.179859
53 0.180949
54 0.182042
55 0.183103
56 0.184178
57 0.185251
58 0.186283
59 0.187319
60 0.188351
61 0.18937
62 0.190377
63 0.191435
64 0.192409
65 0.193431
66 0.194373
67 0.195389
68 0.196349
69 0.197333
70 0.198319
71 0.19928
72 0.200233
73 0.201167
74 0.202118
75 0.203071
76 0.204009
77 0.204937
78 0.205856
79 0.206771
80 0.207676
81 0.208587
82 0.209495
83 0.210362
84 0.211267
85 0.212151
86 0.213039
87 0.213908
88 0.214786
89 0.215626
90 0.216538
91 0.217417
92 0.218254
93 0.219073
94 0.219968
95 0.220806
96 0.221646
97 0.222477
98 0.223318
99 0.224144
100 0.224978
101 0.225805
102 0.226614
103 0.227452
104 0.228258
105 0.229094
106 0.229881
107 0.230686
108 0.231488
109 0.232287
110 0.233072
111 0.233865
112 0.234644
113 0.235411
114 0.236231
115 0.236995
116 0.237772
117 0.238573
118 0.239304
119 0.240073
120 0.240838
121 0.241597
122 0.242362
123 0.243127
124 0.243875
125 0.244615
126 0.24537
127 0.246119
128 0.246851
129 0.247604
130 0.248335
131 0.249065
132 0.2498
133 0.250522
134 0.251245
135 0.251973
136 0.252691
137 0.25341
138 0.25413
139 0.254847
140 0.255563
141 0.256269
142 0.256976
143 0.257685
144 0.258384
145 0.259068
146 0.259764
147 0.260487
148 0.261176
149 0.261861
150 0.262552
151 0.263247
152 0.263919
153 0.264597
154 0.265281
155 0.265963
156 0.266635
157 0.267306
158 0.267977
159 0.268643
160 0.269305
161 0.269967
162 0.270634
163 0.27129
164 0.271942
165 0.272605
166 0.273259
167 0.273909
168 0.274558
169 0.275199
170 0.275842
171 0.27651
172 0.27714
173 0.277777
174 0.278413
175 0.279049
176 0.279681
177 0.280309
178 0.280949
179 0.281569
180 0.282194
181 0.282817
182 0.283443
183 0.284061
184 0.284676
185 0.285283
186 0.285905
187 0.286515
188 0.28712
189 0.287732
190 0.288334
191 0.288939
192 0.289536
193 0.290143
194 0.290739
195 0.291363
196 0.291932
197 0.292533
198 0.293117
199 0.293703
200 0.294295
201 0.294881
202 0.295463
203 0.296046
204 0.29662
205 0.29726
206 0.297794
207 0.29837
208 0.298945
209 0.299513
210 0.300096
211 0.300661
212 0.30123
213 0.3018
214 0.302368
215 0.302934
216 0.303496
217 0.304065
218 0.30462
219 0.305177
220 0.305737
221 0.306291
222 0.306844
223 0.307395
224 0.307947
225 0.308497
226 0.309045
227 0.309594
228 0.310134
229 0.310678
230 0.311218
231 0.311758
232 0.312296
233 0.312837
234 0.313378
235 0.313906
236 0.314431
237 0.314962
238 0.31549
239 0.316022
240 0.316544
241 0.317045
242 0.317597
243 0.318119
244 0.318646
245 0.319164
246 0.319683
247 0.320195
248 0.320715
249 0.321225
250 0.321739
251 0.322251
252 0.322763
253 0.323272
254 0.32378
255 0.324281
256 0.32479
257 0.325309
258 0.32581
259 0.326308
260 0.326815
261 0.32731
262 0.327815
263 0.328309
264 0.328804
265 0.329299
266 0.329787
267 0.330284
268 0.330775
269 0.331264
270 0.331756
271 0.332241
272 0.332727
273 0.333235
274 0.333694
275 0.33418
276 0.334666
277 0.335145
278 0.335624
279 0.336098
280 0.33658
281 0.337054
282 0.337531
283 0.338001
284 0.338473
285 0.338945
286 0.339415
287 0.339883
288 0.340351
289 0.340818
290 0.341281
291 0.341751
292 0.342215
293 0.34267
294 0.343136
295 0.343598
296 0.344058
297 0.344516
298 0.344972
299 0.345428
300 0.345883
301 0.346332
302 0.34679
303 0.347243
304 0.347692
305 0.348146
306 0.348593
307 0.34903
308 0.349486
309 0.349929
310 0.350374
311 0.350818
312 0.351261
313 0.351705
314 0.352142
315 0.352605
316 0.353021
317 0.35346
318 0.353894
319 0.354329
320 0.354762
321 0.355196
322 0.355627
323 0.356057
324 0.356487
325 0.35692
326 0.35735
327 0.357776
328 0.358205
329 0.358631
330 0.359059
331 0.359477
332 0.359906
333 0.360329
334 0.360747
335 0.361166
336 0.361585
337 0.362004
338 0.362418
339 0.36283
340 0.363242
341 0.363628
342 0.364101
343 0.364501
344 0.364911
345 0.36532
346 0.365732
347 0.36614
348 0.366547
349 0.366955
350 0.367363
351 0.367771
352 0.368173
353 0.368579
354 0.368981
355 0.369384
356 0.369791
357 0.370188
358 0.370589
359 0.370988
360 0.371387
361 0.371784
362 0.372178
363 0.372574
364 0.372974
365 0.373364
366 0.373761
367 0.374151
368 0.374543
369 0.374937
370 0.375321
371 0.375712
372 0.376105
373 0.376488
374 0.376875
375 0.37726
376 0.377648
377 0.378031
378 0.378419
379 0.378799
380 0.379182
381 0.379568
382 0.379943
383 0.380323
384 0.380701
385 0.381081
386 0.381457
387 0.381835
388 0.382209
389 0.382585
390 0.382964
391 0.383332
392 0.383705
393 0.384077
394 0.384453
395 0.384821
396 0.38519
397 0.385557
398 0.385926
399 0.386295
400 0.386661
