1 0.500899
2 0.500218
3 0.500197
4 0.500123
5 0.500084
6 0.500034
7 0.499998
8 0.49998
9 0.499985
10 0.499977
11 0.499957
12 0.50001
13 0.501252
14 0.502914
15 0.504654
16 0.506457
17 0.508276
18 0.510105
19 0.511843
20 0.513485
21 0.515057
22 0.516599
23 0.518023
24 0.519391
25 0.520714
26 0.522001
27 0.523186
28 0.524344
29 0.525445
30 0.526469
31 0.527461
32 0.528383
33 0.529277
34 0.530082
35 0.53096
36 0.531771
37 0.532586
38 0.533324
39 0.534044
40 0.534776
41 0.535471
42 0.536156
43 0.536795
44 0.537447
45 0.538086
46 0.538728
47 0.539297
48 0.539864
49 0.540443
50 0.541004
51 0.541543
52 0.542122
53 0.542635
54 0.543145
55 0.543651
56 0.544127
57 0.544569
58 0.545084
59 0.545533
60 0.545992
61 0.546444
62 0.546883
63 0.547277
64 0.547711
65 0.548114
66 0.548546
67 0.548909
68 0.549297
69 0.549677
70 0.550067
71 0.550424
72 0.550781
73 0.551189
74 0.551502
75 0.55183
76 0.552168
77 0.552516
78 0.552864
79 0.553173
80 0.5535
81 0.55381
82 0.554096
83 0.554428
84 0.554728
85 0.554962
86 0.555313
87 0.555592
88 0.555875
89 0.556144
90 0.55643
91 0.556673
92 0.556944
93 0.557232
94 0.557457
95 0.55772
96 0.557966
97 0.558218
98 0.558449
99 0.558703
100 0.558934
101 0.559174
102 0.559354
103 0.559614
104 0.559863
105 0.560072
106 0.560304
107 0.560519
108 0.560734
109 0.560948
110 0.561158
111 0.561353
112 0.561565
113 0.561775
114 0.561978
115 0.562164
116 0.562364
117 0.562557
118 0.562735
119 0.562941
120 0.563128
121 0.563315
122 0.563511
123 0.563675
124 0.563863
125 0.564033
126 0.564217
127 0.564367
128 0.564542
129 0.564723
130 0.564904
131 0.565057
132 0.565227
133 0.565392
134 0.565549
135 0.565714
136 0.565881
137 0.566044
138 0.566199
139 0.566358
140 0.56651
141 0.566653
142 0.566804
143 0.566944
144 0.567089
145 0.567234
146 0.567372
147 0.567518
148 0.567655
149 0.567802
150 0.567936
151 0.568076
152 0.568212
153 0.568348
154 0.56848
155 0.568625
156 0.568756
157 0.568883
158 0.569011
159 0.569137
160 0.56927
161 0.569396
162 0.569516
163 0.569655
164 0.569764
165 0.569888
166 0.570022
167 0.570137
168 0.570254
169 0.57037
170 0.57042
171 0.570528
172 0.570721
173 0.57084
174 0.570949
175 0.571055
176 0.571173
177 0.571286
178 0.571417
179 0.571503
180 0.571616
181 0.571731
182 0.571847
183 0.571952
184 0.572045
185 0.572158
186 0.572288
187 0.572359
188 0.572464
189 0.57256
190 0.572668
191 0.572766
192 0.572867
193 0.572968
194 0.57307
195 0.573151
196 0.573256
197 0.573333
198 0.573441
199 0.573528
200 0.573631
201 0.573725
202 0.573812
203 0.5739
204 0.573996
205 0.574056
206 0.574178
207 0.574256
208 0.57435
209 0.574442
210 0.574538
211 0.574609
212 0.574701
213 0.574785
214 0.574864
215 0.57495
216 0.575037
217 0.57512
218 0.575204
219 0.575297
220 0.57537
221 0.575446
222 0.575529
223 0.575613
224 0.575693
225 0.575775
226 0.575846
227 0.575922
228 0.576001
229 0.576073
230 0.576153
231 0.576234
232 0.576312
233 0.576383
234 0.576477
235 0.576537
236 0.576615
237 0.576686
238 0.576763
239 0.57682
240 0.576905
241 0.576986
242 0.577046
243 0.57712
244 0.577189
245 0.577258
246 0.577326
247 0.577398
248 0.577465
249 0.577538
250 0.577601
251 0.577671
252 0.577739
253 0.577805
254 0.577872
255 0.577861
256 0.577998
257 0.578133
258 0.578137
259 0.578194
260 0.578255
261 0.57832
262 0.578385
263 0.578446
264 0.578511
265 0.578571
266 0.578629
267 0.578691
268 0.578758
269 0.578824
270 0.578882
271 0.578948
272 0.578997
273 0.579047
274 0.579123
275 0.579185
276 0.579243
277 0.579298
278 0.579366
279 0.579421
280 0.579479
281 0.579541
282 0.579597
283 0.579659
284 0.579711
285 0.579771
286 0.579824
287 0.57988
288 0.579939
289 0.579992
290 0.580043
291 0.580103
292 0.580163
293 0.580224
294 0.580269
295 0.58032
296 0.580374
297 0.580434
298 0.580485
299 0.580541
300 0.580589
301 0.58064
302 0.580699
303 0.580749
304 0.580798
305 0.580848
306 0.580902
307 0.58098
308 0.580999
309 0.58105
310 0.581099
311 0.58115
312 0.581202
313 0.581257
314 0.581298
315 0.581336
316 0.581399
317 0.58144
318 0.581501
319 0.581546
320 0.581595
321 0.581641
322 0.581694
323 0.581742
324 0.581791
325 0.581839
326 0.581894
327 0.581927
328 0.581974
329 0.582014
330 0.582072
331 0.582116
332 0.582158
333 0.582201
334 0.582254
335 0.582295
336 0.582337
337 0.58238
338 0.582428
339 0.58247
340 0.582511
341 0.582588
342 0.582602
343 0.582644
344 0.582689
345 0.582732
346 0.582781
347 0.582821
348 0.582861
349 0.582901
350 0.582947
351 0.582988
352 0.583032
353 0.58307
354 0.58311
355 0.583158
356 0.583198
357 0.583238
358 0.583277
359 0.583317
360 0.58336
361 0.583398
362 0.583443
363 0.583484
364 0.583521
365 0.583562
366 0.583615
367 0.583642
368 0.583679
369 0.583717
370 0.58376
371 0.5838
372 0.583838
373 0.583874
374 0.583913
375 0.58395
376 0.583986
377 0.584024
378 0.584062
379 0.584102
380 0.584138
381 0.58417
382 0.584213
383 0.584244
384 0.584288
385 0.584327
386 0.584366
387 0.584402
388 0.584438
389 0.584475
390 0.584527
391 0.584545
392 0.584583
393 0.584618
394 0.584653
395 0.584684
396 0.584723
397 0.584762
398 0.584783
399 0.584828
400 0.58486
