1 0.5
2 0.408164
3 0.319111
4 0.269792
5 0.237971
6 0.215037
7 0.19746
8 0.187497
9 0.179495
10 0.172882
11 0.16636
12 0.16043
13 0.15514
14 0.150414
15 0.147994
16 0.145018
17 0.142815
18 0.140063
19 0.139244
20 0.137361
21 0.135535
22 0.134827
23 0.134221
24 0.133048
25 0.131829
26 0.131233
27 0.131469
28 0.129397
29 0.128853
30 0.12816
31 0.127304
32 0.125879
33 0.126021
34 0.124781
35 0.124618
36 0.123815
37 0.123426
38 0.122392
39 0.122183
40 0.121477
41 0.120521
42 0.120338
43 0.11977
44 0.119303
45 0.119369
46 0.118914
47 0.118348
48 0.118073
49 0.117062
50 0.117195
51 0.116254
52 0.11638
53 0.116862
54 0.116452
55 0.115689
56 0.115558
57 0.116419
58 0.114833
59 0.114412
60 0.114396
61 0.114138
62 0.113587
63 0.113416
64 0.112261
65 0.112779
66 0.112313
67 0.111721
68 0.111332
69 0.111305
70 0.111462
71 0.110943
72 0.111182
73 0.109241
74 0.110382
75 0.11045
76 0.110597
77 0.109977
78 0.110016
79 0.109655
80 0.109602
81 0.109591
82 0.109178
83 0.109507
84 0.108997
85 0.107264
86 0.108643
87 0.108717
88 0.108633
89 0.109049
90 0.108604
91 0.108915
92 0.108133
93 0.108532
94 0.10811
95 0.107356
96 0.107552
97 0.107565
98 0.106961
99 0.107325
100 0.107341
101 0.107034
102 0.106025
103 0.107199
104 0.106253
105 0.107074
106 0.106525
107 0.105973
108 0.106546
109 0.106085
110 0.106387
111 0.105982
112 0.10578
113 0.105707
114 0.105199
115 0.105822
116 0.105629
117 0.105991
118 0.104983
119 0.1051
120 0.105031
121 0.105058
122 0.105296
123 0.104641
124 0.104869
125 0.104398
126 0.104692
127 0.104228
128 0.10462
129 0.105062
130 0.104676
131 0.104247
132 0.104095
133 0.103933
134 0.103927
135 0.104421
136 0.104004
137 0.103691
138 0.103649
139 0.103972
140 0.103652
141 0.103757
142 0.103707
143 0.103629
144 0.103669
145 0.10318
146 0.103874
147 0.102964
148 0.103124
149 0.10307
150 0.103179
151 0.102716
152 0.103092
153 0.10324
154 0.102725
155 0.102889
156 0.102357
157 0.102745
158 0.102254
159 0.102949
160 0.102248
161 0.102554
162 0.102571
163 0.102449
164 0.102022
165 0.102176
166 0.102601
167 0.102415
168 0.101867
169 0.101684
170 0.100829
171 0.102717
172 0.102181
173 0.101859
174 0.10158
175 0.101285
176 0.101505
177 0.101586
178 0.101835
179 0.101445
180 0.101565
181 0.101052
182 0.101687
183 0.101456
184 0.101372
185 0.100845
186 0.101725
187 0.100876
188 0.101437
189 0.101028
190 0.100814
191 0.100993
192 0.100411
193 0.100759
194 0.100981
195 0.101387
196 0.100536
197 0.100863
198 0.100747
199 0.10041
200 0.100524
201 0.100041
202 0.1002
203 0.10024
204 0.100466
205 0.0989197
206 0.100121
207 0.100021
208 0.100075
209 0.100091
210 0.100297
211 0.0999997
212 0.0999206
213 0.0998099
214 0.0994576
215 0.0997529
216 0.100063
217 0.0997272
218 0.0998049
219 0.0996372
220 0.0998663
221 0.0996985
222 0.0996189
223 0.0998502
224 0.0993994
225 0.0997472
226 0.0994702
227 0.0995777
228 0.099232
229 0.099355
230 0.0993382
231 0.0990802
232 0.0996782
233 0.0992914
234 0.0992998
235 0.0995845
236 0.0992752
237 0.0987331
238 0.0991965
239 0.0991608
240 0.0988221
241 0.0980488
242 0.0991983
243 0.0989725
244 0.0989074
245 0.0986416
246 0.0983299
247 0.0983741
248 0.0987886
249 0.0985394
250 0.0980485
251 0.0976123
252 0.0976581
253 0.0971931
254 0.0969755
255 0.0962846
256 0.0980507
257 0.0995196
258 0.0989101
259 0.098242
260 0.0980999
261 0.0981275
262 0.0972746
263 0.0975854
264 0.0975127
265 0.0975109
266 0.0972556
267 0.0976077
268 0.0973769
269 0.0972265
270 0.0976395
271 0.0972627
272 0.0971799
273 0.0980613
274 0.0972189
275 0.0973411
276 0.0970529
277 0.0973986
278 0.0972183
279 0.0972511
280 0.0972615
281 0.0972854
282 0.0973341
283 0.0970341
284 0.0972697
285 0.0970713
286 0.0972201
287 0.096937
288 0.0971385
289 0.0968802
290 0.0967814
291 0.0970366
292 0.0972817
293 0.096568
294 0.0969057
295 0.0972449
296 0.0967977
297 0.0967583
298 0.09679
299 0.0966091
300 0.0969269
301 0.0967598
302 0.0964504
303 0.0969248
304 0.0968251
305 0.0967124
306 0.0969334
307 0.0963688
308 0.0965995
309 0.0965585
310 0.0968746
311 0.0963793
312 0.096166
313 0.0966368
314 0.0965739
315 0.0971063
316 0.0962438
317 0.0964151
318 0.0966066
319 0.0963159
320 0.0960786
321 0.0962611
322 0.0961372
323 0.096858
324 0.0966695
325 0.0963054
326 0.0962239
327 0.095639
328 0.0957666
329 0.0957514
330 0.0961313
331 0.096262
332 0.0964776
333 0.096392
334 0.0962691
335 0.0960181
336 0.0958923
337 0.0958926
338 0.0958099
339 0.0958049
340 0.0961595
341 0.0974378
342 0.095019
343 0.0957433
344 0.0958133
345 0.0959305
346 0.0957231
347 0.0960063
348 0.0957476
349 0.0956349
350 0.0956798
351 0.0960475
352 0.0956673
353 0.0957579
354 0.095757
355 0.0954565
356 0.095831
357 0.0956175
358 0.0954515
359 0.0956907
360 0.0955329
361 0.0956396
362 0.0954758
363 0.095493
364 0.0955173
365 0.0953531
366 0.0956536
367 0.0953865
368 0.095415
369 0.0954493
370 0.0954559
371 0.0952759
372 0.0956548
373 0.0952408
374 0.0954134
375 0.095036
376 0.0954031
377 0.0954337
378 0.0954356
379 0.0953378
380 0.0952577
381 0.0954577
382 0.0949798
383 0.0947737
384 0.0954271
385 0.0956776
386 0.0954365
387 0.0953587
388 0.0951391
389 0.0949833
390 0.0953384
391 0.0949252
392 0.0951579
393 0.0948284
394 0.0949591
395 0.0949676
396 0.0949654
397 0.0951297
398 0.0949101
399 0.0948486
400 0.0950579
