1 0.500239
2 0.500274
3 0.500274
4 0.500274
5 0.500274
6 0.500274
7 0.583599
8 0.625301
9 0.645862
10 0.656197
11 0.662432
12 0.664374
13 0.693075
14 0.713819
15 0.730224
16 0.744027
17 0.757292
18 0.764476
19 0.774258
20 0.782885
21 0.790617
22 0.796417
23 0.802481
24 0.807363
25 0.811381
26 0.816701
27 0.819533
28 0.822739
29 0.827258
30 0.830223
31 0.833014
32 0.836123
33 0.837965
34 0.84024
35 0.842351
36 0.84516
37 0.846925
38 0.84877
39 0.850157
40 0.852475
41 0.853587
42 0.855091
43 0.855881
44 0.857376
45 0.858744
46 0.860385
47 0.861027
48 0.862115
49 0.862472
50 0.863861
51 0.864838
52 0.865269
53 0.866357
54 0.867658
55 0.867716
56 0.868151
57 0.869085
58 0.870009
59 0.870496
60 0.871614
61 0.871973
62 0.872738
63 0.873246
64 0.873717
65 0.874333
66 0.87472
67 0.875621
68 0.875565
69 0.876341
70 0.877079
71 0.877008
72 0.877382
73 0.877676
74 0.878371
75 0.878104
76 0.878864
77 0.879482
78 0.879655
79 0.879817
80 0.87995
81 0.880371
82 0.880613
83 0.881014
84 0.880912
85 0.881672
86 0.88206
87 0.882306
88 0.881977
89 0.882498
90 0.88271
91 0.883252
92 0.883393
93 0.883671
94 0.883859
95 0.884264
96 0.884599
97 0.884715
98 0.884524
99 0.884742
100 0.884829
101 0.885303
102 0.885806
103 0.885598
104 0.885643
105 0.886558
106 0.885947
107 0.885897
108 0.886539
109 0.886691
110 0.887028
111 0.886994
112 0.887663
113 0.887424
114 0.887794
115 0.887119
116 0.888089
117 0.887727
118 0.888182
119 0.888096
120 0.888276
121 0.888399
122 0.888324
123 0.888676
124 0.888905
125 0.889327
126 0.889128
127 0.88896
128 0.889961
129 0.889527
130 0.889505
131 0.889823
132 0.889667
133 0.889828
134 0.889963
135 0.890691
136 0.890042
137 0.89082
138 0.890422
139 0.890501
140 0.891252
141 0.890746
142 0.890845
143 0.890479
144 0.891232
145 0.890723
146 0.890974
147 0.891233
148 0.891538
149 0.891601
150 0.891698
151 0.891694
152 0.891631
153 0.892207
154 0.892051
155 0.892652
156 0.892166
157 0.89193
158 0.892108
159 0.892427
160 0.892616
161 0.893152
162 0.892966
163 0.89278
164 0.892802
165 0.892644
166 0.893346
167 0.893652
168 0.893027
169 0.892875
170 0.893392
171 0.893132
172 0.89341
173 0.893229
174 0.893186
175 0.893222
176 0.892971
177 0.893972
178 0.893551
179 0.893818
180 0.892885
181 0.89398
182 0.894099
183 0.893435
184 0.893574
185 0.894208
186 0.894659
187 0.89454
188 0.894244
189 0.894439
190 0.894755
191 0.894432
192 0.894749
193 0.89492
194 0.894437
195 0.894681
196 0.895139
197 0.894712
198 0.895398
199 0.894416
200 0.895268
201 0.895058
202 0.894783
203 0.895193
204 0.894889
205 0.895582
206 0.895358
207 0.895751
208 0.895815
209 0.8949
210 0.895492
211 0.895138
212 0.895192
213 0.895245
214 0.896237
215 0.895517
216 0.895959
217 0.896123
218 0.896133
219 0.895645
220 0.896543
221 0.89626
222 0.896
223 0.896409
224 0.896128
225 0.896228
226 0.896369
227 0.89627
228 0.896247
229 0.896373
230 0.896725
231 0.896688
232 0.895983
233 0.896517
234 0.896263
235 0.896897
236 0.896258
237 0.896893
238 0.896558
239 0.896492
240 0.896208
241 0.896855
242 0.897132
243 0.896838
244 0.897762
245 0.897451
246 0.897232
247 0.89744
248 0.897143
249 0.897668
250 0.897262
251 0.897558
252 0.897504
253 0.897749
254 0.897562
255 0.897229
256 0.89746
257 0.89763
258 0.897604
259 0.898005
260 0.898297
261 0.897787
262 0.898197
263 0.898087
264 0.898186
265 0.897605
266 0.898109
267 0.898399
268 0.897763
269 0.8985
270 0.897903
271 0.898468
272 0.898692
273 0.898499
274 0.898176
275 0.898147
276 0.89873
277 0.898495
278 0.898186
279 0.898789
280 0.898695
281 0.8987
282 0.898649
283 0.898711
284 0.898599
285 0.898319
286 0.89861
287 0.898611
288 0.898928
289 0.89827
290 0.898696
291 0.898542
292 0.898936
293 0.898699
294 0.899062
295 0.899607
296 0.899407
297 0.8989
298 0.89868
299 0.898833
300 0.8991
301 0.898711
302 0.898372
303 0.898807
304 0.898533
305 0.899065
306 0.899035
307 0.898981
308 0.899293
309 0.898742
310 0.899447
311 0.89937
312 0.899381
313 0.899314
314 0.899332
315 0.899453
316 0.89917
317 0.899223
318 0.899776
319 0.898642
320 0.899451
321 0.900179
322 0.899438
323 0.899417
324 0.89949
325 0.899021
326 0.89988
327 0.899554
328 0.900101
329 0.900197
330 0.899687
331 0.899797
332 0.89963
333 0.899473
334 0.899492
335 0.900128
336 0.899686
337 0.899938
338 0.899991
339 0.899641
340 0.899357
341 0.899478
342 0.89996
343 0.899565
344 0.90021
345 0.899903
346 0.900003
347 0.899433
348 0.900105
349 0.89955
350 0.900345
351 0.899995
352 0.900231
353 0.900349
354 0.899973
355 0.899985
356 0.900262
357 0.900458
358 0.900164
359 0.900133
360 0.899733
361 0.899735
362 0.899991
363 0.900315
364 0.900436
365 0.900251
366 0.900022
367 0.900139
368 0.900041
369 0.900473
370 0.900214
371 0.899964
372 0.900438
373 0.900992
374 0.900151
375 0.900699
376 0.900367
377 0.900541
378 0.900853
379 0.9007
380 0.900476
381 0.901274
382 0.900483
383 0.900614
384 0.900691
385 0.901042
386 0.900458
387 0.90104
388 0.90056
389 0.90109
390 0.90097
391 0.900814
392 0.900592
393 0.901528
394 0.901033
395 0.900372
396 0.900754
397 0.901032
398 0.900662
399 0.900887
400 0.901054
