1 0.408577
2 0.408577
3 0.408577
4 0.408577
5 0.408577
6 0.408577
7 0.325699
8 0.284069
9 0.263177
10 0.252662
11 0.247296
12 0.244867
13 0.216738
14 0.195228
15 0.178521
16 0.164509
17 0.152157
18 0.144376
19 0.13441
20 0.12566
21 0.118178
22 0.112113
23 0.106309
24 0.101936
25 0.0972107
26 0.092885
27 0.0892625
28 0.0856849
29 0.0822393
30 0.0791157
31 0.076078
32 0.0734221
33 0.0708741
34 0.0683535
35 0.0663661
36 0.0642332
37 0.0623422
38 0.0603593
39 0.0585797
40 0.0570352
41 0.0555566
42 0.054231
43 0.0529513
44 0.0515637
45 0.0502839
46 0.0490517
47 0.0480439
48 0.0471169
49 0.0461005
50 0.0451817
51 0.0443325
52 0.0434532
53 0.0426434
54 0.0418846
55 0.041151
56 0.0404884
57 0.0397571
58 0.0390979
59 0.0384824
60 0.0377295
61 0.0370794
62 0.0363893
63 0.0358259
64 0.0352606
65 0.034696
66 0.034136
67 0.0335711
68 0.0330841
69 0.0327694
70 0.0323004
71 0.0319196
72 0.0314749
73 0.0312521
74 0.0307838
75 0.0305338
76 0.0301884
77 0.0298073
78 0.029416
79 0.0292311
80 0.0288192
81 0.0285396
82 0.0281302
83 0.0279604
84 0.0276369
85 0.0273861
86 0.0271355
87 0.026868
88 0.0265869
89 0.0263023
90 0.026073
91 0.0259105
92 0.0256901
93 0.0254112
94 0.0251735
95 0.0249142
96 0.0248308
97 0.0245101
98 0.0243106
99 0.0241259
100 0.0239576
101 0.023779
102 0.023531
103 0.023289
104 0.0231941
105 0.0229504
106 0.022863
107 0.0226688
108 0.0224688
109 0.0223069
110 0.0222424
111 0.0220445
112 0.0218717
113 0.0217893
114 0.0215692
115 0.021386
116 0.0213032
117 0.0210978
118 0.0209097
119 0.0208354
120 0.0207462
121 0.0205566
122 0.0203969
123 0.0202639
124 0.0201742
125 0.0200265
126 0.0198955
127 0.0198761
128 0.0196916
129 0.01958
130 0.01939
131 0.0193029
132 0.0192718
133 0.0191525
134 0.0190058
135 0.0189394
136 0.0188414
137 0.0186879
138 0.0185537
139 0.0185337
140 0.0183359
141 0.0182974
142 0.0181841
143 0.0180554
144 0.0179699
145 0.0178663
146 0.0177903
147 0.0176865
148 0.0175845
149 0.0174492
150 0.0173408
151 0.017284
152 0.017276
153 0.0171637
154 0.0170825
155 0.016957
156 0.016895
157 0.0168538
158 0.0167515
159 0.0166281
160 0.0165368
161 0.0165309
162 0.0164344
163 0.0163374
164 0.0162167
165 0.0161125
166 0.0160682
167 0.0160608
168 0.0159707
169 0.0158312
170 0.0158593
171 0.0157148
172 0.0157
173 0.0157121
174 0.0155612
175 0.0154753
176 0.01545
177 0.0153914
178 0.0152643
179 0.0151912
180 0.015169
181 0.0151963
182 0.0150013
183 0.0149221
184 0.0148832
185 0.0148823
186 0.0147911
187 0.0147446
188 0.0146753
189 0.0146017
190 0.0145905
191 0.0145115
192 0.0144371
193 0.0143329
194 0.0143206
195 0.0143181
196 0.0142417
197 0.0141792
198 0.0141086
199 0.0140444
200 0.0139647
201 0.0139685
202 0.013949
203 0.0138737
204 0.0138253
205 0.0138049
206 0.0136765
207 0.0136147
208 0.0135816
209 0.0135935
210 0.0135505
211 0.0134478
212 0.0134205
213 0.0133546
214 0.0132698
215 0.0132968
216 0.0131927
217 0.0131454
218 0.0131177
219 0.0131353
220 0.0130823
221 0.0129969
222 0.0129377
223 0.0129158
224 0.0128715
225 0.0128048
226 0.0128682
227 0.0126909
228 0.0127346
229 0.0126946
230 0.0126091
231 0.0126051
232 0.0125963
233 0.0125316
234 0.0124393
235 0.0124286
236 0.0124076
237 0.0123235
238 0.0123554
239 0.0123386
240 0.0122567
241 0.0121834
242 0.0121855
243 0.012157
244 0.0120944
245 0.0120316
246 0.0119428
247 0.0118639
248 0.0116744
249 0.0116137
250 0.0114909
251 0.0113624
252 0.0114172
253 0.0113017
254 0.0113499
255 0.0113102
256 0.0112988
257 0.0112483
258 0.0112125
259 0.0111578
260 0.0111276
261 0.0110678
262 0.0110605
263 0.0110041
264 0.011005
265 0.0110184
266 0.0109229
267 0.0109564
268 0.0109138
269 0.0108624
270 0.010874
271 0.010828
272 0.0107719
273 0.0107174
274 0.0106764
275 0.0106868
276 0.0106376
277 0.0106441
278 0.0106268
279 0.0105509
280 0.0105855
281 0.0105479
282 0.010451
283 0.010462
284 0.0104617
285 0.010444
286 0.0104071
287 0.0103204
288 0.0103153
289 0.0103503
290 0.0103102
291 0.0103084
292 0.0102644
293 0.0101684
294 0.0101856
295 0.0101492
296 0.0101321
297 0.0101008
298 0.010105
299 0.0100673
300 0.0100517
301 0.0100175
302 0.00995844
303 0.0100078
304 0.00995379
305 0.00989314
306 0.00988571
307 0.009915
308 0.00983766
309 0.00985519
310 0.00982569
311 0.00976028
312 0.00974978
313 0.0096754
314 0.0096538
315 0.00975453
316 0.00969969
317 0.00968365
318 0.00960617
319 0.00961895
320 0.00962208
321 0.00960111
322 0.00959644
323 0.00950209
324 0.00954047
325 0.00949004
326 0.00946807
327 0.00941603
328 0.00941842
329 0.00932867
330 0.00935246
331 0.00938188
332 0.00933906
333 0.00927631
334 0.00930108
335 0.00930274
336 0.00922846
337 0.00919877
338 0.00920803
339 0.00919244
340 0.00919634
341 0.00918308
342 0.00909826
343 0.00908928
344 0.00913612
345 0.00913689
346 0.00903808
347 0.00901756
348 0.00901589
349 0.00898484
350 0.00902026
351 0.00899584
352 0.00897783
353 0.00888524
354 0.00888743
355 0.00886996
356 0.00886643
357 0.00885744
358 0.00880365
359 0.00884447
360 0.00880387
361 0.00881267
362 0.00876491
363 0.00878583
364 0.00870546
365 0.00874917
366 0.00870595
367 0.00867073
368 0.00866221
369 0.00862303
370 0.00858947
371 0.00860809
372 0.0086511
373 0.00858641
374 0.00855292
375 0.00851129
376 0.00855278
377 0.00853185
378 0.00853727
379 0.00852054
380 0.00850595
381 0.00843952
382 0.00842852
383 0.00845609
384 0.00840747
385 0.0084147
386 0.00841943
387 0.00834729
388 0.00828867
389 0.00832882
390 0.00835629
391 0.00828543
392 0.00828655
393 0.0082903
394 0.00826747
395 0.00825947
396 0.00825396
397 0.00827347
398 0.00822653
399 0.00818576
400 0.00819643
