4 0.699274
5 0.502857
6 0.464966
7 0.386743
8 0.373565
9 0.337266
10 0.274079
11 0.241946
12 0.218302
13 0.203488
14 0.187567
15 0.170125
16 0.155787
17 0.144708
18 0.138211
19 0.129416
20 0.121757
21 0.114748
22 0.10955
23 0.103499
24 0.0985844
25 0.0936492
26 0.0889737
27 0.0852081
28 0.0814299
29 0.0779499
30 0.0748916
31 0.071732
32 0.069361
33 0.0668558
34 0.0645122
35 0.0626501
36 0.0606441
37 0.0589594
38 0.057207
39 0.0555896
40 0.0540692
41 0.0527131
42 0.0516482
43 0.050486
44 0.0492638
45 0.0480723
46 0.0470241
47 0.0460494
48 0.0452562
49 0.0443226
50 0.0434343
51 0.0427204
52 0.041942
53 0.0412481
54 0.0405392
55 0.039895
56 0.0393219
57 0.0386086
58 0.0379815
59 0.037497
60 0.0367806
61 0.0361743
62 0.0354921
63 0.034969
64 0.0343729
65 0.0338862
66 0.0334038
67 0.0329045
68 0.0324369
69 0.0320814
70 0.0316735
71 0.0313093
72 0.0308946
73 0.0306838
74 0.0302671
75 0.0300032
76 0.0296954
77 0.0293027
78 0.0289786
79 0.0287838
80 0.0283673
81 0.0281198
82 0.0277383
83 0.0275688
84 0.0272815
85 0.0269997
86 0.0267956
87 0.0265211
88 0.0262698
89 0.0259704
90 0.025776
91 0.0256426
92 0.0253901
93 0.0251247
94 0.0249197
95 0.0246723
96 0.0245944
97 0.0242482
98 0.0240702
99 0.0239037
100 0.0237542
101 0.0235446
102 0.023332
103 0.0230821
104 0.0229932
105 0.0227533
106 0.0226917
107 0.0225107
108 0.0222925
109 0.0221418
110 0.0220583
111 0.0218721
112 0.0216993
113 0.0216234
114 0.0214028
115 0.0212373
116 0.0211656
117 0.020939
118 0.0207662
119 0.0206806
120 0.0206143
121 0.020439
122 0.020283
123 0.0201622
124 0.0200458
125 0.0199075
126 0.0197807
127 0.0197528
128 0.0195986
129 0.0194812
130 0.019276
131 0.0191899
132 0.0191571
133 0.0190515
134 0.0189025
135 0.018828
136 0.0187609
137 0.0186044
138 0.0184482
139 0.0184241
140 0.0182425
141 0.0182124
142 0.0180863
143 0.0179755
144 0.0178863
145 0.0177857
146 0.0177104
147 0.0176104
148 0.0175205
149 0.0173706
150 0.0172595
151 0.0172106
152 0.0172035
153 0.0171031
154 0.0170229
155 0.0168993
156 0.0168279
157 0.0167846
158 0.0166793
159 0.016571
160 0.0164722
161 0.0164603
162 0.0163744
163 0.0162754
164 0.0161486
165 0.0160451
166 0.0160156
167 0.016007
168 0.0159246
169 0.0157686
170 0.0158001
171 0.0156646
172 0.0156375
173 0.0156636
174 0.015514
175 0.0154164
176 0.0154033
177 0.0153399
178 0.015217
179 0.0151416
180 0.015125
181 0.0151491
182 0.0149653
183 0.0148708
184 0.0148375
185 0.0148299
186 0.0147595
187 0.0147096
188 0.0146344
189 0.0145684
190 0.0145572
191 0.0144675
192 0.0143911
193 0.0142986
194 0.0142915
195 0.0142875
196 0.0142028
197 0.0141342
198 0.014074
199 0.0140106
200 0.0139357
201 0.0139323
202 0.0139195
203 0.0138472
204 0.0137952
205 0.0137626
206 0.0136467
207 0.0135864
208 0.013559
209 0.0135573
210 0.01352
211 0.0134089
212 0.0134002
213 0.0133309
214 0.0132447
215 0.0132629
216 0.0131603
217 0.0131168
218 0.0130941
219 0.0131051
220 0.0130483
221 0.0129604
222 0.0129139
223 0.0128903
224 0.0128428
225 0.0127756
226 0.0128468
227 0.0126681
228 0.0127127
229 0.0126751
230 0.0125847
231 0.0125784
232 0.0125793
233 0.0125044
234 0.0124177
235 0.0124034
236 0.0123801
237 0.0122945
238 0.0123215
239 0.0123143
240 0.0122312
241 0.0121637
242 0.0121607
243 0.0121279
244 0.0120733
245 0.0120049
246 0.0119264
247 0.0118398
248 0.0116561
249 0.0115896
250 0.0114744
251 0.0113312
252 0.0113996
253 0.0112841
254 0.0113322
255 0.0112865
256 0.0112824
257 0.0112318
258 0.0111968
259 0.0111408
260 0.0111028
261 0.0110438
262 0.01104
263 0.0109859
264 0.0109813
265 0.0110006
266 0.010907
267 0.0109338
268 0.0108959
269 0.0108424
270 0.0108587
271 0.0108089
272 0.0107484
273 0.0106939
274 0.0106577
275 0.0106728
276 0.0106218
277 0.010624
278 0.0106178
279 0.0105353
280 0.0105711
281 0.0105274
282 0.0104316
283 0.0104413
284 0.0104463
285 0.0104285
286 0.0103928
287 0.0103092
288 0.0102977
289 0.0103393
290 0.0103005
291 0.0102918
292 0.0102512
293 0.0101629
294 0.0101782
295 0.0101345
296 0.0101196
297 0.0100957
298 0.010092
299 0.0100572
300 0.0100387
301 0.0100069
302 0.00994857
303 0.00999333
304 0.00994609
305 0.0098823
306 0.00987732
307 0.00990533
308 0.00983033
309 0.00984276
310 0.00981559
311 0.00975228
312 0.00973788
313 0.00966537
314 0.00963986
315 0.0097402
316 0.00968631
317 0.0096732
318 0.00959534
319 0.00960628
320 0.00961299
321 0.00958969
322 0.00958152
323 0.00949256
324 0.00953065
325 0.00947919
326 0.00945623
327 0.00940292
328 0.00941262
329 0.00932172
330 0.00934614
331 0.00936948
332 0.00932836
333 0.00926574
334 0.00929142
335 0.00929196
336 0.00921919
337 0.00918567
338 0.00919789
339 0.00918112
340 0.00918762
341 0.00916679
342 0.009091
343 0.00907663
344 0.00912192
345 0.00912381
346 0.00902878
347 0.00900981
348 0.00900709
349 0.00897705
350 0.00900959
351 0.00898649
352 0.00896686
353 0.00887972
354 0.00887505
355 0.00886132
356 0.00885779
357 0.00885243
358 0.00879338
359 0.00883376
360 0.00879369
361 0.00880529
362 0.00875502
363 0.00878213
364 0.00869989
365 0.00874101
366 0.00870067
367 0.00866405
368 0.00865907
369 0.00861582
370 0.0085813
371 0.00860027
372 0.0086439
373 0.0085797
374 0.00854546
375 0.00850661
376 0.00854822
377 0.00852774
378 0.00852642
379 0.00851047
380 0.0084985
381 0.00843034
382 0.00842193
383 0.00844712
384 0.00839446
385 0.00840492
386 0.00841706
387 0.00833804
388 0.00828771
389 0.00831732
390 0.00835215
391 0.00827898
392 0.00827696
393 0.00828246
394 0.00825938
395 0.00825089
396 0.00824833
397 0.00826954
398 0.0082199
399 0.0081765
400 0.00818876
