1 0.409429
2 0.409173
3 0.409107
4 0.409205
5 0.409188
6 0.409171
7 0.40907
8 0.40906
9 0.409039
10 0.409013
11 0.393864
12 0.381243
13 0.370378
14 0.360432
15 0.35067
16 0.340697
17 0.33065
18 0.320824
19 0.311425
20 0.302497
21 0.294001
22 0.285936
23 0.278332
24 0.271164
25 0.264426
26 0.258107
27 0.252133
28 0.246466
29 0.241183
30 0.236166
31 0.231416
32 0.22696
33 0.222808
34 0.218997
35 0.215469
36 0.212185
37 0.20917
38 0.206331
39 0.203595
40 0.20105
41 0.198747
42 0.196524
43 0.194493
44 0.192481
45 0.190594
46 0.188794
47 0.187088
48 0.18542
49 0.183759
50 0.182309
51 0.180811
52 0.17931
53 0.177821
54 0.176536
55 0.175189
56 0.173864
57 0.172593
58 0.171327
59 0.170071
60 0.16885
61 0.167593
62 0.166398
63 0.165201
64 0.163983
65 0.162785
66 0.161602
67 0.160493
68 0.159373
69 0.15825
70 0.157132
71 0.156043
72 0.154966
73 0.153913
74 0.152909
75 0.151903
76 0.150897
77 0.14992
78 0.148949
79 0.14799
80 0.147053
81 0.146137
82 0.145274
83 0.14442
84 0.143581
85 0.142762
86 0.141972
87 0.141222
88 0.140479
89 0.139744
90 0.139016
91 0.138293
92 0.137586
93 0.136881
94 0.136182
95 0.13549
96 0.134812
97 0.134145
98 0.133507
99 0.132933
100 0.132513
101 0.13208
102 0.131635
103 0.131185
104 0.130719
105 0.130232
106 0.129728
107 0.129214
108 0.1287
109 0.128195
110 0.127698
111 0.127218
112 0.126752
113 0.126309
114 0.12588
115 0.125465
116 0.125071
117 0.124689
118 0.124316
119 0.123955
120 0.12361
121 0.123275
122 0.122955
123 0.12265
124 0.122358
125 0.122086
126 0.121821
127 0.121572
128 0.121342
129 0.121142
130 0.12093
131 0.1207
132 0.120463
133 0.120217
134 0.119962
135 0.119703
136 0.119441
137 0.119179
138 0.118913
139 0.118647
140 0.118381
141 0.118115
142 0.117842
143 0.117569
144 0.11729
145 0.117009
146 0.116718
147 0.116425
148 0.116129
149 0.115829
150 0.115533
151 0.115237
152 0.114939
153 0.114642
154 0.114347
155 0.114051
156 0.113751
157 0.113453
158 0.113158
159 0.112863
160 0.112563
161 0.112269
162 0.111986
163 0.111693
164 0.11139
165 0.111085
166 0.110775
167 0.110459
168 0.11014
169 0.109822
170 0.109502
171 0.10918
172 0.108863
173 0.108543
174 0.108224
175 0.1079
176 0.107577
177 0.107252
178 0.106929
179 0.106604
180 0.106279
181 0.105955
182 0.105626
183 0.105301
184 0.104973
185 0.10465
186 0.104323
187 0.104001
188 0.103676
189 0.103353
190 0.103032
191 0.102713
192 0.102395
193 0.102077
194 0.10176
195 0.101444
196 0.101129
197 0.100817
198 0.100506
199 0.100196
200 0.0998869
201 0.0995808
202 0.0992757
203 0.0989715
204 0.0986702
205 0.0983709
206 0.0980731
207 0.0977768
208 0.0974824
209 0.09719
210 0.0968997
211 0.096612
212 0.096326
213 0.0960415
214 0.0957593
215 0.0954785
216 0.0951991
217 0.0949223
218 0.0946483
219 0.094376
220 0.0941054
221 0.0938371
222 0.0935723
223 0.0933082
224 0.0930467
225 0.0927876
226 0.0925304
227 0.0922747
228 0.0920209
229 0.091768
230 0.091518
231 0.0912687
232 0.0910223
233 0.0907779
234 0.0905346
235 0.090292
236 0.090051
237 0.0898123
238 0.0895743
239 0.0893389
240 0.0891046
241 0.0888724
242 0.088642
243 0.0884137
244 0.0881891
245 0.087964
246 0.0877381
247 0.0875138
248 0.0872906
249 0.0870669
250 0.0868457
251 0.0866261
252 0.086406
253 0.0861877
254 0.0859707
255 0.0857548
256 0.0855409
257 0.085328
258 0.0851163
259 0.0849063
260 0.0846971
261 0.0844894
262 0.0842827
263 0.0840773
264 0.0838728
265 0.0836703
266 0.083469
267 0.0832681
268 0.0830692
269 0.0828713
270 0.0826749
271 0.0824799
272 0.0822876
273 0.0820967
274 0.0819069
275 0.081719
276 0.0815326
277 0.0813458
278 0.0811601
279 0.0809746
280 0.0807907
281 0.080607
282 0.0804241
283 0.0802418
284 0.0800614
285 0.0798814
286 0.0797035
287 0.0795261
288 0.0793495
289 0.0791741
290 0.0789994
291 0.0788251
292 0.0786527
293 0.078481
294 0.0783106
295 0.0781406
296 0.0779714
297 0.0778027
298 0.0776352
299 0.0774691
300 0.0773042
301 0.0771394
302 0.0769767
303 0.0768141
304 0.0766529
305 0.0764929
306 0.0763335
307 0.076175
308 0.0760171
309 0.07586
310 0.0757044
311 0.0755511
312 0.0753988
313 0.0752466
314 0.0750949
315 0.0749432
316 0.0747923
317 0.0746419
318 0.0744918
319 0.0743431
320 0.0741948
321 0.0740467
322 0.0738993
323 0.0737527
324 0.0736068
325 0.0734619
326 0.0733181
327 0.0731759
328 0.0730351
329 0.0728954
330 0.0727565
331 0.0726185
332 0.0724819
333 0.0723462
334 0.0722096
335 0.0720729
336 0.0719358
337 0.0717993
338 0.0716632
339 0.0715282
340 0.0713939
341 0.071261
342 0.0711293
343 0.0709985
344 0.070869
345 0.0707404
346 0.0706119
347 0.0704841
348 0.0703564
349 0.07023
350 0.0701039
351 0.0699788
352 0.0698538
353 0.0697303
354 0.0696078
355 0.0694861
356 0.0693658
357 0.0692452
358 0.0691244
359 0.0690031
360 0.0688819
361 0.068761
362 0.0686406
363 0.0685207
364 0.0684012
365 0.0682822
366 0.0681638
367 0.0680462
368 0.0679297
369 0.0678137
370 0.0676988
371 0.0675845
372 0.0674703
373 0.0673567
374 0.0672434
375 0.0671309
376 0.0670189
377 0.0669075
378 0.066797
379 0.0666874
380 0.0665787
381 0.0664711
382 0.0663648
383 0.0662599
384 0.066154
385 0.0660475
386 0.0659409
387 0.0658342
388 0.0657282
389 0.0656222
390 0.065517
391 0.0654121
392 0.0653079
393 0.0652043
394 0.0651012
395 0.0649991
396 0.0648974
397 0.0647959
398 0.0646948
399 0.0645943
400 0.064494
