1 0.219984
2 0.219984
3 0.219984
4 0.203341
5 0.203369
6 0.196475
7 0.189879
8 0.185568
9 0.182432
10 0.177141
11 0.173984
12 0.170384
13 0.166997
14 0.164277
15 0.161317
16 0.15866
17 0.156222
18 0.153682
19 0.151562
20 0.149251
21 0.14721
22 0.145076
23 0.143259
24 0.141598
25 0.13954
26 0.137731
27 0.135926
28 0.134532
29 0.132987
30 0.131251
31 0.129758
32 0.128384
33 0.126998
34 0.125492
35 0.124277
36 0.122707
37 0.121493
38 0.120405
39 0.119012
40 0.118103
41 0.116815
42 0.115783
43 0.114586
44 0.113392
45 0.112375
46 0.111184
47 0.110341
48 0.109168
49 0.108288
50 0.10726
51 0.106382
52 0.105505
53 0.104559
54 0.103536
55 0.102867
56 0.102022
57 0.101083
58 0.100156
59 0.0994377
60 0.0985445
61 0.0977029
62 0.0970284
63 0.0964504
64 0.0954587
65 0.094861
66 0.0941356
67 0.0933769
68 0.092823
69 0.0919775
70 0.0913977
71 0.0906447
72 0.0900337
73 0.0893099
74 0.0887523
75 0.0881331
76 0.0874733
77 0.0867874
78 0.0861958
79 0.0856746
80 0.0849907
81 0.0846513
82 0.0839445
83 0.0833686
84 0.08276
85 0.082359
86 0.0817509
87 0.0812311
88 0.0807155
89 0.0799587
90 0.0796273
91 0.0790981
92 0.0785658
93 0.078089
94 0.0776461
95 0.0771498
96 0.076569
97 0.0760757
98 0.0756659
99 0.0752156
100 0.0748726
101 0.0743437
102 0.0739358
103 0.07349
104 0.0731664
105 0.0725702
106 0.0723344
107 0.0718823
108 0.0714407
109 0.0710292
110 0.07065
111 0.0702406
112 0.0696843
113 0.0694813
114 0.0692089
115 0.0687603
116 0.0682535
117 0.0680422
118 0.0676919
119 0.0672757
120 0.0670406
121 0.0666016
122 0.0664324
123 0.0659877
124 0.0657276
125 0.0653305
126 0.0649027
127 0.0646344
128 0.0644316
129 0.0640395
130 0.0637714
131 0.0633941
132 0.063184
133 0.0629033
134 0.0624951
135 0.0622675
136 0.0619054
137 0.0616173
138 0.0612673
139 0.0610199
140 0.0607803
141 0.0604934
142 0.0603735
143 0.0599595
144 0.0597416
145 0.059495
146 0.0591042
147 0.0589655
148 0.0587443
149 0.0585071
150 0.0581804
151 0.057971
152 0.0576078
153 0.0573581
154 0.0572194
155 0.0569124
156 0.0567451
157 0.056605
158 0.0563974
159 0.0560392
160 0.055863
161 0.0555798
162 0.0555079
163 0.0551749
164 0.0549156
165 0.0547608
166 0.0544789
167 0.0544308
168 0.0541384
169 0.0538897
170 0.0536632
171 0.0535279
172 0.0533631
173 0.0529964
174 0.0528371
175 0.0527362
176 0.0524481
177 0.0522584
178 0.0520508
179 0.0519481
180 0.0517214
181 0.0515524
182 0.0513467
183 0.0511563
184 0.0510318
185 0.0507867
186 0.0506386
187 0.0504839
188 0.0502365
189 0.0501048
190 0.0500258
191 0.0497754
192 0.0496162
193 0.0494882
194 0.049239
195 0.0490287
196 0.0489638
197 0.0486539
198 0.0485546
199 0.0484053
200 0.048319
201 0.0480576
202 0.0478099
203 0.0476647
204 0.0475765
205 0.047436
206 0.0473399
207 0.0471494
208 0.0469516
209 0.0468133
210 0.0467776
211 0.046578
212 0.0464082
213 0.0461849
214 0.0461149
215 0.046041
216 0.0458819
217 0.0457059
218 0.0455993
219 0.0453719
220 0.0453516
221 0.0450661
222 0.0449453
223 0.0448435
224 0.0448145
225 0.0445784
226 0.0444029
227 0.0443083
228 0.0441788
229 0.0440171
230 0.0440226
231 0.0438239
232 0.0436255
233 0.0434722
234 0.0434095
235 0.0432351
236 0.0431152
237 0.0430602
238 0.0429204
239 0.0427245
240 0.0426919
241 0.0425652
242 0.0425458
243 0.0422933
244 0.0422035
245 0.0421088
246 0.0420129
247 0.0418505
248 0.0417679
249 0.0415995
250 0.0415927
251 0.0414115
252 0.0412509
253 0.041245
254 0.0410961
255 0.0409808
256 0.040899
257 0.0408875
258 0.0405933
259 0.0405981
260 0.0403584
261 0.0403579
262 0.0402249
263 0.0401126
264 0.0400535
265 0.0399146
266 0.0398931
267 0.0397582
268 0.0396867
269 0.039558
270 0.0394137
271 0.0392272
272 0.039195
273 0.0390734
274 0.0390167
275 0.038994
276 0.0387144
277 0.0387675
278 0.0385872
279 0.03855
280 0.0384376
281 0.0382507
282 0.0382788
283 0.0382173
284 0.0381349
285 0.0380127
286 0.037833
287 0.0377947
288 0.037619
289 0.0376116
290 0.0375481
291 0.0374421
292 0.0373419
293 0.0373078
294 0.0371481
295 0.0371545
296 0.0369874
297 0.036832
298 0.0368345
299 0.0368216
300 0.0365864
301 0.0365707
302 0.0364738
303 0.0364487
304 0.0363513
305 0.036317
306 0.0361907
307 0.0361313
308 0.0359985
309 0.0359531
310 0.0357336
311 0.0357221
312 0.0358238
313 0.0357743
314 0.0355629
315 0.035438
316 0.0353607
317 0.0352545
318 0.0352065
319 0.0351313
320 0.0350834
321 0.034948
322 0.0349483
323 0.0348973
324 0.0348043
325 0.0347228
326 0.034621
327 0.0345552
328 0.0344819
329 0.0344432
330 0.03434
331 0.0342787
332 0.0341586
333 0.0341505
334 0.0340571
335 0.0339611
336 0.0338221
337 0.0338005
338 0.0337966
339 0.0337438
340 0.0336776
341 0.0335763
342 0.0334937
343 0.0334064
344 0.0332826
345 0.0332695
346 0.0332431
347 0.033125
348 0.033079
349 0.0330456
350 0.0329379
351 0.0328385
352 0.0328997
353 0.0327545
354 0.0326524
355 0.0326967
356 0.0325929
357 0.0325469
358 0.0324895
359 0.0324357
360 0.0322383
361 0.0323195
362 0.0321578
363 0.032154
364 0.0321667
365 0.0320182
366 0.0319653
367 0.0318466
368 0.0317763
369 0.0317484
370 0.0316976
371 0.0316975
372 0.0316474
373 0.0316364
374 0.0315211
375 0.0313949
376 0.0313962
377 0.0314182
378 0.0312418
379 0.0311528
380 0.0310764
381 0.0311496
382 0.0309863
383 0.0309765
384 0.0309871
385 0.0308787
386 0.0309236
387 0.0307753
388 0.0306153
389 0.030648
390 0.0306054
391 0.0304783
392 0.0305089
393 0.0303641
394 0.0303314
395 0.030258
396 0.030246
397 0.0301591
398 0.0301942
399 0.0300552
400 0.0299771
