1 0.066719
2 0.066719
3 0.066719
4 0.070628
5 0.0724665
6 0.0759593
7 0.0786267
8 0.081606
9 0.0843518
10 0.0871127
11 0.0894401
12 0.0921815
13 0.0948271
14 0.0970126
15 0.0996933
16 0.101735
17 0.103771
18 0.106264
19 0.108152
20 0.110027
21 0.112256
22 0.114262
23 0.116287
24 0.118134
25 0.120168
26 0.121849
27 0.123991
28 0.125728
29 0.127404
30 0.12957
31 0.131458
32 0.132556
33 0.134201
34 0.136431
35 0.138022
36 0.139628
37 0.141319
38 0.142973
39 0.144573
40 0.146121
41 0.147675
42 0.149287
43 0.151247
44 0.152525
45 0.15434
46 0.155774
47 0.157525
48 0.159205
49 0.160408
50 0.162199
51 0.163431
52 0.164849
53 0.165961
54 0.168055
55 0.169138
56 0.170471
57 0.172095
58 0.173552
59 0.174783
60 0.176459
61 0.177875
62 0.179448
63 0.180177
64 0.181921
65 0.183539
66 0.184566
67 0.185735
68 0.187346
69 0.188423
70 0.189979
71 0.190895
72 0.192293
73 0.193661
74 0.195124
75 0.19618
76 0.197386
77 0.198766
78 0.199815
79 0.201546
80 0.203004
81 0.203405
82 0.204789
83 0.205929
84 0.207531
85 0.208306
86 0.210029
87 0.211194
88 0.212393
89 0.21452
90 0.215047
91 0.216229
92 0.217561
93 0.218894
94 0.219784
95 0.221201
96 0.222123
97 0.223374
98 0.224998
99 0.226161
100 0.22695
101 0.228383
102 0.229752
103 0.230363
104 0.231142
105 0.233141
106 0.233638
107 0.23494
108 0.236186
109 0.237193
110 0.23788
111 0.239103
112 0.240976
113 0.241487
114 0.242381
115 0.243594
116 0.245309
117 0.246331
118 0.24665
119 0.24819
120 0.248278
121 0.250212
122 0.250823
123 0.252081
124 0.252756
125 0.253842
126 0.255043
127 0.255932
128 0.256675
129 0.258166
130 0.258905
131 0.260095
132 0.261363
133 0.261584
134 0.262911
135 0.263934
136 0.264689
137 0.265701
138 0.266856
139 0.268015
140 0.268468
141 0.269778
142 0.270222
143 0.271156
144 0.271976
145 0.272817
146 0.27459
147 0.275056
148 0.276052
149 0.276554
150 0.277652
151 0.278756
152 0.279686
153 0.28071
154 0.281343
155 0.281948
156 0.282784
157 0.283529
158 0.283818
159 0.285499
160 0.285639
161 0.287113
162 0.287666
163 0.288802
164 0.28944
165 0.290374
166 0.291588
167 0.291623
168 0.292712
169 0.293399
170 0.294447
171 0.295239
172 0.295875
173 0.296982
174 0.298004
175 0.298282
176 0.299363
177 0.300285
178 0.300887
179 0.301671
180 0.302151
181 0.303115
182 0.304223
183 0.304733
184 0.305135
185 0.306284
186 0.307228
187 0.307442
188 0.308704
189 0.309399
190 0.309636
191 0.310483
192 0.311325
193 0.31194
194 0.312928
195 0.314116
196 0.314535
197 0.315472
198 0.316236
199 0.316213
200 0.317005
201 0.317718
202 0.319174
203 0.320146
204 0.320455
205 0.321172
206 0.321344
207 0.322475
208 0.323269
209 0.323654
210 0.3242
211 0.325106
212 0.326095
213 0.326774
214 0.327043
215 0.327595
216 0.328408
217 0.328994
218 0.329842
219 0.331188
220 0.330848
221 0.331536
222 0.332422
223 0.333161
224 0.333445
225 0.334949
226 0.335335
227 0.335567
228 0.336273
229 0.337507
230 0.337313
231 0.338279
232 0.339366
233 0.33963
234 0.340769
235 0.341005
236 0.341657
237 0.342028
238 0.342743
239 0.343768
240 0.343794
241 0.344591
242 0.344871
243 0.345638
244 0.346508
245 0.346951
246 0.347374
247 0.348327
248 0.348759
249 0.349513
250 0.349648
251 0.350454
252 0.351405
253 0.351675
254 0.352327
255 0.352969
256 0.353524
257 0.353248
258 0.355039
259 0.354976
260 0.356124
261 0.355718
262 0.356764
263 0.357494
264 0.358265
265 0.35891
266 0.35887
267 0.359307
268 0.360396
269 0.360373
270 0.361191
271 0.3628
272 0.362705
273 0.363261
274 0.363507
275 0.363662
276 0.365278
277 0.36498
278 0.365842
279 0.366158
280 0.366788
281 0.367502
282 0.367761
283 0.368218
284 0.369026
285 0.369374
286 0.370092
287 0.370795
288 0.371569
289 0.37144
290 0.372084
291 0.372763
292 0.373205
293 0.373926
294 0.374241
295 0.374507
296 0.374746
297 0.376106
298 0.376094
299 0.376075
300 0.377076
301 0.377265
302 0.378373
303 0.378381
304 0.37897
305 0.379212
306 0.379928
307 0.380034
308 0.381259
309 0.381465
310 0.382568
311 0.383014
312 0.382068
313 0.383148
314 0.383741
315 0.384972
316 0.385101
317 0.385689
318 0.38589
319 0.386213
320 0.386553
321 0.387769
322 0.387492
323 0.387999
324 0.388789
325 0.389277
326 0.389662
327 0.390054
328 0.390776
329 0.39069
330 0.391334
331 0.391727
332 0.392751
333 0.393011
334 0.393334
335 0.393373
336 0.394204
337 0.395471
338 0.394482
339 0.395068
340 0.395076
341 0.396805
342 0.397264
343 0.397211
344 0.398049
345 0.398664
346 0.398281
347 0.399307
348 0.400019
349 0.400084
350 0.400541
351 0.401161
352 0.400393
353 0.401596
354 0.40253
355 0.401915
356 0.403057
357 0.402829
358 0.403695
359 0.403711
360 0.40526
361 0.404671
362 0.405447
363 0.405622
364 0.405116
365 0.406774
366 0.407007
367 0.407662
368 0.40831
369 0.408413
370 0.408856
371 0.408807
372 0.409224
373 0.409238
374 0.409698
375 0.410758
376 0.411117
377 0.411099
378 0.411937
379 0.412727
380 0.413505
381 0.413065
382 0.413249
383 0.413439
384 0.413712
385 0.414834
386 0.414672
387 0.415421
388 0.416392
389 0.416513
390 0.416666
391 0.417072
392 0.417096
393 0.418325
394 0.417887
395 0.419081
396 0.419031
397 0.419554
398 0.419572
399 0.420122
400 0.420905
