1 0.219984
2 0.219984
3 0.219984
4 0.215823
5 0.213359
6 0.210533
7 0.20756
8 0.204826
9 0.202297
10 0.199814
11 0.197497
12 0.195147
13 0.192934
14 0.190991
15 0.188923
16 0.187167
17 0.185325
18 0.183484
19 0.181839
20 0.180266
21 0.178643
22 0.177119
23 0.175625
24 0.174331
25 0.172895
26 0.171507
27 0.170155
28 0.169012
29 0.167746
30 0.166543
31 0.165346
32 0.164263
33 0.163175
34 0.162021
35 0.161001
36 0.159821
37 0.158844
38 0.157904
39 0.156851
40 0.155986
41 0.15503
42 0.154189
43 0.153133
44 0.152306
45 0.151442
46 0.15054
47 0.149715
48 0.148857
49 0.148107
50 0.147271
51 0.146516
52 0.145772
53 0.145012
54 0.144102
55 0.143494
56 0.14286
57 0.14207
58 0.141245
59 0.140704
60 0.139875
61 0.139209
62 0.138602
63 0.138071
64 0.137274
65 0.136673
66 0.136071
67 0.135422
68 0.134895
69 0.134198
70 0.133632
71 0.133069
72 0.132444
73 0.131852
74 0.131291
75 0.130761
76 0.130189
77 0.129643
78 0.129071
79 0.12857
80 0.127962
81 0.127592
82 0.127057
83 0.126576
84 0.125968
85 0.125531
86 0.124993
87 0.124507
88 0.123981
89 0.12339
90 0.123019
91 0.122565
92 0.12207
93 0.12153
94 0.121188
95 0.120661
96 0.120228
97 0.119778
98 0.119312
99 0.118886
100 0.118527
101 0.118007
102 0.117605
103 0.117144
104 0.116864
105 0.116312
106 0.116013
107 0.115569
108 0.115232
109 0.114767
110 0.114457
111 0.113967
112 0.113444
113 0.113197
114 0.112904
115 0.112457
116 0.112025
117 0.111705
118 0.111355
119 0.110992
120 0.110741
121 0.110259
122 0.109971
123 0.109591
124 0.109252
125 0.10892
126 0.108522
127 0.108218
128 0.107905
129 0.107578
130 0.107276
131 0.106849
132 0.106614
133 0.10635
134 0.105896
135 0.105589
136 0.105238
137 0.104993
138 0.104627
139 0.104298
140 0.103996
141 0.10372
142 0.103551
143 0.103132
144 0.10291
145 0.102648
146 0.102199
147 0.102018
148 0.101716
149 0.10146
150 0.101145
151 0.100856
152 0.100591
153 0.100262
154 0.100088
155 0.0997264
156 0.0995678
157 0.099307
158 0.0990551
159 0.0987175
160 0.0984799
161 0.0982014
162 0.0979993
163 0.0977264
164 0.0973538
165 0.0971916
166 0.0969528
167 0.0967729
168 0.0964821
169 0.0962038
170 0.0959691
171 0.0957392
172 0.0955101
173 0.0951407
174 0.0949803
175 0.0947231
176 0.0945072
177 0.0942454
178 0.0939878
179 0.0938395
180 0.0936269
181 0.0933637
182 0.0930914
183 0.0928689
184 0.0927684
185 0.0924306
186 0.0922353
187 0.0920106
188 0.0917469
189 0.0915564
190 0.0913976
191 0.091198
192 0.0909764
193 0.0908357
194 0.0905594
195 0.0902338
196 0.0901078
197 0.089859
198 0.0896688
199 0.0894597
200 0.0893674
201 0.0890561
202 0.0887556
203 0.0885828
204 0.0884116
205 0.0882137
206 0.0881346
207 0.0878261
208 0.0876719
209 0.0874499
210 0.0874166
211 0.087141
212 0.0868786
213 0.0866757
214 0.0865377
215 0.0864188
216 0.086214
217 0.0860424
218 0.0857933
219 0.0856099
220 0.0855221
221 0.0853035
222 0.0850719
223 0.0848975
224 0.0848097
225 0.0845457
226 0.0843378
227 0.0842226
228 0.0840414
229 0.0838243
230 0.0837449
231 0.0835367
232 0.0832835
233 0.0831705
234 0.0830028
235 0.0828628
236 0.0826826
237 0.0825076
238 0.0823715
239 0.0821292
240 0.0820711
241 0.0818738
242 0.0817593
243 0.0815433
244 0.0814282
245 0.0812704
246 0.081163
247 0.0809075
248 0.0808135
249 0.0806655
250 0.0805355
251 0.0803612
252 0.0800672
253 0.0799943
254 0.0798533
255 0.0796897
256 0.0795957
257 0.0795053
258 0.0792035
259 0.0791622
260 0.0788884
261 0.0788903
262 0.0786837
263 0.0785467
264 0.0783537
265 0.0782548
266 0.078158
267 0.077987
268 0.0778746
269 0.0777225
270 0.0775154
271 0.0773259
272 0.0772711
273 0.0770923
274 0.0769832
275 0.0769232
276 0.0766284
277 0.0766177
278 0.0764379
279 0.0763638
280 0.0762066
281 0.0759785
282 0.0759471
283 0.0758299
284 0.0757242
285 0.0755623
286 0.075406
287 0.0752932
288 0.0750597
289 0.0750324
290 0.0749182
291 0.0747522
292 0.074599
293 0.0745159
294 0.0743318
295 0.0742781
296 0.0741197
297 0.0739231
298 0.073933
299 0.0738131
300 0.0736052
301 0.0735179
302 0.0733549
303 0.0733017
304 0.0731588
305 0.073079
306 0.0729378
307 0.0728382
308 0.0727029
309 0.072624
310 0.0723699
311 0.0723132
312 0.072325
313 0.0722203
314 0.0720123
315 0.0718682
316 0.0717156
317 0.0716209
318 0.0715355
319 0.0713936
320 0.0713295
321 0.0711853
322 0.0711537
323 0.0709949
324 0.0709088
325 0.0707695
326 0.0706605
327 0.0705134
328 0.0704299
329 0.0703909
330 0.0702033
331 0.0701253
332 0.0699757
333 0.0699054
334 0.0698288
335 0.0696716
336 0.0695755
337 0.0694717
338 0.0694502
339 0.069304
340 0.0691993
341 0.0690372
342 0.0689468
343 0.0688248
344 0.068694
345 0.0686333
346 0.0685699
347 0.0684481
348 0.0683331
349 0.0682453
350 0.0681559
351 0.0680406
352 0.0680276
353 0.0678637
354 0.0677266
355 0.0677065
356 0.0675348
357 0.0675357
358 0.0674069
359 0.0673188
360 0.0671239
361 0.0671252
362 0.0669705
363 0.0669337
364 0.0668861
365 0.066675
366 0.0665832
367 0.0664769
368 0.0663816
369 0.0663103
370 0.0662073
371 0.0662129
372 0.0660997
373 0.0660592
374 0.065894
375 0.0658065
376 0.0656871
377 0.0656562
378 0.0655148
379 0.0653827
380 0.0652953
381 0.0653223
382 0.0651538
383 0.065101
384 0.0650699
385 0.0649047
386 0.064893
387 0.0647699
388 0.0646267
389 0.0645168
390 0.0644885
391 0.0643882
392 0.064346
393 0.0641657
394 0.0641246
395 0.0639909
396 0.063929
397 0.063828
398 0.0638429
399 0.0636733
400 0.0636092
