1 0.5
2 0.353482
3 0.318869
4 0.288434
5 0.276771
6 0.263463
7 0.257098
8 0.252306
9 0.249808
10 0.247862
11 0.246448
12 0.245036
13 0.24454
14 0.243954
15 0.243775
16 0.243257
17 0.242869
18 0.242785
19 0.242753
20 0.242586
21 0.242347
22 0.242494
23 0.242532
24 0.242289
25 0.24221
26 0.242226
27 0.242357
28 0.242116
29 0.242111
30 0.242014
31 0.241917
32 0.241794
33 0.241971
34 0.241701
35 0.241721
36 0.241712
37 0.241707
38 0.241551
39 0.241587
40 0.241545
41 0.241311
42 0.241491
43 0.241512
44 0.2414
45 0.241458
46 0.241461
47 0.241211
48 0.241211
49 0.241278
50 0.24112
51 0.24109
52 0.241095
53 0.241153
54 0.241077
55 0.240982
56 0.241088
57 0.241106
58 0.2409
59 0.240854
60 0.240794
61 0.240899
62 0.24089
63 0.240757
64 0.24055
65 0.240862
66 0.240803
67 0.240702
68 0.240635
69 0.240666
70 0.240569
71 0.240482
72 0.24053
73 0.240323
74 0.240581
75 0.240432
76 0.240408
77 0.240415
78 0.240434
79 0.240416
80 0.240387
81 0.240366
82 0.240249
83 0.240274
84 0.240226
85 0.240145
86 0.240276
87 0.24021
88 0.240261
89 0.240328
90 0.240174
91 0.240254
92 0.24011
93 0.24014
94 0.240042
95 0.240041
96 0.239984
97 0.240124
98 0.239968
99 0.240042
100 0.239943
101 0.23993
102 0.23982
103 0.239986
104 0.239905
105 0.239913
106 0.239848
107 0.239801
108 0.239875
109 0.239695
110 0.239819
111 0.239871
112 0.239729
113 0.239752
114 0.239749
115 0.239754
116 0.239671
117 0.239747
118 0.23965
119 0.239704
120 0.239731
121 0.239685
122 0.239647
123 0.239524
124 0.239626
125 0.239582
126 0.23952
127 0.239581
128 0.239537
129 0.239654
130 0.239626
131 0.239546
132 0.23956
133 0.239469
134 0.239496
135 0.239481
136 0.23949
137 0.239467
138 0.239495
139 0.239449
140 0.239435
141 0.239507
142 0.239408
143 0.239464
144 0.239452
145 0.239403
146 0.239488
147 0.239336
148 0.239378
149 0.239385
150 0.239275
151 0.239365
152 0.239346
153 0.239328
154 0.239348
155 0.239296
156 0.239251
157 0.239254
158 0.239237
159 0.239287
160 0.239261
161 0.239303
162 0.239319
163 0.239263
164 0.239182
165 0.239222
166 0.239295
167 0.239232
168 0.239144
169 0.239091
170 0.239054
171 0.239319
172 0.239163
173 0.239238
174 0.239181
175 0.239175
176 0.239193
177 0.239089
178 0.239181
179 0.239184
180 0.23914
181 0.239038
182 0.239205
183 0.23911
184 0.239105
185 0.239038
186 0.239079
187 0.239001
188 0.239069
189 0.239057
190 0.239064
191 0.239085
192 0.238904
193 0.239056
194 0.23909
195 0.239124
196 0.239021
197 0.23905
198 0.239055
199 0.238947
200 0.239004
201 0.238965
202 0.238925
203 0.238967
204 0.23899
205 0.238869
206 0.238941
207 0.238908
208 0.238934
209 0.238938
210 0.238891
211 0.238918
212 0.238856
213 0.238914
214 0.238879
215 0.238915
216 0.238845
217 0.238898
218 0.238902
219 0.238857
220 0.238907
221 0.238883
222 0.238873
223 0.238892
224 0.238901
225 0.238849
226 0.238876
227 0.238875
228 0.23882
229 0.238913
230 0.238879
231 0.238822
232 0.238782
233 0.238848
234 0.238812
235 0.238811
236 0.238866
237 0.23875
238 0.238822
239 0.238792
240 0.238757
241 0.238719
242 0.238792
243 0.238773
244 0.238797
245 0.238733
246 0.238742
247 0.238678
248 0.238726
249 0.238754
250 0.238739
251 0.238694
252 0.238758
253 0.238622
254 0.238697
255 0.238616
256 0.23876
257 0.238763
258 0.238765
259 0.238712
260 0.238673
261 0.23872
262 0.23863
263 0.2387
264 0.238745
265 0.238712
266 0.23868
267 0.238681
268 0.238616
269 0.23865
270 0.238703
271 0.238603
272 0.238618
273 0.238751
274 0.238627
275 0.238657
276 0.238668
277 0.238638
278 0.238633
279 0.238631
280 0.238633
281 0.238553
282 0.23864
283 0.238652
284 0.238633
285 0.238565
286 0.238588
287 0.238595
288 0.238575
289 0.238588
290 0.238584
291 0.238586
292 0.238639
293 0.238527
294 0.238525
295 0.238583
296 0.238568
297 0.23855
298 0.238594
299 0.238582
300 0.238537
301 0.238548
302 0.238555
303 0.238557
304 0.238572
305 0.238605
306 0.238558
307 0.238452
308 0.23853
309 0.238547
310 0.238495
311 0.238518
312 0.238525
313 0.23854
314 0.238556
315 0.238567
316 0.238512
317 0.238491
318 0.238555
319 0.238443
320 0.238405
321 0.238492
322 0.238476
323 0.238492
324 0.238458
325 0.23848
326 0.23848
327 0.238415
328 0.238483
329 0.238498
330 0.238438
331 0.238416
332 0.238473
333 0.238495
334 0.238525
335 0.238455
336 0.238408
337 0.238411
338 0.238458
339 0.238435
340 0.238451
341 0.238541
342 0.238344
343 0.238408
344 0.238415
345 0.23839
346 0.238357
347 0.238399
348 0.238341
349 0.238363
350 0.238418
351 0.238437
352 0.23835
353 0.238393
354 0.238381
355 0.238382
356 0.238432
357 0.238372
358 0.238372
359 0.238323
360 0.238424
361 0.238429
362 0.238385
363 0.238388
364 0.238384
365 0.238386
366 0.23844
367 0.238368
368 0.238392
369 0.238396
370 0.238386
371 0.238371
372 0.238393
373 0.238278
374 0.238364
375 0.238302
376 0.23834
377 0.238371
378 0.238287
379 0.238334
380 0.238385
381 0.238376
382 0.238301
383 0.238353
384 0.238348
385 0.238332
386 0.238342
387 0.238286
388 0.238344
389 0.2383
390 0.238391
391 0.238318
392 0.238302
393 0.238283
394 0.238278
395 0.238313
396 0.238306
397 0.238277
398 0.238276
399 0.238314
400 0.238315
