1 0.500138
2 0.499862
3 0.500138
4 0.499862
5 0.500138
6 0.499862
7 0.665256
8 0.667599
9 0.733425
10 0.733811
11 0.770722
12 0.771685
13 0.796584
14 0.796981
15 0.809465
16 0.811647
17 0.82347
18 0.824968
19 0.831237
20 0.834764
21 0.839947
22 0.840999
23 0.847117
24 0.849773
25 0.852418
26 0.854039
27 0.859001
28 0.859855
29 0.862724
30 0.864893
31 0.867976
32 0.86864
33 0.871259
34 0.872844
35 0.874715
36 0.875967
37 0.878031
38 0.878415
39 0.881008
40 0.881292
41 0.883912
42 0.884287
43 0.885575
44 0.887045
45 0.887481
46 0.888477
47 0.889846
48 0.890923
49 0.891419
50 0.892154
51 0.892651
52 0.894411
53 0.895047
54 0.89497
55 0.896057
56 0.896877
57 0.897784
58 0.898057
59 0.898966
60 0.899224
61 0.899647
62 0.900527
63 0.901303
64 0.901395
65 0.902662
66 0.902716
67 0.90324
68 0.90374
69 0.904237
70 0.904577
71 0.905296
72 0.90527
73 0.90609
74 0.906655
75 0.906867
76 0.906993
77 0.907392
78 0.907714
79 0.908119
80 0.908453
81 0.908848
82 0.908839
83 0.90955
84 0.909947
85 0.91012
86 0.910065
87 0.911135
88 0.911298
89 0.911296
90 0.912031
91 0.911631
92 0.912067
93 0.912974
94 0.912785
95 0.913276
96 0.913397
97 0.912664
98 0.913554
99 0.914059
100 0.914283
101 0.914417
102 0.914635
103 0.91501
104 0.914895
105 0.91508
106 0.915509
107 0.91561
108 0.916175
109 0.916343
110 0.916042
111 0.91642
112 0.916651
113 0.91666
114 0.916719
115 0.91741
116 0.917348
117 0.917209
118 0.917354
119 0.91775
120 0.917286
121 0.918179
122 0.918205
123 0.918053
124 0.918082
125 0.918467
126 0.918735
127 0.918313
128 0.918772
129 0.91953
130 0.919212
131 0.918928
132 0.919501
133 0.919451
134 0.919616
135 0.919777
136 0.919917
137 0.920359
138 0.920162
139 0.920243
140 0.920328
141 0.920325
142 0.920607
143 0.920495
144 0.920517
145 0.921176
146 0.921185
147 0.92115
148 0.921031
149 0.921554
150 0.921705
151 0.921415
152 0.921876
153 0.92163
154 0.922065
155 0.921806
156 0.921841
157 0.922035
158 0.921924
159 0.922415
160 0.922614
161 0.922049
162 0.922491
163 0.922712
164 0.923008
165 0.922838
166 0.922593
167 0.922696
168 0.923239
169 0.923191
170 0.923077
171 0.923191
172 0.923523
173 0.923203
174 0.923552
175 0.923736
176 0.923687
177 0.923369
178 0.923722
179 0.923891
180 0.923909
181 0.923908
182 0.923716
183 0.924088
184 0.923868
185 0.924288
186 0.924603
187 0.924714
188 0.924543
189 0.92451
190 0.924671
191 0.924156
192 0.924388
193 0.924589
194 0.924981
195 0.925157
196 0.925082
197 0.925074
198 0.925191
199 0.925394
200 0.925226
201 0.92519
202 0.925408
203 0.925182
204 0.925826
205 0.925475
206 0.925634
207 0.925806
208 0.925396
209 0.926057
210 0.92528
211 0.925675
212 0.925654
213 0.925748
214 0.926037
215 0.925931
216 0.926127
217 0.926288
218 0.926139
219 0.925867
220 0.926151
221 0.925771
222 0.926448
223 0.926394
224 0.926502
225 0.926234
226 0.926378
227 0.926553
228 0.926588
229 0.926497
230 0.926853
231 0.926627
232 0.927006
233 0.926645
234 0.926745
235 0.926918
236 0.926612
237 0.926634
238 0.926674
239 0.927109
240 0.92741
241 0.926743
242 0.926743
243 0.926951
244 0.926796
245 0.927151
246 0.927186
247 0.927549
248 0.927478
249 0.927008
250 0.927617
251 0.927518
252 0.927506
253 0.927697
254 0.927186
255 0.927759
256 0.927497
257 0.927592
258 0.927446
259 0.927742
260 0.927634
261 0.927824
262 0.927446
263 0.927792
264 0.927852
265 0.927835
266 0.927643
267 0.927801
268 0.927854
269 0.928146
270 0.927824
271 0.927799
272 0.928509
273 0.927855
274 0.927913
275 0.928355
276 0.92781
277 0.928197
278 0.928101
279 0.928379
280 0.927755
281 0.928404
282 0.928825
283 0.927979
284 0.928058
285 0.928498
286 0.928212
287 0.928668
288 0.928439
289 0.928199
290 0.928613
291 0.92847
292 0.928754
293 0.928735
294 0.929103
295 0.928356
296 0.928822
297 0.92905
298 0.928657
299 0.928854
300 0.928936
301 0.928781
302 0.928397
303 0.929078
304 0.928834
305 0.92886
306 0.928948
307 0.928867
308 0.928968
309 0.929157
310 0.928717
311 0.928974
312 0.928963
313 0.929483
314 0.928922
315 0.92916
316 0.929176
317 0.929569
318 0.928957
319 0.929104
320 0.929128
321 0.929158
322 0.929453
323 0.929084
324 0.929378
325 0.929519
326 0.929264
327 0.929459
328 0.92897
329 0.929001
330 0.929154
331 0.929512
332 0.929454
333 0.929751
334 0.929767
335 0.929462
336 0.929732
337 0.929582
338 0.929357
339 0.929864
340 0.929637
341 0.929632
342 0.929614
343 0.929654
344 0.929515
345 0.929947
346 0.930051
347 0.930371
348 0.929974
349 0.930239
350 0.929758
351 0.929984
352 0.929893
353 0.930178
354 0.930223
355 0.929824
356 0.929986
357 0.929997
358 0.929999
359 0.930281
360 0.930063
361 0.929864
362 0.92957
363 0.929958
364 0.930104
365 0.930326
366 0.930134
367 0.930303
368 0.930162
369 0.930123
370 0.930239
371 0.93056
372 0.930006
373 0.930456
374 0.930358
375 0.930386
376 0.930339
377 0.930386
378 0.93042
379 0.930448
380 0.929986
381 0.930244
382 0.930052
383 0.930179
384 0.930584
385 0.930406
386 0.930241
387 0.930565
388 0.929984
389 0.930273
390 0.93058
391 0.930637
392 0.930343
393 0.930731
394 0.930202
395 0.930348
396 0.930488
397 0.931035
398 0.930659
399 0.930357
400 0.93078
