1 0.500138
2 0.5
3 0.500046
4 0.5
5 0.500027
6 0.5
7 0.523654
8 0.541743
9 0.562938
10 0.580027
11 0.597276
12 0.611884
13 0.626054
14 0.638392
15 0.649802
16 0.659796
17 0.669711
18 0.678106
19 0.685852
20 0.693574
21 0.700482
22 0.707139
23 0.713074
24 0.718806
25 0.72421
26 0.728969
27 0.734197
28 0.738408
29 0.742815
30 0.746892
31 0.751111
32 0.754549
33 0.758047
34 0.761604
35 0.764956
36 0.767492
37 0.771002
38 0.773749
39 0.776622
40 0.779241
41 0.781989
42 0.783969
43 0.786229
44 0.788976
45 0.791221
46 0.792896
47 0.795065
48 0.797336
49 0.799053
50 0.800882
51 0.802956
52 0.805009
53 0.806267
54 0.807824
55 0.80974
56 0.811028
57 0.81277
58 0.814405
59 0.815552
60 0.81689
61 0.81817
62 0.819894
63 0.82107
64 0.822299
65 0.823384
66 0.824789
67 0.825951
68 0.827177
69 0.828008
70 0.829324
71 0.83048
72 0.831333
73 0.83255
74 0.833376
75 0.834617
76 0.8354
77 0.836157
78 0.837128
79 0.838021
80 0.838893
81 0.840059
82 0.840598
83 0.841336
84 0.842507
85 0.843244
86 0.843631
87 0.844776
88 0.845937
89 0.84625
90 0.84728
91 0.847351
92 0.848259
93 0.849049
94 0.850096
95 0.850546
96 0.851373
97 0.851128
98 0.852198
99 0.852685
100 0.853817
101 0.854529
102 0.854854
103 0.855538
104 0.855928
105 0.856265
106 0.857286
107 0.857862
108 0.858569
109 0.858986
110 0.859009
111 0.85961
112 0.860327
113 0.860671
114 0.861385
115 0.862162
116 0.862457
117 0.862536
118 0.86296
119 0.863446
120 0.863601
121 0.864545
122 0.86499
123 0.865441
124 0.865702
125 0.866384
126 0.86696
127 0.866919
128 0.867451
129 0.86805
130 0.868015
131 0.86819
132 0.868875
133 0.869181
134 0.869966
135 0.87029
136 0.87049
137 0.870989
138 0.871185
139 0.871554
140 0.871843
141 0.872103
142 0.872584
143 0.872837
144 0.87305
145 0.873881
146 0.873888
147 0.874431
148 0.874668
149 0.875149
150 0.875706
151 0.875532
152 0.876033
153 0.876002
154 0.876483
155 0.876673
156 0.876761
157 0.876968
158 0.877553
159 0.877735
160 0.878034
161 0.878021
162 0.878615
163 0.878943
164 0.879572
165 0.879517
166 0.879506
167 0.879969
168 0.880409
169 0.880578
170 0.880602
171 0.881028
172 0.881368
173 0.881229
174 0.881719
175 0.882009
176 0.882115
177 0.882231
178 0.882437
179 0.882878
180 0.883061
181 0.883659
182 0.883528
183 0.884136
184 0.883891
185 0.88427
186 0.884749
187 0.885171
188 0.88505
189 0.885074
190 0.885376
191 0.885175
192 0.885659
193 0.885722
194 0.886102
195 0.88652
196 0.886618
197 0.886824
198 0.886995
199 0.887231
200 0.8874
201 0.887388
202 0.887796
203 0.887787
204 0.888161
205 0.888625
206 0.888645
207 0.888877
208 0.888643
209 0.889213
210 0.888843
211 0.889192
212 0.889436
213 0.889659
214 0.889836
215 0.889936
216 0.890367
217 0.890647
218 0.890538
219 0.890378
220 0.890731
221 0.890663
222 0.891172
223 0.89165
224 0.891612
225 0.891642
226 0.891754
227 0.891904
228 0.892258
229 0.892056
230 0.89268
231 0.892382
232 0.8926
233 0.892615
234 0.892731
235 0.893158
236 0.892982
237 0.893227
238 0.893342
239 0.893937
240 0.894296
241 0.893858
242 0.893928
243 0.89417
244 0.89417
245 0.894694
246 0.894799
247 0.895222
248 0.895212
249 0.894785
250 0.895557
251 0.895533
252 0.895724
253 0.895897
254 0.895664
255 0.89597
256 0.895845
257 0.895968
258 0.895873
259 0.896213
260 0.896255
261 0.896331
262 0.896132
263 0.896565
264 0.89669
265 0.896687
266 0.89677
267 0.897045
268 0.89717
269 0.897549
270 0.8973
271 0.897282
272 0.897951
273 0.897456
274 0.89772
275 0.898233
276 0.897811
277 0.89825
278 0.898219
279 0.898457
280 0.898385
281 0.898867
282 0.899275
283 0.898677
284 0.898907
285 0.89915
286 0.899084
287 0.899705
288 0.899542
289 0.899358
290 0.899607
291 0.899553
292 0.899972
293 0.900171
294 0.900519
295 0.899889
296 0.900331
297 0.900638
298 0.900413
299 0.900592
300 0.900721
301 0.900721
302 0.900416
303 0.901046
304 0.900762
305 0.901014
306 0.90101
307 0.901067
308 0.901417
309 0.901659
310 0.901322
311 0.901618
312 0.901664
313 0.902027
314 0.901771
315 0.901988
316 0.902108
317 0.902605
318 0.902069
319 0.902246
320 0.902415
321 0.90236
322 0.902805
323 0.902384
324 0.902892
325 0.903081
326 0.902856
327 0.903033
328 0.902522
329 0.902686
330 0.90297
331 0.903338
332 0.903399
333 0.90361
334 0.903705
335 0.903512
336 0.903868
337 0.90371
338 0.903493
339 0.904118
340 0.903832
341 0.903854
342 0.904366
343 0.904508
344 0.904268
345 0.904668
346 0.904817
347 0.905179
348 0.904886
349 0.905038
350 0.904684
351 0.905064
352 0.905027
353 0.905289
354 0.905354
355 0.905118
356 0.90514
357 0.905288
358 0.905352
359 0.905777
360 0.905445
361 0.905302
362 0.905223
363 0.90563
364 0.905811
365 0.906012
366 0.90591
367 0.906157
368 0.906035
369 0.906122
370 0.90623
371 0.906538
372 0.906089
373 0.906576
374 0.906544
375 0.906581
376 0.906572
377 0.906698
378 0.906744
379 0.906885
380 0.906445
381 0.906696
382 0.906609
383 0.906732
384 0.907306
385 0.906992
386 0.906883
387 0.907258
388 0.90682
389 0.907005
390 0.907327
391 0.907418
392 0.907306
393 0.907734
394 0.907339
395 0.907275
396 0.907601
397 0.908097
398 0.907759
399 0.907543
400 0.907911
