1 0.166478
2 0.166721
3 0.16664
4 0.166721
5 0.166672
6 0.166721
7 0.154875
8 0.145858
9 0.135838
10 0.127799
11 0.119958
12 0.113444
13 0.10732
14 0.101995
15 0.0971832
16 0.0928893
17 0.0889032
18 0.0853894
19 0.0821908
20 0.0790726
21 0.0763366
22 0.0737111
23 0.0713515
24 0.0692136
25 0.0671533
26 0.0652396
27 0.0633204
28 0.0617427
29 0.0600481
30 0.0586298
31 0.0571258
32 0.0558844
33 0.0545334
34 0.0533602
35 0.0521179
36 0.0511403
37 0.0500034
38 0.0490339
39 0.0480487
40 0.0472106
41 0.0462831
42 0.0455118
43 0.0447093
44 0.0438824
45 0.0431413
46 0.0424655
47 0.0417373
48 0.0411383
49 0.0405157
50 0.0398337
51 0.0392533
52 0.0386336
53 0.0381294
54 0.0376476
55 0.0370374
56 0.0365906
57 0.0360685
58 0.0356584
59 0.0352065
60 0.0347174
61 0.0343275
62 0.0338594
63 0.0334522
64 0.033099
65 0.0327224
66 0.0322868
67 0.0319258
68 0.0315761
69 0.0312963
70 0.0309362
71 0.0305829
72 0.0303068
73 0.029972
74 0.0296562
75 0.0293641
76 0.0291054
77 0.0288334
78 0.0285339
79 0.0282882
80 0.0280305
81 0.0277211
82 0.0274783
83 0.0272548
84 0.0270226
85 0.0268123
86 0.0265554
87 0.0263102
88 0.026052
89 0.025898
90 0.0256676
91 0.0254867
92 0.025279
93 0.0250465
94 0.0248299
95 0.024716
96 0.0244252
97 0.024348
98 0.0241724
99 0.0239564
100 0.0238079
101 0.0236058
102 0.0234535
103 0.0232428
104 0.0230835
105 0.0229503
106 0.0228163
107 0.0226589
108 0.0224759
109 0.0223164
110 0.0222079
111 0.0221006
112 0.0218964
113 0.0217492
114 0.0216577
115 0.0214602
116 0.0213455
117 0.0212391
118 0.0211285
119 0.0210179
120 0.0208938
121 0.0207472
122 0.020611
123 0.0205141
124 0.020408
125 0.0202578
126 0.0201127
127 0.0200707
128 0.0199309
129 0.0198111
130 0.0197079
131 0.0196641
132 0.0195096
133 0.019383
134 0.0192621
135 0.0191776
136 0.0191235
137 0.0190303
138 0.0189022
139 0.0188084
140 0.0187449
141 0.0186493
142 0.0185227
143 0.0184698
144 0.0184027
145 0.0182556
146 0.0181791
147 0.0181129
148 0.0180079
149 0.017928
150 0.0178374
151 0.0177983
152 0.0177091
153 0.0176581
154 0.01757
155 0.0174784
156 0.017376
157 0.0173229
158 0.0172134
159 0.0171756
160 0.017138
161 0.017044
162 0.016969
163 0.0169003
164 0.0168227
165 0.0167439
166 0.0167144
167 0.016615
168 0.0165498
169 0.0164856
170 0.016457
171 0.0163662
172 0.0162727
173 0.0162289
174 0.0161712
175 0.0160973
176 0.0160555
177 0.015964
178 0.015917
179 0.0158847
180 0.0158216
181 0.0157521
182 0.0157062
183 0.0156142
184 0.015587
185 0.0154893
186 0.0154369
187 0.0153614
188 0.0153586
189 0.0153281
190 0.0152784
191 0.0152249
192 0.0151208
193 0.0151194
194 0.0150417
195 0.0149522
196 0.0149422
197 0.0148777
198 0.014851
199 0.0147828
200 0.0147894
201 0.0147135
202 0.0146439
203 0.0146355
204 0.0145737
205 0.01454
206 0.0144615
207 0.0144105
208 0.0144238
209 0.0143477
210 0.0143338
211 0.0142821
212 0.0142066
213 0.0141949
214 0.0141217
215 0.0140744
216 0.0140568
217 0.013986
218 0.0139905
219 0.0139589
220 0.0138935
221 0.0139046
222 0.0138342
223 0.0137573
224 0.0137304
225 0.0136877
226 0.0136746
227 0.0136233
228 0.0135556
229 0.0135789
230 0.0134956
231 0.013485
232 0.0134565
233 0.0134072
234 0.0134018
235 0.0133347
236 0.0133019
237 0.0132975
238 0.0132739
239 0.0132125
240 0.0131322
241 0.0131328
242 0.0131256
243 0.0130811
244 0.0130695
245 0.0129906
246 0.0129792
247 0.012907
248 0.0128843
249 0.0129108
250 0.0128302
251 0.012794
252 0.0127727
253 0.0127243
254 0.0127212
255 0.012689
256 0.0126526
257 0.0125841
258 0.0126179
259 0.0125553
260 0.012529
261 0.0125403
262 0.0125386
263 0.0124539
264 0.0124532
265 0.0124237
266 0.0123779
267 0.0123415
268 0.0123179
269 0.0122713
270 0.0122608
271 0.0122637
272 0.0121829
273 0.0122139
274 0.0121848
275 0.0121171
276 0.0121399
277 0.0120893
278 0.0120655
279 0.0120404
280 0.0120316
281 0.0119589
282 0.0119089
283 0.01197
284 0.0119307
285 0.0118724
286 0.0118681
287 0.0118026
288 0.0117856
289 0.0118029
290 0.0117608
291 0.0117566
292 0.011719
293 0.0116374
294 0.0116398
295 0.011659
296 0.0116149
297 0.0115761
298 0.0115893
299 0.0115411
300 0.0115266
301 0.0115129
302 0.0115233
303 0.0114624
304 0.0114714
305 0.0114371
306 0.0114113
307 0.0113662
308 0.0113721
309 0.0113303
310 0.0112945
311 0.0112989
312 0.0112865
313 0.0112348
314 0.0112711
315 0.0112039
316 0.0112061
317 0.0111416
318 0.0111983
319 0.0111229
320 0.0111394
321 0.0110885
322 0.011039
323 0.0110801
324 0.0110338
325 0.011
326 0.0110166
327 0.0109791
328 0.0110425
329 0.0109869
330 0.0109604
331 0.0109018
332 0.0108875
333 0.0108899
334 0.010842
335 0.0108493
336 0.0108083
337 0.0107985
338 0.0107921
339 0.0107387
340 0.010756
341 0.0107355
342 0.0107312
343 0.0106985
344 0.0106846
345 0.0106632
346 0.010626
347 0.010621
348 0.0105999
349 0.0105816
350 0.0106107
351 0.0105394
352 0.0105293
353 0.0105317
354 0.0105043
355 0.0105051
356 0.0105059
357 0.0104604
358 0.0104455
359 0.0103791
360 0.0104077
361 0.0104227
362 0.0104436
363 0.0103953
364 0.0103903
365 0.0103456
366 0.0103522
367 0.0103197
368 0.0103024
369 0.0102998
370 0.0102542
371 0.0102181
372 0.0102667
373 0.0102059
374 0.0102138
375 0.0101877
376 0.0101604
377 0.0101706
378 0.0101436
379 0.0101154
380 0.0101461
381 0.0100929
382 0.0101285
383 0.0101118
384 0.010019
385 0.0100188
386 0.0100677
387 0.0100042
388 0.0100588
389 0.010044
390 0.00997892
391 0.0100052
392 0.00996787
393 0.00992137
394 0.00994545
395 0.00995208
396 0.00990372
397 0.00986365
398 0.00988655
399 0.00992822
400 0.00982424
