1 0.499416
2 0.499398
3 0.499707
4 0.520447
5 0.533253
6 0.544053
7 0.557295
8 0.569252
9 0.579166
10 0.588984
11 0.598076
12 0.606208
13 0.614
14 0.621426
15 0.62808
16 0.634582
17 0.63993
18 0.645898
19 0.651284
20 0.656009
21 0.66106
22 0.665895
23 0.669824
24 0.674334
25 0.678553
26 0.682454
27 0.68599
28 0.689657
29 0.693158
30 0.696631
31 0.699866
32 0.702969
33 0.705953
34 0.708847
35 0.711759
36 0.714568
37 0.717151
38 0.719913
39 0.72236
40 0.724872
41 0.727247
42 0.72961
43 0.731716
44 0.733868
45 0.736037
46 0.738152
47 0.740058
48 0.742158
49 0.743711
50 0.745875
51 0.747788
52 0.749344
53 0.751076
54 0.752928
55 0.754511
56 0.756041
57 0.757557
58 0.75908
59 0.760933
60 0.762304
61 0.763655
62 0.765043
63 0.766471
64 0.767954
65 0.769234
66 0.770539
67 0.771917
68 0.773163
69 0.774492
70 0.775627
71 0.776795
72 0.778055
73 0.779447
74 0.780466
75 0.781536
76 0.782728
77 0.783587
78 0.784825
79 0.785816
80 0.786981
81 0.788042
82 0.788994
83 0.789961
84 0.790974
85 0.791997
86 0.792927
87 0.793839
88 0.794734
89 0.795579
90 0.796637
91 0.797362
92 0.798173
93 0.799128
94 0.800038
95 0.800904
96 0.8018
97 0.802575
98 0.803288
99 0.804085
100 0.804791
101 0.805676
102 0.806506
103 0.807172
104 0.808005
105 0.808584
106 0.809456
107 0.810126
108 0.810921
109 0.811554
110 0.812321
111 0.812892
112 0.813589
113 0.814255
114 0.814958
115 0.815577
116 0.816208
117 0.816751
118 0.817464
119 0.818134
120 0.818666
121 0.819261
122 0.819938
123 0.820417
124 0.821037
125 0.821632
126 0.822178
127 0.822734
128 0.823266
129 0.823857
130 0.824344
131 0.8249
132 0.825416
133 0.825957
134 0.826398
135 0.826992
136 0.827541
137 0.827987
138 0.828475
139 0.828889
140 0.829459
141 0.829886
142 0.830321
143 0.830813
144 0.83126
145 0.831802
146 0.832223
147 0.832716
148 0.833112
149 0.833576
150 0.834083
151 0.834464
152 0.83486
153 0.835342
154 0.835636
155 0.836224
156 0.836605
157 0.83699
158 0.837414
159 0.837703
160 0.838143
161 0.838535
162 0.838958
163 0.839298
164 0.839821
165 0.840116
166 0.840448
167 0.84083
168 0.841212
169 0.841579
170 0.842005
171 0.84212
172 0.842663
173 0.843021
174 0.843458
175 0.84375
176 0.844115
177 0.844479
178 0.844751
179 0.845086
180 0.845484
181 0.845793
182 0.846091
183 0.846453
184 0.846832
185 0.84714
186 0.847415
187 0.847831
188 0.848097
189 0.848372
190 0.848791
191 0.849015
192 0.849439
193 0.849667
194 0.849988
195 0.850154
196 0.850552
197 0.850905
198 0.851257
199 0.851452
200 0.851726
201 0.852112
202 0.852307
203 0.852615
204 0.852892
205 0.853337
206 0.853434
207 0.853715
208 0.853997
209 0.854271
210 0.854501
211 0.85477
212 0.855024
213 0.855363
214 0.855585
215 0.855861
216 0.856207
217 0.85641
218 0.856603
219 0.856861
220 0.857134
221 0.857282
222 0.857644
223 0.85789
224 0.858057
225 0.858368
226 0.85864
227 0.858836
228 0.859076
229 0.859369
230 0.859515
231 0.859724
232 0.859991
233 0.860182
234 0.860388
235 0.860665
236 0.860885
237 0.861202
238 0.861319
239 0.861551
240 0.861804
241 0.862124
242 0.862197
243 0.862443
244 0.862642
245 0.862868
246 0.863055
247 0.863333
248 0.863449
249 0.863654
250 0.863853
251 0.864071
252 0.864245
253 0.86454
254 0.864817
255 0.865109
256 0.865094
257 0.865063
258 0.865389
259 0.865607
260 0.86583
261 0.865996
262 0.866167
263 0.866375
264 0.866601
265 0.866684
266 0.866924
267 0.867102
268 0.867273
269 0.867411
270 0.86761
271 0.867819
272 0.868031
273 0.86816
274 0.868302
275 0.868528
276 0.868681
277 0.868832
278 0.868937
279 0.869227
280 0.869314
281 0.869546
282 0.869798
283 0.869863
284 0.870078
285 0.870215
286 0.870408
287 0.870482
288 0.870703
289 0.870864
290 0.871034
291 0.871164
292 0.871318
293 0.871542
294 0.871639
295 0.871808
296 0.871964
297 0.87207
298 0.872267
299 0.872435
300 0.872558
301 0.872742
302 0.872863
303 0.873034
304 0.873177
305 0.873365
306 0.873463
307 0.873636
308 0.873798
309 0.873893
310 0.873981
311 0.87422
312 0.874331
313 0.874451
314 0.874639
315 0.874685
316 0.874911
317 0.874997
318 0.875163
319 0.875335
320 0.875459
321 0.875629
322 0.875759
323 0.875886
324 0.876039
325 0.876151
326 0.876241
327 0.876469
328 0.876586
329 0.876738
330 0.876794
331 0.877012
332 0.877114
333 0.877242
334 0.877332
335 0.877474
336 0.87754
337 0.877751
338 0.877819
339 0.877943
340 0.878094
341 0.878097
342 0.878459
343 0.878504
344 0.878616
345 0.878733
346 0.878861
347 0.878992
348 0.879039
349 0.879193
350 0.879353
351 0.879478
352 0.879559
353 0.879631
354 0.879824
355 0.879908
356 0.880042
357 0.880185
358 0.880367
359 0.880441
360 0.880591
361 0.880725
362 0.880775
363 0.880914
364 0.880976
365 0.881126
366 0.88118
367 0.881343
368 0.881383
369 0.881454
370 0.881603
371 0.881758
372 0.881876
373 0.881986
374 0.882092
375 0.882165
376 0.882257
377 0.882426
378 0.882507
379 0.882619
380 0.882727
381 0.882818
382 0.882928
383 0.883037
384 0.88311
385 0.883164
386 0.883333
387 0.883427
388 0.883566
389 0.883597
390 0.883714
391 0.883843
392 0.884015
393 0.884051
394 0.884151
395 0.884178
396 0.884336
397 0.884431
398 0.884566
399 0.884641
400 0.884705
