1 0.500502
2 0.500481
3 0.500417
4 0.500365
5 0.500153
6 0.500196
7 0.500361
8 0.500368
9 0.50037
10 0.500263
11 0.500283
12 0.500289
13 0.500284
14 0.500371
15 0.500337
16 0.500287
17 0.500382
18 0.500327
19 0.500427
20 0.500519
21 0.500491
22 0.50045
23 0.50034
24 0.500408
25 0.500517
26 0.503662
27 0.50656
28 0.510281
29 0.513884
30 0.517531
31 0.52105
32 0.524598
33 0.527856
34 0.531064
35 0.534206
36 0.537214
37 0.540058
38 0.542945
39 0.545629
40 0.548119
41 0.550551
42 0.553013
43 0.555329
44 0.557546
45 0.559574
46 0.561629
47 0.56358
48 0.56538
49 0.56723
50 0.568989
51 0.570664
52 0.57236
53 0.573925
54 0.575498
55 0.576957
56 0.578368
57 0.579658
58 0.581097
59 0.582308
60 0.583579
61 0.584787
62 0.586061
63 0.587138
64 0.588278
65 0.589377
66 0.590406
67 0.591427
68 0.592462
69 0.593324
70 0.594392
71 0.5953
72 0.596223
73 0.597145
74 0.597942
75 0.598679
76 0.599547
77 0.600329
78 0.601143
79 0.601934
80 0.602668
81 0.603283
82 0.603982
83 0.604647
84 0.605306
85 0.605984
86 0.606635
87 0.607276
88 0.607854
89 0.608431
90 0.609058
91 0.609631
92 0.610157
93 0.610724
94 0.61135
95 0.611833
96 0.61235
97 0.612798
98 0.613347
99 0.613799
100 0.61433
101 0.614738
102 0.615258
103 0.615707
104 0.616088
105 0.616567
106 0.617037
107 0.617418
108 0.617834
109 0.618225
110 0.61864
111 0.619017
112 0.619407
113 0.619815
114 0.620168
115 0.620577
116 0.620956
117 0.621245
118 0.62158
119 0.621912
120 0.622359
121 0.622661
122 0.62299
123 0.623323
124 0.623648
125 0.623941
126 0.624247
127 0.624557
128 0.624903
129 0.625144
130 0.625412
131 0.625684
132 0.62599
133 0.626276
134 0.626546
135 0.626827
136 0.627134
137 0.627306
138 0.627612
139 0.627866
140 0.628139
141 0.628348
142 0.628651
143 0.628841
144 0.629134
145 0.629303
146 0.629641
147 0.629817
148 0.630053
149 0.630282
150 0.630495
151 0.630679
152 0.630922
153 0.631154
154 0.631366
155 0.631519
156 0.631752
157 0.631935
158 0.632145
159 0.632312
160 0.632532
161 0.632716
162 0.632944
163 0.633126
164 0.633295
165 0.633491
166 0.633667
167 0.633864
168 0.634022
169 0.634183
170 0.634437
171 0.63449
172 0.634723
173 0.634913
174 0.63508
175 0.635232
176 0.635382
177 0.635506
178 0.635673
179 0.635883
180 0.636063
181 0.636192
182 0.636311
183 0.636504
184 0.636615
185 0.636791
186 0.636925
187 0.637048
188 0.637245
189 0.637315
190 0.637503
191 0.637649
192 0.637808
193 0.637905
194 0.638044
195 0.638143
196 0.638312
197 0.638403
198 0.638547
199 0.638694
200 0.638826
201 0.638942
202 0.639123
203 0.639198
204 0.639325
205 0.639502
206 0.639569
207 0.639641
208 0.639842
209 0.639952
210 0.640057
211 0.640115
212 0.640264
213 0.640365
214 0.640491
215 0.64059
216 0.640689
217 0.64082
218 0.640938
219 0.641022
220 0.641132
221 0.641302
222 0.641345
223 0.641429
224 0.641585
225 0.641702
226 0.64177
227 0.641858
228 0.641981
229 0.642067
230 0.642175
231 0.642248
232 0.642327
233 0.64241
234 0.64259
235 0.642639
236 0.642748
237 0.642827
238 0.642916
239 0.642984
240 0.643077
241 0.643236
242 0.643274
243 0.643406
244 0.643471
245 0.643528
246 0.6436
247 0.643709
248 0.643766
249 0.643911
250 0.643963
251 0.644034
252 0.644163
253 0.644244
254 0.644306
255 0.6444
256 0.644414
257 0.644509
258 0.64462
259 0.644716
260 0.644778
261 0.644862
262 0.644963
263 0.644973
264 0.64507
265 0.645162
266 0.645223
267 0.645277
268 0.645333
269 0.64545
270 0.645501
271 0.645604
272 0.645647
273 0.645729
274 0.645757
275 0.645867
276 0.645935
277 0.646033
278 0.646066
279 0.646178
280 0.646223
281 0.646295
282 0.646345
283 0.646412
284 0.646434
285 0.646516
286 0.646626
287 0.646678
288 0.646777
289 0.646793
290 0.646877
291 0.64692
292 0.646979
293 0.647047
294 0.647129
295 0.647159
296 0.647229
297 0.647292
298 0.647334
299 0.647391
300 0.647451
301 0.647509
302 0.647593
303 0.647651
304 0.647719
305 0.647737
306 0.647817
307 0.647906
308 0.647923
309 0.647975
310 0.648067
311 0.648077
312 0.648118
313 0.648154
314 0.648257
315 0.648305
316 0.648392
317 0.648358
318 0.648457
319 0.648466
320 0.648574
321 0.648649
322 0.648648
323 0.648734
324 0.648756
325 0.648807
326 0.648838
327 0.648945
328 0.648987
329 0.649013
330 0.649067
331 0.649108
332 0.649162
333 0.649225
334 0.649231
335 0.649329
336 0.649412
337 0.64941
338 0.64943
339 0.649479
340 0.649545
341 0.64956
342 0.649635
343 0.649687
344 0.649741
345 0.64977
346 0.649814
347 0.649854
348 0.649922
349 0.649945
350 0.650022
351 0.650021
352 0.650087
353 0.650167
354 0.65015
355 0.650189
356 0.650209
357 0.650302
358 0.650342
359 0.650369
360 0.650433
361 0.650497
362 0.650515
363 0.65056
364 0.650591
365 0.650657
366 0.650665
367 0.650715
368 0.650729
369 0.650782
370 0.650801
371 0.65085
372 0.650888
373 0.650907
374 0.650982
375 0.65104
376 0.65103
377 0.651116
378 0.651116
379 0.651164
380 0.651197
381 0.651221
382 0.651321
383 0.651341
384 0.651356
385 0.651375
386 0.651434
387 0.651463
388 0.651501
389 0.651536
390 0.651607
391 0.65161
392 0.651658
393 0.651683
394 0.65171
395 0.65175
396 0.651751
397 0.651784
398 0.65187
399 0.651894
400 0.651933
