1 0.166478
2 0.166478
3 0.16664
4 0.166721
5 0.166769
6 0.166802
7 0.166686
8 0.166721
9 0.166694
10 0.166721
11 0.166743
12 0.16668
13 0.16674
14 0.166756
15 0.166705
16 0.166751
17 0.166706
18 0.166721
19 0.166734
20 0.166721
21 0.166709
22 0.166721
23 0.166732
24 0.166701
25 0.166731
26 0.163511
27 0.160552
28 0.156807
29 0.153293
30 0.149587
31 0.146073
32 0.142574
33 0.139305
34 0.136021
35 0.132879
36 0.12988
37 0.12701
38 0.124186
39 0.121538
40 0.118987
41 0.116541
42 0.114139
43 0.111899
44 0.109669
45 0.107595
46 0.105543
47 0.103597
48 0.101732
49 0.099905
50 0.0981031
51 0.0964515
52 0.0948146
53 0.0932087
54 0.0917083
55 0.0902188
56 0.0887661
57 0.0874675
58 0.0860394
59 0.0847764
60 0.0835004
61 0.0822738
62 0.0811196
63 0.0799197
64 0.0788153
65 0.077749
66 0.0766465
67 0.0756596
68 0.0746622
69 0.0737327
70 0.0727523
71 0.0718391
72 0.0709219
73 0.0700515
74 0.0692166
75 0.0684045
76 0.0675905
77 0.0667897
78 0.0660387
79 0.0652654
80 0.064512
81 0.0638278
82 0.0631177
83 0.0624561
84 0.0618331
85 0.0611548
86 0.0604915
87 0.0598602
88 0.0592706
89 0.0586723
90 0.0580696
91 0.0574687
92 0.0569192
93 0.056377
94 0.055802
95 0.0552994
96 0.054761
97 0.0543186
98 0.0537812
99 0.0532985
100 0.0527784
101 0.0523765
102 0.0518778
103 0.0514105
104 0.0509723
105 0.0505152
106 0.0501126
107 0.0496826
108 0.0492605
109 0.0488656
110 0.0484527
111 0.0480605
112 0.0476816
113 0.0473056
114 0.0469439
115 0.0465542
116 0.0461972
117 0.045828
118 0.0455033
119 0.0451604
120 0.0447774
121 0.0444732
122 0.0441559
123 0.043829
124 0.0434959
125 0.0431929
126 0.0428522
127 0.0425652
128 0.0422702
129 0.0420011
130 0.0416813
131 0.0414047
132 0.0411029
133 0.0408415
134 0.0405611
135 0.0402964
136 0.0400274
137 0.0397724
138 0.0395014
139 0.0392252
140 0.0389911
141 0.0387583
142 0.0385067
143 0.03825
144 0.0380111
145 0.0377793
146 0.0375474
147 0.0373168
148 0.0370599
149 0.0368443
150 0.0366262
151 0.0364404
152 0.0362003
153 0.0359982
154 0.0357844
155 0.0355983
156 0.0353592
157 0.035177
158 0.034968
159 0.0347883
160 0.0345569
161 0.0344019
162 0.0341721
163 0.0339708
164 0.0337793
165 0.0336241
166 0.0334353
167 0.0332665
168 0.0331014
169 0.0329243
170 0.0327237
171 0.0325474
172 0.0323993
173 0.0322107
174 0.0320566
175 0.0318793
176 0.0317332
177 0.0315731
178 0.0314053
179 0.031219
180 0.0310769
181 0.0309417
182 0.0307887
183 0.0306262
184 0.0304841
185 0.0303223
186 0.0301701
187 0.0300509
188 0.0298832
189 0.0297506
190 0.0295901
191 0.0294402
192 0.0293076
193 0.029187
194 0.0290666
195 0.0289249
196 0.0287708
197 0.0287006
198 0.0285162
199 0.0284033
200 0.0282948
201 0.0281549
202 0.0280126
203 0.0279006
204 0.0277623
205 0.0276444
206 0.0275165
207 0.0274207
208 0.0272684
209 0.0271793
210 0.0270679
211 0.0269602
212 0.0268243
213 0.0267173
214 0.0265939
215 0.0264965
216 0.0263888
217 0.0262592
218 0.0261538
219 0.0260707
220 0.0259434
221 0.0258366
222 0.0257249
223 0.0256398
224 0.0255389
225 0.0254231
226 0.0253317
227 0.0252421
228 0.0251093
229 0.0250145
230 0.0249271
231 0.0248388
232 0.0247507
233 0.024674
234 0.0245483
235 0.0244465
236 0.0243538
237 0.0242659
238 0.0241773
239 0.0240934
240 0.0240183
241 0.0238988
242 0.0238148
243 0.0237148
244 0.0236261
245 0.0235499
246 0.0234727
247 0.0233874
248 0.0233092
249 0.0232147
250 0.0231473
251 0.0230478
252 0.0229453
253 0.0228844
254 0.0227725
255 0.0227381
256 0.0226749
257 0.0225587
258 0.0224758
259 0.0223884
260 0.0223326
261 0.0222533
262 0.0221516
263 0.0221159
264 0.0220424
265 0.0219435
266 0.0218694
267 0.021805
268 0.0217335
269 0.0216692
270 0.0216001
271 0.0214991
272 0.0214283
273 0.0213496
274 0.0213053
275 0.021235
276 0.0211705
277 0.021088
278 0.0210155
279 0.020936
280 0.0208863
281 0.0208145
282 0.0207486
283 0.0206708
284 0.0206415
285 0.0205734
286 0.0205012
287 0.0204269
288 0.020373
289 0.0203075
290 0.0202317
291 0.0201826
292 0.0201226
293 0.0200504
294 0.0199809
295 0.0199301
296 0.0198802
297 0.0198217
298 0.0197535
299 0.0196915
300 0.0196378
301 0.0195859
302 0.0195009
303 0.0194508
304 0.0193718
305 0.0193656
306 0.0192774
307 0.0192318
308 0.0192043
309 0.0191198
310 0.0190417
311 0.019003
312 0.0189559
313 0.0189135
314 0.0188626
315 0.0187967
316 0.0187266
317 0.0187
318 0.0186491
319 0.0185946
320 0.0185177
321 0.0184525
322 0.0184409
323 0.0183737
324 0.0183199
325 0.0182844
326 0.0182395
327 0.0181701
328 0.018108
329 0.0180843
330 0.0180241
331 0.0179761
332 0.0179305
333 0.0178797
334 0.0178439
335 0.0177787
336 0.0177161
337 0.0176854
338 0.0176335
339 0.0175964
340 0.0175564
341 0.0174932
342 0.0174587
343 0.0174052
344 0.0173599
345 0.0173052
346 0.0172774
347 0.0172244
348 0.0171719
349 0.0171481
350 0.0171134
351 0.0170562
352 0.0170039
353 0.0169557
354 0.0169373
355 0.0168904
356 0.0168488
357 0.0167799
358 0.016754
359 0.0167105
360 0.0166545
361 0.0166222
362 0.016578
363 0.0165433
364 0.0165089
365 0.0164507
366 0.0164284
367 0.0163712
368 0.0163409
369 0.0163085
370 0.0162598
371 0.0162237
372 0.0161938
373 0.0161644
374 0.0161128
375 0.0160631
376 0.0160335
377 0.0159851
378 0.0159614
379 0.015921
380 0.0158854
381 0.0158575
382 0.0157981
383 0.0157564
384 0.0157265
385 0.0156894
386 0.015673
387 0.0156266
388 0.0156008
389 0.0155555
390 0.0155136
391 0.0154886
392 0.0154516
393 0.0154097
394 0.0153769
395 0.0153509
396 0.0153319
397 0.0152877
398 0.0152434
399 0.0151978
400 0.0151653
