1 0.500138
2 0.500138
3 0.500138
4 0.499862
5 0.499862
6 0.499862
7 0.500138
8 0.499862
9 0.500138
10 0.500138
11 0.499862
12 0.500138
13 0.499862
14 0.499862
15 0.500138
16 0.499862
17 0.500138
18 0.500138
19 0.499862
20 0.499862
21 0.500138
22 0.500138
23 0.499862
24 0.500138
25 0.499862
26 0.665797
27 0.666047
28 0.732328
29 0.733463
30 0.771301
31 0.771922
32 0.796376
33 0.796014
34 0.814777
35 0.81534
36 0.829512
37 0.829693
38 0.840913
39 0.841125
40 0.849579
41 0.849599
42 0.858236
43 0.857993
44 0.86482
45 0.864689
46 0.870229
47 0.870704
48 0.875697
49 0.875756
50 0.880166
51 0.881634
52 0.884229
53 0.886055
54 0.887535
55 0.888859
56 0.890838
57 0.891703
58 0.893577
59 0.895075
60 0.896057
61 0.897297
62 0.89858
63 0.899143
64 0.900699
65 0.901545
66 0.902843
67 0.903315
68 0.90353
69 0.904922
70 0.905567
71 0.906383
72 0.907529
73 0.908015
74 0.909046
75 0.909767
76 0.910194
77 0.911276
78 0.911476
79 0.912769
80 0.91324
81 0.913792
82 0.91473
83 0.914821
84 0.915238
85 0.916215
86 0.917037
87 0.917656
88 0.917579
89 0.918632
90 0.918899
91 0.919478
92 0.919874
93 0.920262
94 0.920878
95 0.921462
96 0.922228
97 0.922452
98 0.922934
99 0.922935
100 0.923933
101 0.923883
102 0.924387
103 0.925002
104 0.92546
105 0.925844
106 0.926388
107 0.926554
108 0.926934
109 0.927222
110 0.927724
111 0.927848
112 0.928276
113 0.92885
114 0.929294
115 0.929432
116 0.929908
117 0.930305
118 0.930195
119 0.930401
120 0.930989
121 0.931229
122 0.931714
123 0.931768
124 0.932313
125 0.932272
126 0.932774
127 0.933048
128 0.933157
129 0.933503
130 0.933846
131 0.934112
132 0.934526
133 0.934669
134 0.934868
135 0.93484
136 0.935438
137 0.935388
138 0.936019
139 0.93629
140 0.93615
141 0.936602
142 0.936345
143 0.936942
144 0.937418
145 0.937328
146 0.937339
147 0.937652
148 0.938313
149 0.938308
150 0.938625
151 0.938498
152 0.938868
153 0.938826
154 0.939097
155 0.939461
156 0.939968
157 0.939626
158 0.940335
159 0.939829
160 0.940636
161 0.940582
162 0.940834
163 0.941036
164 0.941457
165 0.940869
166 0.941477
167 0.941459
168 0.941631
169 0.941862
170 0.942019
171 0.942129
172 0.94221
173 0.942356
174 0.942635
175 0.942678
176 0.942695
177 0.943204
178 0.943159
179 0.94357
180 0.943922
181 0.944025
182 0.943736
183 0.944403
184 0.943944
185 0.943999
186 0.944486
187 0.944429
188 0.944769
189 0.944703
190 0.945106
191 0.945118
192 0.945631
193 0.945488
194 0.945482
195 0.945539
196 0.945966
197 0.945364
198 0.946162
199 0.946304
200 0.945967
201 0.94628
202 0.946513
203 0.946469
204 0.946888
205 0.947014
206 0.947018
207 0.946939
208 0.947144
209 0.947185
210 0.947044
211 0.947508
212 0.947472
213 0.947556
214 0.947757
215 0.947928
216 0.94805
217 0.948097
218 0.948072
219 0.948506
220 0.948655
221 0.948652
222 0.948774
223 0.949068
224 0.948568
225 0.948783
226 0.948975
227 0.94911
228 0.949582
229 0.949673
230 0.949421
231 0.949649
232 0.949284
233 0.949335
234 0.949984
235 0.949875
236 0.950132
237 0.949869
238 0.950321
239 0.950327
240 0.950003
241 0.950468
242 0.950261
243 0.95075
244 0.950738
245 0.951054
246 0.950899
247 0.950804
248 0.951082
249 0.951416
250 0.950958
251 0.95131
252 0.951571
253 0.95153
254 0.951846
255 0.951493
256 0.951238
257 0.951957
258 0.95221
259 0.952363
260 0.952053
261 0.952247
262 0.952381
263 0.952189
264 0.951981
265 0.952384
266 0.952643
267 0.952725
268 0.95234
269 0.95272
270 0.952846
271 0.953281
272 0.953181
273 0.953488
274 0.953068
275 0.953245
276 0.953554
277 0.953544
278 0.953661
279 0.953915
280 0.953932
281 0.954006
282 0.954088
283 0.954156
284 0.953669
285 0.954155
286 0.953991
287 0.954204
288 0.953861
289 0.954434
290 0.954219
291 0.954635
292 0.954397
293 0.954747
294 0.954753
295 0.954548
296 0.95434
297 0.954897
298 0.954989
299 0.954779
300 0.954789
301 0.954877
302 0.955056
303 0.955464
304 0.955386
305 0.955036
306 0.955267
307 0.955775
308 0.955469
309 0.955848
310 0.955695
311 0.955801
312 0.955736
313 0.955511
314 0.955608
315 0.95583
316 0.956014
317 0.955826
318 0.95596
319 0.956126
320 0.956104
321 0.95657
322 0.955939
323 0.956279
324 0.95643
325 0.956684
326 0.956157
327 0.956734
328 0.956824
329 0.956467
330 0.956961
331 0.956641
332 0.956688
333 0.956914
334 0.956653
335 0.957188
336 0.957422
337 0.95748
338 0.957425
339 0.957357
340 0.957283
341 0.957554
342 0.957657
343 0.957471
344 0.95737
345 0.958007
346 0.958004
347 0.957769
348 0.95788
349 0.957536
350 0.957457
351 0.957999
352 0.958123
353 0.958043
354 0.957772
355 0.958044
356 0.958071
357 0.958245
358 0.958259
359 0.95828
360 0.958157
361 0.958489
362 0.958628
363 0.958629
364 0.958613
365 0.958361
366 0.958981
367 0.958488
368 0.958682
369 0.958657
370 0.958887
371 0.958693
372 0.958974
373 0.958771
374 0.959243
375 0.959013
376 0.959158
377 0.959207
378 0.958999
379 0.959357
380 0.959128
381 0.959301
382 0.959274
383 0.959526
384 0.959339
385 0.95941
386 0.959185
387 0.95964
388 0.959454
389 0.959652
390 0.959759
391 0.959694
392 0.959925
393 0.95955
394 0.959932
395 0.959841
396 0.959749
397 0.959673
398 0.960095
399 0.959795
400 0.960213
