1 0.166478
2 0.166478
3 0.166478
4 0.166964
5 0.166964
6 0.166964
7 0.166478
8 0.166964
9 0.166478
10 0.166478
11 0.166964
12 0.166478
13 0.166964
14 0.166964
15 0.166478
16 0.166964
17 0.166478
18 0.166478
19 0.166964
20 0.166964
21 0.166478
22 0.166478
23 0.166964
24 0.166478
25 0.166964
26 0.0834979
27 0.0835643
28 0.0558033
29 0.0555243
30 0.0417028
31 0.0414891
32 0.033389
33 0.0335095
34 0.0279258
35 0.0277904
36 0.0238038
37 0.0238349
38 0.020882
39 0.0208239
40 0.0185589
41 0.0186351
42 0.016671
43 0.0166991
44 0.0152204
45 0.0151906
46 0.0139948
47 0.0139288
48 0.0128728
49 0.0128606
50 0.0118543
51 0.0117194
52 0.0112045
53 0.0108733
54 0.0105448
55 0.010319
56 0.00997494
57 0.0098049
58 0.00942694
59 0.00925396
60 0.00905445
61 0.00888369
62 0.00863333
63 0.00852556
64 0.0083251
65 0.00817709
66 0.00796505
67 0.00786909
68 0.00777094
69 0.00765949
70 0.00745605
71 0.00733073
72 0.0071869
73 0.00709052
74 0.00697261
75 0.00685237
76 0.00680079
77 0.00665963
78 0.00657584
79 0.00642259
80 0.0063183
81 0.00627051
82 0.00616788
83 0.00610454
84 0.0060305
85 0.00597266
86 0.00584238
87 0.00575249
88 0.00571642
89 0.00561688
90 0.00557482
91 0.00546545
92 0.00543019
93 0.00536828
94 0.00529464
95 0.00525143
96 0.00514547
97 0.00511588
98 0.00506639
99 0.00503328
100 0.00490946
101 0.00491264
102 0.0048313
103 0.00478086
104 0.00474217
105 0.00467692
106 0.00463176
107 0.00458451
108 0.00452478
109 0.00449966
110 0.00444668
111 0.00441541
112 0.00438363
113 0.00432955
114 0.00428
115 0.00424333
116 0.0041963
117 0.00415602
118 0.0041351
119 0.00412573
120 0.00405401
121 0.00403046
122 0.00400408
123 0.00397843
124 0.00391217
125 0.00391161
126 0.0038553
127 0.00384569
128 0.00379725
129 0.00378138
130 0.00373424
131 0.00371467
132 0.00366836
133 0.00365641
134 0.00363643
135 0.00361758
136 0.00357686
137 0.00357
138 0.00351772
139 0.00349017
140 0.003487
141 0.00345732
142 0.00346472
143 0.00340013
144 0.00336939
145 0.00335972
146 0.00336086
147 0.00334881
148 0.00325449
149 0.00326741
150 0.00324096
151 0.00323196
152 0.00321877
153 0.00320635
154 0.00317225
155 0.00316816
156 0.00311138
157 0.0031329
158 0.00308481
159 0.00311673
160 0.00304129
161 0.0030456
162 0.00302449
163 0.00298416
164 0.00295449
165 0.00299243
166 0.00294332
167 0.00295876
168 0.00295651
169 0.00292265
170 0.0028915
171 0.00286158
172 0.00287293
173 0.00285158
174 0.00283216
175 0.00282465
176 0.00282008
177 0.00279699
178 0.00279439
179 0.00274153
180 0.00274134
181 0.0027196
182 0.00273266
183 0.00269904
184 0.00270101
185 0.00268796
186 0.00266877
187 0.00267732
188 0.0026311
189 0.00263685
190 0.00261
191 0.0026037
192 0.0025695
193 0.00256407
194 0.0025717
195 0.00255679
196 0.00251945
197 0.00257944
198 0.00250564
199 0.00250088
200 0.00252589
201 0.00251424
202 0.00246435
203 0.00247792
204 0.00244422
205 0.00244719
206 0.00242693
207 0.00242857
208 0.00241146
209 0.0024099
210 0.00241326
211 0.00239314
212 0.00238613
213 0.00237726
214 0.0023751
215 0.00235093
216 0.0023476
217 0.00232964
218 0.00232412
219 0.00230981
220 0.00229773
221 0.00229222
222 0.00227649
223 0.00226107
224 0.00229107
225 0.00225188
226 0.00226671
227 0.00225605
228 0.00221978
229 0.00220272
230 0.00222064
231 0.00220011
232 0.00222376
233 0.00222973
234 0.00218518
235 0.00217953
236 0.00216854
237 0.00217721
238 0.00214034
239 0.00214641
240 0.00216566
241 0.00213522
242 0.0021427
243 0.00211951
244 0.00210747
245 0.00209485
246 0.00211587
247 0.00210543
248 0.00208419
249 0.00207394
250 0.00209181
251 0.00205989
252 0.00204211
253 0.00204522
254 0.00202667
255 0.0020456
256 0.00206809
257 0.0020083
258 0.00199297
259 0.00200515
260 0.00201313
261 0.00199986
262 0.00198572
263 0.00198715
264 0.00200052
265 0.001972
266 0.00196036
267 0.00195883
268 0.00196384
269 0.0019621
270 0.00195229
271 0.00191772
272 0.00192141
273 0.00189967
274 0.00191693
275 0.00190887
276 0.00190248
277 0.00189041
278 0.00187749
279 0.00186922
280 0.00187397
281 0.00186384
282 0.00186485
283 0.00184321
284 0.00187668
285 0.00185443
286 0.00185606
287 0.00184528
288 0.00185499
289 0.00183435
290 0.00182972
291 0.00181675
292 0.00182652
293 0.00180847
294 0.00179282
295 0.00181382
296 0.00182723
297 0.00180061
298 0.00179409
299 0.00178368
300 0.00178914
301 0.00177421
302 0.00176119
303 0.00175223
304 0.00174548
305 0.00178137
306 0.00175317
307 0.00173809
308 0.00176218
309 0.0017373
310 0.00171988
311 0.0017281
312 0.00172626
313 0.00174764
314 0.00173769
315 0.00171956
316 0.00170102
317 0.0017175
318 0.00171527
319 0.00171101
320 0.00168771
321 0.00166689
322 0.00169828
323 0.00169353
324 0.00166739
325 0.00167453
326 0.00169222
327 0.00165742
328 0.00164775
329 0.00166476
330 0.00164257
331 0.00164329
332 0.00165485
333 0.00164078
334 0.00165648
335 0.00162229
336 0.00161148
337 0.0016065
338 0.00161143
339 0.00161382
340 0.00161303
341 0.00159276
342 0.00159651
343 0.00159149
344 0.00159482
345 0.00157202
346 0.00157337
347 0.00158507
348 0.00156512
349 0.00159962
350 0.00159463
351 0.0015628
352 0.00155878
353 0.00156198
354 0.00157401
355 0.00156674
356 0.00155702
357 0.00154023
358 0.00154881
359 0.00154212
360 0.00153462
361 0.00153199
362 0.00152819
363 0.00152
364 0.00152555
365 0.00152541
366 0.00151473
367 0.00151715
368 0.00151031
369 0.00151198
370 0.00150166
371 0.00151177
372 0.00150363
373 0.00150563
374 0.00149853
375 0.00149079
376 0.00148171
377 0.00147253
378 0.0014852
379 0.00147572
380 0.00148117
381 0.00148558
382 0.00147361
383 0.0014475
384 0.00146968
385 0.00146421
386 0.001462
387 0.00144704
388 0.00145974
389 0.00144965
390 0.00144777
391 0.00145012
392 0.00143856
393 0.00144752
394 0.00142496
395 0.00143924
396 0.00144397
397 0.00145027
398 0.00142219
399 0.00142878
400 0.00141063
