1 0.500138
2 0.500138
3 0.500046
4 0.5
5 0.499973
6 0.499954
7 0.50002
8 0.5
9 0.500015
10 0.5
11 0.499987
12 0.500023
13 0.49999
14 0.49998
15 0.500009
16 0.499983
17 0.500008
18 0.5
19 0.499993
20 0.5
21 0.500006
22 0.5
23 0.499994
24 0.500012
25 0.499995
26 0.506386
27 0.512251
28 0.5202
29 0.527546
30 0.535642
31 0.543416
32 0.551197
33 0.5586
34 0.566
35 0.573427
36 0.580378
37 0.587149
38 0.593994
39 0.600118
40 0.606351
41 0.612426
42 0.618327
43 0.623769
44 0.629304
45 0.63438
46 0.639531
47 0.644494
48 0.649329
49 0.653963
50 0.658593
51 0.662816
52 0.667109
53 0.671326
54 0.675134
55 0.679117
56 0.682931
57 0.686068
58 0.689977
59 0.693591
60 0.696956
61 0.700301
62 0.703399
63 0.706364
64 0.709679
65 0.712499
66 0.71562
67 0.718194
68 0.720689
69 0.72355
70 0.726008
71 0.728577
72 0.731183
73 0.733725
74 0.735747
75 0.738052
76 0.740309
77 0.742727
78 0.744627
79 0.746945
80 0.748998
81 0.750907
82 0.753009
83 0.754796
84 0.756453
85 0.75859
86 0.760505
87 0.762204
88 0.763779
89 0.765378
90 0.767265
91 0.768856
92 0.770592
93 0.771955
94 0.773879
95 0.775335
96 0.776927
97 0.778081
98 0.779613
99 0.781178
100 0.782591
101 0.783668
102 0.785268
103 0.786571
104 0.787902
105 0.789444
106 0.790437
107 0.791841
108 0.792939
109 0.794135
110 0.795151
111 0.796536
112 0.797692
113 0.798961
114 0.800037
115 0.801125
116 0.802152
117 0.803228
118 0.804246
119 0.805105
120 0.806418
121 0.807359
122 0.808174
123 0.80926
124 0.810215
125 0.81129
126 0.812174
127 0.81328
128 0.813969
129 0.814654
130 0.815917
131 0.816775
132 0.81782
133 0.818572
134 0.819332
135 0.819976
136 0.820991
137 0.821539
138 0.822753
139 0.823571
140 0.824077
141 0.824872
142 0.825624
143 0.826551
144 0.827398
145 0.828079
146 0.828588
147 0.829412
148 0.83042
149 0.830969
150 0.83172
151 0.832069
152 0.832991
153 0.833438
154 0.834206
155 0.834727
156 0.835945
157 0.836352
158 0.837099
159 0.837224
160 0.838224
161 0.838712
162 0.839525
163 0.840129
164 0.840838
165 0.841237
166 0.841906
167 0.842433
168 0.842666
169 0.84369
170 0.8443
171 0.844709
172 0.845003
173 0.845825
174 0.846407
175 0.846841
176 0.847297
177 0.847848
178 0.848432
179 0.849209
180 0.849742
181 0.849998
182 0.850375
183 0.851079
184 0.851432
185 0.851836
186 0.852413
187 0.852808
188 0.853548
189 0.853795
190 0.854516
191 0.854902
192 0.855455
193 0.855776
194 0.856076
195 0.856422
196 0.857234
197 0.857064
198 0.858036
199 0.858581
200 0.858684
201 0.859165
202 0.859776
203 0.859968
204 0.860638
205 0.8613
206 0.861392
207 0.861472
208 0.862181
209 0.862409
210 0.862649
211 0.863095
212 0.863717
213 0.864004
214 0.864653
215 0.864807
216 0.865078
217 0.865649
218 0.865787
219 0.866388
220 0.866709
221 0.867073
222 0.867408
223 0.867701
224 0.867925
225 0.868305
226 0.868921
227 0.868995
228 0.869717
229 0.869985
230 0.870117
231 0.870515
232 0.870677
233 0.87085
234 0.871616
235 0.871798
236 0.872298
237 0.872457
238 0.872794
239 0.873011
240 0.873003
241 0.873785
242 0.873738
243 0.874653
244 0.874704
245 0.874985
246 0.875148
247 0.87546
248 0.875704
249 0.876245
250 0.876119
251 0.876673
252 0.877315
253 0.877479
254 0.878176
255 0.877825
256 0.877787
257 0.878265
258 0.878611
259 0.879057
260 0.879022
261 0.879475
262 0.880118
263 0.879985
264 0.880169
265 0.880545
266 0.880907
267 0.881096
268 0.881229
269 0.881607
270 0.881765
271 0.88251
272 0.882699
273 0.882945
274 0.882967
275 0.883293
276 0.883465
277 0.883764
278 0.883899
279 0.884415
280 0.884428
281 0.884621
282 0.884957
283 0.885221
284 0.885107
285 0.885601
286 0.88585
287 0.886171
288 0.886222
289 0.886518
290 0.886788
291 0.887142
292 0.887132
293 0.887765
294 0.88778
295 0.88787
296 0.88811
297 0.888412
298 0.888735
299 0.888638
300 0.889078
301 0.888975
302 0.889529
303 0.889753
304 0.890003
305 0.889745
306 0.89023
307 0.890635
308 0.890412
309 0.890916
310 0.891294
311 0.891286
312 0.891479
313 0.891544
314 0.891674
315 0.891835
316 0.892387
317 0.892403
318 0.892566
319 0.892947
320 0.893018
321 0.893617
322 0.893301
323 0.893613
324 0.893844
325 0.894148
326 0.894044
327 0.894511
328 0.894857
329 0.894644
330 0.895089
331 0.895033
332 0.895254
333 0.895535
334 0.895599
335 0.896045
336 0.896313
337 0.896277
338 0.896528
339 0.896521
340 0.896588
341 0.896859
342 0.897302
343 0.897333
344 0.897367
345 0.897911
346 0.897964
347 0.898011
348 0.898152
349 0.898184
350 0.898113
351 0.898628
352 0.89902
353 0.899143
354 0.898931
355 0.899215
356 0.899371
357 0.899745
358 0.899858
359 0.899831
360 0.900181
361 0.90037
362 0.900714
363 0.900673
364 0.900746
365 0.900938
366 0.901306
367 0.901229
368 0.901394
369 0.901482
370 0.901687
371 0.901667
372 0.901953
373 0.901944
374 0.902388
375 0.902509
376 0.90259
377 0.902759
378 0.90264
379 0.90305
380 0.902901
381 0.903176
382 0.90354
383 0.903705
384 0.903739
385 0.903857
386 0.903621
387 0.904049
388 0.904197
389 0.904387
390 0.904527
391 0.904656
392 0.904931
393 0.904879
394 0.905144
395 0.905158
396 0.90505
397 0.90536
398 0.905736
399 0.90572
400 0.90596
