3 0.887438
26 0.802539
27 0.717257
28 0.657094
29 0.701704
30 0.666873
31 0.632669
32 0.669861
33 0.629904
34 0.616747
35 0.676004
36 0.633312
37 0.623286
38 0.590966
39 0.623771
40 0.615761
41 0.596715
42 0.627299
43 0.612632
44 0.603044
45 0.639805
46 0.619851
47 0.610758
48 0.593088
49 0.617235
50 0.609845
51 0.488286
52 0.452249
53 0.402077
54 0.418637
55 0.40139
56 0.386797
57 0.396339
58 0.377152
59 0.371479
60 0.390978
61 0.372579
62 0.369075
63 0.351967
64 0.365476
65 0.357696
66 0.35124
67 0.363622
68 0.355578
69 0.352543
70 0.365224
71 0.358497
72 0.355785
73 0.346434
74 0.356321
75 0.351531
76 0.305629
77 0.289244
78 0.264131
79 0.265166
80 0.252676
81 0.245918
82 0.246163
83 0.237546
84 0.233928
85 0.238703
86 0.231392
87 0.229934
88 0.222867
89 0.225376
90 0.221276
91 0.218618
92 0.221494
93 0.217995
94 0.216973
95 0.22098
96 0.217616
97 0.216876
98 0.213359
99 0.216062
100 0.213606
101 0.196036
102 0.189383
103 0.17682
104 0.174797
105 0.168248
106 0.164858
107 0.162674
108 0.158773
109 0.156641
110 0.156945
111 0.15349
112 0.152321
113 0.148597
114 0.149423
115 0.146915
116 0.145604
117 0.145506
118 0.144218
119 0.143453
120 0.144475
121 0.142515
122 0.142091
123 0.140596
124 0.141143
125 0.139835
126 0.133347
127 0.130579
128 0.124678
129 0.1232
130 0.119486
131 0.117443
132 0.115662
133 0.113539
134 0.111912
135 0.111423
136 0.10988
137 0.109019
138 0.10743
139 0.106844
140 0.105335
141 0.104586
142 0.104057
143 0.103076
144 0.102638
145 0.102425
146 0.10177
147 0.101226
148 0.100375
149 0.100364
150 0.0996254
151 0.0971309
152 0.0957764
153 0.0931733
154 0.0921521
155 0.0905844
156 0.0892066
157 0.0880461
158 0.0868484
159 0.0858459
160 0.0851253
161 0.0841579
162 0.0836223
163 0.082638
164 0.0820087
165 0.0814379
166 0.0806276
167 0.0801604
168 0.0795081
169 0.0790602
170 0.0787586
171 0.0780066
172 0.0778526
173 0.0772713
174 0.0769203
175 0.076454
176 0.0755546
177 0.0746889
178 0.0736176
179 0.0730029
180 0.0720179
181 0.0713572
182 0.0706203
183 0.0698448
184 0.0692239
185 0.0686816
186 0.0681455
187 0.0675348
188 0.0670667
189 0.0665265
190 0.0661225
191 0.0655552
192 0.0651632
193 0.0646188
194 0.0641776
195 0.0639495
196 0.063513
197 0.0632256
198 0.0627312
199 0.0624195
200 0.0620644
201 0.0614418
202 0.0610209
203 0.0604842
204 0.0601165
205 0.059413
206 0.0591143
207 0.0586442
208 0.0582107
209 0.0576435
210 0.0573516
211 0.0569211
212 0.0563958
213 0.0560951
214 0.0556509
215 0.0552622
216 0.0549014
217 0.0545874
218 0.0541705
219 0.0538082
220 0.0535545
221 0.053079
222 0.0528848
223 0.0524917
224 0.0522332
225 0.0519841
226 0.0515577
227 0.0513727
228 0.0510567
229 0.0507495
230 0.0505264
231 0.0501143
232 0.0497401
233 0.049334
234 0.0490074
235 0.0486883
236 0.0484311
237 0.0481343
238 0.0478674
239 0.047575
240 0.0471958
241 0.0468132
242 0.0465876
243 0.046206
244 0.0459451
245 0.045592
246 0.0453457
247 0.0451463
248 0.0448145
249 0.044601
250 0.0443448
251 0.0439769
252 0.0437427
253 0.0435014
254 0.0432148
255 0.0429799
256 0.0427431
257 0.0424165
258 0.0421768
259 0.0418454
260 0.0416064
261 0.0414628
262 0.0411403
263 0.0408838
264 0.0406308
265 0.0403803
266 0.0400631
267 0.0398422
268 0.0396331
269 0.0393674
270 0.0391391
271 0.038923
272 0.0386751
273 0.0384632
274 0.0382423
275 0.0380591
276 0.0378642
277 0.0375489
278 0.0374463
279 0.0371761
280 0.0369372
281 0.0368021
282 0.0365307
283 0.0363072
284 0.0361079
285 0.0359399
286 0.0357218
287 0.035572
288 0.0352688
289 0.0351366
290 0.0349474
291 0.0347505
292 0.0345075
293 0.0344441
294 0.0341587
295 0.0339914
296 0.0338824
297 0.0336321
298 0.0335172
299 0.033296
300 0.0331355
301 0.0328989
302 0.0327652
303 0.0325863
304 0.03249
305 0.0323318
306 0.0320867
307 0.0319744
308 0.0317666
309 0.0316346
310 0.0314987
311 0.0313055
312 0.0311317
313 0.0309897
314 0.0308376
315 0.0307137
316 0.0305401
317 0.0304313
318 0.0302421
319 0.0302165
320 0.0300069
321 0.02987
322 0.0296576
323 0.029549
324 0.0293869
325 0.0292809
326 0.029196
327 0.028925
328 0.0288638
329 0.0287129
330 0.0285794
331 0.0284205
332 0.0283666
333 0.0282375
334 0.0280985
335 0.0278941
336 0.0278414
337 0.0277367
338 0.0276071
339 0.0274865
340 0.0273818
341 0.0273003
342 0.0270886
343 0.0269396
344 0.0269465
345 0.0268262
346 0.0266439
347 0.0265458
348 0.0263802
349 0.0263988
350 0.0262603
351 0.0261259
352 0.0260024
353 0.0259586
354 0.0258013
355 0.0256625
356 0.0256613
357 0.0254975
358 0.0253881
359 0.0253035
360 0.0251971
361 0.0251291
362 0.0249763
363 0.0248347
364 0.0247426
365 0.0247612
366 0.024612
367 0.0245559
368 0.0243881
369 0.0244307
370 0.0242425
371 0.0242665
372 0.0240412
373 0.0239751
374 0.0238805
375 0.0237653
376 0.0236922
377 0.0235415
378 0.0234817
379 0.0235093
380 0.0233115
381 0.0232402
382 0.0231449
383 0.0230047
384 0.0229964
385 0.0228441
386 0.0228602
387 0.0227616
388 0.02265
389 0.0226169
390 0.0224728
391 0.0224469
392 0.0222825
393 0.0222997
394 0.0221793
395 0.0221493
396 0.0220729
397 0.0219591
398 0.0219526
399 0.0218062
400 0.0217183
