1 0.230347
2 0.230347
3 0.230347
4 0.230347
5 0.230347
6 0.230347
7 0.230347
8 0.230347
9 0.230347
10 0.230347
11 0.230347
12 0.230347
13 0.230347
14 0.230347
15 0.230347
16 0.230347
17 0.230347
18 0.230347
19 0.230347
20 0.230347
21 0.230347
22 0.230347
23 0.230347
24 0.230347
25 0.230347
26 0.229619
27 0.228689
28 0.227827
29 0.226853
30 0.225853
31 0.22488
32 0.22406
33 0.2231
34 0.222136
35 0.221356
36 0.22049
37 0.219603
38 0.218881
39 0.218073
40 0.217335
41 0.216608
42 0.215944
43 0.215239
44 0.214556
45 0.213912
46 0.213286
47 0.212712
48 0.212222
49 0.211745
50 0.211282
51 0.210668
52 0.209986
53 0.209226
54 0.208445
55 0.207665
56 0.206881
57 0.206292
58 0.205602
59 0.204809
60 0.204271
61 0.203563
62 0.202778
63 0.202088
64 0.201424
65 0.200871
66 0.200292
67 0.199687
68 0.199052
69 0.198474
70 0.197912
71 0.197345
72 0.196941
73 0.196372
74 0.195823
75 0.195298
76 0.19479
77 0.194252
78 0.193684
79 0.193047
80 0.192492
81 0.191851
82 0.191343
83 0.190763
84 0.190159
85 0.189797
86 0.189111
87 0.188646
88 0.188087
89 0.187474
90 0.18705
91 0.186561
92 0.186002
93 0.185499
94 0.185
95 0.184514
96 0.184051
97 0.183633
98 0.183196
99 0.182723
100 0.182301
101 0.181764
102 0.181308
103 0.180862
104 0.180396
105 0.179938
106 0.179426
107 0.17896
108 0.178426
109 0.178121
110 0.17764
111 0.177163
112 0.176747
113 0.176284
114 0.175813
115 0.175425
116 0.174948
117 0.174599
118 0.174056
119 0.173775
120 0.173317
121 0.172849
122 0.172499
123 0.17209
124 0.171699
125 0.171323
126 0.170936
127 0.170565
128 0.170181
129 0.169796
130 0.169369
131 0.168977
132 0.168589
133 0.16816
134 0.167815
135 0.167361
136 0.167035
137 0.166702
138 0.166274
139 0.165913
140 0.165506
141 0.16522
142 0.164849
143 0.164469
144 0.164153
145 0.163745
146 0.16339
147 0.163063
148 0.162723
149 0.162356
150 0.162049
151 0.161735
152 0.161334
153 0.160983
154 0.160695
155 0.160393
156 0.160042
157 0.159655
158 0.159383
159 0.159036
160 0.158652
161 0.158383
162 0.158058
163 0.157696
164 0.157307
165 0.157062
166 0.156749
167 0.1564
168 0.156133
169 0.155855
170 0.155495
171 0.155131
172 0.154874
173 0.154557
174 0.154239
175 0.153919
176 0.153661
177 0.153337
178 0.15306
179 0.152779
180 0.152479
181 0.152182
182 0.151913
183 0.151618
184 0.151309
185 0.151018
186 0.150718
187 0.150457
188 0.150165
189 0.149807
190 0.149639
191 0.149322
192 0.148993
193 0.148758
194 0.148443
195 0.148155
196 0.14788
197 0.147692
198 0.147324
199 0.147075
200 0.146846
201 0.146578
202 0.146339
203 0.145959
204 0.145738
205 0.145508
206 0.145224
207 0.145015
208 0.144743
209 0.144456
210 0.144264
211 0.143985
212 0.143761
213 0.143507
214 0.143177
215 0.142988
216 0.142739
217 0.142453
218 0.142208
219 0.141893
220 0.141666
221 0.141427
222 0.141225
223 0.140981
224 0.140711
225 0.140478
226 0.140238
227 0.140074
228 0.139795
229 0.139534
230 0.139349
231 0.139092
232 0.138837
233 0.138527
234 0.138332
235 0.138143
236 0.13787
237 0.137637
238 0.137495
239 0.137263
240 0.136952
241 0.136735
242 0.1366
243 0.13632
244 0.135993
245 0.135818
246 0.135626
247 0.135462
248 0.135203
249 0.134968
250 0.134804
251 0.134541
252 0.134331
253 0.134208
254 0.133993
255 0.133678
256 0.133526
257 0.133274
258 0.133051
259 0.13286
260 0.132607
261 0.132485
262 0.132297
263 0.132084
264 0.13179
265 0.131692
266 0.131432
267 0.131224
268 0.130994
269 0.130797
270 0.130605
271 0.130328
272 0.130241
273 0.129998
274 0.129729
275 0.129592
276 0.129382
277 0.129206
278 0.129056
279 0.128877
280 0.128571
281 0.128452
282 0.128239
283 0.128
284 0.127807
285 0.127639
286 0.127418
287 0.127234
288 0.127004
289 0.12691
290 0.126651
291 0.126463
292 0.126221
293 0.126088
294 0.125848
295 0.125645
296 0.125511
297 0.125283
298 0.125077
299 0.124905
300 0.124722
301 0.124464
302 0.124312
303 0.124101
304 0.123983
305 0.123803
306 0.123592
307 0.123463
308 0.123165
309 0.122958
310 0.122854
311 0.122628
312 0.122472
313 0.122248
314 0.122087
315 0.121894
316 0.121699
317 0.121545
318 0.12128
319 0.121193
320 0.121003
321 0.120735
322 0.120547
323 0.120366
324 0.120222
325 0.120087
326 0.119849
327 0.119659
328 0.119486
329 0.119258
330 0.119083
331 0.118963
332 0.11876
333 0.118525
334 0.118469
335 0.118261
336 0.118059
337 0.117896
338 0.117707
339 0.117548
340 0.117365
341 0.117191
342 0.116981
343 0.116797
344 0.116598
345 0.116485
346 0.116307
347 0.116141
348 0.115889
349 0.115753
350 0.11559
351 0.115437
352 0.115256
353 0.115097
354 0.114887
355 0.114706
356 0.114594
357 0.1144
358 0.11423
359 0.114056
360 0.113808
361 0.113705
362 0.113543
363 0.113302
364 0.113223
365 0.113069
366 0.112831
367 0.112742
368 0.112566
369 0.112437
370 0.11221
371 0.112117
372 0.111893
373 0.11172
374 0.111521
375 0.111398
376 0.111199
377 0.111041
378 0.110892
379 0.110743
380 0.110465
381 0.110382
382 0.110224
383 0.110016
384 0.109888
385 0.109716
386 0.109601
387 0.109452
388 0.109301
389 0.109171
390 0.108973
391 0.108867
392 0.108635
393 0.10852
394 0.10835
395 0.108196
396 0.108032
397 0.107864
398 0.107749
399 0.107576
400 0.107387
