1 1.62308
2 0.891246
3 0.604591
4 0.523573
5 0.537352
6 0.594963
7 0.672771
8 0.759636
9 0.850574
10 0.943442
11 1.03721
12 1.13117
13 1.22552
14 1.32006
15 1.41447
16 0.650416
17 0.391655
18 0.338792
19 0.36617
20 0.420796
21 0.481276
22 0.500781
23 0.479994
24 0.422124
25 0.35814
26 0.303511
27 0.271831
28 0.255586
29 0.241655
30 0.22608
31 0.211933
32 0.198202
33 0.185818
34 0.174916
35 0.164432
36 0.154819
37 0.146409
38 0.139414
39 0.133457
40 0.128209
41 0.123659
42 0.11979
43 0.116495
44 0.113521
45 0.110741
46 0.10835
47 0.106151
48 0.104162
49 0.102407
50 0.100914
51 0.0995057
52 0.0981965
53 0.0969359
54 0.0958135
55 0.0946591
56 0.0936845
57 0.0927128
58 0.0918203
59 0.0910697
60 0.0902855
61 0.0894111
62 0.0885056
63 0.087685
64 0.0869594
65 0.0861745
66 0.0854546
67 0.084725
68 0.0839969
69 0.0833565
70 0.0826667
71 0.0820473
72 0.0813778
73 0.0807769
74 0.0801589
75 0.079557
76 0.0789453
77 0.078431
78 0.0778332
79 0.0772678
80 0.0767514
81 0.0761103
82 0.0756449
83 0.0750908
84 0.0745949
85 0.0741619
86 0.0736287
87 0.0731756
88 0.0726902
89 0.0721943
90 0.0716816
91 0.0712164
92 0.0706988
93 0.0701731
94 0.0696962
95 0.0692573
96 0.06879
97 0.0683559
98 0.0678717
99 0.0673959
100 0.0669576
101 0.0664639
102 0.0660028
103 0.0655486
104 0.0651408
105 0.0647167
106 0.0642297
107 0.0638105
108 0.0634028
109 0.0629692
110 0.0625432
111 0.062105
112 0.0616739
113 0.0612422
114 0.0608281
115 0.0604397
116 0.0599886
117 0.0595463
118 0.0591366
119 0.0587675
120 0.0583707
121 0.0580357
122 0.0576438
123 0.0572085
124 0.056864
125 0.0564772
126 0.0561031
127 0.0557119
128 0.055343
129 0.0549616
130 0.0546287
131 0.054272
132 0.0539323
133 0.0536035
134 0.0532177
135 0.0528732
136 0.0525463
137 0.0522
138 0.0518463
139 0.0515251
140 0.0512239
141 0.050864
142 0.0505576
143 0.0502254
144 0.0499117
145 0.0495951
146 0.0492968
147 0.0490263
148 0.0487766
149 0.0484485
150 0.0482013
151 0.0478918
152 0.0476031
153 0.0473231
154 0.0470551
155 0.0467513
156 0.0465185
157 0.046224
158 0.0459512
159 0.0456798
160 0.0454451
161 0.0451872
162 0.0449509
163 0.0447376
164 0.0444622
165 0.0442217
166 0.0439831
167 0.0438011
168 0.0435347
169 0.0432717
170 0.0430451
171 0.0428118
172 0.0426095
173 0.0424002
174 0.0421573
175 0.0419036
176 0.0417091
177 0.0414981
178 0.0412809
179 0.0410841
180 0.0408802
181 0.0406998
182 0.040477
183 0.0402812
184 0.0400721
185 0.0398831
186 0.0396841
187 0.0394818
188 0.0392864
189 0.0391351
190 0.0389567
191 0.0387375
192 0.0385812
193 0.0383936
194 0.0382274
195 0.0380629
196 0.0378831
197 0.0377217
198 0.0375635
199 0.0373767
200 0.037166
201 0.0369937
202 0.0368389
203 0.0366782
204 0.0364886
205 0.0363284
206 0.0361678
207 0.0360379
208 0.035893
209 0.0357523
210 0.035565
211 0.0353981
212 0.0352289
213 0.0350737
214 0.0349373
215 0.0347799
216 0.034638
217 0.0345125
218 0.0343445
219 0.0341997
220 0.0340932
221 0.0339188
222 0.0337973
223 0.0336499
224 0.0335057
225 0.0333873
226 0.0332437
227 0.0330975
228 0.0329562
229 0.0328213
230 0.0327041
231 0.0325754
232 0.0324327
233 0.0323199
234 0.0321872
235 0.03206
236 0.0319387
237 0.0317949
238 0.0316732
239 0.0315299
240 0.031419
241 0.0312796
242 0.031193
243 0.0310696
244 0.0309358
245 0.0308244
246 0.0307139
247 0.0306106
248 0.0305002
249 0.0303909
250 0.0302798
251 0.0301742
252 0.0300235
253 0.0299171
254 0.0298081
255 0.0297013
256 0.0295948
257 0.0294935
258 0.0293984
259 0.0292949
260 0.0291899
261 0.0290706
262 0.0289627
263 0.0288571
264 0.028762
265 0.0286441
266 0.0285351
267 0.0284304
268 0.0283222
269 0.0282396
270 0.0281306
271 0.0280362
272 0.0279428
273 0.0278333
274 0.0277337
275 0.0276287
276 0.0275116
277 0.0274421
278 0.0273404
279 0.0272517
280 0.0271501
281 0.0270628
282 0.0269642
283 0.02686
284 0.026785
285 0.0266825
286 0.0265974
287 0.0265153
288 0.0264417
289 0.0263655
290 0.0262944
291 0.0261569
292 0.0260802
293 0.0260077
294 0.0259126
295 0.0258206
296 0.025762
297 0.0256748
298 0.0256007
299 0.0255069
300 0.0254266
301 0.0253373
302 0.0252445
303 0.0251748
304 0.0250854
305 0.024999
306 0.0249195
307 0.0248267
308 0.0247695
309 0.0246959
310 0.0246231
311 0.024517
312 0.0244507
313 0.0243497
314 0.0242789
315 0.0241784
316 0.0240989
317 0.0240491
318 0.0239627
319 0.0239061
320 0.0238282
321 0.0237602
322 0.0236869
323 0.0236185
324 0.0235344
325 0.0234326
326 0.0233744
327 0.023315
328 0.0232392
329 0.0231724
330 0.0231176
331 0.0230576
332 0.0229765
333 0.0229145
334 0.0228351
335 0.0227626
336 0.0226978
337 0.022634
338 0.0225685
339 0.0225073
340 0.0224466
341 0.0223588
342 0.0222706
343 0.0222209
344 0.0221733
345 0.0221024
346 0.022034
347 0.0219641
348 0.0219013
349 0.0218335
350 0.0217693
351 0.0217057
352 0.0216533
353 0.0215855
354 0.0215242
355 0.0214679
356 0.021405
357 0.0213449
358 0.0212869
359 0.02124
360 0.0211692
361 0.0211071
362 0.0210646
363 0.0210024
364 0.0209266
365 0.0208686
366 0.020804
367 0.020755
368 0.020704
369 0.0206369
370 0.0205825
371 0.0205236
372 0.0204768
373 0.0204124
374 0.0203443
375 0.0203118
376 0.0202651
377 0.0202049
378 0.0201479
379 0.0201059
380 0.0200432
381 0.0199811
382 0.0199423
383 0.0198679
384 0.0198287
385 0.0197827
386 0.0197145
387 0.0196531
388 0.0195983
389 0.0195363
390 0.0194937
391 0.0194589
392 0.0193952
393 0.0193323
394 0.019278
395 0.0192449
396 0.019182
397 0.0191443
398 0.019096
399 0.0190371
400 0.018998
