1 0.5
2 0.353491
3 0.288633
4 0.25008
5 0.223927
6 0.204266
7 0.188962
8 0.176885
9 0.166652
10 0.158125
11 0.150714
12 0.144317
13 0.138681
14 0.133432
15 0.1292
16 0.124959
17 0.121339
18 0.117712
19 0.114724
20 0.111934
21 0.108941
22 0.106679
23 0.104278
24 0.102
25 0.100242
26 0.0985887
27 0.0967425
28 0.0950082
29 0.0938742
30 0.0923473
31 0.0907949
32 0.0895036
33 0.0883148
34 0.0877948
35 0.0866228
36 0.0854518
37 0.0846744
38 0.0843507
39 0.0838949
40 0.0835241
41 0.0833848
42 0.0824095
43 0.0822274
44 0.0824619
45 0.0820187
46 0.0813708
47 0.0811515
48 0.0809879
49 0.0809973
50 0.0807733
51 0.0804554
52 0.0799006
53 0.0798077
54 0.0789602
55 0.0789652
56 0.0786366
57 0.0786449
58 0.0782892
59 0.0777167
60 0.0774555
61 0.0771222
62 0.0766362
63 0.0764953
64 0.0760313
65 0.0765991
66 0.0761607
67 0.0761351
68 0.0760348
69 0.0758838
70 0.0757405
71 0.0755995
72 0.0751793
73 0.0747501
74 0.0752581
75 0.0750533
76 0.0752797
77 0.0749456
78 0.0748563
79 0.0749251
80 0.074595
81 0.0744553
82 0.0746717
83 0.0740839
84 0.0737489
85 0.0740656
86 0.0730976
87 0.0731483
88 0.0729045
89 0.0725235
90 0.072192
91 0.0719016
92 0.0713118
93 0.0708675
94 0.0707827
95 0.0704789
96 0.0699539
97 0.0695355
98 0.0695807
99 0.06897
100 0.0687823
101 0.0681273
102 0.0684961
103 0.0677876
104 0.0672154
105 0.0667469
106 0.0664006
107 0.0663798
108 0.0657965
109 0.0652338
110 0.0653157
111 0.0645086
112 0.0645342
113 0.0640638
114 0.063803
115 0.0636601
116 0.0636479
117 0.063325
118 0.0631039
119 0.062656
120 0.0622937
121 0.0620665
122 0.0618806
123 0.061896
124 0.0614362
125 0.0612949
126 0.060829
127 0.0614762
128 0.0607888
129 0.0602825
130 0.0603358
131 0.0606543
132 0.0604986
133 0.0601144
134 0.0603223
135 0.0603139
136 0.059918
137 0.059918
138 0.0597277
139 0.0593566
140 0.0596433
141 0.0596331
142 0.0597037
143 0.0597569
144 0.0592432
145 0.0596875
146 0.0591677
147 0.0592344
148 0.0593119
149 0.0589464
150 0.0592739
151 0.0591501
152 0.0590881
153 0.0590389
154 0.0589831
155 0.0593061
156 0.0590139
157 0.0590179
158 0.0590805
159 0.0592714
160 0.0591241
161 0.0590505
162 0.0589669
163 0.0587877
164 0.0593083
165 0.0589937
166 0.0588526
167 0.0590043
168 0.0588412
169 0.0586685
170 0.0601835
171 0.0600636
172 0.0582218
173 0.0589341
174 0.0591022
175 0.0593545
176 0.0591493
177 0.0591098
178 0.0587563
179 0.0594694
180 0.0589816
181 0.0589583
182 0.0590515
183 0.0591123
184 0.0591932
185 0.0591249
186 0.058552
187 0.0597549
188 0.0592309
189 0.0593478
190 0.0592226
191 0.059214
192 0.059112
193 0.0595941
194 0.0593566
195 0.0596995
196 0.0595961
197 0.0598012
198 0.0596038
199 0.059788
200 0.0596805
201 0.0596376
202 0.0596551
203 0.0600052
204 0.0595473
205 0.0606737
206 0.0595853
207 0.0600072
208 0.0600497
209 0.0596873
210 0.0596865
211 0.0601721
212 0.0600293
213 0.0598894
214 0.0604575
215 0.0602041
216 0.0600119
217 0.0602471
218 0.060189
219 0.0599245
220 0.0604565
221 0.0605146
222 0.060301
223 0.0603208
224 0.0604762
225 0.0602333
226 0.0605171
227 0.0607422
228 0.0607331
229 0.0606076
230 0.060603
231 0.0606076
232 0.0609362
233 0.0611152
234 0.0607501
235 0.0607996
236 0.0608767
237 0.0608601
238 0.0608863
239 0.061112
240 0.0610061
241 0.0612297
242 0.0612601
243 0.0612577
244 0.0613167
245 0.0615598
246 0.0614646
247 0.0613908
248 0.0615041
249 0.0615251
250 0.0616903
251 0.0615919
252 0.061402
253 0.0614163
254 0.0617929
255 0.0628194
256 0.0617183
257 0.0601501
258 0.0612917
259 0.0617719
260 0.0615348
261 0.0615561
262 0.061576
263 0.062109
264 0.0619862
265 0.0617792
266 0.0619006
267 0.0622628
268 0.0621147
269 0.0618638
270 0.061769
271 0.0617456
272 0.0620177
273 0.0620619
274 0.0621922
275 0.0622106
276 0.0620055
277 0.0621931
278 0.0618638
279 0.062247
280 0.0623319
281 0.0623028
282 0.0623355
283 0.0622113
284 0.0624301
285 0.0623083
286 0.0624876
287 0.0622408
288 0.0622314
289 0.0625138
290 0.0628002
291 0.062303
292 0.0623279
293 0.0622657
294 0.0624017
295 0.0622633
296 0.0625303
297 0.0625381
298 0.0625262
299 0.0626512
300 0.0626234
301 0.0625169
302 0.0625731
303 0.062526
304 0.0624602
305 0.0628336
306 0.0625801
307 0.0621943
308 0.0625979
309 0.0625069
310 0.0628168
311 0.0626153
312 0.0627619
313 0.0626338
314 0.0627755
315 0.0628118
316 0.0627406
317 0.0629755
318 0.0626966
319 0.0630152
320 0.0626981
321 0.0630819
322 0.062743
323 0.0628599
324 0.0628528
325 0.062841
326 0.0627411
327 0.0627914
328 0.0630382
329 0.0628156
330 0.0629769
331 0.0627339
332 0.0629135
333 0.0629821
334 0.062756
335 0.0629559
336 0.0627717
337 0.0628742
338 0.0629293
339 0.0628443
340 0.0629514
341 0.0625317
342 0.0629076
343 0.0630852
344 0.0630006
345 0.0630259
346 0.062882
347 0.0630164
348 0.062909
349 0.0629677
350 0.0630214
351 0.063248
352 0.0629253
353 0.0629464
354 0.0631718
355 0.0630526
356 0.0630266
357 0.0629023
358 0.0629727
359 0.0630824
360 0.0629528
361 0.0630831
362 0.0628995
363 0.0629575
364 0.0629786
365 0.0629639
366 0.0627961
367 0.0628101
368 0.0630337
369 0.0629992
370 0.0628405
371 0.0631223
372 0.0628362
373 0.0629504
374 0.0632671
375 0.0628438
376 0.062895
377 0.0631985
378 0.0628263
379 0.0628791
380 0.0630077
381 0.0629175
382 0.0627871
383 0.0632388
384 0.0629523
385 0.0627536
386 0.0630871
387 0.0629675
388 0.0629149
389 0.063218
390 0.062747
391 0.0629436
392 0.0629057
393 0.0631614
394 0.0629769
395 0.0628806
396 0.0629928
397 0.0629904
398 0.063105
399 0.0626969
400 0.0629076
