1 0.120584
2 0.120584
3 0.120584
4 0.120584
5 0.120584
6 0.120584
7 0.120584
8 0.120584
9 0.120584
10 0.120584
11 0.120584
12 0.101396
13 0.107745
14 0.0969995
15 0.10366
16 0.109204
17 0.113086
18 0.106861
19 0.110821
20 0.113553
21 0.10897
22 0.111895
23 0.100586
24 0.100035
25 0.0948847
26 0.0974656
27 0.102288
28 0.104595
29 0.102214
30 0.104512
31 0.106697
32 0.104393
33 0.106002
34 0.0940326
35 0.0797073
36 0.073814
37 0.0668405
38 0.0597504
39 0.053736
40 0.0506647
41 0.0473724
42 0.0439611
43 0.0420912
44 0.0404818
45 0.0384264
46 0.0375
47 0.0363355
48 0.0349894
49 0.0342321
50 0.0334972
51 0.0327413
52 0.0318562
53 0.0311753
54 0.0307551
55 0.0299572
56 0.0298183
57 0.02919
58 0.0286241
59 0.0282843
60 0.0279083
61 0.0275449
62 0.0271477
63 0.0266135
64 0.0264113
65 0.0259902
66 0.0256907
67 0.0253512
68 0.0250134
69 0.024443
70 0.0242985
71 0.0240628
72 0.0237022
73 0.0233824
74 0.023204
75 0.0228367
76 0.0225314
77 0.0222609
78 0.0221325
79 0.0218327
80 0.02165
81 0.0213576
82 0.0212016
83 0.020893
84 0.0207474
85 0.02046
86 0.0203451
87 0.0200437
88 0.0199132
89 0.0196884
90 0.0195287
91 0.0193096
92 0.0191471
93 0.0189473
94 0.018776
95 0.0185713
96 0.0184542
97 0.0183512
98 0.0180863
99 0.0180235
100 0.0178245
101 0.0177528
102 0.0175208
103 0.017448
104 0.0173087
105 0.017017
106 0.0169634
107 0.0169236
108 0.016689
109 0.0166311
110 0.0163854
111 0.0163404
112 0.0162603
113 0.016115
114 0.0159636
115 0.0159837
116 0.0157902
117 0.0157443
118 0.0156076
119 0.0154898
120 0.0153987
121 0.0152726
122 0.0151225
123 0.0151161
124 0.0149725
125 0.0148702
126 0.0147962
127 0.0148024
128 0.0146274
129 0.0145534
130 0.0144302
131 0.0143701
132 0.01427
133 0.0141909
134 0.0140823
135 0.0140104
136 0.0139598
137 0.0138916
138 0.0138337
139 0.0138013
140 0.0137608
141 0.0135878
142 0.0134491
143 0.0134251
144 0.0134039
145 0.0133954
146 0.0132942
147 0.0132598
148 0.0131473
149 0.013073
150 0.0130229
151 0.0129367
152 0.0128519
153 0.0128142
154 0.0127707
155 0.0127214
156 0.0126155
157 0.0126207
158 0.0125911
159 0.0125189
160 0.0124662
161 0.0123841
162 0.0122584
163 0.0123542
164 0.0122624
165 0.0121759
166 0.0121425
167 0.0121161
168 0.0120358
169 0.0119711
170 0.0118971
171 0.0119583
172 0.0118099
173 0.0118084
174 0.0117526
175 0.0117718
176 0.0117204
177 0.0116369
178 0.0115908
179 0.0115235
180 0.0114807
181 0.0114866
182 0.0113994
183 0.0114229
184 0.0113761
185 0.0113574
186 0.0112901
187 0.0112544
188 0.0112804
189 0.0112026
190 0.0111455
191 0.011106
192 0.0111469
193 0.0110527
194 0.0109771
195 0.0109321
196 0.0109796
197 0.0109234
198 0.0108958
199 0.0108263
200 0.0107934
201 0.0107753
202 0.0107715
203 0.0107381
204 0.0107353
205 0.010739
206 0.0106057
207 0.0106121
208 0.0105645
209 0.0104853
210 0.0104982
211 0.0104919
212 0.0104963
213 0.0104384
214 0.0103738
215 0.0103783
216 0.0103384
217 0.0103239
218 0.0102509
219 0.0102336
220 0.0101657
221 0.0102274
222 0.0101786
223 0.010115
224 0.0101732
225 0.0101353
226 0.010094
227 0.0100133
228 0.010041
229 0.0100202
230 0.0100078
231 0.0100208
232 0.0099437
233 0.0099372
234 0.00997627
235 0.00996884
236 0.00983557
237 0.00984491
238 0.00982473
239 0.00982419
240 0.00973819
241 0.00975444
242 0.00980623
243 0.00970692
244 0.00966544
245 0.00972204
246 0.00965109
247 0.00959816
248 0.00961824
249 0.00964173
250 0.0095799
251 0.00960907
252 0.00954897
253 0.00954902
254 0.00954616
255 0.00949009
256 0.00947724
257 0.00949186
258 0.00945615
259 0.00948952
260 0.00942044
261 0.00934541
262 0.00936768
263 0.00935511
264 0.00928549
265 0.00930887
266 0.00932166
267 0.00927596
268 0.00929332
269 0.00926645
270 0.00925151
271 0.0092112
272 0.00921149
273 0.00924108
274 0.00916815
275 0.00917403
276 0.00919119
277 0.00911
278 0.00915498
279 0.00912241
280 0.00913153
281 0.00909539
282 0.0090394
283 0.00908282
284 0.00905011
285 0.00900446
286 0.00903255
287 0.00896112
288 0.00896285
289 0.00891207
290 0.00897253
291 0.00897793
292 0.00894637
293 0.00891746
294 0.00893087
295 0.00890196
296 0.00890663
297 0.00887074
298 0.0088888
299 0.00882269
300 0.00882264
301 0.00883503
302 0.00881793
303 0.00886658
304 0.00879712
305 0.00885054
306 0.00879463
307 0.00874576
308 0.00871808
309 0.00871985
310 0.00866252
311 0.00870598
312 0.00869837
313 0.00869856
314 0.0086925
315 0.00865068
316 0.00865951
317 0.0086282
318 0.00863313
319 0.00864976
320 0.00861013
321 0.00856882
322 0.00858654
323 0.00859097
324 0.00856921
325 0.00861522
326 0.00855828
327 0.00853345
328 0.0085237
329 0.0085488
330 0.008535
331 0.0084866
332 0.00844307
333 0.00849784
334 0.00849139
335 0.00843885
336 0.00844076
337 0.00846498
338 0.00844001
339 0.00845846
340 0.00839759
341 0.00840356
342 0.00843191
343 0.00841281
344 0.00834708
345 0.00838689
346 0.00837712
347 0.00834308
348 0.00832632
349 0.0083197
350 0.00836491
351 0.00832345
352 0.00837343
353 0.00829087
354 0.00827936
355 0.00828733
356 0.00831218
357 0.00829207
358 0.00824627
359 0.0082619
360 0.00821079
361 0.00825859
362 0.00825931
363 0.00824498
364 0.00825753
365 0.00816479
366 0.00826939
367 0.00820774
368 0.00821103
369 0.00813389
370 0.00817878
371 0.00814029
372 0.00816878
373 0.00816382
374 0.00809408
375 0.00815905
376 0.00810548
377 0.0081282
378 0.00808704
379 0.00810881
380 0.00810045
381 0.00808023
382 0.0081176
383 0.00808694
384 0.00806612
385 0.00807916
386 0.00809426
387 0.00807385
388 0.00803636
389 0.00805998
390 0.00806204
391 0.00802621
392 0.00804619
393 0.00797654
394 0.00798343
395 0.00801835
396 0.00795266
397 0.00801552
398 0.00799873
399 0.00798219
400 0.00798871
