1 0.299581
2 0.299715
3 0.299695
4 0.300245
5 0.299823
6 0.299829
7 0.299765
8 0.299723
9 0.29982
10 0.299734
11 0.299817
12 0.301416
13 0.302358
14 0.30384
15 0.304761
16 0.305056
17 0.305107
18 0.305763
19 0.305829
20 0.305887
21 0.306231
22 0.306331
23 0.306938
24 0.307454
25 0.308309
26 0.308889
27 0.309021
28 0.309442
29 0.309766
30 0.309931
31 0.30986
32 0.310387
33 0.310351
34 0.310862
35 0.311734
36 0.312721
37 0.313799
38 0.315028
39 0.316415
40 0.317724
41 0.319168
42 0.320474
43 0.321867
44 0.323093
45 0.324408
46 0.325626
47 0.326909
48 0.328186
49 0.329382
50 0.330535
51 0.33166
52 0.332767
53 0.33373
54 0.33482
55 0.335875
56 0.336762
57 0.337738
58 0.338724
59 0.339651
60 0.340504
61 0.34141
62 0.342129
63 0.343052
64 0.343768
65 0.344644
66 0.345411
67 0.346177
68 0.346828
69 0.347599
70 0.348175
71 0.348973
72 0.349634
73 0.350313
74 0.350903
75 0.351534
76 0.352148
77 0.352771
78 0.353303
79 0.353828
80 0.354405
81 0.355041
82 0.355518
83 0.35607
84 0.356623
85 0.357044
86 0.357651
87 0.358113
88 0.358555
89 0.359069
90 0.359478
91 0.359997
92 0.360354
93 0.360812
94 0.361274
95 0.361755
96 0.362124
97 0.36252
98 0.363
99 0.363351
100 0.363765
101 0.364114
102 0.364531
103 0.364853
104 0.365239
105 0.365666
106 0.365935
107 0.366318
108 0.366651
109 0.367029
110 0.367346
111 0.367685
112 0.368
113 0.368361
114 0.368652
115 0.368915
116 0.369239
117 0.369532
118 0.369864
119 0.37015
120 0.370459
121 0.370715
122 0.371019
123 0.37132
124 0.371604
125 0.371849
126 0.372098
127 0.372372
128 0.372699
129 0.372927
130 0.373169
131 0.373364
132 0.373589
133 0.373916
134 0.374176
135 0.374366
136 0.374583
137 0.374843
138 0.375083
139 0.375241
140 0.375467
141 0.375771
142 0.376007
143 0.376228
144 0.376401
145 0.37661
146 0.376892
147 0.37696
148 0.377277
149 0.377487
150 0.37769
151 0.377909
152 0.378064
153 0.378202
154 0.378436
155 0.378607
156 0.378831
157 0.378959
158 0.379177
159 0.379328
160 0.379539
161 0.379693
162 0.379867
163 0.379978
164 0.380222
165 0.380363
166 0.380614
167 0.3807
168 0.380894
169 0.381047
170 0.381246
171 0.3813
172 0.381583
173 0.381682
174 0.381838
175 0.381969
176 0.382143
177 0.382307
178 0.382438
179 0.382588
180 0.382811
181 0.382912
182 0.382999
183 0.383166
184 0.383339
185 0.383457
186 0.383565
187 0.383734
188 0.383824
189 0.38402
190 0.384121
191 0.384284
192 0.384339
193 0.384532
194 0.384659
195 0.384814
196 0.384895
197 0.385004
198 0.385111
199 0.385322
200 0.385462
201 0.385512
202 0.385633
203 0.385762
204 0.385861
205 0.386073
206 0.386145
207 0.386193
208 0.386342
209 0.386489
210 0.386554
211 0.386671
212 0.386793
213 0.386925
214 0.386991
215 0.387065
216 0.387259
217 0.387348
218 0.387413
219 0.387577
220 0.387678
221 0.387727
222 0.387823
223 0.387972
224 0.38806
225 0.388162
226 0.388246
227 0.388343
228 0.388424
229 0.388516
230 0.38858
231 0.388687
232 0.388836
233 0.388936
234 0.388942
235 0.389029
236 0.389213
237 0.389277
238 0.389346
239 0.389435
240 0.389609
241 0.389615
242 0.389693
243 0.389836
244 0.389939
245 0.389977
246 0.390089
247 0.39018
248 0.390207
249 0.390298
250 0.390435
251 0.390454
252 0.390539
253 0.390614
254 0.390701
255 0.390818
256 0.390911
257 0.390949
258 0.391026
259 0.391108
260 0.391192
261 0.391268
262 0.391364
263 0.391445
264 0.391521
265 0.39158
266 0.391642
267 0.391717
268 0.391788
269 0.391865
270 0.391941
271 0.392037
272 0.392079
273 0.392143
274 0.392205
275 0.392248
276 0.39234
277 0.39245
278 0.392455
279 0.39252
280 0.392651
281 0.392674
282 0.392757
283 0.392837
284 0.392881
285 0.393014
286 0.392999
287 0.393124
288 0.393168
289 0.393213
290 0.39325
291 0.393319
292 0.393395
293 0.393459
294 0.393487
295 0.393602
296 0.39362
297 0.393688
298 0.393747
299 0.393844
300 0.393871
301 0.393933
302 0.393939
303 0.393999
304 0.394114
305 0.394124
306 0.394231
307 0.394314
308 0.394349
309 0.394371
310 0.394511
311 0.394504
312 0.394569
313 0.394593
314 0.394632
315 0.394722
316 0.394811
317 0.394828
318 0.394883
319 0.394897
320 0.39499
321 0.395057
322 0.395093
323 0.395122
324 0.395179
325 0.395194
326 0.395259
327 0.395347
328 0.395432
329 0.395416
330 0.395495
331 0.395529
332 0.395607
333 0.395629
334 0.395707
335 0.395769
336 0.395778
337 0.395832
338 0.395847
339 0.395861
340 0.396023
341 0.395966
342 0.395985
343 0.396111
344 0.396172
345 0.396168
346 0.396237
347 0.396296
348 0.396362
349 0.396424
350 0.396423
351 0.396479
352 0.396486
353 0.396554
354 0.396655
355 0.396617
356 0.396698
357 0.396737
358 0.396807
359 0.396823
360 0.396907
361 0.396907
362 0.396927
363 0.396974
364 0.39701
365 0.397086
366 0.397042
367 0.397153
368 0.397196
369 0.397269
370 0.397281
371 0.397353
372 0.397348
373 0.397373
374 0.397472
375 0.397455
376 0.397539
377 0.397538
378 0.397604
379 0.397641
380 0.397702
381 0.397725
382 0.397728
383 0.397736
384 0.397844
385 0.397861
386 0.397865
387 0.397952
388 0.397975
389 0.39804
390 0.397995
391 0.398116
392 0.398095
393 0.398178
394 0.398203
395 0.398197
396 0.39829
397 0.398288
398 0.398339
399 0.398373
400 0.398387
