1 0.458075
2 0.33819
3 0.287231
4 0.258676
5 0.239133
6 0.225583
7 0.215184
8 0.207113
9 0.200488
10 0.195324
11 0.190691
12 0.182407
13 0.174192
14 0.168847
15 0.163978
16 0.159336
17 0.155135
18 0.152285
19 0.149656
20 0.147121
21 0.145313
22 0.143707
23 0.140908
24 0.138266
25 0.135613
26 0.133695
27 0.131607
28 0.129807
29 0.128381
30 0.127156
31 0.12578
32 0.124789
33 0.124172
34 0.123208
35 0.122302
36 0.121619
37 0.121058
38 0.12031
39 0.11978
40 0.11905
41 0.118367
42 0.118158
43 0.11778
44 0.117365
45 0.117076
46 0.116917
47 0.116628
48 0.1164
49 0.116321
50 0.116075
51 0.116046
52 0.116063
53 0.116006
54 0.115987
55 0.115798
56 0.115726
57 0.115849
58 0.115839
59 0.11561
60 0.115722
61 0.115685
62 0.115597
63 0.115603
64 0.115528
65 0.115594
66 0.115853
67 0.115772
68 0.115804
69 0.115969
70 0.115786
71 0.115904
72 0.11593
73 0.115823
74 0.11592
75 0.115986
76 0.116074
77 0.116075
78 0.116304
79 0.116138
80 0.116288
81 0.116379
82 0.116318
83 0.116478
84 0.116371
85 0.116402
86 0.116484
87 0.116584
88 0.116643
89 0.116636
90 0.116722
91 0.116695
92 0.116742
93 0.117095
94 0.116925
95 0.116904
96 0.116948
97 0.116927
98 0.116948
99 0.117131
100 0.116971
101 0.117095
102 0.117112
103 0.117101
104 0.117224
105 0.117197
106 0.117265
107 0.117348
108 0.117311
109 0.117357
110 0.117387
111 0.117414
112 0.11748
113 0.117663
114 0.117705
115 0.117636
116 0.117621
117 0.117619
118 0.117642
119 0.117609
120 0.117777
121 0.117747
122 0.117752
123 0.117818
124 0.117857
125 0.117851
126 0.117862
127 0.117886
128 0.117899
129 0.11794
130 0.118045
131 0.118042
132 0.118034
133 0.118068
134 0.118073
135 0.118103
136 0.118101
137 0.118124
138 0.118286
139 0.118218
140 0.118256
141 0.118351
142 0.118281
143 0.118243
144 0.118343
145 0.118306
146 0.118237
147 0.118324
148 0.11834
149 0.11843
150 0.118502
151 0.118432
152 0.118473
153 0.118546
154 0.118557
155 0.118541
156 0.118641
157 0.118603
158 0.118534
159 0.118659
160 0.118594
161 0.118696
162 0.118644
163 0.118609
164 0.118627
165 0.118685
166 0.118757
167 0.118718
168 0.118729
169 0.118751
170 0.11867
171 0.118993
172 0.118723
173 0.118793
174 0.11884
175 0.118857
176 0.118864
177 0.118829
178 0.119024
179 0.118858
180 0.118935
181 0.118826
182 0.118977
183 0.118965
184 0.118971
185 0.118987
186 0.119002
187 0.118965
188 0.11901
189 0.11897
190 0.119049
191 0.119069
192 0.11909
193 0.119107
194 0.119154
195 0.119047
196 0.119072
197 0.119181
198 0.119114
199 0.11912
200 0.11917
201 0.119161
202 0.119191
203 0.11923
204 0.119163
205 0.118888
206 0.119198
207 0.119282
208 0.119198
209 0.119263
210 0.119267
211 0.119176
212 0.119255
213 0.11929
214 0.119252
215 0.119355
216 0.119347
217 0.119248
218 0.119263
219 0.119301
220 0.119281
221 0.119376
222 0.119408
223 0.119367
224 0.119363
225 0.119367
226 0.119404
227 0.119427
228 0.119449
229 0.119417
230 0.119431
231 0.119488
232 0.119455
233 0.119464
234 0.11951
235 0.119462
236 0.119439
237 0.119439
238 0.119412
239 0.119454
240 0.119465
241 0.119589
242 0.119511
243 0.119568
244 0.11951
245 0.119564
246 0.119517
247 0.119482
248 0.119576
249 0.119588
250 0.119597
251 0.119549
252 0.11955
253 0.119573
254 0.119577
255 0.119569
256 0.119579
257 0.119563
258 0.119605
259 0.119645
260 0.119621
261 0.11966
262 0.119662
263 0.119638
264 0.119611
265 0.119653
266 0.119686
267 0.119647
268 0.11966
269 0.119615
270 0.119724
271 0.119646
272 0.119658
273 0.119705
274 0.119645
275 0.1197
276 0.119678
277 0.119702
278 0.119673
279 0.119762
280 0.11973
281 0.119701
282 0.119814
283 0.119765
284 0.119777
285 0.119727
286 0.119788
287 0.11976
288 0.119722
289 0.119715
290 0.119744
291 0.119765
292 0.11985
293 0.119835
294 0.119754
295 0.119784
296 0.119754
297 0.119837
298 0.119778
299 0.119811
300 0.119819
301 0.119826
302 0.119851
303 0.11987
304 0.119859
305 0.119797
306 0.119838
307 0.119787
308 0.119856
309 0.119895
310 0.119835
311 0.119855
312 0.11986
313 0.119847
314 0.119854
315 0.119803
316 0.119894
317 0.119867
318 0.119897
319 0.119809
320 0.119912
321 0.119883
322 0.11986
323 0.119936
324 0.119854
325 0.119896
326 0.119895
327 0.119933
328 0.119985
329 0.119924
330 0.119933
331 0.119916
332 0.119927
333 0.119988
334 0.120003
335 0.119957
336 0.11998
337 0.119899
338 0.119947
339 0.119961
340 0.119954
341 0.120223
342 0.120106
343 0.119987
344 0.119944
345 0.119976
346 0.119972
347 0.119969
348 0.119966
349 0.119949
350 0.119953
351 0.119984
352 0.120017
353 0.119996
354 0.120012
355 0.119899
356 0.120045
357 0.119966
358 0.120014
359 0.120065
360 0.120076
361 0.120056
362 0.119981
363 0.119944
364 0.120056
365 0.120049
366 0.120096
367 0.119968
368 0.12004
369 0.120013
370 0.120005
371 0.12005
372 0.120077
373 0.120055
374 0.11998
375 0.120066
376 0.120036
377 0.120062
378 0.120041
379 0.120058
380 0.119976
381 0.120053
382 0.120091
383 0.120086
384 0.120014
385 0.120083
386 0.120044
387 0.12006
388 0.120129
389 0.120015
390 0.120101
391 0.120043
392 0.120076
393 0.120134
394 0.120149
395 0.120089
396 0.120163
397 0.120045
398 0.120109
399 0.120053
400 0.120114
