1 0.299581
2 0.299955
3 0.299542
4 0.300402
5 0.299414
6 0.299939
7 0.300154
8 0.300717
9 0.299969
10 0.299308
11 0.299471
12 0.318704
13 0.312431
14 0.323967
15 0.316533
16 0.310612
17 0.307419
18 0.313508
19 0.309319
20 0.306681
21 0.31095
22 0.308941
23 0.319963
24 0.320427
25 0.325581
26 0.322337
27 0.317541
28 0.315819
29 0.318223
30 0.316759
31 0.313487
32 0.316066
33 0.314043
34 0.325851
35 0.340799
36 0.345988
37 0.353729
38 0.360633
39 0.36668
40 0.37033
41 0.372628
42 0.376301
43 0.377867
44 0.379584
45 0.381982
46 0.383872
47 0.383854
48 0.385336
49 0.386112
50 0.387015
51 0.388456
52 0.388205
53 0.389528
54 0.390477
55 0.390883
56 0.391025
57 0.39147
58 0.39195
59 0.392399
60 0.392569
61 0.392198
62 0.393809
63 0.393544
64 0.394012
65 0.394321
66 0.395504
67 0.394435
68 0.395771
69 0.395614
70 0.396353
71 0.395548
72 0.396486
73 0.396684
74 0.39735
75 0.397869
76 0.398035
77 0.397483
78 0.398222
79 0.398857
80 0.398722
81 0.398768
82 0.399373
83 0.399782
84 0.400529
85 0.399899
86 0.400211
87 0.399901
88 0.4004
89 0.400382
90 0.400507
91 0.400587
92 0.401328
93 0.401244
94 0.402183
95 0.401655
96 0.402296
97 0.401977
98 0.401337
99 0.402497
100 0.402374
101 0.402276
102 0.403493
103 0.402858
104 0.403355
105 0.403643
106 0.403783
107 0.404816
108 0.404137
109 0.404444
110 0.403616
111 0.403997
112 0.404684
113 0.404245
114 0.40382
115 0.404808
116 0.404617
117 0.40489
118 0.404671
119 0.405045
120 0.404805
121 0.405408
122 0.405246
123 0.405824
124 0.405515
125 0.406125
126 0.40628
127 0.404959
128 0.405987
129 0.405986
130 0.40733
131 0.406805
132 0.405388
133 0.405998
134 0.406611
135 0.40719
136 0.405796
137 0.407556
138 0.406813
139 0.406703
140 0.406003
141 0.406985
142 0.408297
143 0.406731
144 0.406845
145 0.40715
146 0.407283
147 0.407127
148 0.407681
149 0.406576
150 0.407362
151 0.407316
152 0.407207
153 0.40846
154 0.406788
155 0.407646
156 0.408086
157 0.407041
158 0.40866
159 0.40779
160 0.408468
161 0.408306
162 0.407559
163 0.408137
164 0.408437
165 0.40847
166 0.408762
167 0.407705
168 0.408738
169 0.409115
170 0.40902
171 0.408208
172 0.408333
173 0.408337
174 0.409093
175 0.408504
176 0.407077
177 0.409657
178 0.409047
179 0.409089
180 0.4083
181 0.40948
182 0.408908
183 0.409451
184 0.409237
185 0.40887
186 0.409538
187 0.409546
188 0.409354
189 0.408669
190 0.409556
191 0.409617
192 0.408713
193 0.409103
194 0.40963
195 0.410179
196 0.409506
197 0.40909
198 0.409655
199 0.409989
200 0.409911
201 0.408949
202 0.410048
203 0.409443
204 0.41
205 0.408997
206 0.410474
207 0.410138
208 0.40937
209 0.410226
210 0.410666
211 0.409759
212 0.409773
213 0.409586
214 0.410471
215 0.410349
216 0.409909
217 0.40987
218 0.409944
219 0.410698
220 0.410468
221 0.410412
222 0.41024
223 0.410653
224 0.410478
225 0.41066
226 0.41018
227 0.410241
228 0.41036
229 0.410469
230 0.410182
231 0.409264
232 0.411314
233 0.409968
234 0.409784
235 0.410598
236 0.410036
237 0.410324
238 0.410835
239 0.410927
240 0.410403
241 0.410304
242 0.41084
243 0.410259
244 0.410561
245 0.411309
246 0.411563
247 0.41036
248 0.410669
249 0.410463
250 0.411366
251 0.410599
252 0.410691
253 0.411094
254 0.411467
255 0.41093
256 0.41081
257 0.410138
258 0.410341
259 0.410724
260 0.411393
261 0.410912
262 0.411298
263 0.411184
264 0.411317
265 0.412175
266 0.411257
267 0.411163
268 0.411612
269 0.411104
270 0.41057
271 0.411465
272 0.411261
273 0.411603
274 0.411225
275 0.411156
276 0.4106
277 0.411893
278 0.410556
279 0.412093
280 0.411273
281 0.410833
282 0.410667
283 0.412336
284 0.410682
285 0.411898
286 0.410997
287 0.41111
288 0.411695
289 0.41205
290 0.411015
291 0.411657
292 0.41172
293 0.411546
294 0.41101
295 0.411174
296 0.41283
297 0.412043
298 0.412249
299 0.411347
300 0.411434
301 0.411663
302 0.410821
303 0.411415
304 0.410859
305 0.410974
306 0.411161
307 0.412803
308 0.411193
309 0.41182
310 0.410731
311 0.412114
312 0.411037
313 0.412138
314 0.411131
315 0.412115
316 0.4118
317 0.412116
318 0.411496
319 0.412904
320 0.411976
321 0.411263
322 0.411621
323 0.412356
324 0.411235
325 0.411472
326 0.412209
327 0.412507
328 0.411515
329 0.411895
330 0.412579
331 0.411633
332 0.411513
333 0.411355
334 0.411764
335 0.411935
336 0.412395
337 0.412064
338 0.412614
339 0.411993
340 0.413
341 0.412476
342 0.411999
343 0.412057
344 0.411402
345 0.412273
346 0.411609
347 0.411456
348 0.412515
349 0.412099
350 0.412024
351 0.410895
352 0.412386
353 0.412225
354 0.411588
355 0.411587
356 0.411551
357 0.41179
358 0.413362
359 0.411558
360 0.412789
361 0.41197
362 0.412601
363 0.412321
364 0.412583
365 0.41269
366 0.413097
367 0.412329
368 0.4119
369 0.412907
370 0.411496
371 0.412376
372 0.41231
373 0.4113
374 0.412723
375 0.411718
376 0.412137
377 0.412084
378 0.412397
379 0.412201
380 0.412592
381 0.412718
382 0.413078
383 0.413354
384 0.413628
385 0.412573
386 0.412637
387 0.411659
388 0.41267
389 0.412403
390 0.412118
391 0.411954
392 0.413413
393 0.412855
394 0.411661
395 0.411902
396 0.411984
397 0.412641
398 0.412503
399 0.412502
400 0.412543
