1 0.333334
2 0.333334
3 0.333334
4 0.333334
5 0.333334
6 0.333334
7 0.333334
8 0.333334
9 0.333334
10 0.333334
11 0.333334
12 0.393808
13 0.374124
14 0.4095
15 0.388129
16 0.369575
17 0.356696
18 0.37712
19 0.363664
20 0.354618
21 0.369846
22 0.359749
23 0.398014
24 0.398481
25 0.417403
26 0.407279
27 0.390212
28 0.381644
29 0.390663
30 0.382266
31 0.374697
32 0.382555
33 0.376901
34 0.421703
35 0.475273
36 0.498947
37 0.527121
38 0.554313
39 0.578595
40 0.591711
41 0.60493
42 0.618919
43 0.627046
44 0.634438
45 0.643063
46 0.646963
47 0.652653
48 0.659048
49 0.661939
50 0.665783
51 0.668639
52 0.672711
53 0.676359
54 0.678492
55 0.683103
56 0.683263
57 0.686501
58 0.689591
59 0.690918
60 0.69298
61 0.695066
62 0.696558
63 0.70012
64 0.701259
65 0.702883
66 0.704771
67 0.707103
68 0.709517
69 0.71215
70 0.713462
71 0.71459
72 0.716877
73 0.719246
74 0.71987
75 0.722034
76 0.724253
77 0.725645
78 0.726291
79 0.72795
80 0.729121
81 0.731137
82 0.731923
83 0.734006
84 0.735268
85 0.736983
86 0.737919
87 0.739892
88 0.741161
89 0.742073
90 0.743164
91 0.744626
92 0.745792
93 0.747027
94 0.747583
95 0.74969
96 0.750025
97 0.751017
98 0.752476
99 0.753065
100 0.754705
101 0.755123
102 0.756634
103 0.757127
104 0.758251
105 0.760035
106 0.760488
107 0.76089
108 0.762269
109 0.762845
110 0.7647
111 0.765068
112 0.765708
113 0.766827
114 0.768117
115 0.768021
116 0.769477
117 0.769713
118 0.770567
119 0.771316
120 0.772306
121 0.773051
122 0.774178
123 0.77412
124 0.775428
125 0.7757
126 0.776357
127 0.776348
128 0.777895
129 0.778406
130 0.779769
131 0.780485
132 0.78102
133 0.781226
134 0.782266
135 0.782401
136 0.782952
137 0.783526
138 0.784189
139 0.784271
140 0.784423
141 0.786274
142 0.787218
143 0.787472
144 0.7874
145 0.787887
146 0.78826
147 0.788921
148 0.789509
149 0.790226
150 0.790204
151 0.791216
152 0.792063
153 0.792062
154 0.79274
155 0.792832
156 0.793576
157 0.793984
158 0.79392
159 0.794384
160 0.79517
161 0.795731
162 0.796832
163 0.79636
164 0.797039
165 0.797892
166 0.798007
167 0.798489
168 0.799001
169 0.799154
170 0.799884
171 0.799087
172 0.800384
173 0.800447
174 0.801372
175 0.801396
176 0.801839
177 0.802112
178 0.802782
179 0.803452
180 0.803199
181 0.803454
182 0.804522
183 0.804456
184 0.804569
185 0.804635
186 0.805573
187 0.805637
188 0.805472
189 0.806392
190 0.807021
191 0.806621
192 0.80704
193 0.807505
194 0.80803
195 0.808674
196 0.808324
197 0.80871
198 0.809108
199 0.809844
200 0.809667
201 0.810216
202 0.809645
203 0.810279
204 0.810676
205 0.810548
206 0.811616
207 0.811654
208 0.81134
209 0.812658
210 0.812833
211 0.812716
212 0.812688
213 0.813228
214 0.813573
215 0.813392
216 0.813809
217 0.814189
218 0.814923
219 0.814912
220 0.815213
221 0.815061
222 0.815816
223 0.81584
224 0.815532
225 0.816166
226 0.816619
227 0.817148
228 0.816721
229 0.817212
230 0.817713
231 0.817162
232 0.817888
233 0.818142
234 0.817525
235 0.817675
236 0.818319
237 0.818929
238 0.81893
239 0.819065
240 0.81975
241 0.819834
242 0.818996
243 0.820162
244 0.820721
245 0.820123
246 0.820883
247 0.821232
248 0.821027
249 0.820485
250 0.821734
251 0.821432
252 0.821695
253 0.821797
254 0.821597
255 0.822316
256 0.822053
257 0.822778
258 0.822818
259 0.822373
260 0.822781
261 0.823558
262 0.823739
263 0.823671
264 0.824259
265 0.824144
266 0.823828
267 0.824929
268 0.824156
269 0.824879
270 0.824782
271 0.825069
272 0.824988
273 0.825132
274 0.825744
275 0.825317
276 0.825825
277 0.825791
278 0.825717
279 0.826123
280 0.825968
281 0.826338
282 0.827195
283 0.826606
284 0.826744
285 0.827009
286 0.827167
287 0.827913
288 0.827451
289 0.828344
290 0.827432
291 0.827448
292 0.827853
293 0.828196
294 0.827819
295 0.828454
296 0.828759
297 0.828524
298 0.828694
299 0.829162
300 0.829536
301 0.828798
302 0.829534
303 0.828706
304 0.829623
305 0.828792
306 0.829848
307 0.82966
308 0.829961
309 0.830019
310 0.831261
311 0.830617
312 0.830876
313 0.830432
314 0.830408
315 0.831117
316 0.830497
317 0.830812
318 0.831433
319 0.831217
320 0.831204
321 0.831993
322 0.831668
323 0.831413
324 0.831806
325 0.831555
326 0.831907
327 0.832089
328 0.832625
329 0.83225
330 0.83214
331 0.832986
332 0.833411
333 0.833074
334 0.832876
335 0.833049
336 0.833323
337 0.833168
338 0.833646
339 0.83306
340 0.833928
341 0.83387
342 0.833279
343 0.833626
344 0.834322
345 0.833909
346 0.833766
347 0.834857
348 0.834718
349 0.834567
350 0.834454
351 0.834966
352 0.834457
353 0.835173
354 0.835082
355 0.835196
356 0.834909
357 0.834897
358 0.835432
359 0.835135
360 0.835965
361 0.835709
362 0.835141
363 0.835211
364 0.835471
365 0.836382
366 0.834925
367 0.836136
368 0.835815
369 0.837049
370 0.836328
371 0.836865
372 0.836436
373 0.83689
374 0.837304
375 0.836389
376 0.836901
377 0.837509
378 0.837289
379 0.837515
380 0.837162
381 0.83732
382 0.837281
383 0.837436
384 0.837378
385 0.83745
386 0.836949
387 0.837845
388 0.838049
389 0.837982
390 0.837655
391 0.838328
392 0.837982
393 0.838875
394 0.838559
395 0.838361
396 0.838914
397 0.8382
398 0.838503
399 0.839013
400 0.838673
