1 0.499213
2 0.500605
3 0.500789
4 0.499594
5 0.50017
6 0.500609
7 0.499887
8 0.500524
9 0.499448
10 0.500322
11 0.500224
12 0.499328
13 0.499301
14 0.499665
15 0.501404
16 0.499973
17 0.501107
18 0.499588
19 0.500052
20 0.500422
21 0.500373
22 0.500407
23 0.500027
24 0.499919
25 0.500264
26 0.501428
27 0.503455
28 0.505864
29 0.507099
30 0.50981
31 0.510389
32 0.512471
33 0.514089
34 0.51518
35 0.517318
36 0.518263
37 0.52004
38 0.521192
39 0.522543
40 0.52446
41 0.525386
42 0.526328
43 0.527935
44 0.528938
45 0.530799
46 0.5317
47 0.531988
48 0.532841
49 0.534186
50 0.536617
51 0.536971
52 0.538542
53 0.53969
54 0.540741
55 0.541527
56 0.543302
57 0.543328
58 0.546097
59 0.545851
60 0.54847
61 0.548035
62 0.549335
63 0.551428
64 0.551232
65 0.552
66 0.553873
67 0.553588
68 0.555489
69 0.557156
70 0.558116
71 0.558682
72 0.559983
73 0.560449
74 0.560441
75 0.561283
76 0.56285
77 0.563516
78 0.564166
79 0.565092
80 0.566154
81 0.566963
82 0.567524
83 0.568925
84 0.568424
85 0.570121
86 0.570096
87 0.57057
88 0.571926
89 0.572333
90 0.572591
91 0.573849
92 0.573365
93 0.576002
94 0.575213
95 0.575679
96 0.576371
97 0.577229
98 0.577606
99 0.577809
100 0.578211
101 0.579224
102 0.579909
103 0.579732
104 0.580114
105 0.580897
106 0.581353
107 0.582492
108 0.582474
109 0.581273
110 0.582838
111 0.58258
112 0.582729
113 0.584042
114 0.584831
115 0.584493
116 0.585014
117 0.584991
118 0.584957
119 0.58619
120 0.585925
121 0.587318
122 0.587491
123 0.5861
124 0.587539
125 0.588574
126 0.588022
127 0.589004
128 0.589646
129 0.588928
130 0.589299
131 0.590715
132 0.591352
133 0.590804
134 0.590744
135 0.591079
136 0.591709
137 0.591922
138 0.592545
139 0.592766
140 0.593492
141 0.593211
142 0.593662
143 0.594141
144 0.594431
145 0.595084
146 0.594951
147 0.595807
148 0.596268
149 0.59629
150 0.596635
151 0.597384
152 0.597646
153 0.598289
154 0.598401
155 0.597939
156 0.597831
157 0.598816
158 0.598986
159 0.60005
160 0.600092
161 0.600097
162 0.60017
163 0.600938
164 0.601156
165 0.60082
166 0.600931
167 0.601593
168 0.601283
169 0.60242
170 0.602884
171 0.602886
172 0.603318
173 0.604367
174 0.602329
175 0.604165
176 0.60447
177 0.605296
178 0.605725
179 0.606091
180 0.605979
181 0.606801
182 0.606661
183 0.606741
184 0.607366
185 0.606913
186 0.607415
187 0.608469
188 0.60702
189 0.607554
190 0.608053
191 0.608306
192 0.61047
193 0.610098
194 0.610158
195 0.609428
196 0.610893
197 0.610152
198 0.610718
199 0.611362
200 0.611387
201 0.611402
202 0.611547
203 0.612193
204 0.612771
205 0.612881
206 0.613061
207 0.61404
208 0.614592
209 0.613489
210 0.613902
211 0.61448
212 0.615367
213 0.614516
214 0.615206
215 0.614734
216 0.616215
217 0.615971
218 0.615959
219 0.616004
220 0.617074
221 0.616496
222 0.616696
223 0.617525
224 0.61808
225 0.618617
226 0.619373
227 0.618159
228 0.619594
229 0.619515
230 0.618974
231 0.620251
232 0.619932
233 0.620917
234 0.620833
235 0.620449
236 0.621201
237 0.620997
238 0.621048
239 0.622669
240 0.621727
241 0.621308
242 0.62178
243 0.622254
244 0.622752
245 0.623374
246 0.623139
247 0.623525
248 0.623978
249 0.62362
250 0.624451
251 0.625154
252 0.624794
253 0.624439
254 0.624508
255 0.624977
256 0.625571
257 0.625531
258 0.625979
259 0.625829
260 0.62622
261 0.627035
262 0.626622
263 0.627152
264 0.627181
265 0.627422
266 0.627426
267 0.627089
268 0.628828
269 0.627697
270 0.627513
271 0.628589
272 0.629021
273 0.628759
274 0.62866
275 0.630103
276 0.629486
277 0.629101
278 0.629866
279 0.630023
280 0.630206
281 0.630635
282 0.629722
283 0.630842
284 0.630446
285 0.631262
286 0.631211
287 0.631793
288 0.6314
289 0.631906
290 0.632222
291 0.632442
292 0.632046
293 0.632454
294 0.632774
295 0.632936
296 0.633559
297 0.634204
298 0.633971
299 0.634251
300 0.634237
301 0.634292
302 0.633824
303 0.635573
304 0.634005
305 0.635522
306 0.635168
307 0.635429
308 0.63631
309 0.636284
310 0.636005
311 0.636201
312 0.635594
313 0.636252
314 0.635913
315 0.636015
316 0.63686
317 0.636558
318 0.637187
319 0.637356
320 0.637742
321 0.63859
322 0.638082
323 0.637455
324 0.637922
325 0.637769
326 0.638454
327 0.638423
328 0.639281
329 0.639567
330 0.639363
331 0.639157
332 0.639057
333 0.639461
334 0.639204
335 0.639673
336 0.64053
337 0.640641
338 0.64041
339 0.641434
340 0.640862
341 0.640687
342 0.641086
343 0.640993
344 0.641206
345 0.641579
346 0.642333
347 0.64208
348 0.642957
349 0.642777
350 0.64265
351 0.64267
352 0.642913
353 0.643099
354 0.642479
355 0.643433
356 0.643565
357 0.643303
358 0.643915
359 0.643084
360 0.643692
361 0.644413
362 0.644551
363 0.644767
364 0.644324
365 0.644407
366 0.643929
367 0.645134
368 0.645147
369 0.644678
370 0.644677
371 0.645017
372 0.645308
373 0.646682
374 0.645516
375 0.646128
376 0.646335
377 0.645811
378 0.646946
379 0.646848
380 0.64691
381 0.647496
382 0.646515
383 0.647021
384 0.647792
385 0.648133
386 0.648365
387 0.648831
388 0.648106
389 0.648437
390 0.648619
391 0.647956
392 0.648685
393 0.647649
394 0.649087
395 0.649007
396 0.648978
397 0.647959
398 0.649295
399 0.649778
400 0.649599
