1 0.06636
2 0.066375
3 0.0665835
4 0.0666915
5 0.0667086
6 0.0667284
7 0.0667524
8 0.0666853
9 0.0666063
10 0.0666095
11 0.0666302
12 0.0666363
13 0.0666155
14 0.0666417
15 0.0666308
16 0.0666231
17 0.0666518
18 0.0666478
19 0.0666361
20 0.066659
21 0.0666305
22 0.0666401
23 0.0666537
24 0.0666618
25 0.0666767
26 0.0667348
27 0.0668722
28 0.0670657
29 0.0672787
30 0.0675954
31 0.0678959
32 0.068245
33 0.0685795
34 0.0689852
35 0.0693925
36 0.0698693
37 0.0703012
38 0.0707773
39 0.0712603
40 0.0717809
41 0.072318
42 0.0728342
43 0.0733814
44 0.0738985
45 0.0744672
46 0.0750252
47 0.0756184
48 0.0762162
49 0.0768141
50 0.0774187
51 0.0779984
52 0.0785913
53 0.0791965
54 0.0798146
55 0.0804241
56 0.0810614
57 0.0816924
58 0.0823187
59 0.08298
60 0.0836514
61 0.0843053
62 0.0849708
63 0.0856419
64 0.0863369
65 0.0870135
66 0.0877029
67 0.0884348
68 0.0891404
69 0.0898656
70 0.0905956
71 0.0913023
72 0.0920312
73 0.0927588
74 0.0934941
75 0.0942257
76 0.0949636
77 0.0957085
78 0.096458
79 0.097191
80 0.0979373
81 0.0986808
82 0.0994411
83 0.100163
84 0.100922
85 0.101672
86 0.10242
87 0.10316
88 0.103917
89 0.104642
90 0.105427
91 0.106143
92 0.106903
93 0.107624
94 0.108375
95 0.109111
96 0.109848
97 0.110569
98 0.111307
99 0.112017
100 0.112761
101 0.11348
102 0.114203
103 0.114923
104 0.115639
105 0.11635
106 0.117062
107 0.117776
108 0.11849
109 0.119177
110 0.119872
111 0.120579
112 0.121261
113 0.121931
114 0.122644
115 0.123307
116 0.123993
117 0.124669
118 0.125336
119 0.126007
120 0.12667
121 0.127338
122 0.127996
123 0.128652
124 0.129295
125 0.129955
126 0.130611
127 0.131261
128 0.131886
129 0.132543
130 0.133173
131 0.133801
132 0.134429
133 0.135067
134 0.135692
135 0.136315
136 0.136935
137 0.137564
138 0.138183
139 0.1388
140 0.139422
141 0.140025
142 0.140645
143 0.14126
144 0.141859
145 0.142444
146 0.143056
147 0.143677
148 0.144271
149 0.144859
150 0.145464
151 0.146068
152 0.146652
153 0.147243
154 0.147834
155 0.148423
156 0.149015
157 0.149587
158 0.150183
159 0.150759
160 0.15134
161 0.151914
162 0.152491
163 0.153073
164 0.153641
165 0.154212
166 0.154775
167 0.155354
168 0.155923
169 0.156485
170 0.157057
171 0.157633
172 0.158186
173 0.158745
174 0.159306
175 0.159867
176 0.160429
177 0.160995
178 0.161554
179 0.162106
180 0.162664
181 0.163217
182 0.163775
183 0.164316
184 0.164865
185 0.16541
186 0.165935
187 0.166514
188 0.167056
189 0.167599
190 0.168134
191 0.16868
192 0.169218
193 0.16976
194 0.170289
195 0.170848
196 0.171363
197 0.171906
198 0.172432
199 0.172965
200 0.173503
201 0.17404
202 0.174564
203 0.175092
204 0.175616
205 0.176171
206 0.176674
207 0.1772
208 0.177726
209 0.178259
210 0.178785
211 0.179291
212 0.179816
213 0.180333
214 0.18085
215 0.181364
216 0.181878
217 0.182406
218 0.182914
219 0.183429
220 0.18394
221 0.184451
222 0.184964
223 0.185472
224 0.18598
225 0.186487
226 0.186992
227 0.187498
228 0.188022
229 0.188525
230 0.189028
231 0.189532
232 0.190036
233 0.190535
234 0.191054
235 0.191538
236 0.192041
237 0.192542
238 0.193036
239 0.193538
240 0.194036
241 0.194509
242 0.195031
243 0.195532
244 0.196022
245 0.196512
246 0.197006
247 0.197489
248 0.197988
249 0.198472
250 0.198965
251 0.199453
252 0.199943
253 0.200428
254 0.200916
255 0.201396
256 0.201879
257 0.202371
258 0.202848
259 0.203321
260 0.203802
261 0.204275
262 0.204758
263 0.205234
264 0.205711
265 0.206187
266 0.206662
267 0.207134
268 0.207615
269 0.208085
270 0.208561
271 0.209028
272 0.209501
273 0.209995
274 0.210436
275 0.210903
276 0.211372
277 0.211839
278 0.212306
279 0.212767
280 0.213237
281 0.2137
282 0.214165
283 0.214623
284 0.215085
285 0.215548
286 0.216008
287 0.216468
288 0.216928
289 0.217384
290 0.21784
291 0.2183
292 0.218755
293 0.219221
294 0.219676
295 0.220131
296 0.220583
297 0.221032
298 0.221484
299 0.221935
300 0.222385
301 0.222835
302 0.223288
303 0.223733
304 0.224176
305 0.224624
306 0.225071
307 0.225511
308 0.225962
309 0.226409
310 0.226851
311 0.227295
312 0.227736
313 0.228177
314 0.228618
315 0.229082
316 0.229493
317 0.229932
318 0.230368
319 0.230807
320 0.23124
321 0.231676
322 0.23211
323 0.232545
324 0.23298
325 0.233412
326 0.23384
327 0.23427
328 0.234697
329 0.235124
330 0.235556
331 0.235978
332 0.236414
333 0.236844
334 0.237264
335 0.237687
336 0.238112
337 0.238532
338 0.238955
339 0.239376
340 0.239795
341 0.240182
342 0.240659
343 0.24107
344 0.241484
345 0.241901
346 0.242319
347 0.242734
348 0.24315
349 0.243564
350 0.24398
351 0.244396
352 0.244805
353 0.245218
354 0.245631
355 0.246048
356 0.246462
357 0.246869
358 0.247281
359 0.247692
360 0.248102
361 0.248512
362 0.248916
363 0.249323
364 0.249733
365 0.250133
366 0.250543
367 0.250945
368 0.25135
369 0.251758
370 0.252155
371 0.252555
372 0.252963
373 0.253357
374 0.253759
375 0.25416
376 0.254559
377 0.254956
378 0.255355
379 0.255752
380 0.256148
381 0.256557
382 0.256941
383 0.257336
384 0.257726
385 0.258124
386 0.258517
387 0.258909
388 0.2593
389 0.259694
390 0.260088
391 0.260472
392 0.260858
393 0.261246
394 0.261637
395 0.262023
396 0.262409
397 0.262792
398 0.263175
399 0.263562
400 0.263944
