1 0.5
2 0.365017
3 0.294733
4 0.257993
5 0.235372
6 0.219203
7 0.204518
8 0.194964
9 0.186467
10 0.179949
11 0.174406
12 0.169736
13 0.165714
14 0.162265
15 0.159431
16 0.156518
17 0.154304
18 0.151936
19 0.150133
20 0.148487
21 0.146655
22 0.145455
23 0.143939
24 0.142712
25 0.141568
26 0.140701
27 0.139561
28 0.138537
29 0.137863
30 0.137155
31 0.136164
32 0.13542
33 0.134792
34 0.134265
35 0.133445
36 0.132891
37 0.132207
38 0.131912
39 0.131289
40 0.130882
41 0.130482
42 0.129866
43 0.129472
44 0.129345
45 0.128769
46 0.128311
47 0.127829
48 0.127504
49 0.127349
50 0.127034
51 0.126789
52 0.126427
53 0.126101
54 0.125674
55 0.125623
56 0.125294
57 0.125128
58 0.124912
59 0.1245
60 0.124346
61 0.124159
62 0.123831
63 0.123567
64 0.123185
65 0.123298
66 0.12302
67 0.122882
68 0.12269
69 0.122548
70 0.122485
71 0.122036
72 0.121829
73 0.121614
74 0.121626
75 0.121411
76 0.121377
77 0.121257
78 0.12106
79 0.121082
80 0.120832
81 0.120652
82 0.120692
83 0.120437
84 0.120301
85 0.120348
86 0.120221
87 0.119968
88 0.119795
89 0.119786
90 0.119712
91 0.119611
92 0.11941
93 0.119289
94 0.119163
95 0.119147
96 0.118935
97 0.118857
98 0.118848
99 0.118715
100 0.118679
101 0.118452
102 0.118618
103 0.118239
104 0.118327
105 0.118167
106 0.118171
107 0.118187
108 0.118032
109 0.117764
110 0.117898
111 0.117702
112 0.117638
113 0.117516
114 0.117423
115 0.117425
116 0.117438
117 0.117446
118 0.117376
119 0.117182
120 0.117148
121 0.116985
122 0.117006
123 0.11692
124 0.116874
125 0.116665
126 0.116613
127 0.116642
128 0.116583
129 0.116553
130 0.116452
131 0.116368
132 0.116445
133 0.116274
134 0.116267
135 0.116199
136 0.116121
137 0.116189
138 0.11608
139 0.115905
140 0.116043
141 0.115884
142 0.115897
143 0.115868
144 0.115756
145 0.115843
146 0.115727
147 0.115525
148 0.115599
149 0.115456
150 0.115365
151 0.115433
152 0.115372
153 0.115295
154 0.115325
155 0.115254
156 0.115274
157 0.115151
158 0.115196
159 0.11513
160 0.115041
161 0.114949
162 0.114883
163 0.114963
164 0.114921
165 0.114882
166 0.114819
167 0.114815
168 0.114742
169 0.114736
170 0.114838
171 0.114799
172 0.114558
173 0.114525
174 0.114543
175 0.11456
176 0.114571
177 0.11452
178 0.114438
179 0.11441
180 0.114396
181 0.11424
182 0.114267
183 0.114281
184 0.114191
185 0.114157
186 0.114019
187 0.114285
188 0.114095
189 0.11407
190 0.114001
191 0.114001
192 0.113853
193 0.114094
194 0.113967
195 0.114001
196 0.11391
197 0.113809
198 0.113843
199 0.113785
200 0.113793
201 0.113673
202 0.113656
203 0.113826
204 0.113611
205 0.113794
206 0.113557
207 0.113641
208 0.113655
209 0.11342
210 0.113495
211 0.113501
212 0.1135
213 0.113315
214 0.113468
215 0.113414
216 0.113325
217 0.113332
218 0.113297
219 0.113346
220 0.113341
221 0.113215
222 0.11328
223 0.113278
224 0.113198
225 0.113074
226 0.113217
227 0.113174
228 0.113163
229 0.113094
230 0.113022
231 0.113088
232 0.113082
233 0.113074
234 0.112991
235 0.112985
236 0.112955
237 0.11294
238 0.11294
239 0.112857
240 0.112846
241 0.112873
242 0.112845
243 0.112785
244 0.11286
245 0.112884
246 0.112812
247 0.112753
248 0.112803
249 0.112772
250 0.112696
251 0.112709
252 0.112643
253 0.11271
254 0.112629
255 0.112814
256 0.11269
257 0.112337
258 0.112585
259 0.112515
260 0.112453
261 0.11239
262 0.112492
263 0.112512
264 0.112491
265 0.112382
266 0.112427
267 0.112547
268 0.112455
269 0.112351
270 0.112287
271 0.112259
272 0.112319
273 0.112299
274 0.112372
275 0.112328
276 0.112211
277 0.112225
278 0.112084
279 0.112211
280 0.112235
281 0.112168
282 0.1122
283 0.112076
284 0.112134
285 0.112103
286 0.112145
287 0.112039
288 0.111994
289 0.112095
290 0.112138
291 0.11196
292 0.112036
293 0.112004
294 0.111946
295 0.111917
296 0.112006
297 0.111912
298 0.111937
299 0.112001
300 0.111934
301 0.11182
302 0.111884
303 0.111859
304 0.111804
305 0.111954
306 0.111759
307 0.111716
308 0.111809
309 0.11171
310 0.111815
311 0.11174
312 0.111729
313 0.111764
314 0.111744
315 0.111715
316 0.1117
317 0.111683
318 0.111643
319 0.111694
320 0.111601
321 0.111755
322 0.11163
323 0.111625
324 0.111621
325 0.111578
326 0.111575
327 0.111502
328 0.111638
329 0.111439
330 0.111579
331 0.111435
332 0.111534
333 0.111499
334 0.11144
335 0.111515
336 0.111429
337 0.111466
338 0.111423
339 0.111447
340 0.111395
341 0.111425
342 0.111311
343 0.111508
344 0.11139
345 0.111398
346 0.111344
347 0.111412
348 0.111276
349 0.111373
350 0.11139
351 0.111432
352 0.111279
353 0.111247
354 0.1114
355 0.11125
356 0.111328
357 0.111242
358 0.11124
359 0.111254
360 0.111226
361 0.111255
362 0.111168
363 0.111186
364 0.111179
365 0.111193
366 0.111168
367 0.111129
368 0.111155
369 0.111172
370 0.111057
371 0.111184
372 0.111036
373 0.111077
374 0.111193
375 0.11101
376 0.111053
377 0.111144
378 0.111048
379 0.111059
380 0.111052
381 0.111006
382 0.110998
383 0.111015
384 0.110992
385 0.110996
386 0.110986
387 0.110995
388 0.110989
389 0.111051
390 0.110962
391 0.111004
392 0.110924
393 0.110968
394 0.110876
395 0.110929
396 0.110924
397 0.110897
398 0.110829
399 0.110853
400 0.110814
