1 0.573362
2 0.573434
3 0.608786
4 0.608954
5 0.633103
6 0.634885
7 0.652445
8 0.655451
9 0.667897
10 0.669405
11 0.68035
12 0.683292
13 0.691098
14 0.693637
15 0.699898
16 0.702963
17 0.708485
18 0.71055
19 0.715779
20 0.718989
21 0.722446
22 0.72491
23 0.728684
24 0.730923
25 0.734288
26 0.737025
27 0.739579
28 0.740993
29 0.744641
30 0.747047
31 0.749312
32 0.750881
33 0.753879
34 0.755251
35 0.757458
36 0.759264
37 0.761715
38 0.763321
39 0.765279
40 0.766162
41 0.767996
42 0.769259
43 0.772265
44 0.772721
45 0.774627
46 0.776573
47 0.778447
48 0.778656
49 0.781377
50 0.78236
51 0.783829
52 0.78466
53 0.786287
54 0.786623
55 0.788785
56 0.78986
57 0.790676
58 0.792584
59 0.793685
60 0.794778
61 0.794911
62 0.796422
63 0.796835
64 0.798609
65 0.799546
66 0.800572
67 0.801168
68 0.802957
69 0.80322
70 0.804299
71 0.805218
72 0.805999
73 0.806284
74 0.807811
75 0.80854
76 0.809724
77 0.810161
78 0.810766
79 0.812214
80 0.812658
81 0.813352
82 0.814191
83 0.815071
84 0.815237
85 0.816639
86 0.816939
87 0.817164
88 0.819025
89 0.819314
90 0.820582
91 0.82055
92 0.821598
93 0.822191
94 0.822496
95 0.823391
96 0.824539
97 0.824184
98 0.825218
99 0.825832
100 0.826527
101 0.826525
102 0.827723
103 0.827763
104 0.829035
105 0.829002
106 0.8293
107 0.830528
108 0.830968
109 0.831338
110 0.831999
111 0.832738
112 0.832649
113 0.834043
114 0.833848
115 0.83426
116 0.834127
117 0.835481
118 0.836332
119 0.836174
120 0.836761
121 0.838295
122 0.838795
123 0.83811
124 0.838889
125 0.839447
126 0.840355
127 0.840439
128 0.8409
129 0.841253
130 0.841456
131 0.841717
132 0.842595
133 0.842923
134 0.843095
135 0.843455
136 0.843967
137 0.844621
138 0.844764
139 0.845395
140 0.844954
141 0.846027
142 0.846682
143 0.846622
144 0.84691
145 0.847835
146 0.848734
147 0.848384
148 0.848873
149 0.849448
150 0.850155
151 0.850233
152 0.850051
153 0.850768
154 0.850694
155 0.850821
156 0.851206
157 0.851789
158 0.851812
159 0.852862
160 0.852744
161 0.852544
162 0.853248
163 0.853974
164 0.853984
165 0.855022
166 0.854848
167 0.855143
168 0.854688
169 0.855502
170 0.855801
171 0.856005
172 0.856425
173 0.856697
174 0.856927
175 0.857473
176 0.857373
177 0.857933
178 0.858841
179 0.857737
180 0.859013
181 0.85871
182 0.858917
183 0.860176
184 0.860781
185 0.860267
186 0.860593
187 0.860991
188 0.8612
189 0.861671
190 0.861782
191 0.861552
192 0.862164
193 0.862473
194 0.862161
195 0.863013
196 0.863048
197 0.863607
198 0.863742
199 0.863945
200 0.863875
201 0.864538
202 0.865201
203 0.864724
204 0.865044
205 0.864999
206 0.865698
207 0.86574
208 0.86619
209 0.86658
210 0.866111
211 0.866631
212 0.866395
213 0.867635
214 0.867085
215 0.868177
216 0.86821
217 0.867886
218 0.868241
219 0.86852
220 0.868837
221 0.868792
222 0.868939
223 0.869797
224 0.869395
225 0.86987
226 0.87051
227 0.869979
228 0.870878
229 0.87059
230 0.871169
231 0.870852
232 0.871423
233 0.871526
234 0.871819
235 0.871809
236 0.872459
237 0.872213
238 0.872247
239 0.872725
240 0.872738
241 0.873023
242 0.873443
243 0.87376
244 0.873847
245 0.873884
246 0.873824
247 0.874306
248 0.874681
249 0.87464
250 0.874789
251 0.875025
252 0.875085
253 0.875701
254 0.875238
255 0.875796
256 0.876156
257 0.875955
258 0.876289
259 0.876957
260 0.876803
261 0.877145
262 0.876499
263 0.877663
264 0.877421
265 0.877373
266 0.877861
267 0.877703
268 0.877682
269 0.878193
270 0.87822
271 0.878483
272 0.879001
273 0.879327
274 0.879107
275 0.878825
276 0.878866
277 0.87965
278 0.87971
279 0.879767
280 0.880014
281 0.88003
282 0.880501
283 0.880588
284 0.880681
285 0.880925
286 0.881161
287 0.881095
288 0.880808
289 0.881137
290 0.88245
291 0.881893
292 0.881612
293 0.882248
294 0.882427
295 0.881764
296 0.882762
297 0.882942
298 0.883087
299 0.882775
300 0.883385
301 0.883286
302 0.883288
303 0.883795
304 0.883136
305 0.883281
306 0.88377
307 0.884419
308 0.884353
309 0.883972
310 0.884233
311 0.88448
312 0.884872
313 0.885292
314 0.884786
315 0.885432
316 0.884944
317 0.885607
318 0.885576
319 0.885731
320 0.886098
321 0.885869
322 0.885953
323 0.886079
324 0.886097
325 0.886721
326 0.886619
327 0.886895
328 0.887242
329 0.887087
330 0.886655
331 0.887235
332 0.887488
333 0.887825
334 0.888003
335 0.887801
336 0.887418
337 0.887734
338 0.887935
339 0.888075
340 0.888424
341 0.888229
342 0.888314
343 0.88887
344 0.889179
345 0.888763
346 0.889116
347 0.889024
348 0.888364
349 0.88959
350 0.889369
351 0.889096
352 0.890231
353 0.889599
354 0.889979
355 0.890132
356 0.890148
357 0.889722
358 0.89051
359 0.890485
360 0.891181
361 0.891206
362 0.891019
363 0.891244
364 0.89094
365 0.891612
366 0.890953
367 0.891534
368 0.891602
369 0.89181
370 0.891833
371 0.892012
372 0.891928
373 0.892418
374 0.891961
375 0.892487
376 0.892743
377 0.892581
378 0.892555
379 0.892555
380 0.892954
381 0.89316
382 0.893214
383 0.892916
384 0.893288
385 0.893618
386 0.893405
387 0.893615
388 0.894135
389 0.894009
390 0.893613
391 0.894224
392 0.89427
393 0.894231
394 0.894047
395 0.894637
396 0.894524
397 0.894553
398 0.895245
399 0.894404
400 0.894902
