1 0.50031
2 0.50031
3 0.500103
4 0.5
5 0.500062
6 0.500103
7 0.510565
8 0.518173
9 0.528501
10 0.536422
11 0.545138
12 0.552643
13 0.560359
14 0.566714
15 0.573744
16 0.57988
17 0.585832
18 0.590845
19 0.59633
20 0.601227
21 0.60561
22 0.609945
23 0.614444
24 0.618259
25 0.622066
26 0.626093
27 0.629557
28 0.632727
29 0.63617
30 0.639659
31 0.642255
32 0.645367
33 0.648158
34 0.6511
35 0.65332
36 0.656456
37 0.658751
38 0.661001
39 0.66376
40 0.665632
41 0.667711
42 0.66992
43 0.672417
44 0.674226
45 0.676245
46 0.678281
47 0.680151
48 0.681578
49 0.684372
50 0.685692
51 0.687754
52 0.689127
53 0.690988
54 0.692214
55 0.694102
56 0.695768
57 0.696885
58 0.698886
59 0.700434
60 0.701829
61 0.702898
62 0.704445
63 0.705373
64 0.707169
65 0.7081
66 0.709737
67 0.71083
68 0.712472
69 0.713387
70 0.714758
71 0.715839
72 0.717004
73 0.717938
74 0.719198
75 0.720193
76 0.721561
77 0.722116
78 0.723463
79 0.724883
80 0.725466
81 0.726577
82 0.727662
83 0.728923
84 0.729545
85 0.73072
86 0.731306
87 0.732089
88 0.733701
89 0.734502
90 0.735398
91 0.735801
92 0.737143
93 0.737846
94 0.738547
95 0.739479
96 0.740828
97 0.740965
98 0.742101
99 0.742724
100 0.743736
101 0.744397
102 0.745536
103 0.745607
104 0.747042
105 0.747414
106 0.747903
107 0.749008
108 0.749845
109 0.750417
110 0.751244
111 0.752105
112 0.752114
113 0.753346
114 0.753842
115 0.754166
116 0.754739
117 0.755798
118 0.756575
119 0.757224
120 0.75772
121 0.758732
122 0.759302
123 0.759619
124 0.760404
125 0.761354
126 0.762001
127 0.762333
128 0.762863
129 0.763358
130 0.763821
131 0.764434
132 0.765292
133 0.765693
134 0.766115
135 0.766607
136 0.767256
137 0.767969
138 0.768119
139 0.769102
140 0.768971
141 0.769894
142 0.770418
143 0.770819
144 0.771165
145 0.77214
146 0.772776
147 0.77298
148 0.773675
149 0.774259
150 0.774809
151 0.775354
152 0.775579
153 0.77615
154 0.776199
155 0.776694
156 0.777237
157 0.77775
158 0.778073
159 0.779052
160 0.779196
161 0.779275
162 0.780099
163 0.780694
164 0.780796
165 0.781738
166 0.781847
167 0.78221
168 0.78204
169 0.783258
170 0.783701
171 0.783472
172 0.783989
173 0.784535
174 0.784899
175 0.785411
176 0.785769
177 0.786248
178 0.787231
179 0.786655
180 0.787711
181 0.787767
182 0.787968
183 0.788828
184 0.789694
185 0.789589
186 0.789773
187 0.790264
188 0.790439
189 0.791026
190 0.791298
191 0.79129
192 0.792034
193 0.792571
194 0.79246
195 0.792887
196 0.793417
197 0.793929
198 0.793992
199 0.794484
200 0.794637
201 0.79538
202 0.795821
203 0.795558
204 0.796032
205 0.796445
206 0.79693
207 0.796964
208 0.797757
209 0.797945
210 0.797901
211 0.798462
212 0.7982
213 0.799447
214 0.799149
215 0.800159
216 0.800189
217 0.800169
218 0.800586
219 0.800924
220 0.801454
221 0.8015
222 0.801661
223 0.802429
224 0.802329
225 0.802798
226 0.803245
227 0.803147
228 0.804
229 0.804127
230 0.804416
231 0.804332
232 0.804831
233 0.805299
234 0.80541
235 0.805415
236 0.806091
237 0.806332
238 0.806431
239 0.806792
240 0.807065
241 0.807367
242 0.807822
243 0.808214
244 0.808329
245 0.808367
246 0.808555
247 0.809164
248 0.809398
249 0.809508
250 0.809879
251 0.810122
252 0.810157
253 0.81081
254 0.81082
255 0.811182
256 0.811532
257 0.811417
258 0.811557
259 0.812393
260 0.812365
261 0.812587
262 0.812455
263 0.813305
264 0.813433
265 0.813308
266 0.81402
267 0.813794
268 0.814165
269 0.81451
270 0.814837
271 0.814959
272 0.815428
273 0.815696
274 0.815996
275 0.81562
276 0.816081
277 0.816465
278 0.816765
279 0.816893
280 0.817285
281 0.817427
282 0.8177
283 0.817928
284 0.817852
285 0.818395
286 0.818547
287 0.818732
288 0.8186
289 0.818729
290 0.820097
291 0.819698
292 0.819613
293 0.820001
294 0.820414
295 0.819975
296 0.82083
297 0.820994
298 0.821276
299 0.821161
300 0.821593
301 0.821541
302 0.821748
303 0.82207
304 0.822045
305 0.822111
306 0.822566
307 0.823137
308 0.823045
309 0.82296
310 0.823215
311 0.823381
312 0.824047
313 0.824029
314 0.823833
315 0.824644
316 0.824564
317 0.824882
318 0.824942
319 0.825426
320 0.825554
321 0.825456
322 0.825727
323 0.825724
324 0.826132
325 0.826436
326 0.826593
327 0.826819
328 0.827263
329 0.827037
330 0.827105
331 0.827471
332 0.827553
333 0.828315
334 0.828311
335 0.828142
336 0.827915
337 0.828408
338 0.82861
339 0.828598
340 0.829129
341 0.828927
342 0.829292
343 0.82978
344 0.829997
345 0.829632
346 0.830265
347 0.83016
348 0.829892
349 0.830847
350 0.830873
351 0.830571
352 0.831394
353 0.83128
354 0.831474
355 0.831629
356 0.831835
357 0.831606
358 0.832128
359 0.832454
360 0.832989
361 0.832852
362 0.832906
363 0.833056
364 0.832959
365 0.833558
366 0.833184
367 0.833638
368 0.833928
369 0.833957
370 0.83421
371 0.834197
372 0.834278
373 0.834926
374 0.834508
375 0.835023
376 0.835161
377 0.835434
378 0.835359
379 0.83546
380 0.835726
381 0.836088
382 0.836057
383 0.835952
384 0.836167
385 0.83659
386 0.836404
387 0.836823
388 0.837216
389 0.837146
390 0.836988
391 0.837733
392 0.837547
393 0.837626
394 0.837626
395 0.838165
396 0.838015
397 0.838112
398 0.838733
399 0.838155
400 0.838709
