1 0.500804
2 0.499759
3 0.499703
4 0.499748
5 0.50008
6 0.500038
7 0.5024
8 0.504165
9 0.506436
10 0.508478
11 0.510268
12 0.511825
13 0.513498
14 0.514937
15 0.516394
16 0.517748
17 0.518934
18 0.520202
19 0.521269
20 0.522339
21 0.523207
22 0.524155
23 0.525155
24 0.525955
25 0.526677
26 0.52753
27 0.528111
28 0.528905
29 0.529569
30 0.53027
31 0.530819
32 0.531455
33 0.532046
34 0.53246
35 0.53301
36 0.533577
37 0.534113
38 0.534465
39 0.534947
40 0.53536
41 0.535792
42 0.536319
43 0.536642
44 0.537018
45 0.5374
46 0.537778
47 0.53812
48 0.538397
49 0.538882
50 0.539065
51 0.539436
52 0.539832
53 0.54009
54 0.540391
55 0.540772
56 0.541038
57 0.541193
58 0.541456
59 0.541853
60 0.542082
61 0.54229
62 0.542612
63 0.542795
64 0.543061
65 0.543183
66 0.543547
67 0.543656
68 0.544013
69 0.544042
70 0.544353
71 0.544589
72 0.544756
73 0.544972
74 0.545139
75 0.545295
76 0.54553
77 0.545744
78 0.545901
79 0.546059
80 0.546293
81 0.546468
82 0.546548
83 0.546823
84 0.54693
85 0.547073
86 0.54729
87 0.547345
88 0.547588
89 0.547716
90 0.54782
91 0.547936
92 0.548172
93 0.548269
94 0.548437
95 0.548543
96 0.548713
97 0.548781
98 0.548982
99 0.54914
100 0.549267
101 0.549329
102 0.549482
103 0.549556
104 0.549748
105 0.549873
106 0.549919
107 0.550102
108 0.550215
109 0.550377
110 0.550412
111 0.550547
112 0.550583
113 0.55081
114 0.550878
115 0.5509
116 0.551058
117 0.551158
118 0.551303
119 0.551416
120 0.551496
121 0.551613
122 0.551696
123 0.551756
124 0.551888
125 0.551965
126 0.552149
127 0.552208
128 0.552276
129 0.552357
130 0.552425
131 0.552519
132 0.55264
133 0.552736
134 0.552781
135 0.552865
136 0.55298
137 0.553067
138 0.553092
139 0.553177
140 0.553291
141 0.553398
142 0.55343
143 0.553453
144 0.553554
145 0.553676
146 0.553748
147 0.553803
148 0.55391
149 0.554005
150 0.554031
151 0.55411
152 0.554179
153 0.554263
154 0.554328
155 0.554373
156 0.554429
157 0.554471
158 0.554581
159 0.554672
160 0.554678
161 0.55476
162 0.554858
163 0.554947
164 0.554981
165 0.555088
166 0.555098
167 0.555183
168 0.555165
169 0.555308
170 0.555306
171 0.555372
172 0.555398
173 0.555512
174 0.555544
175 0.55562
176 0.555646
177 0.55573
178 0.555855
179 0.555849
180 0.555926
181 0.555948
182 0.556008
183 0.556072
184 0.556131
185 0.556195
186 0.556243
187 0.556279
188 0.556319
189 0.556357
190 0.556412
191 0.556487
192 0.556522
193 0.556602
194 0.556626
195 0.556661
196 0.55674
197 0.55677
198 0.556796
199 0.556854
200 0.556897
201 0.556994
202 0.557029
203 0.557046
204 0.557067
205 0.557101
206 0.557239
207 0.55719
208 0.557295
209 0.557368
210 0.557352
211 0.557374
212 0.557423
213 0.557504
214 0.557547
215 0.557613
216 0.557606
217 0.557633
218 0.557736
219 0.557723
220 0.55775
221 0.557808
222 0.557844
223 0.557919
224 0.55794
225 0.557985
226 0.55802
227 0.558078
228 0.558104
229 0.558184
230 0.558162
231 0.558211
232 0.558248
233 0.558324
234 0.558351
235 0.558345
236 0.558407
237 0.558485
238 0.558477
239 0.558522
240 0.558576
241 0.558626
242 0.558649
243 0.558722
244 0.558738
245 0.558756
246 0.558801
247 0.558834
248 0.558861
249 0.558889
250 0.558929
251 0.55896
252 0.558973
253 0.559021
254 0.559073
255 0.559069
256 0.559149
257 0.559187
258 0.559191
259 0.559256
260 0.559297
261 0.559329
262 0.559303
263 0.559329
264 0.559414
265 0.559407
266 0.559473
267 0.559488
268 0.55951
269 0.55954
270 0.559572
271 0.559614
272 0.559635
273 0.559658
274 0.559709
275 0.559717
276 0.559752
277 0.559779
278 0.559796
279 0.559874
280 0.559918
281 0.559919
282 0.559921
283 0.559958
284 0.559958
285 0.560001
286 0.560032
287 0.56005
288 0.56008
289 0.560087
290 0.560192
291 0.560184
292 0.560181
293 0.56022
294 0.560273
295 0.56024
296 0.560317
297 0.56035
298 0.560369
299 0.560406
300 0.560413
301 0.560414
302 0.560484
303 0.560495
304 0.560512
305 0.560495
306 0.560575
307 0.560619
308 0.560591
309 0.560616
310 0.560637
311 0.560681
312 0.56071
313 0.560713
314 0.560734
315 0.56078
316 0.560811
317 0.560831
318 0.560824
319 0.560869
320 0.56091
321 0.560882
322 0.560957
323 0.560944
324 0.561007
325 0.561017
326 0.561055
327 0.561065
328 0.561094
329 0.561099
330 0.561161
331 0.561142
332 0.561144
333 0.561262
334 0.561259
335 0.56126
336 0.561251
337 0.561277
338 0.561326
339 0.561337
340 0.561383
341 0.561377
342 0.561398
343 0.561403
344 0.561454
345 0.561422
346 0.56149
347 0.561491
348 0.56151
349 0.561557
350 0.561577
351 0.561578
352 0.561602
353 0.561611
354 0.561636
355 0.561673
356 0.561701
357 0.561668
358 0.561723
359 0.561746
360 0.561786
361 0.561797
362 0.561811
363 0.561832
364 0.561838
365 0.561883
366 0.561885
367 0.561939
368 0.561939
369 0.561929
370 0.561953
371 0.562001
372 0.562014
373 0.562043
374 0.562016
375 0.562058
376 0.562085
377 0.562098
378 0.562095
379 0.562137
380 0.562126
381 0.562162
382 0.562177
383 0.562165
384 0.562205
385 0.562233
386 0.562248
387 0.562298
388 0.562279
389 0.562324
390 0.562318
391 0.562357
392 0.562376
393 0.56238
394 0.562368
395 0.562426
396 0.562418
397 0.562421
398 0.562453
399 0.56244
400 0.562512
