1 0.500804
2 0.500194
3 0.500194
4 0.499749
5 0.500376
6 0.499946
7 0.51664
8 0.516286
9 0.525086
10 0.525104
11 0.52961
12 0.529071
13 0.533691
14 0.533839
15 0.536151
16 0.536871
17 0.538851
18 0.539539
19 0.541145
20 0.541711
21 0.543548
22 0.543434
23 0.545033
24 0.544536
25 0.545699
26 0.547053
27 0.546857
28 0.547922
29 0.548048
30 0.550525
31 0.548488
32 0.550579
33 0.550102
34 0.551155
35 0.551305
36 0.551506
37 0.55178
38 0.551361
39 0.552536
40 0.553197
41 0.553241
42 0.55284
43 0.554201
44 0.553466
45 0.554144
46 0.554378
47 0.555036
48 0.556185
49 0.555749
50 0.555575
51 0.555701
52 0.556785
53 0.556931
54 0.555538
55 0.555829
56 0.557004
57 0.557646
58 0.556421
59 0.557234
60 0.557235
61 0.55819
62 0.557472
63 0.559343
64 0.558155
65 0.55783
66 0.558739
67 0.559603
68 0.559556
69 0.558711
70 0.559273
71 0.559603
72 0.559429
73 0.560008
74 0.559839
75 0.559448
76 0.56058
77 0.56022
78 0.559423
79 0.560004
80 0.560878
81 0.560812
82 0.560479
83 0.56135
84 0.560198
85 0.560995
86 0.56094
87 0.561545
88 0.561218
89 0.561636
90 0.561393
91 0.56073
92 0.561861
93 0.56167
94 0.562009
95 0.562024
96 0.563016
97 0.561425
98 0.562135
99 0.562345
100 0.562643
101 0.562763
102 0.562254
103 0.56235
104 0.562497
105 0.561722
106 0.562653
107 0.563115
108 0.562849
109 0.563181
110 0.563206
111 0.56337
112 0.562265
113 0.562976
114 0.563318
115 0.56432
116 0.563813
117 0.563623
118 0.563404
119 0.56349
120 0.564115
121 0.564441
122 0.563715
123 0.563794
124 0.563988
125 0.564059
126 0.564408
127 0.563299
128 0.563972
129 0.564345
130 0.563694
131 0.563923
132 0.563426
133 0.564272
134 0.563971
135 0.564596
136 0.564677
137 0.565044
138 0.565171
139 0.565381
140 0.563952
141 0.564595
142 0.564296
143 0.564808
144 0.564942
145 0.564779
146 0.565238
147 0.5655
148 0.564241
149 0.565583
150 0.565592
151 0.565116
152 0.565024
153 0.564656
154 0.564769
155 0.565299
156 0.564711
157 0.564854
158 0.565056
159 0.56609
160 0.565654
161 0.565421
162 0.565329
163 0.56569
164 0.564616
165 0.565863
166 0.565082
167 0.565906
168 0.566047
169 0.56589
170 0.565492
171 0.565893
172 0.565828
173 0.566422
174 0.565922
175 0.565722
176 0.566301
177 0.564782
178 0.567232
179 0.566123
180 0.567053
181 0.566476
182 0.566491
183 0.567102
184 0.566582
185 0.56691
186 0.565621
187 0.566577
188 0.566038
189 0.56669
190 0.565088
191 0.56596
192 0.565888
193 0.566574
194 0.566093
195 0.566733
196 0.566177
197 0.565918
198 0.565927
199 0.5666
200 0.565763
201 0.566208
202 0.566469
203 0.566775
204 0.566895
205 0.566171
206 0.566969
207 0.565817
208 0.566259
209 0.568008
210 0.566899
211 0.567944
212 0.566794
213 0.566372
214 0.566594
215 0.567182
216 0.567455
217 0.567254
218 0.566796
219 0.567322
220 0.566612
221 0.567476
222 0.566393
223 0.567292
224 0.567147
225 0.568072
226 0.566939
227 0.56791
228 0.567384
229 0.567104
230 0.566856
231 0.567032
232 0.566678
233 0.56714
234 0.56768
235 0.567611
236 0.567402
237 0.567321
238 0.567421
239 0.567855
240 0.566891
241 0.5671
242 0.567508
243 0.566803
244 0.56865
245 0.566744
246 0.5673
247 0.567132
248 0.568286
249 0.567813
250 0.567947
251 0.56729
252 0.56774
253 0.56826
254 0.567361
255 0.567699
256 0.567771
257 0.567372
258 0.56828
259 0.567488
260 0.567412
261 0.567256
262 0.567289
263 0.568281
264 0.568365
265 0.566995
266 0.567066
267 0.568274
268 0.568176
269 0.567703
270 0.567743
271 0.56779
272 0.568012
273 0.568489
274 0.56756
275 0.568609
276 0.567372
277 0.568395
278 0.567667
279 0.567542
280 0.567745
281 0.568319
282 0.567581
283 0.567969
284 0.568155
285 0.568438
286 0.568471
287 0.568098
288 0.567972
289 0.567504
290 0.568506
291 0.568312
292 0.567763
293 0.568564
294 0.568982
295 0.568407
296 0.56808
297 0.568146
298 0.567926
299 0.568736
300 0.569064
301 0.56854
302 0.568084
303 0.5687
304 0.568004
305 0.568887
306 0.568418
307 0.568054
308 0.567922
309 0.568226
310 0.568686
311 0.567971
312 0.567793
313 0.568474
314 0.568467
315 0.567927
316 0.568378
317 0.568347
318 0.568615
319 0.567796
320 0.568318
321 0.567918
322 0.568828
323 0.567922
324 0.568973
325 0.568381
326 0.568702
327 0.567964
328 0.568554
329 0.56759
330 0.568814
331 0.567532
332 0.567977
333 0.568793
334 0.568679
335 0.568741
336 0.568911
337 0.569366
338 0.569659
339 0.569
340 0.568764
341 0.568783
342 0.568754
343 0.568858
344 0.56847
345 0.568783
346 0.569396
347 0.568659
348 0.568585
349 0.569433
350 0.568451
351 0.569188
352 0.568351
353 0.56814
354 0.568841
355 0.568481
356 0.569172
357 0.568579
358 0.568979
359 0.569632
360 0.568588
361 0.568699
362 0.568516
363 0.56879
364 0.568552
365 0.569039
366 0.569015
367 0.569479
368 0.569244
369 0.568955
370 0.569145
371 0.569346
372 0.569308
373 0.569056
374 0.56892
375 0.569441
376 0.568717
377 0.568454
378 0.568354
379 0.569628
380 0.569694
381 0.568889
382 0.56952
383 0.569209
384 0.568407
385 0.56949
386 0.569013
387 0.569238
388 0.568967
389 0.569319
390 0.569192
391 0.569825
392 0.569112
393 0.569512
394 0.569124
395 0.569068
396 0.569218
397 0.569338
398 0.569414
399 0.569288
400 0.569786
