1 0.500433
2 0.49981
3 0.499763
4 0.500273
5 0.501132
6 0.50009
7 0.500636
8 0.500109
9 0.49968
10 0.499457
11 0.499878
12 0.500346
13 0.500149
14 0.499807
15 0.500611
16 0.500844
17 0.500153
18 0.500091
19 0.500954
20 0.499621
21 0.499808
22 0.49897
23 0.499689
24 0.500428
25 0.4996
26 0.500346
27 0.583258
28 0.624746
29 0.645347
30 0.656137
31 0.661918
32 0.664042
33 0.665194
34 0.666505
35 0.666649
36 0.666204
37 0.666335
38 0.666739
39 0.666783
40 0.666539
41 0.669309
42 0.672612
43 0.677562
44 0.681454
45 0.686837
46 0.690819
47 0.695859
48 0.702093
49 0.707643
50 0.712268
51 0.715252
52 0.719836
53 0.722923
54 0.72801
55 0.73164
56 0.737497
57 0.742834
58 0.749
59 0.754298
60 0.761777
61 0.768561
62 0.776483
63 0.784703
64 0.79516
65 0.804244
66 0.810395
67 0.812859
68 0.815839
69 0.818773
70 0.821978
71 0.823538
72 0.824824
73 0.824883
74 0.821677
75 0.824132
76 0.826045
77 0.828537
78 0.829749
79 0.830596
80 0.827965
81 0.831491
82 0.823809
83 0.826434
84 0.829448
85 0.831456
86 0.831391
87 0.831912
88 0.833256
89 0.833755
90 0.831696
91 0.833432
92 0.82074
93 0.827521
94 0.832612
95 0.834982
96 0.836221
97 0.836188
98 0.83397
99 0.834439
100 0.831411
101 0.834014
102 0.833944
103 0.831635
104 0.824166
105 0.830127
106 0.833057
107 0.83196
108 0.832307
109 0.833176
110 0.835104
111 0.832705
112 0.834419
113 0.834595
114 0.836045
115 0.83609
116 0.837975
117 0.833132
118 0.831878
119 0.833858
120 0.836652
121 0.836959
122 0.839623
123 0.839819
124 0.841261
125 0.841022
126 0.841387
127 0.842189
128 0.840825
129 0.838617
130 0.840709
131 0.843835
132 0.842872
133 0.844307
134 0.844373
135 0.844573
136 0.844074
137 0.84469
138 0.845613
139 0.845807
140 0.846382
141 0.845496
142 0.844381
143 0.845075
144 0.845514
145 0.845634
146 0.84649
147 0.84738
148 0.848605
149 0.847852
150 0.84837
151 0.850348
152 0.850355
153 0.850409
154 0.849303
155 0.848993
156 0.851287
157 0.851818
158 0.852644
159 0.852051
160 0.853051
161 0.853183
162 0.853213
163 0.854376
164 0.854973
165 0.855318
166 0.85422
167 0.854564
168 0.85511
169 0.8548
170 0.855842
171 0.856701
172 0.856387
173 0.856985
174 0.857881
175 0.857058
176 0.857184
177 0.856564
178 0.857596
179 0.85754
180 0.857839
181 0.859375
182 0.860212
183 0.859632
184 0.860401
185 0.860051
186 0.860873
187 0.860478
188 0.861891
189 0.862188
190 0.862704
191 0.863257
192 0.86193
193 0.864175
194 0.863299
195 0.864878
196 0.865506
197 0.865105
198 0.866599
199 0.865398
200 0.867112
201 0.868221
202 0.866682
203 0.86768
204 0.868052
205 0.868568
206 0.868473
207 0.869851
208 0.869839
209 0.87038
210 0.869379
211 0.870199
212 0.871456
213 0.872449
214 0.871636
215 0.872436
216 0.872786
217 0.873972
218 0.873512
219 0.87412
220 0.874712
221 0.875074
222 0.87497
223 0.87609
224 0.876623
225 0.876137
226 0.877246
227 0.877239
228 0.877954
229 0.878221
230 0.878089
231 0.879319
232 0.879358
233 0.879008
234 0.880007
235 0.880674
236 0.880356
237 0.880928
238 0.881479
239 0.881885
240 0.882834
241 0.882681
242 0.882804
243 0.883294
244 0.884106
245 0.884258
246 0.884457
247 0.884226
248 0.884662
249 0.885248
250 0.885493
251 0.886173
252 0.885757
253 0.886138
254 0.8871
255 0.887343
256 0.887221
257 0.887983
258 0.887821
259 0.888552
260 0.888563
261 0.888822
262 0.88825
263 0.889376
264 0.889031
265 0.89037
266 0.890306
267 0.89052
268 0.890499
269 0.890229
270 0.890899
271 0.890787
272 0.890886
273 0.891441
274 0.891656
275 0.891951
276 0.892395
277 0.891538
278 0.892738
279 0.892598
280 0.893037
281 0.892921
282 0.893761
283 0.893004
284 0.893257
285 0.893972
286 0.894344
287 0.894182
288 0.894206
289 0.894884
290 0.894774
291 0.894878
292 0.894599
293 0.895068
294 0.895056
295 0.895396
296 0.895084
297 0.895712
298 0.895583
299 0.895818
300 0.896212
301 0.89642
302 0.896008
303 0.896116
304 0.895755
305 0.8965
306 0.897079
307 0.897277
308 0.896962
309 0.897422
310 0.896982
311 0.897064
312 0.897651
313 0.897581
314 0.897165
315 0.897883
316 0.89735
317 0.897585
318 0.89823
319 0.897868
320 0.898038
321 0.898794
322 0.898532
323 0.898276
324 0.898398
325 0.898716
326 0.899416
327 0.898582
328 0.898822
329 0.898414
330 0.89921
331 0.899209
332 0.899135
333 0.899244
334 0.899165
335 0.898973
336 0.899358
337 0.899116
338 0.89953
339 0.899492
340 0.900357
341 0.899524
342 0.899934
343 0.900324
344 0.900122
345 0.900079
346 0.899697
347 0.900285
348 0.899896
349 0.900368
350 0.900372
351 0.900697
352 0.900782
353 0.900651
354 0.900678
355 0.900581
356 0.900886
357 0.901297
358 0.900989
359 0.900882
360 0.901133
361 0.901363
362 0.900997
363 0.901621
364 0.90185
365 0.901941
366 0.901395
367 0.901422
368 0.902335
369 0.901963
370 0.901913
371 0.901984
372 0.901979
373 0.902243
374 0.902436
375 0.902114
376 0.902016
377 0.902156
378 0.901916
379 0.902351
380 0.902476
381 0.902469
382 0.902219
383 0.901783
384 0.902315
385 0.902464
386 0.902359
387 0.90278
388 0.902923
389 0.902556
390 0.903433
391 0.903057
392 0.902309
393 0.902791
394 0.903928
395 0.903046
396 0.903722
397 0.903279
398 0.9034
399 0.902986
400 0.903356
