1 0.067145
2 0.066674
3 0.065922
4 0.066633
5 0.066633
6 0.067125
7 0.066354
8 0.066671
9 0.066689
10 0.066685
11 0.066546
12 0.066849
13 0.066432
14 0.066752
15 0.06689
16 0.066814
17 0.066257
18 0.066861
19 0.067077
20 0.066591
21 0.066568
22 0.067044
23 0.066483
24 0.066924
25 0.066515
26 0.067145
27 0.098093
28 0.113868
29 0.122533
30 0.127418
31 0.130738
32 0.131247
33 0.132294
34 0.133139
35 0.133227
36 0.132888
37 0.133292
38 0.132697
39 0.13346
40 0.133151
41 0.135946
42 0.138123
43 0.141421
44 0.145048
45 0.148524
46 0.151623
47 0.155785
48 0.159747
49 0.164431
50 0.168449
51 0.172004
52 0.17527
53 0.180305
54 0.184318
55 0.189801
56 0.196531
57 0.201885
58 0.208726
59 0.216988
60 0.224557
61 0.233449
62 0.243775
63 0.253538
64 0.266594
65 0.278054
66 0.287764
67 0.292673
68 0.29809
69 0.304283
70 0.30929
71 0.313918
72 0.3179
73 0.318897
74 0.316534
75 0.321997
76 0.32773
77 0.332138
78 0.336916
79 0.34005
80 0.338497
81 0.34658
82 0.33779
83 0.345498
84 0.352147
85 0.356553
86 0.358331
87 0.362568
88 0.366301
89 0.371045
90 0.367753
91 0.374102
92 0.363474
93 0.372535
94 0.380605
95 0.384289
96 0.387824
97 0.388383
98 0.383543
99 0.386439
100 0.381742
101 0.387709
102 0.387709
103 0.387108
104 0.381022
105 0.387132
106 0.388147
107 0.383484
108 0.385436
109 0.38966
110 0.392235
111 0.387824
112 0.392181
113 0.39271
114 0.397586
115 0.398031
116 0.400709
117 0.395066
118 0.393188
119 0.398915
120 0.403356
121 0.405445
122 0.40663
123 0.407344
124 0.408847
125 0.408417
126 0.409538
127 0.411838
128 0.409582
129 0.407362
130 0.409864
131 0.413557
132 0.411626
133 0.413663
134 0.412914
135 0.415218
136 0.413341
137 0.415873
138 0.417297
139 0.419343
140 0.420157
141 0.41953
142 0.419099
143 0.419781
144 0.420952
145 0.422899
146 0.425507
147 0.428683
148 0.430546
149 0.43185
150 0.432222
151 0.436223
152 0.437562
153 0.438151
154 0.43798
155 0.439171
156 0.441963
157 0.443749
158 0.4444
159 0.446174
160 0.44921
161 0.449267
162 0.448608
163 0.451777
164 0.453296
165 0.455094
166 0.452672
167 0.455264
168 0.456384
169 0.455996
170 0.457903
171 0.459238
172 0.460594
173 0.46067
174 0.462358
175 0.463372
176 0.46464
177 0.464648
178 0.467736
179 0.468032
180 0.468172
181 0.470638
182 0.473011
183 0.473362
184 0.474518
185 0.474411
186 0.478729
187 0.479376
188 0.480245
189 0.480392
190 0.482677
191 0.484114
192 0.483575
193 0.485383
194 0.484806
195 0.487498
196 0.487937
197 0.489199
198 0.490917
199 0.48955
200 0.492983
201 0.493841
202 0.493115
203 0.49536
204 0.496434
205 0.496195
206 0.498097
207 0.498997
208 0.499839
209 0.50067
210 0.501339
211 0.502388
212 0.503537
213 0.504549
214 0.505515
215 0.506357
216 0.508594
217 0.509129
218 0.50944
219 0.509915
220 0.511601
221 0.512174
222 0.513269
223 0.514988
224 0.515592
225 0.516199
226 0.516662
227 0.518063
228 0.518122
229 0.519408
230 0.520111
231 0.521203
232 0.521901
233 0.522729
234 0.52419
235 0.524707
236 0.525677
237 0.527186
238 0.52718
239 0.52907
240 0.529763
241 0.530888
242 0.531759
243 0.533295
244 0.533036
245 0.533929
246 0.534996
247 0.535753
248 0.537327
249 0.538257
250 0.538336
251 0.539772
252 0.540404
253 0.540996
254 0.541628
255 0.541395
256 0.542986
257 0.544041
258 0.544576
259 0.545857
260 0.546667
261 0.54695
262 0.548074
263 0.548702
264 0.549715
265 0.550492
266 0.551057
267 0.552346
268 0.553001
269 0.553726
270 0.553926
271 0.554869
272 0.55482
273 0.556776
274 0.557991
275 0.558193
276 0.558207
277 0.558655
278 0.559656
279 0.560061
280 0.560953
281 0.561851
282 0.562618
283 0.56306
284 0.564325
285 0.56507
286 0.565604
287 0.565906
288 0.56739
289 0.567487
290 0.568395
291 0.568639
292 0.570737
293 0.571059
294 0.571979
295 0.572377
296 0.572512
297 0.572913
298 0.574412
299 0.575
300 0.576286
301 0.576528
302 0.576092
303 0.576883
304 0.576943
305 0.577652
306 0.578878
307 0.579083
308 0.580006
309 0.580034
310 0.580551
311 0.580477
312 0.58126
313 0.582339
314 0.582003
315 0.582918
316 0.583382
317 0.584118
318 0.584799
319 0.585047
320 0.585566
321 0.585699
322 0.586139
323 0.587186
324 0.587649
325 0.587941
326 0.589458
327 0.588829
328 0.589526
329 0.588845
330 0.589798
331 0.589952
332 0.590904
333 0.591688
334 0.591679
335 0.59244
336 0.592757
337 0.593462
338 0.593976
339 0.594615
340 0.594776
341 0.59509
342 0.595105
343 0.596406
344 0.597298
345 0.596888
346 0.597542
347 0.597728
348 0.598066
349 0.598505
350 0.597931
351 0.598879
352 0.599166
353 0.599096
354 0.599291
355 0.600031
356 0.599955
357 0.60074
358 0.600753
359 0.601522
360 0.601923
361 0.60206
362 0.602369
363 0.602707
364 0.603772
365 0.603694
366 0.604457
367 0.604664
368 0.604938
369 0.604853
370 0.604871
371 0.605563
372 0.605896
373 0.606111
374 0.606863
375 0.606205
376 0.607763
377 0.607251
378 0.606906
379 0.60756
380 0.608231
381 0.60774
382 0.6083
383 0.608594
384 0.608231
385 0.609072
386 0.609637
387 0.609963
388 0.609888
389 0.611194
390 0.611212
391 0.612145
392 0.611649
393 0.612452
394 0.61238
395 0.612461
396 0.612697
397 0.612775
398 0.61317
399 0.613449
400 0.613034
