1 0.500433
2 0.500121
3 0.500003
4 0.50007
5 0.500282
6 0.500251
7 0.500305
8 0.500281
9 0.500214
10 0.500139
11 0.500114
12 0.500134
13 0.500135
14 0.500112
15 0.500145
16 0.500189
17 0.500187
18 0.500181
19 0.500222
20 0.500191
21 0.500173
22 0.500118
23 0.5001
24 0.500114
25 0.500094
26 0.500103
27 0.503181
28 0.507525
29 0.512274
30 0.51706
31 0.521759
32 0.526191
33 0.530424
34 0.534365
35 0.538181
36 0.541737
37 0.545118
38 0.54831
39 0.551342
40 0.554227
41 0.556997
42 0.559811
43 0.562527
44 0.565235
45 0.56792
46 0.570634
47 0.573253
48 0.575951
49 0.578627
50 0.581269
51 0.583843
52 0.586552
53 0.589084
54 0.59169
55 0.594261
56 0.596798
57 0.599227
58 0.601935
59 0.604485
60 0.607144
61 0.609812
62 0.612526
63 0.615193
64 0.618024
65 0.620868
66 0.623806
67 0.626585
68 0.629364
69 0.632093
70 0.634837
71 0.637503
72 0.640082
73 0.64279
74 0.645051
75 0.64744
76 0.64979
77 0.652083
78 0.654384
79 0.656581
80 0.658744
81 0.660883
82 0.662829
83 0.664838
84 0.666799
85 0.668586
86 0.670559
87 0.672485
88 0.674304
89 0.676052
90 0.67783
91 0.679501
92 0.681053
93 0.68264
94 0.684223
95 0.685819
96 0.687392
97 0.688921
98 0.690388
99 0.691884
100 0.693275
101 0.694657
102 0.695896
103 0.697429
104 0.698545
105 0.699767
106 0.701063
107 0.702285
108 0.703507
109 0.704683
110 0.705852
111 0.706993
112 0.708146
113 0.709271
114 0.710374
115 0.711478
116 0.712565
117 0.713551
118 0.71457
119 0.715607
120 0.716606
121 0.717623
122 0.718611
123 0.719569
124 0.720566
125 0.721538
126 0.722475
127 0.723418
128 0.724341
129 0.725222
130 0.726136
131 0.726992
132 0.727898
133 0.728786
134 0.729625
135 0.730481
136 0.731324
137 0.732144
138 0.732966
139 0.733758
140 0.734593
141 0.735365
142 0.736133
143 0.736891
144 0.737653
145 0.738405
146 0.739155
147 0.739897
148 0.740613
149 0.741307
150 0.742046
151 0.742741
152 0.743461
153 0.744179
154 0.744863
155 0.745528
156 0.746208
157 0.746875
158 0.747562
159 0.74821
160 0.748854
161 0.749512
162 0.750149
163 0.750765
164 0.7514
165 0.752031
166 0.752661
167 0.753265
168 0.753864
169 0.754506
170 0.755147
171 0.755421
172 0.756324
173 0.756802
174 0.757416
175 0.757973
176 0.758549
177 0.759116
178 0.759652
179 0.760184
180 0.760754
181 0.761297
182 0.76183
183 0.762352
184 0.762898
185 0.763434
186 0.763945
187 0.764455
188 0.764989
189 0.765498
190 0.766016
191 0.766498
192 0.767015
193 0.767503
194 0.768018
195 0.768455
196 0.769009
197 0.769441
198 0.769971
199 0.770486
200 0.770945
201 0.771425
202 0.771897
203 0.772386
204 0.772868
205 0.773375
206 0.77378
207 0.774219
208 0.774694
209 0.775165
210 0.775594
211 0.776058
212 0.776486
213 0.77693
214 0.777393
215 0.77784
216 0.778275
217 0.778707
218 0.779138
219 0.779527
220 0.780058
221 0.780439
222 0.780877
223 0.781291
224 0.781724
225 0.782142
226 0.782573
227 0.783009
228 0.783361
229 0.783827
230 0.784234
231 0.784633
232 0.785048
233 0.785456
234 0.78584
235 0.786234
236 0.786659
237 0.787054
238 0.787436
239 0.787805
240 0.788238
241 0.788687
242 0.789012
243 0.789424
244 0.789789
245 0.790175
246 0.790576
247 0.790953
248 0.791311
249 0.79172
250 0.792072
251 0.792408
252 0.792867
253 0.793208
254 0.793409
255 0.794092
256 0.794288
257 0.794473
258 0.795154
259 0.795365
260 0.795701
261 0.796107
262 0.796455
263 0.796793
264 0.797131
265 0.797508
266 0.797849
267 0.798199
268 0.798522
269 0.798884
270 0.799212
271 0.799579
272 0.799891
273 0.800168
274 0.800567
275 0.800892
276 0.801248
277 0.801549
278 0.801866
279 0.802208
280 0.802535
281 0.802842
282 0.803169
283 0.803485
284 0.803776
285 0.804144
286 0.804431
287 0.80476
288 0.805062
289 0.805381
290 0.805679
291 0.805997
292 0.806321
293 0.806579
294 0.806895
295 0.807192
296 0.807495
297 0.807781
298 0.808092
299 0.808397
300 0.808655
301 0.808963
302 0.809237
303 0.809545
304 0.809824
305 0.810081
306 0.810377
307 0.81074
308 0.810998
309 0.811212
310 0.811511
311 0.811796
312 0.812062
313 0.812314
314 0.812605
315 0.812808
316 0.813139
317 0.813388
318 0.813669
319 0.813939
320 0.8142
321 0.814453
322 0.814712
323 0.814971
324 0.815241
325 0.815512
326 0.815729
327 0.816015
328 0.816269
329 0.816538
330 0.816755
331 0.817007
332 0.817266
333 0.817496
334 0.817736
335 0.817994
336 0.818229
337 0.818475
338 0.818703
339 0.818962
340 0.819204
341 0.819317
342 0.819685
343 0.819872
344 0.820147
345 0.820361
346 0.820574
347 0.820828
348 0.821039
349 0.821287
350 0.821495
351 0.821729
352 0.821951
353 0.822174
354 0.822392
355 0.822623
356 0.822844
357 0.823062
358 0.823268
359 0.823494
360 0.823705
361 0.823928
362 0.824136
363 0.824341
364 0.824563
365 0.824754
366 0.824946
367 0.82518
368 0.825399
369 0.825595
370 0.825809
371 0.826018
372 0.826237
373 0.826421
374 0.826635
375 0.826836
376 0.827026
377 0.827235
378 0.827434
379 0.827637
380 0.827827
381 0.827989
382 0.828209
383 0.828388
384 0.828597
385 0.828795
386 0.828974
387 0.829166
388 0.829364
389 0.829541
390 0.82972
391 0.829935
392 0.830109
393 0.830295
394 0.830487
395 0.830655
396 0.830848
397 0.831038
398 0.831241
399 0.831398
400 0.831575
