1 0.408577
2 0.408577
3 0.408577
4 0.408577
5 0.408577
6 0.408577
7 0.408577
8 0.408577
9 0.408577
10 0.408577
11 0.408577
12 0.325489
13 0.325383
14 0.308897
15 0.309016
16 0.301744
17 0.301447
18 0.297638
19 0.297741
20 0.295183
21 0.295386
22 0.293475
23 0.258137
24 0.247574
25 0.23645
26 0.233959
27 0.229553
28 0.227379
29 0.225197
30 0.223826
31 0.222005
32 0.22144
33 0.220243
34 0.204534
35 0.195349
36 0.187188
37 0.183889
38 0.180437
39 0.178277
40 0.176103
41 0.174439
42 0.172842
43 0.171643
44 0.170447
45 0.162859
46 0.156764
47 0.151081
48 0.147952
49 0.145195
50 0.142937
51 0.140655
52 0.139088
53 0.137766
54 0.136469
55 0.135331
56 0.131581
57 0.127271
58 0.123529
59 0.120449
60 0.118241
61 0.116417
62 0.114584
63 0.113103
64 0.111607
65 0.110586
66 0.109389
67 0.107166
68 0.104527
69 0.101883
70 0.09959
71 0.0977458
72 0.0958405
73 0.094444
74 0.0930276
75 0.0918544
76 0.0907861
77 0.0898538
78 0.0881757
79 0.0864809
80 0.0846434
81 0.0828123
82 0.0812585
83 0.0797818
84 0.0785568
85 0.0773595
86 0.0764246
87 0.0752629
88 0.0743637
89 0.0732989
90 0.0721415
91 0.0707437
92 0.0692359
93 0.0679915
94 0.0668196
95 0.0658496
96 0.0647977
97 0.0637883
98 0.062912
99 0.0621818
100 0.0613597
101 0.0602578
102 0.0591987
103 0.0581082
104 0.0571429
105 0.0561544
106 0.0552805
107 0.0543661
108 0.0535275
109 0.0527887
110 0.0521074
111 0.0512231
112 0.0504614
113 0.0495409
114 0.0486722
115 0.0478553
116 0.0471455
117 0.0462904
118 0.0455173
119 0.0446245
120 0.0440283
121 0.0434315
122 0.0426842
123 0.0421488
124 0.0416099
125 0.0409242
126 0.040281
127 0.0397717
128 0.0391815
129 0.038665
130 0.0380563
131 0.0375608
132 0.0370597
133 0.0366006
134 0.0361216
135 0.0356563
136 0.035169
137 0.0348024
138 0.034322
139 0.0338751
140 0.03347
141 0.0331911
142 0.0326931
143 0.0322424
144 0.0318626
145 0.0316187
146 0.031253
147 0.0308829
148 0.0305581
149 0.0301963
150 0.0299681
151 0.0296644
152 0.0293047
153 0.0289247
154 0.0285545
155 0.0283135
156 0.0280672
157 0.0277777
158 0.0275479
159 0.0271919
160 0.0269429
161 0.0266937
162 0.0264296
163 0.0261262
164 0.0259103
165 0.0257018
166 0.0254224
167 0.0252286
168 0.024941
169 0.0247542
170 0.0245615
171 0.0242913
172 0.0240423
173 0.0238701
174 0.0237582
175 0.0235131
176 0.0232921
177 0.0231266
178 0.0228217
179 0.0226358
180 0.022466
181 0.0223784
182 0.0220558
183 0.0219234
184 0.0217669
185 0.0216034
186 0.0214024
187 0.0212943
188 0.0211752
189 0.0209739
190 0.0207873
191 0.0206008
192 0.0204573
193 0.0203279
194 0.0201807
195 0.0200059
196 0.0198338
197 0.0197442
198 0.0196944
199 0.0194596
200 0.019356
201 0.0191749
202 0.0189804
203 0.0189549
204 0.0187358
205 0.0186552
206 0.018542
207 0.0183696
208 0.0182084
209 0.0181522
210 0.0180109
211 0.0178832
212 0.0177193
213 0.0176553
214 0.017554
215 0.0174594
216 0.0172771
217 0.0171776
218 0.0170321
219 0.0170111
220 0.0168878
221 0.0167463
222 0.0166577
223 0.0165123
224 0.0165207
225 0.0163641
226 0.0162457
227 0.0161468
228 0.0161142
229 0.0160058
230 0.0158784
231 0.0158226
232 0.015672
233 0.0155876
234 0.0154977
235 0.0154431
236 0.0152883
237 0.0152228
238 0.0151536
239 0.0151149
240 0.0149824
241 0.0148735
242 0.014824
243 0.0147541
244 0.01471
245 0.0145643
246 0.0145391
247 0.0144284
248 0.0143518
249 0.0142496
250 0.0141894
251 0.0141331
252 0.0140164
253 0.0139983
254 0.0139015
255 0.0137919
256 0.0137397
257 0.0136314
258 0.013619
259 0.0135463
260 0.0134682
261 0.0134182
262 0.0133575
263 0.0132367
264 0.0132004
265 0.0131434
266 0.0130649
267 0.0130265
268 0.0129646
269 0.0129092
270 0.0128202
271 0.0127918
272 0.0127338
273 0.012658
274 0.0125889
275 0.0125343
276 0.0124642
277 0.0124149
278 0.0123688
279 0.0123159
280 0.0122692
281 0.01212
282 0.0121281
283 0.0120577
284 0.0120008
285 0.0119465
286 0.0119174
287 0.0118389
288 0.0118236
289 0.0117543
290 0.0116668
291 0.0116702
292 0.0115818
293 0.0115551
294 0.0114931
295 0.0114852
296 0.0114175
297 0.0113841
298 0.011274
299 0.0112658
300 0.0111882
301 0.0111562
302 0.0110871
303 0.0110622
304 0.0110222
305 0.0109611
306 0.0109147
307 0.0108914
308 0.0108467
309 0.0107824
310 0.010785
311 0.0107254
312 0.0106628
313 0.0106204
314 0.0105657
315 0.0105563
316 0.0105181
317 0.0104593
318 0.0104467
319 0.0104091
320 0.0103576
321 0.0103353
322 0.0102308
323 0.0102218
324 0.0102213
325 0.0101422
326 0.0101004
327 0.0100996
328 0.0100315
329 0.0100044
330 0.00997217
331 0.00992033
332 0.00987153
333 0.00983963
334 0.00981094
335 0.0098073
336 0.00976837
337 0.00969419
338 0.00970019
339 0.00962949
340 0.00961455
341 0.00960653
342 0.00953705
343 0.00951001
344 0.009479
345 0.00944839
346 0.00938223
347 0.00938546
348 0.00936389
349 0.00934812
350 0.00931785
351 0.00923229
352 0.00922176
353 0.00920864
354 0.00914708
355 0.0091099
356 0.00909183
357 0.00908101
358 0.00903394
359 0.00904124
360 0.00901191
361 0.00894579
362 0.0089193
363 0.00891937
364 0.00884664
365 0.00881012
366 0.00882095
367 0.00877753
368 0.00872852
369 0.00870185
370 0.00869101
371 0.00869554
372 0.00865674
373 0.00864368
374 0.00852106
375 0.00856428
376 0.00854464
377 0.0085138
378 0.00848017
379 0.00844739
380 0.00840554
381 0.00838898
382 0.00837627
383 0.00831255
384 0.00827878
385 0.00829079
386 0.00829406
387 0.00823797
388 0.00826176
389 0.00816222
390 0.00816021
391 0.00811652
392 0.00809066
393 0.00811376
394 0.00806036
395 0.00805636
396 0.00802874
397 0.00801879
398 0.00796826
399 0.00797389
400 0.00794872
