1 0.408577
2 0.408577
3 0.408577
4 0.408577
5 0.408577
6 0.408577
7 0.408577
8 0.408577
9 0.408577
10 0.408577
11 0.408577
12 0.401653
13 0.395793
14 0.389617
15 0.384284
16 0.37904
17 0.374501
18 0.37026
19 0.367051
20 0.36383
21 0.360592
22 0.357714
23 0.353566
24 0.349938
25 0.346568
26 0.342994
27 0.339366
28 0.336027
29 0.332402
30 0.329061
31 0.326387
32 0.323391
33 0.320518
34 0.317902
35 0.315093
36 0.312658
37 0.309869
38 0.306981
39 0.304271
40 0.301663
41 0.299274
42 0.296835
43 0.294446
44 0.292028
45 0.289749
46 0.287545
47 0.285521
48 0.283384
49 0.281731
50 0.27943
51 0.277283
52 0.275281
53 0.27336
54 0.271325
55 0.269374
56 0.267531
57 0.265803
58 0.264113
59 0.262335
60 0.260784
61 0.258994
62 0.257224
63 0.255585
64 0.253885
65 0.252265
66 0.250573
67 0.2493
68 0.247778
69 0.246329
70 0.244935
71 0.243558
72 0.241981
73 0.240688
74 0.239095
75 0.237737
76 0.236254
77 0.234975
78 0.233583
79 0.232343
80 0.231004
81 0.229836
82 0.228614
83 0.227334
84 0.226061
85 0.224868
86 0.22365
87 0.222444
88 0.221184
89 0.220062
90 0.219178
91 0.217981
92 0.216866
93 0.215829
94 0.214782
95 0.213615
96 0.212571
97 0.211491
98 0.210519
99 0.209413
100 0.208453
101 0.20752
102 0.206502
103 0.20552
104 0.204488
105 0.203637
106 0.202578
107 0.201713
108 0.200749
109 0.199782
110 0.198871
111 0.198021
112 0.197048
113 0.19619
114 0.195367
115 0.194492
116 0.193683
117 0.192759
118 0.192088
119 0.191157
120 0.190384
121 0.189488
122 0.188691
123 0.187878
124 0.187174
125 0.186365
126 0.185814
127 0.18493
128 0.18415
129 0.183389
130 0.182587
131 0.181839
132 0.181101
133 0.180294
134 0.17956
135 0.178849
136 0.17817
137 0.177565
138 0.176842
139 0.176128
140 0.175385
141 0.174683
142 0.173947
143 0.173266
144 0.172545
145 0.171879
146 0.171205
147 0.170564
148 0.169974
149 0.169269
150 0.16861
151 0.168006
152 0.167362
153 0.166738
154 0.166125
155 0.165361
156 0.16479
157 0.164197
158 0.163667
159 0.162887
160 0.162424
161 0.161804
162 0.161155
163 0.160578
164 0.160023
165 0.1594
166 0.158857
167 0.158202
168 0.157652
169 0.157114
170 0.156437
171 0.155959
172 0.155386
173 0.154893
174 0.154346
175 0.153849
176 0.153247
177 0.152736
178 0.152161
179 0.151567
180 0.151041
181 0.150521
182 0.149996
183 0.149484
184 0.149044
185 0.148487
186 0.148062
187 0.147535
188 0.147017
189 0.146546
190 0.146011
191 0.145416
192 0.144943
193 0.144516
194 0.144062
195 0.143608
196 0.143097
197 0.142717
198 0.142284
199 0.141768
200 0.141344
201 0.140818
202 0.140261
203 0.13991
204 0.139468
205 0.139118
206 0.138574
207 0.138116
208 0.137674
209 0.137313
210 0.136853
211 0.136436
212 0.135991
213 0.135615
214 0.135134
215 0.134741
216 0.134406
217 0.134002
218 0.13354
219 0.133106
220 0.132754
221 0.132327
222 0.131874
223 0.131471
224 0.131173
225 0.130727
226 0.130324
227 0.129981
228 0.129595
229 0.129206
230 0.128783
231 0.12847
232 0.127986
233 0.127671
234 0.127295
235 0.126949
236 0.126572
237 0.126204
238 0.125908
239 0.125474
240 0.125172
241 0.124755
242 0.124366
243 0.124059
244 0.123776
245 0.123364
246 0.123054
247 0.122725
248 0.122413
249 0.12204
250 0.121758
251 0.121385
252 0.121039
253 0.120733
254 0.120404
255 0.120077
256 0.119765
257 0.11936
258 0.119078
259 0.118733
260 0.118497
261 0.118164
262 0.117842
263 0.117487
264 0.117213
265 0.11694
266 0.116616
267 0.116264
268 0.115978
269 0.115718
270 0.115357
271 0.115133
272 0.114819
273 0.114531
274 0.114224
275 0.113864
276 0.113563
277 0.113388
278 0.113063
279 0.112748
280 0.112517
281 0.112128
282 0.111886
283 0.111581
284 0.111319
285 0.111047
286 0.110786
287 0.110563
288 0.110261
289 0.11
290 0.109681
291 0.109432
292 0.109174
293 0.108876
294 0.108618
295 0.108381
296 0.108138
297 0.107856
298 0.107589
299 0.107344
300 0.107061
301 0.106846
302 0.106548
303 0.106286
304 0.106026
305 0.105785
306 0.105544
307 0.105326
308 0.105058
309 0.104783
310 0.104577
311 0.104306
312 0.104051
313 0.103808
314 0.103568
315 0.103318
316 0.103103
317 0.102904
318 0.102658
319 0.102385
320 0.102143
321 0.101921
322 0.101661
323 0.101462
324 0.101226
325 0.100996
326 0.100756
327 0.100625
328 0.100319
329 0.100128
330 0.0998687
331 0.0996259
332 0.0994495
333 0.0992175
334 0.0989711
335 0.0987965
336 0.0985825
337 0.0983682
338 0.0981741
339 0.0979005
340 0.0976959
341 0.0975306
342 0.0972673
343 0.0970187
344 0.0968655
345 0.0966521
346 0.0964393
347 0.0962574
348 0.0960585
349 0.0958747
350 0.0956143
351 0.0954284
352 0.0952366
353 0.0950118
354 0.0948277
355 0.0945797
356 0.0944135
357 0.0941728
358 0.0940052
359 0.0938066
360 0.093675
361 0.0934055
362 0.0932197
363 0.0930636
364 0.0927993
365 0.0926244
366 0.0924421
367 0.0922442
368 0.0920443
369 0.0918721
370 0.091676
371 0.0915201
372 0.0913433
373 0.0912177
374 0.0909197
375 0.0907819
376 0.0906114
377 0.0904248
378 0.0901795
379 0.0900837
380 0.0899205
381 0.0896822
382 0.089568
383 0.0893276
384 0.0891249
385 0.0889405
386 0.0888281
387 0.0886176
388 0.0884688
389 0.0882851
390 0.0880912
391 0.0879048
392 0.0877558
393 0.0876202
394 0.0874355
395 0.0872722
396 0.087128
397 0.0869292
398 0.0867468
399 0.0865956
400 0.0864437
