1 0.0734061
2 0.0678011
3 0.0637075
4 0.0605205
5 0.0579014
6 0.0555813
7 0.0535667
8 0.0518077
9 0.0501806
10 0.0486539
11 0.0474214
12 0.0461834
13 0.0450083
14 0.0439753
15 0.0431143
16 0.0420118
17 0.0411587
18 0.0402032
19 0.0396038
20 0.0387676
21 0.0380996
22 0.0374359
23 0.0367674
24 0.0363039
25 0.0356675
26 0.0350538
27 0.0344636
28 0.0339067
29 0.0334065
30 0.0330658
31 0.0324849
32 0.0320015
33 0.0315318
34 0.0311675
35 0.0307659
36 0.0303512
37 0.0299692
38 0.0296432
39 0.0292163
40 0.0288624
41 0.0285279
42 0.0281962
43 0.0278494
44 0.0275852
45 0.0273139
46 0.0270646
47 0.0266966
48 0.0264955
49 0.0261124
50 0.0258273
51 0.0257035
52 0.0254367
53 0.0251196
54 0.0249641
55 0.0245995
56 0.0244743
57 0.0241121
58 0.0239307
59 0.0237997
60 0.023576
61 0.0233238
62 0.0231339
63 0.0229541
64 0.0227729
65 0.0226559
66 0.0223693
67 0.0221878
68 0.0219872
69 0.0219048
70 0.0216909
71 0.0215014
72 0.0213279
73 0.021135
74 0.0209434
75 0.0209088
76 0.0206871
77 0.0205152
78 0.0203922
79 0.0202629
80 0.020125
81 0.0200361
82 0.0198051
83 0.0196816
84 0.0194534
85 0.0193395
86 0.0192933
87 0.0191755
88 0.0191022
89 0.0188594
90 0.0187561
91 0.0186293
92 0.0185808
93 0.0183447
94 0.0182803
95 0.0180828
96 0.0179792
97 0.0179349
98 0.0178188
99 0.0176569
100 0.0175669
101 0.0175386
102 0.0173934
103 0.017339
104 0.0172694
105 0.0170821
106 0.0170112
107 0.0169072
108 0.0167434
109 0.0167406
110 0.0166523
111 0.0165228
112 0.0164499
113 0.0163025
114 0.0162354
115 0.0161953
116 0.0160646
117 0.0159945
118 0.0159704
119 0.0158428
120 0.0157395
121 0.0156727
122 0.0155444
123 0.0155102
124 0.0154513
125 0.0152723
126 0.0153428
127 0.0152257
128 0.0151696
129 0.0150771
130 0.0150027
131 0.0148959
132 0.0147918
133 0.0147724
134 0.01472
135 0.0146191
136 0.0145747
137 0.0145148
138 0.0144428
139 0.0143784
140 0.0142689
141 0.0143051
142 0.0141927
143 0.0140921
144 0.0140262
145 0.0139537
146 0.0139563
147 0.0137631
148 0.013837
149 0.0137221
150 0.0137032
151 0.0136499
152 0.0134975
153 0.013509
154 0.0134166
155 0.0134497
156 0.0132705
157 0.0132754
158 0.01321
159 0.0131597
160 0.013126
161 0.0130763
162 0.0130585
163 0.0129623
164 0.0128753
165 0.0128227
166 0.0128
167 0.0126632
168 0.0127044
169 0.0126578
170 0.0126379
171 0.0125379
172 0.012525
173 0.0124859
174 0.0124301
175 0.012296
176 0.0123326
177 0.0122612
178 0.0122242
179 0.0121836
180 0.0121478
181 0.0121351
182 0.0120002
183 0.0120512
184 0.011948
185 0.0119155
186 0.0118917
187 0.0117954
188 0.0118355
189 0.0117668
190 0.0116916
191 0.0116492
192 0.0116259
193 0.0115763
194 0.011576
195 0.0114933
196 0.0114574
197 0.0114775
198 0.0113731
199 0.0113757
200 0.0113057
201 0.0112906
202 0.0111723
203 0.0112173
204 0.0111662
205 0.0111466
206 0.0110945
207 0.0110765
208 0.0110232
209 0.0109533
210 0.0108973
211 0.010858
212 0.0108214
213 0.0107724
214 0.0107995
215 0.0107195
216 0.0107449
217 0.0106804
218 0.0106944
219 0.010631
220 0.0106198
221 0.0105382
222 0.0105413
223 0.0104857
224 0.0104476
225 0.01047
226 0.010406
227 0.010375
228 0.0103757
229 0.0102797
230 0.0103265
231 0.0102152
232 0.0102002
233 0.0102238
234 0.0102008
235 0.010139
236 0.0101073
237 0.0100623
238 0.010065
239 0.0100016
240 0.00993256
241 0.00998706
242 0.00992561
243 0.00991255
244 0.00981619
245 0.00984351
246 0.00974487
247 0.00979797
248 0.00978205
249 0.00968117
250 0.0096949
251 0.00971311
252 0.00964233
253 0.00960421
254 0.00956869
255 0.00954522
256 0.00957744
257 0.00952207
258 0.00949837
259 0.00951996
260 0.00943337
261 0.00942184
262 0.0094168
263 0.00938527
264 0.00933504
265 0.00933761
266 0.00930185
267 0.00924309
268 0.00925945
269 0.00919738
270 0.00925191
271 0.00919476
272 0.00914687
273 0.0091318
274 0.00911709
275 0.00912468
276 0.00905762
277 0.0090689
278 0.00899598
279 0.00898593
280 0.00893202
281 0.00896951
282 0.00891286
283 0.00888564
284 0.00888745
285 0.00883563
286 0.00886232
287 0.00879234
288 0.00881895
289 0.00876287
290 0.00874955
291 0.0087392
292 0.00873165
293 0.0087099
294 0.00865508
295 0.00863375
296 0.0085958
297 0.00859779
298 0.00855686
299 0.00859791
300 0.00853542
301 0.00856
302 0.00851186
303 0.00848212
304 0.00845273
305 0.00846225
306 0.00844603
307 0.0084071
308 0.00835048
309 0.00835266
310 0.00831328
311 0.00830707
312 0.00833798
313 0.00832606
314 0.00828487
315 0.00821139
316 0.00822451
317 0.00822044
318 0.00818161
319 0.00816497
320 0.00815271
321 0.008112
322 0.00814024
323 0.00808693
324 0.00807357
325 0.00811606
326 0.00805805
327 0.00805539
328 0.00802319
329 0.00803235
330 0.00800291
331 0.00794659
332 0.00793467
333 0.00792458
334 0.00790279
335 0.00790546
336 0.0078711
337 0.0078918
338 0.00783795
339 0.00783286
340 0.00780871
341 0.00778557
342 0.00783354
343 0.0078114
344 0.00774632
345 0.00771443
346 0.0077289
347 0.00771144
348 0.00767715
349 0.00769551
350 0.00764559
351 0.00767261
352 0.00764643
353 0.0075963
354 0.00766665
355 0.00757188
356 0.00762222
357 0.00752784
358 0.00756747
359 0.00747775
360 0.00753195
361 0.00747821
362 0.00747466
363 0.00743307
364 0.00740332
365 0.00739938
366 0.00739397
367 0.00737022
368 0.00736757
369 0.00734556
370 0.00728265
371 0.00733301
372 0.00732319
373 0.00731418
374 0.00732899
375 0.00730782
376 0.00727463
377 0.00729071
378 0.0072295
379 0.00725466
380 0.00721942
381 0.00716072
382 0.00719828
383 0.00717334
384 0.00719678
385 0.0071587
386 0.00712523
387 0.00711113
388 0.00712014
389 0.00710668
390 0.00705546
391 0.00709302
392 0.00706104
393 0.00699928
394 0.00703508
395 0.00700567
396 0.00695699
397 0.00703087
398 0.0069759
399 0.00699963
400 0.0069562
