1 0.500331
2 0.499391
3 0.499307
4 0.624759
5 0.631884
6 0.657339
7 0.668705
8 0.678556
9 0.683617
10 0.686024
11 0.690726
12 0.695826
13 0.694816
14 0.695408
15 0.699926
16 0.701124
17 0.700165
18 0.702389
19 0.699025
20 0.699855
21 0.704203
22 0.708599
23 0.709175
24 0.707825
25 0.708816
26 0.709822
27 0.708171
28 0.704143
29 0.697415
30 0.704647
31 0.709409
32 0.711285
33 0.713487
34 0.714517
35 0.715281
36 0.717445
37 0.707981
38 0.713774
39 0.715941
40 0.715677
41 0.716993
42 0.718656
43 0.717995
44 0.720454
45 0.719013
46 0.719982
47 0.720797
48 0.720726
49 0.720415
50 0.721544
51 0.722152
52 0.722597
53 0.723558
54 0.722971
55 0.722994
56 0.724595
57 0.724924
58 0.723758
59 0.722985
60 0.725743
61 0.725727
62 0.719054
63 0.721874
64 0.72367
65 0.724486
66 0.723898
67 0.726081
68 0.725995
69 0.726073
70 0.726727
71 0.727425
72 0.726613
73 0.726496
74 0.727533
75 0.72725
76 0.723964
77 0.722301
78 0.722612
79 0.726873
80 0.728062
81 0.726578
82 0.728273
83 0.728333
84 0.72944
85 0.728103
86 0.729177
87 0.728072
88 0.72067
89 0.725717
90 0.728518
91 0.730595
92 0.730516
93 0.731129
94 0.731527
95 0.730975
96 0.731465
97 0.723073
98 0.72379
99 0.727513
100 0.727843
101 0.73076
102 0.731549
103 0.732741
104 0.733311
105 0.72864
106 0.725975
107 0.729737
108 0.732847
109 0.732412
110 0.732791
111 0.732796
112 0.733365
113 0.728486
114 0.727362
115 0.730335
116 0.731721
117 0.733672
118 0.734121
119 0.733444
120 0.730644
121 0.727893
122 0.731452
123 0.732639
124 0.733714
125 0.733782
126 0.733953
127 0.729487
128 0.729054
129 0.730866
130 0.732637
131 0.734553
132 0.735149
133 0.735225
134 0.735742
135 0.735585
136 0.735424
137 0.737103
138 0.736815
139 0.736871
140 0.735935
141 0.735513
142 0.736594
143 0.73633
144 0.736314
145 0.73707
146 0.736977
147 0.736948
148 0.737141
149 0.735707
150 0.73695
151 0.73692
152 0.737244
153 0.737923
154 0.737903
155 0.736716
156 0.737936
157 0.738154
158 0.738376
159 0.738111
160 0.738393
161 0.73783
162 0.737272
163 0.738293
164 0.738512
165 0.738654
166 0.738328
167 0.73807
168 0.738838
169 0.739735
170 0.73902
171 0.739086
172 0.738476
173 0.738142
174 0.738851
175 0.739143
176 0.738821
177 0.739233
178 0.738712
179 0.738819
180 0.738056
181 0.738646
182 0.738398
183 0.73844
184 0.738793
185 0.738899
186 0.739707
187 0.739263
188 0.739945
189 0.73924
190 0.739735
191 0.739499
192 0.739689
193 0.739476
194 0.738543
195 0.739629
196 0.739534
197 0.739272
198 0.739341
199 0.739054
200 0.739731
201 0.739757
202 0.739657
203 0.739499
204 0.739447
205 0.740118
206 0.739709
207 0.739667
208 0.739404
209 0.739591
210 0.74023
211 0.740063
212 0.739921
213 0.739956
214 0.740226
215 0.740454
216 0.739956
217 0.740648
218 0.740169
219 0.740272
220 0.739706
221 0.740416
222 0.739839
223 0.740989
224 0.740251
225 0.73986
226 0.740806
227 0.740921
228 0.740077
229 0.740408
230 0.740272
231 0.740257
232 0.740442
233 0.739458
234 0.740848
235 0.740881
236 0.740272
237 0.740575
238 0.741136
239 0.741274
240 0.741154
241 0.741
242 0.740605
243 0.741022
244 0.741657
245 0.741285
246 0.741274
247 0.740416
248 0.741181
249 0.741134
250 0.7411
251 0.740766
252 0.741188
253 0.741313
254 0.740593
255 0.741166
256 0.740869
257 0.741299
258 0.741049
259 0.740731
260 0.742519
261 0.741863
262 0.741366
263 0.740938
264 0.741582
265 0.7416
266 0.74087
267 0.741082
268 0.741141
269 0.740791
270 0.740977
271 0.741886
272 0.741375
273 0.741971
274 0.741808
275 0.741652
276 0.741925
277 0.742258
278 0.741479
279 0.740989
280 0.741677
281 0.740954
282 0.742646
283 0.742405
284 0.741467
285 0.742896
286 0.741941
287 0.74126
288 0.741575
289 0.741815
290 0.742101
291 0.741707
292 0.740619
293 0.741129
294 0.741642
295 0.742762
296 0.74238
297 0.741799
298 0.742341
299 0.742009
300 0.741315
301 0.741633
302 0.741803
303 0.742003
304 0.741828
305 0.742154
306 0.741823
307 0.741486
308 0.741391
309 0.742004
310 0.742619
311 0.742214
312 0.74237
313 0.741755
314 0.742143
315 0.742667
316 0.742476
317 0.743113
318 0.741762
319 0.742765
320 0.742302
321 0.740778
322 0.742253
323 0.742037
324 0.742232
325 0.742465
326 0.74335
327 0.742613
328 0.742825
329 0.743052
330 0.743461
331 0.742626
332 0.742232
333 0.742317
334 0.741986
335 0.741161
336 0.742523
337 0.742072
338 0.742001
339 0.742287
340 0.742807
341 0.742463
342 0.742539
343 0.743387
344 0.743406
345 0.742617
346 0.742528
347 0.741885
348 0.742418
349 0.741821
350 0.742629
351 0.743483
352 0.743098
353 0.743089
354 0.742962
355 0.742453
356 0.742936
357 0.742998
358 0.743448
359 0.743145
360 0.742026
361 0.742615
362 0.742823
363 0.742704
364 0.742638
365 0.742847
366 0.74283
367 0.742924
368 0.742945
369 0.743307
370 0.74323
371 0.742563
372 0.742712
373 0.742998
374 0.742766
375 0.743177
376 0.742913
377 0.742677
378 0.743645
379 0.743153
380 0.742938
381 0.743335
382 0.743194
383 0.742173
384 0.743248
385 0.742877
386 0.743309
387 0.743184
388 0.743117
389 0.743326
390 0.743141
391 0.74383
392 0.743422
393 0.743576
394 0.742153
395 0.74236
396 0.743218
397 0.742616
398 0.74414
399 0.742857
400 0.743486
