1 0.5
2 0.353193
3 0.288482
4 0.249862
5 0.223559
6 0.203988
7 0.188676
8 0.176497
9 0.166457
10 0.158058
11 0.150633
12 0.144246
13 0.138641
14 0.133409
15 0.129142
16 0.124911
17 0.121349
18 0.117774
19 0.11468
20 0.111742
21 0.108441
22 0.105844
23 0.103081
24 0.100495
25 0.0984615
26 0.0966339
27 0.0947417
28 0.0930342
29 0.0921565
30 0.0909436
31 0.0896398
32 0.0888425
33 0.087994
34 0.0880659
35 0.0872718
36 0.0863835
37 0.0859146
38 0.0856913
39 0.0854403
40 0.0850109
41 0.0847884
42 0.0836557
43 0.0833308
44 0.0833634
45 0.0827646
46 0.0819175
47 0.0815618
48 0.0812075
49 0.0810903
50 0.0807272
51 0.0802709
52 0.0796305
53 0.0795263
54 0.078676
55 0.0786775
56 0.0784324
57 0.0785295
58 0.078318
59 0.0778487
60 0.0777202
61 0.0775328
62 0.0771884
63 0.0771363
64 0.0767336
65 0.0773598
66 0.0769841
67 0.0769512
68 0.0768686
69 0.0767328
70 0.0765857
71 0.0764035
72 0.0759254
73 0.0754078
74 0.0757985
75 0.0754963
76 0.0756481
77 0.0751692
78 0.0749923
79 0.0749577
80 0.0744631
81 0.0741864
82 0.0743337
83 0.0735755
84 0.073173
85 0.0733867
86 0.0722062
87 0.0722642
88 0.0719229
89 0.0714571
90 0.0710915
91 0.0707576
92 0.0701132
93 0.069628
94 0.0696321
95 0.069325
96 0.0688044
97 0.0684121
98 0.0685196
99 0.0679464
100 0.0677568
101 0.0672857
102 0.067717
103 0.0670421
104 0.0666209
105 0.0661662
106 0.0658578
107 0.0660086
108 0.0654584
109 0.0650056
110 0.0651967
111 0.0645088
112 0.0646039
113 0.0642876
114 0.0641075
115 0.0641214
116 0.0642584
117 0.064058
118 0.063932
119 0.0635739
120 0.0632852
121 0.0631107
122 0.0630467
123 0.0631364
124 0.0627757
125 0.0626641
126 0.0623943
127 0.0629644
128 0.0623981
129 0.0620605
130 0.061998
131 0.0624616
132 0.0622654
133 0.0619059
134 0.0621636
135 0.0621795
136 0.0617907
137 0.0618091
138 0.0617121
139 0.0613179
140 0.0616422
141 0.0616538
142 0.0617019
143 0.0617442
144 0.0612808
145 0.0617039
146 0.0612272
147 0.0612087
148 0.0613316
149 0.0609809
150 0.0612584
151 0.0611498
152 0.061042
153 0.0610039
154 0.0609912
155 0.0613043
156 0.0610259
157 0.0610132
158 0.061041
159 0.061219
160 0.0610864
161 0.061012
162 0.0608983
163 0.0607172
164 0.0612243
165 0.060913
166 0.0607189
167 0.060901
168 0.0607476
169 0.0606391
170 0.0621018
171 0.0619617
172 0.0602112
173 0.0608136
174 0.0609668
175 0.0611734
176 0.0609968
177 0.0609609
178 0.0606118
179 0.0612927
180 0.0608403
181 0.0608101
182 0.0608814
183 0.0609318
184 0.0610102
185 0.0609558
186 0.0603808
187 0.0615423
188 0.0609966
189 0.0611605
190 0.0609944
191 0.0610315
192 0.0608797
193 0.0613617
194 0.0611364
195 0.0614447
196 0.0613289
197 0.0615477
198 0.0613136
199 0.0615169
200 0.0614037
201 0.0613607
202 0.0613753
203 0.0617082
204 0.0612258
205 0.0623398
206 0.0612776
207 0.0616667
208 0.0617237
209 0.0613313
210 0.0613418
211 0.061824
212 0.0616408
213 0.0615154
214 0.062066
215 0.0618228
216 0.0616106
217 0.0618411
218 0.0617944
219 0.061523
220 0.0620338
221 0.0620708
222 0.0618589
223 0.061884
224 0.06201
225 0.0617577
226 0.0620321
227 0.0622068
228 0.0622223
229 0.0621008
230 0.062084
231 0.0620842
232 0.0624062
233 0.0625632
234 0.0621953
235 0.0622425
236 0.0623116
237 0.0622626
238 0.0622764
239 0.0625136
240 0.0623952
241 0.0625965
242 0.0626093
243 0.0626165
244 0.0626652
245 0.0628903
246 0.0627731
247 0.0626786
248 0.06279
249 0.0627921
250 0.0629542
251 0.0629016
252 0.0627159
253 0.0627166
254 0.0630048
255 0.0640587
256 0.0629459
257 0.0613782
258 0.0625505
259 0.0629495
260 0.0626921
261 0.0627389
262 0.0628106
263 0.0632758
264 0.0631395
265 0.0629031
266 0.0630155
267 0.0633793
268 0.0632631
269 0.0629852
270 0.0628957
271 0.0628599
272 0.0631039
273 0.0631301
274 0.0632524
275 0.0632835
276 0.0630786
277 0.0632588
278 0.0629144
279 0.0632831
280 0.0633631
281 0.0633214
282 0.0633473
283 0.0632147
284 0.0634146
285 0.0633028
286 0.0634531
287 0.0632098
288 0.0631968
289 0.0634744
290 0.0637305
291 0.0632037
292 0.0632642
293 0.0632223
294 0.0632734
295 0.0631506
296 0.0634505
297 0.0634157
298 0.0634063
299 0.063546
300 0.0635073
301 0.0633786
302 0.0634561
303 0.0633711
304 0.0633125
305 0.0637151
306 0.0633981
307 0.0630457
308 0.063431
309 0.0632984
310 0.0636346
311 0.0634129
312 0.0635744
313 0.0634244
314 0.0635605
315 0.063598
316 0.0635345
317 0.0637686
318 0.0634618
319 0.0637569
320 0.0634507
321 0.0638539
322 0.0635118
323 0.0636002
324 0.0636102
325 0.0635823
326 0.0634735
327 0.0635357
328 0.0637579
329 0.0635631
330 0.0636952
331 0.0634789
332 0.0636444
333 0.063702
334 0.0635
335 0.0636699
336 0.0635068
337 0.0636098
338 0.0636313
339 0.0635552
340 0.0637022
341 0.0632685
342 0.0636217
343 0.0638289
344 0.0637125
345 0.0637258
346 0.0635966
347 0.0637263
348 0.063624
349 0.0636777
350 0.0637298
351 0.0639371
352 0.0636201
353 0.0636444
354 0.0638581
355 0.0637595
356 0.0637207
357 0.0635828
358 0.0636774
359 0.063799
360 0.063661
361 0.0637633
362 0.0636215
363 0.063669
364 0.0636854
365 0.0637006
366 0.0634951
367 0.0635338
368 0.063742
369 0.0637062
370 0.0635512
371 0.0638076
372 0.063565
373 0.0636854
374 0.0639613
375 0.0635685
376 0.063618
377 0.0638959
378 0.0635634
379 0.0635788
380 0.0637181
381 0.0636365
382 0.0635136
383 0.0639248
384 0.0636758
385 0.0635094
386 0.0638013
387 0.0637053
388 0.0636236
389 0.0639525
390 0.0634775
391 0.0636809
392 0.0636372
393 0.0638707
394 0.0637205
395 0.0636166
396 0.0637322
397 0.0637212
398 0.063859
399 0.063439
400 0.063658
