1 2.60811
2 1.76186
3 1.23188
4 0.911728
5 0.725897
6 0.628832
7 0.589078
8 0.586659
9 0.607733
10 0.644015
11 0.690096
12 0.742277
13 0.798253
14 0.856477
15 0.933584
16 0.786305
17 0.665059
18 0.566432
19 0.487493
20 0.425448
21 0.378086
22 0.343483
23 0.320429
24 0.308453
25 0.307161
26 0.288895
27 0.268151
28 0.25096
29 0.235178
30 0.221188
31 0.210193
32 0.201205
33 0.1932
34 0.186843
35 0.182125
36 0.178063
37 0.175654
38 0.174149
39 0.172878
40 0.17188
41 0.170549
42 0.16937
43 0.16681
44 0.163143
45 0.159271
46 0.155029
47 0.150295
48 0.14587
49 0.141785
50 0.138123
51 0.134979
52 0.131802
53 0.129031
54 0.126375
55 0.123693
56 0.121085
57 0.118727
58 0.116319
59 0.114094
60 0.112036
61 0.11014
62 0.107868
63 0.105915
64 0.104164
65 0.102372
66 0.101212
67 0.100039
68 0.0991028
69 0.0982141
70 0.0971702
71 0.0960869
72 0.0951947
73 0.0942444
74 0.0932134
75 0.0921472
76 0.091125
77 0.0902345
78 0.0892225
79 0.0882901
80 0.0873278
81 0.0864604
82 0.0854999
83 0.0845636
84 0.0836403
85 0.0826627
86 0.0817658
87 0.0807758
88 0.0798786
89 0.0789851
90 0.0780421
91 0.0770655
92 0.0763645
93 0.0755071
94 0.0747385
95 0.0740251
96 0.0733667
97 0.0727111
98 0.0720702
99 0.0714446
100 0.0708005
101 0.070146
102 0.0695339
103 0.0689968
104 0.0683775
105 0.0678687
106 0.0672766
107 0.0667878
108 0.0662337
109 0.0657065
110 0.0651767
111 0.0646521
112 0.0641273
113 0.0636582
114 0.0632356
115 0.0626998
116 0.0622934
117 0.0617928
118 0.0613531
119 0.0609065
120 0.0605066
121 0.060026
122 0.0596177
123 0.0591832
124 0.0587503
125 0.0583342
126 0.0579512
127 0.0575125
128 0.0570858
129 0.0566643
130 0.0562712
131 0.0558936
132 0.0554442
133 0.0550885
134 0.0546759
135 0.0543077
136 0.0539017
137 0.0535236
138 0.0531468
139 0.0528036
140 0.05243
141 0.0520937
142 0.0517498
143 0.0513739
144 0.0510386
145 0.0507058
146 0.0503815
147 0.0500312
148 0.0497258
149 0.0494204
150 0.0490786
151 0.0487503
152 0.0484535
153 0.0481653
154 0.0479052
155 0.0476002
156 0.0472853
157 0.0470534
158 0.046796
159 0.0464966
160 0.0461753
161 0.0459095
162 0.0456364
163 0.0453637
164 0.0450703
165 0.0448354
166 0.0445698
167 0.0443301
168 0.0440526
169 0.0437751
170 0.0435333
171 0.0433227
172 0.0430772
173 0.0428209
174 0.0425745
175 0.0423428
176 0.0420777
177 0.0418445
178 0.0416143
179 0.0413576
180 0.0411396
181 0.0408827
182 0.0406694
183 0.0404147
184 0.0402189
185 0.0400158
186 0.0397942
187 0.0395226
188 0.0393123
189 0.0390969
190 0.0388975
191 0.0386545
192 0.038482
193 0.0382773
194 0.0380622
195 0.0378657
196 0.0376494
197 0.0374545
198 0.0372899
199 0.0370471
200 0.0368689
201 0.0366501
202 0.0364576
203 0.0362881
204 0.0360838
205 0.0358945
206 0.0357047
207 0.0354859
208 0.0353211
209 0.0351785
210 0.0349796
211 0.0347612
212 0.0346215
213 0.0344982
214 0.0343186
215 0.0341389
216 0.0339594
217 0.0338092
218 0.0336618
219 0.0334812
220 0.0333327
221 0.0331659
222 0.033018
223 0.0328628
224 0.0326893
225 0.0325589
226 0.0324143
227 0.0322679
228 0.0321495
229 0.0319831
230 0.0318573
231 0.031681
232 0.0315447
233 0.0313782
234 0.0312436
235 0.0310627
236 0.0309154
237 0.0307546
238 0.030617
239 0.0304852
240 0.0303544
241 0.0302051
242 0.0300976
243 0.0299517
244 0.0298176
245 0.0296618
246 0.0295629
247 0.0294143
248 0.0292775
249 0.0291558
250 0.0290274
251 0.0288907
252 0.0287735
253 0.0286248
254 0.0284874
255 0.0283948
256 0.0282751
257 0.0281604
258 0.0280446
259 0.0279474
260 0.0278244
261 0.0277092
262 0.0275768
263 0.0274603
264 0.0273267
265 0.0272326
266 0.0271203
267 0.0270077
268 0.026884
269 0.026784
270 0.0266827
271 0.0265844
272 0.0264842
273 0.0263476
274 0.0262582
275 0.0261474
276 0.0260369
277 0.0259215
278 0.025805
279 0.0257076
280 0.025606
281 0.025489
282 0.0253843
283 0.0252614
284 0.0251652
285 0.0250807
286 0.0249901
287 0.0248891
288 0.0248104
289 0.0247066
290 0.0246068
291 0.0245218
292 0.0244265
293 0.0243162
294 0.0242159
295 0.0241352
296 0.0240382
297 0.0239496
298 0.0238611
299 0.0237774
300 0.0237004
301 0.0236061
302 0.023523
303 0.0234318
304 0.0233422
305 0.023267
306 0.0231808
307 0.023074
308 0.0230078
309 0.0228976
310 0.0228039
311 0.0227388
312 0.0226587
313 0.0226015
314 0.0224971
315 0.02243
316 0.0223564
317 0.022259
318 0.02218
319 0.0220982
320 0.0220073
321 0.0219193
322 0.0218553
323 0.0217781
324 0.0216814
325 0.0216132
326 0.0215112
327 0.0214597
328 0.0213726
329 0.0213077
330 0.0212254
331 0.0211649
332 0.0210886
333 0.0210234
334 0.020928
335 0.0208913
336 0.0208031
337 0.0207406
338 0.0206513
339 0.0206004
340 0.0205051
341 0.0204412
342 0.020372
343 0.0203182
344 0.0202559
345 0.0201841
346 0.0201107
347 0.0200546
348 0.0199971
349 0.0199276
350 0.0198763
351 0.019817
352 0.0197521
353 0.0196584
354 0.0196015
355 0.0195427
356 0.019467
357 0.019394
358 0.0193392
359 0.0192809
360 0.0192311
361 0.0191596
362 0.0191062
363 0.0190329
364 0.0189851
365 0.0189131
366 0.0188548
367 0.0187907
368 0.0187379
369 0.0186704
370 0.0186159
371 0.0185633
372 0.0184929
373 0.0184504
374 0.0183907
375 0.018352
376 0.0182818
377 0.0182281
378 0.0181698
379 0.0181163
380 0.0180407
381 0.0179946
382 0.017944
383 0.0179021
384 0.0178521
385 0.0177849
386 0.0177168
387 0.0176578
388 0.0176337
389 0.0175644
390 0.0175254
391 0.0174677
392 0.0174296
393 0.0173628
394 0.0173259
395 0.0172621
396 0.0172168
397 0.0171561
398 0.017108
399 0.0170458
400 0.0169937
