1 0.066462
2 0.066767
3 0.066347
4 0.066972
5 0.066493
6 0.066579
7 0.067003
8 0.066804
9 0.066371
10 0.066896
11 0.066618
12 0.06653
13 0.066598
14 0.066749
15 0.066828
16 0.133546
17 0.133468
18 0.1339
19 0.135262
20 0.138927
21 0.148089
22 0.160789
23 0.176613
24 0.193854
25 0.209144
26 0.223734
27 0.234327
28 0.247311
29 0.258881
30 0.27073
31 0.282426
32 0.295101
33 0.304935
34 0.313635
35 0.323662
36 0.332613
37 0.340406
38 0.345826
39 0.350781
40 0.35295
41 0.354326
42 0.356037
43 0.354267
44 0.35767
45 0.352006
46 0.353058
47 0.342675
48 0.345482
49 0.347865
50 0.341951
51 0.34248
52 0.345518
53 0.345581
54 0.329699
55 0.33292
56 0.328233
57 0.331916
58 0.329149
59 0.322283
60 0.328553
61 0.337061
62 0.330177
63 0.328221
64 0.339096
65 0.338214
66 0.339356
67 0.338904
68 0.344813
69 0.351949
70 0.358627
71 0.360988
72 0.367196
73 0.3694
74 0.366707
75 0.37434
76 0.380546
77 0.380709
78 0.389008
79 0.396087
80 0.397316
81 0.401518
82 0.400146
83 0.405421
84 0.407018
85 0.414515
86 0.41669
87 0.418327
88 0.423945
89 0.428481
90 0.431326
91 0.436696
92 0.434218
93 0.434697
94 0.439793
95 0.442697
96 0.444775
97 0.44512
98 0.442625
99 0.444615
100 0.436697
101 0.436365
102 0.436473
103 0.439236
104 0.440487
105 0.443252
106 0.444261
107 0.437892
108 0.441858
109 0.445131
110 0.447847
111 0.448461
112 0.447151
113 0.444946
114 0.44725
115 0.449584
116 0.444164
117 0.444887
118 0.44503
119 0.440619
120 0.439697
121 0.438325
122 0.43616
123 0.431496
124 0.432544
125 0.426757
126 0.424333
127 0.422072
128 0.418794
129 0.415671
130 0.415454
131 0.417642
132 0.416814
133 0.416542
134 0.416903
135 0.416706
136 0.418511
137 0.419409
138 0.417636
139 0.416518
140 0.416769
141 0.414841
142 0.418163
143 0.41574
144 0.418009
145 0.416445
146 0.418853
147 0.419223
148 0.418651
149 0.418349
150 0.417009
151 0.418441
152 0.418841
153 0.420011
154 0.419435
155 0.42106
156 0.422277
157 0.421733
158 0.4226
159 0.423287
160 0.424598
161 0.420735
162 0.418848
163 0.423411
164 0.426341
165 0.429903
166 0.434953
167 0.43667
168 0.439849
169 0.441141
170 0.444395
171 0.44728
172 0.446225
173 0.449837
174 0.451585
175 0.454738
176 0.457734
177 0.459538
178 0.462713
179 0.464626
180 0.467691
181 0.468452
182 0.473745
183 0.47461
184 0.477693
185 0.477295
186 0.482078
187 0.479993
188 0.484241
189 0.486735
190 0.488223
191 0.490643
192 0.493017
193 0.495711
194 0.498931
195 0.499843
196 0.502073
197 0.504128
198 0.506206
199 0.507701
200 0.510711
201 0.511337
202 0.512803
203 0.514566
204 0.516201
205 0.517416
206 0.519327
207 0.520607
208 0.521357
209 0.52332
210 0.524815
211 0.525995
212 0.528644
213 0.529867
214 0.53
215 0.530969
216 0.532889
217 0.535246
218 0.536357
219 0.537202
220 0.53927
221 0.539688
222 0.536815
223 0.540026
224 0.541779
225 0.542387
226 0.543189
227 0.545043
228 0.545896
229 0.547095
230 0.548316
231 0.549394
232 0.549828
233 0.550539
234 0.551925
235 0.552781
236 0.553349
237 0.553121
238 0.554822
239 0.553962
240 0.555315
241 0.554284
242 0.555449
243 0.556089
244 0.555848
245 0.55691
246 0.557926
247 0.559409
248 0.561424
249 0.563152
250 0.56181
251 0.562941
252 0.564373
253 0.565807
254 0.566469
255 0.566428
256 0.567091
257 0.568012
258 0.568248
259 0.568227
260 0.569177
261 0.569119
262 0.570782
263 0.571629
264 0.572128
265 0.571452
266 0.572743
267 0.573462
268 0.573271
269 0.574349
270 0.574643
271 0.575655
272 0.575653
273 0.575487
274 0.574841
275 0.574606
276 0.575046
277 0.575999
278 0.576447
279 0.578496
280 0.577774
281 0.579697
282 0.580628
283 0.581116
284 0.581292
285 0.582576
286 0.581268
287 0.583059
288 0.582518
289 0.583478
290 0.583735
291 0.585232
292 0.582892
293 0.585105
294 0.585899
295 0.587547
296 0.586855
297 0.587975
298 0.588154
299 0.588823
300 0.587948
301 0.589189
302 0.588128
303 0.590277
304 0.590315
305 0.589774
306 0.590955
307 0.591035
308 0.591687
309 0.59258
310 0.59254
311 0.593026
312 0.593597
313 0.593833
314 0.594064
315 0.594757
316 0.594932
317 0.59498
318 0.59607
319 0.595241
320 0.596203
321 0.597349
322 0.597525
323 0.597266
324 0.598516
325 0.598431
326 0.599348
327 0.598996
328 0.599036
329 0.599358
330 0.599888
331 0.599345
332 0.599182
333 0.599785
334 0.600302
335 0.600511
336 0.601261
337 0.602435
338 0.60281
339 0.603115
340 0.603347
341 0.603228
342 0.603631
343 0.603642
344 0.603394
345 0.60429
346 0.605166
347 0.604397
348 0.605931
349 0.604764
350 0.605588
351 0.605131
352 0.605893
353 0.606033
354 0.606317
355 0.606225
356 0.606989
357 0.606958
358 0.608274
359 0.60882
360 0.609527
361 0.610616
362 0.610783
363 0.612118
364 0.611903
365 0.612563
366 0.612935
367 0.613128
368 0.613449
369 0.614193
370 0.613339
371 0.614323
372 0.61379
373 0.614913
374 0.614069
375 0.614633
376 0.614105
377 0.614596
378 0.614135
379 0.614376
380 0.614359
381 0.614386
382 0.613234
383 0.612891
384 0.613138
385 0.614794
386 0.615519
387 0.616179
388 0.616654
389 0.617736
390 0.617737
391 0.61814
392 0.617812
393 0.618664
394 0.618731
395 0.618772
396 0.619083
397 0.618943
398 0.619003
399 0.61928
400 0.620153
