1 0.0835145
2 0.133347
3 0.0667291
4 0.0934188
5 0.0740316
6 0.0469262
7 0.0333894
8 0.0518347
9 0.0291741
10 0.0420623
11 0.029784
12 0.0287592
13 0.0210585
14 0.022539
15 0.0190703
16 0.0200153
17 0.0185913
18 0.0177092
19 0.0159749
20 0.0172261
21 0.0152135
22 0.0152898
23 0.0147034
24 0.0146467
25 0.0131443
26 0.0138024
27 0.0125131
28 0.0128094
29 0.0124601
30 0.0119415
31 0.011797
32 0.0118648
33 0.0108654
34 0.0110311
35 0.0108107
36 0.0108254
37 0.0101104
38 0.0103265
39 0.00973969
40 0.00982147
41 0.00970885
42 0.00930505
43 0.00905766
44 0.0092893
45 0.00888305
46 0.00888894
47 0.00862856
48 0.00859768
49 0.00825123
50 0.00832906
51 0.00817158
52 0.008092
53 0.00791017
54 0.00779981
55 0.00769236
56 0.00774805
57 0.00741261
58 0.00739662
59 0.00734866
60 0.00723044
61 0.00710959
62 0.00710153
63 0.00688879
64 0.00689822
65 0.00680385
66 0.0067518
67 0.00655479
68 0.00662607
69 0.00646676
70 0.00643721
71 0.00641265
72 0.00634751
73 0.00625829
74 0.00624043
75 0.00612832
76 0.00614522
77 0.00602656
78 0.005929
79 0.00591629
80 0.00587321
81 0.00577897
82 0.00574808
83 0.0056731
84 0.0056953
85 0.00555348
86 0.00560528
87 0.00551182
88 0.00547143
89 0.00539717
90 0.00529551
91 0.005356
92 0.00531773
93 0.00524267
94 0.0052078
95 0.00517085
96 0.00513661
97 0.00511255
98 0.00507428
99 0.00499177
100 0.0049577
101 0.00494903
102 0.00490162
103 0.00483305
104 0.00487199
105 0.00474749
106 0.00475645
107 0.00474669
108 0.00476268
109 0.00466331
110 0.00468897
111 0.00462752
112 0.0045957
113 0.00454841
114 0.00451701
115 0.00448109
116 0.00451413
117 0.00443183
118 0.00437167
119 0.00436316
120 0.00438258
121 0.00434608
122 0.00431956
123 0.00430568
124 0.004292
125 0.00420868
126 0.00424466
127 0.00416459
128 0.00415931
129 0.00413011
130 0.00409863
131 0.00410559
132 0.00405234
133 0.00403584
134 0.0040593
135 0.00398692
136 0.00403978
137 0.00397775
138 0.00397337
139 0.00391218
140 0.00389967
141 0.00388846
142 0.00387495
143 0.00384684
144 0.00382413
145 0.00380728
146 0.00376714
147 0.00376382
148 0.00374636
149 0.00373217
150 0.00375799
151 0.00370845
152 0.00370401
153 0.00368064
154 0.00366886
155 0.00361317
156 0.00365189
157 0.00361834
158 0.0035605
159 0.0035468
160 0.00356606
161 0.00352821
162 0.00355594
163 0.00349601
164 0.00347349
165 0.0034527
166 0.00344424
167 0.00341399
168 0.00343466
169 0.00342284
170 0.00342551
171 0.00339445
172 0.00338133
173 0.00337416
174 0.00336626
175 0.00329747
176 0.00335198
177 0.00333514
178 0.00330723
179 0.00328539
180 0.00326427
181 0.00325344
182 0.00324226
183 0.00324074
184 0.00323784
185 0.00322083
186 0.00315653
187 0.00317286
188 0.00317779
189 0.0031835
190 0.00315807
191 0.00311411
192 0.00312607
193 0.00310865
194 0.00310625
195 0.00309525
196 0.00306791
197 0.00305461
198 0.00309109
199 0.00305007
200 0.00301524
201 0.00302421
202 0.00299754
203 0.002995
204 0.00298228
205 0.00297866
206 0.00295651
207 0.00294577
208 0.0029466
209 0.00293938
210 0.0029453
211 0.00292232
212 0.00295266
213 0.0029092
214 0.00286572
215 0.00289418
216 0.002883
217 0.00287829
218 0.0028523
219 0.00283219
220 0.00283226
221 0.00281608
222 0.00282072
223 0.00280103
224 0.00277756
225 0.0028148
226 0.00281437
227 0.00274157
228 0.00276796
229 0.0027251
230 0.00275123
231 0.00273202
232 0.00272881
233 0.00270897
234 0.00270749
235 0.00272128
236 0.00271783
237 0.00269106
238 0.00265711
239 0.00265712
240 0.0026567
241 0.00266885
242 0.0026365
243 0.00263827
244 0.00262948
245 0.00263734
246 0.00260296
247 0.00261698
248 0.00259644
249 0.00259537
250 0.00257092
251 0.0025796
252 0.00257434
253 0.00257215
254 0.00257641
255 0.00255878
256 0.00253262
257 0.00253302
258 0.00252654
259 0.00250602
260 0.00251739
261 0.00251156
262 0.00249962
263 0.00249747
264 0.00248617
265 0.0024972
266 0.00246155
267 0.00245278
268 0.0024825
269 0.00243961
270 0.00243373
271 0.00245761
272 0.00243763
273 0.00243367
274 0.00244091
275 0.00240557
276 0.00239981
277 0.00238008
278 0.00240049
279 0.0023998
280 0.00237164
281 0.0023782
282 0.00237539
283 0.00236064
284 0.00237012
285 0.00237432
286 0.00234825
287 0.00233714
288 0.00235694
289 0.00232577
290 0.00233031
291 0.00232381
292 0.00230451
293 0.00230702
294 0.0022789
295 0.00231006
296 0.00226876
297 0.00228778
298 0.00228105
299 0.00229094
300 0.00227057
301 0.00225857
302 0.00223272
303 0.0022436
304 0.00223899
305 0.00224017
306 0.00223935
307 0.00221743
308 0.00222149
309 0.00222244
310 0.0022257
311 0.0021959
312 0.00219958
313 0.0022181
314 0.00221931
315 0.00220438
316 0.00218336
317 0.00220985
318 0.00218145
319 0.002174
320 0.00216576
321 0.00215843
322 0.00215612
323 0.00214226
324 0.00214589
325 0.00215265
326 0.0021276
327 0.00213049
328 0.00212873
329 0.00212526
330 0.00212742
331 0.00212723
332 0.00210624
333 0.00208668
334 0.00211424
335 0.00208969
336 0.00208411
337 0.0020836
338 0.00206414
339 0.0020745
340 0.00206852
341 0.00206163
342 0.00207556
343 0.0020468
344 0.00206584
345 0.00206117
346 0.00207005
347 0.00205685
348 0.00202151
349 0.00204147
350 0.00199618
351 0.00201635
352 0.00203493
353 0.00201388
354 0.00201415
355 0.00198775
356 0.00201015
357 0.00198511
358 0.00198241
359 0.00201628
360 0.00198566
361 0.00197164
362 0.00199105
363 0.00197923
364 0.00197113
365 0.00196954
366 0.00196237
367 0.00197801
368 0.00195969
369 0.00194774
370 0.00195917
371 0.00192531
372 0.00193145
373 0.00194164
374 0.00191177
375 0.0019251
376 0.00191604
377 0.00191718
378 0.00190944
379 0.00192924
380 0.00188547
381 0.00191948
382 0.0018998
383 0.00190427
384 0.00187338
385 0.00188365
386 0.00189753
387 0.00187924
388 0.00188193
389 0.00189042
390 0.00186034
391 0.00187869
392 0.00185943
393 0.00184307
394 0.00186739
395 0.00185836
396 0.00184764
397 0.00183224
398 0.00185294
399 0.00182649
400 0.00183603
