1 0.0
2 0.08316799999999996
3 0.16629599999999983
4 0.2776984
5 0.3886195
6 0.5077212
7 0.6316736999999999
8 0.760668
9 0.8866665000000001
10 1.022748
11 1.1563904
12 1.2086232000000001
13 1.2639952
14 1.2936462000000004
15 1.3231950000000001
16 1.3397743999999998
17 1.3586536000000002
18 1.3698738000000001
19 1.3826736999999998
20 1.386832
21 1.3950761999999999
22 1.3997676
23 1.4041821999999997
24 1.4042112000000004
25 1.4100800000000002
26 1.4109342000000002
27 1.4101154999999999
28 1.4123928000000001
29 1.4138863000000006
30 1.410864
31 1.4121956999999996
32 1.4093152
33 1.4153898
34 1.4120539999999997
35 1.4144480000000004
36 1.4093856000000005
37 1.4088934000000002
38 1.4105448
39 1.4081144999999997
40 1.40794
41 1.4059924999999998
42 1.4049839999999998
43 1.4050937999999997
44 1.4019016000000002
45 1.406169
46 1.4021673999999997
47 1.4003979
48 1.4005344
49 1.3983620000000003
50 1.3950100000000003
51 1.3953804000000003
52 1.3942084000000003
53 1.3898084
54 1.3930812000000001
55 1.3941895000000002
56 1.3894104000000003
57 1.3906062000000003
58 1.3866465999999997
59 1.3872433999999998
60 1.3828859999999998
61 1.3851330999999998
62 1.3842305999999995
63 1.3801788000000004
64 1.3764415999999997
65 1.3819455
66 1.3776906000000004
67 1.3726892999999998
68 1.3709411999999996
69 1.3690497000000001
70 1.3696969999999995
71 1.3696113000000005
72 1.3671071999999997
73 1.3704946999999998
74 1.3666689999999997
75 1.367925
76 1.3650739999999995
77 1.3620068000000003
78 1.3589316
79 1.3609567
80 1.3596720000000002
81 1.3571955000000004
82 1.3587810000000007
83 1.354394
84 1.3529628000000005
85 1.3509135
86 1.3531498000000002
87 1.3532762999999997
88 1.3457312000000003
89 1.3472552999999996
90 1.3441140000000003
91 1.3511771000000004
92 1.3448100000000003
93 1.3438407
94 1.3424045999999996
95 1.3441455000000002
96 1.3392383999999993
97 1.3432754
98 1.3392582000000002
99 1.3377375
100 1.33294
101 1.324716
102 1.3320996000000005
103 1.3255584999999999
104 1.3344552000000003
105 1.3297514999999998
106 1.3256254
107 1.3282551999999999
108 1.3311540000000002
109 1.3258432999999992
110 1.3254670000000002
111 1.3209666
112 1.3203904000000002
113 1.3227779999999998
114 1.3245888000000003
115 1.3179344999999996
116 1.317006
117 1.3073931
118 1.3110980000000003
119 1.3043827999999997
120 1.3128719999999994
121 1.3099581
122 1.3061442000000003
123 1.3051038000000004
124 1.3124780000000005
125 1.3065375000000001
126 1.3107276
127 1.3074777
128 1.3046784000000002
129 1.3023453
130 1.2983879999999994
131 1.2953542000000002
132 1.2948936000000004
133 1.2927866000000001
134 1.3020914000000001
135 1.2990105
136 1.2978480000000003
137 1.2986641
138 1.2906587999999999
139 1.2935618
140 1.2913039999999998
141 1.2896282999999997
142 1.2898995999999998
143 1.2939069000000003
144 1.2880656000000001
145 1.2899634999999998
146 1.2756896000000002
147 1.2816195000000001
148 1.2894204000000005
149 1.2851399000000003
150 1.2855599999999998
151 1.2767352000000005
152 1.2813448000000007
153 1.2765708
154 1.2761980000000004
155 1.269419
156 1.2813684000000007
157 1.2792203
158 1.2686135999999997
159 1.2746394000000003
160 1.2711520000000003
161 1.2680038000000002
162 1.2669695999999995
163 1.2760617999999995
164 1.2723120000000003
165 1.269279
166 1.2686549999999999
167 1.2622194000000002
168 1.2615455999999998
169 1.2686661
170 1.2733170000000005
171 1.2696066
172 1.2582660000000008
173 1.2573985999999993
174 1.263675
175 1.2511975000000004
176 1.2665839999999995
177 1.2603461999999999
178 1.2582641999999993
179 1.2594977000000003
180 1.2546179999999998
181 1.2559228000000004
182 1.2552175999999995
183 1.2506586
184 1.2606207999999994
185 1.2566125000000001
186 1.2491573999999983
187 1.2424466999999995
188 1.2547684000000006
189 1.2450942
190 1.2492309999999995
191 1.2465424000000005
192 1.2490560000000004
193 1.2485363
194 1.2541712
195 1.2471614999999998
196 1.2448547999999997
197 1.2449414999999995
198 1.24443
199 1.2390934000000002
200 1.2392199999999995
201 1.2396273
202 1.2367652000000002
203 1.2321491000000009
204 1.2346692000000008
205 1.2422385
206 1.2332601999999997
207 1.2267648000000002
208 1.2371632000000004
209 1.2414182
210 1.2344430000000006
211 1.2348986000000006
212 1.2385675999999997
213 1.2408954000000012
214 1.2256208000000002
215 1.2327884999999994
216 1.233554400000001
217 1.2296955999999999
218 1.2243970000000006
219 1.2292689
220 1.2290299999999994
221 1.2195222000000001
222 1.2312119999999998
223 1.2258978999999992
224 1.219456
225 1.2323475
226 1.2314287999999998
227 1.2195348000000004
228 1.2265944000000002
229 1.2120283
230 1.2197589999999998
231 1.2193335000000003
232 1.2188584000000007
233 1.2220617000000003
234 1.2193740000000002
235 1.221812
236 1.2245096000000002
237 1.2147198000000001
238 1.2076833999999996
239 1.2142275499999995
240 1.210804800000001
241 1.2205107599999998
242 1.2120424800000005
243 1.21199895
244 1.21901912
245 1.2137937
246 1.2151981799999998
247 1.2062936599999992
248 1.2098605599999992
249 1.20726156
250 1.2051824999999998
251 1.21332145
252 1.20160152
253 1.2123785299999996
254 1.2085167599999997
255 1.2102809999999997
256 1.2079334400000001
257 1.2058260100000004
258 1.2096252599999997
259 1.2043707199999996
260 1.1989457999999997
261 1.2037920300000011
262 1.1997582599999999
263 1.1971260299999993
264 1.201569600000001
265 1.2110579499999998
266 1.1864424599999999
267 1.1960158200000004
268 1.19436344
269 1.1965684899999998
270 1.1928437999999995
271 1.20604214
272 1.18909696
273 1.1949810600000008
274 1.19279598
275 1.1936594999999994
276 1.1921157599999996
277 1.18217506
278 1.1855838200000002
279 1.1957158799999998
280 1.1916183999999999
281 1.19310071
282 1.19507934
283 1.19243182
284 1.1942200000000005
285 1.2044213999999998
286 1.18666262
287 1.1878327300000007
288 1.1961388800000008
289 1.1908909699999999
290 1.181025
291 1.1857726200000003
292 1.1804800800000002
293 1.1809189199999999
294 1.1765909400000005
295 1.19513055
296 1.1751081600000002
297 1.1834410500000008
298 1.1887458400000002
299 1.1795370600000008
300 1.180221
301 1.1830112700000002
302 1.1756558
303 1.17248274
304 1.1754980800000001
305 1.1741554499999998
306 1.1766679199999999
307 1.17596964
308 1.1687491199999998
309 1.1781552
310 1.1686193999999994
311 1.1733998899999998
312 1.16931048
313 1.17107698
314 1.1818426200000003
315 1.178739450000001
316 1.1758676000000015
317 1.18455609
318 1.17157242
319 1.1684204399999998
320 1.1678143999999997
321 1.1673839099999999
322 1.1706213399999994
323 1.1657425299999997
324 1.16235972
325 1.1661974999999996
326 1.1619878799999999
327 1.17042783
328 1.1615627999999996
329 1.16455143
330 1.1681438999999996
331 1.1779925900000001
332 1.1608180799999999
333 1.1622199500000008
334 1.1600387799999998
335 1.1666408499999998
336 1.1668272000000002
337 1.1651775
338 1.1618614799999998
339 1.1596105200000002
340 1.1574109999999997
341 1.1579064199999993
342 1.16181504
343 1.15441795
344 1.1528368800000006
345 1.1545494
346 1.1622312999999997
347 1.1589800000000001
348 1.14809028
349 1.1641837299999995
350 1.1447344999999998
351 1.1493003599999998
352 1.1552886399999998
353 1.1450649299999998
354 1.1541638999999995
355 1.1451980499999999
356 1.1585486000000005
357 1.1421858000000005
358 1.15191512
359 1.1579616799999997
360 1.1528711999999999
361 1.1524636200000007
362 1.1497047599999997
363 1.140546
364 1.1517724400000011
365 1.1495054499999995
366 1.1416747799999998
367 1.14995046
368 1.1499227200000002
369 1.13874876
370 1.1467151000000002
371 1.1352971000000003
372 1.1486950799999995
373 1.1552929
374 1.1243188000000002
375 1.1387287499999998
376 1.1446417600000003
377 1.1434146100000002
378 1.1435974200000003
379 1.1404640599999998
380 1.1439367999999996
381 1.1499875399999993
382 1.1356096
383 1.14801952
384 1.1263603200000007
385 1.1355728999999997
386 1.14586802
387 1.13284962
388 1.1297978
389 1.1436600000000006
390 1.1305514999999997
391 1.1409927399999997
392 1.1265531200000005
393 1.1343119700000006
394 1.1306381600000002
395 1.1286374499999998
396 1.1297682
397 1.1316405600000001
398 1.13128714
399 1.1273665199999998
400 1.1390120000000001
