1 0.166478
2 0.166478
3 0.166478
4 0.166721
5 0.166575
6 0.16664
7 0.166686
8 0.166721
9 0.16664
10 0.166721
11 0.166655
12 0.159742
13 0.153834
14 0.146879
15 0.140778
16 0.134535
17 0.129089
18 0.123813
19 0.119065
20 0.114506
21 0.11038
22 0.106437
23 0.102836
24 0.0993975
25 0.096194
26 0.0932537
27 0.0905087
28 0.0878697
29 0.0854048
30 0.0830663
31 0.0809249
32 0.078821
33 0.0769145
34 0.0750387
35 0.0733566
36 0.071597
37 0.0700142
38 0.0685507
39 0.0670732
40 0.0657198
41 0.0643621
42 0.0631017
43 0.0619171
44 0.0607558
45 0.0596937
46 0.0585883
47 0.0575414
48 0.0565883
49 0.0556203
50 0.054672
51 0.0537978
52 0.0529436
53 0.0521005
54 0.0513534
55 0.0506064
56 0.0497851
57 0.0490828
58 0.0483926
59 0.0477055
60 0.0470385
61 0.0464124
62 0.0457797
63 0.0451864
64 0.0446221
65 0.0440366
66 0.0434837
67 0.0429453
68 0.0423975
69 0.0418664
70 0.0414042
71 0.0409363
72 0.0404537
73 0.0400061
74 0.0395747
75 0.0391396
76 0.0387212
77 0.0382669
78 0.0378542
79 0.0375
80 0.0370958
81 0.036715
82 0.0363461
83 0.035954
84 0.0356207
85 0.0352891
86 0.0349694
87 0.0346154
88 0.0342682
89 0.0339359
90 0.0336108
91 0.0333591
92 0.0330232
93 0.0327573
94 0.0324679
95 0.0322108
96 0.0318818
97 0.0316553
98 0.0313735
99 0.0311097
100 0.0308106
101 0.0305475
102 0.03032
103 0.0300596
104 0.0298736
105 0.0295907
106 0.0293332
107 0.0291638
108 0.0289729
109 0.0287206
110 0.0285385
111 0.0282941
112 0.0280775
113 0.027864
114 0.0277032
115 0.0274691
116 0.0272861
117 0.0270719
118 0.0268782
119 0.0266737
120 0.0265451
121 0.026319
122 0.0261537
123 0.0260031
124 0.025847
125 0.0256473
126 0.0254817
127 0.02529
128 0.0251254
129 0.0249848
130 0.0247993
131 0.0246461
132 0.0244635
133 0.0243487
134 0.0242328
135 0.024054
136 0.0239457
137 0.02379
138 0.023636
139 0.0234758
140 0.0233227
141 0.023212
142 0.0230764
143 0.0229652
144 0.0228124
145 0.0226864
146 0.0225204
147 0.0224221
148 0.0223067
149 0.022192
150 0.0221044
151 0.0219589
152 0.0218345
153 0.0217065
154 0.0215969
155 0.0214493
156 0.0213787
157 0.0212781
158 0.0211229
159 0.0210274
160 0.0209296
161 0.0208125
162 0.0207257
163 0.0205928
164 0.0204811
165 0.0203853
166 0.0202838
167 0.020174
168 0.0200851
169 0.0199995
170 0.0199122
171 0.0198163
172 0.0197174
173 0.0196216
174 0.0195652
175 0.0194028
176 0.0193697
177 0.0192752
178 0.0191713
179 0.019078
180 0.0189868
181 0.0188927
182 0.0188273
183 0.0187017
184 0.0186715
185 0.0185736
186 0.0184596
187 0.0183905
188 0.0183334
189 0.0182597
190 0.0181583
191 0.0180673
192 0.0180157
193 0.0179368
194 0.0178667
195 0.0177746
196 0.0177074
197 0.0176235
198 0.0175922
199 0.0174854
200 0.0173916
201 0.01734
202 0.0172606
203 0.0171902
204 0.0171194
205 0.01706
206 0.0169863
207 0.0169098
208 0.0168659
209 0.0168093
210 0.0167434
211 0.0166742
212 0.0166287
213 0.0165439
214 0.0164451
215 0.0164226
216 0.0163557
217 0.0162943
218 0.0162092
219 0.0161675
220 0.0160911
221 0.0160396
222 0.0159963
223 0.0159163
224 0.0158524
225 0.0158452
226 0.0157746
227 0.0156672
228 0.0156454
229 0.0155546
230 0.0155216
231 0.0154557
232 0.0154276
233 0.0153404
234 0.0153019
235 0.0152736
236 0.015212
237 0.0151617
238 0.015082
239 0.0150425
240 0.0149955
241 0.0149587
242 0.014894
243 0.0148463
244 0.0148012
245 0.0147539
246 0.0147004
247 0.0146515
248 0.0146076
249 0.0145521
250 0.0144926
251 0.0144646
252 0.014401
253 0.0143806
254 0.0143272
255 0.0142756
256 0.0142253
257 0.014194
258 0.0141178
259 0.0140839
260 0.0140505
261 0.0140117
262 0.0139504
263 0.0139091
264 0.0138616
265 0.0138355
266 0.0137623
267 0.01374
268 0.0137053
269 0.0136436
270 0.0136046
271 0.0135907
272 0.0135329
273 0.0134925
274 0.0134738
275 0.0134214
276 0.0133616
277 0.0133216
278 0.0132918
279 0.0132569
280 0.013222
281 0.0131839
282 0.0131523
283 0.0130919
284 0.0130735
285 0.0130555
286 0.0129759
287 0.0129497
288 0.0129342
289 0.0128795
290 0.0128435
291 0.012815
292 0.0127588
293 0.0127312
294 0.0126885
295 0.0126843
296 0.0126115
297 0.0126056
298 0.0125797
299 0.0125457
300 0.012483
301 0.0124461
302 0.0123967
303 0.0123788
304 0.0123525
305 0.0123311
306 0.0122927
307 0.0122398
308 0.0122208
309 0.0121992
310 0.0121595
311 0.0121195
312 0.0120928
313 0.0120934
314 0.0120547
315 0.0120261
316 0.0119702
317 0.0119746
318 0.0119231
319 0.0118875
320 0.0118503
321 0.0118103
322 0.0117928
323 0.0117496
324 0.0117301
325 0.0117115
326 0.0116553
327 0.0116398
328 0.01161
329 0.0115889
330 0.0115549
331 0.011555
332 0.0114999
333 0.0114496
334 0.0114481
335 0.0114182
336 0.0113866
337 0.0113602
338 0.0113314
339 0.011307
340 0.0112712
341 0.0112443
342 0.0112302
343 0.0111869
344 0.0111702
345 0.0111417
346 0.01114
347 0.011099
348 0.011045
349 0.0110484
350 0.0109791
351 0.010975
352 0.010975
353 0.0109208
354 0.0109096
355 0.0108783
356 0.0108709
357 0.0108273
358 0.0108073
359 0.0108119
360 0.010768
361 0.0107281
362 0.0107202
363 0.0106851
364 0.0106607
365 0.0106398
366 0.0106108
367 0.0106161
368 0.0105732
369 0.0105429
370 0.010534
371 0.0104756
372 0.0104759
373 0.010472
374 0.0104242
375 0.0104055
376 0.01039
377 0.0103596
378 0.0103489
379 0.0103452
380 0.0102758
381 0.0102953
382 0.0102502
383 0.0102331
384 0.0101841
385 0.0101784
386 0.0101682
387 0.0101395
388 0.0101262
389 0.0101124
390 0.0100589
391 0.0100683
392 0.0100275
393 0.0100029
394 0.00999581
395 0.0099743
396 0.00995677
397 0.00993241
398 0.00992396
399 0.00988811
400 0.00987261
