1 0.333191
2 0.33278
3 0.332909
4 0.333869
5 0.333478
6 0.33293
7 0.406782
8 0.457009
9 0.494996
10 0.524146
11 0.548348
12 0.566662
13 0.585717
14 0.602784
15 0.618663
16 0.632511
17 0.644352
18 0.655858
19 0.665777
20 0.674584
21 0.682486
22 0.690513
23 0.697267
24 0.70374
25 0.710006
26 0.715264
27 0.721406
28 0.726133
29 0.730994
30 0.735088
31 0.739315
32 0.743543
33 0.747567
34 0.750569
35 0.753884
36 0.757499
37 0.760699
38 0.764134
39 0.767136
40 0.769255
41 0.771775
42 0.774722
43 0.777059
44 0.779005
45 0.782354
46 0.784367
47 0.787041
48 0.788268
49 0.7905
50 0.79284
51 0.794399
52 0.796076
53 0.798142
54 0.799792
55 0.801574
56 0.803579
57 0.804665
58 0.807012
59 0.807982
60 0.808825
61 0.81087
62 0.812393
63 0.813633
64 0.815153
65 0.81647
66 0.818027
67 0.818918
68 0.820207
69 0.821486
70 0.822764
71 0.824012
72 0.824781
73 0.826143
74 0.826984
75 0.828395
76 0.829268
77 0.829576
78 0.831683
79 0.832406
80 0.833161
81 0.834079
82 0.835281
83 0.83593
84 0.837198
85 0.838169
86 0.838704
87 0.839663
88 0.8406
89 0.840975
90 0.842036
91 0.84293
92 0.843934
93 0.844634
94 0.845022
95 0.845854
96 0.846775
97 0.847447
98 0.847993
99 0.849109
100 0.849548
101 0.850386
102 0.850848
103 0.850737
104 0.852014
105 0.852935
106 0.853454
107 0.854039
108 0.854345
109 0.854942
110 0.855572
111 0.856364
112 0.856983
113 0.857122
114 0.857967
115 0.858001
116 0.859023
117 0.859855
118 0.860001
119 0.861071
120 0.860929
121 0.861109
122 0.862044
123 0.862547
124 0.863029
125 0.863553
126 0.863817
127 0.864652
128 0.865328
129 0.865481
130 0.865824
131 0.866758
132 0.866674
133 0.867709
134 0.868199
135 0.86842
136 0.869096
137 0.869022
138 0.869213
139 0.869818
140 0.870795
141 0.870861
142 0.871406
143 0.871747
144 0.871959
145 0.87246
146 0.873111
147 0.873339
148 0.873847
149 0.874276
150 0.874859
151 0.874609
152 0.874975
153 0.875674
154 0.875906
155 0.876443
156 0.87697
157 0.877425
158 0.877177
159 0.87771
160 0.87818
161 0.878666
162 0.878345
163 0.879104
164 0.879445
165 0.879574
166 0.880073
167 0.880468
168 0.881119
169 0.881176
170 0.881606
171 0.88148
172 0.881788
173 0.882957
174 0.882664
175 0.882894
176 0.883456
177 0.883476
178 0.883634
179 0.884087
180 0.884669
181 0.884639
182 0.885182
183 0.885006
184 0.885392
185 0.885339
186 0.886167
187 0.886544
188 0.886778
189 0.886887
190 0.886839
191 0.887399
192 0.887828
193 0.887512
194 0.88794
195 0.888284
196 0.888495
197 0.888963
198 0.889387
199 0.889376
200 0.889835
201 0.889784
202 0.890023
203 0.890576
204 0.890585
205 0.891207
206 0.890944
207 0.891818
208 0.892307
209 0.891898
210 0.892339
211 0.892461
212 0.892526
213 0.892846
214 0.892805
215 0.893484
216 0.893302
217 0.893777
218 0.894122
219 0.894108
220 0.894458
221 0.894438
222 0.894901
223 0.89492
224 0.895335
225 0.895594
226 0.895213
227 0.895967
228 0.896613
229 0.8966
230 0.896533
231 0.896765
232 0.896937
233 0.897106
234 0.897475
235 0.897514
236 0.897959
237 0.89802
238 0.898319
239 0.897828
240 0.898405
241 0.898763
242 0.898987
243 0.899064
244 0.899545
245 0.899469
246 0.899923
247 0.899638
248 0.9004
249 0.900173
250 0.900501
251 0.900689
252 0.900582
253 0.901183
254 0.901165
255 0.90082
256 0.901336
257 0.901778
258 0.902116
259 0.902099
260 0.901793
261 0.902323
262 0.902156
263 0.903009
264 0.902931
265 0.902868
266 0.903321
267 0.903241
268 0.903723
269 0.903647
270 0.903674
271 0.903829
272 0.904177
273 0.904616
274 0.904436
275 0.904872
276 0.904559
277 0.905068
278 0.905261
279 0.9055
280 0.904963
281 0.905204
282 0.905552
283 0.905932
284 0.906021
285 0.906663
286 0.906159
287 0.906506
288 0.906779
289 0.906943
290 0.907318
291 0.907407
292 0.907442
293 0.907409
294 0.907618
295 0.907851
296 0.908114
297 0.908359
298 0.907935
299 0.908418
300 0.908388
301 0.90887
302 0.908339
303 0.908748
304 0.90897
305 0.909583
306 0.909584
307 0.909511
308 0.909827
309 0.909436
310 0.910087
311 0.90999
312 0.910213
313 0.91023
314 0.910357
315 0.910099
316 0.910778
317 0.910851
318 0.910641
319 0.911295
320 0.911251
321 0.911058
322 0.911369
323 0.911538
324 0.911821
325 0.911741
326 0.911711
327 0.911935
328 0.912547
329 0.912247
330 0.91262
331 0.912109
332 0.912306
333 0.912777
334 0.912888
335 0.912835
336 0.91311
337 0.913021
338 0.91338
339 0.91345
340 0.913687
341 0.913457
342 0.91378
343 0.91388
344 0.913865
345 0.914259
346 0.914286
347 0.914535
348 0.914408
349 0.914711
350 0.914606
351 0.915152
352 0.914963
353 0.915406
354 0.915229
355 0.915488
356 0.915602
357 0.915322
358 0.915437
359 0.915708
360 0.915824
361 0.915435
362 0.916193
363 0.9163
364 0.916241
365 0.916804
366 0.916687
367 0.916444
368 0.916426
369 0.916932
370 0.91691
371 0.917237
372 0.917061
373 0.917479
374 0.917256
375 0.917472
376 0.917627
377 0.917574
378 0.917519
379 0.918073
380 0.918092
381 0.917875
382 0.917891
383 0.918729
384 0.918269
385 0.918224
386 0.918265
387 0.918327
388 0.918904
389 0.918671
390 0.91918
391 0.919121
392 0.919013
393 0.919383
394 0.919384
395 0.919164
396 0.919324
397 0.919461
398 0.920071
399 0.91995
400 0.919967
