1 0.333191
2 0.332985
3 0.332932
4 0.333187
5 0.333315
6 0.333187
7 0.343754
8 0.357868
9 0.373121
10 0.388212
11 0.402723
12 0.416425
13 0.429457
14 0.441821
15 0.453621
16 0.464798
17 0.475341
18 0.485403
19 0.494887
20 0.503869
21 0.512373
22 0.520481
23 0.528154
24 0.535473
25 0.54244
26 0.549099
27 0.555446
28 0.56158
29 0.567407
30 0.572998
31 0.578379
32 0.583534
33 0.588511
34 0.593268
35 0.597849
36 0.60229
37 0.606577
38 0.610717
39 0.614705
40 0.618591
41 0.622338
42 0.625958
43 0.62948
44 0.632886
45 0.636171
46 0.639405
47 0.642569
48 0.645592
49 0.648564
50 0.651445
51 0.654278
52 0.656971
53 0.659597
54 0.662226
55 0.664771
56 0.667235
57 0.669532
58 0.672014
59 0.674353
60 0.676569
61 0.678744
62 0.680904
63 0.682985
64 0.685092
65 0.68709
66 0.689076
67 0.691054
68 0.692938
69 0.694788
70 0.69661
71 0.698432
72 0.700155
73 0.702025
74 0.703598
75 0.705254
76 0.706883
77 0.708494
78 0.710043
79 0.711605
80 0.713128
81 0.714617
82 0.716123
83 0.717522
84 0.718941
85 0.72046
86 0.721721
87 0.723101
88 0.724423
89 0.725666
90 0.727009
91 0.728264
92 0.729555
93 0.730731
94 0.732021
95 0.733199
96 0.734395
97 0.735549
98 0.736719
99 0.737851
100 0.738952
101 0.740062
102 0.741257
103 0.742135
104 0.74329
105 0.744276
106 0.745351
107 0.746378
108 0.747368
109 0.748349
110 0.749301
111 0.750269
112 0.751239
113 0.752198
114 0.753141
115 0.754008
116 0.754928
117 0.755767
118 0.756741
119 0.757578
120 0.758445
121 0.759292
122 0.760106
123 0.760964
124 0.76177
125 0.76259
126 0.763369
127 0.764245
128 0.76499
129 0.765685
130 0.766521
131 0.767311
132 0.768057
133 0.768832
134 0.769556
135 0.770259
136 0.771009
137 0.771726
138 0.772419
139 0.773122
140 0.773799
141 0.774515
142 0.775209
143 0.775876
144 0.776542
145 0.777225
146 0.777803
147 0.778516
148 0.779138
149 0.779808
150 0.780428
151 0.781034
152 0.781659
153 0.78228
154 0.782869
155 0.783496
156 0.784077
157 0.784688
158 0.785281
159 0.785833
160 0.786432
161 0.786996
162 0.787572
163 0.788105
164 0.78869
165 0.78921
166 0.789737
167 0.790304
168 0.790881
169 0.791458
170 0.792055
171 0.792338
172 0.792888
173 0.793454
174 0.79401
175 0.794531
176 0.795038
177 0.795558
178 0.795983
179 0.79652
180 0.796989
181 0.797483
182 0.797928
183 0.798409
184 0.798915
185 0.799381
186 0.799774
187 0.800314
188 0.800753
189 0.801203
190 0.801663
191 0.802132
192 0.80257
193 0.802996
194 0.803448
195 0.803822
196 0.804302
197 0.804722
198 0.805163
199 0.805618
200 0.806024
201 0.806447
202 0.806858
203 0.807265
204 0.807634
205 0.808201
206 0.808486
207 0.808871
208 0.809276
209 0.809701
210 0.810036
211 0.81044
212 0.810864
213 0.811262
214 0.81162
215 0.812002
216 0.812373
217 0.812724
218 0.813131
219 0.813522
220 0.813824
221 0.814218
222 0.81458
223 0.814945
224 0.815305
225 0.815663
226 0.816017
227 0.816336
228 0.816758
229 0.817069
230 0.817416
231 0.817747
232 0.818107
233 0.818412
234 0.818742
235 0.819088
236 0.819429
237 0.819777
238 0.820088
239 0.820414
240 0.820751
241 0.821136
242 0.821377
243 0.821726
244 0.822036
245 0.822331
246 0.82267
247 0.822968
248 0.823285
249 0.823601
250 0.823942
251 0.824258
252 0.824577
253 0.824923
254 0.825239
255 0.825553
256 0.825715
257 0.825872
258 0.826177
259 0.826506
260 0.826807
261 0.827115
262 0.827446
263 0.827729
264 0.828022
265 0.828309
266 0.828623
267 0.828865
268 0.82918
269 0.829445
270 0.829721
271 0.830002
272 0.830269
273 0.830468
274 0.830801
275 0.831074
276 0.831329
277 0.831612
278 0.831866
279 0.832109
280 0.832395
281 0.83264
282 0.832906
283 0.833165
284 0.83344
285 0.833663
286 0.83394
287 0.834201
288 0.834443
289 0.834701
290 0.834957
291 0.835179
292 0.835384
293 0.83575
294 0.835933
295 0.836161
296 0.83641
297 0.836644
298 0.836911
299 0.837117
300 0.837372
301 0.837588
302 0.837837
303 0.838068
304 0.838311
305 0.838533
306 0.838793
307 0.839025
308 0.839206
309 0.83944
310 0.839677
311 0.83991
312 0.840153
313 0.840359
314 0.840584
315 0.840738
316 0.841032
317 0.841242
318 0.841477
319 0.841708
320 0.841905
321 0.842103
322 0.842336
323 0.842535
324 0.84277
325 0.842976
326 0.843179
327 0.843405
328 0.843625
329 0.843837
330 0.844016
331 0.844249
332 0.844424
333 0.84463
334 0.844845
335 0.845047
336 0.845254
337 0.845439
338 0.845637
339 0.845827
340 0.845988
341 0.846093
342 0.846563
343 0.846695
344 0.846863
345 0.847048
346 0.847227
347 0.847417
348 0.847614
349 0.847812
350 0.848002
351 0.848168
352 0.848375
353 0.848544
354 0.848769
355 0.848949
356 0.849108
357 0.849328
358 0.849523
359 0.849669
360 0.849868
361 0.850036
362 0.850242
363 0.850416
364 0.850594
365 0.850803
366 0.850946
367 0.851126
368 0.851314
369 0.851498
370 0.851664
371 0.851839
372 0.851983
373 0.852219
374 0.852378
375 0.852554
376 0.852707
377 0.852878
378 0.853063
379 0.85323
380 0.853414
381 0.853574
382 0.853775
383 0.853957
384 0.854079
385 0.854199
386 0.854374
387 0.854551
388 0.854722
389 0.854901
390 0.855031
391 0.855246
392 0.855394
393 0.855557
394 0.85575
395 0.855886
396 0.85604
397 0.856205
398 0.856374
399 0.856522
400 0.856684
