1 0.266433
2 0.383658
3 0.141568
4 0.136274
5 0.106081
6 0.0735229
7 0.0793498
8 0.0931058
9 0.0713979
10 0.0637025
11 0.0542086
12 0.0597795
13 0.0484288
14 0.0476493
15 0.0419393
16 0.0407925
17 0.0366851
18 0.0381187
19 0.0357319
20 0.0340255
21 0.0309075
22 0.0314527
23 0.0295502
24 0.0286679
25 0.0274359
26 0.0269743
27 0.025506
28 0.025303
29 0.0241661
30 0.0237324
31 0.0231068
32 0.0224416
33 0.0218123
34 0.0215896
35 0.020693
36 0.0202083
37 0.0199215
38 0.0194585
39 0.0190451
40 0.0188135
41 0.0182333
42 0.0179489
43 0.0176577
44 0.0174501
45 0.0169823
46 0.0167631
47 0.0164129
48 0.0161856
49 0.0159533
50 0.0156683
51 0.0153404
52 0.0151876
53 0.0149647
54 0.014812
55 0.0145211
56 0.0142469
57 0.0141356
58 0.0140491
59 0.0137624
60 0.0136481
61 0.0134661
62 0.0132434
63 0.0131473
64 0.0130378
65 0.0128179
66 0.0126723
67 0.0125806
68 0.0124488
69 0.0122603
70 0.0121978
71 0.0120326
72 0.0118045
73 0.0118018
74 0.0116504
75 0.0114756
76 0.0114078
77 0.0112303
78 0.0112158
79 0.0110667
80 0.011012
81 0.0108943
82 0.010843
83 0.0107296
84 0.0106621
85 0.0105887
86 0.010394
87 0.0103572
88 0.0102101
89 0.0101651
90 0.0101576
91 0.0100151
92 0.00990741
93 0.00982884
94 0.00976557
95 0.0096834
96 0.00963004
97 0.00956285
98 0.00948146
99 0.0093979
100 0.00931126
101 0.00930795
102 0.00921295
103 0.00916683
104 0.00904044
105 0.00899414
106 0.00897574
107 0.00890092
108 0.00888482
109 0.00880727
110 0.00871711
111 0.00868902
112 0.00860627
113 0.00857349
114 0.00850084
115 0.00842312
116 0.00836283
117 0.00836462
118 0.00832306
119 0.00820584
120 0.00825739
121 0.008141
122 0.00807364
123 0.00801272
124 0.00805921
125 0.00797193
126 0.0078986
127 0.00785257
128 0.00784183
129 0.0077549
130 0.00771664
131 0.00768153
132 0.00763263
133 0.00759322
134 0.00760366
135 0.00751685
136 0.0074617
137 0.00742277
138 0.00737326
139 0.00740488
140 0.00730991
141 0.00732917
142 0.0072226
143 0.00721116
144 0.00714335
145 0.00716306
146 0.00710085
147 0.00707712
148 0.00707661
149 0.00704559
150 0.0070167
151 0.00693702
152 0.0069254
153 0.00689377
154 0.00681903
155 0.00683986
156 0.00679028
157 0.00669897
158 0.00671121
159 0.00668324
160 0.00666533
161 0.00663473
162 0.00659907
163 0.00658316
164 0.00655083
165 0.00650059
166 0.00649918
167 0.00644528
168 0.00640545
169 0.00640179
170 0.00636248
171 0.00634188
172 0.00636704
173 0.00632949
174 0.00627734
175 0.00625575
176 0.00622543
177 0.00619414
178 0.00617507
179 0.00616367
180 0.00611574
181 0.00607597
182 0.00607089
183 0.00604925
184 0.00599398
185 0.00599532
186 0.00597362
187 0.00593954
188 0.00590434
189 0.00593162
190 0.00585815
191 0.00584654
192 0.00584368
193 0.00577063
194 0.00579171
195 0.00578344
196 0.00571967
197 0.00574002
198 0.00568223
199 0.00569249
200 0.00567735
201 0.00568033
202 0.00563841
203 0.00562767
204 0.00557516
205 0.00558624
206 0.00554786
207 0.00554328
208 0.00549241
209 0.00549548
210 0.00547147
211 0.00547781
212 0.00544793
213 0.00537792
214 0.00539282
215 0.0053834
216 0.00536624
217 0.00535712
218 0.0053327
219 0.0052967
220 0.0052948
221 0.00532386
222 0.00525357
223 0.00524908
224 0.0052797
225 0.00520364
226 0.00519047
227 0.00519605
228 0.00517853
229 0.00515232
230 0.0051239
231 0.00510257
232 0.00515967
233 0.00506951
234 0.00504848
235 0.00506224
236 0.00505048
237 0.00500203
238 0.00499007
239 0.00501549
240 0.00498888
241 0.00498364
242 0.00493862
243 0.00490225
244 0.00489511
245 0.00488781
246 0.00489423
247 0.00489052
248 0.00486116
249 0.00478737
250 0.00481353
251 0.00481948
252 0.00476131
253 0.00481721
254 0.00474716
255 0.0047698
256 0.00472009
257 0.00473814
258 0.00476435
259 0.00474171
260 0.00467848
261 0.00468723
262 0.0046684
263 0.00463868
264 0.00464539
265 0.00464024
266 0.00466068
267 0.00460807
268 0.00462258
269 0.00460519
270 0.00459785
271 0.00456834
272 0.00455567
273 0.00453856
274 0.00454366
275 0.00449786
276 0.00451681
277 0.00451492
278 0.004469
279 0.00449221
280 0.00441277
281 0.00441407
282 0.00444844
283 0.00444613
284 0.00437259
285 0.00440691
286 0.0043737
287 0.00439112
288 0.00437793
289 0.00431744
290 0.0043509
291 0.00432134
292 0.00432392
293 0.0043302
294 0.0043159
295 0.0042906
296 0.00429461
297 0.00430126
298 0.00424908
299 0.00424241
300 0.00422808
301 0.00422389
302 0.00422543
303 0.00419225
304 0.00421699
305 0.00418659
306 0.00419865
307 0.00417317
308 0.00418123
309 0.0041664
310 0.00415611
311 0.00411606
312 0.00414638
313 0.00412765
314 0.00409455
315 0.00408166
316 0.00409311
317 0.00404388
318 0.00407872
319 0.00406117
320 0.00406686
321 0.00403842
322 0.00398305
323 0.00400169
324 0.00400551
325 0.00400279
326 0.00401779
327 0.00399634
328 0.00398015
329 0.00398935
330 0.00398649
331 0.00397752
332 0.00396066
333 0.00394976
334 0.00391888
335 0.00392139
336 0.00389484
337 0.0039035
338 0.00386816
339 0.00385249
340 0.003866
341 0.00384564
342 0.00384889
343 0.00385731
344 0.00383024
345 0.00383563
346 0.00381178
347 0.00381591
348 0.00381858
349 0.0038076
350 0.00379945
351 0.00380719
352 0.00378645
353 0.00377421
354 0.00377251
355 0.00371959
356 0.00375652
357 0.00373936
358 0.00374064
359 0.00370082
360 0.00371556
361 0.00367149
362 0.00371013
363 0.00369478
364 0.00372193
365 0.00367176
366 0.00367224
367 0.0036763
368 0.0036419
369 0.00366016
370 0.0036317
371 0.00364252
372 0.00362526
373 0.0036299
374 0.00360929
375 0.00360965
376 0.00359093
377 0.00362068
378 0.00359244
379 0.00358622
380 0.00356375
381 0.00357381
382 0.00352099
383 0.00353336
384 0.00356555
385 0.00350893
386 0.00356756
387 0.00352866
388 0.00351687
389 0.00353481
390 0.00352522
391 0.00350599
392 0.00346287
393 0.00348973
394 0.00345495
395 0.00349604
396 0.00346468
397 0.00347911
398 0.0034504
399 0.00344253
400 0.00345022
