1 0.332797
2 0.332797
3 0.333056
4 0.333199
5 0.333397
6 0.333195
7 0.351366
8 0.373841
9 0.391854
10 0.411308
11 0.430512
12 0.446275
13 0.46281
14 0.478237
15 0.491885
16 0.50496
17 0.517493
18 0.528973
19 0.53959
20 0.549509
21 0.55909
22 0.567551
23 0.576136
24 0.583512
25 0.591754
26 0.598842
27 0.604613
28 0.611073
29 0.617143
30 0.623009
31 0.628173
32 0.633506
33 0.6383
34 0.643668
35 0.648037
36 0.652326
37 0.656074
38 0.660675
39 0.663999
40 0.668041
41 0.671658
42 0.675533
43 0.678841
44 0.681658
45 0.684978
46 0.688111
47 0.691222
48 0.693833
49 0.696739
50 0.699678
51 0.702445
52 0.704814
53 0.707409
54 0.709557
55 0.712374
56 0.714881
57 0.716232
58 0.718666
59 0.720732
60 0.722746
61 0.725188
62 0.72731
63 0.728697
64 0.730725
65 0.732487
66 0.73461
67 0.736137
68 0.737707
69 0.739881
70 0.741334
71 0.742655
72 0.744774
73 0.746017
74 0.747561
75 0.749363
76 0.750503
77 0.752085
78 0.753459
79 0.755351
80 0.756003
81 0.757632
82 0.758559
83 0.759831
84 0.761186
85 0.762659
86 0.764009
87 0.764608
88 0.766641
89 0.767021
90 0.768081
91 0.769669
92 0.771098
93 0.771913
94 0.773064
95 0.7743
96 0.775078
97 0.775849
98 0.77709
99 0.778219
100 0.779433
101 0.779627
102 0.78099
103 0.781856
104 0.783138
105 0.783628
106 0.784574
107 0.785456
108 0.786039
109 0.787014
110 0.788087
111 0.788654
112 0.789834
113 0.790843
114 0.791452
115 0.792482
116 0.793155
117 0.793267
118 0.794681
119 0.795545
120 0.795581
121 0.79658
122 0.797456
123 0.798509
124 0.798552
125 0.79953
126 0.800162
127 0.801055
128 0.801749
129 0.80232
130 0.80283
131 0.803925
132 0.804516
133 0.805105
134 0.80549
135 0.806154
136 0.806805
137 0.807406
138 0.808241
139 0.808676
140 0.809014
141 0.80984
142 0.810526
143 0.811175
144 0.811844
145 0.81215
146 0.812582
147 0.813011
148 0.813492
149 0.813958
150 0.814447
151 0.815475
152 0.815716
153 0.816546
154 0.81723
155 0.817292
156 0.818074
157 0.818764
158 0.818894
159 0.819606
160 0.820132
161 0.820268
162 0.820905
163 0.821287
164 0.822127
165 0.822519
166 0.822834
167 0.823581
168 0.82391
169 0.824455
170 0.825127
171 0.82492
172 0.825194
173 0.826065
174 0.826446
175 0.826702
176 0.826883
177 0.827784
178 0.82822
179 0.828601
180 0.828784
181 0.829402
182 0.830032
183 0.830377
184 0.830759
185 0.830977
186 0.831278
187 0.83176
188 0.832109
189 0.832156
190 0.833109
191 0.833205
192 0.833896
193 0.834316
194 0.834542
195 0.834573
196 0.835453
197 0.835445
198 0.836053
199 0.836455
200 0.836357
201 0.836688
202 0.837232
203 0.837613
204 0.838071
205 0.838266
206 0.838992
207 0.839153
208 0.839307
209 0.839572
210 0.8401
211 0.84023
212 0.840498
213 0.841232
214 0.841485
215 0.841304
216 0.841923
217 0.842071
218 0.84278
219 0.842954
220 0.843213
221 0.843133
222 0.844104
223 0.844046
224 0.844176
225 0.844939
226 0.845204
227 0.845149
228 0.84585
229 0.84567
230 0.846236
231 0.84673
232 0.846326
233 0.847045
234 0.847461
235 0.847521
236 0.847581
237 0.848368
238 0.848469
239 0.848364
240 0.848756
241 0.849258
242 0.849292
243 0.849931
244 0.850086
245 0.8506
246 0.850719
247 0.850791
248 0.851146
249 0.851818
250 0.851666
251 0.851709
252 0.8525
253 0.852321
254 0.853187
255 0.852991
256 0.853321
257 0.853332
258 0.853104
259 0.853637
260 0.854128
261 0.854056
262 0.854691
263 0.854776
264 0.855112
265 0.855238
266 0.855318
267 0.855703
268 0.855907
269 0.855998
270 0.856161
271 0.85667
272 0.856826
273 0.857095
274 0.857482
275 0.857701
276 0.857829
277 0.857951
278 0.85815
279 0.858323
280 0.858785
281 0.859173
282 0.859001
283 0.859219
284 0.859668
285 0.859801
286 0.859856
287 0.860143
288 0.860146
289 0.861121
290 0.860699
291 0.861109
292 0.861105
293 0.861409
294 0.861542
295 0.861714
296 0.861954
297 0.862121
298 0.86251
299 0.862602
300 0.862829
301 0.862984
302 0.863213
303 0.863323
304 0.863498
305 0.86366
306 0.863922
307 0.864254
308 0.864274
309 0.86429
310 0.864597
311 0.865134
312 0.864901
313 0.864997
314 0.865688
315 0.865615
316 0.865616
317 0.866075
318 0.866038
319 0.866229
320 0.866313
321 0.866779
322 0.867277
323 0.867042
324 0.867508
325 0.867653
326 0.867493
327 0.867731
328 0.868159
329 0.868028
330 0.868134
331 0.868314
332 0.868655
333 0.868514
334 0.869087
335 0.869084
336 0.869223
337 0.86956
338 0.869877
339 0.869976
340 0.869994
341 0.870167
342 0.87043
343 0.870353
344 0.870777
345 0.870912
346 0.871107
347 0.871234
348 0.871244
349 0.871304
350 0.871428
351 0.871706
352 0.872045
353 0.872037
354 0.871971
355 0.872703
356 0.872613
357 0.872841
358 0.872991
359 0.873193
360 0.873203
361 0.873422
362 0.873577
363 0.873383
364 0.873589
365 0.874054
366 0.874246
367 0.874218
368 0.874622
369 0.874407
370 0.874739
371 0.874836
372 0.874821
373 0.874971
374 0.875357
375 0.875331
376 0.8758
377 0.875617
378 0.875617
379 0.875681
380 0.876039
381 0.876137
382 0.876626
383 0.876805
384 0.876783
385 0.877002
386 0.876399
387 0.877031
388 0.877174
389 0.877266
390 0.877123
391 0.877712
392 0.877917
393 0.877646
394 0.878221
395 0.877996
396 0.87839
397 0.878205
398 0.878416
399 0.878873
400 0.878762
