1 0.499857
2 0.499787
3 0.499787
4 0.499787
5 0.499779
6 0.499552
7 0.583364
8 0.624799
9 0.625318
10 0.652219
11 0.666313
12 0.666793
13 0.682466
14 0.688407
15 0.692666
16 0.697107
17 0.701575
18 0.704277
19 0.707414
20 0.71008
21 0.711437
22 0.71388
23 0.716105
24 0.717851
25 0.718125
26 0.719664
27 0.720966
28 0.721999
29 0.723361
30 0.724463
31 0.723845
32 0.725636
33 0.725509
34 0.726248
35 0.727156
36 0.728221
37 0.727896
38 0.729159
39 0.730108
40 0.730191
41 0.730968
42 0.730487
43 0.731509
44 0.73184
45 0.732072
46 0.732725
47 0.731816
48 0.732877
49 0.733187
50 0.733784
51 0.733186
52 0.734207
53 0.73433
54 0.734358
55 0.734964
56 0.735309
57 0.734871
58 0.735473
59 0.735381
60 0.735927
61 0.736537
62 0.736174
63 0.736245
64 0.736689
65 0.736627
66 0.737329
67 0.736853
68 0.737057
69 0.736739
70 0.737313
71 0.737065
72 0.738062
73 0.738144
74 0.738449
75 0.738519
76 0.737634
77 0.73814
78 0.738425
79 0.738289
80 0.738543
81 0.738868
82 0.739748
83 0.738873
84 0.739872
85 0.739299
86 0.73965
87 0.738965
88 0.740025
89 0.739348
90 0.739637
91 0.739078
92 0.739512
93 0.740511
94 0.740156
95 0.739872
96 0.740263
97 0.740107
98 0.740079
99 0.739973
100 0.740369
101 0.740058
102 0.741004
103 0.740598
104 0.741347
105 0.740799
106 0.740652
107 0.740296
108 0.741256
109 0.741229
110 0.741283
111 0.741039
112 0.741071
113 0.740553
114 0.741686
115 0.741513
116 0.741744
117 0.741704
118 0.741669
119 0.74097
120 0.741235
121 0.741232
122 0.741845
123 0.741587
124 0.742244
125 0.74188
126 0.741449
127 0.742183
128 0.742609
129 0.741755
130 0.741636
131 0.741626
132 0.742938
133 0.742364
134 0.741534
135 0.741685
136 0.742676
137 0.74287
138 0.743119
139 0.742567
140 0.741703
141 0.743098
142 0.742565
143 0.743273
144 0.743088
145 0.742581
146 0.742253
147 0.742489
148 0.742911
149 0.741893
150 0.742861
151 0.741821
152 0.742607
153 0.742885
154 0.743355
155 0.742555
156 0.743367
157 0.743524
158 0.742652
159 0.742912
160 0.743203
161 0.743057
162 0.743873
163 0.743151
164 0.744298
165 0.742843
166 0.742595
167 0.743229
168 0.74376
169 0.743325
170 0.743404
171 0.742767
172 0.743234
173 0.743294
174 0.743497
175 0.743844
176 0.743334
177 0.743364
178 0.743181
179 0.744056
180 0.743679
181 0.743818
182 0.743672
183 0.74335
184 0.743668
185 0.743542
186 0.744341
187 0.743906
188 0.744225
189 0.74321
190 0.743907
191 0.743944
192 0.744235
193 0.7442
194 0.743951
195 0.74347
196 0.744264
197 0.743569
198 0.744343
199 0.744693
200 0.744129
201 0.74481
202 0.744243
203 0.744329
204 0.743986
205 0.744836
206 0.744094
207 0.744039
208 0.744527
209 0.744345
210 0.743634
211 0.743905
212 0.744947
213 0.743512
214 0.744541
215 0.74451
216 0.74379
217 0.744502
218 0.743707
219 0.744666
220 0.744393
221 0.744716
222 0.744924
223 0.744528
224 0.744346
225 0.744976
226 0.744658
227 0.74425
228 0.744571
229 0.744454
230 0.743966
231 0.744788
232 0.744346
233 0.744571
234 0.744322
235 0.745196
236 0.744703
237 0.744802
238 0.744916
239 0.744542
240 0.744881
241 0.744224
242 0.745068
243 0.745282
244 0.744988
245 0.745263
246 0.744865
247 0.744557
248 0.745433
249 0.744822
250 0.743753
251 0.744825
252 0.744956
253 0.744635
254 0.745163
255 0.744682
256 0.745083
257 0.74509
258 0.745138
259 0.744724
260 0.74563
261 0.745502
262 0.745407
263 0.745391
264 0.744854
265 0.745255
266 0.745173
267 0.745604
268 0.74489
269 0.744558
270 0.745399
271 0.745451
272 0.745905
273 0.744899
274 0.744399
275 0.745086
276 0.74484
277 0.744644
278 0.745944
279 0.745364
280 0.745279
281 0.745433
282 0.745446
283 0.74543
284 0.745832
285 0.745136
286 0.7447
287 0.744488
288 0.745228
289 0.745304
290 0.746087
291 0.745909
292 0.746016
293 0.746434
294 0.745448
295 0.74626
296 0.745691
297 0.745701
298 0.744904
299 0.745437
300 0.745853
301 0.745498
302 0.745999
303 0.745428
304 0.745805
305 0.74549
306 0.745888
307 0.745383
308 0.745756
309 0.745343
310 0.745442
311 0.745758
312 0.74621
313 0.746064
314 0.745788
315 0.745608
316 0.746103
317 0.74564
318 0.745872
319 0.745539
320 0.746363
321 0.7458
322 0.745466
323 0.745889
324 0.745372
325 0.746167
326 0.746257
327 0.74583
328 0.745765
329 0.746132
330 0.745417
331 0.7459
332 0.746051
333 0.745594
334 0.746414
335 0.746479
336 0.74529
337 0.746153
338 0.746123
339 0.745969
340 0.745719
341 0.745717
342 0.745322
343 0.745781
344 0.745788
345 0.746077
346 0.745669
347 0.745449
348 0.745593
349 0.747037
350 0.745724
351 0.746341
352 0.745677
353 0.746546
354 0.746394
355 0.745478
356 0.746311
357 0.746094
358 0.746731
359 0.745956
360 0.746036
361 0.746913
362 0.746709
363 0.745981
364 0.746107
365 0.745827
366 0.745744
367 0.745915
368 0.745855
369 0.74596
370 0.746162
371 0.745889
372 0.746167
373 0.745954
374 0.745835
375 0.746009
376 0.74585
377 0.746797
378 0.746211
379 0.746598
380 0.745798
381 0.745486
382 0.746295
383 0.745872
384 0.746001
385 0.746765
386 0.746382
387 0.74657
388 0.746363
389 0.746532
390 0.746185
391 0.746437
392 0.746776
393 0.746641
394 0.746477
395 0.746384
396 0.746446
397 0.746071
398 0.746576
399 0.74632
400 0.746837
