1 0.5
2 0.360636
3 0.30025
4 0.2652
5 0.24194
6 0.224982
7 0.212153
8 0.202115
9 0.193959
10 0.187191
11 0.181443
12 0.176672
13 0.172594
14 0.168936
15 0.166225
16 0.163656
17 0.161531
18 0.15952
19 0.158092
20 0.156731
21 0.15525
22 0.154299
23 0.153286
24 0.152277
25 0.151554
26 0.150957
27 0.150241
28 0.149593
29 0.149357
30 0.148838
31 0.148285
32 0.147891
33 0.147514
34 0.147498
35 0.14698
36 0.146571
37 0.146358
38 0.146167
39 0.146103
40 0.145905
41 0.145741
42 0.145313
43 0.145256
44 0.145308
45 0.145096
46 0.144889
47 0.144688
48 0.144568
49 0.144584
50 0.144498
51 0.144402
52 0.144277
53 0.144201
54 0.143911
55 0.144073
56 0.143951
57 0.144052
58 0.143888
59 0.143694
60 0.143642
61 0.143628
62 0.143484
63 0.143366
64 0.143099
65 0.143447
66 0.143281
67 0.143278
68 0.143221
69 0.143175
70 0.143102
71 0.14298
72 0.142906
73 0.142624
74 0.1429
75 0.142763
76 0.142847
77 0.14279
78 0.142831
79 0.142878
80 0.14273
81 0.142611
82 0.142758
83 0.142647
84 0.142537
85 0.142675
86 0.142565
87 0.14254
88 0.1426
89 0.142537
90 0.142441
91 0.142475
92 0.142401
93 0.142352
94 0.142348
95 0.142296
96 0.142221
97 0.142259
98 0.142322
99 0.142254
100 0.14224
101 0.142152
102 0.14232
103 0.142045
104 0.142185
105 0.142101
106 0.142068
107 0.142101
108 0.14203
109 0.14194
110 0.1421
111 0.14197
112 0.141981
113 0.141838
114 0.141849
115 0.141895
116 0.141983
117 0.142026
118 0.141998
119 0.141867
120 0.141866
121 0.14181
122 0.141842
123 0.141814
124 0.141816
125 0.141737
126 0.141639
127 0.141769
128 0.141708
129 0.141754
130 0.141671
131 0.141704
132 0.141726
133 0.141602
134 0.141687
135 0.141637
136 0.141631
137 0.141646
138 0.141577
139 0.141461
140 0.141573
141 0.141528
142 0.141506
143 0.141533
144 0.141445
145 0.141521
146 0.141494
147 0.141409
148 0.141411
149 0.141421
150 0.141359
151 0.141364
152 0.141358
153 0.141351
154 0.141308
155 0.141376
156 0.141308
157 0.141328
158 0.141381
159 0.141301
160 0.141293
161 0.141245
162 0.14122
163 0.141248
164 0.141265
165 0.141269
166 0.141167
167 0.141222
168 0.141152
169 0.141141
170 0.141332
171 0.141551
172 0.141109
173 0.141108
174 0.14111
175 0.141165
176 0.141122
177 0.141118
178 0.141118
179 0.141142
180 0.141064
181 0.141009
182 0.141053
183 0.141097
184 0.14105
185 0.14099
186 0.14093
187 0.141146
188 0.140962
189 0.140963
190 0.140944
191 0.141025
192 0.140818
193 0.14101
194 0.140974
195 0.141032
196 0.140966
197 0.141043
198 0.140924
199 0.140895
200 0.140888
201 0.140872
202 0.140863
203 0.140882
204 0.140805
205 0.140913
206 0.140779
207 0.140903
208 0.140834
209 0.140752
210 0.140771
211 0.140766
212 0.140757
213 0.140689
214 0.140822
215 0.140755
216 0.140724
217 0.140727
218 0.140694
219 0.140739
220 0.140745
221 0.1407
222 0.140677
223 0.14068
224 0.140682
225 0.140602
226 0.140633
227 0.140714
228 0.140642
229 0.14066
230 0.140591
231 0.140624
232 0.140639
233 0.140667
234 0.140599
235 0.140569
236 0.140609
237 0.14055
238 0.140491
239 0.140606
240 0.140533
241 0.140483
242 0.140518
243 0.14051
244 0.140513
245 0.140545
246 0.140489
247 0.140473
248 0.140509
249 0.140483
250 0.140513
251 0.140436
252 0.140427
253 0.140462
254 0.140443
255 0.140585
256 0.140486
257 0.140242
258 0.140396
259 0.140398
260 0.140342
261 0.140332
262 0.140346
263 0.140379
264 0.140395
265 0.140309
266 0.140349
267 0.140414
268 0.140395
269 0.140277
270 0.140296
271 0.140273
272 0.140339
273 0.14037
274 0.140305
275 0.140298
276 0.140261
277 0.140316
278 0.140196
279 0.140254
280 0.140302
281 0.14025
282 0.140266
283 0.140191
284 0.140251
285 0.140192
286 0.140205
287 0.14014
288 0.14015
289 0.140186
290 0.140238
291 0.140147
292 0.14022
293 0.140196
294 0.140093
295 0.140079
296 0.140105
297 0.140146
298 0.140124
299 0.140138
300 0.140099
301 0.140064
302 0.140073
303 0.140069
304 0.140065
305 0.140118
306 0.140047
307 0.139888
308 0.140037
309 0.139988
310 0.140053
311 0.139996
312 0.140012
313 0.140012
314 0.140004
315 0.140054
316 0.140045
317 0.140039
318 0.139998
319 0.139989
320 0.139897
321 0.14004
322 0.139941
323 0.139936
324 0.13996
325 0.139927
326 0.13993
327 0.139892
328 0.139957
329 0.139874
330 0.139925
331 0.139834
332 0.13992
333 0.139917
334 0.13986
335 0.139888
336 0.139847
337 0.139874
338 0.139871
339 0.139884
340 0.139857
341 0.139903
342 0.139826
343 0.139872
344 0.139876
345 0.139887
346 0.139801
347 0.139837
348 0.139786
349 0.1398
350 0.139826
351 0.139844
352 0.139773
353 0.139764
354 0.139832
355 0.139803
356 0.139814
357 0.139702
358 0.13977
359 0.139799
360 0.139762
361 0.139792
362 0.139714
363 0.139752
364 0.139721
365 0.139761
366 0.139728
367 0.139706
368 0.139752
369 0.13967
370 0.139678
371 0.139729
372 0.139683
373 0.139711
374 0.13977
375 0.139658
376 0.139666
377 0.139714
378 0.139633
379 0.139642
380 0.139672
381 0.139663
382 0.139615
383 0.139682
384 0.139656
385 0.139608
386 0.139631
387 0.139643
388 0.139598
389 0.139671
390 0.139609
391 0.139618
392 0.139623
393 0.139642
394 0.139609
395 0.139631
396 0.139603
397 0.139566
398 0.13958
399 0.139536
400 0.139565
