1 0.0853405
2 0.0988427
3 0.108283
4 0.115138
5 0.119998
6 0.123537
7 0.126146
8 0.127663
9 0.129126
10 0.13019
11 0.130891
12 0.131287
13 0.131653
14 0.131869
15 0.131775
16 0.140695
17 0.148714
18 0.155858
19 0.162475
20 0.168123
21 0.173329
22 0.177856
23 0.181709
24 0.184897
25 0.187981
26 0.191492
27 0.19618
28 0.20131
29 0.205851
30 0.21121
31 0.216015
32 0.220066
33 0.224207
34 0.227848
35 0.231881
36 0.235448
37 0.238587
38 0.242042
39 0.244716
40 0.247622
41 0.250308
42 0.252757
43 0.255164
44 0.257562
45 0.259636
46 0.262113
47 0.264619
48 0.267376
49 0.269911
50 0.272771
51 0.275704
52 0.278399
53 0.280988
54 0.283253
55 0.285893
56 0.288268
57 0.290599
58 0.293122
59 0.295548
60 0.297944
61 0.300194
62 0.302241
63 0.304506
64 0.306485
65 0.308544
66 0.310485
67 0.3125
68 0.314152
69 0.316033
70 0.317766
71 0.319265
72 0.32135
73 0.323081
74 0.325338
75 0.327437
76 0.329802
77 0.332315
78 0.334802
79 0.337088
80 0.339347
81 0.341711
82 0.343581
83 0.3457
84 0.347803
85 0.349785
86 0.351683
87 0.353754
88 0.355478
89 0.357311
90 0.359137
91 0.360791
92 0.362256
93 0.363975
94 0.36533
95 0.366742
96 0.368185
97 0.369649
98 0.371299
99 0.373007
100 0.374715
101 0.376505
102 0.378396
103 0.380236
104 0.382164
105 0.38379
106 0.385555
107 0.387445
108 0.389359
109 0.391058
110 0.392551
111 0.394373
112 0.395736
113 0.397219
114 0.398664
115 0.399985
116 0.401364
117 0.40262
118 0.403998
119 0.405194
120 0.406524
121 0.407546
122 0.40887
123 0.410066
124 0.411367
125 0.412451
126 0.413649
127 0.415039
128 0.416277
129 0.417674
130 0.418928
131 0.420214
132 0.421652
133 0.422965
134 0.424283
135 0.425375
136 0.426624
137 0.427722
138 0.428873
139 0.430089
140 0.431154
141 0.432296
142 0.433165
143 0.434087
144 0.435162
145 0.436079
146 0.436911
147 0.438099
148 0.438811
149 0.439758
150 0.440804
151 0.441573
152 0.442628
153 0.44362
154 0.444782
155 0.445761
156 0.446673
157 0.44766
158 0.448734
159 0.449545
160 0.450527
161 0.451411
162 0.452309
163 0.453201
164 0.454125
165 0.455053
166 0.45592
167 0.45678
168 0.4575
169 0.458231
170 0.45889
171 0.459634
172 0.460392
173 0.461017
174 0.461778
175 0.462362
176 0.463231
177 0.463978
178 0.464659
179 0.465468
180 0.466241
181 0.467071
182 0.467784
183 0.468505
184 0.469249
185 0.47007
186 0.470807
187 0.471557
188 0.472329
189 0.473189
190 0.473872
191 0.474734
192 0.4754
193 0.476228
194 0.476777
195 0.477389
196 0.478251
197 0.478708
198 0.479296
199 0.479922
200 0.48054
201 0.481304
202 0.481826
203 0.482625
204 0.483218
205 0.483871
206 0.484479
207 0.485115
208 0.485909
209 0.486552
210 0.48723
211 0.487762
212 0.488623
213 0.489183
214 0.489778
215 0.490467
216 0.491187
217 0.491871
218 0.49244
219 0.493095
220 0.493719
221 0.494444
222 0.495014
223 0.495673
224 0.496221
225 0.496924
226 0.49745
227 0.498159
228 0.498904
229 0.499637
230 0.500236
231 0.500761
232 0.501426
233 0.50199
234 0.502609
235 0.503272
236 0.503983
237 0.504667
238 0.50527
239 0.505982
240 0.506633
241 0.507389
242 0.50807
243 0.508695
244 0.509335
245 0.509929
246 0.510459
247 0.511086
248 0.511703
249 0.512298
250 0.512812
251 0.513518
252 0.514178
253 0.514747
254 0.515304
255 0.515897
256 0.516508
257 0.517244
258 0.517749
259 0.518503
260 0.519085
261 0.519868
262 0.520226
263 0.521011
264 0.5215
265 0.52219
266 0.522754
267 0.523395
268 0.523869
269 0.524494
270 0.525068
271 0.525614
272 0.526257
273 0.526755
274 0.52718
275 0.527691
276 0.528215
277 0.528858
278 0.529456
279 0.529956
280 0.530541
281 0.531088
282 0.531618
283 0.532315
284 0.532772
285 0.533391
286 0.533964
287 0.534587
288 0.535133
289 0.53552
290 0.535938
291 0.536452
292 0.536991
293 0.537493
294 0.538027
295 0.538474
296 0.539087
297 0.539492
298 0.540065
299 0.540533
300 0.541082
301 0.541534
302 0.542061
303 0.542439
304 0.54279
305 0.54344
306 0.543905
307 0.544467
308 0.544846
309 0.545312
310 0.545763
311 0.54618
312 0.546713
313 0.547163
314 0.547414
315 0.547828
316 0.548287
317 0.548783
318 0.54919
319 0.549726
320 0.550157
321 0.550609
322 0.550948
323 0.55141
324 0.551782
325 0.552347
326 0.552657
327 0.553043
328 0.553485
329 0.553822
330 0.554316
331 0.554642
332 0.555053
333 0.555454
334 0.555841
335 0.556235
336 0.556512
337 0.556998
338 0.557349
339 0.557685
340 0.558092
341 0.558459
342 0.559028
343 0.559376
344 0.559768
345 0.560064
346 0.56039
347 0.560578
348 0.561014
349 0.561267
350 0.561616
351 0.561989
352 0.562354
353 0.562804
354 0.56323
355 0.563583
356 0.563854
357 0.564135
358 0.564605
359 0.564979
360 0.565242
361 0.565565
362 0.565927
363 0.56629
364 0.566586
365 0.566897
366 0.567295
367 0.567616
368 0.567997
369 0.568473
370 0.56882
371 0.569223
372 0.569701
373 0.570118
374 0.570563
375 0.57084
376 0.571368
377 0.571674
378 0.572154
379 0.572561
380 0.572958
381 0.573652
382 0.573951
383 0.574432
384 0.574868
385 0.57539
386 0.575959
387 0.576489
388 0.576915
389 0.577444
390 0.57786
391 0.578396
392 0.578869
393 0.57955
394 0.580138
395 0.580722
396 0.581221
397 0.581801
398 0.582273
399 0.582993
400 0.583521
