1 0.299856
2 0.299886
3 0.300438
4 0.29983
5 0.300123
6 0.300067
7 0.300044
8 0.299922
9 0.299807
10 0.299074
11 0.300418
12 0.299858
13 0.299733
14 0.30023
15 0.301016
16 0.300589
17 0.300052
18 0.299567
19 0.299581
20 0.300793
21 0.299784
22 0.299738
23 0.300036
24 0.299983
25 0.29962
26 0.299398
27 0.319585
28 0.332839
29 0.341451
30 0.348425
31 0.352748
32 0.355567
33 0.358492
34 0.359747
35 0.360874
36 0.361547
37 0.363012
38 0.36291
39 0.363009
40 0.362892
41 0.362555
42 0.364409
43 0.363476
44 0.363837
45 0.363888
46 0.36352
47 0.364451
48 0.365379
49 0.365926
50 0.367699
51 0.368664
52 0.37026
53 0.371221
54 0.37168
55 0.371851
56 0.372301
57 0.373742
58 0.372788
59 0.373818
60 0.374248
61 0.374439
62 0.373523
63 0.374027
64 0.374686
65 0.37442
66 0.37463
67 0.373951
68 0.374208
69 0.374079
70 0.372972
71 0.373877
72 0.373557
73 0.373484
74 0.374323
75 0.375326
76 0.376015
77 0.374427
78 0.374762
79 0.374235
80 0.373675
81 0.372575
82 0.37231
83 0.371636
84 0.371298
85 0.370892
86 0.369125
87 0.369169
88 0.368396
89 0.367523
90 0.368038
91 0.366165
92 0.365523
93 0.364134
94 0.363637
95 0.363925
96 0.362851
97 0.363671
98 0.362673
99 0.362718
100 0.361971
101 0.361727
102 0.360204
103 0.35863
104 0.357759
105 0.35696
106 0.35545
107 0.35391
108 0.352744
109 0.352317
110 0.351353
111 0.351398
112 0.348641
113 0.347642
114 0.347022
115 0.346935
116 0.346082
117 0.344944
118 0.344736
119 0.343785
120 0.343576
121 0.342652
122 0.342636
123 0.341824
124 0.341541
125 0.34066
126 0.339237
127 0.338307
128 0.336251
129 0.335111
130 0.334769
131 0.332705
132 0.331687
133 0.331243
134 0.330183
135 0.330108
136 0.329009
137 0.327907
138 0.328082
139 0.326831
140 0.327098
141 0.325984
142 0.324887
143 0.324825
144 0.323518
145 0.322731
146 0.322709
147 0.32295
148 0.32207
149 0.321415
150 0.321247
151 0.320217
152 0.318409
153 0.317924
154 0.317292
155 0.316866
156 0.315975
157 0.31488
158 0.314615
159 0.31348
160 0.313044
161 0.313216
162 0.311114
163 0.310762
164 0.310191
165 0.309658
166 0.309664
167 0.309677
168 0.308447
169 0.308786
170 0.308054
171 0.308433
172 0.306924
173 0.308108
174 0.30631
175 0.307162
176 0.307006
177 0.305688
178 0.30578
179 0.305767
180 0.304504
181 0.304171
182 0.303593
183 0.303649
184 0.303223
185 0.303022
186 0.302488
187 0.302269
188 0.302944
189 0.301507
190 0.302799
191 0.30179
192 0.302543
193 0.302095
194 0.302299
195 0.302287
196 0.302593
197 0.302155
198 0.302794
199 0.302548
200 0.302735
201 0.303118
202 0.303088
203 0.303536
204 0.303515
205 0.303005
206 0.304027
207 0.303902
208 0.304536
209 0.303807
210 0.303886
211 0.30448
212 0.304879
213 0.305175
214 0.305827
215 0.30533
216 0.306829
217 0.307432
218 0.307794
219 0.307873
220 0.307923
221 0.308802
222 0.310078
223 0.309348
224 0.310108
225 0.3112
226 0.311276
227 0.312607
228 0.313014
229 0.314497
230 0.313818
231 0.315299
232 0.315846
233 0.315995
234 0.317618
235 0.317027
236 0.318874
237 0.318225
238 0.32014
239 0.320329
240 0.320202
241 0.321168
242 0.322265
243 0.322438
244 0.322005
245 0.32381
246 0.323096
247 0.323803
248 0.324695
249 0.32569
250 0.325897
251 0.326216
252 0.326841
253 0.328796
254 0.329732
255 0.330937
256 0.332048
257 0.331553
258 0.332844
259 0.333136
260 0.332244
261 0.333405
262 0.334247
263 0.334696
264 0.335353
265 0.336033
266 0.336702
267 0.335913
268 0.336788
269 0.337305
270 0.336348
271 0.336313
272 0.335988
273 0.335937
274 0.336394
275 0.336745
276 0.338052
277 0.337078
278 0.338486
279 0.33957
280 0.338899
281 0.340512
282 0.34084
283 0.342053
284 0.341287
285 0.340868
286 0.341592
287 0.340684
288 0.340077
289 0.339826
290 0.339779
291 0.339337
292 0.338456
293 0.3379
294 0.337579
295 0.337764
296 0.336063
297 0.336663
298 0.335755
299 0.335272
300 0.335344
301 0.335095
302 0.335217
303 0.3344
304 0.334508
305 0.333968
306 0.333456
307 0.333329
308 0.333042
309 0.333045
310 0.332106
311 0.332343
312 0.331531
313 0.330244
314 0.330009
315 0.329352
316 0.329539
317 0.327584
318 0.327728
319 0.327292
320 0.327014
321 0.325858
322 0.324917
323 0.325339
324 0.324061
325 0.322635
326 0.322041
327 0.322573
328 0.322453
329 0.320852
330 0.320397
331 0.320293
332 0.318804
333 0.317748
334 0.317806
335 0.317256
336 0.316802
337 0.317296
338 0.316524
339 0.315083
340 0.314831
341 0.313639
342 0.311418
343 0.310616
344 0.311323
345 0.309324
346 0.308781
347 0.308431
348 0.308401
349 0.307623
350 0.307104
351 0.306393
352 0.305788
353 0.306702
354 0.306128
355 0.306452
356 0.305625
357 0.305156
358 0.305779
359 0.305013
360 0.304987
361 0.305257
362 0.305514
363 0.304581
364 0.305881
365 0.3057
366 0.306134
367 0.306273
368 0.306044
369 0.306436
370 0.306977
371 0.307139
372 0.306936
373 0.307788
374 0.307638
375 0.308037
376 0.309551
377 0.309654
378 0.310787
379 0.31142
380 0.312434
381 0.313479
382 0.314716
383 0.316016
384 0.317457
385 0.318352
386 0.319974
387 0.321976
388 0.323205
389 0.32472
390 0.32698
391 0.329162
392 0.331089
393 0.332521
394 0.334184
395 0.33591
396 0.337044
397 0.338293
398 0.340514
399 0.342773
400 0.344352
