1 0.196785
2 0.196785
3 0.196785
4 0.196785
5 0.196785
6 0.196785
7 0.196785
8 0.196785
9 0.196785
10 0.196785
11 0.196785
12 0.195414
13 0.194228
14 0.192727
15 0.191443
16 0.190056
17 0.188834
18 0.187566
19 0.18639
20 0.185249
21 0.184228
22 0.183232
23 0.181976
24 0.180761
25 0.179561
26 0.178351
27 0.177123
28 0.175987
29 0.174852
30 0.173792
31 0.172756
32 0.171866
33 0.170942
34 0.169967
35 0.169098
36 0.168129
37 0.16709
38 0.166119
39 0.165183
40 0.164178
41 0.163319
42 0.162443
43 0.161608
44 0.160674
45 0.160036
46 0.159142
47 0.158348
48 0.157522
49 0.156671
50 0.155983
51 0.155138
52 0.154344
53 0.153625
54 0.152865
55 0.152113
56 0.151455
57 0.150642
58 0.150056
59 0.149297
60 0.14864
61 0.147929
62 0.147268
63 0.146608
64 0.145924
65 0.145372
66 0.144672
67 0.144106
68 0.14351
69 0.142862
70 0.142223
71 0.141638
72 0.141003
73 0.14048
74 0.139895
75 0.139326
76 0.138751
77 0.138145
78 0.137601
79 0.136998
80 0.1365
81 0.135963
82 0.135452
83 0.134983
84 0.13448
85 0.133886
86 0.133353
87 0.132877
88 0.132291
89 0.131816
90 0.131373
91 0.130879
92 0.130449
93 0.129906
94 0.129492
95 0.129037
96 0.12857
97 0.127999
98 0.127561
99 0.127192
100 0.126681
101 0.126277
102 0.125816
103 0.125409
104 0.124927
105 0.124505
106 0.124063
107 0.12364
108 0.123233
109 0.122804
110 0.12241
111 0.121958
112 0.121598
113 0.121135
114 0.120788
115 0.120448
116 0.119982
117 0.119642
118 0.119225
119 0.118811
120 0.118435
121 0.118079
122 0.117632
123 0.117366
124 0.11698
125 0.11657
126 0.116212
127 0.115869
128 0.115545
129 0.115082
130 0.114783
131 0.114415
132 0.1141
133 0.113781
134 0.113334
135 0.113071
136 0.11268
137 0.112404
138 0.112077
139 0.111719
140 0.111379
141 0.111051
142 0.110781
143 0.110344
144 0.110061
145 0.109713
146 0.109438
147 0.109096
148 0.108828
149 0.108535
150 0.108154
151 0.107824
152 0.107502
153 0.107302
154 0.106924
155 0.10666
156 0.106369
157 0.106054
158 0.105704
159 0.105459
160 0.105169
161 0.104921
162 0.104571
163 0.104251
164 0.10403
165 0.103668
166 0.103441
167 0.103269
168 0.102847
169 0.102727
170 0.102413
171 0.102118
172 0.101806
173 0.101538
174 0.101246
175 0.100996
176 0.100763
177 0.100551
178 0.1002
179 0.099952
180 0.099684
181 0.0994694
182 0.0992383
183 0.099028
184 0.0987584
185 0.0984145
186 0.098192
187 0.0980353
188 0.0977034
189 0.0974538
190 0.097183
191 0.0969673
192 0.096684
193 0.0964504
194 0.0962442
195 0.0959723
196 0.0957379
197 0.0955255
198 0.0952964
199 0.0949996
200 0.0948439
201 0.0946163
202 0.0944272
203 0.0941467
204 0.0939736
205 0.0937226
206 0.0934912
207 0.0933136
208 0.0930863
209 0.0928629
210 0.0925985
211 0.0923388
212 0.0921482
213 0.0919205
214 0.0917444
215 0.0915347
216 0.0913598
217 0.0910767
218 0.0909439
219 0.0907417
220 0.0905104
221 0.0903049
222 0.090107
223 0.0898947
224 0.0897024
225 0.0894456
226 0.0892963
227 0.0890528
228 0.0889153
229 0.0886778
230 0.0885223
231 0.0882366
232 0.0881236
233 0.0879842
234 0.0877845
235 0.0875335
236 0.0873294
237 0.0871668
238 0.0869126
239 0.0867938
240 0.0865557
241 0.0864205
242 0.0862296
243 0.0860815
244 0.0858816
245 0.0856586
246 0.0854783
247 0.085309
248 0.0851008
249 0.0849124
250 0.0847062
251 0.0846282
252 0.0844497
253 0.0841785
254 0.0840733
255 0.0838895
256 0.0836373
257 0.0835378
258 0.0833711
259 0.0831884
260 0.083085
261 0.0828608
262 0.082741
263 0.0825187
264 0.0823021
265 0.0822017
266 0.0819934
267 0.0818315
268 0.0816866
269 0.0815175
270 0.0812776
271 0.0812499
272 0.0810729
273 0.0808501
274 0.0807145
275 0.0805357
276 0.0804578
277 0.0802363
278 0.0801179
279 0.079901
280 0.0798307
281 0.0795951
282 0.079485
283 0.0792824
284 0.0791898
285 0.0789498
286 0.0788335
287 0.0787181
288 0.0785661
289 0.0784385
290 0.0782567
291 0.0780983
292 0.0779364
293 0.0778755
294 0.0777025
295 0.0775277
296 0.0773935
297 0.0772256
298 0.0771953
299 0.0769624
300 0.0767752
301 0.0767163
302 0.0765398
303 0.076395
304 0.0762577
305 0.0761713
306 0.0760525
307 0.075783
308 0.0757018
309 0.0755207
310 0.0754911
311 0.0753775
312 0.0752047
313 0.0750517
314 0.0748283
315 0.0747846
316 0.0746542
317 0.0744946
318 0.0743737
319 0.0742886
320 0.0741634
321 0.0739948
322 0.0738476
323 0.0737791
324 0.0736753
325 0.0734883
326 0.0734076
327 0.07324
328 0.0731028
329 0.0730039
330 0.0728418
331 0.0727482
332 0.0725639
333 0.072462
334 0.0723455
335 0.0722553
336 0.0721161
337 0.071956
338 0.0718998
339 0.0717349
340 0.0716345
341 0.0715321
342 0.0713862
343 0.071333
344 0.0711409
345 0.071028
346 0.0708994
347 0.0708023
348 0.0707461
349 0.0705594
350 0.0704698
351 0.0703771
352 0.0702861
353 0.0701017
354 0.0700047
355 0.0699674
356 0.0698004
357 0.0697267
358 0.0695799
359 0.0694682
360 0.069294
361 0.0691836
362 0.0691053
363 0.0690098
364 0.0688813
365 0.0688327
366 0.06867
367 0.0685897
368 0.0684554
369 0.0683229
370 0.0682633
371 0.0681417
372 0.0680476
373 0.0679684
374 0.06784
375 0.067646
376 0.0676593
377 0.0674904
378 0.067439
379 0.067314
380 0.0672004
381 0.0670637
382 0.0670361
383 0.0669172
384 0.06677
385 0.066717
386 0.0666652
387 0.0665146
388 0.0664286
389 0.0663152
390 0.0662554
391 0.0660912
392 0.065991
393 0.0658567
394 0.0658328
395 0.065723
396 0.0656138
397 0.0654903
398 0.0654524
399 0.0652817
400 0.0652141
