1 0.499676
2 0.499767
3 0.499796
4 0.500618
5 0.499282
6 0.499628
7 0.49989
8 0.500471
9 0.499667
10 0.500389
11 0.499533
12 0.516388
13 0.516763
14 0.523684
15 0.523156
16 0.528541
17 0.527619
18 0.531693
19 0.532039
20 0.533523
21 0.533147
22 0.534153
23 0.541243
24 0.544731
25 0.547128
26 0.548848
27 0.551184
28 0.551533
29 0.553555
30 0.555181
31 0.555465
32 0.556987
33 0.557754
34 0.559511
35 0.563523
36 0.565284
37 0.566669
38 0.567921
39 0.569186
40 0.570192
41 0.572639
42 0.572091
43 0.57309
44 0.573477
45 0.575514
46 0.578049
47 0.578809
48 0.579984
49 0.581398
50 0.58203
51 0.583118
52 0.585266
53 0.585592
54 0.586396
55 0.586998
56 0.588703
57 0.588861
58 0.590352
59 0.591819
60 0.592065
61 0.59379
62 0.595614
63 0.595499
64 0.596321
65 0.597685
66 0.597718
67 0.597793
68 0.600265
69 0.599862
70 0.600345
71 0.601765
72 0.603257
73 0.604323
74 0.603716
75 0.605231
76 0.605477
77 0.60663
78 0.606773
79 0.608088
80 0.609392
81 0.609551
82 0.609857
83 0.61038
84 0.611245
85 0.612252
86 0.612363
87 0.61336
88 0.614616
89 0.61457
90 0.615001
91 0.615742
92 0.616604
93 0.617462
94 0.617433
95 0.618908
96 0.618678
97 0.619114
98 0.620066
99 0.620725
100 0.620999
101 0.621847
102 0.62147
103 0.622022
104 0.623268
105 0.62364
106 0.62359
107 0.625444
108 0.625455
109 0.626237
110 0.627063
111 0.627118
112 0.626945
113 0.627759
114 0.627925
115 0.62855
116 0.629482
117 0.629653
118 0.630106
119 0.630759
120 0.631061
121 0.632683
122 0.6331
123 0.632998
124 0.633876
125 0.633387
126 0.634456
127 0.633529
128 0.63548
129 0.634813
130 0.635379
131 0.636152
132 0.636222
133 0.637661
134 0.637742
135 0.637609
136 0.637309
137 0.638519
138 0.638544
139 0.639446
140 0.640218
141 0.640156
142 0.640915
143 0.640768
144 0.641057
145 0.641353
146 0.642743
147 0.642695
148 0.642228
149 0.642818
150 0.64287
151 0.643141
152 0.643571
153 0.643612
154 0.645306
155 0.64575
156 0.645513
157 0.645836
158 0.645006
159 0.64608
160 0.647138
161 0.646646
162 0.647486
163 0.647782
164 0.647672
165 0.647768
166 0.648545
167 0.648595
168 0.649176
169 0.649037
170 0.648975
171 0.65022
172 0.649139
173 0.649425
174 0.65042
175 0.65017
176 0.650277
177 0.65178
178 0.651849
179 0.65209
180 0.65135
181 0.651723
182 0.652098
183 0.652449
184 0.652418
185 0.65251
186 0.652874
187 0.653499
188 0.653303
189 0.654012
190 0.654511
191 0.654288
192 0.654052
193 0.655201
194 0.654258
195 0.655048
196 0.655547
197 0.654735
198 0.656008
199 0.656316
200 0.655999
201 0.656131
202 0.655602
203 0.655812
204 0.657118
205 0.656828
206 0.658127
207 0.657456
208 0.657293
209 0.657269
210 0.657081
211 0.658536
212 0.658368
213 0.658929
214 0.658691
215 0.659332
216 0.657933
217 0.658969
218 0.658806
219 0.659628
220 0.660917
221 0.659193
222 0.660549
223 0.660444
224 0.659605
225 0.660719
226 0.660911
227 0.660947
228 0.659593
229 0.660665
230 0.660322
231 0.660508
232 0.661003
233 0.66214
234 0.661732
235 0.660631
236 0.661842
237 0.661844
238 0.662646
239 0.661446
240 0.662825
241 0.661766
242 0.66258
243 0.663312
244 0.662822
245 0.662912
246 0.663078
247 0.662327
248 0.664179
249 0.66297
250 0.663145
251 0.663154
252 0.663815
253 0.664211
254 0.663477
255 0.66376
256 0.664504
257 0.66423
258 0.665054
259 0.66435
260 0.664626
261 0.664913
262 0.665702
263 0.665649
264 0.66487
265 0.665038
266 0.665244
267 0.665961
268 0.665761
269 0.666468
270 0.665649
271 0.666621
272 0.665873
273 0.666159
274 0.666565
275 0.667157
276 0.666556
277 0.666753
278 0.667281
279 0.666462
280 0.666994
281 0.667951
282 0.667789
283 0.66724
284 0.667731
285 0.667102
286 0.667711
287 0.666896
288 0.666867
289 0.668005
290 0.668623
291 0.669101
292 0.667968
293 0.668072
294 0.667969
295 0.668905
296 0.66822
297 0.669194
298 0.668575
299 0.668963
300 0.668828
301 0.668813
302 0.669098
303 0.66877
304 0.669155
305 0.669465
306 0.668828
307 0.669681
308 0.670726
309 0.670132
310 0.669412
311 0.66987
312 0.669338
313 0.669324
314 0.66969
315 0.669277
316 0.670332
317 0.670699
318 0.67046
319 0.670975
320 0.669922
321 0.670903
322 0.671004
323 0.671052
324 0.67065
325 0.670169
326 0.670013
327 0.670901
328 0.671087
329 0.671015
330 0.671101
331 0.670797
332 0.672085
333 0.670919
334 0.67174
335 0.671526
336 0.672229
337 0.671696
338 0.671656
339 0.672099
340 0.672078
341 0.671758
342 0.672419
343 0.672819
344 0.672525
345 0.672624
346 0.672507
347 0.672836
348 0.673084
349 0.672343
350 0.672838
351 0.67224
352 0.672707
353 0.67335
354 0.672897
355 0.672603
356 0.672487
357 0.67181
358 0.67338
359 0.672986
360 0.673026
361 0.673454
362 0.673485
363 0.674014
364 0.673745
365 0.673578
366 0.673358
367 0.674242
368 0.673644
369 0.673992
370 0.673842
371 0.67333
372 0.674354
373 0.674128
374 0.673811
375 0.673887
376 0.673824
377 0.674784
378 0.674084
379 0.674344
380 0.67498
381 0.674815
382 0.674373
383 0.673975
384 0.674752
385 0.674653
386 0.674377
387 0.675467
388 0.674643
389 0.675099
390 0.675064
391 0.67459
392 0.675306
393 0.674826
394 0.674548
395 0.675442
396 0.674877
397 0.674506
398 0.67476
399 0.675717
400 0.675319
