1 0.499676
2 0.499608
3 0.499986
4 0.500098
5 0.500007
6 0.50025
7 0.500151
8 0.500101
9 0.500033
10 0.500203
11 0.500055
12 0.501543
13 0.50266
14 0.504172
15 0.505405
16 0.506915
17 0.508069
18 0.509277
19 0.510458
20 0.511552
21 0.512657
22 0.513656
23 0.514915
24 0.516122
25 0.517378
26 0.518499
27 0.519753
28 0.520883
29 0.521944
30 0.523033
31 0.524057
32 0.524969
33 0.525903
34 0.526826
35 0.527842
36 0.528753
37 0.529861
38 0.530619
39 0.531607
40 0.532612
41 0.533401
42 0.534316
43 0.535238
44 0.536077
45 0.536827
46 0.537641
47 0.538439
48 0.539216
49 0.540092
50 0.540933
51 0.54162
52 0.542493
53 0.543216
54 0.543898
55 0.544674
56 0.545343
57 0.546075
58 0.546812
59 0.547455
60 0.548118
61 0.548911
62 0.549554
63 0.550179
64 0.550855
65 0.551477
66 0.552112
67 0.552685
68 0.553317
69 0.55394
70 0.554572
71 0.555179
72 0.555765
73 0.556371
74 0.55688
75 0.557459
76 0.55803
77 0.558622
78 0.559193
79 0.559801
80 0.560294
81 0.560824
82 0.561374
83 0.561796
84 0.562293
85 0.562828
86 0.563447
87 0.563923
88 0.564497
89 0.56495
90 0.5654
91 0.565921
92 0.566347
93 0.566897
94 0.567233
95 0.567745
96 0.568215
97 0.568776
98 0.569213
99 0.569597
100 0.570076
101 0.57048
102 0.570864
103 0.571292
104 0.571788
105 0.572268
106 0.572729
107 0.573159
108 0.57355
109 0.573976
110 0.57437
111 0.574821
112 0.575212
113 0.575626
114 0.576006
115 0.576342
116 0.576786
117 0.577108
118 0.57755
119 0.577966
120 0.578356
121 0.578706
122 0.579178
123 0.579469
124 0.579827
125 0.580185
126 0.580609
127 0.580893
128 0.581267
129 0.581678
130 0.582028
131 0.582352
132 0.582641
133 0.583012
134 0.583407
135 0.58369
136 0.584108
137 0.584339
138 0.584722
139 0.585055
140 0.585384
141 0.585735
142 0.585972
143 0.586427
144 0.58672
145 0.587082
146 0.587323
147 0.587705
148 0.587988
149 0.588254
150 0.588652
151 0.588947
152 0.589289
153 0.589486
154 0.589863
155 0.590152
156 0.59041
157 0.590729
158 0.591052
159 0.591286
160 0.591606
161 0.591881
162 0.592164
163 0.592515
164 0.59272
165 0.593113
166 0.593351
167 0.593511
168 0.593954
169 0.594064
170 0.594259
171 0.59456
172 0.595005
173 0.595237
174 0.595583
175 0.595816
176 0.596068
177 0.596274
178 0.596601
179 0.596841
180 0.597153
181 0.597307
182 0.597572
183 0.597783
184 0.598082
185 0.59841
186 0.598629
187 0.598763
188 0.599082
189 0.599319
190 0.599628
191 0.599812
192 0.600084
193 0.600326
194 0.600586
195 0.600827
196 0.601065
197 0.601232
198 0.601465
199 0.601777
200 0.601957
201 0.602201
202 0.60235
203 0.602628
204 0.602813
205 0.603001
206 0.603311
207 0.603463
208 0.603706
209 0.603922
210 0.604207
211 0.604438
212 0.604639
213 0.604859
214 0.605037
215 0.605284
216 0.605442
217 0.605754
218 0.605878
219 0.606074
220 0.606311
221 0.606515
222 0.606688
223 0.606905
224 0.607086
225 0.607373
226 0.607509
227 0.607755
228 0.607886
229 0.608101
230 0.608278
231 0.608572
232 0.608665
233 0.608803
234 0.609033
235 0.609236
236 0.609475
237 0.609617
238 0.609893
239 0.609959
240 0.610256
241 0.610373
242 0.610578
243 0.610716
244 0.610918
245 0.611143
246 0.61128
247 0.611485
248 0.611683
249 0.611892
250 0.612093
251 0.612153
252 0.612337
253 0.612615
254 0.612692
255 0.612785
256 0.613173
257 0.613375
258 0.613442
259 0.613581
260 0.613713
261 0.613943
262 0.614044
263 0.61424
264 0.614476
265 0.6146
266 0.614788
267 0.614941
268 0.615111
269 0.615315
270 0.615525
271 0.615557
272 0.615718
273 0.615904
274 0.616064
275 0.616252
276 0.61632
277 0.61657
278 0.616699
279 0.616891
280 0.616961
281 0.617193
282 0.617294
283 0.617507
284 0.617586
285 0.617869
286 0.617952
287 0.618077
288 0.618229
289 0.618325
290 0.61854
291 0.618707
292 0.618869
293 0.618931
294 0.619096
295 0.619252
296 0.619393
297 0.619574
298 0.619606
299 0.619837
300 0.620021
301 0.620078
302 0.620253
303 0.620392
304 0.620541
305 0.620608
306 0.620758
307 0.621084
308 0.621096
309 0.62128
310 0.621309
311 0.621423
312 0.621571
313 0.621767
314 0.621965
315 0.622016
316 0.622175
317 0.622293
318 0.622443
319 0.622538
320 0.62264
321 0.622821
322 0.622955
323 0.622999
324 0.623105
325 0.62333
326 0.623431
327 0.623555
328 0.623697
329 0.623793
330 0.623963
331 0.624079
332 0.624237
333 0.624355
334 0.624463
335 0.62454
336 0.624699
337 0.624848
338 0.624935
339 0.625073
340 0.625187
341 0.625297
342 0.625435
343 0.625481
344 0.625665
345 0.62577
346 0.625921
347 0.626009
348 0.626074
349 0.626238
350 0.626339
351 0.626453
352 0.626532
353 0.626708
354 0.626794
355 0.626823
356 0.627013
357 0.627097
358 0.627238
359 0.627324
360 0.627524
361 0.627626
362 0.627715
363 0.627793
364 0.627949
365 0.627983
366 0.62817
367 0.62821
368 0.628365
369 0.628494
370 0.628554
371 0.628673
372 0.628764
373 0.628849
374 0.628985
375 0.62917
376 0.629158
377 0.629305
378 0.629375
379 0.629534
380 0.629602
381 0.62973
382 0.629774
383 0.629887
384 0.630042
385 0.630105
386 0.630155
387 0.630304
388 0.630383
389 0.630496
390 0.630586
391 0.630719
392 0.630826
393 0.630954
394 0.63097
395 0.631097
396 0.631209
397 0.631344
398 0.631337
399 0.631531
400 0.631612
