1 0.783951
2 0.783951
3 0.783951
4 0.783951
5 0.783951
6 0.783951
7 0.783951
8 0.783951
9 0.783951
10 0.783951
11 0.783951
12 0.783951
13 0.783951
14 0.783951
15 0.783951
16 0.783951
17 0.783951
18 0.783951
19 0.783951
20 0.783951
21 0.783951
22 0.783951
23 0.783951
24 0.783951
25 0.783951
26 0.783951
27 0.783951
28 0.783951
29 0.783951
30 0.783951
31 0.783951
32 0.783951
33 0.783951
34 0.783951
35 0.783951
36 0.783951
37 0.783951
38 0.783951
39 0.783951
40 0.783951
41 0.783951
42 0.783951
43 0.783951
44 0.783951
45 0.783951
46 0.783951
47 0.783951
48 0.783951
49 0.783951
50 0.783951
51 0.783951
52 0.783951
53 0.783951
54 0.783951
55 0.783951
56 0.783951
57 0.783951
58 0.783951
59 0.783951
60 0.783951
61 0.783951
62 0.783951
63 0.783951
64 0.783951
65 0.783951
66 0.783951
67 0.783951
68 0.783951
69 0.783951
70 0.783951
71 0.783951
72 0.783951
73 0.783951
74 0.783951
75 0.783951
76 0.783951
77 0.783951
78 0.783951
79 0.783951
80 0.783951
81 0.783951
82 0.783951
83 0.783951
84 0.783951
85 0.783951
86 0.783951
87 0.783951
88 0.783951
89 0.783951
90 0.783951
91 0.783951
92 0.783951
93 0.783951
94 0.783951
95 0.783951
96 0.783951
97 0.783951
98 0.783951
99 0.783951
100 0.783951
101 0.783951
102 0.783951
103 0.783951
104 0.783951
105 0.783951
106 0.783951
107 0.783951
108 0.783951
109 0.783951
110 0.783951
111 0.783951
112 0.783951
113 0.783951
114 0.783951
115 0.783951
116 0.783951
117 0.783951
118 0.783951
119 0.783951
120 0.783951
121 0.783951
122 0.783951
123 0.783951
124 0.783951
125 0.783951
126 0.783951
127 0.783951
128 0.783951
129 0.783951
130 0.783951
131 0.783951
132 0.783951
133 0.783951
134 0.783951
135 0.783951
136 0.783951
137 0.783951
138 0.783951
139 0.783951
140 0.783951
141 0.783951
142 0.783951
143 0.783951
144 0.783951
145 0.783951
146 0.783951
147 0.783951
148 0.783951
149 0.783951
150 0.783951
151 0.783951
152 0.783951
153 0.783951
154 0.783951
155 0.783951
156 0.783951
157 0.783951
158 0.783951
159 0.783951
160 0.783951
161 0.783951
162 0.783951
163 0.783951
164 0.783951
165 0.783951
166 0.783951
167 0.783951
168 0.783951
169 0.783951
170 0.783951
171 0.783951
172 0.783951
173 0.783951
174 0.783951
175 0.783951
176 0.783951
177 0.783951
178 0.783951
179 0.783951
180 0.783951
181 0.783951
182 0.783951
183 0.783951
184 0.783951
185 0.783951
186 0.783951
187 0.783951
188 0.783951
189 0.783951
190 0.783951
191 0.783951
192 0.783951
193 0.783951
194 0.783951
195 0.783951
196 0.783951
197 0.783951
198 0.783951
199 0.783951
200 0.783951
201 0.783951
202 0.783951
203 0.783951
204 0.783951
205 0.783951
206 0.783951
207 0.783951
208 0.783951
209 0.783951
210 0.783951
211 0.783951
212 0.783951
213 0.783951
214 0.783951
215 0.783951
216 0.783951
217 0.783951
218 0.783951
219 0.783951
220 0.783951
221 0.783951
222 0.783951
223 0.783951
224 0.783951
225 0.783951
226 0.783951
227 0.783951
228 0.783951
229 0.783951
230 0.783951
231 0.783951
232 0.783951
233 0.783951
234 0.783951
235 0.783951
236 0.783951
237 0.783951
238 0.783951
239 0.783951
240 0.783951
241 0.783951
242 0.783951
243 0.783951
244 0.783951
245 0.783951
246 0.783951
247 0.783951
248 0.783951
249 0.783951
250 0.783951
251 0.783951
252 0.783951
253 0.783951
254 0.783951
255 0.783951
256 0.783951
257 0.783951
258 0.783951
259 0.783951
260 0.783951
261 0.783951
262 0.783951
263 0.783951
264 0.783951
265 0.783951
266 0.783951
267 0.783951
268 0.783951
269 0.783951
270 0.783951
271 0.783951
272 0.783951
273 0.783951
274 0.783951
275 0.783951
276 0.783951
277 0.783951
278 0.783951
279 0.783951
280 0.783951
281 0.783951
282 0.783951
283 0.783951
284 0.783951
285 0.783951
286 0.783951
287 0.783951
288 0.783951
289 0.783951
290 0.783951
291 0.783951
292 0.783951
293 0.783951
294 0.783951
295 0.783951
296 0.783951
297 0.783951
298 0.783951
299 0.783951
300 0.783951
301 0.783951
302 0.783951
303 0.783951
304 0.783951
305 0.783951
306 0.783951
307 0.783951
308 0.783951
309 0.783951
310 0.783951
311 0.783951
312 0.783951
313 0.783951
314 0.783951
315 0.783951
316 0.783951
317 0.783951
318 0.783951
319 0.783951
320 0.783951
321 0.783951
322 0.783951
323 0.783951
324 0.783951
325 0.783951
326 0.783951
327 0.783951
328 0.783951
329 0.783951
330 0.783951
331 0.783951
332 0.783951
333 0.783951
334 0.783951
335 0.783951
336 0.783951
337 0.783951
338 0.783951
339 0.783951
340 0.783951
341 0.783951
342 0.783951
343 0.783951
344 0.783951
345 0.783951
346 0.783951
347 0.783951
348 0.783951
349 0.783951
350 0.783951
351 0.783951
352 0.783951
353 0.783951
354 0.783951
355 0.783951
356 0.783951
357 0.783951
358 0.783951
359 0.783951
360 0.783951
361 0.783951
362 0.783951
363 0.783951
364 0.783951
365 0.783951
366 0.783951
367 0.783951
368 0.783951
369 0.783951
370 0.783951
371 0.783951
372 0.783951
373 0.783951
374 0.783951
375 0.783951
376 0.783951
377 0.783951
378 0.783951
379 0.783951
380 0.783951
381 0.783951
382 0.783951
383 0.783951
384 0.783951
385 0.783951
386 0.783951
387 0.783951
388 0.783951
389 0.783951
390 0.783951
391 0.783951
392 0.783951
393 0.783951
394 0.783951
395 0.783951
396 0.783951
397 0.783951
398 0.783951
399 0.783951
400 0.783951
