1 0.283752
2 0.283752
3 0.283961
4 0.28366
5 0.283979
6 0.284051
7 0.2837
8 0.283608
9 0.283634
10 0.284315
11 0.2837
12 0.283602
13 0.283891
14 0.283971
15 0.283879
16 0.284022
17 0.284034
18 0.28395
19 0.283625
20 0.283872
21 0.284174
22 0.283862
23 0.284073
24 0.283962
25 0.28423
26 0.278079
27 0.272776
28 0.267464
29 0.262022
30 0.257114
31 0.252572
32 0.248319
33 0.244094
34 0.240044
35 0.236044
36 0.232131
37 0.228157
38 0.225032
39 0.221564
40 0.218146
41 0.215276
42 0.211865
43 0.208603
44 0.205958
45 0.203207
46 0.200278
47 0.19755
48 0.195078
49 0.19242
50 0.189959
51 0.187428
52 0.185232
53 0.18267
54 0.179844
55 0.177752
56 0.175503
57 0.173072
58 0.17037
59 0.168135
60 0.166011
61 0.163828
62 0.161625
63 0.159676
64 0.157437
65 0.155249
66 0.153133
67 0.151561
68 0.149572
69 0.147771
70 0.145854
71 0.144275
72 0.142458
73 0.140787
74 0.139584
75 0.137889
76 0.136485
77 0.13498
78 0.133405
79 0.13217
80 0.130824
81 0.129697
82 0.128207
83 0.126978
84 0.125848
85 0.124622
86 0.123406
87 0.122452
88 0.121164
89 0.120247
90 0.119287
91 0.118021
92 0.117212
93 0.116002
94 0.115067
95 0.114235
96 0.113318
97 0.112422
98 0.111291
99 0.110766
100 0.109746
101 0.108884
102 0.107952
103 0.107256
104 0.106246
105 0.105685
106 0.105053
107 0.10415
108 0.103284
109 0.102627
110 0.101971
111 0.10119
112 0.100403
113 0.0997211
114 0.099057
115 0.0983892
116 0.097766
117 0.0970783
118 0.0963498
119 0.0957505
120 0.0950621
121 0.0944932
122 0.094077
123 0.0932113
124 0.0926543
125 0.0920147
126 0.091481
127 0.0908911
128 0.0902533
129 0.0897149
130 0.0889781
131 0.0886577
132 0.0880335
133 0.0877241
134 0.0869339
135 0.086476
136 0.086083
137 0.0853684
138 0.085011
139 0.0844463
140 0.0839547
141 0.0833277
142 0.0828953
143 0.0823304
144 0.0819422
145 0.0812873
146 0.0810065
147 0.080512
148 0.0801563
149 0.0795868
150 0.0792225
151 0.0787384
152 0.0781411
153 0.0779934
154 0.0774488
155 0.0770688
156 0.0766307
157 0.0761265
158 0.0756429
159 0.0750376
160 0.0748043
161 0.0744991
162 0.0742877
163 0.073607
164 0.0733644
165 0.0729113
166 0.0724778
167 0.0720404
168 0.0716312
169 0.0714272
170 0.0709582
171 0.0709084
172 0.0702813
173 0.0698673
174 0.0697213
175 0.069106
176 0.0689935
177 0.0684593
178 0.0681904
179 0.0678163
180 0.0675571
181 0.0672053
182 0.0671028
183 0.0666365
184 0.0660907
185 0.0657837
186 0.0657635
187 0.0653662
188 0.0648543
189 0.0647057
190 0.064261
191 0.0641433
192 0.0637577
193 0.063361
194 0.0632967
195 0.0628975
196 0.0626175
197 0.0623141
198 0.0619084
199 0.0618409
200 0.0615553
201 0.0611444
202 0.0608814
203 0.0605935
204 0.0603827
205 0.0601145
206 0.0598319
207 0.0595145
208 0.0592782
209 0.059019
210 0.0589652
211 0.0584946
212 0.0582598
213 0.0580238
214 0.0576975
215 0.057622
216 0.0574256
217 0.0570233
218 0.0567243
219 0.0565919
220 0.0564108
221 0.0560441
222 0.0558598
223 0.0557198
224 0.0554141
225 0.0551864
226 0.0549766
227 0.0546766
228 0.0544565
229 0.0542476
230 0.0541134
231 0.0539558
232 0.053679
233 0.0534162
234 0.0532873
235 0.0530603
236 0.0529726
237 0.0526384
238 0.0524241
239 0.0521572
240 0.0521364
241 0.05192
242 0.051699
243 0.0515422
244 0.0513501
245 0.0511827
246 0.0510815
247 0.0507261
248 0.0504518
249 0.0503397
250 0.0502003
251 0.0499592
252 0.0496482
253 0.0497034
254 0.0493814
255 0.0492921
256 0.0490444
257 0.0489089
258 0.0487037
259 0.0485461
260 0.0483107
261 0.0482318
262 0.0481526
263 0.0478564
264 0.0477818
265 0.047603
266 0.047383
267 0.0471618
268 0.0471389
269 0.0469048
270 0.0467271
271 0.0465441
272 0.0463064
273 0.0461413
274 0.0460257
275 0.0459184
276 0.0457749
277 0.0457047
278 0.0456293
279 0.0451466
280 0.045115
281 0.045112
282 0.0448563
283 0.0446504
284 0.044563
285 0.0444579
286 0.0443445
287 0.0441434
288 0.0441802
289 0.0438624
290 0.0437639
291 0.0434603
292 0.043534
293 0.0433345
294 0.043076
295 0.0430202
296 0.0430586
297 0.0427112
298 0.0427412
299 0.0424756
300 0.0424348
301 0.0423337
302 0.0422286
303 0.0419787
304 0.0418344
305 0.0418292
306 0.0416986
307 0.0414064
308 0.0414147
309 0.0413185
310 0.0410874
311 0.0411104
312 0.0409454
313 0.0407989
314 0.0406503
315 0.0404871
316 0.0403106
317 0.0404735
318 0.0401486
319 0.0400003
320 0.03998
321 0.0397258
322 0.0397952
323 0.0394281
324 0.0395513
325 0.0392866
326 0.0391609
327 0.0392863
328 0.0389948
329 0.038911
330 0.0388027
331 0.0386888
332 0.0386379
333 0.0385376
334 0.038402
335 0.0383766
336 0.0381893
337 0.0380314
338 0.0380303
339 0.0378711
340 0.0377285
341 0.0376185
342 0.0375924
343 0.0375697
344 0.0374365
345 0.0372861
346 0.0370408
347 0.0371288
348 0.0370083
349 0.0369678
350 0.0367174
351 0.0366952
352 0.0365564
353 0.0365573
354 0.0363067
355 0.0362561
356 0.0361686
357 0.0360538
358 0.0360261
359 0.035918
360 0.0357852
361 0.0357442
362 0.035673
363 0.0355974
364 0.0354126
365 0.0353828
366 0.0353272
367 0.0351661
368 0.0350763
369 0.0350921
370 0.0349114
371 0.0348582
372 0.0347666
373 0.0346482
374 0.0345648
375 0.0343944
376 0.0343815
377 0.0343109
378 0.0342482
379 0.0341939
380 0.0340133
381 0.0340297
382 0.0338589
383 0.0338818
384 0.0339104
385 0.0335501
386 0.0336039
387 0.0333679
388 0.0333765
389 0.0332083
390 0.0333544
391 0.0331116
392 0.0331082
393 0.0330024
394 0.0329742
395 0.0329606
396 0.0328291
397 0.0326887
398 0.0326275
399 0.0325285
400 0.0325102
