1 0.284077
2 0.283528
3 0.284155
4 0.284016
5 0.283776
6 0.283646
7 0.283837
8 0.284168
9 0.283908
10 0.283869
11 0.283856
12 0.278136
13 0.272479
14 0.267056
15 0.26216
16 0.257376
17 0.253008
18 0.248049
19 0.243729
20 0.240285
21 0.235696
22 0.232005
23 0.228404
24 0.224661
25 0.221052
26 0.217088
27 0.213245
28 0.210019
29 0.206751
30 0.202928
31 0.1995
32 0.196557
33 0.193143
34 0.190087
35 0.186942
36 0.184116
37 0.180959
38 0.178672
39 0.175828
40 0.173132
41 0.170391
42 0.168265
43 0.165839
44 0.163447
45 0.161676
46 0.159131
47 0.157194
48 0.155166
49 0.15339
50 0.151732
51 0.149711
52 0.147963
53 0.146509
54 0.144777
55 0.143198
56 0.14212
57 0.140542
58 0.139016
59 0.13755
60 0.136309
61 0.134781
62 0.133827
63 0.132534
64 0.13123
65 0.129923
66 0.128842
67 0.127728
68 0.126737
69 0.125557
70 0.124623
71 0.123701
72 0.122643
73 0.12148
74 0.120585
75 0.119691
76 0.118443
77 0.117628
78 0.116845
79 0.115962
80 0.115043
81 0.11447
82 0.113325
83 0.112523
84 0.11177
85 0.110816
86 0.11007
87 0.109159
88 0.108552
89 0.107976
90 0.107137
91 0.106173
92 0.105514
93 0.104658
94 0.104214
95 0.103261
96 0.102383
97 0.101902
98 0.101394
99 0.100254
100 0.0997641
101 0.0989305
102 0.0982743
103 0.0978596
104 0.0972379
105 0.0965014
106 0.0958483
107 0.0955697
108 0.0946195
109 0.0941864
110 0.0936834
111 0.09286
112 0.0922674
113 0.0917191
114 0.0912395
115 0.0907082
116 0.0901754
117 0.0897913
118 0.0890346
119 0.0887139
120 0.0882061
121 0.0873963
122 0.0870766
123 0.0865256
124 0.0861203
125 0.0855398
126 0.085159
127 0.0845923
128 0.0839762
129 0.0835923
130 0.0830347
131 0.0825831
132 0.0821598
133 0.0816173
134 0.0812006
135 0.080875
136 0.0803422
137 0.0800275
138 0.0792558
139 0.0790864
140 0.078651
141 0.0783179
142 0.0777652
143 0.0774158
144 0.0769353
145 0.076777
146 0.0762327
147 0.0758197
148 0.0755388
149 0.0749924
150 0.0750775
151 0.0744768
152 0.0741682
153 0.0735874
154 0.0734982
155 0.0728151
156 0.0725621
157 0.0721783
158 0.0718584
159 0.0715029
160 0.0712913
161 0.0709132
162 0.0705214
163 0.0700762
164 0.0697588
165 0.0693386
166 0.0691504
167 0.0689286
168 0.0684885
169 0.0681463
170 0.0677666
171 0.0675716
172 0.0673083
173 0.0669716
174 0.0666639
175 0.0664763
176 0.0662025
177 0.0657415
178 0.0656748
179 0.0652709
180 0.0647993
181 0.0644787
182 0.0642095
183 0.0639997
184 0.0637864
185 0.0633918
186 0.0631363
187 0.0629649
188 0.062676
189 0.0623425
190 0.062201
191 0.061902
192 0.0616007
193 0.0614028
194 0.0611859
195 0.0608063
196 0.0606421
197 0.0602087
198 0.0601798
199 0.0598407
200 0.0595651
201 0.0595818
202 0.05917
203 0.0588005
204 0.0587878
205 0.0583176
206 0.0580673
207 0.0580007
208 0.0575881
209 0.0573687
210 0.0572531
211 0.0572065
212 0.0566438
213 0.0565314
214 0.0563018
215 0.0561651
216 0.0560527
217 0.0559279
218 0.0554393
219 0.055344
220 0.0551978
221 0.0550474
222 0.0548561
223 0.0546703
224 0.0544052
225 0.0541076
226 0.053973
227 0.0537097
228 0.0537422
229 0.0534505
230 0.0531483
231 0.0530765
232 0.0527889
233 0.0524991
234 0.0524762
235 0.052305
236 0.0521117
237 0.0520582
238 0.0517144
239 0.0514667
240 0.0513307
241 0.0511396
242 0.051073
243 0.0507124
244 0.0506937
245 0.0505785
246 0.0502096
247 0.0502154
248 0.0499334
249 0.0498458
250 0.0496174
251 0.0493913
252 0.049201
253 0.0491476
254 0.0490038
255 0.0487358
256 0.0487764
257 0.0484048
258 0.0483155
259 0.0481417
260 0.0480292
261 0.0479879
262 0.0477855
263 0.0476727
264 0.0475009
265 0.0471735
266 0.0471353
267 0.0470539
268 0.0468319
269 0.0465785
270 0.0463781
271 0.0463853
272 0.0462806
273 0.0462098
274 0.0460447
275 0.0457152
276 0.0458833
277 0.0456977
278 0.0454551
279 0.0452298
280 0.0452011
281 0.0450506
282 0.0447503
283 0.0447646
284 0.0445263
285 0.044535
286 0.0443298
287 0.0442191
288 0.0441126
289 0.0439059
290 0.0439099
291 0.0436491
292 0.0435049
293 0.0434144
294 0.0432912
295 0.0432125
296 0.0431163
297 0.0428489
298 0.0426449
299 0.04263
300 0.0425007
301 0.0424306
302 0.0423964
303 0.0421393
304 0.0420326
305 0.0419887
306 0.0418121
307 0.0416278
308 0.0416792
309 0.0415541
310 0.0414356
311 0.0410569
312 0.0410225
313 0.0410861
314 0.0408456
315 0.040813
316 0.0408313
317 0.0406228
318 0.0405522
319 0.0404047
320 0.0402806
321 0.0402631
322 0.0398141
323 0.0398632
324 0.039644
325 0.0397865
326 0.0394961
327 0.0395049
328 0.0395521
329 0.0392502
330 0.0392939
331 0.0390244
332 0.0389941
333 0.0388638
334 0.0387925
335 0.0386209
336 0.0386787
337 0.0385433
338 0.0384401
339 0.0383631
340 0.0382762
341 0.038096
342 0.0380046
343 0.037911
344 0.0378319
345 0.0378096
346 0.0376739
347 0.0376505
348 0.0374036
349 0.0373421
350 0.0374086
351 0.0371209
352 0.0369806
353 0.0369156
354 0.0369088
355 0.0368044
356 0.0368007
357 0.0366203
358 0.0366069
359 0.0365433
360 0.0363836
361 0.0362291
362 0.0361946
363 0.0360764
364 0.0361118
365 0.0359907
366 0.035818
367 0.0357109
368 0.0357944
369 0.0356142
370 0.0355278
371 0.0354236
372 0.035281
373 0.0352819
374 0.0351775
375 0.0350882
376 0.0348291
377 0.0350298
378 0.0348967
379 0.0347794
380 0.0345753
381 0.0346431
382 0.0345154
383 0.0344657
384 0.0343445
385 0.0343918
386 0.034179
387 0.0341524
388 0.0340315
389 0.0341452
390 0.0339503
391 0.0337916
392 0.0338302
393 0.0336761
394 0.0335467
395 0.0336171
396 0.0334571
397 0.0333473
398 0.0333792
399 0.0331863
400 0.0333269
