1 1.36249
2 0.883469
3 0.677301
4 0.576465
5 0.515296
6 0.471571
7 0.435557
8 0.404168
9 0.376736
10 0.35156
11 0.329322
12 0.307452
13 0.286701
14 0.267459
15 0.249747
16 0.233696
17 0.219469
18 0.206597
19 0.195388
20 0.185306
21 0.17653
22 0.168876
23 0.162167
24 0.155996
25 0.150464
26 0.145317
27 0.140556
28 0.136005
29 0.131894
30 0.128067
31 0.124378
32 0.120702
33 0.117321
34 0.114045
35 0.110867
36 0.107918
37 0.10512
38 0.102523
39 0.0999815
40 0.0974979
41 0.0952032
42 0.0929419
43 0.0907563
44 0.0886244
45 0.08672
46 0.0848385
47 0.0831093
48 0.0813024
49 0.0796524
50 0.0781142
51 0.0766408
52 0.0752305
53 0.0737652
54 0.0723472
55 0.0710914
56 0.0697606
57 0.068581
58 0.0674257
59 0.0662549
60 0.0651983
61 0.0641458
62 0.0630865
63 0.0620975
64 0.0611252
65 0.0600772
66 0.0591485
67 0.0582951
68 0.0574627
69 0.0566747
70 0.0558366
71 0.0550461
72 0.0542975
73 0.0535806
74 0.0528869
75 0.0520907
76 0.0514222
77 0.0507204
78 0.050102
79 0.0495105
80 0.0489381
81 0.0483489
82 0.0477416
83 0.0471767
84 0.0465749
85 0.0460047
86 0.0454025
87 0.0448563
88 0.0443105
89 0.0438486
90 0.0433438
91 0.0428392
92 0.0423709
93 0.0419355
94 0.0414694
95 0.0409921
96 0.0405771
97 0.0401812
98 0.039721
99 0.0393592
100 0.0389193
101 0.0385215
102 0.0381635
103 0.037799
104 0.0373951
105 0.0370248
106 0.0366442
107 0.0362994
108 0.0359733
109 0.0356274
110 0.0352875
111 0.0349493
112 0.0345936
113 0.0342272
114 0.0339114
115 0.0336278
116 0.0333159
117 0.0330563
118 0.0327534
119 0.0324474
120 0.0321795
121 0.031881
122 0.0315915
123 0.0313176
124 0.0310799
125 0.0308124
126 0.0305908
127 0.0303137
128 0.0300686
129 0.0298208
130 0.0295794
131 0.0293469
132 0.0291303
133 0.0289307
134 0.0286847
135 0.0284505
136 0.0282067
137 0.0280038
138 0.0277871
139 0.02758
140 0.0273784
141 0.0271395
142 0.0269529
143 0.0267745
144 0.0265601
145 0.0263867
146 0.0261753
147 0.0260077
148 0.0257892
149 0.0256001
150 0.0254387
151 0.025235
152 0.025066
153 0.0248793
154 0.0247233
155 0.0245542
156 0.024389
157 0.0242289
158 0.0240817
159 0.0239144
160 0.0237502
161 0.023575
162 0.0234327
163 0.0232689
164 0.0230956
165 0.0229607
166 0.0228221
167 0.0226766
168 0.0225288
169 0.0223855
170 0.0222585
171 0.0221057
172 0.0219698
173 0.0218432
174 0.0216808
175 0.0215419
176 0.0214194
177 0.0212832
178 0.0211614
179 0.0210412
180 0.0209143
181 0.0207904
182 0.0206652
183 0.0205543
184 0.0204247
185 0.0202889
186 0.0201705
187 0.0200615
188 0.0199148
189 0.0198055
190 0.0197001
191 0.0196035
192 0.0195001
193 0.019378
194 0.0192711
195 0.0191645
196 0.0190604
197 0.0189327
198 0.0188332
199 0.0187377
200 0.0186313
201 0.0185256
202 0.01843
203 0.0183307
204 0.0182313
205 0.0181263
206 0.0180319
207 0.0179272
208 0.0178297
209 0.0177484
210 0.0176546
211 0.0175542
212 0.0174687
213 0.0173883
214 0.0172978
215 0.0172253
216 0.0171446
217 0.0170724
218 0.016957
219 0.0168633
220 0.0167931
221 0.0167097
222 0.0166153
223 0.0165361
224 0.0164599
225 0.0163869
226 0.0163107
227 0.0162435
228 0.0161854
229 0.0161171
230 0.0160413
231 0.0159526
232 0.0158751
233 0.015804
234 0.0157311
235 0.015658
236 0.0155736
237 0.0155098
238 0.015455
239 0.0153702
240 0.0152915
241 0.0152259
242 0.0151441
243 0.0150771
244 0.0150263
245 0.0149486
246 0.0148771
247 0.0148242
248 0.0147533
249 0.0147108
250 0.0146502
251 0.0145815
252 0.0145214
253 0.0144603
254 0.0144013
255 0.0143206
256 0.0142658
257 0.0142177
258 0.0141647
259 0.0140954
260 0.0140343
261 0.0139729
262 0.0139152
263 0.0138613
264 0.0137898
265 0.0137454
266 0.0136974
267 0.0136311
268 0.0135805
269 0.0135162
270 0.0134667
271 0.0134207
272 0.0133469
273 0.0132962
274 0.0132427
275 0.013193
276 0.0131663
277 0.0130969
278 0.0130367
279 0.01298
280 0.0129448
281 0.0128853
282 0.0128376
283 0.0127943
284 0.0127348
285 0.0126919
286 0.0126352
287 0.0125696
288 0.0125271
289 0.0124735
290 0.01243
291 0.0123923
292 0.0123452
293 0.0122921
294 0.0122566
295 0.0122141
296 0.0121774
297 0.0121359
298 0.0120822
299 0.0120304
300 0.0119947
301 0.0119393
302 0.0118879
303 0.0118533
304 0.0118128
305 0.0117577
306 0.0117233
307 0.0116708
308 0.0116336
309 0.0115942
310 0.0115581
311 0.0115126
312 0.0114729
313 0.0114275
314 0.0113928
315 0.0113549
316 0.0113275
317 0.0113026
318 0.0112458
319 0.0112089
320 0.0111776
321 0.0111522
322 0.0111047
323 0.0110513
324 0.0110211
325 0.0109879
326 0.010966
327 0.0109384
328 0.0109007
329 0.0108612
330 0.0108221
331 0.0107899
332 0.0107547
333 0.0107141
334 0.0106745
335 0.0106457
336 0.0106244
337 0.0105795
338 0.0105519
339 0.0105082
340 0.0104777
341 0.0104432
342 0.0104164
343 0.0103802
344 0.0103559
345 0.0103277
346 0.0102867
347 0.0102578
348 0.0102181
349 0.0101917
350 0.0101553
351 0.0101217
352 0.0100973
353 0.0100626
354 0.0100318
355 0.00999254
356 0.00996717
357 0.00993573
358 0.00990075
359 0.00986332
360 0.00982406
361 0.00979084
362 0.00976351
363 0.00974584
364 0.00970891
365 0.0096812
366 0.00964705
367 0.00962001
368 0.00958338
369 0.00955996
370 0.00954455
371 0.0095112
372 0.00949057
373 0.00945877
374 0.00942844
375 0.0093922
376 0.00936349
377 0.00934139
378 0.00931717
379 0.00928965
380 0.00927105
381 0.00923757
382 0.00920638
383 0.00917977
384 0.00916109
385 0.0091367
386 0.00910359
387 0.00908011
388 0.00905781
389 0.00903488
390 0.00899968
391 0.00897061
392 0.00895317
393 0.00892835
394 0.00890668
395 0.00887302
396 0.00886175
397 0.00882633
398 0.00880283
399 0.00878953
400 0.00876805
