1 0.0890141
2 0.100744
3 0.106626
4 0.109695
5 0.11147
6 0.112492
7 0.112917
8 0.11334
9 0.113422
10 0.113407
11 0.113479
12 0.113517
13 0.113498
14 0.11349
15 0.113424
16 0.145181
17 0.154583
18 0.15666
19 0.166465
20 0.164289
21 0.173219
22 0.191713
23 0.197899
24 0.201615
25 0.209562
26 0.210545
27 0.216196
28 0.230769
29 0.235698
30 0.240172
31 0.247028
32 0.249083
33 0.252857
34 0.264597
35 0.2686
36 0.273195
37 0.279693
38 0.282171
39 0.284847
40 0.293205
41 0.296478
42 0.301125
43 0.306525
44 0.309276
45 0.311624
46 0.318605
47 0.321553
48 0.326664
49 0.33178
50 0.334225
51 0.336186
52 0.341883
53 0.344604
54 0.349447
55 0.353764
56 0.356844
57 0.359055
58 0.364262
59 0.367734
60 0.372282
61 0.376324
62 0.379734
63 0.382295
64 0.387097
65 0.390809
66 0.395344
67 0.399397
68 0.402813
69 0.405883
70 0.410639
71 0.414512
72 0.418656
73 0.422626
74 0.426234
75 0.429395
76 0.433364
77 0.436908
78 0.440403
79 0.4436
80 0.446586
81 0.449397
82 0.453081
83 0.455717
84 0.458968
85 0.461798
86 0.464606
87 0.467196
88 0.469864
89 0.472296
90 0.475035
91 0.477012
92 0.479524
93 0.481882
94 0.483745
95 0.485887
96 0.48792
97 0.489586
98 0.491369
99 0.493261
100 0.495124
101 0.496804
102 0.498499
103 0.500161
104 0.501797
105 0.503217
106 0.504848
107 0.506139
108 0.507797
109 0.509164
110 0.510442
111 0.511561
112 0.512901
113 0.514129
114 0.515323
115 0.516399
116 0.517395
117 0.518496
118 0.519665
119 0.520821
120 0.521835
121 0.52288
122 0.523838
123 0.52476
124 0.525732
125 0.526705
126 0.527765
127 0.528733
128 0.529636
129 0.530503
130 0.531375
131 0.532357
132 0.53312
133 0.534138
134 0.535025
135 0.535906
136 0.536734
137 0.537693
138 0.538598
139 0.53962
140 0.540603
141 0.541552
142 0.542606
143 0.543567
144 0.544571
145 0.545563
146 0.546573
147 0.54783
148 0.548693
149 0.549843
150 0.551014
151 0.552126
152 0.553217
153 0.554454
154 0.555557
155 0.556848
156 0.558235
157 0.559499
158 0.560625
159 0.561688
160 0.563161
161 0.56448
162 0.565771
163 0.56702
164 0.568326
165 0.569754
166 0.570879
167 0.572103
168 0.573474
169 0.574603
170 0.575967
171 0.577236
172 0.578614
173 0.579912
174 0.581266
175 0.582514
176 0.58387
177 0.585209
178 0.586419
179 0.587803
180 0.58906
181 0.590408
182 0.591642
183 0.592921
184 0.594189
185 0.5956
186 0.596794
187 0.598206
188 0.599598
189 0.600821
190 0.60195
191 0.603246
192 0.604558
193 0.605928
194 0.607119
195 0.608271
196 0.609509
197 0.610749
198 0.611997
199 0.613239
200 0.614483
201 0.615625
202 0.616646
203 0.617638
204 0.618848
205 0.62017
206 0.621247
207 0.622466
208 0.623487
209 0.624458
210 0.625609
211 0.626944
212 0.627869
213 0.629152
214 0.630242
215 0.631185
216 0.63228
217 0.633549
218 0.634411
219 0.635621
220 0.63659
221 0.637603
222 0.638735
223 0.639534
224 0.640524
225 0.641572
226 0.642653
227 0.643475
228 0.644381
229 0.645379
230 0.64628
231 0.647204
232 0.64824
233 0.649378
234 0.650208
235 0.650992
236 0.651877
237 0.652675
238 0.653567
239 0.654434
240 0.655429
241 0.656308
242 0.657229
243 0.658099
244 0.658871
245 0.659755
246 0.660463
247 0.661542
248 0.66245
249 0.663305
250 0.663996
251 0.664854
252 0.66557
253 0.666297
254 0.667142
255 0.668036
256 0.668768
257 0.66951
258 0.67025
259 0.671063
260 0.671888
261 0.672641
262 0.673542
263 0.674271
264 0.675049
265 0.675678
266 0.67642
267 0.67713
268 0.677843
269 0.678559
270 0.679263
271 0.679998
272 0.680849
273 0.681452
274 0.682211
275 0.682785
276 0.683422
277 0.68431
278 0.684842
279 0.685518
280 0.686038
281 0.686948
282 0.687512
283 0.688104
284 0.688808
285 0.689608
286 0.690406
287 0.691181
288 0.691673
289 0.692256
290 0.692883
291 0.693562
292 0.694255
293 0.69493
294 0.695457
295 0.696013
296 0.696667
297 0.697311
298 0.697946
299 0.698591
300 0.699239
301 0.699557
302 0.700191
303 0.700862
304 0.701555
305 0.702119
306 0.702774
307 0.70341
308 0.704153
309 0.70478
310 0.705446
311 0.70595
312 0.706604
313 0.707089
314 0.707589
315 0.70804
316 0.708687
317 0.709379
318 0.710038
319 0.710344
320 0.710863
321 0.711385
322 0.712103
323 0.71249
324 0.713098
325 0.713626
326 0.714275
327 0.714737
328 0.715259
329 0.715697
330 0.716249
331 0.716778
332 0.717418
333 0.717781
334 0.718187
335 0.718803
336 0.719496
337 0.719844
338 0.720391
339 0.720955
340 0.72152
341 0.721843
342 0.722401
343 0.72301
344 0.72358
345 0.724161
346 0.724599
347 0.725037
348 0.725486
349 0.726039
350 0.72657
351 0.727253
352 0.727648
353 0.728174
354 0.728595
355 0.729043
356 0.729443
357 0.729999
358 0.730487
359 0.731031
360 0.731399
361 0.73175
362 0.732331
363 0.732748
364 0.733255
365 0.733686
366 0.734257
367 0.73474
368 0.735135
369 0.735602
370 0.736054
371 0.736377
372 0.736765
373 0.737218
374 0.737664
375 0.738012
376 0.738519
377 0.738944
378 0.739467
379 0.739811
380 0.740279
381 0.740644
382 0.741
383 0.741351
384 0.741747
385 0.742162
386 0.742551
387 0.742818
388 0.743104
389 0.743774
390 0.744036
391 0.744473
392 0.744953
393 0.745322
394 0.745588
395 0.745924
396 0.74646
397 0.746707
398 0.74715
399 0.747598
400 0.747937
