1 0.499067
2 0.498942
3 0.499532
4 0.499809
5 0.499744
6 0.499872
7 0.499976
8 0.499962
9 0.500059
10 0.500107
11 0.500026
12 0.500047
13 0.500042
14 0.500027
15 0.500012
16 0.504535
17 0.508449
18 0.511951
19 0.5151
20 0.517957
21 0.52053
22 0.522855
23 0.524947
24 0.526923
25 0.528697
26 0.530358
27 0.531866
28 0.533293
29 0.534573
30 0.535779
31 0.536959
32 0.538027
33 0.5391
34 0.540002
35 0.540995
36 0.541889
37 0.542758
38 0.543576
39 0.544358
40 0.545133
41 0.545869
42 0.54669
43 0.547394
44 0.548122
45 0.54881
46 0.549623
47 0.550365
48 0.551159
49 0.551941
50 0.552701
51 0.553467
52 0.554418
53 0.555301
54 0.556264
55 0.557262
56 0.558204
57 0.559076
58 0.560289
59 0.561399
60 0.562566
61 0.563749
62 0.564929
63 0.566005
64 0.567284
65 0.568551
66 0.569896
67 0.571118
68 0.572371
69 0.57357
70 0.57493
71 0.576176
72 0.577466
73 0.57884
74 0.579954
75 0.581104
76 0.582288
77 0.583471
78 0.584602
79 0.58566
80 0.58671
81 0.587682
82 0.588637
83 0.589649
84 0.590546
85 0.591298
86 0.592236
87 0.592983
88 0.593715
89 0.594401
90 0.595084
91 0.595648
92 0.59623
93 0.596797
94 0.597202
95 0.597631
96 0.597998
97 0.598349
98 0.59863
99 0.598923
100 0.599154
101 0.599339
102 0.59936
103 0.599551
104 0.599671
105 0.599707
106 0.599737
107 0.599728
108 0.599702
109 0.599651
110 0.599563
111 0.599442
112 0.599311
113 0.599151
114 0.598963
115 0.598735
116 0.598507
117 0.598235
118 0.597941
119 0.597692
120 0.597368
121 0.597043
122 0.596711
123 0.596316
124 0.595936
125 0.595526
126 0.595108
127 0.594633
128 0.594142
129 0.59359
130 0.593075
131 0.592518
132 0.591998
133 0.591492
134 0.590974
135 0.590482
136 0.590004
137 0.589541
138 0.589075
139 0.588634
140 0.588207
141 0.587787
142 0.587397
143 0.587017
144 0.586656
145 0.586314
146 0.585982
147 0.585678
148 0.58539
149 0.585128
150 0.584885
151 0.584669
152 0.584477
153 0.584307
154 0.584162
155 0.58404
156 0.583947
157 0.583868
158 0.583803
159 0.583772
160 0.583769
161 0.583779
162 0.583805
163 0.583879
164 0.583925
165 0.584042
166 0.58418
167 0.584311
168 0.58448
169 0.584694
170 0.584751
171 0.58496
172 0.585396
173 0.585621
174 0.585889
175 0.586182
176 0.586511
177 0.586844
178 0.587235
179 0.587544
180 0.587945
181 0.588337
182 0.588759
183 0.589178
184 0.589583
185 0.590034
186 0.590531
187 0.590922
188 0.591394
189 0.591862
190 0.592372
191 0.592858
192 0.593349
193 0.59386
194 0.594377
195 0.594869
196 0.595404
197 0.595888
198 0.596443
199 0.596957
200 0.597503
201 0.598039
202 0.59858
203 0.599109
204 0.599664
205 0.600139
206 0.600751
207 0.601273
208 0.60182
209 0.602365
210 0.602928
211 0.603434
212 0.603984
213 0.604526
214 0.60506
215 0.60561
216 0.606147
217 0.606681
218 0.607232
219 0.607795
220 0.608296
221 0.608822
222 0.609348
223 0.609882
224 0.610394
225 0.610924
226 0.61143
227 0.61195
228 0.612463
229 0.612966
230 0.613483
231 0.613994
232 0.614501
233 0.614985
234 0.615523
235 0.615989
236 0.616482
237 0.616961
238 0.617459
239 0.617916
240 0.618419
241 0.618918
242 0.619368
243 0.619846
244 0.620312
245 0.620771
246 0.621238
247 0.621694
248 0.622155
249 0.622622
250 0.623051
251 0.6235
252 0.623971
253 0.624418
254 0.624875
255 0.625121
256 0.625727
257 0.626328
258 0.626582
259 0.627011
260 0.627439
261 0.627884
262 0.628286
263 0.628707
264 0.629133
265 0.629545
266 0.62995
267 0.630357
268 0.630779
269 0.63119
270 0.631591
271 0.632008
272 0.632388
273 0.63276
274 0.633179
275 0.633582
276 0.633957
277 0.634342
278 0.634743
279 0.635104
280 0.635494
281 0.635879
282 0.636251
283 0.636636
284 0.637006
285 0.637381
286 0.637743
287 0.63811
288 0.638479
289 0.63884
290 0.639202
291 0.639563
292 0.639914
293 0.640299
294 0.64064
295 0.640987
296 0.641345
297 0.641706
298 0.642039
299 0.642388
300 0.642737
301 0.643073
302 0.64343
303 0.643768
304 0.644103
305 0.644435
306 0.64478
307 0.645173
308 0.645429
309 0.645777
310 0.6461
311 0.646426
312 0.646758
313 0.647099
314 0.647405
315 0.647704
316 0.648047
317 0.648352
318 0.648689
319 0.648994
320 0.649317
321 0.649624
322 0.649948
323 0.65025
324 0.650562
325 0.650874
326 0.651204
327 0.651487
328 0.651783
329 0.652072
330 0.652394
331 0.652688
332 0.652979
333 0.653269
334 0.653583
335 0.653867
336 0.654158
337 0.65445
338 0.654741
339 0.655022
340 0.655311
341 0.655622
342 0.655886
343 0.656171
344 0.656451
345 0.65673
346 0.657025
347 0.657287
348 0.657574
349 0.657838
350 0.65812
351 0.658395
352 0.658672
353 0.658943
354 0.659211
355 0.659489
356 0.659748
357 0.660027
358 0.660301
359 0.660559
360 0.660823
361 0.661077
362 0.661348
363 0.661609
364 0.661862
365 0.662128
366 0.662419
367 0.662645
368 0.662896
369 0.663148
370 0.663401
371 0.663659
372 0.663894
373 0.664157
374 0.664416
375 0.664668
376 0.664913
377 0.665159
378 0.665402
379 0.665653
380 0.665894
381 0.666127
382 0.666388
383 0.666634
384 0.666859
385 0.667076
386 0.667336
387 0.667575
388 0.667802
389 0.668042
390 0.668294
391 0.668513
392 0.668746
393 0.668979
394 0.669212
395 0.669431
396 0.66967
397 0.669902
398 0.670099
399 0.670351
400 0.670575
