1 0.314304
2 0.314111
3 0.313883
4 0.313366
5 0.313637
6 0.313651
7 0.314045
8 0.313458
9 0.313657
10 0.313968
11 0.314172
12 0.313671
13 0.313919
14 0.314165
15 0.313798
16 0.242303
17 0.242328
18 0.242284
19 0.242226
20 0.242252
21 0.242264
22 0.242259
23 0.242082
24 0.242129
25 0.242179
26 0.24217
27 0.242188
28 0.242313
29 0.24232
30 0.242325
31 0.242209
32 0.242016
33 0.241915
34 0.241325
35 0.240943
36 0.240539
37 0.240242
38 0.239877
39 0.239569
40 0.238209
41 0.23758
42 0.236577
43 0.235568
44 0.23484
45 0.234019
46 0.229265
47 0.227862
48 0.225493
49 0.223768
50 0.222365
51 0.221206
52 0.213441
53 0.211101
54 0.207193
55 0.204424
56 0.202867
57 0.201356
58 0.19003
59 0.187505
60 0.183455
61 0.180557
62 0.178803
63 0.177325
64 0.166223
65 0.163836
66 0.160114
67 0.158166
68 0.158302
69 0.157798
70 0.148666
71 0.147744
72 0.145692
73 0.145005
74 0.145789
75 0.146144
76 0.141515
77 0.142034
78 0.142498
79 0.14282
80 0.144911
81 0.146161
82 0.14544
83 0.146394
84 0.147818
85 0.149385
86 0.151957
87 0.155584
88 0.156397
89 0.158546
90 0.160961
91 0.163601
92 0.166159
93 0.168539
94 0.174333
95 0.17684
96 0.179726
97 0.182591
98 0.185462
99 0.188632
100 0.192246
101 0.197309
102 0.20012
103 0.202672
104 0.205432
105 0.207814
106 0.212361
107 0.215119
108 0.217901
109 0.220292
110 0.222676
111 0.226714
112 0.22966
113 0.23358
114 0.235876
115 0.239786
116 0.241964
117 0.244758
118 0.248169
119 0.25012
120 0.253675
121 0.256017
122 0.259937
123 0.262008
124 0.265557
125 0.26956
126 0.273064
127 0.277149
128 0.281736
129 0.289306
130 0.289837
131 0.290172
132 0.290373
133 0.290604
134 0.290278
135 0.289514
136 0.289207
137 0.288583
138 0.287636
139 0.286487
140 0.28524
141 0.283861
142 0.282316
143 0.280758
144 0.279161
145 0.277118
146 0.274947
147 0.272457
148 0.269818
149 0.267325
150 0.264727
151 0.261676
152 0.258273
153 0.255026
154 0.251938
155 0.248749
156 0.245057
157 0.241774
158 0.238502
159 0.234812
160 0.231076
161 0.227549
162 0.224913
163 0.221252
164 0.21765
165 0.213576
166 0.209616
167 0.205613
168 0.201518
169 0.197472
170 0.193801
171 0.189911
172 0.186387
173 0.182644
174 0.17918
175 0.175278
176 0.172044
177 0.168331
178 0.164842
179 0.161458
180 0.158146
181 0.155042
182 0.151746
183 0.148759
184 0.145819
185 0.142985
186 0.140346
187 0.137623
188 0.135313
189 0.132753
190 0.13018
191 0.127795
192 0.125491
193 0.12326
194 0.121222
195 0.119214
196 0.117339
197 0.115922
198 0.114088
199 0.112208
200 0.11054
201 0.108863
202 0.107421
203 0.105837
204 0.104411
205 0.103216
206 0.102079
207 0.1011
208 0.0999853
209 0.0987038
210 0.0975266
211 0.0963364
212 0.0952602
213 0.0946959
214 0.093857
215 0.0928463
216 0.0919425
217 0.0909945
218 0.0903292
219 0.0896482
220 0.0890459
221 0.0884689
222 0.0878989
223 0.0872922
224 0.0868758
225 0.0861601
226 0.0855907
227 0.08516
228 0.0847041
229 0.0843092
230 0.0839376
231 0.0835113
232 0.0830488
233 0.0828191
234 0.0825439
235 0.0822788
236 0.0819099
237 0.0815122
238 0.0811089
239 0.0808517
240 0.0807756
241 0.0803721
242 0.0800441
243 0.0800476
244 0.0798675
245 0.0795928
246 0.0792089
247 0.0789819
248 0.0786711
249 0.0784125
250 0.0781033
251 0.0777195
252 0.0774149
253 0.0771307
254 0.0768463
255 0.076586
256 0.076352
257 0.0762556
258 0.0760161
259 0.075881
260 0.0759239
261 0.0759709
262 0.0757328
263 0.075454
264 0.074976
265 0.0748092
266 0.0746292
267 0.0743367
268 0.0740162
269 0.0737828
270 0.0737792
271 0.0736143
272 0.0734843
273 0.0731915
274 0.0730378
275 0.0728185
276 0.0727741
277 0.072644
278 0.0723509
279 0.0722051
280 0.0720149
281 0.0717855
282 0.0715686
283 0.0712474
284 0.0710259
285 0.0708257
286 0.0705785
287 0.0704513
288 0.0702285
289 0.070046
290 0.0697896
291 0.0694609
292 0.0693688
293 0.0690906
294 0.0688325
295 0.0686659
296 0.0686663
297 0.0683648
298 0.0682034
299 0.0679591
300 0.0678366
301 0.0676154
302 0.0673696
303 0.067102
304 0.0669595
305 0.0667494
306 0.0666081
307 0.0664061
308 0.0660198
309 0.0659165
310 0.0657647
311 0.0656151
312 0.0653368
313 0.0651916
314 0.0650571
315 0.0649781
316 0.0647403
317 0.0645948
318 0.0644242
319 0.0642453
320 0.064097
321 0.0639748
322 0.0638166
323 0.0638166
324 0.0635558
325 0.0634718
326 0.0633158
327 0.0632159
328 0.0631035
329 0.0628537
330 0.0627877
331 0.0626173
332 0.0625119
333 0.0623538
334 0.062184
335 0.0619701
336 0.061782
337 0.0616435
338 0.0615093
339 0.0613191
340 0.0611547
341 0.0609976
342 0.0608168
343 0.0605789
344 0.0604993
345 0.0603016
346 0.0601918
347 0.0600462
348 0.0599565
349 0.0597235
350 0.0594414
351 0.0592189
352 0.0591535
353 0.0589493
354 0.0588898
355 0.0587001
356 0.0585348
357 0.0583965
358 0.0583192
359 0.0581632
360 0.0579845
361 0.0577493
362 0.0576364
363 0.0575875
364 0.0573703
365 0.0572647
366 0.0570486
367 0.0570902
368 0.0569326
369 0.0568766
370 0.0565472
371 0.056421
372 0.0564063
373 0.0562628
374 0.0559991
375 0.0558965
376 0.0558328
377 0.055762
378 0.0556104
379 0.0555857
380 0.0553633
381 0.0552622
382 0.0551358
383 0.0550371
384 0.0550132
385 0.0548467
386 0.0546798
387 0.0545753
388 0.0544336
389 0.0544073
390 0.0543362
391 0.0542279
392 0.0540975
393 0.0541008
394 0.0539472
395 0.0538157
396 0.053622
397 0.05357
398 0.0535235
399 0.0534224
400 0.0532121
