1 0.072645
2 0.12246
3 0.0572003
4 0.0897249
5 0.0477655
6 0.0717057
7 0.0412247
8 0.0600667
9 0.0364734
10 0.0518193
11 0.0326683
12 0.0387817
13 0.0297788
14 0.0342717
15 0.0284055
16 0.0292865
17 0.0257315
18 0.0272915
19 0.0241654
20 0.0249001
21 0.0237528
22 0.023366
23 0.0223033
24 0.0227737
25 0.0204527
26 0.0207263
27 0.0203551
28 0.0199744
29 0.0184738
30 0.0191819
31 0.0175549
32 0.0178532
33 0.0173983
34 0.0168973
35 0.0159915
36 0.0164126
37 0.0154385
38 0.0155499
39 0.0149363
40 0.014832
41 0.0140653
42 0.014338
43 0.0137341
44 0.0137613
45 0.0132249
46 0.0130775
47 0.0125928
48 0.0128549
49 0.0121463
50 0.012185
51 0.0119672
52 0.0118436
53 0.0115117
54 0.0115104
55 0.0110262
56 0.011071
57 0.0108045
58 0.0108125
59 0.0103637
60 0.0105093
61 0.0100865
62 0.0100746
63 0.00995868
64 0.0098421
65 0.00966336
66 0.00964125
67 0.00934082
68 0.00944369
69 0.00922575
70 0.00914579
71 0.0089198
72 0.00902365
73 0.00877312
74 0.0087022
75 0.0085453
76 0.00854037
77 0.00832724
78 0.00838895
79 0.00818411
80 0.00812153
81 0.00797283
82 0.00792505
83 0.00781102
84 0.007795
85 0.0075825
86 0.00761044
87 0.00749148
88 0.00744565
89 0.00727708
90 0.00731711
91 0.00715293
92 0.00716295
93 0.00707992
94 0.00698687
95 0.00686553
96 0.00689399
97 0.00674902
98 0.00676102
99 0.00665316
100 0.00664195
101 0.00652196
102 0.00653151
103 0.00641734
104 0.00639643
105 0.00631099
106 0.0062831
107 0.00620438
108 0.00624168
109 0.00611146
110 0.00609166
111 0.0060117
112 0.00599376
113 0.00591734
114 0.00592211
115 0.00579409
116 0.0057974
117 0.00572971
118 0.00571798
119 0.00563514
120 0.00564953
121 0.00556716
122 0.00553536
123 0.00550195
124 0.00547718
125 0.00540499
126 0.00539154
127 0.00532366
128 0.00534683
129 0.00525715
130 0.00523468
131 0.00519467
132 0.00519348
133 0.00511485
134 0.00507914
135 0.0050483
136 0.00501935
137 0.00496233
138 0.00497859
139 0.00491098
140 0.00490621
141 0.00486041
142 0.00483731
143 0.00478898
144 0.00479346
145 0.00471523
146 0.00469924
147 0.00467074
148 0.00467027
149 0.00461183
150 0.00460621
151 0.00454917
152 0.00454664
153 0.00452296
154 0.00450217
155 0.00445024
156 0.00446323
157 0.00440679
158 0.00440541
159 0.00436298
160 0.00434952
161 0.00430376
162 0.00430458
163 0.00426919
164 0.0042547
165 0.00421406
166 0.00418908
167 0.00415097
168 0.0041744
169 0.00411196
170 0.00411243
171 0.00407954
172 0.00406216
173 0.0040273
174 0.00402003
175 0.00399053
176 0.00397786
177 0.00395886
178 0.00394521
179 0.0038973
180 0.00390302
181 0.00385434
182 0.00385172
183 0.00383891
184 0.00382438
185 0.00378926
186 0.0037995
187 0.00374755
188 0.0037565
189 0.00371259
190 0.00370385
191 0.00367937
192 0.00367499
193 0.00363535
194 0.00362561
195 0.00361283
196 0.00359994
197 0.00358213
198 0.00358362
199 0.00354478
200 0.00353636
201 0.00351103
202 0.00349879
203 0.00348814
204 0.00349057
205 0.00345717
206 0.00344532
207 0.00341932
208 0.00342385
209 0.00339302
210 0.0033947
211 0.00336195
212 0.00335948
213 0.00334287
214 0.00332188
215 0.00330075
216 0.00329852
217 0.00327508
218 0.00327638
219 0.00326103
220 0.0032481
221 0.00322244
222 0.00322547
223 0.00319716
224 0.00318988
225 0.00316903
226 0.0031664
227 0.00314369
228 0.00315579
229 0.00312218
230 0.00311722
231 0.00310471
232 0.00309537
233 0.00307523
234 0.0030638
235 0.00304797
236 0.00303944
237 0.00302267
238 0.00301441
239 0.00300034
240 0.00299389
241 0.00297787
242 0.00297222
243 0.00295167
244 0.00294444
245 0.00292296
246 0.00292064
247 0.00290385
248 0.00290481
249 0.0028867
250 0.00287269
251 0.00285431
252 0.00285689
253 0.00284036
254 0.00283528
255 0.00282523
256 0.00281929
257 0.00280265
258 0.00280814
259 0.0027829
260 0.00277779
261 0.00276804
262 0.00275822
263 0.00274968
264 0.002743
265 0.00272394
266 0.00271828
267 0.00271045
268 0.00270875
269 0.0026917
270 0.00269123
271 0.00267651
272 0.00266852
273 0.00265643
274 0.00265356
275 0.0026347
276 0.00263675
277 0.00261876
278 0.00261662
279 0.0026022
280 0.00259546
281 0.00258562
282 0.00258286
283 0.00256196
284 0.00256478
285 0.00254739
286 0.00254078
287 0.00253248
288 0.00252658
289 0.00251136
290 0.00250735
291 0.00249828
292 0.00249462
293 0.00248058
294 0.0024813
295 0.00246066
296 0.00246354
297 0.00244545
298 0.00244926
299 0.00243391
300 0.00243241
301 0.00241443
302 0.00241333
303 0.0024045
304 0.00239613
305 0.00238738
306 0.00238745
307 0.0023773
308 0.00237349
309 0.00236381
310 0.00235643
311 0.00234587
312 0.00233744
313 0.00232833
314 0.00232465
315 0.00231331
316 0.00230804
317 0.00230108
318 0.00229684
319 0.00228732
320 0.00228426
321 0.00227525
322 0.00226819
323 0.00226066
324 0.00226374
325 0.00224845
326 0.00225143
327 0.00223996
328 0.00223573
329 0.00222442
330 0.00222165
331 0.00221254
332 0.00221009
333 0.00220334
334 0.00219749
335 0.00218688
336 0.00218273
337 0.00217102
338 0.00217495
339 0.00216594
340 0.00215962
341 0.00214735
342 0.00214253
343 0.00213811
344 0.00212736
345 0.00212287
346 0.00211399
347 0.00210511
348 0.00211269
349 0.00209985
350 0.00209811
351 0.0020911
352 0.00208793
353 0.00207868
354 0.00207684
355 0.00206901
356 0.00206494
357 0.00205728
358 0.00205631
359 0.00204423
360 0.00204659
361 0.00203516
362 0.00203458
363 0.00203031
364 0.00202505
365 0.00201385
366 0.00201607
367 0.00200676
368 0.00200416
369 0.00199969
370 0.00199517
371 0.00198838
372 0.00198921
373 0.00198218
374 0.00197958
375 0.00197249
376 0.00196872
377 0.00196096
378 0.00196286
379 0.00195349
380 0.00195017
381 0.00194211
382 0.00193621
383 0.00193295
384 0.00192967
385 0.00192123
386 0.00191511
387 0.00191205
388 0.00190588
389 0.00189928
390 0.00189872
391 0.00189279
392 0.00188956
393 0.00188445
394 0.00188059
395 0.00187155
396 0.00187107
397 0.00185983
398 0.0018585
399 0.00185304
400 0.00185146
