1 0.500439
2 0.50046
3 0.500696
4 0.500426
5 0.500029
6 0.500344
7 0.499892
8 0.498885
9 0.500133
10 0.500015
11 0.500835
12 0.499662
13 0.53527
14 0.543823
15 0.551472
16 0.557561
17 0.560443
18 0.566609
19 0.567441
20 0.571482
21 0.571852
22 0.575008
23 0.576036
24 0.577868
25 0.577205
26 0.578521
27 0.579653
28 0.580931
29 0.57959
30 0.579798
31 0.580789
32 0.580338
33 0.579656
34 0.581266
35 0.58065
36 0.580757
37 0.581455
38 0.58139
39 0.581388
40 0.582407
41 0.583152
42 0.583062
43 0.582293
44 0.582497
45 0.584011
46 0.583425
47 0.583978
48 0.584404
49 0.584626
50 0.585364
51 0.585924
52 0.585947
53 0.586317
54 0.587053
55 0.586878
56 0.586741
57 0.587361
58 0.587764
59 0.590073
60 0.588309
61 0.587735
62 0.588452
63 0.588181
64 0.588554
65 0.589553
66 0.589241
67 0.590341
68 0.59024
69 0.590437
70 0.59026
71 0.590703
72 0.591764
73 0.590589
74 0.59113
75 0.591643
76 0.591127
77 0.591661
78 0.591199
79 0.591621
80 0.592176
81 0.592315
82 0.592253
83 0.592096
84 0.592392
85 0.592778
86 0.593178
87 0.592134
88 0.593217
89 0.593783
90 0.593367
91 0.594248
92 0.593568
93 0.593705
94 0.593518
95 0.59424
96 0.593516
97 0.593805
98 0.594496
99 0.594838
100 0.594694
101 0.594313
102 0.595351
103 0.594933
104 0.595145
105 0.595036
106 0.594586
107 0.595004
108 0.595191
109 0.595144
110 0.596262
111 0.595244
112 0.595991
113 0.596449
114 0.595637
115 0.595295
116 0.596859
117 0.595748
118 0.59701
119 0.596504
120 0.596212
121 0.595869
122 0.595543
123 0.59626
124 0.596479
125 0.596992
126 0.596594
127 0.596642
128 0.59575
129 0.596212
130 0.597106
131 0.596578
132 0.596697
133 0.596659
134 0.597092
135 0.597421
136 0.597193
137 0.596716
138 0.598102
139 0.59775
140 0.597873
141 0.59862
142 0.597512
143 0.597222
144 0.598246
145 0.597795
146 0.597232
147 0.597286
148 0.597983
149 0.597327
150 0.598785
151 0.596972
152 0.598337
153 0.598186
154 0.597225
155 0.598582
156 0.598412
157 0.598573
158 0.598509
159 0.597946
160 0.59916
161 0.598226
162 0.598319
163 0.597846
164 0.598385
165 0.59894
166 0.599649
167 0.599232
168 0.597978
169 0.599877
170 0.598486
171 0.599346
172 0.598904
173 0.598779
174 0.600493
175 0.599475
176 0.598955
177 0.599749
178 0.599619
179 0.598892
180 0.598669
181 0.598952
182 0.59851
183 0.600167
184 0.599537
185 0.600181
186 0.598945
187 0.599738
188 0.59989
189 0.600543
190 0.598549
191 0.599671
192 0.599505
193 0.599837
194 0.599811
195 0.599193
196 0.60027
197 0.600181
198 0.600099
199 0.5995
200 0.600345
201 0.599342
202 0.600099
203 0.599829
204 0.600994
205 0.599623
206 0.600186
207 0.599462
208 0.600345
209 0.600082
210 0.600052
211 0.600943
212 0.599651
213 0.600503
214 0.599948
215 0.600724
216 0.600078
217 0.59988
218 0.600422
219 0.600213
220 0.600216
221 0.600837
222 0.601328
223 0.600843
224 0.60114
225 0.600604
226 0.600689
227 0.601522
228 0.600883
229 0.600378
230 0.600288
231 0.600827
232 0.600364
233 0.601422
234 0.600226
235 0.600438
236 0.600197
237 0.600968
238 0.601077
239 0.601295
240 0.600746
241 0.601042
242 0.600606
243 0.600465
244 0.60046
245 0.600486
246 0.600286
247 0.601786
248 0.600748
249 0.600924
250 0.601448
251 0.601222
252 0.600314
253 0.601102
254 0.601646
255 0.601351
256 0.600717
257 0.600979
258 0.601435
259 0.60116
260 0.600986
261 0.600329
262 0.601702
263 0.601636
264 0.600934
265 0.601984
266 0.600786
267 0.601621
268 0.602244
269 0.601193
270 0.60136
271 0.601768
272 0.601086
273 0.60204
274 0.601102
275 0.601226
276 0.601267
277 0.601695
278 0.60141
279 0.602073
280 0.602268
281 0.601832
282 0.600752
283 0.601381
284 0.60192
285 0.601869
286 0.601642
287 0.602175
288 0.601957
289 0.601043
290 0.60191
291 0.601417
292 0.602098
293 0.601868
294 0.602411
295 0.602114
296 0.602078
297 0.60204
298 0.601941
299 0.601587
300 0.601649
301 0.601305
302 0.602411
303 0.601528
304 0.602735
305 0.601698
306 0.601963
307 0.602549
308 0.601874
309 0.60269
310 0.602497
311 0.602222
312 0.60324
313 0.601883
314 0.602284
315 0.602449
316 0.601694
317 0.601994
318 0.602168
319 0.601815
320 0.603579
321 0.603371
322 0.602826
323 0.602505
324 0.602427
325 0.60148
326 0.602058
327 0.602618
328 0.602658
329 0.60297
330 0.60369
331 0.602804
332 0.602229
333 0.602131
334 0.602353
335 0.60236
336 0.601959
337 0.602489
338 0.60318
339 0.60273
340 0.602972
341 0.603246
342 0.602545
343 0.602941
344 0.602366
345 0.603166
346 0.602182
347 0.602444
348 0.602691
349 0.603198
350 0.602651
351 0.603501
352 0.602471
353 0.603813
354 0.60271
355 0.602984
356 0.60239
357 0.603022
358 0.603539
359 0.603271
360 0.602273
361 0.603333
362 0.603553
363 0.60361
364 0.602553
365 0.602632
366 0.603508
367 0.603654
368 0.602988
369 0.603022
370 0.602106
371 0.602509
372 0.603512
373 0.603996
374 0.603745
375 0.603079
376 0.603252
377 0.60279
378 0.602506
379 0.60382
380 0.603621
381 0.602856
382 0.603154
383 0.602345
384 0.603714
385 0.603562
386 0.603463
387 0.603287
388 0.603742
389 0.602011
390 0.603555
391 0.603377
392 0.603219
393 0.603755
394 0.602936
395 0.603375
396 0.603632
397 0.602444
398 0.603069
399 0.603917
400 0.603531
