1 0.408577
2 0.408577
3 0.408577
4 0.3255
5 0.325615
6 0.308762
7 0.271279
8 0.258867
9 0.250748
10 0.229753
11 0.218119
12 0.210324
13 0.198117
14 0.188328
15 0.181576
16 0.17317
17 0.165273
18 0.157995
19 0.151954
20 0.145912
21 0.140044
22 0.134621
23 0.130001
24 0.125238
25 0.121036
26 0.116952
27 0.113062
28 0.10903
29 0.105771
30 0.102469
31 0.0990888
32 0.0961626
33 0.0931884
34 0.0905058
35 0.0878947
36 0.0854864
37 0.0830765
38 0.0806869
39 0.0786602
40 0.076782
41 0.0745995
42 0.0728164
43 0.0712627
44 0.0694497
45 0.0679049
46 0.0663634
47 0.0648485
48 0.063585
49 0.0621082
50 0.0606709
51 0.0595365
52 0.0584198
53 0.057266
54 0.0560256
55 0.0550672
56 0.054099
57 0.053031
58 0.0520913
59 0.0511105
60 0.0503054
61 0.0492251
62 0.0485222
63 0.047715
64 0.0469939
65 0.0463023
66 0.0453843
67 0.044766
68 0.0441655
69 0.0434098
70 0.0427423
71 0.0420938
72 0.0415679
73 0.0410019
74 0.0404427
75 0.0398857
76 0.0394186
77 0.0388213
78 0.0383107
79 0.0376988
80 0.0373139
81 0.036856
82 0.0363615
83 0.0360492
84 0.035536
85 0.0351681
86 0.0347976
87 0.0343458
88 0.0339656
89 0.0335755
90 0.0331996
91 0.0328881
92 0.0324764
93 0.0320359
94 0.0318667
95 0.0314405
96 0.0311643
97 0.0309177
98 0.0304921
99 0.0302401
100 0.0299184
101 0.029622
102 0.0294246
103 0.0292299
104 0.0289378
105 0.0286067
106 0.0283062
107 0.0280807
108 0.0278279
109 0.0275951
110 0.0273849
111 0.0270975
112 0.0268829
113 0.0266861
114 0.0264557
115 0.0262044
116 0.0259684
117 0.0257483
118 0.0254937
119 0.0253251
120 0.0252043
121 0.0249221
122 0.0247336
123 0.0244359
124 0.0243133
125 0.0242105
126 0.0239637
127 0.0237887
128 0.0236101
129 0.0233744
130 0.0231776
131 0.0229775
132 0.0229308
133 0.0226332
134 0.0225026
135 0.0222839
136 0.0222298
137 0.0220408
138 0.0218661
139 0.0217097
140 0.0215655
141 0.0213634
142 0.0213585
143 0.021094
144 0.0210111
145 0.0209041
146 0.0207371
147 0.020667
148 0.0203867
149 0.0202702
150 0.0201853
151 0.0200543
152 0.0199416
153 0.0197601
154 0.019687
155 0.0196177
156 0.019416
157 0.0192824
158 0.0192053
159 0.0190758
160 0.0189596
161 0.0189372
162 0.0187254
163 0.0186833
164 0.0185533
165 0.0184565
166 0.0183195
167 0.018249
168 0.0181625
169 0.018047
170 0.017976
171 0.0178356
172 0.0177752
173 0.0175509
174 0.0175776
175 0.0174464
176 0.0173524
177 0.01727
178 0.0171973
179 0.017142
180 0.0170638
181 0.0169432
182 0.0168712
183 0.0167811
184 0.0167247
185 0.0166054
186 0.0165498
187 0.0164496
188 0.0163485
189 0.0162866
190 0.016203
191 0.0161547
192 0.0160665
193 0.0159829
194 0.0158854
195 0.0158046
196 0.0156892
197 0.0156547
198 0.0156335
199 0.0155249
200 0.0154784
201 0.0153746
202 0.0152918
203 0.0153066
204 0.0151592
205 0.0150922
206 0.0150512
207 0.0149664
208 0.0149635
209 0.0148747
210 0.0147828
211 0.0147363
212 0.0146739
213 0.0145254
214 0.0145155
215 0.0145362
216 0.0144471
217 0.0143513
218 0.0143435
219 0.0142745
220 0.014186
221 0.0141282
222 0.0140391
223 0.0140321
224 0.0139762
225 0.0138994
226 0.0138424
227 0.0137507
228 0.0137783
229 0.013657
230 0.0136861
231 0.0135606
232 0.013511
233 0.0135219
234 0.0134293
235 0.0133869
236 0.01328
237 0.0132338
238 0.0132324
239 0.013185
240 0.0131134
241 0.0130685
242 0.0130583
243 0.0129751
244 0.0128688
245 0.012862
246 0.0128477
247 0.0127917
248 0.0126926
249 0.0126681
250 0.0126325
251 0.0125684
252 0.0125337
253 0.0125022
254 0.0124153
255 0.0124233
256 0.0123437
257 0.0122746
258 0.0122354
259 0.0121959
260 0.012177
261 0.0121095
262 0.0120214
263 0.0120547
264 0.0119776
265 0.011947
266 0.0119454
267 0.0118429
268 0.0118134
269 0.0117518
270 0.0117533
271 0.0116679
272 0.0116623
273 0.0115955
274 0.0115846
275 0.011495
276 0.0115188
277 0.0114926
278 0.011431
279 0.0114055
280 0.0113322
281 0.011331
282 0.0112651
283 0.0112011
284 0.0112367
285 0.0111601
286 0.0111702
287 0.0111172
288 0.0111094
289 0.0110388
290 0.0110182
291 0.0109645
292 0.0109652
293 0.0108877
294 0.010863
295 0.0108656
296 0.0108038
297 0.0107945
298 0.0107947
299 0.0107321
300 0.0106285
301 0.0106161
302 0.0105981
303 0.0106042
304 0.0105489
305 0.0105544
306 0.0105487
307 0.0104518
308 0.0104262
309 0.0104011
310 0.010367
311 0.0103605
312 0.0103265
313 0.0103179
314 0.0102766
315 0.0102506
316 0.010217
317 0.0101933
318 0.0101609
319 0.0101264
320 0.0100811
321 0.0100974
322 0.010029
323 0.00998771
324 0.00996403
325 0.00996441
326 0.00992161
327 0.00993375
328 0.0098755
329 0.00985319
330 0.00977941
331 0.00981969
332 0.00974504
333 0.00976195
334 0.00972842
335 0.00966986
336 0.0096558
337 0.00964114
338 0.0096232
339 0.00958849
340 0.00955257
341 0.00955238
342 0.00953222
343 0.00948737
344 0.00951903
345 0.00944699
346 0.00944336
347 0.00935861
348 0.00941129
349 0.00931654
350 0.00933416
351 0.009322
352 0.00928436
353 0.00928671
354 0.00927734
355 0.00921287
356 0.00921284
357 0.00917683
358 0.00919895
359 0.00911723
360 0.00909156
361 0.00909619
362 0.00904935
363 0.00903311
364 0.00902313
365 0.00902621
366 0.00897838
367 0.00897591
368 0.00898197
369 0.00887839
370 0.00888436
371 0.00885001
372 0.00885181
373 0.00881709
374 0.00883596
375 0.00881968
376 0.00876495
377 0.00874671
378 0.00875568
379 0.00873303
380 0.00868856
381 0.00864835
382 0.0086548
383 0.00864141
384 0.00861362
385 0.00858299
386 0.00859972
387 0.00857964
388 0.00855616
389 0.00850588
390 0.0084889
391 0.00848455
392 0.00848647
393 0.00849199
394 0.00842967
395 0.00841655
396 0.00836975
397 0.00837092
398 0.00836623
399 0.00833165
400 0.00832411
