1 0.5
2 0.408164
3 0.372696
4 0.329953
5 0.30865
6 0.29367
7 0.278062
8 0.267536
9 0.259128
10 0.250218
11 0.243278
12 0.236933
13 0.231217
14 0.225975
15 0.22145
16 0.216844
17 0.212917
18 0.209012
19 0.205847
20 0.202933
21 0.199394
22 0.196595
23 0.194512
24 0.191372
25 0.188775
26 0.186843
27 0.185225
28 0.182237
29 0.180681
30 0.178462
31 0.176834
32 0.174336
33 0.173252
34 0.171171
35 0.169824
36 0.168034
37 0.166647
38 0.164827
39 0.163711
40 0.162214
41 0.160654
42 0.15953
43 0.158486
44 0.157328
45 0.156212
46 0.154866
47 0.153996
48 0.152758
49 0.151337
50 0.150547
51 0.149378
52 0.14851
53 0.14801
54 0.146901
55 0.145949
56 0.145066
57 0.145004
58 0.143335
59 0.142517
60 0.142066
61 0.141212
62 0.140607
63 0.139845
64 0.138628
65 0.138805
66 0.137976
67 0.137234
68 0.136681
69 0.135965
70 0.135574
71 0.134736
72 0.134389
73 0.13263
74 0.13328
75 0.132768
76 0.132385
77 0.131779
78 0.131287
79 0.130471
80 0.130172
81 0.130054
82 0.129166
83 0.129144
84 0.128528
85 0.127227
86 0.127553
87 0.127408
88 0.126998
89 0.126997
90 0.126279
91 0.126319
92 0.125654
93 0.125443
94 0.124847
95 0.124099
96 0.123853
97 0.123812
98 0.122946
99 0.123032
100 0.122847
101 0.122193
102 0.121454
103 0.122014
104 0.121308
105 0.121516
106 0.120629
107 0.12015
108 0.120476
109 0.119844
110 0.119869
111 0.119328
112 0.119053
113 0.118846
114 0.118341
115 0.118575
116 0.118103
117 0.118373
118 0.117416
119 0.117257
120 0.117243
121 0.117005
122 0.116953
123 0.116196
124 0.116308
125 0.115895
126 0.115844
127 0.11543
128 0.115586
129 0.115708
130 0.115399
131 0.114962
132 0.114686
133 0.114356
134 0.114269
135 0.114505
136 0.114025
137 0.113597
138 0.113565
139 0.113536
140 0.113348
141 0.113242
142 0.11325
143 0.113087
144 0.112974
145 0.112396
146 0.112936
147 0.112025
148 0.111885
149 0.111925
150 0.111882
151 0.111549
152 0.111616
153 0.111638
154 0.111151
155 0.111274
156 0.110756
157 0.110793
158 0.110485
159 0.11087
160 0.11032
161 0.110467
162 0.110305
163 0.110116
164 0.109795
165 0.109894
166 0.110046
167 0.109838
168 0.109318
169 0.109017
170 0.108128
171 0.110009
172 0.109124
173 0.108753
174 0.108602
175 0.108398
176 0.108406
177 0.108264
178 0.108471
179 0.108161
180 0.108264
181 0.107543
182 0.108067
183 0.107904
184 0.107935
185 0.107336
186 0.107989
187 0.107049
188 0.107462
189 0.107178
190 0.106989
191 0.106956
192 0.106542
193 0.106722
194 0.106774
195 0.107058
196 0.106298
197 0.106491
198 0.106381
199 0.106099
200 0.106246
201 0.105806
202 0.105819
203 0.105698
204 0.105893
205 0.104399
206 0.105415
207 0.105238
208 0.105211
209 0.105312
210 0.10534
211 0.105126
212 0.104983
213 0.104827
214 0.104667
215 0.104778
216 0.105
217 0.104569
218 0.104658
219 0.104369
220 0.104662
221 0.104464
222 0.104221
223 0.104412
224 0.103962
225 0.104324
226 0.104028
227 0.104089
228 0.103754
229 0.103678
230 0.103849
231 0.103465
232 0.103837
233 0.10361
234 0.103528
235 0.103783
236 0.103385
237 0.102999
238 0.1032
239 0.103231
240 0.102996
241 0.102271
242 0.103098
243 0.10281
244 0.102728
245 0.102633
246 0.102424
247 0.102449
248 0.102756
249 0.102658
250 0.102311
251 0.102187
252 0.102221
253 0.101913
254 0.101539
255 0.100655
256 0.10228
257 0.103554
258 0.10281
259 0.102291
260 0.102102
261 0.102126
262 0.101581
263 0.101831
264 0.101687
265 0.101601
266 0.101398
267 0.101757
268 0.101374
269 0.101185
270 0.101481
271 0.101108
272 0.101239
273 0.101918
274 0.10107
275 0.10117
276 0.100899
277 0.10122
278 0.101009
279 0.101
280 0.100927
281 0.100845
282 0.100938
283 0.100697
284 0.100843
285 0.100486
286 0.100785
287 0.100442
288 0.100619
289 0.100286
290 0.100358
291 0.100511
292 0.100593
293 0.10011
294 0.100124
295 0.100359
296 0.100007
297 0.100131
298 0.100156
299 0.0999105
300 0.100087
301 0.0999514
302 0.0997592
303 0.100065
304 0.0998395
305 0.0999224
306 0.100049
307 0.0993892
308 0.0995633
309 0.0996028
310 0.0998446
311 0.0994549
312 0.0992022
313 0.0996976
314 0.0995902
315 0.100012
316 0.0991662
317 0.0993478
318 0.0995714
319 0.0991791
320 0.0989357
321 0.0990408
322 0.0989592
323 0.0995133
324 0.0993043
325 0.0990441
326 0.0989884
327 0.0985999
328 0.0986277
329 0.0986899
330 0.0988607
331 0.0989134
332 0.0990829
333 0.0991319
334 0.0989327
335 0.0988151
336 0.0985718
337 0.0986742
338 0.098488
339 0.0984731
340 0.0985996
341 0.0998398
342 0.0976233
343 0.0981555
344 0.0982677
345 0.0983469
346 0.0981631
347 0.0983544
348 0.0981731
349 0.0979445
350 0.0979536
351 0.0983608
352 0.0979938
353 0.0981312
354 0.0981202
355 0.0978395
356 0.0981105
357 0.0978398
358 0.0978654
359 0.0979028
360 0.097831
361 0.0979868
362 0.0976901
363 0.0976639
364 0.0977554
365 0.0976746
366 0.0979463
367 0.0976047
368 0.0975787
369 0.0975784
370 0.0975915
371 0.0974904
372 0.0976428
373 0.0973534
374 0.0974207
375 0.0971038
376 0.0974357
377 0.0973944
378 0.0974589
379 0.0973237
380 0.0972192
381 0.0975518
382 0.096993
383 0.096838
384 0.0973044
385 0.0975695
386 0.0973169
387 0.0972789
388 0.0970415
389 0.0969881
390 0.097191
391 0.0968817
392 0.0970885
393 0.0967604
394 0.0968546
395 0.0967869
396 0.0968974
397 0.0968592
398 0.0967416
399 0.096589
400 0.0968583
