1 0.458566
2 0.323936
3 0.264616
4 0.23424
5 0.21228
6 0.19538
7 0.183819
8 0.175768
9 0.169186
10 0.164489
11 0.160697
12 0.157108
13 0.154255
14 0.151806
15 0.14964
16 0.147818
17 0.146206
18 0.144723
19 0.143382
20 0.14218
21 0.140968
22 0.140056
23 0.139184
24 0.138403
25 0.137434
26 0.136967
27 0.136411
28 0.135643
29 0.135308
30 0.134736
31 0.134414
32 0.133773
33 0.133582
34 0.132912
35 0.132524
36 0.132275
37 0.131984
38 0.1317
39 0.131314
40 0.131079
41 0.130558
42 0.130456
43 0.130209
44 0.13007
45 0.129777
46 0.129666
47 0.129417
48 0.129243
49 0.129029
50 0.128825
51 0.128692
52 0.128548
53 0.128447
54 0.128395
55 0.128051
56 0.127881
57 0.127845
58 0.127736
59 0.127522
60 0.127451
61 0.127287
62 0.1272
63 0.126942
64 0.126785
65 0.126791
66 0.126782
67 0.126621
68 0.126558
69 0.126459
70 0.126387
71 0.126332
72 0.126192
73 0.125986
74 0.126019
75 0.125922
76 0.125833
77 0.125812
78 0.125734
79 0.125617
80 0.125562
81 0.12554
82 0.125395
83 0.125458
84 0.125281
85 0.125195
86 0.125168
87 0.125177
88 0.125092
89 0.125014
90 0.125017
91 0.124887
92 0.124862
93 0.12506
94 0.1248
95 0.124715
96 0.124699
97 0.12465
98 0.12451
99 0.124557
100 0.12448
101 0.124435
102 0.124394
103 0.124364
104 0.124292
105 0.12423
106 0.124288
107 0.124187
108 0.124226
109 0.124155
110 0.124099
111 0.124057
112 0.124039
113 0.124067
114 0.124083
115 0.12397
116 0.123885
117 0.123855
118 0.123824
119 0.123755
120 0.123802
121 0.123772
122 0.12373
123 0.12368
124 0.123658
125 0.123625
126 0.123589
127 0.12355
128 0.123424
129 0.123509
130 0.123538
131 0.123536
132 0.123504
133 0.123392
134 0.123433
135 0.123422
136 0.123365
137 0.123364
138 0.123302
139 0.123262
140 0.123299
141 0.123284
142 0.12325
143 0.123198
144 0.123204
145 0.123176
146 0.123019
147 0.123079
148 0.123113
149 0.123088
150 0.123064
151 0.123059
152 0.123073
153 0.123036
154 0.123025
155 0.122955
156 0.12295
157 0.122946
158 0.122906
159 0.122957
160 0.122882
161 0.122888
162 0.122879
163 0.122825
164 0.122805
165 0.122794
166 0.122816
167 0.122782
168 0.122751
169 0.122757
170 0.122693
171 0.122852
172 0.122661
173 0.122691
174 0.122678
175 0.122658
176 0.12266
177 0.122635
178 0.122659
179 0.122583
180 0.122609
181 0.122496
182 0.122603
183 0.12254
184 0.122548
185 0.122513
186 0.122511
187 0.122465
188 0.122509
189 0.122432
190 0.122422
191 0.122451
192 0.122418
193 0.122404
194 0.122431
195 0.122375
196 0.122386
197 0.122413
198 0.122393
199 0.122348
200 0.122371
201 0.122359
202 0.122321
203 0.122347
204 0.122314
205 0.122013
206 0.122283
207 0.122277
208 0.122224
209 0.122258
210 0.122271
211 0.122206
212 0.122223
213 0.122264
214 0.122155
215 0.122186
216 0.122212
217 0.122117
218 0.122131
219 0.122154
220 0.122115
221 0.122114
222 0.122125
223 0.122115
224 0.122089
225 0.122094
226 0.122079
227 0.122089
228 0.122047
229 0.122057
230 0.122082
231 0.122036
232 0.122012
233 0.121996
234 0.122045
235 0.121974
236 0.121946
237 0.121943
238 0.121919
239 0.12195
240 0.121957
241 0.122018
242 0.121916
243 0.121954
244 0.121902
245 0.121889
246 0.121864
247 0.121888
248 0.121872
249 0.121887
250 0.12183
251 0.121843
252 0.121803
253 0.121843
254 0.121821
255 0.121817
256 0.121816
257 0.121775
258 0.121775
259 0.121766
260 0.121784
261 0.121819
262 0.121802
263 0.121752
264 0.12176
265 0.121727
266 0.121714
267 0.121765
268 0.121724
269 0.1217
270 0.121766
271 0.121683
272 0.1217
273 0.12167
274 0.121679
275 0.121679
276 0.121675
277 0.121676
278 0.121638
279 0.121663
280 0.121656
281 0.12163
282 0.121671
283 0.121655
284 0.121665
285 0.121583
286 0.121613
287 0.12161
288 0.121619
289 0.121571
290 0.121586
291 0.121613
292 0.121585
293 0.121594
294 0.121522
295 0.121563
296 0.121554
297 0.121561
298 0.121556
299 0.121508
300 0.121529
301 0.121525
302 0.121519
303 0.121518
304 0.121518
305 0.121505
306 0.121506
307 0.121433
308 0.121503
309 0.121496
310 0.121476
311 0.121466
312 0.121449
313 0.121451
314 0.121461
315 0.121377
316 0.121437
317 0.121434
318 0.121475
319 0.121421
320 0.121429
321 0.121447
322 0.121444
323 0.121435
324 0.121444
325 0.12142
326 0.121403
327 0.121417
328 0.121419
329 0.121405
330 0.121403
331 0.121418
332 0.121412
333 0.121392
334 0.121404
335 0.121383
336 0.121372
337 0.121326
338 0.121344
339 0.121361
340 0.121332
341 0.121601
342 0.121483
343 0.121317
344 0.121303
345 0.121342
346 0.121314
347 0.121335
348 0.1213
349 0.121282
350 0.121291
351 0.121307
352 0.121285
353 0.121303
354 0.121253
355 0.121277
356 0.121261
357 0.12124
358 0.121273
359 0.121266
360 0.121282
361 0.121259
362 0.121208
363 0.121246
364 0.121244
365 0.12127
366 0.121232
367 0.121206
368 0.121243
369 0.121202
370 0.121206
371 0.1212
372 0.121215
373 0.121189
374 0.121187
375 0.121188
376 0.121209
377 0.121203
378 0.121162
379 0.121177
380 0.121149
381 0.121156
382 0.121183
383 0.121167
384 0.121116
385 0.12118
386 0.121133
387 0.121169
388 0.12116
389 0.121115
390 0.121169
391 0.121108
392 0.121123
393 0.121123
394 0.121161
395 0.121125
396 0.121143
397 0.121086
398 0.121126
399 0.121053
400 0.121107
