1 0.110084
2 0.110084
3 0.110067
4 0.110096
5 0.110084
6 0.110083
7 0.110098
8 0.110096
9 0.1101
10 0.110108
11 0.110106
12 0.10872
13 0.106891
14 0.105312
15 0.103438
16 0.10155
17 0.0999737
18 0.098177
19 0.096412
20 0.0949197
21 0.0933658
22 0.09181
23 0.0903251
24 0.0889025
25 0.0874722
26 0.0862331
27 0.0849016
28 0.0836015
29 0.0824698
30 0.0813012
31 0.0802523
32 0.0791167
33 0.0780534
34 0.0770688
35 0.0760419
36 0.0750769
37 0.0741777
38 0.0732666
39 0.0724706
40 0.0715805
41 0.0708048
42 0.0699363
43 0.0692301
44 0.0685016
45 0.0678342
46 0.0671053
47 0.0664573
48 0.0657801
49 0.0650749
50 0.0643896
51 0.0638117
52 0.0632756
53 0.0627196
54 0.0620693
55 0.0614882
56 0.0609522
57 0.0605392
58 0.0599876
59 0.0595196
60 0.0589886
61 0.0585152
62 0.0579927
63 0.0576005
64 0.0571075
65 0.0566663
66 0.0562159
67 0.0558343
68 0.0553197
69 0.0549311
70 0.0545629
71 0.0541747
72 0.0537868
73 0.0533086
74 0.0530035
75 0.0526365
76 0.0522304
77 0.0519022
78 0.0515314
79 0.0512502
80 0.0508899
81 0.0505879
82 0.0502702
83 0.0499186
84 0.0495915
85 0.049272
86 0.0489764
87 0.0486836
88 0.0483724
89 0.0480812
90 0.0477962
91 0.0475339
92 0.0472258
93 0.0469636
94 0.046736
95 0.0464167
96 0.0461822
97 0.0460167
98 0.0456328
99 0.0454112
100 0.0452146
101 0.0449032
102 0.0446484
103 0.0444395
104 0.0442153
105 0.0439514
106 0.0437823
107 0.0434818
108 0.0432685
109 0.0430604
110 0.0428596
111 0.0427019
112 0.0424722
113 0.0423124
114 0.0420687
115 0.0418923
116 0.0416838
117 0.0414767
118 0.0412564
119 0.0410134
120 0.0408768
121 0.0407343
122 0.0405026
123 0.0403406
124 0.0401315
125 0.0399435
126 0.039733
127 0.0396046
128 0.0394278
129 0.0393416
130 0.039113
131 0.0389467
132 0.0387821
133 0.0385637
134 0.0384615
135 0.0382332
136 0.0381291
137 0.0379435
138 0.037859
139 0.0376151
140 0.0374845
141 0.0373227
142 0.0371735
143 0.0370562
144 0.0368878
145 0.0367705
146 0.036614
147 0.0364335
148 0.0363662
149 0.036189
150 0.0360295
151 0.0359336
152 0.0358171
153 0.0356935
154 0.0355196
155 0.0353674
156 0.0352858
157 0.0351329
158 0.0350375
159 0.0348882
160 0.0347432
161 0.034568
162 0.0344841
163 0.034353
164 0.0342283
165 0.0341687
166 0.0339945
167 0.0338493
168 0.0337725
169 0.0336204
170 0.0335678
171 0.0334015
172 0.0333734
173 0.0331847
174 0.0331212
175 0.032996
176 0.0328457
177 0.0327736
178 0.0326873
179 0.0325665
180 0.0324564
181 0.032337
182 0.0322405
183 0.0321447
184 0.0319961
185 0.0319159
186 0.0318843
187 0.0317192
188 0.0316665
189 0.0315674
190 0.0314787
191 0.0313465
192 0.0313108
193 0.0311762
194 0.0310854
195 0.0309581
196 0.0308683
197 0.0307762
198 0.0307207
199 0.0306264
200 0.0305554
201 0.0304237
202 0.0303685
203 0.0302308
204 0.0301414
205 0.0301465
206 0.0299783
207 0.0299028
208 0.029828
209 0.0297561
210 0.02966
211 0.0295969
212 0.029489
213 0.0294327
214 0.0293356
215 0.0292142
216 0.0291573
217 0.0291121
218 0.0289801
219 0.0289495
220 0.0288152
221 0.0287885
222 0.0287372
223 0.0286431
224 0.0284977
225 0.0284408
226 0.0283855
227 0.0283371
228 0.0282804
229 0.0281661
230 0.0281224
231 0.028075
232 0.0279714
233 0.0278732
234 0.0277513
235 0.0277346
236 0.0276625
237 0.0276191
238 0.0274832
239 0.0274344
240 0.0274113
241 0.0273047
242 0.0272409
243 0.0272222
244 0.0271121
245 0.027024
246 0.0269652
247 0.0269041
248 0.0268458
249 0.0267844
250 0.0266844
251 0.026663
252 0.0266001
253 0.0265517
254 0.0264629
255 0.0263884
256 0.0263565
257 0.0262615
258 0.026173
259 0.0261681
260 0.0261007
261 0.0260624
262 0.0259932
263 0.0259475
264 0.0258822
265 0.0258022
266 0.0257417
267 0.02572
268 0.0256608
269 0.0255344
270 0.0255591
271 0.0254614
272 0.0254611
273 0.0253712
274 0.0252482
275 0.025285
276 0.0251717
277 0.0251191
278 0.0250739
279 0.0250234
280 0.0249587
281 0.0248755
282 0.0248477
283 0.0247987
284 0.0247426
285 0.0246796
286 0.0246459
287 0.0246052
288 0.0245609
289 0.0244659
290 0.0244337
291 0.0243903
292 0.0242988
293 0.0243031
294 0.0242439
295 0.0241692
296 0.0241217
297 0.0241181
298 0.0240637
299 0.0240116
300 0.0239322
301 0.0238866
302 0.0238371
303 0.0237714
304 0.0237602
305 0.0236857
306 0.0236316
307 0.023598
308 0.0235506
309 0.0235376
310 0.0234706
311 0.0233975
312 0.023346
313 0.0233258
314 0.0232703
315 0.0232254
316 0.0231753
317 0.0231484
318 0.023116
319 0.0230325
320 0.0230286
321 0.0229585
322 0.0229139
323 0.0228447
324 0.0228378
325 0.0227988
326 0.0227171
327 0.0227134
328 0.0226583
329 0.0226111
330 0.0225833
331 0.0225581
332 0.0225116
333 0.0224787
334 0.022408
335 0.0224079
336 0.0223232
337 0.0223021
338 0.0222634
339 0.0221812
340 0.0221402
341 0.0221466
342 0.022094
343 0.0220424
344 0.0220147
345 0.0219822
346 0.0219191
347 0.0218737
348 0.0218631
349 0.0218267
350 0.0217918
351 0.0217429
352 0.0217187
353 0.0216945
354 0.0216253
355 0.0216204
356 0.0215334
357 0.0215213
358 0.0214704
359 0.0214082
360 0.0213851
361 0.021372
362 0.0213626
363 0.0212634
364 0.0212678
365 0.0212041
366 0.0211566
367 0.0211735
368 0.0211163
369 0.0210494
370 0.0210369
371 0.0210324
372 0.020995
373 0.0209447
374 0.0208737
375 0.0208802
376 0.0208577
377 0.0208042
378 0.0207758
379 0.0206953
380 0.0207246
381 0.0206644
382 0.0206251
383 0.0205809
384 0.0205567
385 0.0205314
386 0.0204976
387 0.0204313
388 0.0204737
389 0.0204077
390 0.0203409
391 0.0203308
392 0.0203032
393 0.0202424
394 0.0202072
395 0.0201902
396 0.0201568
397 0.0201512
398 0.0201402
399 0.0200946
400 0.0200562
