1 0.143026
2 0.218528
3 0.103849
4 0.100284
5 0.0898796
6 0.0705304
7 0.0841575
8 0.101755
9 0.108024
10 0.073714
11 0.0697836
12 0.075166
13 0.0624127
14 0.0633891
15 0.0601097
16 0.0596369
17 0.0537032
18 0.0541663
19 0.0509886
20 0.0511418
21 0.0488471
22 0.0482076
23 0.04616
24 0.0452809
25 0.0439122
26 0.0439945
27 0.0423263
28 0.0418233
29 0.0404738
30 0.0400508
31 0.0393742
32 0.0391059
33 0.038018
34 0.0378695
35 0.0366571
36 0.0363939
37 0.0354699
38 0.0352556
39 0.0346979
40 0.034011
41 0.0335043
42 0.0331864
43 0.0324582
44 0.0322586
45 0.0317282
46 0.0315389
47 0.0308907
48 0.0307764
49 0.0300556
50 0.0297142
51 0.0294739
52 0.0292397
53 0.0288111
54 0.0284887
55 0.0279786
56 0.02789
57 0.0275373
58 0.0271972
59 0.0268434
60 0.0266658
61 0.0263414
62 0.0260148
63 0.0258072
64 0.0255398
65 0.0253087
66 0.0251134
67 0.0247976
68 0.0245766
69 0.0242861
70 0.0241143
71 0.0238548
72 0.0237304
73 0.023385
74 0.023232
75 0.022999
76 0.0227794
77 0.0225735
78 0.0224275
79 0.0222004
80 0.0220196
81 0.0218897
82 0.0217461
83 0.0215153
84 0.0213584
85 0.0211292
86 0.0210375
87 0.0208367
88 0.0206969
89 0.0205655
90 0.0203766
91 0.020268
92 0.0200463
93 0.019944
94 0.0198265
95 0.0195796
96 0.0195168
97 0.0194366
98 0.0192
99 0.0190891
100 0.0190195
101 0.0188479
102 0.0187064
103 0.0185593
104 0.0185012
105 0.018352
106 0.0182696
107 0.0180573
108 0.0179714
109 0.0178194
110 0.0177867
111 0.0176916
112 0.0176141
113 0.0174913
114 0.0173544
115 0.0172828
116 0.0171469
117 0.0170598
118 0.0169186
119 0.0168037
120 0.0167876
121 0.0166522
122 0.0165308
123 0.0164777
124 0.0163376
125 0.0163014
126 0.0161154
127 0.0160688
128 0.0160171
129 0.0159546
130 0.015878
131 0.0158128
132 0.0157135
133 0.015564
134 0.0155555
135 0.0153396
136 0.0153949
137 0.0152903
138 0.0152499
139 0.015118
140 0.0149869
141 0.0149255
142 0.0148983
143 0.0148641
144 0.0147752
145 0.0147246
146 0.0146291
147 0.0145133
148 0.0144901
149 0.0144162
150 0.0143149
151 0.0142686
152 0.0142539
153 0.0141969
154 0.014061
155 0.0139756
156 0.0139787
157 0.0139212
158 0.0138641
159 0.013771
160 0.01369
161 0.0136365
162 0.0135806
163 0.0134908
164 0.0134016
165 0.0134333
166 0.0133373
167 0.0132131
168 0.0132446
169 0.0131136
170 0.0131009
171 0.0130595
172 0.0130621
173 0.0129389
174 0.0128919
175 0.0128688
176 0.0128158
177 0.0127364
178 0.0127095
179 0.0126594
180 0.0126341
181 0.0125261
182 0.0125046
183 0.0124407
184 0.0123489
185 0.0123405
186 0.0123749
187 0.0122711
188 0.012231
189 0.0121821
190 0.0121669
191 0.012119
192 0.0120762
193 0.0120441
194 0.0119966
195 0.0119137
196 0.0118701
197 0.011809
198 0.0117826
199 0.0117726
200 0.0117076
201 0.0116571
202 0.0116218
203 0.0115697
204 0.0115449
205 0.0115398
206 0.0114508
207 0.0114197
208 0.0114017
209 0.0113584
210 0.0113467
211 0.011309
212 0.0112239
213 0.0111852
214 0.0111807
215 0.0110716
216 0.0111094
217 0.0110256
218 0.0109935
219 0.0110073
220 0.0109124
221 0.0109258
222 0.0109041
223 0.0108579
224 0.0107831
225 0.0107476
226 0.0107377
227 0.010688
228 0.0107008
229 0.0106485
230 0.0106306
231 0.0105913
232 0.0105571
233 0.0105143
234 0.0104327
235 0.0104319
236 0.0104092
237 0.0103902
238 0.0103088
239 0.0102879
240 0.010316
241 0.0102652
242 0.0102238
243 0.0102125
244 0.01018
245 0.0101043
246 0.0100744
247 0.0100865
248 0.0100435
249 0.0099794
250 0.00993229
251 0.00995404
252 0.00993337
253 0.00991054
254 0.00986859
255 0.0098427
256 0.00984257
257 0.00978263
258 0.00972692
259 0.00973567
260 0.00970767
261 0.00971361
262 0.0096631
263 0.00964398
264 0.00964502
265 0.00955948
266 0.00955162
267 0.00955207
268 0.0095288
269 0.00945639
270 0.0094911
271 0.00943445
272 0.00945649
273 0.00940781
274 0.00929629
275 0.0093612
276 0.00929969
277 0.00926384
278 0.00929099
279 0.00924281
280 0.00922856
281 0.00916009
282 0.00914444
283 0.00913212
284 0.0091301
285 0.00904958
286 0.00908907
287 0.00905185
288 0.00905654
289 0.00900384
290 0.00898224
291 0.00899678
292 0.00889754
293 0.00892298
294 0.00890406
295 0.00887263
296 0.00886185
297 0.00884348
298 0.00883058
299 0.00880305
300 0.00876919
301 0.0087524
302 0.00872115
303 0.00866853
304 0.00871412
305 0.00868454
306 0.00864321
307 0.00862318
308 0.00860458
309 0.00860654
310 0.00858548
311 0.00852691
312 0.00851975
313 0.00847672
314 0.00846088
315 0.00845925
316 0.00843394
317 0.00845885
318 0.00841813
319 0.00836722
320 0.00838236
321 0.00831987
322 0.00832268
323 0.00826657
324 0.00828632
325 0.0082899
326 0.00822242
327 0.00826938
328 0.0082203
329 0.00819376
330 0.00819229
331 0.00817829
332 0.00815659
333 0.00817664
334 0.0081111
335 0.0081316
336 0.00807362
337 0.00809687
338 0.00806723
339 0.00802141
340 0.00798574
341 0.0079894
342 0.00798539
343 0.00795923
344 0.00795452
345 0.00794321
346 0.00788513
347 0.00788358
348 0.00788345
349 0.00789568
350 0.00787899
351 0.00779907
352 0.00785045
353 0.00783769
354 0.0078079
355 0.00779054
356 0.00774981
357 0.00774261
358 0.00770451
359 0.00767558
360 0.00767092
361 0.00766008
362 0.00769916
363 0.00761165
364 0.00763884
365 0.00759666
366 0.00758057
367 0.00760647
368 0.0075696
369 0.0075356
370 0.00754433
371 0.0075487
372 0.00754959
373 0.00751007
374 0.00745675
375 0.00749267
376 0.00746501
377 0.00746096
378 0.00745533
379 0.00739071
380 0.00741784
381 0.00739773
382 0.00735756
383 0.00732318
384 0.00734763
385 0.00731576
386 0.00729796
387 0.00727084
388 0.00735019
389 0.00728083
390 0.00722391
391 0.00724369
392 0.00722349
393 0.00719135
394 0.00715171
395 0.00718324
396 0.00716045
397 0.00718036
398 0.00718223
399 0.00716775
400 0.00711286
