1 0.500061
2 0.499682
3 0.499682
4 0.499682
5 0.4999
6 0.499545
7 0.499545
8 0.50005
9 0.49947
10 0.499904
11 0.50005
12 0.516975
13 0.525474
14 0.525208
15 0.533603
16 0.536119
17 0.537452
18 0.541975
19 0.544756
20 0.545446
21 0.548167
22 0.550256
23 0.552263
24 0.554381
25 0.555547
26 0.556699
27 0.558389
28 0.560233
29 0.561833
30 0.5622
31 0.563954
32 0.56451
33 0.565476
34 0.566797
35 0.567529
36 0.568088
37 0.568928
38 0.570226
39 0.570254
40 0.571258
41 0.572608
42 0.572673
43 0.572745
44 0.573609
45 0.574749
46 0.57573
47 0.574806
48 0.575227
49 0.576685
50 0.577581
51 0.577457
52 0.578014
53 0.577926
54 0.578912
55 0.579185
56 0.578612
57 0.58007
58 0.58116
59 0.580786
60 0.580275
61 0.581511
62 0.58195
63 0.582041
64 0.582016
65 0.582534
66 0.582864
67 0.582793
68 0.582509
69 0.583816
70 0.584213
71 0.584579
72 0.585299
73 0.585113
74 0.584401
75 0.585888
76 0.585903
77 0.586287
78 0.585496
79 0.58642
80 0.586297
81 0.587094
82 0.586682
83 0.5866
84 0.587694
85 0.587597
86 0.587463
87 0.58829
88 0.589212
89 0.588512
90 0.589021
91 0.588902
92 0.588337
93 0.588807
94 0.589356
95 0.58898
96 0.588909
97 0.589345
98 0.590728
99 0.590209
100 0.589964
101 0.591266
102 0.590055
103 0.591266
104 0.590182
105 0.59027
106 0.591657
107 0.591636
108 0.590708
109 0.592853
110 0.591365
111 0.591874
112 0.591256
113 0.592788
114 0.591605
115 0.590994
116 0.592258
117 0.591876
118 0.592788
119 0.591872
120 0.592988
121 0.593041
122 0.593673
123 0.593015
124 0.593429
125 0.593437
126 0.59342
127 0.592562
128 0.593667
129 0.593108
130 0.594041
131 0.593978
132 0.593928
133 0.594222
134 0.593313
135 0.59398
136 0.593693
137 0.594434
138 0.594107
139 0.594289
140 0.594389
141 0.595293
142 0.594197
143 0.595109
144 0.595029
145 0.594388
146 0.595389
147 0.595407
148 0.595566
149 0.595772
150 0.596007
151 0.595584
152 0.595878
153 0.595407
154 0.595485
155 0.595717
156 0.595005
157 0.595878
158 0.596073
159 0.595738
160 0.595577
161 0.595645
162 0.596748
163 0.595832
164 0.596265
165 0.595882
166 0.596182
167 0.596339
168 0.596287
169 0.597109
170 0.597471
171 0.596822
172 0.596379
173 0.597104
174 0.596494
175 0.597112
176 0.5975
177 0.596065
178 0.597667
179 0.597525
180 0.596679
181 0.598314
182 0.597572
183 0.597097
184 0.597529
185 0.597226
186 0.595999
187 0.597277
188 0.598497
189 0.597533
190 0.598492
191 0.597354
192 0.597416
193 0.598863
194 0.598472
195 0.597524
196 0.599118
197 0.598762
198 0.598176
199 0.598057
200 0.598245
201 0.598647
202 0.598381
203 0.598533
204 0.599117
205 0.598761
206 0.598702
207 0.598018
208 0.59899
209 0.597905
210 0.598295
211 0.598132
212 0.598649
213 0.598789
214 0.599232
215 0.599487
216 0.598057
217 0.598534
218 0.59949
219 0.599926
220 0.598747
221 0.599681
222 0.599335
223 0.599411
224 0.599615
225 0.599495
226 0.600108
227 0.598954
228 0.599231
229 0.599588
230 0.599994
231 0.600038
232 0.599165
233 0.599313
234 0.599359
235 0.599063
236 0.599332
237 0.599425
238 0.60012
239 0.599754
240 0.599989
241 0.59921
242 0.599529
243 0.599255
244 0.600398
245 0.600454
246 0.599728
247 0.60013
248 0.600629
249 0.600157
250 0.599905
251 0.600434
252 0.600017
253 0.60007
254 0.600949
255 0.600717
256 0.600196
257 0.601289
258 0.599119
259 0.600638
260 0.600426
261 0.60096
262 0.600676
263 0.599585
264 0.600323
265 0.601356
266 0.600443
267 0.60046
268 0.600393
269 0.600744
270 0.600881
271 0.600987
272 0.599977
273 0.600532
274 0.601006
275 0.600785
276 0.600896
277 0.599754
278 0.60023
279 0.60159
280 0.600114
281 0.600919
282 0.601398
283 0.600712
284 0.600242
285 0.601763
286 0.600254
287 0.601148
288 0.600253
289 0.601595
290 0.601622
291 0.600786
292 0.6009
293 0.599968
294 0.601259
295 0.601318
296 0.600469
297 0.601523
298 0.601483
299 0.600975
300 0.601369
301 0.602153
302 0.602027
303 0.601945
304 0.601226
305 0.601758
306 0.600879
307 0.601904
308 0.601788
309 0.601123
310 0.601595
311 0.601069
312 0.602075
313 0.601336
314 0.601562
315 0.601746
316 0.601956
317 0.601279
318 0.601643
319 0.601773
320 0.601475
321 0.602441
322 0.601394
323 0.601953
324 0.602048
325 0.602251
326 0.602467
327 0.601778
328 0.602334
329 0.601972
330 0.601273
331 0.601256
332 0.601803
333 0.602404
334 0.602941
335 0.602929
336 0.60138
337 0.601824
338 0.602398
339 0.602674
340 0.601777
341 0.602357
342 0.601406
343 0.602096
344 0.600386
345 0.601439
346 0.602036
347 0.603029
348 0.601315
349 0.602513
350 0.602082
351 0.603194
352 0.60219
353 0.601977
354 0.603023
355 0.603013
356 0.60183
357 0.60238
358 0.602854
359 0.601856
360 0.602449
361 0.60269
362 0.602639
363 0.601555
364 0.602327
365 0.602681
366 0.60164
367 0.60187
368 0.602547
369 0.603427
370 0.602059
371 0.602389
372 0.602967
373 0.602297
374 0.602445
375 0.602896
376 0.601759
377 0.603149
378 0.602271
379 0.603707
380 0.602463
381 0.602518
382 0.602171
383 0.602445
384 0.603271
385 0.602227
386 0.603069
387 0.602463
388 0.602048
389 0.603133
390 0.603348
391 0.602609
392 0.603072
393 0.601963
394 0.602655
395 0.602583
396 0.60296
397 0.602357
398 0.603015
399 0.603222
400 0.603244
