1 0.125819
2 0.144077
3 0.157646
4 0.167548
5 0.174389
6 0.179426
7 0.183086
8 0.185634
9 0.187514
10 0.187329
11 0.199065
12 0.209367
13 0.21835
14 0.226194
15 0.232658
16 0.238076
17 0.242194
18 0.245042
19 0.246556
20 0.246564
21 0.254547
22 0.261414
23 0.267441
24 0.272583
25 0.277005
26 0.280511
27 0.285361
28 0.290341
29 0.295729
30 0.300998
31 0.305805
32 0.310726
33 0.315008
34 0.319044
35 0.323247
36 0.327146
37 0.330787
38 0.334241
39 0.337354
40 0.340877
41 0.344205
42 0.347675
43 0.351181
44 0.354837
45 0.358841
46 0.36264
47 0.366183
48 0.369782
49 0.372984
50 0.376366
51 0.379537
52 0.382529
53 0.385739
54 0.388886
55 0.391982
56 0.395261
57 0.398058
58 0.400689
59 0.403655
60 0.406465
61 0.409034
62 0.411928
63 0.414178
64 0.416604
65 0.419075
66 0.421197
67 0.423446
68 0.425686
69 0.428067
70 0.430667
71 0.432948
72 0.43544
73 0.437431
74 0.439745
75 0.441944
76 0.444167
77 0.446504
78 0.448863
79 0.451049
80 0.453033
81 0.455034
82 0.456979
83 0.45903
84 0.461103
85 0.463127
86 0.465028
87 0.466817
88 0.468468
89 0.46999
90 0.471798
91 0.473441
92 0.474965
93 0.476582
94 0.478091
95 0.479865
96 0.481218
97 0.48312
98 0.484666
99 0.486401
100 0.487872
101 0.489338
102 0.491112
103 0.492546
104 0.494274
105 0.495996
106 0.497419
107 0.498925
108 0.500383
109 0.502024
110 0.503142
111 0.504679
112 0.505902
113 0.507251
114 0.508718
115 0.509889
116 0.511228
117 0.512606
118 0.513795
119 0.514736
120 0.515922
121 0.517358
122 0.518486
123 0.519803
124 0.521119
125 0.522496
126 0.523614
127 0.524927
128 0.526204
129 0.527249
130 0.528367
131 0.529575
132 0.530612
133 0.531919
134 0.533034
135 0.534135
136 0.535239
137 0.536289
138 0.537365
139 0.538432
140 0.539391
141 0.540303
142 0.541509
143 0.542344
144 0.543636
145 0.544472
146 0.545471
147 0.546471
148 0.547438
149 0.548266
150 0.549231
151 0.550301
152 0.551283
153 0.55224
154 0.553199
155 0.553926
156 0.554883
157 0.555961
158 0.55682
159 0.55778
160 0.558673
161 0.559675
162 0.560507
163 0.561491
164 0.562303
165 0.563008
166 0.563747
167 0.564676
168 0.565593
169 0.566473
170 0.567156
171 0.56788
172 0.568705
173 0.56957
174 0.570245
175 0.570962
176 0.571877
177 0.572703
178 0.57339
179 0.574098
180 0.575009
181 0.575788
182 0.576548
183 0.577435
184 0.578192
185 0.579127
186 0.579922
187 0.580642
188 0.581427
189 0.582169
190 0.582765
191 0.583696
192 0.584341
193 0.584913
194 0.585791
195 0.586576
196 0.58722
197 0.587876
198 0.588606
199 0.589372
200 0.590055
201 0.590732
202 0.591401
203 0.592173
204 0.592825
205 0.593584
206 0.59416
207 0.594844
208 0.59566
209 0.596304
210 0.597097
211 0.597949
212 0.598532
213 0.599245
214 0.599844
215 0.600586
216 0.601174
217 0.601842
218 0.602649
219 0.603378
220 0.604025
221 0.60486
222 0.605497
223 0.606129
224 0.60674
225 0.607129
226 0.607939
227 0.608659
228 0.609528
229 0.610191
230 0.610912
231 0.611568
232 0.612303
233 0.613071
234 0.613872
235 0.614584
236 0.615155
237 0.615978
238 0.616738
239 0.617468
240 0.618192
241 0.618749
242 0.619399
243 0.620128
244 0.620857
245 0.621756
246 0.62241
247 0.62294
248 0.623628
249 0.624342
250 0.624806
251 0.625496
252 0.626183
253 0.626957
254 0.627727
255 0.628406
256 0.629008
257 0.629856
258 0.630712
259 0.631309
260 0.632001
261 0.632789
262 0.633634
263 0.634249
264 0.63516
265 0.635736
266 0.636415
267 0.637285
268 0.637839
269 0.638681
270 0.639248
271 0.640186
272 0.640882
273 0.64158
274 0.642362
275 0.642929
276 0.643626
277 0.644431
278 0.645247
279 0.646072
280 0.646669
281 0.647405
282 0.648168
283 0.648895
284 0.649609
285 0.65034
286 0.651015
287 0.651786
288 0.65249
289 0.653174
290 0.653897
291 0.654639
292 0.655383
293 0.655965
294 0.656814
295 0.65744
296 0.658085
297 0.658741
298 0.659519
299 0.660159
300 0.661
301 0.66143
302 0.66211
303 0.662822
304 0.663687
305 0.664515
306 0.665161
307 0.665866
308 0.666602
309 0.667387
310 0.668333
311 0.668849
312 0.66936
313 0.670067
314 0.670824
315 0.671556
316 0.672154
317 0.673004
318 0.673493
319 0.674146
320 0.675074
321 0.67566
322 0.676388
323 0.676881
324 0.677348
325 0.678043
326 0.678725
327 0.679554
328 0.680187
329 0.680808
330 0.681486
331 0.682158
332 0.682845
333 0.683577
334 0.684297
335 0.684907
336 0.685501
337 0.686149
338 0.686722
339 0.687439
340 0.688012
341 0.688688
342 0.689182
343 0.689877
344 0.690515
345 0.690873
346 0.691669
347 0.69235
348 0.692784
349 0.693307
350 0.693908
351 0.694379
352 0.694887
353 0.695592
354 0.696115
355 0.696969
356 0.6974
357 0.697962
358 0.698652
359 0.699012
360 0.699492
361 0.700211
362 0.700617
363 0.70123
364 0.701745
365 0.702396
366 0.703089
367 0.703474
368 0.703956
369 0.704636
370 0.705068
371 0.705693
372 0.706379
373 0.706804
374 0.707436
375 0.708056
376 0.708608
377 0.709098
378 0.709664
379 0.710058
380 0.71067
381 0.710945
382 0.71164
383 0.712126
384 0.712566
385 0.713171
386 0.713817
387 0.714293
388 0.714509
389 0.715035
390 0.715454
391 0.71594
392 0.716364
393 0.716899
394 0.717407
395 0.717858
396 0.718316
397 0.718717
398 0.719337
399 0.719776
400 0.720312
