1 0.099978
2 0.099972
3 0.100221
4 0.100668
5 0.09956
6 0.100226
7 0.100102
8 0.099524
9 0.099785
10 0.099964
11 0.099498
12 0.10045
13 0.099692
14 0.099896
15 0.099761
16 0.100548
17 0.100045
18 0.09995
19 0.100159
20 0.100001
21 0.100217
22 0.100335
23 0.099619
24 0.100036
25 0.09991
26 0.099978
27 0.125741
28 0.144425
29 0.158274
30 0.167712
31 0.174637
32 0.179984
33 0.183763
34 0.18645
35 0.188156
36 0.188761
37 0.188922
38 0.189991
39 0.191293
40 0.194201
41 0.197812
42 0.203671
43 0.212534
44 0.226326
45 0.246745
46 0.251569
47 0.255823
48 0.259625
49 0.263289
50 0.266873
51 0.269247
52 0.271173
53 0.270804
54 0.268379
55 0.265842
56 0.263445
57 0.260645
58 0.258487
59 0.256087
60 0.253742
61 0.250904
62 0.248201
63 0.246064
64 0.244189
65 0.242392
66 0.240129
67 0.237741
68 0.233962
69 0.231492
70 0.228435
71 0.224423
72 0.219834
73 0.216155
74 0.212681
75 0.209033
76 0.206054
77 0.202453
78 0.199523
79 0.196711
80 0.193462
81 0.191141
82 0.189159
83 0.187094
84 0.185185
85 0.183671
86 0.182274
87 0.180877
88 0.179711
89 0.178561
90 0.177156
91 0.176503
92 0.174999
93 0.174217
94 0.173804
95 0.173326
96 0.172525
97 0.171608
98 0.171153
99 0.170516
100 0.170008
101 0.169122
102 0.168744
103 0.168557
104 0.168203
105 0.167937
106 0.167683
107 0.167394
108 0.167377
109 0.167334
110 0.166941
111 0.167023
112 0.166837
113 0.166232
114 0.166093
115 0.166218
116 0.166259
117 0.166768
118 0.167398
119 0.168089
120 0.168695
121 0.169268
122 0.170088
123 0.170839
124 0.171654
125 0.171945
126 0.171891
127 0.172485
128 0.172904
129 0.173165
130 0.173438
131 0.17354
132 0.174223
133 0.174459
134 0.175404
135 0.176009
136 0.176601
137 0.177233
138 0.177619
139 0.178243
140 0.178635
141 0.178715
142 0.179386
143 0.179823
144 0.180543
145 0.181404
146 0.181403
147 0.182384
148 0.183419
149 0.184307
150 0.185111
151 0.186107
152 0.186243
153 0.18656
154 0.187248
155 0.18813
156 0.189099
157 0.19005
158 0.188887
159 0.189769
160 0.190203
161 0.190941
162 0.191247
163 0.191706
164 0.192364
165 0.192021
166 0.19249
167 0.193169
168 0.193261
169 0.193821
170 0.19435
171 0.195754
172 0.196145
173 0.197206
174 0.198124
175 0.199024
176 0.200303
177 0.200787
178 0.200374
179 0.201494
180 0.202118
181 0.203362
182 0.203858
183 0.205416
184 0.206018
185 0.206938
186 0.208333
187 0.209266
188 0.210336
189 0.208939
190 0.209687
191 0.210222
192 0.210321
193 0.21129
194 0.21226
195 0.213257
196 0.215164
197 0.216044
198 0.217748
199 0.219137
200 0.220305
201 0.221962
202 0.222318
203 0.223889
204 0.225579
205 0.227272
206 0.228316
207 0.229936
208 0.231657
209 0.231635
210 0.233453
211 0.235135
212 0.236805
213 0.238498
214 0.239968
215 0.241333
216 0.242538
217 0.243415
218 0.244268
219 0.245001
220 0.246579
221 0.248486
222 0.250366
223 0.251418
224 0.253284
225 0.25511
226 0.257015
227 0.259544
228 0.261926
229 0.263832
230 0.265666
231 0.267714
232 0.269537
233 0.27167
234 0.273815
235 0.27465
236 0.276367
237 0.278582
238 0.280279
239 0.282686
240 0.28407
241 0.285547
242 0.2869
243 0.288577
244 0.289527
245 0.290577
246 0.292575
247 0.294496
248 0.296568
249 0.298582
250 0.299837
251 0.301766
252 0.303239
253 0.305375
254 0.307596
255 0.309653
256 0.311694
257 0.313631
258 0.315965
259 0.317668
260 0.31939
261 0.320934
262 0.322871
263 0.324903
264 0.326905
265 0.328294
266 0.330175
267 0.331547
268 0.333424
269 0.333045
270 0.33514
271 0.336537
272 0.338225
273 0.339255
274 0.340411
275 0.342606
276 0.344332
277 0.346312
278 0.348131
279 0.349736
280 0.351967
281 0.353816
282 0.355692
283 0.357744
284 0.359523
285 0.361759
286 0.364033
287 0.365694
288 0.367355
289 0.368579
290 0.370531
291 0.372215
292 0.374142
293 0.375876
294 0.377495
295 0.378699
296 0.380635
297 0.381984
298 0.383041
299 0.384366
300 0.386097
301 0.38768
302 0.389212
303 0.390464
304 0.391683
305 0.392064
306 0.393541
307 0.395377
308 0.396994
309 0.399318
310 0.400518
311 0.402235
312 0.403803
313 0.405356
314 0.406873
315 0.408264
316 0.410437
317 0.412065
318 0.413393
319 0.414887
320 0.416485
321 0.417362
322 0.419483
323 0.421071
324 0.422471
325 0.423711
326 0.425005
327 0.42658
328 0.428343
329 0.429663
330 0.43136
331 0.432432
332 0.433569
333 0.434733
334 0.436429
335 0.437696
336 0.439126
337 0.440861
338 0.442158
339 0.44351
340 0.445044
341 0.446257
342 0.446916
343 0.44858
344 0.450612
345 0.451681
346 0.452791
347 0.454055
348 0.455481
349 0.456856
350 0.458274
351 0.459592
352 0.461337
353 0.462406
354 0.463479
355 0.464929
356 0.466537
357 0.468099
358 0.469617
359 0.470661
360 0.471997
361 0.473381
362 0.474208
363 0.475583
364 0.476797
365 0.478522
366 0.479527
367 0.480943
368 0.482448
369 0.483477
370 0.484651
371 0.486034
372 0.48737
373 0.488495
374 0.489757
375 0.490704
376 0.491657
377 0.492565
378 0.493468
379 0.494669
380 0.495819
381 0.497062
382 0.498322
383 0.499683
384 0.500812
385 0.502124
386 0.50344
387 0.504691
388 0.506063
389 0.507191
390 0.507994
391 0.509084
392 0.510148
393 0.510974
394 0.512307
395 0.513768
396 0.514141
397 0.515395
398 0.516122
399 0.517471
400 0.518641
