1 0.5
2 0.357325
3 0.295411
4 0.259029
5 0.234769
6 0.21682
7 0.203309
8 0.192733
9 0.184243
10 0.177163
11 0.170994
12 0.165655
13 0.161194
14 0.156962
15 0.153709
16 0.150418
17 0.147698
18 0.144924
19 0.14278
20 0.140739
21 0.138514
22 0.136973
23 0.135326
24 0.133669
25 0.13234
26 0.131153
27 0.129796
28 0.128574
29 0.12784
30 0.126793
31 0.125697
32 0.124775
33 0.123934
34 0.123429
35 0.122488
36 0.121608
37 0.120929
38 0.120409
39 0.119915
40 0.11932
41 0.118838
42 0.118017
43 0.117604
44 0.117386
45 0.116826
46 0.116258
47 0.115724
48 0.115398
49 0.115175
50 0.114845
51 0.114479
52 0.114078
53 0.113813
54 0.113232
55 0.113221
56 0.112846
57 0.112663
58 0.112411
59 0.111976
60 0.111729
61 0.111512
62 0.111159
63 0.110862
64 0.1104
65 0.110647
66 0.110341
67 0.110138
68 0.109923
69 0.10974
70 0.1096
71 0.10932
72 0.109012
73 0.108708
74 0.108771
75 0.108556
76 0.108584
77 0.108361
78 0.108275
79 0.108236
80 0.10797
81 0.107787
82 0.107886
83 0.107627
84 0.107401
85 0.107517
86 0.107197
87 0.107111
88 0.107047
89 0.106898
90 0.106784
91 0.106693
92 0.106492
93 0.10633
94 0.1063
95 0.106239
96 0.106053
97 0.105962
98 0.106029
99 0.105874
100 0.105798
101 0.105636
102 0.105822
103 0.105457
104 0.105474
105 0.10532
106 0.105268
107 0.105318
108 0.105113
109 0.104949
110 0.105124
111 0.104836
112 0.10483
113 0.104685
114 0.104575
115 0.104613
116 0.104685
117 0.104639
118 0.104568
119 0.104422
120 0.104314
121 0.104215
122 0.104197
123 0.10417
124 0.104082
125 0.103949
126 0.103821
127 0.103887
128 0.103794
129 0.103832
130 0.103673
131 0.103729
132 0.10379
133 0.103559
134 0.103601
135 0.103543
136 0.103458
137 0.103482
138 0.103338
139 0.103155
140 0.103377
141 0.10321
142 0.103246
143 0.103216
144 0.103046
145 0.103156
146 0.10306
147 0.102943
148 0.102972
149 0.102863
150 0.102833
151 0.102802
152 0.102748
153 0.102709
154 0.102688
155 0.102778
156 0.102643
157 0.102623
158 0.102648
159 0.102597
160 0.102543
161 0.102472
162 0.102407
163 0.102396
164 0.102468
165 0.102408
166 0.102292
167 0.102332
168 0.102218
169 0.102187
170 0.10253
171 0.102444
172 0.102043
173 0.102066
174 0.102075
175 0.102136
176 0.102063
177 0.102053
178 0.101977
179 0.102047
180 0.101908
181 0.101835
182 0.101874
183 0.101889
184 0.101834
185 0.101743
186 0.101596
187 0.101954
188 0.101682
189 0.101666
190 0.101668
191 0.10165
192 0.101475
193 0.101712
194 0.10161
195 0.101685
196 0.10164
197 0.101595
198 0.101518
199 0.101496
200 0.101489
201 0.10144
202 0.101406
203 0.101499
204 0.101299
205 0.101663
206 0.101248
207 0.101432
208 0.101349
209 0.10122
210 0.101235
211 0.101278
212 0.101241
213 0.101108
214 0.101316
215 0.1012
216 0.101152
217 0.101174
218 0.101108
219 0.101106
220 0.101201
221 0.101106
222 0.101034
223 0.101042
224 0.10104
225 0.1009
226 0.100984
227 0.101073
228 0.10099
229 0.100933
230 0.100876
231 0.100907
232 0.100986
233 0.100974
234 0.100878
235 0.100839
236 0.100866
237 0.100834
238 0.100782
239 0.100831
240 0.100774
241 0.10077
242 0.100765
243 0.100767
244 0.100767
245 0.100864
246 0.100787
247 0.100741
248 0.100756
249 0.100694
250 0.100737
251 0.100651
252 0.10061
253 0.100642
254 0.100609
255 0.100969
256 0.100657
257 0.100129
258 0.100515
259 0.100527
260 0.100475
261 0.100458
262 0.100438
263 0.100582
264 0.100567
265 0.10042
266 0.100493
267 0.100585
268 0.100504
269 0.100365
270 0.10032
271 0.100311
272 0.100382
273 0.100375
274 0.100417
275 0.100407
276 0.100299
277 0.100352
278 0.100147
279 0.100328
280 0.100364
281 0.100317
282 0.10029
283 0.100196
284 0.100302
285 0.100249
286 0.100264
287 0.100156
288 0.100146
289 0.100234
290 0.100311
291 0.100103
292 0.100199
293 0.100153
294 0.100098
295 0.10004
296 0.100139
297 0.100105
298 0.100079
299 0.100182
300 0.100105
301 0.100033
302 0.100073
303 0.100027
304 0.0999634
305 0.100134
306 0.0999935
307 0.099864
308 0.100011
309 0.0998854
310 0.100038
311 0.0999432
312 0.099954
313 0.0999402
314 0.0999642
315 0.0999594
316 0.0999876
317 0.0999563
318 0.0998893
319 0.0999613
320 0.0998153
321 0.10003
322 0.0998214
323 0.0998834
324 0.0998695
325 0.0998292
326 0.0998398
327 0.0997934
328 0.0999224
329 0.09975
330 0.0998628
331 0.0997454
332 0.0998238
333 0.0998373
334 0.099762
335 0.0998023
336 0.0997022
337 0.0997523
338 0.0997508
339 0.0997611
340 0.0997402
341 0.09968
342 0.0996493
343 0.0998141
344 0.0997276
345 0.099732
346 0.0996619
347 0.0997149
348 0.099648
349 0.0996553
350 0.0996919
351 0.099758
352 0.0996553
353 0.0995904
354 0.099742
355 0.0996523
356 0.0997179
357 0.0995732
358 0.0996142
359 0.0996752
360 0.0995976
361 0.0996674
362 0.0995604
363 0.0996022
364 0.0996064
365 0.0995898
366 0.0995539
367 0.0995325
368 0.0995886
369 0.0995546
370 0.0994766
371 0.0996151
372 0.0994979
373 0.0995205
374 0.0996542
375 0.0994555
376 0.0994875
377 0.0995997
378 0.0994417
379 0.099467
380 0.0995086
381 0.0994471
382 0.0994315
383 0.0995393
384 0.0994743
385 0.0994066
386 0.0994788
387 0.0994673
388 0.099443
389 0.0995491
390 0.0993867
391 0.0994262
392 0.0994385
393 0.0994934
394 0.0994225
395 0.099409
396 0.0994141
397 0.0994313
398 0.0994182
399 0.0993369
400 0.0993744
