1 0.393681
2 0.413473
3 0.438625
4 0.468439
5 0.488612
6 0.503369
7 0.513092
8 0.522713
9 0.529447
10 0.543283
11 0.553148
12 0.559634
13 0.567962
14 0.574204
15 0.57972
16 0.586895
17 0.592228
18 0.596944
19 0.60202
20 0.607271
21 0.611747
22 0.615164
23 0.619662
24 0.623863
25 0.62796
26 0.631572
27 0.634615
28 0.637809
29 0.64215
30 0.645061
31 0.648084
32 0.650093
33 0.653031
34 0.656383
35 0.659193
36 0.661215
37 0.664809
38 0.667
39 0.669868
40 0.672419
41 0.673799
42 0.677399
43 0.678274
44 0.681318
45 0.683021
46 0.685565
47 0.687594
48 0.689777
49 0.691061
50 0.692932
51 0.694278
52 0.697748
53 0.698623
54 0.700535
55 0.70233
56 0.703746
57 0.704987
58 0.707998
59 0.708748
60 0.709291
61 0.711509
62 0.712695
63 0.714292
64 0.715871
65 0.716753
66 0.719333
67 0.720029
68 0.721359
69 0.722378
70 0.72362
71 0.725586
72 0.727218
73 0.727959
74 0.728858
75 0.729359
76 0.731425
77 0.732827
78 0.733131
79 0.735285
80 0.735177
81 0.737218
82 0.737666
83 0.739932
84 0.740202
85 0.741677
86 0.741791
87 0.742829
88 0.744458
89 0.745375
90 0.746287
91 0.746663
92 0.748305
93 0.74912
94 0.749971
95 0.750669
96 0.752168
97 0.752873
98 0.752383
99 0.754036
100 0.755295
101 0.75623
102 0.75629
103 0.757658
104 0.759094
105 0.759336
106 0.760221
107 0.760502
108 0.760477
109 0.761843
110 0.762797
111 0.763674
112 0.7644
113 0.764507
114 0.766153
115 0.766922
116 0.767671
117 0.767796
118 0.767574
119 0.769304
120 0.77063
121 0.770275
122 0.771222
123 0.771991
124 0.772772
125 0.77299
126 0.774276
127 0.774544
128 0.775016
129 0.775602
130 0.776527
131 0.777169
132 0.776895
133 0.778214
134 0.778511
135 0.778938
136 0.779773
137 0.780385
138 0.780808
139 0.781585
140 0.781841
141 0.782526
142 0.783474
143 0.783617
144 0.783646
145 0.785045
146 0.784948
147 0.785843
148 0.786497
149 0.786681
150 0.786986
151 0.78806
152 0.788029
153 0.78889
154 0.789878
155 0.789874
156 0.790253
157 0.79068
158 0.79108
159 0.792152
160 0.791998
161 0.792352
162 0.793128
163 0.79328
164 0.793712
165 0.794407
166 0.794816
167 0.794644
168 0.79594
169 0.796326
170 0.796708
171 0.796438
172 0.797892
173 0.79809
174 0.7988
175 0.798884
176 0.798457
177 0.799088
178 0.799829
179 0.799997
180 0.80086
181 0.801378
182 0.801461
183 0.801502
184 0.802034
185 0.802894
186 0.803734
187 0.803812
188 0.803471
189 0.804458
190 0.803947
191 0.805063
192 0.805302
193 0.805876
194 0.805662
195 0.80629
196 0.805816
197 0.806427
198 0.806894
199 0.807832
200 0.808218
201 0.808431
202 0.808991
203 0.809216
204 0.809405
205 0.809934
206 0.81044
207 0.810011
208 0.810539
209 0.811384
210 0.811592
211 0.812745
212 0.812067
213 0.812205
214 0.812975
215 0.813033
216 0.812783
217 0.814532
218 0.814212
219 0.813766
220 0.815205
221 0.815522
222 0.815014
223 0.815081
224 0.815623
225 0.816688
226 0.816674
227 0.817029
228 0.817501
229 0.817397
230 0.818209
231 0.818164
232 0.818352
233 0.818708
234 0.818548
235 0.819199
236 0.819014
237 0.819775
238 0.819534
239 0.82049
240 0.820502
241 0.821027
242 0.821125
243 0.820874
244 0.821281
245 0.821581
246 0.821396
247 0.822145
248 0.821778
249 0.822677
250 0.82288
251 0.823804
252 0.823301
253 0.824606
254 0.824193
255 0.824461
256 0.824179
257 0.824461
258 0.825571
259 0.825863
260 0.825522
261 0.825835
262 0.825648
263 0.825961
264 0.826746
265 0.826816
266 0.826856
267 0.826611
268 0.827487
269 0.827565
270 0.828083
271 0.828656
272 0.827808
273 0.828683
274 0.828665
275 0.829157
276 0.829642
277 0.829239
278 0.829745
279 0.829813
280 0.830018
281 0.83045
282 0.831146
283 0.83129
284 0.831053
285 0.831571
286 0.831973
287 0.83273
288 0.832033
289 0.831907
290 0.832583
291 0.832666
292 0.832848
293 0.833069
294 0.832967
295 0.834037
296 0.834358
297 0.833929
298 0.835265
299 0.834517
300 0.83437
301 0.834771
302 0.835318
303 0.836085
304 0.8356
305 0.835775
306 0.836015
307 0.836354
308 0.836205
309 0.836578
310 0.836835
311 0.836802
312 0.837941
313 0.83715
314 0.837289
315 0.837578
316 0.837255
317 0.837651
318 0.837705
319 0.838262
320 0.838653
321 0.839352
322 0.838441
323 0.83923
324 0.839518
325 0.8394
326 0.839832
327 0.839681
328 0.839907
329 0.839906
330 0.841023
331 0.840862
332 0.840232
333 0.840437
334 0.841179
335 0.842075
336 0.842006
337 0.842475
338 0.841611
339 0.842096
340 0.842402
341 0.842197
342 0.842745
343 0.84274
344 0.842978
345 0.842995
346 0.842839
347 0.843122
348 0.843831
349 0.843276
350 0.844106
351 0.844143
352 0.844064
353 0.844461
354 0.844657
355 0.845333
356 0.844773
357 0.844925
358 0.84543
359 0.84505
360 0.845567
361 0.845909
362 0.846617
363 0.846952
364 0.846754
365 0.845942
366 0.846505
367 0.847054
368 0.846619
369 0.84617
370 0.84689
371 0.846848
372 0.847317
373 0.847576
374 0.848022
375 0.848088
376 0.847596
377 0.84862
378 0.848632
379 0.848795
380 0.848429
381 0.849211
382 0.848803
383 0.849262
384 0.849895
385 0.850371
386 0.849966
387 0.849569
388 0.850245
389 0.850088
390 0.850101
391 0.850342
392 0.850257
393 0.850666
394 0.850949
395 0.850492
396 0.850708
397 0.850906
398 0.851125
399 0.85198
400 0.851533
