1 0.333334
2 0.333334
3 0.332992
4 0.333334
5 0.333674
6 0.333674
7 0.393728
8 0.438118
9 0.438466
10 0.4689
11 0.488606
12 0.488754
13 0.513202
14 0.525595
15 0.529817
16 0.543428
17 0.55385
18 0.561392
19 0.567424
20 0.574895
21 0.581384
22 0.586558
23 0.592863
24 0.597249
25 0.603516
26 0.608239
27 0.612618
28 0.616294
29 0.621799
30 0.625571
31 0.629779
32 0.632631
33 0.636583
34 0.640557
35 0.643464
36 0.646411
37 0.650371
38 0.653255
39 0.656176
40 0.659608
41 0.661965
42 0.66523
43 0.666697
44 0.670033
45 0.672421
46 0.675313
47 0.677922
48 0.680049
49 0.682101
50 0.684171
51 0.685735
52 0.689416
53 0.690452
54 0.692326
55 0.694505
56 0.696321
57 0.698159
58 0.701512
59 0.701795
60 0.702688
61 0.705186
62 0.706424
63 0.708002
64 0.709997
65 0.711373
66 0.714031
67 0.714835
68 0.715948
69 0.717349
70 0.718504
71 0.720843
72 0.722182
73 0.723274
74 0.724198
75 0.725073
76 0.727191
77 0.728512
78 0.7293
79 0.73103
80 0.731495
81 0.733556
82 0.733581
83 0.736082
84 0.736777
85 0.738016
86 0.738358
87 0.739271
88 0.741073
89 0.742162
90 0.743501
91 0.743719
92 0.745199
93 0.746352
94 0.747168
95 0.747652
96 0.74936
97 0.750506
98 0.749804
99 0.751612
100 0.752199
101 0.753648
102 0.753923
103 0.755414
104 0.756718
105 0.757032
106 0.757713
107 0.758424
108 0.758354
109 0.759729
110 0.760597
111 0.761487
112 0.762525
113 0.762479
114 0.764176
115 0.764885
116 0.765835
117 0.766011
118 0.765709
119 0.767416
120 0.768986
121 0.768398
122 0.769119
123 0.7703
124 0.771153
125 0.771356
126 0.772515
127 0.772836
128 0.773353
129 0.774099
130 0.774941
131 0.775779
132 0.77537
133 0.776629
134 0.777002
135 0.777694
136 0.778482
137 0.778687
138 0.779569
139 0.78017
140 0.780341
141 0.781216
142 0.781835
143 0.782284
144 0.782208
145 0.783612
146 0.783698
147 0.784581
148 0.785112
149 0.785462
150 0.785672
151 0.787001
152 0.786913
153 0.78774
154 0.788568
155 0.788835
156 0.788962
157 0.789512
158 0.789957
159 0.791064
160 0.791027
161 0.791219
162 0.792207
163 0.792211
164 0.792836
165 0.793243
166 0.793788
167 0.793697
168 0.794957
169 0.795221
170 0.795866
171 0.795529
172 0.796869
173 0.797181
174 0.797809
175 0.798088
176 0.797733
177 0.79828
178 0.798911
179 0.798977
180 0.800078
181 0.800523
182 0.800754
183 0.800893
184 0.801131
185 0.801968
186 0.803019
187 0.802862
188 0.802754
189 0.803715
190 0.803155
191 0.804488
192 0.804678
193 0.805088
194 0.804756
195 0.805488
196 0.804992
197 0.805773
198 0.806207
199 0.807152
200 0.80743
201 0.807639
202 0.808193
203 0.808702
204 0.808707
205 0.809433
206 0.80986
207 0.809523
208 0.809886
209 0.810768
210 0.810887
211 0.81219
212 0.811418
213 0.811499
214 0.812421
215 0.812326
216 0.812335
217 0.813847
218 0.813643
219 0.813135
220 0.814588
221 0.814881
222 0.814314
223 0.814595
224 0.815116
225 0.816072
226 0.81613
227 0.816369
228 0.816852
229 0.816918
230 0.817683
231 0.817533
232 0.817893
233 0.818308
234 0.818081
235 0.818696
236 0.818658
237 0.819152
238 0.818975
239 0.819764
240 0.819986
241 0.820534
242 0.820642
243 0.82047
244 0.820797
245 0.82108
246 0.820884
247 0.821632
248 0.821204
249 0.822238
250 0.822346
251 0.823441
252 0.822884
253 0.824077
254 0.823779
255 0.824005
256 0.82366
257 0.824005
258 0.825108
259 0.82552
260 0.825013
261 0.825491
262 0.825276
263 0.825443
264 0.826386
265 0.826488
266 0.826471
267 0.8262
268 0.827196
269 0.827113
270 0.827622
271 0.828302
272 0.827375
273 0.828268
274 0.828259
275 0.828831
276 0.829213
277 0.828839
278 0.829449
279 0.829366
280 0.829689
281 0.830057
282 0.830655
283 0.83094
284 0.830503
285 0.831262
286 0.831671
287 0.832264
288 0.831654
289 0.831529
290 0.832362
291 0.832316
292 0.832523
293 0.832677
294 0.832664
295 0.833768
296 0.833951
297 0.833508
298 0.834977
299 0.834126
300 0.834068
301 0.834368
302 0.834952
303 0.83568
304 0.835325
305 0.83552
306 0.83579
307 0.836107
308 0.83589
309 0.836224
310 0.836493
311 0.836513
312 0.837659
313 0.836903
314 0.836959
315 0.837231
316 0.836837
317 0.837323
318 0.837475
319 0.837896
320 0.838339
321 0.839074
322 0.838109
323 0.838981
324 0.839195
325 0.83912
326 0.839533
327 0.839435
328 0.839613
329 0.839716
330 0.840665
331 0.840575
332 0.840016
333 0.840244
334 0.840815
335 0.841883
336 0.841647
337 0.842281
338 0.841511
339 0.841824
340 0.84214
341 0.842007
342 0.84252
343 0.842551
344 0.842728
345 0.842707
346 0.842546
347 0.842896
348 0.843637
349 0.842977
350 0.843792
351 0.843909
352 0.843785
353 0.84429
354 0.844431
355 0.845058
356 0.844482
357 0.844695
358 0.845232
359 0.844832
360 0.845362
361 0.845667
362 0.846317
363 0.84669
364 0.846468
365 0.845664
366 0.846345
367 0.846733
368 0.846339
369 0.845956
370 0.846717
371 0.846669
372 0.846995
373 0.847365
374 0.847851
375 0.847932
376 0.847375
377 0.848391
378 0.848393
379 0.848639
380 0.848273
381 0.849117
382 0.848513
383 0.849023
384 0.849737
385 0.850098
386 0.849824
387 0.84942
388 0.849933
389 0.84989
390 0.849919
391 0.850174
392 0.850077
393 0.850372
394 0.850756
395 0.850368
396 0.850505
397 0.850684
398 0.85094
399 0.851684
400 0.851465
