1 0.299581
2 0.299715
3 0.299794
4 0.299821
5 0.299775
6 0.299814
7 0.302746
8 0.306222
9 0.309201
10 0.312384
11 0.315468
12 0.318066
13 0.320726
14 0.323353
15 0.325567
16 0.327985
17 0.330025
18 0.331833
19 0.333706
20 0.335483
21 0.337244
22 0.338507
23 0.340117
24 0.341424
25 0.342867
26 0.344184
27 0.345251
28 0.34642
29 0.347649
30 0.348633
31 0.34975
32 0.350727
33 0.351438
34 0.352483
35 0.353334
36 0.354203
37 0.354974
38 0.355796
39 0.356598
40 0.357299
41 0.358147
42 0.35878
43 0.359417
44 0.360034
45 0.36078
46 0.361342
47 0.361924
48 0.362504
49 0.363164
50 0.363646
51 0.364072
52 0.364764
53 0.365276
54 0.365593
55 0.366256
56 0.366594
57 0.367049
58 0.367617
59 0.36809
60 0.3684
61 0.368995
62 0.369268
63 0.369675
64 0.370145
65 0.370537
66 0.370919
67 0.371223
68 0.371527
69 0.371933
70 0.372323
71 0.372649
72 0.373071
73 0.373456
74 0.373597
75 0.373935
76 0.374293
77 0.374633
78 0.374907
79 0.375315
80 0.375519
81 0.375918
82 0.376063
83 0.376347
84 0.37672
85 0.376893
86 0.37715
87 0.37745
88 0.377782
89 0.377919
90 0.378274
91 0.378466
92 0.378714
93 0.378904
94 0.379149
95 0.379393
96 0.379722
97 0.379883
98 0.380011
99 0.380288
100 0.380434
101 0.380772
102 0.381015
103 0.381154
104 0.381469
105 0.381665
106 0.381816
107 0.381942
108 0.382161
109 0.382345
110 0.382557
111 0.382703
112 0.382924
113 0.383114
114 0.383187
115 0.383497
116 0.383641
117 0.383784
118 0.383912
119 0.3841
120 0.384369
121 0.384405
122 0.384596
123 0.384761
124 0.384921
125 0.385096
126 0.385244
127 0.385417
128 0.385523
129 0.385661
130 0.385911
131 0.385962
132 0.386083
133 0.386251
134 0.386432
135 0.386539
136 0.386697
137 0.386843
138 0.38699
139 0.387124
140 0.387271
141 0.387363
142 0.387516
143 0.387623
144 0.387692
145 0.387904
146 0.388045
147 0.388125
148 0.388232
149 0.388402
150 0.388485
151 0.388625
152 0.388734
153 0.38885
154 0.38897
155 0.389095
156 0.389246
157 0.389294
158 0.389374
159 0.389553
160 0.389684
161 0.389689
162 0.389917
163 0.389998
164 0.390102
165 0.390173
166 0.390249
167 0.39037
168 0.390512
169 0.390639
170 0.390706
171 0.390715
172 0.390996
173 0.390989
174 0.391167
175 0.391184
176 0.39125
177 0.391381
178 0.391424
179 0.391557
180 0.391678
181 0.391757
182 0.39183
183 0.391929
184 0.391964
185 0.392122
186 0.392242
187 0.392331
188 0.392387
189 0.39251
190 0.39251
191 0.39269
192 0.392762
193 0.39278
194 0.392812
195 0.392985
196 0.392953
197 0.393071
198 0.393199
199 0.393299
200 0.39338
201 0.393478
202 0.393542
203 0.393651
204 0.393636
205 0.393871
206 0.393837
207 0.39389
208 0.393979
209 0.394077
210 0.394113
211 0.39424
212 0.394283
213 0.394352
214 0.394427
215 0.394484
216 0.394497
217 0.394686
218 0.394716
219 0.394719
220 0.394857
221 0.394915
222 0.394962
223 0.395003
224 0.395146
225 0.395165
226 0.395262
227 0.39537
228 0.395373
229 0.395445
230 0.395565
231 0.395554
232 0.395608
233 0.395685
234 0.395702
235 0.395835
236 0.395835
237 0.39594
238 0.396001
239 0.396048
240 0.396144
241 0.396192
242 0.396249
243 0.396271
244 0.396296
245 0.396427
246 0.396459
247 0.396561
248 0.396569
249 0.396674
250 0.39667
251 0.39674
252 0.396807
253 0.396919
254 0.396902
255 0.397012
256 0.397028
257 0.397032
258 0.397178
259 0.397171
260 0.397236
261 0.397266
262 0.397343
263 0.397377
264 0.397491
265 0.397483
266 0.397553
267 0.397552
268 0.397707
269 0.397766
270 0.397781
271 0.397862
272 0.397842
273 0.397926
274 0.397947
275 0.398055
276 0.398097
277 0.398136
278 0.398166
279 0.398176
280 0.398245
281 0.398305
282 0.398328
283 0.398437
284 0.398462
285 0.398492
286 0.398516
287 0.398616
288 0.398622
289 0.398661
290 0.398716
291 0.398753
292 0.398814
293 0.39882
294 0.398826
295 0.398955
296 0.398993
297 0.399
298 0.399134
299 0.399077
300 0.399148
301 0.399187
302 0.399268
303 0.399316
304 0.399349
305 0.399368
306 0.399445
307 0.399528
308 0.399489
309 0.399507
310 0.399559
311 0.399648
312 0.399726
313 0.399724
314 0.399714
315 0.399749
316 0.399764
317 0.399795
318 0.399861
319 0.39992
320 0.400012
321 0.400035
322 0.400049
323 0.400096
324 0.400136
325 0.400138
326 0.400236
327 0.400206
328 0.400226
329 0.400285
330 0.40038
331 0.400375
332 0.400388
333 0.400473
334 0.400496
335 0.400566
336 0.400589
337 0.400671
338 0.400643
339 0.400652
340 0.400685
341 0.400637
342 0.40077
343 0.400802
344 0.400869
345 0.400828
346 0.400913
347 0.400964
348 0.400987
349 0.401007
350 0.401078
351 0.401056
352 0.401111
353 0.401157
354 0.401238
355 0.401282
356 0.401239
357 0.401293
358 0.401306
359 0.401303
360 0.401384
361 0.401445
362 0.401437
363 0.401537
364 0.401549
365 0.401479
366 0.401566
367 0.40165
368 0.401622
369 0.401634
370 0.401694
371 0.401714
372 0.401739
373 0.401794
374 0.401825
375 0.401843
376 0.401836
377 0.40189
378 0.40195
379 0.401974
380 0.40202
381 0.402061
382 0.402052
383 0.402068
384 0.40217
385 0.402205
386 0.40217
387 0.402227
388 0.402262
389 0.402265
390 0.402274
391 0.402311
392 0.402338
393 0.402398
394 0.402424
395 0.402419
396 0.402462
397 0.402446
398 0.402513
399 0.402576
400 0.402582
