1 1.62406
2 0.891372
3 0.604544
4 0.523869
5 0.537166
6 0.594655
7 0.672738
8 0.759733
9 0.850791
10 0.943797
11 1.03736
12 1.13136
13 1.22554
14 1.31988
15 1.4143
16 1.00395
17 0.735728
18 0.565445
19 0.463521
20 0.408369
21 0.384787
22 0.383497
23 0.397051
24 0.421059
25 0.452101
26 0.410882
27 0.365264
28 0.321311
29 0.286172
30 0.257701
31 0.235604
32 0.219546
33 0.207908
34 0.200433
35 0.196302
36 0.194942
37 0.196079
38 0.19939
39 0.20434
40 0.210546
41 0.211656
42 0.206796
43 0.20184
44 0.198215
45 0.195446
46 0.191677
47 0.186635
48 0.180991
49 0.174853
50 0.168857
51 0.163453
52 0.158309
53 0.153447
54 0.149077
55 0.144704
56 0.140147
57 0.13575
58 0.131379
59 0.127329
60 0.123648
61 0.12005
62 0.116883
63 0.113801
64 0.110985
65 0.108465
66 0.106235
67 0.104301
68 0.10262
69 0.10102
70 0.0994282
71 0.0979287
72 0.0965274
73 0.0952007
74 0.0938813
75 0.0926454
76 0.0914987
77 0.0904592
78 0.0893597
79 0.0883224
80 0.0872839
81 0.0863712
82 0.0854596
83 0.0845423
84 0.0836983
85 0.0827986
86 0.0819259
87 0.0812109
88 0.080399
89 0.0796241
90 0.0788585
91 0.0781127
92 0.0774026
93 0.076672
94 0.0760538
95 0.0754525
96 0.0748417
97 0.0741631
98 0.0735701
99 0.0730185
100 0.0724391
101 0.0719004
102 0.0713474
103 0.0708979
104 0.0703985
105 0.069802
106 0.0693247
107 0.0688459
108 0.0683604
109 0.0678733
110 0.0674424
111 0.0669411
112 0.0665497
113 0.0660891
114 0.0656224
115 0.0652139
116 0.0647454
117 0.0643741
118 0.0640087
119 0.0635822
120 0.0631487
121 0.0627383
122 0.0623268
123 0.0619396
124 0.0615417
125 0.0611735
126 0.0607861
127 0.060394
128 0.0600071
129 0.0596489
130 0.0592956
131 0.0588757
132 0.0585195
133 0.0581764
134 0.057849
135 0.0574968
136 0.057157
137 0.0568385
138 0.0564578
139 0.0561095
140 0.0558116
141 0.0554736
142 0.0551304
143 0.054787
144 0.0544818
145 0.0541023
146 0.0537885
147 0.0534748
148 0.0531325
149 0.0528147
150 0.0524942
151 0.052184
152 0.0519047
153 0.0516081
154 0.0513039
155 0.0510457
156 0.0507396
157 0.0504283
158 0.0501781
159 0.0499159
160 0.0496207
161 0.0492842
162 0.0490416
163 0.048769
164 0.0485109
165 0.0482381
166 0.0479417
167 0.0477058
168 0.0474042
169 0.0471788
170 0.0469172
171 0.0467202
172 0.0464177
173 0.0461742
174 0.0459525
175 0.0457133
176 0.0455023
177 0.0452242
178 0.0449945
179 0.0447516
180 0.044504
181 0.0442764
182 0.0440604
183 0.0438268
184 0.0436186
185 0.0433778
186 0.043159
187 0.0429527
188 0.042721
189 0.0425278
190 0.042337
191 0.0421313
192 0.0419469
193 0.041757
194 0.0415724
195 0.0413638
196 0.0411554
197 0.0409447
198 0.0407309
199 0.0405477
200 0.04035
201 0.0401529
202 0.0399398
203 0.0397924
204 0.0395667
205 0.0394015
206 0.0391961
207 0.038991
208 0.0388466
209 0.0386489
210 0.0384852
211 0.0383384
212 0.0381447
213 0.0379642
214 0.0377882
215 0.0376366
216 0.037476
217 0.0372763
218 0.0371118
219 0.0369511
220 0.0367874
221 0.0366034
222 0.0364819
223 0.036322
224 0.0361604
225 0.0359565
226 0.0358225
227 0.0356745
228 0.0355018
229 0.0353819
230 0.0352337
231 0.0351061
232 0.0349326
233 0.0348077
234 0.0346586
235 0.0345174
236 0.0344053
237 0.034241
238 0.0340983
239 0.0339452
240 0.0338087
241 0.0336772
242 0.033514
243 0.0333723
244 0.0332269
245 0.0330978
246 0.0329609
247 0.0328598
248 0.0327199
249 0.0326112
250 0.0324686
251 0.0323487
252 0.032243
253 0.032114
254 0.0320031
255 0.0318732
256 0.0317524
257 0.0316272
258 0.0315077
259 0.031359
260 0.0312458
261 0.0311509
262 0.0310214
263 0.0308914
264 0.0308034
265 0.0306544
266 0.0305473
267 0.0304561
268 0.0303276
269 0.0302568
270 0.0301378
271 0.0300138
272 0.0299187
273 0.0298066
274 0.0297041
275 0.0295705
276 0.0294802
277 0.0293873
278 0.0292738
279 0.0291835
280 0.0290551
281 0.0289725
282 0.0288748
283 0.028778
284 0.028669
285 0.0285774
286 0.0284602
287 0.0283569
288 0.0282566
289 0.0281596
290 0.0280773
291 0.0279606
292 0.0278489
293 0.0277557
294 0.0276551
295 0.0275672
296 0.0275029
297 0.02742
298 0.0273236
299 0.0272097
300 0.0271227
301 0.0270318
302 0.0269207
303 0.0268451
304 0.0267677
305 0.0266724
306 0.0266045
307 0.0264988
308 0.0264288
309 0.0263393
310 0.026255
311 0.0261828
312 0.0260895
313 0.0260144
314 0.0259084
315 0.025832
316 0.0257355
317 0.025667
318 0.0255882
319 0.0255056
320 0.0254164
321 0.0253282
322 0.0252542
323 0.0251711
324 0.0250698
325 0.0250013
326 0.024929
327 0.0248414
328 0.0247596
329 0.0246926
330 0.0246024
331 0.0245227
332 0.0244619
333 0.0243766
334 0.0242994
335 0.0242329
336 0.0241597
337 0.0240889
338 0.0240063
339 0.02392
340 0.0238432
341 0.0237841
342 0.0237096
343 0.0236412
344 0.0235802
345 0.0234885
346 0.0234185
347 0.0233501
348 0.0232827
349 0.0232034
350 0.023128
351 0.0230529
352 0.022992
353 0.0229004
354 0.022847
355 0.022792
356 0.0227147
357 0.0226579
358 0.0225948
359 0.0225107
360 0.0224376
361 0.0223939
362 0.0223369
363 0.0222753
364 0.0222239
365 0.0221453
366 0.0220779
367 0.0220095
368 0.0219166
369 0.0218528
370 0.0218019
371 0.021737
372 0.02167
373 0.0216252
374 0.0215648
375 0.0215107
376 0.0214289
377 0.0213567
378 0.0213085
379 0.021266
380 0.0211762
381 0.021132
382 0.0210762
383 0.0210139
384 0.0209636
385 0.0208944
386 0.02085
387 0.0208001
388 0.020745
389 0.0207019
390 0.0206366
391 0.0205869
392 0.0205327
393 0.0205017
394 0.0204422
395 0.0203816
396 0.0203309
397 0.020282
398 0.0202352
399 0.0201685
400 0.0201124
