1 0.300277
2 0.300633
3 0.299427
4 0.300057
5 0.300019
6 0.298691
7 0.300064
8 0.300509
9 0.29994
10 0.299903
11 0.300007
12 0.299572
13 0.299653
14 0.300531
15 0.300136
16 0.300498
17 0.300152
18 0.300081
19 0.299243
20 0.299894
21 0.300492
22 0.300293
23 0.300003
24 0.299406
25 0.299871
26 0.319404
27 0.318652
28 0.329243
29 0.328677
30 0.335569
31 0.334809
32 0.339583
33 0.34001
34 0.343937
35 0.34418
36 0.346624
37 0.346637
38 0.348257
39 0.34923
40 0.351155
41 0.350616
42 0.353599
43 0.353539
44 0.354487
45 0.355468
46 0.354976
47 0.356386
48 0.357516
49 0.357324
