1 0.066719
2 0.066719
3 0.066719
4 0.066719
5 0.066719
6 0.066719
7 0.066719
8 0.066719
9 0.066719
10 0.066719
11 0.066719
12 0.082319
13 0.090584
14 0.094466
15 0.096195
16 0.097744
17 0.098525
18 0.098222
19 0.098854
20 0.098974
21 0.098966
22 0.098924
23 0.108911
24 0.11758
25 0.125874
26 0.133215
27 0.141003
28 0.146281
29 0.152295
30 0.157346
31 0.161865
32 0.165975
33 0.16927
34 0.174089
35 0.179705
36 0.184443
37 0.189546
38 0.194582
39 0.199251
40 0.204562
41 0.209299
42 0.213425
43 0.216561
44 0.221417
45 0.224354
46 0.228166
47 0.231202
48 0.234759
49 0.238406
50 0.241307
51 0.244032
52 0.247529
53 0.250954
54 0.253462
55 0.255698
56 0.259092
57 0.261601
58 0.263996
59 0.266445
60 0.267838
61 0.271038
62 0.273572
63 0.276128
64 0.27749
65 0.280621
66 0.283407
67 0.28384
68 0.286727
69 0.288311
70 0.290589
71 0.292838
72 0.294727
73 0.295982
74 0.298323
75 0.299931
76 0.301878
77 0.303882
78 0.305655
79 0.307474
80 0.309594
81 0.31026
82 0.312478
83 0.313487
84 0.316492
85 0.317118
86 0.318668
87 0.320714
88 0.321085
89 0.323024
90 0.324694
91 0.327094
92 0.326853
93 0.329176
94 0.33123
95 0.331965
96 0.334167
97 0.335405
98 0.336352
99 0.337645
100 0.338733
101 0.341792
102 0.341567
103 0.343279
104 0.344859
105 0.345745
106 0.347671
107 0.349469
108 0.350265
109 0.350604
110 0.35289
111 0.353287
112 0.354262
113 0.355455
114 0.35741
115 0.35853
116 0.359849
117 0.360745
118 0.362408
119 0.362763
120 0.364313
121 0.366022
122 0.366429
123 0.367773
124 0.36883
125 0.370245
126 0.37145
127 0.372674
128 0.372908
129 0.373678
130 0.375419
131 0.376852
132 0.377098
133 0.378567
134 0.379571
135 0.38051
136 0.381021
137 0.382686
138 0.383389
139 0.384419
140 0.385453
141 0.387588
142 0.388179
143 0.388871
144 0.389778
145 0.390221
146 0.390734
147 0.392623
148 0.393401
149 0.393957
150 0.395507
151 0.39557
152 0.396145
153 0.398739
154 0.397607
155 0.400041
156 0.400453
157 0.402406
158 0.402942
159 0.403112
160 0.404287
161 0.405487
162 0.40555
163 0.40706
164 0.407503
165 0.408055
166 0.408883
167 0.409747
168 0.410402
169 0.411361
170 0.413443
171 0.413947
172 0.413943
173 0.415066
174 0.415887
175 0.416839
176 0.416723
177 0.417833
178 0.419675
179 0.419577
180 0.420107
181 0.421568
182 0.421795
183 0.422638
184 0.422795
185 0.423905
186 0.42477
187 0.426277
188 0.426868
189 0.426966
190 0.42696
191 0.428842
192 0.429098
193 0.430356
194 0.431486
195 0.431446
196 0.432009
197 0.432784
198 0.434647
199 0.434105
200 0.434921
201 0.43532
202 0.436423
203 0.437836
204 0.437852
205 0.43955
206 0.439146
207 0.440123
208 0.441269
209 0.441279
210 0.442282
211 0.441846
212 0.443075
213 0.444242
214 0.443428
215 0.445643
216 0.446651
217 0.447016
218 0.447699
219 0.447823
220 0.448896
221 0.448913
222 0.450052
223 0.45062
224 0.450491
225 0.451419
226 0.451769
227 0.452502
228 0.453293
229 0.454015
230 0.455026
231 0.455584
232 0.455704
233 0.457566
234 0.456879
235 0.457642
236 0.457952
237 0.459211
238 0.459484
239 0.460841
240 0.460158
241 0.461358
242 0.461471
243 0.462257
244 0.46367
245 0.463437
246 0.464366
247 0.464374
248 0.465686
249 0.466415
250 0.467262
251 0.466806
252 0.467035
253 0.467883
254 0.468645
255 0.470205
256 0.470677
257 0.469842
258 0.470465
259 0.471389
260 0.471692
261 0.472391
262 0.473013
263 0.473203
264 0.47407
265 0.474824
266 0.474816
267 0.475566
268 0.475799
269 0.476724
270 0.477495
271 0.477801
272 0.477545
273 0.478278
274 0.478997
275 0.480113
276 0.480532
277 0.480867
278 0.481372
279 0.482095
280 0.482964
281 0.482993
282 0.482561
283 0.484208
284 0.484165
285 0.485379
286 0.485387
287 0.48596
288 0.486158
289 0.487698
290 0.487587
291 0.488307
292 0.487561
293 0.488183
294 0.489484
295 0.489863
296 0.490581
297 0.491271
298 0.491353
299 0.491719
300 0.49349
301 0.492236
302 0.493523
303 0.492901
304 0.493366
305 0.494553
306 0.494362
307 0.494764
308 0.495514
309 0.496011
310 0.496839
311 0.497358
312 0.497692
313 0.498094
314 0.499577
315 0.49886
316 0.499405
317 0.500096
318 0.500039
319 0.500658
320 0.501375
321 0.501236
322 0.501846
323 0.502925
324 0.503592
325 0.502742
326 0.503184
327 0.503757
328 0.50608
329 0.505063
330 0.505502
331 0.505885
332 0.505688
333 0.506407
334 0.507489
335 0.50758
336 0.507899
337 0.508254
338 0.508395
339 0.508755
340 0.509197
341 0.509337
342 0.510109
343 0.511117
344 0.511649
345 0.511306
346 0.512788
347 0.512573
348 0.513328
349 0.513876
350 0.51454
351 0.513613
352 0.51471
353 0.514146
354 0.516052
355 0.51655
356 0.516076
357 0.516241
358 0.516426
359 0.51785
360 0.517001
361 0.518311
362 0.518347
363 0.518936
364 0.519348
365 0.519272
366 0.520257
367 0.520304
368 0.521204
369 0.520375
370 0.522247
371 0.522149
372 0.522021
373 0.522927
374 0.52315
375 0.522116
376 0.524126
377 0.5237
378 0.525323
379 0.525059
380 0.525072
381 0.525322
382 0.525884
383 0.526812
384 0.526537
385 0.526918
386 0.527173
387 0.527167
388 0.52849
389 0.528515
390 0.528315
391 0.528546
392 0.529941
393 0.530493
394 0.529124
395 0.530372
396 0.530761
397 0.53144
398 0.531835
399 0.531958
400 0.53255
