1 0.499713
2 0.49949
3 0.49949
4 0.49949
5 0.49949
6 0.49949
7 0.49949
8 0.49949
9 0.49949
10 0.49949
11 0.49949
12 0.515588
13 0.524772
14 0.528758
15 0.531198
16 0.532194
17 0.532658
18 0.533167
19 0.533513
20 0.53307
21 0.533448
22 0.532831
23 0.541446
24 0.54728
25 0.553001
26 0.558018
27 0.562825
28 0.56609
29 0.569183
30 0.573183
31 0.575432
32 0.577642
33 0.579604
34 0.582221
35 0.584833
36 0.587881
37 0.590013
38 0.592112
39 0.594066
40 0.596983
41 0.599381
42 0.6012
43 0.602741
44 0.604365
45 0.606015
46 0.607198
47 0.608965
48 0.610892
49 0.61165
50 0.614351
51 0.615383
52 0.616628
53 0.617556
54 0.619071
55 0.619161
56 0.622146
57 0.621768
58 0.622356
59 0.623944
60 0.624218
61 0.625728
62 0.626831
63 0.626782
64 0.628553
65 0.628741
66 0.630546
67 0.629805
68 0.63129
69 0.63221
70 0.633316
71 0.632841
72 0.634688
73 0.634938
74 0.63524
75 0.637106
76 0.637531
77 0.636978
78 0.638039
79 0.638678
80 0.639371
81 0.64105
82 0.639802
83 0.640757
84 0.641518
85 0.641998
86 0.64281
87 0.642981
88 0.642971
89 0.64465
90 0.643638
91 0.644455
92 0.645154
93 0.645435
94 0.646191
95 0.646832
96 0.646835
97 0.646995
98 0.648601
99 0.647822
100 0.648696
101 0.64947
102 0.649352
103 0.650153
104 0.651082
105 0.650967
106 0.651947
107 0.651819
108 0.652067
109 0.652503
110 0.652346
111 0.653531
112 0.653601
113 0.653948
114 0.65415
115 0.65429
116 0.654731
117 0.654978
118 0.655768
119 0.656241
120 0.656684
121 0.656607
122 0.656979
123 0.656902
124 0.657417
125 0.657859
126 0.657746
127 0.658501
128 0.659154
129 0.659603
130 0.658877
131 0.659075
132 0.659348
133 0.660904
134 0.660498
135 0.661192
136 0.660502
137 0.660533
138 0.661265
139 0.661889
140 0.662143
141 0.662228
142 0.661749
143 0.662229
144 0.663592
145 0.66333
146 0.663856
147 0.664088
148 0.663689
149 0.664861
150 0.664154
151 0.664305
152 0.665077
153 0.665578
154 0.66449
155 0.665656
156 0.66641
157 0.666167
158 0.665517
159 0.666324
160 0.666199
161 0.666556
162 0.666316
163 0.666754
164 0.667167
165 0.667753
166 0.6671
167 0.667965
168 0.668636
169 0.667955
170 0.668553
171 0.669072
172 0.668791
173 0.668401
174 0.669833
175 0.669108
176 0.669763
177 0.67008
178 0.669968
179 0.670395
180 0.670605
181 0.670502
182 0.670524
183 0.670512
184 0.670773
185 0.67222
186 0.671314
187 0.67152
188 0.671812
189 0.671985
190 0.671549
191 0.671545
192 0.673146
193 0.67232
194 0.672466
195 0.672555
196 0.673228
197 0.672973
198 0.673329
199 0.673774
200 0.673194
201 0.672768
202 0.67356
203 0.673983
204 0.674681
205 0.674651
206 0.674188
207 0.674023
208 0.674216
209 0.675174
210 0.674764
211 0.674226
212 0.67459
213 0.675001
214 0.675161
215 0.675328
216 0.675555
217 0.67551
218 0.675131
219 0.67638
220 0.676259
221 0.676771
222 0.67634
223 0.677168
224 0.67686
225 0.67696
226 0.676842
227 0.676754
228 0.677444
229 0.678276
230 0.677346
231 0.677702
232 0.677323
233 0.678317
234 0.678496
235 0.678189
236 0.677914
237 0.678124
238 0.678178
239 0.678627
240 0.67881
241 0.679047
242 0.678577
243 0.679437
244 0.679083
245 0.678723
246 0.679598
247 0.67999
248 0.6796
249 0.679843
250 0.680011
251 0.680124
252 0.680262
253 0.680487
254 0.680394
255 0.680942
256 0.680458
257 0.681091
258 0.680278
259 0.679895
260 0.681546
261 0.68052
262 0.681008
263 0.681565
264 0.681152
265 0.681115
266 0.681169
267 0.681296
268 0.681227
269 0.681716
270 0.681264
271 0.682135
272 0.681227
273 0.681704
274 0.682614
275 0.681367
276 0.682145
277 0.683394
278 0.682091
279 0.681752
280 0.68277
281 0.682382
282 0.682976
283 0.682078
284 0.682967
285 0.683334
286 0.682458
287 0.683205
288 0.683548
289 0.682873
290 0.683137
291 0.683448
292 0.683541
293 0.683214
294 0.684131
295 0.683481
296 0.683748
297 0.683918
298 0.68522
299 0.684241
300 0.684516
301 0.683298
302 0.68476
303 0.684851
304 0.684238
305 0.685562
306 0.685523
307 0.6838
308 0.684494
309 0.684689
310 0.685574
311 0.685548
312 0.684642
313 0.685147
314 0.685514
315 0.685605
316 0.685561
317 0.685531
318 0.684965
319 0.685711
320 0.685651
321 0.685435
322 0.685897
323 0.685607
324 0.68607
325 0.685973
326 0.685552
327 0.685944
328 0.686774
329 0.685597
330 0.686616
331 0.686437
332 0.687362
333 0.685917
334 0.685894
335 0.686454
336 0.686896
337 0.686687
338 0.686676
339 0.686159
340 0.686493
341 0.686305
342 0.687187
343 0.686709
344 0.68702
345 0.686993
346 0.686929
347 0.687633
348 0.688267
349 0.687972
350 0.687916
351 0.687973
352 0.687633
353 0.687902
354 0.687529
355 0.688555
356 0.688529
357 0.688311
358 0.687267
359 0.687786
360 0.688134
361 0.688242
362 0.688212
363 0.688753
364 0.688829
365 0.688151
366 0.688791
367 0.687932
368 0.688961
369 0.68897
370 0.688373
371 0.689602
372 0.689583
373 0.689439
374 0.688982
375 0.688614
376 0.690006
377 0.689345
378 0.689553
379 0.689624
380 0.690016
381 0.689475
382 0.689586
383 0.689095
384 0.689142
385 0.689606
386 0.689139
387 0.690247
388 0.690533
389 0.689917
390 0.690592
391 0.690571
392 0.689829
393 0.689815
394 0.690043
395 0.690314
396 0.690112
397 0.689924
398 0.690429
399 0.690625
400 0.690565
