1 0.219984
2 0.219984
3 0.219984
4 0.219984
5 0.219984
6 0.219984
7 0.219984
8 0.219984
9 0.219984
10 0.219984
11 0.219984
12 0.203259
13 0.194982
14 0.190829
15 0.188802
16 0.187715
17 0.187226
18 0.187106
19 0.186883
20 0.186635
21 0.186676
22 0.186724
23 0.17894
24 0.172994
25 0.167091
26 0.162263
27 0.157455
28 0.153946
29 0.150361
30 0.147581
31 0.144817
32 0.142623
33 0.140732
34 0.138323
35 0.135448
36 0.133006
37 0.130364
38 0.127626
39 0.125457
40 0.123058
41 0.121003
42 0.119024
43 0.117406
44 0.115404
45 0.113973
46 0.112308
47 0.110802
48 0.109466
49 0.107842
50 0.106354
51 0.105174
52 0.103961
53 0.102835
54 0.101576
55 0.100569
56 0.0994311
57 0.0982786
58 0.0974105
59 0.096322
60 0.0956332
61 0.0946435
62 0.0937256
63 0.0928141
64 0.0920556
65 0.0910252
66 0.090131
67 0.0897636
68 0.0887531
69 0.0880776
70 0.0872657
71 0.0866003
72 0.0858648
73 0.0853965
74 0.084466
75 0.0839546
76 0.0833104
77 0.0827846
78 0.0820427
79 0.0814167
80 0.0807808
81 0.0804085
82 0.079745
83 0.079155
84 0.078628
85 0.0780181
86 0.0775456
87 0.0770177
88 0.076562
89 0.0761636
90 0.0756083
91 0.0751462
92 0.0747519
93 0.0741346
94 0.0736697
95 0.0733024
96 0.0726796
97 0.0722262
98 0.0719076
99 0.0714773
100 0.0711395
101 0.0705663
102 0.0703258
103 0.0698574
104 0.0694049
105 0.0690456
106 0.0687276
107 0.0682229
108 0.0678775
109 0.0676065
110 0.0671294
111 0.0668881
112 0.066541
113 0.0661456
114 0.0657441
115 0.0653307
116 0.0650319
117 0.0648106
118 0.0643539
119 0.0641085
120 0.0638578
121 0.0633751
122 0.0632351
123 0.0628188
124 0.0625305
125 0.0622213
126 0.0619414
127 0.0616147
128 0.0613849
129 0.0611144
130 0.0608407
131 0.0604637
132 0.060225
133 0.0598722
134 0.0596662
135 0.0595203
136 0.0592096
137 0.0588939
138 0.0586462
139 0.0584806
140 0.0581472
141 0.0578726
142 0.0575731
143 0.0572733
144 0.0571053
145 0.0569426
146 0.0566903
147 0.0564557
148 0.0561525
149 0.056019
150 0.0555721
151 0.0555695
152 0.0553836
153 0.0549755
154 0.054945
155 0.0545402
156 0.0543991
157 0.0541312
158 0.0539173
159 0.0538713
160 0.0535002
161 0.0533076
162 0.0531773
163 0.0529076
164 0.0527391
165 0.0525134
166 0.0524099
167 0.0521727
168 0.0520033
169 0.0518252
170 0.0514624
171 0.0512978
172 0.0511553
173 0.0509672
174 0.0508226
175 0.0507193
176 0.0505573
177 0.0502768
178 0.0500663
179 0.0499706
180 0.0498474
181 0.0495685
182 0.0494081
183 0.049298
184 0.0490595
185 0.0489536
186 0.0488277
187 0.0485946
188 0.0484545
189 0.0482929
190 0.0481234
191 0.0479506
192 0.0477993
193 0.0476421
194 0.0474495
195 0.0473602
196 0.0472074
197 0.0470965
198 0.0468562
199 0.0467866
200 0.0466111
201 0.0465519
202 0.046365
203 0.0461096
204 0.0459924
205 0.045865
206 0.0457484
207 0.0455869
208 0.0453668
209 0.0452495
210 0.0451645
211 0.0451176
212 0.0448762
213 0.0446794
214 0.0446512
215 0.0444426
216 0.044271
217 0.0442591
218 0.044145
219 0.0439693
220 0.0438657
221 0.0437553
222 0.043547
223 0.0434016
224 0.0433674
225 0.0432762
226 0.0431632
227 0.0430644
228 0.0429737
229 0.0428362
230 0.0426022
231 0.0424842
232 0.042396
233 0.0421976
234 0.0421805
235 0.0420131
236 0.0419588
237 0.0418275
238 0.0417309
239 0.0415203
240 0.0415557
241 0.0413809
242 0.0412477
243 0.0411123
244 0.0409988
245 0.0409864
246 0.040744
247 0.0406549
248 0.0405728
249 0.0405275
250 0.0403348
251 0.0403185
252 0.0402318
253 0.0401491
254 0.0399891
255 0.0398044
256 0.0397267
257 0.039701
258 0.0396545
259 0.0395634
260 0.0393984
261 0.0393123
262 0.0392071
263 0.0391038
264 0.0390255
265 0.0388969
266 0.0388251
267 0.0387755
268 0.0386788
269 0.0385622
270 0.0384197
271 0.038352
272 0.0383704
273 0.0382284
274 0.0381543
275 0.0379872
276 0.0379105
277 0.0378669
278 0.0377336
279 0.0376044
280 0.0375295
281 0.037461
282 0.0374371
283 0.0371838
284 0.0372631
285 0.037153
286 0.0370261
287 0.0369507
288 0.0369349
289 0.0366567
290 0.036648
291 0.0365747
292 0.0365981
293 0.0364881
294 0.0363267
295 0.036244
296 0.0361891
297 0.0360358
298 0.0360351
299 0.0359113
300 0.0357786
301 0.0358134
302 0.035699
303 0.0357208
304 0.0356485
305 0.035462
306 0.0354427
307 0.0354308
308 0.0352897
309 0.0352015
310 0.0351471
311 0.0350308
312 0.0349776
313 0.0349125
314 0.0347898
315 0.0347512
316 0.0347246
317 0.0345952
318 0.0345719
319 0.0344859
320 0.0344089
321 0.0343485
322 0.0342565
323 0.0341474
324 0.0340186
325 0.0340393
326 0.0340302
327 0.0339698
328 0.0336696
329 0.0338082
330 0.0337556
331 0.0336736
332 0.0335948
333 0.0335126
334 0.0334273
335 0.0333291
336 0.0333333
337 0.0332481
338 0.03325
339 0.0331642
340 0.0330146
341 0.0330394
342 0.0329605
343 0.0327934
344 0.0327765
345 0.0327365
346 0.0325502
347 0.0325533
348 0.0325371
349 0.0323905
350 0.0323587
351 0.0323542
352 0.0322533
353 0.0323042
354 0.0320509
355 0.0319885
356 0.0319654
357 0.0320015
358 0.031932
359 0.0318361
360 0.0319122
361 0.0317834
362 0.0317191
363 0.0316148
364 0.0315809
365 0.0315008
366 0.0314089
367 0.0313979
368 0.0313407
369 0.0313625
370 0.0311849
371 0.0311572
372 0.0311021
373 0.0310293
374 0.0309786
375 0.0310401
376 0.030828
377 0.0308333
378 0.0306995
379 0.0307129
380 0.0306674
381 0.0306778
382 0.0305691
383 0.0305255
384 0.0304534
385 0.0303794
386 0.0303679
387 0.0303716
388 0.0301828
389 0.0302184
390 0.0301915
391 0.0301281
392 0.0299943
393 0.0299772
394 0.029998
395 0.0298808
396 0.0298993
397 0.0297372
398 0.0297594
399 0.029686
400 0.0296397
