1 0.610181
2 0.610181
3 0.610181
4 0.610181
5 0.610181
6 0.610181
7 0.610181
8 0.610181
9 0.610181
10 0.610181
11 0.610181
12 0.610181
13 0.610181
14 0.610181
15 0.610181
16 0.610181
17 0.610181
18 0.610181
19 0.610181
20 0.610181
21 0.610181
22 0.610181
23 0.610181
24 0.610181
25 0.610181
26 0.610181
27 0.610181
28 0.610181
29 0.610181
30 0.610181
31 0.610181
32 0.610181
33 0.610181
34 0.610181
35 0.610181
36 0.610181
37 0.610181
38 0.610181
39 0.610181
40 0.610181
41 0.610181
42 0.610181
43 0.610181
44 0.610181
45 0.610181
46 0.610181
47 0.610181
48 0.610181
49 0.610181
50 0.610181
51 0.610181
52 0.610181
53 0.610181
54 0.610181
55 0.610181
56 0.610181
57 0.610181
58 0.610181
59 0.610181
60 0.610181
61 0.610181
62 0.610181
63 0.610181
64 0.610181
65 0.610181
66 0.610181
67 0.610181
68 0.610181
69 0.610181
70 0.610181
71 0.610181
72 0.610181
73 0.610181
74 0.610181
75 0.610181
76 0.610181
77 0.610181
78 0.610181
79 0.610181
80 0.610181
81 0.610181
82 0.610181
83 0.610181
84 0.610181
85 0.610181
86 0.610181
87 0.610181
88 0.610181
89 0.610181
90 0.610181
91 0.610181
92 0.610181
93 0.610181
94 0.610181
95 0.610181
96 0.610181
97 0.610181
98 0.610181
99 0.610181
100 0.610181
101 0.610181
102 0.610181
103 0.610181
104 0.610181
105 0.610181
106 0.610181
107 0.610181
108 0.610181
109 0.610181
110 0.610181
111 0.610181
112 0.610181
113 0.610181
114 0.610181
115 0.610181
116 0.610181
117 0.610181
118 0.610181
119 0.610181
120 0.610181
121 0.610181
122 0.610181
123 0.610181
124 0.610181
125 0.610181
126 0.610181
127 0.610181
128 0.610181
129 0.610181
130 0.610181
131 0.610181
132 0.610181
133 0.610181
134 0.610181
135 0.610181
136 0.610181
137 0.610181
138 0.610181
139 0.610181
140 0.610181
141 0.610181
142 0.610181
143 0.610181
144 0.610181
145 0.610181
146 0.610181
147 0.610181
148 0.610181
149 0.610181
150 0.610181
151 0.610181
152 0.610181
153 0.610181
154 0.610181
155 0.610181
156 0.610181
157 0.610181
158 0.610181
159 0.610181
160 0.610181
161 0.610181
162 0.610181
163 0.610181
164 0.610181
165 0.610181
166 0.610181
167 0.610181
168 0.610181
169 0.610181
170 0.610181
171 0.610181
172 0.610181
173 0.610181
174 0.610181
175 0.610181
176 0.610181
177 0.610181
178 0.610181
179 0.610181
180 0.610181
181 0.610181
182 0.610181
183 0.610181
184 0.610181
185 0.610181
186 0.610181
187 0.610181
188 0.610181
189 0.610181
190 0.610181
191 0.610181
192 0.610181
193 0.610181
194 0.610181
195 0.610181
196 0.610181
197 0.610181
198 0.610181
199 0.610181
200 0.610181
201 0.610181
202 0.610181
203 0.610181
204 0.610181
205 0.610181
206 0.610181
207 0.610181
208 0.610181
209 0.610181
210 0.610181
211 0.610181
212 0.610181
213 0.610181
214 0.610181
215 0.610181
216 0.610181
217 0.610181
218 0.610181
219 0.610181
220 0.610181
221 0.610181
222 0.610181
223 0.610181
224 0.610181
225 0.610181
226 0.610181
227 0.610181
228 0.610181
229 0.610181
230 0.610181
231 0.610181
232 0.610181
233 0.610181
234 0.610181
235 0.610181
236 0.610181
237 0.610181
238 0.610181
239 0.610181
240 0.610181
241 0.610181
242 0.610181
243 0.610181
244 0.610181
245 0.610181
246 0.610181
247 0.610181
248 0.610181
249 0.610181
250 0.610181
251 0.610181
252 0.610181
253 0.610181
254 0.610181
255 0.610181
256 0.610181
257 0.610181
258 0.610181
259 0.610181
260 0.610181
261 0.610181
262 0.610181
263 0.610181
264 0.610181
265 0.610181
266 0.610181
267 0.610181
268 0.610181
269 0.610181
270 0.610181
271 0.610181
272 0.610181
273 0.610181
274 0.610181
275 0.610181
276 0.610181
277 0.610181
278 0.610181
279 0.610181
280 0.610181
281 0.610181
282 0.610181
283 0.610181
284 0.610181
285 0.610181
286 0.610181
287 0.610181
288 0.610181
289 0.610181
290 0.610181
291 0.610181
292 0.610181
293 0.610181
294 0.610181
295 0.610181
296 0.610181
297 0.610181
298 0.610181
299 0.610181
300 0.610181
301 0.610181
302 0.610181
303 0.610181
304 0.610181
305 0.610181
306 0.610181
307 0.610181
308 0.610181
309 0.610181
310 0.610181
311 0.610181
312 0.610181
313 0.610181
314 0.610181
315 0.610181
316 0.610181
317 0.610181
318 0.610181
319 0.610181
320 0.610181
321 0.610181
322 0.610181
323 0.610181
324 0.610181
325 0.610181
326 0.610181
327 0.610181
328 0.610181
329 0.610181
330 0.610181
331 0.610181
332 0.610181
333 0.610181
334 0.610181
335 0.610181
336 0.610181
337 0.610181
338 0.610181
339 0.610181
340 0.610181
341 0.610181
342 0.610181
343 0.610181
344 0.610181
345 0.610181
346 0.610181
347 0.610181
348 0.610181
349 0.610181
350 0.610181
351 0.610181
352 0.610181
353 0.610181
354 0.610181
355 0.610181
356 0.610181
357 0.610181
358 0.610181
359 0.610181
360 0.610181
361 0.610181
362 0.610181
363 0.610181
364 0.610181
365 0.610181
366 0.610181
367 0.610181
368 0.610181
369 0.610181
370 0.610181
371 0.610181
372 0.610181
373 0.610181
374 0.610181
375 0.610181
376 0.610181
377 0.610181
378 0.610181
379 0.610181
380 0.610181
381 0.610181
382 0.610181
383 0.610181
384 0.610181
385 0.610181
386 0.610181
387 0.610181
388 0.610181
389 0.610181
390 0.610181
391 0.610181
392 0.610181
393 0.610181
394 0.610181
395 0.610181
396 0.610181
397 0.610181
398 0.610181
399 0.610181
400 0.610181
