1 0.143324
2 0.140171
3 0.126231
4 0.107621
5 0.0943763
6 0.0889028
7 0.0823879
8 0.0802318
9 0.0763221
10 0.0730075
11 0.0690364
12 0.0670133
13 0.0641103
14 0.062505
15 0.0603138
16 0.0585519
17 0.0565009
18 0.0552142
19 0.0534109
20 0.0523181
21 0.0510058
22 0.0498433
23 0.0484952
24 0.0475828
25 0.0463782
26 0.0453469
27 0.0442133
28 0.0432084
29 0.0420438
30 0.0411692
31 0.040189
32 0.0394619
33 0.0386334
34 0.0379649
35 0.0372163
36 0.036605
37 0.0358714
38 0.0353127
39 0.0346821
40 0.0341869
41 0.0336047
42 0.0330615
43 0.0325863
44 0.0321649
45 0.0316691
46 0.0312866
47 0.0307312
48 0.0303402
49 0.0299174
50 0.0294894
51 0.0291033
52 0.0287367
53 0.0283168
54 0.0279884
55 0.0276188
56 0.0272706
57 0.0269437
58 0.0266336
59 0.0262853
60 0.0259648
61 0.0256655
62 0.0253496
63 0.0250542
64 0.024742
65 0.0244949
66 0.0242262
67 0.0239557
68 0.0237243
69 0.0234445
70 0.0232074
71 0.0229689
72 0.0227964
73 0.022529
74 0.0222833
75 0.0220778
76 0.0218199
77 0.0215769
78 0.0213639
79 0.0211558
80 0.0209773
81 0.0207748
82 0.0205792
83 0.020385
84 0.0202105
85 0.0200365
86 0.0198669
87 0.0196923
88 0.0195362
89 0.0193882
90 0.0192298
91 0.0190536
92 0.0188871
93 0.0187069
94 0.0185622
95 0.0184262
96 0.0183048
97 0.0181457
98 0.0180231
99 0.0178459
100 0.0177351
101 0.0176146
102 0.0174748
103 0.0173372
104 0.0172189
105 0.0170967
106 0.0169671
107 0.0168284
108 0.0167311
109 0.0166034
110 0.0165042
111 0.0163978
112 0.016277
113 0.0161569
114 0.0160291
115 0.0159311
116 0.0158371
117 0.0157474
118 0.0156405
119 0.0155321
120 0.0154375
121 0.0153457
122 0.0152436
123 0.0151356
124 0.0150586
125 0.0149556
126 0.0148898
127 0.0147792
128 0.0147041
129 0.0145894
130 0.0145153
131 0.0144267
132 0.0143385
133 0.0142477
134 0.0141799
135 0.0140863
136 0.0140096
137 0.013919
138 0.0138565
139 0.0137779
140 0.0136932
141 0.0136357
142 0.0135497
143 0.0134795
144 0.0134193
145 0.013367
146 0.0132968
147 0.0132141
148 0.0131586
149 0.0130887
150 0.0130309
151 0.0129589
152 0.0128909
153 0.0128522
154 0.0127713
155 0.0126996
156 0.0126504
157 0.0125615
158 0.0124941
159 0.0124438
160 0.0123901
161 0.0123357
162 0.0122588
163 0.012207
164 0.0121475
165 0.0120936
166 0.0120566
167 0.0119868
168 0.0119163
169 0.0118608
170 0.0117973
171 0.0117444
172 0.0116742
173 0.0116244
174 0.0115621
175 0.0115041
176 0.011465
177 0.0114142
178 0.0113452
179 0.0113079
180 0.0112584
181 0.0112105
182 0.0111529
183 0.0111136
184 0.0110606
185 0.0110016
186 0.0109475
187 0.0109088
188 0.0108519
189 0.0108084
190 0.0107635
191 0.0107174
192 0.0106843
193 0.0106315
194 0.0105971
195 0.0105331
196 0.0104945
197 0.0104513
198 0.0104194
199 0.0103579
200 0.0103147
201 0.0102763
202 0.0102415
203 0.0102021
204 0.0101568
205 0.0101255
206 0.0100784
207 0.0100409
208 0.0100013
209 0.00997267
210 0.00993441
211 0.00988912
212 0.00985495
213 0.00982701
214 0.0097876
215 0.00973112
216 0.00970979
217 0.00966158
218 0.00963683
219 0.00961115
220 0.00956099
221 0.00953592
222 0.00949555
223 0.00946788
224 0.00941685
225 0.00938191
226 0.00935637
227 0.00931501
228 0.00928439
229 0.00925237
230 0.00921684
231 0.00920074
232 0.00916077
233 0.00913476
234 0.00910459
235 0.00907721
236 0.00903988
237 0.00900961
238 0.00897298
239 0.00895553
240 0.00891657
241 0.00889112
242 0.00886507
243 0.00882719
244 0.00879625
245 0.00876635
246 0.00872947
247 0.0087095
248 0.00868193
249 0.00865088
250 0.00861935
251 0.00859129
252 0.00856674
253 0.00853926
254 0.0085086
255 0.00847644
256 0.00844775
257 0.00842721
258 0.00840486
259 0.00838571
260 0.00835593
261 0.00832913
262 0.00830096
263 0.00826876
264 0.00823984
265 0.00821987
266 0.00818585
267 0.00816412
268 0.00812901
269 0.00810142
270 0.0080831
271 0.00805466
272 0.00803925
273 0.00802407
274 0.00800149
275 0.00798255
276 0.00796612
277 0.00792975
278 0.00791309
279 0.0078946
280 0.00786903
281 0.00784322
282 0.00782047
283 0.00780407
284 0.00778221
285 0.00776855
286 0.00774236
287 0.00771175
288 0.00768642
289 0.00766193
290 0.00763507
291 0.00761723
292 0.00759758
293 0.00757482
294 0.00755021
295 0.00752996
296 0.00751472
297 0.00749051
298 0.00746835
299 0.0074492
300 0.00742106
301 0.00741163
302 0.00739224
303 0.00736466
304 0.00734868
305 0.00733508
306 0.00731602
307 0.0072955
308 0.00727794
309 0.00725819
310 0.00723059
311 0.00721632
312 0.0071799
313 0.0071737
314 0.00715594
315 0.00713926
316 0.00712328
317 0.00710017
318 0.00707881
319 0.0070614
320 0.00704289
321 0.00701742
322 0.00699523
323 0.00697809
324 0.00695576
325 0.00693519
326 0.00692026
327 0.00690141
328 0.00688866
329 0.00688034
330 0.00685755
331 0.00684165
332 0.00682807
333 0.00680262
334 0.00678022
335 0.00676381
336 0.00674855
337 0.00672673
338 0.00671444
339 0.00669124
340 0.00668672
341 0.00666954
342 0.00665112
343 0.00663624
344 0.00662119
345 0.00660551
346 0.00659385
347 0.00657939
348 0.00656794
349 0.00654354
350 0.00653383
351 0.00651816
352 0.00650324
353 0.00648924
354 0.00647253
355 0.00645896
356 0.00644708
357 0.00642936
358 0.00642388
359 0.00640494
360 0.00639414
361 0.00638125
362 0.00638084
363 0.00635528
364 0.00633524
365 0.0063186
366 0.0063103
367 0.00629455
368 0.00627618
369 0.00626262
370 0.00625325
371 0.00623604
372 0.00622071
373 0.00620877
374 0.00619954
375 0.00618572
376 0.006177
377 0.00616216
378 0.00614611
379 0.00612182
380 0.0061058
381 0.00609218
382 0.00607296
383 0.00606946
384 0.00605534
385 0.00603941
386 0.00602954
387 0.00601431
388 0.00600127
389 0.00598835
390 0.00597634
391 0.00597151
392 0.00595816
393 0.00593897
394 0.00593068
395 0.00592095
396 0.00590402
397 0.00589
398 0.00587873
399 0.00586474
400 0.00585964
