1 0.085373
2 0.0887933
3 0.103686
4 0.114187
5 0.121819
6 0.12758
7 0.136256
8 0.143399
9 0.15212
10 0.160117
11 0.167114
12 0.174379
13 0.181229
14 0.187357
15 0.194094
16 0.198223
17 0.203415
18 0.20836
19 0.212811
20 0.2173
21 0.221079
22 0.225071
23 0.228762
24 0.232012
25 0.235576
26 0.238647
27 0.242028
28 0.245094
29 0.248532
30 0.252064
31 0.254027
32 0.257768
33 0.260718
34 0.263673
35 0.266849
36 0.269178
37 0.272018
38 0.27545
39 0.277502
40 0.279441
41 0.28224
42 0.285538
43 0.287853
44 0.289698
45 0.292646
46 0.294877
47 0.297655
48 0.29929
49 0.301433
50 0.304217
51 0.30599
52 0.307955
53 0.309732
54 0.312449
55 0.314909
56 0.316766
57 0.318182
58 0.321025
59 0.322791
60 0.324524
61 0.326757
62 0.328086
63 0.33073
64 0.332071
65 0.334006
66 0.335428
67 0.337775
68 0.338085
69 0.341262
70 0.342056
71 0.344731
72 0.345763
73 0.347952
74 0.34944
75 0.351064
76 0.351356
77 0.353924
78 0.355125
79 0.356474
80 0.359228
81 0.361167
82 0.363089
83 0.363542
84 0.365297
85 0.365872
86 0.36793
87 0.370811
88 0.370651
89 0.372434
90 0.373981
91 0.374525
92 0.376845
93 0.378834
94 0.379937
95 0.380331
96 0.381557
97 0.38241
98 0.384292
99 0.385514
100 0.386755
101 0.388964
102 0.389443
103 0.391867
104 0.392314
105 0.392843
106 0.396008
107 0.396878
108 0.397559
109 0.399092
110 0.400127
111 0.401146
112 0.402561
113 0.404288
114 0.404722
115 0.405421
116 0.407388
117 0.407962
118 0.408988
119 0.410181
120 0.412531
121 0.412298
122 0.413879
123 0.415587
124 0.415486
125 0.416899
126 0.417968
127 0.419076
128 0.420253
129 0.421074
130 0.422583
131 0.42328
132 0.424552
133 0.426105
134 0.426928
135 0.426748
136 0.428974
137 0.429647
138 0.430516
139 0.431701
140 0.431662
141 0.433147
142 0.43438
143 0.436053
144 0.436422
145 0.43748
146 0.438343
147 0.439296
148 0.440428
149 0.441475
150 0.441385
151 0.442352
152 0.44456
153 0.444893
154 0.446129
155 0.446715
156 0.447616
157 0.44845
158 0.449515
159 0.449785
160 0.451446
161 0.452073
162 0.453676
163 0.453907
164 0.453732
165 0.455156
166 0.456524
167 0.456774
168 0.457787
169 0.459603
170 0.459881
171 0.461325
172 0.461143
173 0.461493
174 0.463283
175 0.463522
176 0.464951
177 0.465225
178 0.465989
179 0.466426
180 0.466853
181 0.468512
182 0.469196
183 0.470034
184 0.46979
185 0.471416
186 0.472457
187 0.472932
188 0.473733
189 0.474468
190 0.474797
191 0.475896
192 0.476468
193 0.477724
194 0.477971
195 0.478567
196 0.479837
197 0.480349
198 0.481024
199 0.480938
200 0.481851
201 0.483072
202 0.483842
203 0.484525
204 0.484317
205 0.48522
206 0.486788
207 0.48766
208 0.488342
209 0.488587
210 0.489765
211 0.490419
212 0.490687
213 0.491927
214 0.491585
215 0.492398
216 0.492899
217 0.493154
218 0.494949
219 0.496035
220 0.495849
221 0.496052
222 0.497949
223 0.498493
224 0.498725
225 0.49973
226 0.499907
227 0.499543
228 0.501254
229 0.501583
230 0.502772
231 0.502567
232 0.50318
233 0.504257
234 0.504578
235 0.50526
236 0.50547
237 0.506187
238 0.506935
239 0.507172
240 0.507599
241 0.509259
242 0.509588
243 0.510488
244 0.510115
245 0.510992
246 0.511624
247 0.51312
248 0.512256
249 0.513708
250 0.514498
251 0.514768
252 0.515177
253 0.515671
254 0.516489
255 0.516667
256 0.517651
257 0.51727
258 0.518079
259 0.518879
260 0.520911
261 0.519646
262 0.520476
263 0.521546
264 0.522171
265 0.521313
266 0.521975
267 0.522938
268 0.523222
269 0.523587
270 0.52406
271 0.525418
272 0.525883
273 0.525864
274 0.527398
275 0.527838
276 0.527274
277 0.529088
278 0.529135
279 0.529374
280 0.529696
281 0.530652
282 0.530529
283 0.532042
284 0.531832
285 0.532272
286 0.532845
287 0.53407
288 0.533415
289 0.53411
290 0.535497
291 0.535641
292 0.535923
293 0.536501
294 0.536803
295 0.536825
296 0.538166
297 0.538196
298 0.539048
299 0.538963
300 0.54042
301 0.540316
302 0.541417
303 0.541247
304 0.541086
305 0.5414
306 0.541633
307 0.542575
308 0.543362
309 0.543398
310 0.544537
311 0.544679
312 0.54504
313 0.545567
314 0.54684
315 0.546326
316 0.546555
317 0.546339
318 0.547382
319 0.547956
320 0.548493
321 0.54904
322 0.549669
323 0.550329
324 0.550952
325 0.551247
326 0.552333
327 0.552014
328 0.551816
329 0.552474
330 0.553747
331 0.553496
332 0.554039
333 0.554734
334 0.555565
335 0.556382
336 0.555568
337 0.556218
338 0.556681
339 0.556902
340 0.557405
341 0.558377
342 0.558368
343 0.55907
344 0.5587
345 0.55854
346 0.559714
347 0.560385
348 0.560783
349 0.560387
350 0.561794
351 0.561978
352 0.562197
353 0.562361
354 0.563136
355 0.563178
356 0.562923
357 0.565154
358 0.565505
359 0.564762
360 0.565614
361 0.565877
362 0.565643
363 0.566409
364 0.566715
365 0.566091
366 0.567636
367 0.568749
368 0.568328
369 0.568947
370 0.5697
371 0.569466
372 0.569991
373 0.570615
374 0.571039
375 0.571092
376 0.572151
377 0.571146
378 0.572168
379 0.571965
380 0.57334
381 0.573274
382 0.574062
383 0.573278
384 0.573943
385 0.57438
386 0.575789
387 0.575201
388 0.575598
389 0.57669
390 0.576829
391 0.577431
392 0.577492
393 0.577406
394 0.577104
395 0.57857
396 0.577892
397 0.579008
398 0.578384
399 0.579954
400 0.580136
