1 0.066714
2 0.066714
3 0.0666983
4 0.0666177
5 0.0666472
6 0.0667142
7 0.0693624
8 0.072989
9 0.0770698
10 0.0807264
11 0.0843927
12 0.0875694
13 0.0910858
14 0.0946828
15 0.0989053
16 0.102339
17 0.106247
18 0.110306
19 0.114024
20 0.117923
21 0.121288
22 0.124964
23 0.128525
24 0.131729
25 0.135358
26 0.138348
27 0.141593
28 0.144695
29 0.147882
30 0.150982
31 0.153297
32 0.156544
33 0.159441
34 0.162067
35 0.164993
36 0.167316
37 0.170208
38 0.172869
39 0.17521
40 0.177339
41 0.180076
42 0.182783
43 0.185126
44 0.187066
45 0.189457
46 0.191853
47 0.194174
48 0.196062
49 0.198167
50 0.200435
51 0.202572
52 0.204582
53 0.20625
54 0.208714
55 0.2109
56 0.212789
57 0.214554
58 0.217042
59 0.21854
60 0.2203
61 0.222203
62 0.223801
63 0.226321
64 0.227615
65 0.229537
66 0.230888
67 0.233103
68 0.233751
69 0.236419
70 0.237689
71 0.239704
72 0.240861
73 0.243062
74 0.244536
75 0.246013
76 0.246718
77 0.248924
78 0.250297
79 0.251631
80 0.253848
81 0.255531
82 0.25745
83 0.258203
84 0.259572
85 0.260435
86 0.262647
87 0.264593
88 0.265294
89 0.266739
90 0.26824
91 0.269214
92 0.271061
93 0.272538
94 0.273813
95 0.274825
96 0.275797
97 0.276944
98 0.27817
99 0.279741
100 0.280925
101 0.282809
102 0.283562
103 0.285617
104 0.286389
105 0.286955
106 0.289589
107 0.290367
108 0.290992
109 0.292627
110 0.293772
111 0.294812
112 0.295935
113 0.297425
114 0.298413
115 0.299195
116 0.30093
117 0.301647
118 0.30268
119 0.303719
120 0.305606
121 0.306046
122 0.307041
123 0.308841
124 0.309011
125 0.309933
126 0.311341
127 0.31244
128 0.313553
129 0.314352
130 0.315981
131 0.31672
132 0.317871
133 0.319294
134 0.319985
135 0.320359
136 0.322344
137 0.322687
138 0.323741
139 0.325044
140 0.324989
141 0.326458
142 0.327526
143 0.328995
144 0.329453
145 0.3306
146 0.331237
147 0.332368
148 0.333378
149 0.334343
150 0.334518
151 0.335748
152 0.337383
153 0.337991
154 0.338979
155 0.33979
156 0.340512
157 0.341374
158 0.342403
159 0.342695
160 0.343911
161 0.3449
162 0.34648
163 0.346775
164 0.346745
165 0.348148
166 0.349408
167 0.349812
168 0.350895
169 0.352283
170 0.352587
171 0.353743
172 0.354177
173 0.354451
174 0.356149
175 0.356518
176 0.357497
177 0.358155
178 0.359125
179 0.359532
180 0.360002
181 0.361679
182 0.362095
183 0.362975
184 0.363095
185 0.364584
186 0.365453
187 0.365987
188 0.366701
189 0.367323
190 0.367887
191 0.369025
192 0.369767
193 0.370618
194 0.370997
195 0.371541
196 0.373041
197 0.373384
198 0.374011
199 0.374346
200 0.375291
201 0.376219
202 0.377027
203 0.377694
204 0.377756
205 0.378516
206 0.379819
207 0.380845
208 0.381425
209 0.381919
210 0.383002
211 0.383758
212 0.383868
213 0.385025
214 0.385009
215 0.385922
216 0.386086
217 0.386453
218 0.388243
219 0.389149
220 0.389361
221 0.389358
222 0.391047
223 0.39174
224 0.39198
225 0.393015
226 0.393398
227 0.39321
228 0.39448
229 0.395132
230 0.396117
231 0.395905
232 0.396554
233 0.39745
234 0.398208
235 0.398691
236 0.399052
237 0.399732
238 0.400236
239 0.400764
240 0.401463
241 0.402634
242 0.402823
243 0.403724
244 0.404001
245 0.404701
246 0.405076
247 0.40658
248 0.406029
249 0.407358
250 0.408115
251 0.408257
252 0.408926
253 0.409417
254 0.41018
255 0.410341
256 0.411593
257 0.411451
258 0.411877
259 0.412703
260 0.414408
261 0.413318
262 0.414372
263 0.415153
264 0.416148
265 0.415329
266 0.416194
267 0.41702
268 0.417159
269 0.417945
270 0.418313
271 0.419653
272 0.419979
273 0.419986
274 0.421405
275 0.421846
276 0.421597
277 0.423039
278 0.423227
279 0.423263
280 0.424131
281 0.424741
282 0.425019
283 0.426325
284 0.426145
285 0.426791
286 0.427279
287 0.428079
288 0.428231
289 0.428624
290 0.429848
291 0.430115
292 0.430369
293 0.430925
294 0.431114
295 0.431375
296 0.432382
297 0.432801
298 0.433642
299 0.433752
300 0.435
301 0.434694
302 0.435849
303 0.435813
304 0.435802
305 0.436424
306 0.436695
307 0.437452
308 0.438067
309 0.438324
310 0.439452
311 0.439621
312 0.439947
313 0.440282
314 0.441368
315 0.441159
316 0.441479
317 0.44143
318 0.442562
319 0.443124
320 0.443503
321 0.44404
322 0.444671
323 0.445288
324 0.445801
325 0.446224
326 0.447207
327 0.447209
328 0.447026
329 0.447614
330 0.448557
331 0.44883
332 0.449467
333 0.449909
334 0.450237
335 0.45143
336 0.450661
337 0.451392
338 0.451957
339 0.45236
340 0.452652
341 0.45382
342 0.453713
343 0.454315
344 0.454105
345 0.454182
346 0.455433
347 0.455933
348 0.456297
349 0.455976
350 0.456951
351 0.45743
352 0.457832
353 0.458338
354 0.45891
355 0.458908
356 0.458636
357 0.460641
358 0.460693
359 0.460358
360 0.461442
361 0.461695
362 0.461471
363 0.461911
364 0.462619
365 0.46253
366 0.463506
367 0.464298
368 0.464148
369 0.46467
370 0.465666
371 0.46538
372 0.466019
373 0.46659
374 0.466952
375 0.467312
376 0.467891
377 0.467518
378 0.468302
379 0.468135
380 0.469532
381 0.469303
382 0.470152
383 0.469365
384 0.470143
385 0.470595
386 0.472014
387 0.471658
388 0.471982
389 0.472833
390 0.473382
391 0.473548
392 0.473871
393 0.473792
394 0.473633
395 0.475154
396 0.474659
397 0.475322
398 0.475117
399 0.476366
400 0.476639
