1 0.499923
2 0.500077
3 0.499174
4 0.500826
5 0.500257
6 0.499743
7 0.500483
8 0.499517
9 0.499307
10 0.500693
11 0.499463
12 0.500537
13 0.500616
14 0.499384
15 0.500328
16 0.499672
17 0.500817
18 0.499183
19 0.500763
20 0.499237
21 0.499885
22 0.500115
23 0.499845
24 0.500155
25 0.499297
26 0.499923
27 0.949468
28 0.824533
29 0.962277
30 0.913155
31 0.974087
32 0.948906
33 0.982891
34 0.968034
35 0.988668
36 0.979384
37 0.992326
38 0.986685
39 0.994911
40 0.991171
41 0.996618
42 0.99424
43 0.997729
44 0.996088
45 0.998489
46 0.997442
47 0.99897
48 0.998287
49 0.999292
50 0.998831
51 0.999158
52 0.999143
53 0.999324
54 0.999394
55 0.999428
56 0.999525
57 0.999605
58 0.999636
59 0.999697
60 0.999731
61 0.999754
62 0.999812
63 0.999812
64 0.999841
65 0.999864
66 0.999865
67 0.99989
68 0.999907
69 0.999905
70 0.999933
71 0.999935
72 0.999943
73 0.999941
74 0.999951
75 0.999946
76 0.999965
77 0.999964
78 0.999968
79 0.99997
80 0.99997
81 0.999974
82 0.999976
83 0.999977
84 0.999977
85 0.999983
86 0.999985
87 0.999984
88 0.999992
89 0.999991
90 0.999988
91 0.999988
92 0.999989
93 0.999989
94 0.999993
95 0.999991
96 0.999992
97 0.999992
98 0.99999
99 0.999991
100 0.999992
101 0.999992
102 0.99999
103 0.999991
104 0.999992
105 0.999991
106 0.999991
107 0.999993
108 0.999993
109 0.999995
110 0.999995
111 0.999994
112 0.999995
113 0.999996
114 0.999996
115 0.999997
116 0.999996
117 0.999997
118 0.999998
119 0.999997
120 0.999996
121 0.999998
122 0.999997
123 0.999997
124 0.999998
125 0.999998
126 0.999998
127 0.999998
128 0.999998
129 0.999997
130 0.999997
131 0.999998
132 0.999998
133 0.999997
134 0.999998
135 0.999998
136 0.999998
137 0.999998
138 0.999998
139 0.999998
140 0.999998
141 0.999998
142 0.999998
143 0.999998
144 0.999998
145 0.999998
146 0.999998
147 0.999998
148 0.999998
149 0.999998
150 0.999998
151 0.999998
152 0.999998
153 0.999998
154 0.999998
155 0.999998
156 0.999998
157 0.999999
158 0.999998
159 0.999998
160 0.999999
161 0.999998
162 0.999998
163 0.999998
164 0.999998
165 0.999998
166 0.999998
167 0.999998
168 0.999998
169 0.999998
170 0.999998
171 0.999998
172 0.999998
173 0.999998
174 0.999998
175 0.999998
176 0.999998
177 0.999998
178 0.999998
179 0.999998
180 0.999998
181 0.999998
182 0.999999
183 0.999999
184 0.999999
185 0.999999
186 0.999999
187 0.999999
188 0.999999
189 0.999999
190 0.999999
191 0.999999
192 0.999999
193 0.999999
194 0.999999
195 0.999999
196 0.999999
197 0.999998
198 0.999999
199 0.999999
200 0.999999
201 0.999999
202 0.999999
203 1
204 1
205 1
206 0.999999
207 0.999999
208 1
209 0.999999
210 0.999999
211 0.999999
212 0.999999
213 0.999999
214 1
215 1
216 1
217 0.999999
218 1
219 0.999999
220 0.999999
221 0.999999
222 0.999999
223 0.999999
224 0.999999
225 0.999999
226 0.999999
227 0.999999
228 1
229 1
230 1
231 1
232 1
233 1
234 1
235 1
236 1
237 1
238 1
239 1
240 1
241 1
242 1
243 1
244 1
245 1
246 1
247 1
248 1
249 1
250 1
251 1
252 1
253 1
254 1
255 1
256 1
257 1
258 1
259 1
260 1
261 1
262 1
263 1
264 1
265 1
266 1
267 1
268 1
269 1
270 1
271 1
272 1
273 1
274 1
275 1
276 1
277 1
278 1
279 1
280 1
281 1
282 1
283 1
284 1
285 1
286 1
287 1
288 1
289 1
290 1
291 1
292 1
293 1
294 1
295 1
296 1
297 1
298 1
299 1
300 1
301 1
302 1
303 1
304 1
305 1
306 1
307 1
308 1
309 1
310 1
311 1
312 1
313 1
314 1
315 1
316 1
317 1
318 1
319 1
320 1
321 1
322 1
323 1
324 1
325 1
326 1
327 1
328 1
329 1
330 1
331 1
332 1
333 1
334 1
335 1
336 1
337 1
338 1
339 1
340 1
341 1
342 1
343 1
344 1
345 1
346 1
347 1
348 1
349 1
350 1
351 1
352 1
353 1
354 1
355 1
356 1
357 1
358 1
359 1
360 1
361 1
362 1
363 1
364 1
365 1
366 1
367 1
368 1
369 1
370 1
371 1
372 1
373 1
374 1
375 1
376 1
377 1
378 1
379 1
380 1
381 1
382 1
383 1
384 1
385 1
386 1
387 1
388 1
389 1
390 1
391 1
392 1
393 1
394 1
395 1
396 1
397 1
398 1
399 1
400 1
