1 0.494703
2 0.495387
3 0.494576
4 0.49475
5 0.495279
6 0.494811
7 0.495397
8 0.494823
9 0.494627
10 0.496119
11 0.494399
12 0.495415
13 0.495206
14 0.495058
15 0.495715
16 0.494841
17 0.495658
18 0.494834
19 0.495476
20 0.49493
21 0.495127
22 0.494303
23 0.494848
24 0.495296
25 0.494682
26 0.494672
27 0.7422
28 0.673662
29 0.749612
30 0.722845
31 0.756471
32 0.7417
33 0.760773
34 0.752204
35 0.764193
36 0.759037
37 0.76602
38 0.763019
39 0.76681
40 0.764418
41 0.768369
42 0.766856
43 0.768943
44 0.767316
45 0.768651
46 0.768448
47 0.769233
48 0.768332
49 0.768915
50 0.76952
51 0.769296
52 0.76948
53 0.768754
54 0.769974
55 0.770329
56 0.76951
57 0.770146
58 0.769622
59 0.770034
60 0.769554
61 0.769792
62 0.769319
63 0.769758
64 0.769496
65 0.769963
66 0.769729
67 0.769788
68 0.770092
69 0.770677
70 0.769918
71 0.769688
72 0.770238
73 0.770357
74 0.769607
75 0.769574
76 0.769881
77 0.769365
78 0.770068
79 0.770078
80 0.769703
81 0.769923
82 0.770998
83 0.76971
84 0.769532
85 0.769865
86 0.770207
87 0.769204
88 0.769588
89 0.770283
90 0.769546
91 0.769121
92 0.76955
93 0.77036
94 0.770228
95 0.770064
96 0.76921
97 0.76897
98 0.770438
99 0.769796
100 0.770387
101 0.769693
102 0.769811
103 0.770621
104 0.769909
105 0.770186
106 0.769769
107 0.769408
108 0.769722
109 0.769772
110 0.770162
111 0.769938
112 0.770414
113 0.769881
114 0.770175
115 0.769769
116 0.770755
117 0.769363
118 0.771108
119 0.770328
120 0.770349
121 0.769921
122 0.770012
123 0.770402
124 0.770121
125 0.770807
126 0.769159
127 0.7701
128 0.770465
129 0.770841
130 0.770267
131 0.769966
132 0.770141
133 0.769817
134 0.769659
135 0.769851
136 0.770418
137 0.7694
138 0.769451
139 0.77052
140 0.769772
141 0.769869
142 0.769584
143 0.770382
144 0.769141
145 0.769759
146 0.769559
147 0.770476
148 0.769147
149 0.770052
150 0.76973
151 0.769905
152 0.769236
153 0.770147
154 0.769454
155 0.770377
156 0.769826
157 0.770357
158 0.770053
159 0.770098
160 0.770295
161 0.769948
162 0.770338
163 0.769652
164 0.770464
165 0.770347
166 0.769466
167 0.770206
168 0.770624
169 0.770078
170 0.770256
171 0.770109
172 0.770844
173 0.770428
174 0.769927
175 0.770138
176 0.770037
177 0.769799
178 0.770456
179 0.770187
180 0.769594
181 0.770362
182 0.769775
183 0.770433
184 0.769553
185 0.770417
186 0.769645
187 0.770456
188 0.770206
189 0.770246
190 0.769804
191 0.770064
192 0.769145
193 0.770121
194 0.770444
195 0.770182
196 0.770609
197 0.770587
198 0.769832
199 0.770223
200 0.77003
201 0.770553
202 0.769359
203 0.770096
204 0.77034
205 0.76864
206 0.769931
207 0.769549
208 0.770725
209 0.769996
210 0.769867
211 0.770378
212 0.770169
213 0.76969
214 0.770049
215 0.769743
216 0.770241
217 0.769918
218 0.770394
219 0.769915
220 0.770058
221 0.769493
222 0.77034
223 0.769615
224 0.770523
225 0.769739
226 0.769912
227 0.769815
228 0.770341
229 0.770255
230 0.770316
231 0.770396
232 0.769944
233 0.770136
234 0.770357
235 0.769344
236 0.770176
237 0.769709
238 0.76998
239 0.770205
240 0.769654
241 0.770257
242 0.770438
243 0.76988
244 0.770653
245 0.769948
246 0.770438
247 0.769608
248 0.770037
249 0.769926
250 0.769872
251 0.769956
252 0.770118
253 0.769629
254 0.769677
255 0.769397
256 0.770395
257 0.769733
258 0.76975
259 0.770156
260 0.769411
261 0.769324
262 0.770186
263 0.770123
264 0.769865
265 0.769751
266 0.770673
267 0.770409
268 0.769732
269 0.769516
270 0.770149
271 0.77025
272 0.769964
273 0.770383
274 0.770755
275 0.770657
276 0.769108
277 0.770262
278 0.770325
279 0.77011
280 0.76954
281 0.76918
282 0.770166
283 0.770843
284 0.77049
285 0.769549
286 0.769732
287 0.770474
288 0.76976
289 0.770736
290 0.770371
291 0.769893
292 0.769704
293 0.769555
294 0.769684
295 0.770921
296 0.770245
297 0.769606
298 0.769747
299 0.769441
300 0.77002
301 0.769823
302 0.7711
303 0.770299
304 0.769192
305 0.769786
306 0.769503
307 0.770279
308 0.769872
309 0.769844
310 0.770026
311 0.770538
312 0.769603
313 0.768722
314 0.76987
315 0.768736
316 0.769944
317 0.770296
318 0.769998
319 0.769534
320 0.769587
321 0.770329
322 0.769616
323 0.770221
324 0.769892
325 0.76953
326 0.770023
327 0.770174
328 0.770101
329 0.769812
330 0.770601
331 0.769495
332 0.770567
333 0.769882
334 0.77003
335 0.769627
336 0.769843
337 0.769795
338 0.770181
339 0.769515
340 0.77011
341 0.769735
342 0.770434
343 0.769909
344 0.770971
345 0.76996
346 0.770262
347 0.769231
348 0.770319
349 0.769987
350 0.769968
351 0.769958
352 0.769801
353 0.7701
354 0.770559
355 0.769804
356 0.769548
357 0.770481
358 0.76928
359 0.770572
360 0.770058
361 0.770266
362 0.769844
363 0.770249
364 0.770427
365 0.770263
366 0.769991
367 0.770332
368 0.769652
369 0.76978
370 0.770889
371 0.770439
372 0.770459
373 0.770156
374 0.770217
375 0.769678
376 0.769336
377 0.770566
378 0.770356
379 0.769923
380 0.770157
381 0.770139
382 0.770214
383 0.770726
384 0.77044
385 0.769938
386 0.769449
387 0.770001
388 0.769917
389 0.76958
390 0.769649
391 0.769819
392 0.769969
393 0.769462
394 0.770318
395 0.770428
396 0.770514
397 0.769964
398 0.769485
399 0.769349
400 0.769747
