1 0.377855
2 0.377855
3 0.377855
4 0.377855
5 0.377855
6 0.377855
7 0.377855
8 0.377855
9 0.377855
10 0.377855
11 0.377855
12 0.377855
13 0.377855
14 0.377855
15 0.377855
16 0.377855
17 0.377855
18 0.377855
19 0.377855
20 0.377855
21 0.377855
22 0.377855
23 0.377855
24 0.377855
25 0.377855
26 0.377855
27 0.377855
28 0.377855
29 0.377855
30 0.377855
31 0.377855
32 0.377855
33 0.377855
34 0.377855
35 0.377855
36 0.377855
37 0.377855
38 0.377855
39 0.377855
40 0.377855
41 0.377855
42 0.377855
43 0.377855
44 0.377855
45 0.377855
46 0.377855
47 0.377855
48 0.377855
49 0.377855
50 0.377855
51 0.377855
52 0.377855
53 0.377855
54 0.377855
55 0.377855
56 0.377855
57 0.377855
58 0.377855
59 0.377855
60 0.377855
61 0.377855
62 0.377855
63 0.377855
64 0.377855
65 0.377855
66 0.377855
67 0.377855
68 0.377855
69 0.377855
70 0.377855
71 0.377855
72 0.377855
73 0.377855
74 0.377855
75 0.377855
76 0.377855
77 0.377855
78 0.377855
79 0.377855
80 0.377855
81 0.377855
82 0.377855
83 0.377855
84 0.377855
85 0.377855
86 0.377855
87 0.377855
88 0.377855
89 0.377855
90 0.377855
91 0.377855
92 0.377855
93 0.377855
94 0.377855
95 0.377855
96 0.377855
97 0.377855
98 0.377855
99 0.377855
100 0.377855
101 0.377855
102 0.377855
103 0.377855
104 0.377855
105 0.377855
106 0.377855
107 0.377855
108 0.377855
109 0.377855
110 0.377855
111 0.377855
112 0.377855
113 0.377855
114 0.377855
115 0.377855
116 0.377855
117 0.377855
118 0.377855
119 0.377855
120 0.377855
121 0.377855
122 0.377855
123 0.377855
124 0.377855
125 0.377855
126 0.377855
127 0.377855
128 0.377855
129 0.377855
130 0.377855
131 0.377855
132 0.377855
133 0.377855
134 0.377855
135 0.377855
136 0.377855
137 0.377855
138 0.377855
139 0.377855
140 0.377855
141 0.377855
142 0.377855
143 0.377855
144 0.377855
145 0.377855
146 0.377855
147 0.377855
148 0.377855
149 0.377855
150 0.377855
151 0.377855
152 0.377855
153 0.377855
154 0.377855
155 0.377855
156 0.377855
157 0.377855
158 0.377855
159 0.377855
160 0.377855
161 0.377855
162 0.377855
163 0.377855
164 0.377855
165 0.377855
166 0.377855
167 0.377855
168 0.377855
169 0.377855
170 0.377855
171 0.377855
172 0.377855
173 0.377855
174 0.377855
175 0.377855
176 0.377855
177 0.377855
178 0.377855
179 0.377855
180 0.377855
181 0.377855
182 0.377855
183 0.377855
184 0.377855
185 0.377855
186 0.377855
187 0.377855
188 0.377855
189 0.377855
190 0.377855
191 0.377855
192 0.377855
193 0.377855
194 0.377855
195 0.377855
196 0.377855
197 0.377855
198 0.377855
199 0.377855
200 0.377855
201 0.377855
202 0.377855
203 0.377855
204 0.377855
205 0.377855
206 0.377855
207 0.377855
208 0.377855
209 0.377855
210 0.377855
211 0.377855
212 0.377855
213 0.377855
214 0.377855
215 0.377855
216 0.377855
217 0.377855
218 0.377855
219 0.377855
220 0.377855
221 0.377855
222 0.377855
223 0.377855
224 0.377855
225 0.377855
226 0.377855
227 0.377855
228 0.377855
229 0.377855
230 0.377855
231 0.377855
232 0.377855
233 0.377855
234 0.377855
235 0.377855
236 0.377855
237 0.377855
238 0.377855
239 0.377855
240 0.377855
241 0.377855
242 0.377855
243 0.377855
244 0.377855
245 0.377855
246 0.377855
247 0.377855
248 0.377855
249 0.377855
250 0.377855
251 0.377855
252 0.377855
253 0.377855
254 0.377855
255 0.377855
256 0.377855
257 0.377855
258 0.377855
259 0.377855
260 0.377855
261 0.377855
262 0.377855
263 0.377855
264 0.377855
265 0.377855
266 0.377855
267 0.377855
268 0.377855
269 0.377855
270 0.377855
271 0.377855
272 0.377855
273 0.377855
274 0.377855
275 0.377855
276 0.377855
277 0.377855
278 0.377855
279 0.377855
280 0.377855
281 0.377855
282 0.377855
283 0.377855
284 0.377855
285 0.377855
286 0.377855
287 0.377855
288 0.377855
289 0.377855
290 0.377855
291 0.377855
292 0.377855
293 0.377855
294 0.377855
295 0.377855
296 0.377855
297 0.377855
298 0.377855
299 0.377855
300 0.377855
301 0.377855
302 0.377855
303 0.377855
304 0.377855
305 0.377855
306 0.377855
307 0.377855
308 0.377855
309 0.377855
310 0.377855
311 0.377855
312 0.377855
313 0.377855
314 0.377855
315 0.377855
316 0.377855
317 0.377855
318 0.377855
319 0.377855
320 0.377855
321 0.377855
322 0.377855
323 0.377855
324 0.377855
325 0.377855
326 0.377855
327 0.377855
328 0.377855
329 0.377855
330 0.377855
331 0.377855
332 0.377855
333 0.377855
334 0.377855
335 0.377855
336 0.377855
337 0.377855
338 0.377855
339 0.377855
340 0.377855
341 0.377855
342 0.377855
343 0.377855
344 0.377855
345 0.377855
346 0.377855
347 0.377855
348 0.377855
349 0.377855
350 0.377855
351 0.377855
352 0.377855
353 0.377855
354 0.377855
355 0.377855
356 0.377855
357 0.377855
358 0.377855
359 0.377855
360 0.377855
361 0.377855
362 0.377855
363 0.377855
364 0.377855
365 0.377855
366 0.377855
367 0.377855
368 0.377855
369 0.377855
370 0.377855
371 0.377855
372 0.377855
373 0.377855
374 0.377855
375 0.377855
376 0.377855
377 0.377855
378 0.377855
379 0.377855
380 0.377855
381 0.377855
382 0.377855
383 0.377855
384 0.377855
385 0.377855
386 0.377855
387 0.377855
388 0.377855
389 0.377855
390 0.377855
391 0.377855
392 0.377855
393 0.377855
394 0.377855
395 0.377855
396 0.377855
397 0.377855
398 0.377855
399 0.377855
400 0.377855
