1 0.783936
2 0.783936
3 0.783936
4 0.783936
5 0.783936
6 0.783936
7 0.783936
8 0.783936
9 0.783936
10 0.783936
11 0.783936
12 0.783936
13 0.783936
14 0.783936
15 0.783936
16 0.783936
17 0.783936
18 0.783936
19 0.783936
20 0.783936
21 0.783936
22 0.783936
23 0.783936
24 0.783936
25 0.783936
26 0.783936
27 0.783936
28 0.783936
29 0.783936
30 0.783936
31 0.783936
32 0.783936
33 0.783936
34 0.783936
35 0.783936
36 0.783936
37 0.783936
38 0.783936
39 0.783936
40 0.783936
41 0.783936
42 0.783936
43 0.783936
44 0.783936
45 0.783936
46 0.783936
47 0.783936
48 0.783936
49 0.783936
50 0.783936
51 0.783936
52 0.783936
53 0.783936
54 0.783936
55 0.783936
56 0.783936
57 0.783936
58 0.783936
59 0.783936
60 0.783936
61 0.783936
62 0.783936
63 0.783936
64 0.783936
65 0.783936
66 0.783936
67 0.783936
68 0.783936
69 0.783936
70 0.783936
71 0.783936
72 0.783936
73 0.783936
74 0.783936
75 0.783936
76 0.783936
77 0.783936
78 0.783936
79 0.783936
80 0.783936
81 0.783936
82 0.783936
83 0.783936
84 0.783936
85 0.783936
86 0.783936
87 0.783936
88 0.783936
89 0.783936
90 0.783936
91 0.783936
92 0.783936
93 0.783936
94 0.783936
95 0.783936
96 0.783936
97 0.783936
98 0.783936
99 0.783936
100 0.783936
101 0.783936
102 0.783936
103 0.783936
104 0.783936
105 0.783936
106 0.783936
107 0.783936
108 0.783936
109 0.783936
110 0.783936
111 0.783936
112 0.783936
113 0.783936
114 0.783936
115 0.783936
116 0.783936
117 0.783936
118 0.783936
119 0.783936
120 0.783936
121 0.783936
122 0.783936
123 0.783936
124 0.783936
125 0.783936
126 0.783936
127 0.783936
128 0.783936
129 0.783936
130 0.783936
131 0.783936
132 0.783936
133 0.783936
134 0.783936
135 0.783936
136 0.783936
137 0.783936
138 0.783936
139 0.783936
140 0.783936
141 0.783936
142 0.783936
143 0.783936
144 0.783936
145 0.783936
146 0.783936
147 0.783936
148 0.783936
149 0.783936
150 0.783936
151 0.783936
152 0.783936
153 0.783936
154 0.783936
155 0.783936
156 0.783936
157 0.783936
158 0.783936
159 0.783936
160 0.783936
161 0.783936
162 0.783936
163 0.783936
164 0.783936
165 0.783936
166 0.783936
167 0.783936
168 0.783936
169 0.783936
170 0.783936
171 0.783936
172 0.783936
173 0.783936
174 0.783936
175 0.783936
176 0.783936
177 0.783936
178 0.783936
179 0.783936
180 0.783936
181 0.783936
182 0.783936
183 0.783936
184 0.783936
185 0.783936
186 0.783936
187 0.783936
188 0.783936
189 0.783936
190 0.783936
191 0.783936
192 0.783936
193 0.783936
194 0.783936
195 0.783936
196 0.783936
197 0.783936
198 0.783936
199 0.783936
200 0.783936
201 0.783936
202 0.783936
203 0.783936
204 0.783936
205 0.783936
206 0.783936
207 0.783936
208 0.783936
209 0.783936
210 0.783936
211 0.783936
212 0.783936
213 0.783936
214 0.783936
215 0.783936
216 0.783936
217 0.783936
218 0.783936
219 0.783936
220 0.783936
221 0.783936
222 0.783936
223 0.783936
224 0.783936
225 0.783936
226 0.783936
227 0.783936
228 0.783936
229 0.783936
230 0.783936
231 0.783936
232 0.783936
233 0.783936
234 0.783936
235 0.783936
236 0.783936
237 0.783936
238 0.783936
239 0.783936
240 0.783936
241 0.783936
242 0.783936
243 0.783936
244 0.783936
245 0.783936
246 0.783936
247 0.783936
248 0.783936
249 0.783936
250 0.783936
251 0.783936
252 0.783936
253 0.783936
254 0.783936
255 0.783936
256 0.783936
257 0.783936
258 0.783936
259 0.783936
260 0.783936
261 0.783936
262 0.783936
263 0.783936
264 0.783936
265 0.783936
266 0.783936
267 0.783936
268 0.783936
269 0.783936
270 0.783936
271 0.783936
272 0.783936
273 0.783936
274 0.783936
275 0.783936
276 0.783936
277 0.783936
278 0.783936
279 0.783936
280 0.783936
281 0.783936
282 0.783936
283 0.783936
284 0.783936
285 0.783936
286 0.783936
287 0.783936
288 0.783936
289 0.783936
290 0.783936
291 0.783936
292 0.783936
293 0.783936
294 0.783936
295 0.783936
296 0.783936
297 0.783936
298 0.783936
299 0.783936
300 0.783936
301 0.783936
302 0.783936
303 0.783936
304 0.783936
305 0.783936
306 0.783936
307 0.783936
308 0.783936
309 0.783936
310 0.783936
311 0.783936
312 0.783936
313 0.783936
314 0.783936
315 0.783936
316 0.783936
317 0.783936
318 0.783936
319 0.783936
320 0.783936
321 0.783936
322 0.783936
323 0.783936
324 0.783936
325 0.783936
326 0.783936
327 0.783936
328 0.783936
329 0.783936
330 0.783936
331 0.783936
332 0.783936
333 0.783936
334 0.783936
335 0.783936
336 0.783936
337 0.783936
338 0.783936
339 0.783936
340 0.783936
341 0.783936
342 0.783936
343 0.783936
344 0.783936
345 0.783936
346 0.783936
347 0.783936
348 0.783936
349 0.783936
350 0.783936
351 0.783936
352 0.783936
353 0.783936
354 0.783936
355 0.783936
356 0.783936
357 0.783936
358 0.783936
359 0.783936
360 0.783936
361 0.783936
362 0.783936
363 0.783936
364 0.783936
365 0.783936
366 0.783936
367 0.783936
368 0.783936
369 0.783936
370 0.783936
371 0.783936
372 0.783936
373 0.783936
374 0.783936
375 0.783936
376 0.783936
377 0.783936
378 0.783936
379 0.783936
380 0.783936
381 0.783936
382 0.783936
383 0.783936
384 0.783936
385 0.783936
386 0.783936
387 0.783936
388 0.783936
389 0.783936
390 0.783936
391 0.783936
392 0.783936
393 0.783936
394 0.783936
395 0.783936
396 0.783936
397 0.783936
398 0.783936
399 0.783936
400 0.783936
