1 0.100187
2 0.1001
3 0.100138
4 0.100086
5 0.100047
6 0.100002
7 0.100988
8 0.102492
9 0.104339
10 0.106297
11 0.108236
12 0.110282
13 0.112279
14 0.114442
15 0.116632
16 0.11894
17 0.121348
18 0.123885
19 0.126453
20 0.12905
21 0.131763
22 0.134487
23 0.137289
24 0.14016
25 0.143078
26 0.145993
27 0.148907
28 0.151837
29 0.154808
30 0.157807
31 0.160743
32 0.163681
33 0.166566
34 0.16948
35 0.172401
36 0.175262
37 0.178088
38 0.180906
39 0.183703
40 0.186424
41 0.189192
42 0.191842
43 0.194497
44 0.197103
45 0.199709
46 0.202253
47 0.204748
48 0.207235
49 0.209677
50 0.2121
51 0.214467
52 0.216816
53 0.219147
54 0.221454
55 0.223696
56 0.225939
57 0.22818
58 0.230343
59 0.232502
60 0.234631
61 0.236747
62 0.238833
63 0.240929
64 0.242938
65 0.244972
66 0.24692
67 0.24891
68 0.250846
69 0.252787
70 0.254709
71 0.256596
72 0.258467
73 0.260307
74 0.26216
75 0.26399
76 0.26579
77 0.267576
78 0.269347
79 0.271115
80 0.272833
81 0.27455
82 0.276253
83 0.277928
84 0.279623
85 0.281269
86 0.282922
87 0.284543
88 0.286172
89 0.28778
90 0.289369
91 0.290973
92 0.292509
93 0.294004
94 0.295595
95 0.297118
96 0.298638
97 0.300133
98 0.301625
99 0.303096
100 0.30457
101 0.306034
102 0.307469
103 0.308927
104 0.310348
105 0.311791
106 0.313172
107 0.314569
108 0.315947
109 0.317327
110 0.318688
111 0.320045
112 0.321386
113 0.322711
114 0.324079
115 0.325369
116 0.32667
117 0.327993
118 0.329254
119 0.330532
120 0.331809
121 0.333069
122 0.334336
123 0.33559
124 0.336825
125 0.338055
126 0.339291
127 0.3405
128 0.341704
129 0.342913
130 0.3441
131 0.345284
132 0.346456
133 0.347618
134 0.348788
135 0.34995
136 0.351095
137 0.352236
138 0.353379
139 0.354504
140 0.355631
141 0.356747
142 0.357854
143 0.358956
144 0.360048
145 0.361123
146 0.362187
147 0.3633
148 0.364363
149 0.365419
150 0.366477
151 0.367539
152 0.368582
153 0.369618
154 0.370653
155 0.37168
156 0.372706
157 0.373724
158 0.374733
159 0.37574
160 0.376742
161 0.377736
162 0.37873
163 0.379714
164 0.380688
165 0.381665
166 0.382639
167 0.3836
168 0.384559
169 0.385507
170 0.386453
171 0.387439
172 0.388352
173 0.389283
174 0.390215
175 0.391139
176 0.392057
177 0.392965
178 0.393894
179 0.394788
180 0.395693
181 0.396592
182 0.397492
183 0.398374
184 0.399254
185 0.400134
186 0.401023
187 0.401881
188 0.402746
189 0.403615
190 0.404473
191 0.405326
192 0.406177
193 0.407023
194 0.407864
195 0.408714
196 0.409528
197 0.410371
198 0.411187
199 0.412004
200 0.412823
201 0.41364
202 0.41445
203 0.415256
204 0.416053
205 0.416862
206 0.417658
207 0.418451
208 0.419235
209 0.420016
210 0.420811
211 0.421581
212 0.42235
213 0.42312
214 0.423886
215 0.424649
216 0.42541
217 0.426172
218 0.426922
219 0.427672
220 0.428427
221 0.42917
222 0.42991
223 0.430651
224 0.431384
225 0.432118
226 0.432846
227 0.433575
228 0.434292
229 0.435015
230 0.435733
231 0.436445
232 0.437154
233 0.437865
234 0.438574
235 0.439269
236 0.439962
237 0.440659
238 0.441354
239 0.442048
240 0.442735
241 0.44341
242 0.444102
243 0.444782
244 0.44546
245 0.446138
246 0.446808
247 0.447478
248 0.448144
249 0.448809
250 0.449467
251 0.450129
252 0.450784
253 0.451434
254 0.452082
255 0.452716
256 0.453382
257 0.454045
258 0.454676
259 0.455307
260 0.455944
261 0.456576
262 0.457208
263 0.457836
264 0.458465
265 0.45909
266 0.459707
267 0.460332
268 0.460941
269 0.461557
270 0.462171
271 0.462777
272 0.463387
273 0.464
274 0.464594
275 0.465197
276 0.465796
277 0.466392
278 0.466988
279 0.467572
280 0.468163
281 0.468752
282 0.469338
283 0.469919
284 0.470501
285 0.471082
286 0.471657
287 0.47223
288 0.472804
289 0.473374
290 0.473942
291 0.474512
292 0.475083
293 0.475633
294 0.476202
295 0.476763
296 0.477322
297 0.477877
298 0.478429
299 0.478982
300 0.479531
301 0.480078
302 0.480626
303 0.481168
304 0.481707
305 0.482248
306 0.482785
307 0.483321
308 0.483857
309 0.484389
310 0.484918
311 0.485449
312 0.485975
313 0.486502
314 0.487025
315 0.48755
316 0.488066
317 0.488585
318 0.489104
319 0.489618
320 0.490133
321 0.490645
322 0.491155
323 0.491664
324 0.492169
325 0.492676
326 0.493181
327 0.493679
328 0.494183
329 0.494679
330 0.495181
331 0.495677
332 0.496175
333 0.496666
334 0.49716
335 0.497649
336 0.498137
337 0.498625
338 0.499112
339 0.499593
340 0.500072
341 0.500575
342 0.501038
343 0.501517
344 0.501992
345 0.502465
346 0.50294
347 0.50341
348 0.503879
349 0.504345
350 0.504814
351 0.505283
352 0.505744
353 0.50621
354 0.506667
355 0.50713
356 0.507593
357 0.508046
358 0.5085
359 0.508955
360 0.509408
361 0.509863
362 0.510313
363 0.510762
364 0.511213
365 0.511654
366 0.512105
367 0.512546
368 0.512988
369 0.513428
370 0.51387
371 0.51431
372 0.514751
373 0.515181
374 0.515617
375 0.516052
376 0.516487
377 0.516917
378 0.517348
379 0.517777
380 0.518204
381 0.518629
382 0.519053
383 0.519471
384 0.519899
385 0.520323
386 0.52074
387 0.521159
388 0.521576
389 0.521992
390 0.522413
391 0.52282
392 0.523234
393 0.523648
394 0.524058
395 0.524467
396 0.524874
397 0.525281
398 0.525685
399 0.526093
400 0.526496
