1 0.284101
2 0.284067
3 0.283976
4 0.283971
5 0.284005
6 0.284006
7 0.282835
8 0.281148
9 0.279131
10 0.277009
11 0.274837
12 0.272671
13 0.270522
14 0.26832
15 0.266094
16 0.263847
17 0.261571
18 0.259281
19 0.25698
20 0.254693
21 0.252403
22 0.250141
23 0.247893
24 0.245665
25 0.243459
26 0.241282
27 0.239149
28 0.237037
29 0.234962
30 0.232929
31 0.230932
32 0.228991
33 0.227089
34 0.225222
35 0.223401
36 0.221613
37 0.219875
38 0.218172
39 0.216506
40 0.214877
41 0.213284
42 0.211732
43 0.210213
44 0.208731
45 0.207273
46 0.20585
47 0.20446
48 0.203096
49 0.201768
50 0.20046
51 0.199182
52 0.197934
53 0.196702
54 0.195498
55 0.194316
56 0.193154
57 0.192008
58 0.19089
59 0.189788
60 0.188706
61 0.18764
62 0.186594
63 0.185566
64 0.184556
65 0.183564
66 0.182586
67 0.181619
68 0.180668
69 0.179732
70 0.178811
71 0.177901
72 0.177004
73 0.176122
74 0.175251
75 0.174388
76 0.173541
77 0.172704
78 0.171882
79 0.171067
80 0.170264
81 0.169474
82 0.168691
83 0.167919
84 0.167155
85 0.1664
86 0.165657
87 0.164922
88 0.164194
89 0.163478
90 0.162767
91 0.162063
92 0.161371
93 0.160686
94 0.160007
95 0.159335
96 0.158672
97 0.158016
98 0.157368
99 0.156726
100 0.156091
101 0.155464
102 0.154842
103 0.154226
104 0.153617
105 0.153015
106 0.152418
107 0.151828
108 0.151243
109 0.150664
110 0.15009
111 0.149523
112 0.148962
113 0.148405
114 0.147853
115 0.147308
116 0.146765
117 0.146232
118 0.145701
119 0.145176
120 0.144654
121 0.14414
122 0.143627
123 0.143121
124 0.142619
125 0.142121
126 0.141627
127 0.141139
128 0.140656
129 0.140177
130 0.139702
131 0.13923
132 0.138762
133 0.138298
134 0.137838
135 0.137381
136 0.136929
137 0.13648
138 0.136034
139 0.135593
140 0.135156
141 0.134721
142 0.134289
143 0.133864
144 0.13344
145 0.133021
146 0.132604
147 0.132191
148 0.131782
149 0.131374
150 0.130969
151 0.130568
152 0.13017
153 0.129776
154 0.129384
155 0.128996
156 0.12861
157 0.128227
158 0.127847
159 0.127469
160 0.127093
161 0.126722
162 0.126352
163 0.125986
164 0.125623
165 0.125261
166 0.124903
167 0.124546
168 0.124192
169 0.123842
170 0.123492
171 0.123146
172 0.122801
173 0.12246
174 0.122121
175 0.121784
176 0.121449
177 0.121118
178 0.120788
179 0.12046
180 0.120134
181 0.119811
182 0.11949
183 0.11917
184 0.118854
185 0.118538
186 0.118226
187 0.117915
188 0.117606
189 0.117299
190 0.116995
191 0.116691
192 0.11639
193 0.116092
194 0.115795
195 0.1155
196 0.115208
197 0.114915
198 0.114625
199 0.114338
200 0.114052
201 0.113768
202 0.113484
203 0.113203
204 0.112925
205 0.112647
206 0.112371
207 0.112097
208 0.111824
209 0.111553
210 0.111284
211 0.111017
212 0.110751
213 0.110486
214 0.110224
215 0.109964
216 0.109703
217 0.109444
218 0.109187
219 0.108931
220 0.108677
221 0.108425
222 0.108173
223 0.107923
224 0.107674
225 0.107428
226 0.107181
227 0.106937
228 0.106694
229 0.106452
230 0.106212
231 0.105974
232 0.105736
233 0.1055
234 0.105266
235 0.105032
236 0.104799
237 0.104569
238 0.104339
239 0.10411
240 0.103882
241 0.103656
242 0.103431
243 0.103207
244 0.102985
245 0.102763
246 0.102543
247 0.102324
248 0.102105
249 0.101888
250 0.101672
251 0.101457
252 0.101244
253 0.101032
254 0.100821
255 0.10061
256 0.100401
257 0.100192
258 0.0999847
259 0.0997786
260 0.0995738
261 0.0993695
262 0.0991665
263 0.098964
264 0.0987627
265 0.0985626
266 0.0983637
267 0.0981654
268 0.0979687
269 0.0977722
270 0.0975769
271 0.0973831
272 0.09719
273 0.0969971
274 0.0968055
275 0.096615
276 0.0964253
277 0.0962364
278 0.0960488
279 0.0958626
280 0.0956764
281 0.0954909
282 0.0953068
283 0.0951237
284 0.0949406
285 0.0947587
286 0.094578
287 0.0943979
288 0.0942184
289 0.0940402
290 0.0938626
291 0.0936857
292 0.0935095
293 0.0933335
294 0.0931587
295 0.092985
296 0.0928114
297 0.0926395
298 0.0924681
299 0.0922974
300 0.0921273
301 0.0919576
302 0.0917894
303 0.0916221
304 0.0914554
305 0.0912893
306 0.091124
307 0.0909593
308 0.0907955
309 0.0906321
310 0.0904696
311 0.0903074
312 0.0901469
313 0.0899868
314 0.0898271
315 0.089668
316 0.0895095
317 0.089352
318 0.0891945
319 0.089038
320 0.0888823
321 0.0887272
322 0.0885729
323 0.0884193
324 0.0882668
325 0.0881143
326 0.0879622
327 0.087811
328 0.0876602
329 0.0875106
330 0.0873613
331 0.0872125
332 0.087064
333 0.0869168
334 0.0867696
335 0.0866237
336 0.086478
337 0.086333
338 0.0861883
339 0.086044
340 0.0859009
341 0.0857584
342 0.0856158
343 0.085474
344 0.0853329
345 0.0851925
346 0.0850527
347 0.0849134
348 0.0847743
349 0.0846358
350 0.0844977
351 0.0843607
352 0.0842239
353 0.0840877
354 0.083952
355 0.0838169
356 0.0836823
357 0.0835487
358 0.0834152
359 0.0832822
360 0.0831495
361 0.0830167
362 0.0828854
363 0.0827541
364 0.0826239
365 0.0824938
366 0.0823639
367 0.0822352
368 0.0821063
369 0.0819782
370 0.0818503
371 0.0817233
372 0.0815962
373 0.08147
374 0.081344
375 0.0812189
376 0.0810936
377 0.0809693
378 0.0808455
379 0.0807218
380 0.0805987
381 0.080476
382 0.0803542
383 0.0802328
384 0.0801112
385 0.0799905
386 0.0798705
387 0.0797509
388 0.0796313
389 0.0795121
390 0.0793936
391 0.0792755
392 0.0791579
393 0.0790403
394 0.0789229
395 0.0788062
396 0.0786905
397 0.0785746
398 0.0784592
399 0.0783441
400 0.0782296
