1 0.5
2 0.354084
3 0.289763
4 0.251338
5 0.225553
6 0.206345
7 0.191897
8 0.180631
9 0.171269
10 0.163539
11 0.15669
12 0.150803
13 0.145876
14 0.14117
15 0.137469
16 0.133741
17 0.130689
18 0.127552
19 0.125183
20 0.122933
21 0.120411
22 0.118697
23 0.116868
24 0.115107
25 0.11381
26 0.112645
27 0.111335
28 0.110031
29 0.109563
30 0.10865
31 0.107457
32 0.106763
33 0.105971
34 0.10602
35 0.105035
36 0.104205
37 0.103796
38 0.10347
39 0.103393
40 0.103053
41 0.102857
42 0.101962
43 0.101994
44 0.102156
45 0.101787
46 0.101318
47 0.101162
48 0.101011
49 0.101115
50 0.101052
51 0.101042
52 0.100687
53 0.100611
54 0.100116
55 0.10042
56 0.100276
57 0.100574
58 0.100336
59 0.100063
60 0.0999314
61 0.0998467
62 0.0996287
63 0.0996031
64 0.099253
65 0.0998255
66 0.0994477
67 0.0996237
68 0.0994745
69 0.0994944
70 0.0993465
71 0.0992521
72 0.0990982
73 0.0984074
74 0.0991708
75 0.0989738
76 0.0992206
77 0.0992122
78 0.0992766
79 0.0993276
80 0.0992099
81 0.0990751
82 0.0994764
83 0.0991333
84 0.0989461
85 0.0995967
86 0.0990704
87 0.0990885
88 0.0992375
89 0.0991273
90 0.0989399
91 0.0990985
92 0.0989648
93 0.0988126
94 0.0990632
95 0.0988898
96 0.0988543
97 0.0989325
98 0.0990885
99 0.0989624
100 0.0989928
101 0.0988649
102 0.0995464
103 0.0989294
104 0.0990414
105 0.0989009
106 0.0989011
107 0.0990313
108 0.0989045
109 0.0987723
110 0.0990689
111 0.0989106
112 0.0989706
113 0.0987097
114 0.0988148
115 0.0989511
116 0.0990704
117 0.0991887
118 0.0992085
119 0.0988221
120 0.098983
121 0.0988839
122 0.0988317
123 0.0989154
124 0.0990071
125 0.0988863
126 0.0986762
127 0.0989431
128 0.0989106
129 0.0990202
130 0.0988402
131 0.0990424
132 0.0990092
133 0.0987812
134 0.09904
135 0.0990444
136 0.0989377
137 0.098919
138 0.0989672
139 0.0987375
140 0.0989758
141 0.0989655
142 0.0988872
143 0.0989741
144 0.0988497
145 0.0989494
146 0.0989087
147 0.0987898
148 0.0988718
149 0.0988931
150 0.0987708
151 0.0988614
152 0.0988632
153 0.0988183
154 0.0989131
155 0.0989127
156 0.0988595
157 0.0988604
158 0.0989015
159 0.0989169
160 0.0988712
161 0.098877
162 0.098869
163 0.0988328
164 0.0989104
165 0.0989139
166 0.0987922
167 0.0988542
168 0.0988545
169 0.0987952
170 0.09948
171 0.0999968
172 0.0988417
173 0.0988157
174 0.0988052
175 0.0989597
176 0.0988488
177 0.098774
178 0.0987316
179 0.0989095
180 0.0988589
181 0.0987009
182 0.0987335
183 0.098791
184 0.0988892
185 0.0988456
186 0.098599
187 0.0990095
188 0.0988249
189 0.0988069
190 0.098689
191 0.0989104
192 0.0986144
193 0.0988497
194 0.0988357
195 0.0989712
196 0.0988243
197 0.099172
198 0.0988622
199 0.0988831
200 0.098801
201 0.0987845
202 0.0988067
203 0.098821
204 0.0987181
205 0.0988536
206 0.0987634
207 0.0989328
208 0.0988053
209 0.0986515
210 0.0986564
211 0.0987098
212 0.0987797
213 0.0987765
214 0.098884
215 0.0988185
216 0.0987123
217 0.0987133
218 0.0987053
219 0.0987441
220 0.0987961
221 0.0987447
222 0.0987406
223 0.0987621
224 0.0988251
225 0.0987104
226 0.0987743
227 0.0988756
228 0.0987655
229 0.0988308
230 0.0987853
231 0.0988117
232 0.0987675
233 0.098851
234 0.0986677
235 0.0986895
236 0.0987563
237 0.0986543
238 0.0985536
239 0.098855
240 0.0987115
241 0.0986219
242 0.0987267
243 0.0987388
244 0.0986586
245 0.0986469
246 0.0986213
247 0.0986354
248 0.0987346
249 0.0987287
250 0.0987286
251 0.0985879
252 0.0986328
253 0.0987186
254 0.0986608
255 0.0992102
256 0.0987465
257 0.0980777
258 0.0986753
259 0.0985598
260 0.0985451
261 0.0985819
262 0.0986179
263 0.0985748
264 0.0986491
265 0.0984958
266 0.098535
267 0.0987103
268 0.0986549
269 0.0984619
270 0.0986106
271 0.0984102
272 0.0986108
273 0.0987921
274 0.098502
275 0.0985291
276 0.0984942
277 0.0985879
278 0.0984305
279 0.0984392
280 0.0985825
281 0.0984877
282 0.0986222
283 0.0984778
284 0.0985574
285 0.0983676
286 0.0984967
287 0.0983879
288 0.0984376
289 0.0984408
290 0.0985228
291 0.0984834
292 0.0985577
293 0.0985783
294 0.0983823
295 0.0983853
296 0.098342
297 0.0985072
298 0.0985023
299 0.0984338
300 0.098415
301 0.0983684
302 0.098335
303 0.0984049
304 0.0984456
305 0.098425
306 0.098332
307 0.0978839
308 0.0983613
309 0.0983505
310 0.0983744
311 0.0982753
312 0.0983196
313 0.0983411
314 0.0983417
315 0.0984712
316 0.098334
317 0.0984741
318 0.0983988
319 0.0982808
320 0.0981565
321 0.0983985
322 0.0983234
323 0.0981843
324 0.0983056
325 0.0982753
326 0.098174
327 0.0981339
328 0.0982383
329 0.0982656
330 0.0982092
331 0.0980414
332 0.0982794
333 0.0982694
334 0.0980697
335 0.0982008
336 0.0982418
337 0.0981468
338 0.0981515
339 0.0982359
340 0.0981432
341 0.0983208
342 0.0982344
343 0.0981465
344 0.0982142
345 0.0983693
346 0.0980564
347 0.0982157
348 0.0980604
349 0.0980955
350 0.0981832
351 0.0981456
352 0.0980131
353 0.0981587
354 0.0981298
355 0.098133
356 0.098138
357 0.0979048
358 0.0981193
359 0.0981161
360 0.0980937
361 0.0981307
362 0.0979619
363 0.0981119
364 0.0979495
365 0.0981193
366 0.0979635
367 0.0979683
368 0.0981816
369 0.0978867
370 0.0980484
371 0.0979483
372 0.0980257
373 0.0980184
374 0.098117
375 0.0979141
376 0.0979623
377 0.0979981
378 0.0979442
379 0.0979401
380 0.0979494
381 0.0980578
382 0.0978328
383 0.0980481
384 0.0979544
385 0.0979862
386 0.09785
387 0.0979965
388 0.0978098
389 0.0979301
390 0.0978416
391 0.0979234
392 0.0979278
393 0.0978919
394 0.0979129
395 0.0979001
396 0.0979162
397 0.0977417
398 0.0979171
399 0.097711
400 0.0978768
