1 0.0780356
2 0.0780356
3 0.0780356
4 0.0780039
5 0.0780039
6 0.0780356
7 0.058983
8 0.0524777
9 0.0490868
10 0.0450776
11 0.0426221
12 0.0398757
13 0.0379745
14 0.036342
15 0.0351451
16 0.0332181
17 0.0322317
18 0.0307033
19 0.0299423
20 0.0291143
21 0.0282923
22 0.0273441
23 0.0266315
24 0.0260369
25 0.0253015
26 0.0246048
27 0.0240879
28 0.0235702
29 0.0230422
30 0.02247
31 0.0219737
32 0.0216232
33 0.0210712
34 0.0207105
35 0.0202652
36 0.0199906
37 0.0195001
38 0.0191536
39 0.0188647
40 0.0185994
41 0.0182455
42 0.0180168
43 0.0177454
44 0.0173724
45 0.0170268
46 0.0169019
47 0.0166248
48 0.0163633
49 0.016167
50 0.015983
51 0.0156802
52 0.0156136
53 0.0152645
54 0.0150221
55 0.0149088
56 0.0147231
57 0.0146267
58 0.0144085
59 0.0141998
60 0.0140213
61 0.0138726
62 0.0137565
63 0.0136114
64 0.0134003
65 0.0133806
66 0.0131595
67 0.0130561
68 0.0128484
69 0.0127679
70 0.0126228
71 0.0125126
72 0.0124298
73 0.0122901
74 0.0121605
75 0.0120226
76 0.011944
77 0.011872
78 0.0117824
79 0.0115963
80 0.0115486
81 0.0113961
82 0.0112792
83 0.0112664
84 0.0111006
85 0.011062
86 0.0109623
87 0.0108949
88 0.0107959
89 0.0107134
90 0.0106119
91 0.0105406
92 0.0104804
93 0.0103983
94 0.0102895
95 0.0102234
96 0.0101475
97 0.010061
98 0.00999945
99 0.00991927
100 0.00989101
101 0.00973595
102 0.00971935
103 0.00968242
104 0.0095801
105 0.00955698
106 0.0094463
107 0.00944373
108 0.00941205
109 0.00934607
110 0.00925224
111 0.00921561
112 0.00906563
113 0.00908619
114 0.00898679
115 0.00897341
116 0.00884162
117 0.00884337
118 0.00883393
119 0.0087629
120 0.008759
121 0.00864917
122 0.0086127
123 0.00854892
124 0.00849444
125 0.00846964
126 0.00840736
127 0.00841974
128 0.00831481
129 0.00828238
130 0.00827648
131 0.00817809
132 0.00813662
133 0.0081893
134 0.00808132
135 0.00799016
136 0.00796269
137 0.0079441
138 0.00783194
139 0.00789214
140 0.00781036
141 0.00780819
142 0.00779157
143 0.00770025
144 0.00764716
145 0.00761097
146 0.0076337
147 0.00757753
148 0.00749997
149 0.00751367
150 0.00744373
151 0.00741808
152 0.00742285
153 0.00733236
154 0.00730468
155 0.00727802
156 0.00720183
157 0.00721151
158 0.00719085
159 0.00711303
160 0.00712508
161 0.00706638
162 0.00704707
163 0.00705634
164 0.00699372
165 0.00692779
166 0.00698473
167 0.00690059
168 0.00691697
169 0.00685018
170 0.00681806
171 0.00680252
172 0.00675987
173 0.00672105
174 0.00671343
175 0.00669805
176 0.00664104
177 0.0066427
178 0.00662724
179 0.00658475
180 0.00656644
181 0.00654664
182 0.00647955
183 0.00651424
184 0.00645531
185 0.0064347
186 0.006374
187 0.00634785
188 0.00636063
189 0.00636084
190 0.00627724
191 0.00627369
192 0.00631001
193 0.00628241
194 0.00620466
195 0.00618913
196 0.00620167
197 0.00615146
198 0.00616002
199 0.00611856
200 0.00608228
201 0.00605181
202 0.00603678
203 0.00603733
204 0.00602802
205 0.00598942
206 0.00594454
207 0.00591403
208 0.00587974
209 0.00588046
210 0.00583908
211 0.00587627
212 0.00585656
213 0.00581193
214 0.00580786
215 0.00580913
216 0.00574806
217 0.0057416
218 0.00572508
219 0.0056974
220 0.00565078
221 0.00567267
222 0.00570314
223 0.00566646
224 0.00561158
225 0.00559295
226 0.00558277
227 0.00555601
228 0.00554232
229 0.00550267
230 0.00554403
231 0.0055183
232 0.00549252
233 0.0054372
234 0.00544185
235 0.00543641
236 0.00542268
237 0.00539909
238 0.00539585
239 0.00535182
240 0.00534226
241 0.0053332
242 0.00532137
243 0.00529839
244 0.00530695
245 0.00527205
246 0.00525828
247 0.00518417
248 0.00521537
249 0.00520852
250 0.00520461
251 0.00516448
252 0.0051611
253 0.00516099
254 0.00512847
255 0.00510145
256 0.00511085
257 0.00509828
258 0.00506718
259 0.00505549
260 0.00506862
261 0.00504343
262 0.00499365
263 0.00501565
264 0.00498272
265 0.00500772
266 0.00494963
267 0.0049812
268 0.00494754
269 0.00495502
270 0.00493705
271 0.00491603
272 0.0049444
273 0.00490879
274 0.00483512
275 0.00485343
276 0.00484499
277 0.00483666
278 0.00480894
279 0.00479815
280 0.00477642
281 0.0048077
282 0.00478362
283 0.00475972
284 0.00476464
285 0.00476965
286 0.00472215
287 0.00467565
288 0.00468587
289 0.00469157
290 0.00463528
291 0.00465335
292 0.00466954
293 0.004607
294 0.00461756
295 0.00462495
296 0.00458738
297 0.00458155
298 0.00457347
299 0.00455685
300 0.00454332
301 0.00452738
302 0.00454776
303 0.00454351
304 0.00453136
305 0.00454169
306 0.00449375
307 0.00447455
308 0.00450084
309 0.00447099
310 0.00444988
311 0.00445396
312 0.00444377
313 0.00443287
314 0.00444266
315 0.00438761
316 0.0043995
317 0.00435991
318 0.00436653
319 0.00435494
320 0.0043641
321 0.00434178
322 0.00434335
323 0.00432458
324 0.0043177
325 0.00430893
326 0.00429274
327 0.00428819
328 0.00426575
329 0.00427297
330 0.00427088
331 0.00425024
332 0.00424368
333 0.0042332
334 0.00421488
335 0.00421379
336 0.00423273
337 0.00415973
338 0.00419171
339 0.0041723
340 0.00416162
341 0.00414376
342 0.00414981
343 0.00412519
344 0.00411854
345 0.00412551
346 0.00410415
347 0.00409394
348 0.00407066
349 0.0040735
350 0.00406117
351 0.00409491
352 0.0040271
353 0.00407108
354 0.00404105
355 0.00401526
356 0.00398721
357 0.0040134
358 0.00401786
359 0.00399857
360 0.00401854
361 0.00401621
362 0.00395301
363 0.00397951
364 0.00396711
365 0.00394088
366 0.00393222
367 0.00391996
368 0.00393159
369 0.00392158
370 0.0039089
371 0.0039136
372 0.00390173
373 0.00388817
374 0.00389261
375 0.00388105
376 0.00387134
377 0.00385749
378 0.00385831
379 0.00382815
380 0.00381675
381 0.00381468
382 0.0038231
383 0.00380366
384 0.00382267
385 0.0038098
386 0.00379349
387 0.00382074
388 0.00378806
389 0.00376
390 0.00376598
391 0.00375418
392 0.00375931
393 0.00374608
394 0.00374518
395 0.00374125
396 0.00371598
397 0.00370283
398 0.00371328
399 0.00370143
400 0.00370263
