1 0.577817
2 0.606904
3 0.611993
4 0.620557
5 0.649409
6 0.663795
7 0.669037
8 0.673411
9 0.685933
10 0.692282
11 0.69919
12 0.703317
13 0.710673
14 0.715011
15 0.718077
16 0.724545
17 0.728361
18 0.731313
19 0.735198
20 0.738787
21 0.743335
22 0.746013
23 0.748495
24 0.751621
25 0.755597
26 0.757773
27 0.759437
28 0.762214
29 0.7644
30 0.766576
31 0.769629
32 0.770854
33 0.773531
34 0.775352
35 0.777463
36 0.778767
37 0.781023
38 0.783449
39 0.785054
40 0.786664
41 0.788161
42 0.789709
43 0.790931
44 0.792818
45 0.794729
46 0.795317
47 0.797374
48 0.798689
49 0.799349
50 0.800583
51 0.8031
52 0.803297
53 0.804672
54 0.806098
55 0.807647
56 0.808595
57 0.809389
58 0.810912
59 0.811699
60 0.813295
61 0.81364
62 0.815049
63 0.81604
64 0.817245
65 0.817864
66 0.819094
67 0.819683
68 0.820801
69 0.821798
70 0.822567
71 0.823289
72 0.823698
73 0.824862
74 0.826191
75 0.82676
76 0.827202
77 0.828134
78 0.828425
79 0.829903
80 0.829984
81 0.83114
82 0.832734
83 0.832625
84 0.833693
85 0.833959
86 0.834367
87 0.835179
88 0.835948
89 0.836055
90 0.837325
91 0.837852
92 0.838482
93 0.839117
94 0.839776
95 0.840526
96 0.841307
97 0.842033
98 0.842364
99 0.842731
100 0.843024
101 0.844128
102 0.844407
103 0.844436
104 0.845865
105 0.846058
106 0.847133
107 0.846977
108 0.847021
109 0.847894
110 0.848321
111 0.848523
112 0.850124
113 0.85011
114 0.851306
115 0.850886
116 0.85154
117 0.852182
118 0.851804
119 0.852815
120 0.852668
121 0.853989
122 0.853831
123 0.854644
124 0.855393
125 0.855057
126 0.855909
127 0.855546
128 0.8565
129 0.857003
130 0.856858
131 0.858016
132 0.857929
133 0.857846
134 0.858543
135 0.859635
136 0.85981
137 0.859489
138 0.860973
139 0.860358
140 0.861233
141 0.861309
142 0.861329
143 0.862156
144 0.862648
145 0.863174
146 0.862912
147 0.863261
148 0.864187
149 0.863916
150 0.865062
151 0.865155
152 0.864766
153 0.865527
154 0.865837
155 0.866354
156 0.867009
157 0.866627
158 0.866704
159 0.867898
160 0.867767
161 0.868561
162 0.86869
163 0.8685
164 0.869406
165 0.86936
166 0.869253
167 0.869995
168 0.86968
169 0.870802
170 0.870833
171 0.870755
172 0.87128
173 0.871781
174 0.871628
175 0.87227
176 0.872953
177 0.872534
178 0.872695
179 0.873224
180 0.873204
181 0.873318
182 0.873944
183 0.873983
184 0.874667
185 0.874486
186 0.87504
187 0.875503
188 0.875493
189 0.875539
190 0.876219
191 0.876586
192 0.875944
193 0.876391
194 0.876904
195 0.87742
196 0.877186
197 0.877752
198 0.877554
199 0.878078
200 0.878089
201 0.878525
202 0.878613
203 0.878825
204 0.879159
205 0.879553
206 0.879767
207 0.880016
208 0.880461
209 0.880402
210 0.881033
211 0.88103
212 0.880611
213 0.881164
214 0.881185
215 0.881158
216 0.882063
217 0.882021
218 0.882315
219 0.882459
220 0.883268
221 0.882756
222 0.882446
223 0.882832
224 0.883343
225 0.883548
226 0.883792
227 0.884061
228 0.884054
229 0.884705
230 0.884394
231 0.884422
232 0.88496
233 0.885898
234 0.885117
235 0.885334
236 0.885714
237 0.885917
238 0.88577
239 0.886177
240 0.886308
241 0.886564
242 0.886353
243 0.8873
244 0.886822
245 0.887634
246 0.887388
247 0.888271
248 0.888114
249 0.887884
250 0.88782
251 0.888681
252 0.88848
253 0.888516
254 0.889045
255 0.889067
256 0.889139
257 0.88934
258 0.889736
259 0.889746
260 0.889359
261 0.889856
262 0.890893
263 0.890089
264 0.890485
265 0.890431
266 0.891129
267 0.890491
268 0.890882
269 0.890743
270 0.891276
271 0.891555
272 0.890836
273 0.891597
274 0.892349
275 0.892052
276 0.89229
277 0.892232
278 0.892598
279 0.892853
280 0.893291
281 0.892627
282 0.892873
283 0.893563
284 0.893432
285 0.892812
286 0.893834
287 0.894263
288 0.894203
289 0.894197
290 0.894979
291 0.894461
292 0.89453
293 0.895197
294 0.894746
295 0.894942
296 0.895051
297 0.89531
298 0.895965
299 0.895725
300 0.896017
301 0.896219
302 0.896019
303 0.895543
304 0.896137
305 0.895844
306 0.896605
307 0.896791
308 0.896659
309 0.896631
310 0.897035
311 0.897316
312 0.897117
313 0.897334
314 0.897215
315 0.897751
316 0.897934
317 0.898347
318 0.898255
319 0.897842
320 0.898272
321 0.898373
322 0.898345
323 0.898445
324 0.898668
325 0.899282
326 0.898782
327 0.898862
328 0.899258
329 0.899288
330 0.899155
331 0.899715
332 0.899879
333 0.899797
334 0.899849
335 0.900014
336 0.899687
337 0.900689
338 0.90035
339 0.900592
340 0.900858
341 0.900894
342 0.900958
343 0.900941
344 0.900791
345 0.900954
346 0.901419
347 0.901743
348 0.901905
349 0.901742
350 0.901875
351 0.901381
352 0.902147
353 0.901773
354 0.901888
355 0.902502
356 0.902731
357 0.902516
358 0.902618
359 0.902743
360 0.902238
361 0.902827
362 0.903364
363 0.90298
364 0.903187
365 0.9034
366 0.903746
367 0.90362
368 0.903659
369 0.903678
370 0.903924
371 0.903952
372 0.903791
373 0.904199
374 0.904237
375 0.904122
376 0.904501
377 0.90473
378 0.90441
379 0.904892
380 0.905086
381 0.90495
382 0.904848
383 0.905191
384 0.905141
385 0.905268
386 0.9051
387 0.904972
388 0.905401
389 0.905781
390 0.905585
391 0.905895
392 0.9059
393 0.906021
394 0.906106
395 0.906207
396 0.906458
397 0.906605
398 0.906308
399 0.906747
400 0.90669
