1 0.458379
2 0.338232
3 0.287617
4 0.239337
5 0.219323
6 0.205971
7 0.195237
8 0.187332
9 0.181584
10 0.176581
11 0.172553
12 0.169266
13 0.165753
14 0.163214
15 0.161338
16 0.159257
17 0.157629
18 0.156306
19 0.154894
20 0.153877
21 0.15246
22 0.151756
23 0.150839
24 0.150007
25 0.149155
26 0.148499
27 0.147918
28 0.147241
29 0.146769
30 0.146284
31 0.145847
32 0.145076
33 0.144858
34 0.1443
35 0.143853
36 0.143506
37 0.143187
38 0.142888
39 0.142393
40 0.142214
41 0.141693
42 0.141433
43 0.141274
44 0.141121
45 0.140703
46 0.140584
47 0.140377
48 0.140044
49 0.139857
50 0.139666
51 0.13957
52 0.139223
53 0.139105
54 0.138981
55 0.138743
56 0.138501
57 0.13848
58 0.138206
59 0.138004
60 0.138
61 0.13784
62 0.137691
63 0.137462
64 0.137248
65 0.137169
66 0.137262
67 0.136974
68 0.136854
69 0.136741
70 0.136628
71 0.136553
72 0.136402
73 0.136267
74 0.136282
75 0.136227
76 0.136084
77 0.136041
78 0.135898
79 0.135719
80 0.135716
81 0.135618
82 0.135422
83 0.135576
84 0.13531
85 0.13522
86 0.135171
87 0.135144
88 0.135016
89 0.134974
90 0.134885
91 0.134765
92 0.134765
93 0.134885
94 0.134644
95 0.134568
96 0.134502
97 0.134433
98 0.134312
99 0.134297
100 0.134239
101 0.13421
102 0.134052
103 0.13407
104 0.133945
105 0.133907
106 0.133932
107 0.133835
108 0.133888
109 0.13377
110 0.133697
111 0.133649
112 0.133592
113 0.133636
114 0.133458
115 0.13346
116 0.133465
117 0.133275
118 0.133291
119 0.133216
120 0.13335
121 0.133236
122 0.13318
123 0.133021
124 0.133031
125 0.132962
126 0.132966
127 0.13292
128 0.132776
129 0.13284
130 0.132875
131 0.132781
132 0.132732
133 0.132689
134 0.132677
135 0.132677
136 0.132645
137 0.132617
138 0.132546
139 0.132485
140 0.132522
141 0.132546
142 0.132403
143 0.132386
144 0.132281
145 0.132381
146 0.132235
147 0.132226
148 0.132194
149 0.132204
150 0.132105
151 0.132137
152 0.13213
153 0.132121
154 0.132045
155 0.131995
156 0.13204
157 0.131945
158 0.131967
159 0.131992
160 0.13186
161 0.131817
162 0.131923
163 0.131857
164 0.131807
165 0.131789
166 0.131758
167 0.131797
168 0.131723
169 0.131732
170 0.131603
171 0.131729
172 0.131525
173 0.131635
174 0.131605
175 0.131557
176 0.131491
177 0.131528
178 0.131533
179 0.131511
180 0.131433
181 0.13137
182 0.131488
183 0.131405
184 0.13137
185 0.131344
186 0.131398
187 0.131297
188 0.131308
189 0.131208
190 0.131194
191 0.13121
192 0.131145
193 0.13115
194 0.131186
195 0.131119
196 0.13116
197 0.131152
198 0.131118
199 0.131072
200 0.131086
201 0.131057
202 0.131018
203 0.131073
204 0.130977
205 0.130751
206 0.130929
207 0.130988
208 0.130917
209 0.130907
210 0.130876
211 0.130795
212 0.130877
213 0.130862
214 0.130758
215 0.130782
216 0.13077
217 0.130712
218 0.13074
219 0.130768
220 0.130678
221 0.130714
222 0.130684
223 0.130681
224 0.130654
225 0.13063
226 0.130654
227 0.130592
228 0.130594
229 0.130691
230 0.130602
231 0.130601
232 0.130616
233 0.130496
234 0.130569
235 0.13054
236 0.130498
237 0.130457
238 0.13041
239 0.130501
240 0.130454
241 0.130594
242 0.130444
243 0.130418
244 0.130401
245 0.130391
246 0.130399
247 0.13039
248 0.130297
249 0.130357
250 0.130281
251 0.130249
252 0.13028
253 0.130328
254 0.130283
255 0.130271
256 0.130291
257 0.130204
258 0.130203
259 0.130193
260 0.130294
261 0.130248
262 0.130206
263 0.130203
264 0.13016
265 0.130128
266 0.130123
267 0.130149
268 0.130076
269 0.130043
270 0.130196
271 0.130059
272 0.130098
273 0.130039
274 0.130101
275 0.130033
276 0.130023
277 0.130018
278 0.129991
279 0.129996
280 0.129974
281 0.129998
282 0.129971
283 0.130005
284 0.12994
285 0.129912
286 0.129948
287 0.129974
288 0.129909
289 0.129831
290 0.12992
291 0.129919
292 0.129933
293 0.12992
294 0.129808
295 0.129845
296 0.129852
297 0.129866
298 0.12988
299 0.129804
300 0.129747
301 0.129814
302 0.129784
303 0.129796
304 0.129799
305 0.129748
306 0.129796
307 0.129746
308 0.129736
309 0.12973
310 0.129705
311 0.129708
312 0.129655
313 0.129721
314 0.129703
315 0.129649
316 0.129643
317 0.129656
318 0.129669
319 0.129682
320 0.129638
321 0.129692
322 0.129621
323 0.129665
324 0.129604
325 0.129621
326 0.129576
327 0.129614
328 0.12958
329 0.129558
330 0.129617
331 0.129545
332 0.129557
333 0.129539
334 0.129534
335 0.129525
336 0.129538
337 0.129509
338 0.129449
339 0.12946
340 0.129436
341 0.129699
342 0.129547
343 0.129406
344 0.1294
345 0.129443
346 0.129442
347 0.129462
348 0.129419
349 0.129376
350 0.129372
351 0.129422
352 0.129378
353 0.129467
354 0.129392
355 0.129419
356 0.129356
357 0.12931
358 0.129393
359 0.12936
360 0.129375
361 0.12936
362 0.12936
363 0.129328
364 0.12935
365 0.129321
366 0.129299
367 0.129292
368 0.129314
369 0.129253
370 0.129237
371 0.129302
372 0.129321
373 0.129257
374 0.129259
375 0.129252
376 0.129261
377 0.129251
378 0.129189
379 0.129243
380 0.129174
381 0.129199
382 0.129223
383 0.129253
384 0.129111
385 0.129209
386 0.129193
387 0.129204
388 0.129141
389 0.129142
390 0.129214
391 0.129101
392 0.129177
393 0.129141
394 0.129177
395 0.129147
396 0.129146
397 0.129141
398 0.129127
399 0.129082
400 0.129117
