1 0.0566822
2 0.0922183
3 0.0490252
4 0.0611089
5 0.0437757
6 0.0593979
7 0.0399296
8 0.0452279
9 0.0369785
10 0.0418098
11 0.0346237
12 0.037456
13 0.032506
14 0.0347857
15 0.0306982
16 0.0324413
17 0.0294944
18 0.030404
19 0.0276698
20 0.0290751
21 0.0266364
22 0.0272487
23 0.025968
24 0.0258346
25 0.0242753
26 0.0250466
27 0.0237477
28 0.0238222
29 0.0226962
30 0.0228405
31 0.0217694
32 0.0222276
33 0.0210029
34 0.0212165
35 0.0206247
36 0.020496
37 0.0198385
38 0.0199934
39 0.0191317
40 0.0193057
41 0.0186598
42 0.0188164
43 0.0180548
44 0.018399
45 0.0175398
46 0.0176678
47 0.0172355
48 0.0172667
49 0.0167802
50 0.0167777
51 0.0162487
52 0.0163827
53 0.015977
54 0.0159017
55 0.015456
56 0.0156369
57 0.0151969
58 0.0151496
59 0.0148459
60 0.0148226
61 0.0144402
62 0.0146059
63 0.0142249
64 0.0141757
65 0.0139176
66 0.0138649
67 0.0136978
68 0.0136677
69 0.0133251
70 0.0133346
71 0.0131708
72 0.013133
73 0.0128344
74 0.012862
75 0.0125977
76 0.0125972
77 0.0124777
78 0.012364
79 0.0121376
80 0.0121932
81 0.0119369
82 0.0119473
83 0.0117416
84 0.011714
85 0.0115084
86 0.0115415
87 0.0113306
88 0.0113053
89 0.0112032
90 0.0111206
91 0.0109788
92 0.0110295
93 0.0108074
94 0.0107714
95 0.0106676
96 0.0106194
97 0.0104953
98 0.0105131
99 0.0103042
100 0.010288
101 0.0101741
102 0.0101643
103 0.00998711
104 0.0100364
105 0.00988216
106 0.00984691
107 0.00977006
108 0.00973366
109 0.0096001
110 0.00958495
111 0.00944675
112 0.00948392
113 0.00935483
114 0.00933437
115 0.00924181
116 0.00924465
117 0.00911018
118 0.00907407
119 0.00901441
120 0.00896754
121 0.00885942
122 0.00889659
123 0.0087399
124 0.00873199
125 0.00864671
126 0.00864515
127 0.00854328
128 0.00852908
129 0.00842024
130 0.00841002
131 0.00834001
132 0.0083281
133 0.00824301
134 0.00822701
135 0.00813049
136 0.00811663
137 0.00806569
138 0.00801297
139 0.0079376
140 0.0079382
141 0.00784101
142 0.00783266
143 0.0077724
144 0.00774596
145 0.007671
146 0.00766347
147 0.00760359
148 0.00759831
149 0.0075151
150 0.00749459
151 0.00742465
152 0.00744667
153 0.00735984
154 0.00736221
155 0.00730037
156 0.00730191
157 0.00723043
158 0.0072154
159 0.00715826
160 0.00714716
161 0.00710352
162 0.00708212
163 0.0070157
164 0.00701553
165 0.00694079
166 0.00692719
167 0.00687532
168 0.0068484
169 0.00679346
170 0.00679911
171 0.00674194
172 0.00674826
173 0.00668701
174 0.00666918
175 0.0066212
176 0.00662041
177 0.00655934
178 0.00654851
179 0.00651541
180 0.00650251
181 0.00645693
182 0.00645523
183 0.00638339
184 0.00637816
185 0.00634148
186 0.00633131
187 0.00628242
188 0.00628724
189 0.00623944
190 0.00621117
191 0.00617416
192 0.00616554
193 0.0061127
194 0.00609287
195 0.00605517
196 0.00605611
197 0.00600908
198 0.00599002
199 0.00595485
200 0.00594426
201 0.00589787
202 0.00590378
203 0.00587141
204 0.00584962
205 0.00581085
206 0.00580215
207 0.00576564
208 0.00575008
209 0.00572967
210 0.00571402
211 0.00567109
212 0.00567696
213 0.00562322
214 0.00561362
215 0.00558338
216 0.005566
217 0.00554157
218 0.00552658
219 0.00549626
220 0.00548429
221 0.00545114
222 0.00544617
223 0.00540241
224 0.00541437
225 0.00536856
226 0.00535285
227 0.0053382
228 0.00531916
229 0.00528103
230 0.00527375
231 0.00523783
232 0.0052321
233 0.0052073
234 0.00519091
235 0.00515809
236 0.00516114
237 0.00512805
238 0.0051234
239 0.00509198
240 0.0050818
241 0.00504601
242 0.00505422
243 0.00501611
244 0.00501889
245 0.00499865
246 0.00498016
247 0.00495008
248 0.004945
249 0.00491907
250 0.00491113
251 0.004886
252 0.00488376
253 0.00484774
254 0.0048472
255 0.00480683
256 0.00480035
257 0.00478236
258 0.00477551
259 0.00474297
260 0.00473392
261 0.00470774
262 0.00470165
263 0.00467758
264 0.00466484
265 0.00463709
266 0.00463942
267 0.00461638
268 0.00461153
269 0.00459561
270 0.00458661
271 0.00456291
272 0.00455728
273 0.00453538
274 0.00452689
275 0.00450486
276 0.00450423
277 0.00447434
278 0.00448026
279 0.00444845
280 0.00445341
281 0.00442716
282 0.00441919
283 0.00439646
284 0.00438754
285 0.00436881
286 0.00435797
287 0.0043456
288 0.00433273
289 0.0043122
290 0.00430929
291 0.00428751
292 0.00428772
293 0.00426492
294 0.00425595
295 0.00423508
296 0.00423142
297 0.00421036
298 0.00419893
299 0.00418579
300 0.00418369
301 0.00416032
302 0.00415938
303 0.00412963
304 0.00412992
305 0.00411173
306 0.00411164
307 0.00409491
308 0.00409052
309 0.00406573
310 0.00406031
311 0.00404361
312 0.00404276
313 0.00402126
314 0.00401912
315 0.00399539
316 0.00399882
317 0.00398193
318 0.00396686
319 0.00395145
320 0.00394772
321 0.0039267
322 0.00393125
323 0.00392001
324 0.00390652
325 0.00389154
326 0.0038796
327 0.0038752
328 0.00386
329 0.00385051
330 0.00384384
331 0.00383098
332 0.00383079
333 0.00380839
334 0.00381032
335 0.00379606
336 0.00379148
337 0.00377856
338 0.003766
339 0.00375649
340 0.00374908
341 0.00373976
342 0.00373082
343 0.00372342
344 0.00371395
345 0.00369756
346 0.00369062
347 0.00367868
348 0.00367218
349 0.00365596
350 0.00365624
351 0.0036364
352 0.00364012
353 0.00362045
354 0.00361607
355 0.00359996
356 0.00360087
357 0.00358888
358 0.00357595
359 0.0035687
360 0.00356323
361 0.00355083
362 0.00354699
363 0.00353069
364 0.00352961
365 0.00351262
366 0.0035024
367 0.00349656
368 0.0034955
369 0.00347668
370 0.0034757
371 0.0034642
372 0.00346392
373 0.00344553
374 0.00344481
375 0.0034343
376 0.00342674
377 0.0034201
378 0.00341054
379 0.00339789
380 0.00339185
381 0.00337393
382 0.00337685
383 0.003368
384 0.00335745
385 0.00335394
386 0.00334731
387 0.003337
388 0.0033348
389 0.00331887
390 0.00332371
391 0.00330556
392 0.0033063
393 0.00329012
394 0.00328579
395 0.00327665
396 0.00326867
397 0.00325834
398 0.00325408
399 0.00324002
400 0.00324005
