1 0.100222
2 0.100222
3 0.100222
4 0.100222
5 0.100222
6 0.100222
7 0.125675
8 0.131242
9 0.13004
10 0.140922
11 0.141899
12 0.140003
13 0.159577
14 0.164846
15 0.167523
16 0.172622
17 0.177069
18 0.178692
19 0.19033
20 0.194909
21 0.199429
22 0.203408
23 0.206875
24 0.21011
25 0.217837
26 0.221348
27 0.226024
28 0.230138
29 0.233259
30 0.237532
31 0.242932
32 0.246634
33 0.251461
34 0.255092
35 0.25814
36 0.261099
37 0.266342
38 0.269992
39 0.27396
40 0.277591
41 0.281519
42 0.284845
43 0.288256
44 0.292387
45 0.296483
46 0.299122
47 0.302998
48 0.30582
49 0.310065
50 0.312154
51 0.31741
52 0.320408
53 0.324006
54 0.327737
55 0.330866
56 0.334149
57 0.338052
58 0.341684
59 0.344164
60 0.34787
61 0.350921
62 0.354609
63 0.356361
64 0.360027
65 0.363832
66 0.367046
67 0.369251
68 0.3724
69 0.375267
70 0.378711
71 0.3818
72 0.385125
73 0.387522
74 0.390484
75 0.392961
76 0.396206
77 0.39922
78 0.401241
79 0.404315
80 0.40626
81 0.40948
82 0.411979
83 0.413717
84 0.416038
85 0.419458
86 0.421435
87 0.423781
88 0.425728
89 0.428338
90 0.43068
91 0.433513
92 0.435414
93 0.437396
94 0.439681
95 0.441613
96 0.443611
97 0.446265
98 0.448677
99 0.450373
100 0.452853
101 0.455141
102 0.457346
103 0.459008
104 0.460868
105 0.462963
106 0.465237
107 0.466174
108 0.467639
109 0.470056
110 0.471754
111 0.473936
112 0.475393
113 0.477617
114 0.477919
115 0.480786
116 0.48173
117 0.483108
118 0.48529
119 0.486531
120 0.488667
121 0.490499
122 0.492498
123 0.493876
124 0.495731
125 0.496111
126 0.4976
127 0.499782
128 0.501421
129 0.50221
130 0.504536
131 0.505557
132 0.506859
133 0.508294
134 0.510611
135 0.511449
136 0.512362
137 0.514142
138 0.515731
139 0.516236
140 0.518104
141 0.519697
142 0.520703
143 0.522082
144 0.523151
145 0.523704
146 0.525908
147 0.527663
148 0.527836
149 0.529653
150 0.530742
151 0.531231
152 0.533292
153 0.534445
154 0.535497
155 0.53565
156 0.537384
157 0.538003
158 0.539635
159 0.540042
160 0.541384
161 0.544091
162 0.543855
163 0.545054
164 0.546297
165 0.547793
166 0.548408
167 0.550482
168 0.550673
169 0.551097
170 0.552692
171 0.553516
172 0.554311
173 0.55568
174 0.556901
175 0.557803
176 0.557875
177 0.559024
178 0.560193
179 0.561001
180 0.562957
181 0.56253
182 0.564682
183 0.564435
184 0.565374
185 0.566917
186 0.567342
187 0.56822
188 0.569426
189 0.57001
190 0.57088
191 0.571989
192 0.572492
193 0.573835
194 0.574439
195 0.575513
196 0.575649
197 0.576685
198 0.577606
199 0.578629
200 0.579669
201 0.580421
202 0.579685
203 0.581474
204 0.582626
205 0.58355
206 0.584598
207 0.58411
208 0.586021
209 0.58658
210 0.586938
211 0.587474
212 0.588208
213 0.589525
214 0.590761
215 0.590265
216 0.591397
217 0.592577
218 0.593429
219 0.593409
220 0.594255
221 0.594856
222 0.596161
223 0.596922
224 0.59781
225 0.598879
226 0.598714
227 0.599358
228 0.59971
229 0.601067
230 0.601405
231 0.601715
232 0.602722
233 0.603459
234 0.604074
235 0.603782
236 0.605475
237 0.606278
238 0.606621
239 0.607712
240 0.608166
241 0.608678
242 0.608613
243 0.609965
244 0.61085
245 0.610797
246 0.612167
247 0.612496
248 0.612673
249 0.612563
250 0.613762
251 0.614191
252 0.615348
253 0.616651
254 0.616219
255 0.617083
256 0.617583
257 0.617961
258 0.618044
259 0.6191
260 0.619879
261 0.620317
262 0.621088
263 0.621617
264 0.622297
265 0.622677
266 0.623326
267 0.623538
268 0.624298
269 0.624779
270 0.625612
271 0.62607
272 0.625796
273 0.627294
274 0.627993
275 0.628526
276 0.628346
277 0.628673
278 0.628924
279 0.62943
280 0.630846
281 0.631825
282 0.631463
283 0.632208
284 0.632458
285 0.632783
286 0.633666
287 0.634771
288 0.633893
289 0.634511
290 0.634766
291 0.636605
292 0.636643
293 0.636864
294 0.637591
295 0.638599
296 0.638666
297 0.639365
298 0.639315
299 0.640241
300 0.641013
301 0.640775
302 0.641609
303 0.642067
304 0.641977
305 0.642683
306 0.642711
307 0.644014
308 0.644144
309 0.644312
310 0.644612
311 0.64405
312 0.644529
313 0.646721
314 0.647548
315 0.647417
316 0.64818
317 0.647924
318 0.647635
319 0.648233
320 0.649208
321 0.650022
322 0.649506
323 0.649873
324 0.650551
325 0.651202
326 0.652003
327 0.652114
328 0.652576
329 0.653275
330 0.653098
331 0.653475
332 0.653496
333 0.65392
334 0.654542
335 0.655605
336 0.655984
337 0.655922
338 0.656027
339 0.657029
340 0.656557
341 0.657171
342 0.657962
343 0.658102
344 0.658003
345 0.658942
346 0.659344
347 0.659306
348 0.659161
349 0.660964
350 0.660544
351 0.661196
352 0.661727
353 0.662011
354 0.662098
355 0.662641
356 0.663026
357 0.663808
358 0.664014
359 0.66441
360 0.665075
361 0.665162
362 0.665029
363 0.665581
364 0.666191
365 0.666374
366 0.667053
367 0.667458
368 0.666715
369 0.667589
370 0.667102
371 0.668604
372 0.668225
373 0.6695
374 0.669141
375 0.669765
376 0.669976
377 0.670541
378 0.670595
379 0.67147
380 0.671026
381 0.671803
382 0.673229
383 0.672252
384 0.67357
385 0.673358
386 0.673842
387 0.673917
388 0.673582
389 0.675578
390 0.674467
391 0.67499
392 0.675513
393 0.675596
394 0.675581
395 0.67624
396 0.676514
397 0.676929
398 0.677292
399 0.678097
400 0.678082
