1 0.299699
2 0.299603
3 0.299784
4 0.30037
5 0.299181
6 0.29942
7 0.319232
8 0.325486
9 0.326716
10 0.329989
11 0.333662
12 0.334265
13 0.346219
14 0.349723
15 0.351731
16 0.355424
17 0.357323
18 0.358814
19 0.365542
20 0.368155
21 0.370394
22 0.373288
23 0.374932
24 0.377547
25 0.381528
26 0.383444
27 0.38578
28 0.388133
29 0.389645
30 0.39132
31 0.394512
32 0.396604
33 0.397674
34 0.400037
35 0.40115
36 0.402938
37 0.405011
38 0.407059
39 0.408996
40 0.410678
41 0.41179
42 0.414253
43 0.414276
44 0.41705
45 0.417815
46 0.419484
47 0.422006
48 0.422451
49 0.423536
50 0.424944
51 0.427287
52 0.427409
53 0.429154
54 0.430168
55 0.431008
56 0.432548
57 0.432939
58 0.435441
59 0.435577
60 0.437419
61 0.438646
62 0.439093
63 0.439846
64 0.441292
65 0.442858
66 0.443782
67 0.443997
68 0.444993
69 0.445763
70 0.446637
71 0.448127
72 0.449251
73 0.449644
74 0.451326
75 0.451051
76 0.452455
77 0.45301
78 0.454212
79 0.454372
80 0.455183
81 0.45598
82 0.45745
83 0.457773
84 0.45749
85 0.459487
86 0.459818
87 0.459768
88 0.459979
89 0.462303
90 0.462218
91 0.46333
92 0.464126
93 0.464086
94 0.464759
95 0.4652
96 0.465797
97 0.466949
98 0.467056
99 0.467495
100 0.467871
101 0.469151
102 0.468888
103 0.469522
104 0.469798
105 0.469813
106 0.470706
107 0.471659
108 0.471603
109 0.47259
110 0.47275
111 0.473515
112 0.473502
113 0.474388
114 0.47385
115 0.47468
116 0.475096
117 0.475327
118 0.475381
119 0.475961
120 0.47683
121 0.477283
122 0.476746
123 0.47734
124 0.47814
125 0.478913
126 0.478546
127 0.479027
128 0.479373
129 0.479725
130 0.4803
131 0.479287
132 0.480785
133 0.481143
134 0.482551
135 0.481597
136 0.481902
137 0.482854
138 0.482932
139 0.483083
140 0.48326
141 0.483294
142 0.483491
143 0.483879
144 0.485296
145 0.48433
146 0.484689
147 0.484379
148 0.485004
149 0.485071
150 0.485927
151 0.485905
152 0.486639
153 0.486366
154 0.488208
155 0.487084
156 0.487326
157 0.487948
158 0.487557
159 0.487105
160 0.488821
161 0.487913
162 0.488699
163 0.489278
164 0.489115
165 0.489863
166 0.490108
167 0.489839
168 0.489126
169 0.489426
170 0.489599
171 0.490533
172 0.490369
173 0.491298
174 0.491806
175 0.490922
176 0.491687
177 0.491528
178 0.491348
179 0.492413
180 0.492134
181 0.491902
182 0.49131
183 0.492498
184 0.492877
185 0.493559
186 0.49334
187 0.493723
188 0.493643
189 0.493627
190 0.49218
191 0.493385
192 0.493357
193 0.494258
194 0.494125
195 0.494813
196 0.494364
197 0.495035
198 0.494066
199 0.495656
200 0.49479
201 0.496167
202 0.495428
203 0.496384
204 0.495392
205 0.496094
206 0.496026
207 0.495874
208 0.495869
209 0.496308
210 0.496396
211 0.496263
212 0.496632
213 0.497377
214 0.497079
215 0.49692
216 0.497038
217 0.496467
218 0.49736
219 0.498147
220 0.497612
221 0.497455
222 0.498499
223 0.49816
224 0.49796
225 0.497552
226 0.49834
227 0.499665
228 0.498121
229 0.498839
230 0.49905
231 0.498607
232 0.499484
233 0.49895
234 0.499967
235 0.500409
236 0.498501
237 0.500409
238 0.500315
239 0.500344
240 0.500098
241 0.500393
242 0.49977
243 0.500463
244 0.501466
245 0.501302
246 0.500325
247 0.500757
248 0.500844
249 0.500029
250 0.500757
251 0.501683
252 0.500824
253 0.501548
254 0.501591
255 0.501852
256 0.501376
257 0.500821
258 0.502445
259 0.502091
260 0.501675
261 0.501771
262 0.501886
263 0.502377
264 0.501958
265 0.502074
266 0.503107
267 0.502468
268 0.501832
269 0.503015
270 0.503001
271 0.503361
272 0.502137
273 0.50298
274 0.502789
275 0.503416
276 0.503608
277 0.502773
278 0.503256
279 0.502832
280 0.503438
281 0.503805
282 0.503663
283 0.503896
284 0.503443
285 0.503141
286 0.50426
287 0.504406
288 0.504834
289 0.504693
290 0.504573
291 0.503962
292 0.504931
293 0.505134
294 0.504082
295 0.5048
296 0.504389
297 0.504386
298 0.504869
299 0.506467
300 0.505071
301 0.505418
302 0.505613
303 0.504715
304 0.505166
305 0.50598
306 0.505747
307 0.505462
308 0.506528
309 0.505349
310 0.506276
311 0.506367
312 0.50458
313 0.50647
314 0.506245
315 0.505993
316 0.505667
317 0.50595
318 0.505414
319 0.50608
320 0.505756
321 0.507076
322 0.506312
323 0.506474
324 0.507204
325 0.507113
326 0.506742
327 0.506156
328 0.507048
329 0.506491
330 0.506831
331 0.507446
332 0.507342
333 0.507124
334 0.506719
335 0.507147
336 0.507475
337 0.506516
338 0.50747
339 0.508464
340 0.507552
341 0.507417
342 0.507285
343 0.507077
344 0.507531
345 0.507378
346 0.508056
347 0.508045
348 0.50829
349 0.508132
350 0.507593
351 0.508479
352 0.508635
353 0.507277
354 0.508184
355 0.508097
356 0.508064
357 0.507921
358 0.507931
359 0.507891
360 0.508738
361 0.508736
362 0.508491
363 0.50868
364 0.509027
365 0.509046
366 0.508766
367 0.509029
368 0.508466
369 0.508995
370 0.509826
371 0.508928
372 0.509437
373 0.510012
374 0.508695
375 0.508812
376 0.509008
377 0.508954
378 0.509698
379 0.509399
380 0.509372
381 0.509376
382 0.50906
383 0.508891
384 0.509194
385 0.509261
386 0.510403
387 0.509546
388 0.510246
389 0.509327
390 0.509589
391 0.509251
392 0.509529
393 0.509432
394 0.510176
395 0.510051
396 0.510238
397 0.510432
398 0.510697
399 0.510179
400 0.510381
