1 0.457959
2 0.32423
3 0.265308
4 0.229894
5 0.205869
6 0.188371
7 0.175068
8 0.164824
9 0.156425
10 0.149449
11 0.143623
12 0.13838
13 0.133955
14 0.129963
15 0.126572
16 0.123635
17 0.120944
18 0.118626
19 0.116552
20 0.114546
21 0.112679
22 0.111308
23 0.109948
24 0.10862
25 0.107176
26 0.106461
27 0.105619
28 0.104423
29 0.103906
30 0.103074
31 0.102517
32 0.101576
33 0.101278
34 0.100274
35 0.0996629
36 0.0991755
37 0.0987672
38 0.0983842
39 0.0977506
40 0.0973798
41 0.0966184
42 0.0964579
43 0.0960893
44 0.0958701
45 0.0954085
46 0.0952748
47 0.0948684
48 0.0945816
49 0.0942475
50 0.0939615
51 0.0937651
52 0.0935368
53 0.0934003
54 0.0934104
55 0.0928367
56 0.0926272
57 0.0926812
58 0.0924638
59 0.0921559
60 0.0920852
61 0.091796
62 0.0917493
63 0.0914042
64 0.0912361
65 0.0912271
66 0.0912736
67 0.0910298
68 0.0910158
69 0.0909262
70 0.0908402
71 0.090768
72 0.0906203
73 0.0902573
74 0.0905235
75 0.0903856
76 0.0903432
77 0.0903607
78 0.0903239
79 0.0901511
80 0.0901658
81 0.0901993
82 0.0900229
83 0.0901946
84 0.0899338
85 0.089902
86 0.0899116
87 0.0899939
88 0.0899145
89 0.0899109
90 0.089945
91 0.0897877
92 0.0898229
93 0.0902347
94 0.0898564
95 0.0897404
96 0.0897816
97 0.0897912
98 0.0896236
99 0.0898113
100 0.0897125
101 0.0896687
102 0.0897048
103 0.0897097
104 0.0896168
105 0.0895856
106 0.0897911
107 0.0896295
108 0.0897953
109 0.0897168
110 0.0897056
111 0.0897336
112 0.0897501
113 0.0898669
114 0.0900799
115 0.0898375
116 0.0897629
117 0.0897978
118 0.0898104
119 0.0897563
120 0.0898716
121 0.0898933
122 0.08988
123 0.0898371
124 0.0899322
125 0.089931
126 0.089989
127 0.08994
128 0.0898373
129 0.0900052
130 0.0901345
131 0.0901777
132 0.0901792
133 0.0900601
134 0.090186
135 0.0902244
136 0.09019
137 0.0902565
138 0.090282
139 0.0902629
140 0.0903552
141 0.090391
142 0.0903668
143 0.090365
144 0.0904275
145 0.0904255
146 0.0901055
147 0.0904356
148 0.0905174
149 0.0905577
150 0.0905558
151 0.0905928
152 0.0906704
153 0.090689
154 0.0907055
155 0.0906772
156 0.0907076
157 0.0907453
158 0.0907588
159 0.0909055
160 0.0908329
161 0.0909135
162 0.0909378
163 0.0909283
164 0.0909349
165 0.0909804
166 0.0910789
167 0.0910392
168 0.0910711
169 0.0911192
170 0.0910338
171 0.0914576
172 0.0911314
173 0.0912051
174 0.0912569
175 0.0912742
176 0.0913272
177 0.0913313
178 0.0914827
179 0.0913762
180 0.0914589
181 0.0913473
182 0.0915842
183 0.0914901
184 0.0915781
185 0.0915708
186 0.0916402
187 0.0915614
188 0.0917058
189 0.0916224
190 0.0916326
191 0.0917135
192 0.091709
193 0.0917423
194 0.0918096
195 0.0917896
196 0.0918202
197 0.0919364
198 0.0919372
199 0.0919091
200 0.0920059
201 0.0919998
202 0.0919855
203 0.0920791
204 0.0920642
205 0.0916525
206 0.0921219
207 0.0921649
208 0.0921035
209 0.0922204
210 0.0922942
211 0.092226
212 0.0922824
213 0.092398
214 0.0922487
215 0.0923759
216 0.0924495
217 0.0923404
218 0.092405
219 0.0924847
220 0.0924766
221 0.0924946
222 0.0925476
223 0.0926149
224 0.0925914
225 0.0926332
226 0.0926631
227 0.092724
228 0.0926661
229 0.0927285
230 0.0928033
231 0.0927807
232 0.092766
233 0.0927843
234 0.0929305
235 0.0928485
236 0.0928414
237 0.0928438
238 0.0928487
239 0.0929294
240 0.0929798
241 0.0930907
242 0.0929994
243 0.0930974
244 0.0930489
245 0.093053
246 0.0930451
247 0.0931353
248 0.0931689
249 0.0932226
250 0.0931541
251 0.0931926
252 0.0931916
253 0.0932794
254 0.093285
255 0.09321
256 0.093348
257 0.0934222
258 0.0933771
259 0.0933749
260 0.0934438
261 0.0935274
262 0.0935141
263 0.0934682
264 0.0935214
265 0.0934856
266 0.0934906
267 0.0935995
268 0.0935818
269 0.093547
270 0.0937141
271 0.0936159
272 0.0936492
273 0.0936947
274 0.093685
275 0.0937442
276 0.0937533
277 0.0937832
278 0.0937701
279 0.0938687
280 0.0938344
281 0.0938175
282 0.0939104
283 0.0939095
284 0.0939708
285 0.0938467
286 0.0939536
287 0.0939362
288 0.0940168
289 0.0939552
290 0.093975
291 0.0940792
292 0.0940709
293 0.0941512
294 0.0940296
295 0.0941258
296 0.0941121
297 0.0941633
298 0.0941639
299 0.0941286
300 0.0942174
301 0.0942392
302 0.0942237
303 0.0942778
304 0.0942664
305 0.0942761
306 0.0943249
307 0.0942459
308 0.0943523
309 0.0943773
310 0.0943739
311 0.094374
312 0.0943631
313 0.0944019
314 0.0944323
315 0.094369
316 0.0944539
317 0.0944543
318 0.0945609
319 0.0944953
320 0.0945147
321 0.0945627
322 0.0945998
323 0.0946106
324 0.0946354
325 0.0946092
326 0.0946279
327 0.0946345
328 0.0946641
329 0.0946693
330 0.0947066
331 0.0947345
332 0.0947781
333 0.0947705
334 0.0947946
335 0.0947943
336 0.0947916
337 0.0947325
338 0.0947815
339 0.0948156
340 0.0947592
341 0.0951479
342 0.0950254
343 0.0948285
344 0.0948488
345 0.0949177
346 0.0948963
347 0.0949485
348 0.0949007
349 0.0948986
350 0.0949359
351 0.094958
352 0.0949803
353 0.0950282
354 0.0949767
355 0.0949935
356 0.0950199
357 0.0949996
358 0.0950773
359 0.0950802
360 0.0951103
361 0.0950882
362 0.0950281
363 0.0950997
364 0.0951439
365 0.095185
366 0.0951512
367 0.0951322
368 0.0952249
369 0.0951589
370 0.0951698
371 0.0951578
372 0.0952484
373 0.0952055
374 0.0952044
375 0.0952195
376 0.0953009
377 0.0952886
378 0.0952694
379 0.0953153
380 0.0952649
381 0.0952904
382 0.0953487
383 0.095324
384 0.0952943
385 0.0954217
386 0.0953499
387 0.0954158
388 0.0954082
389 0.0953661
390 0.0954824
391 0.0953986
392 0.0954371
393 0.0954301
394 0.0955116
395 0.095466
396 0.0955217
397 0.095453
398 0.0955211
399 0.0954536
400 0.0955572
