1 0.333627
2 0.333526
3 0.333429
4 0.333366
5 0.333265
6 0.333259
7 0.333347
8 0.333314
9 0.333264
10 0.333297
11 0.333249
12 0.33336
13 0.333336
14 0.33333
15 0.333291
16 0.333293
17 0.333304
18 0.333254
19 0.333238
20 0.333297
21 0.333336
22 0.333337
23 0.333339
24 0.333368
25 0.333473
26 0.336423
27 0.340484
28 0.34519
29 0.350216
30 0.355555
31 0.360976
32 0.366665
33 0.372164
34 0.377888
35 0.383471
36 0.38899
37 0.39443
38 0.39982
39 0.405149
40 0.410348
41 0.415478
42 0.420454
43 0.425361
44 0.430143
45 0.434844
46 0.439425
47 0.443886
48 0.448239
49 0.452462
50 0.456555
51 0.460573
52 0.464514
53 0.468364
54 0.472147
55 0.475815
56 0.47944
57 0.483009
58 0.48648
59 0.489882
60 0.493246
61 0.496531
62 0.499751
63 0.502913
64 0.506011
65 0.509061
66 0.512065
67 0.514991
68 0.517889
69 0.520706
70 0.523489
71 0.526236
72 0.528922
73 0.531585
74 0.534178
75 0.536727
76 0.539248
77 0.5417
78 0.544141
79 0.546531
80 0.548874
81 0.551195
82 0.553458
83 0.555717
84 0.55791
85 0.560072
86 0.562229
87 0.56435
88 0.566417
89 0.568447
90 0.570488
91 0.572455
92 0.574428
93 0.57637
94 0.578261
95 0.580136
96 0.581985
97 0.583812
98 0.585605
99 0.587387
100 0.589136
101 0.590881
102 0.592571
103 0.594306
104 0.595919
105 0.597538
106 0.59917
107 0.600773
108 0.602334
109 0.603906
110 0.605459
111 0.606964
112 0.608464
113 0.60995
114 0.611399
115 0.612863
116 0.61428
117 0.615674
118 0.617097
119 0.618479
120 0.619828
121 0.621191
122 0.622512
123 0.623829
124 0.625146
125 0.626421
126 0.627716
127 0.628899
128 0.630204
129 0.631479
130 0.632634
131 0.633857
132 0.635062
133 0.636237
134 0.6374
135 0.638575
136 0.639699
137 0.640852
138 0.641973
139 0.643078
140 0.644197
141 0.645251
142 0.646321
143 0.647394
144 0.648456
145 0.649507
146 0.650545
147 0.651566
148 0.652589
149 0.653588
150 0.654584
151 0.655566
152 0.656559
153 0.657521
154 0.658507
155 0.659444
156 0.66039
157 0.661324
158 0.662238
159 0.663159
160 0.664071
161 0.664974
162 0.665875
163 0.666753
164 0.667639
165 0.668512
166 0.669369
167 0.670239
168 0.671099
169 0.671876
170 0.672835
171 0.673481
172 0.674453
173 0.675249
174 0.676021
175 0.676841
176 0.677651
177 0.678433
178 0.679203
179 0.67999
180 0.680774
181 0.681534
182 0.682286
183 0.683031
184 0.683793
185 0.684536
186 0.685252
187 0.686006
188 0.686722
189 0.68744
190 0.688139
191 0.688849
192 0.689561
193 0.690253
194 0.690948
195 0.6916
196 0.692328
197 0.692975
198 0.693671
199 0.694355
200 0.694996
201 0.695666
202 0.696308
203 0.696973
204 0.697617
205 0.698297
206 0.69888
207 0.699513
208 0.700142
209 0.700776
210 0.701377
211 0.701988
212 0.702608
213 0.703221
214 0.703822
215 0.704417
216 0.705003
217 0.705587
218 0.70618
219 0.706775
220 0.707343
221 0.707907
222 0.708493
223 0.709048
224 0.709619
225 0.710173
226 0.710735
227 0.711299
228 0.711831
229 0.712394
230 0.712922
231 0.713461
232 0.713986
233 0.714509
234 0.715039
235 0.715573
236 0.716105
237 0.716622
238 0.717136
239 0.717628
240 0.718154
241 0.718712
242 0.719171
243 0.719676
244 0.720158
245 0.720646
246 0.721141
247 0.721645
248 0.72214
249 0.722627
250 0.723102
251 0.723548
252 0.723995
253 0.724482
254 0.724997
255 0.725554
256 0.725909
257 0.726255
258 0.726801
259 0.72732
260 0.727783
261 0.728204
262 0.728636
263 0.729071
264 0.729525
265 0.729964
266 0.730425
267 0.730854
268 0.731297
269 0.731729
270 0.732147
271 0.732588
272 0.732992
273 0.733373
274 0.733838
275 0.734257
276 0.734677
277 0.735084
278 0.735497
279 0.735912
280 0.736322
281 0.73673
282 0.737138
283 0.737532
284 0.737938
285 0.738328
286 0.738729
287 0.739127
288 0.739514
289 0.739904
290 0.740294
291 0.740679
292 0.741058
293 0.741462
294 0.741811
295 0.742203
296 0.742574
297 0.742952
298 0.743321
299 0.743694
300 0.744067
301 0.744432
302 0.744789
303 0.74517
304 0.745527
305 0.745867
306 0.746231
307 0.746641
308 0.74694
309 0.747322
310 0.747656
311 0.748009
312 0.748362
313 0.7487
314 0.749048
315 0.749348
316 0.749735
317 0.75007
318 0.750421
319 0.750756
320 0.751097
321 0.751444
322 0.751761
323 0.752099
324 0.752428
325 0.752751
326 0.753071
327 0.753423
328 0.753738
329 0.754081
330 0.754386
331 0.754722
332 0.75503
333 0.755335
334 0.755653
335 0.755976
336 0.756293
337 0.756601
338 0.756916
339 0.757239
340 0.757532
341 0.757755
342 0.75819
343 0.75845
344 0.758751
345 0.759059
346 0.759352
347 0.759661
348 0.759968
349 0.760269
350 0.760558
351 0.760844
352 0.761142
353 0.76143
354 0.761734
355 0.762028
356 0.7623
357 0.7626
358 0.762889
359 0.76316
360 0.763447
361 0.763731
362 0.764009
363 0.764301
364 0.764568
365 0.764869
366 0.765106
367 0.765414
368 0.765684
369 0.765949
370 0.766226
371 0.766499
372 0.766765
373 0.767042
374 0.767323
375 0.767587
376 0.767847
377 0.768115
378 0.768378
379 0.76865
380 0.768898
381 0.769141
382 0.769417
383 0.769711
384 0.769946
385 0.770178
386 0.770463
387 0.770729
388 0.770971
389 0.771226
390 0.771461
391 0.771742
392 0.77199
393 0.772238
394 0.772496
395 0.772729
396 0.772992
397 0.773224
398 0.773498
399 0.773725
400 0.773966
