1 0.162317
2 0.162319
3 0.162348
4 0.162388
5 0.162416
6 0.162364
7 0.162384
8 0.162387
9 0.162409
10 0.162401
11 0.162404
12 0.162398
13 0.162396
14 0.162394
15 0.162403
16 0.162409
17 0.162402
18 0.162403
19 0.162402
20 0.1624
21 0.162406
22 0.1624
23 0.162397
24 0.16239
25 0.162385
26 0.161034
27 0.159298
28 0.157371
29 0.155297
30 0.153143
31 0.150952
32 0.148751
33 0.146561
34 0.144393
35 0.142255
36 0.140154
37 0.138096
38 0.13608
39 0.134111
40 0.132189
41 0.130318
42 0.128496
43 0.126725
44 0.125001
45 0.123325
46 0.121695
47 0.120114
48 0.118581
49 0.1171
50 0.115667
51 0.114272
52 0.112915
53 0.111593
54 0.110305
55 0.109048
56 0.107821
57 0.106625
58 0.105457
59 0.104316
60 0.103205
61 0.10212
62 0.10106
63 0.100022
64 0.0990088
65 0.0980167
66 0.0970478
67 0.0961001
68 0.0951733
69 0.0942684
70 0.0933817
71 0.0925121
72 0.0916615
73 0.0908281
74 0.0900112
75 0.0892119
76 0.0884283
77 0.0876607
78 0.0869085
79 0.0861702
80 0.0854476
81 0.084738
82 0.0840405
83 0.0833576
84 0.0826873
85 0.0820293
86 0.0813833
87 0.0807478
88 0.0801256
89 0.0795145
90 0.0789131
91 0.0783214
92 0.0777412
93 0.0771703
94 0.0766097
95 0.0760582
96 0.0755155
97 0.0749816
98 0.074457
99 0.0739398
100 0.073431
101 0.0729313
102 0.0724385
103 0.0719534
104 0.0714762
105 0.0710065
106 0.0705441
107 0.0700891
108 0.069641
109 0.0691994
110 0.0687633
111 0.068334
112 0.0679116
113 0.067495
114 0.0670845
115 0.0666801
116 0.0662807
117 0.065887
118 0.0654985
119 0.0651154
120 0.0647385
121 0.0643654
122 0.0639979
123 0.0636348
124 0.0632772
125 0.0629238
126 0.0625753
127 0.0622313
128 0.0618919
129 0.061557
130 0.0612256
131 0.0608992
132 0.060576
133 0.0602576
134 0.059943
135 0.0596321
136 0.0593251
137 0.0590222
138 0.0587225
139 0.0584259
140 0.0581336
141 0.0578447
142 0.0575592
143 0.0572764
144 0.0569971
145 0.0567214
146 0.0564485
147 0.0561786
148 0.0559117
149 0.0556479
150 0.0553869
151 0.0551294
152 0.0548743
153 0.0546217
154 0.0543722
155 0.0541251
156 0.053881
157 0.0536395
158 0.0534003
159 0.0531639
160 0.0529297
161 0.0526977
162 0.0524681
163 0.0522407
164 0.0520158
165 0.0517934
166 0.051573
167 0.0513556
168 0.0511399
169 0.0509265
170 0.0507147
171 0.0505051
172 0.0502976
173 0.0500921
174 0.0498887
175 0.0496872
176 0.0494875
177 0.04929
178 0.0490941
179 0.0488998
180 0.0487077
181 0.0485173
182 0.0483283
183 0.0481413
184 0.0479563
185 0.0477728
186 0.047591
187 0.0474112
188 0.0472328
189 0.0470559
190 0.0468805
191 0.0467065
192 0.0465341
193 0.0463633
194 0.0461939
195 0.0460263
196 0.0458598
197 0.0456946
198 0.0455314
199 0.045369
200 0.0452081
201 0.0450484
202 0.0448903
203 0.0447331
204 0.0445776
205 0.0444231
206 0.0442702
207 0.0441181
208 0.0439676
209 0.0438183
210 0.0436701
211 0.0435231
212 0.0433774
213 0.043233
214 0.0430894
215 0.0429471
216 0.0428059
217 0.0426659
218 0.042527
219 0.042389
220 0.0422519
221 0.0421161
222 0.0419814
223 0.0418476
224 0.041715
225 0.0415831
226 0.0414526
227 0.0413229
228 0.0411941
229 0.0410663
230 0.0409395
231 0.0408137
232 0.040689
233 0.0405649
234 0.0404419
235 0.0403196
236 0.040198
237 0.0400777
238 0.0399581
239 0.0398392
240 0.0397212
241 0.039604
242 0.039488
243 0.0393722
244 0.0392576
245 0.0391437
246 0.0390308
247 0.0389185
248 0.038807
249 0.0386961
250 0.038586
251 0.0384769
252 0.0383685
253 0.0382603
254 0.0381528
255 0.0380463
256 0.0379407
257 0.037836
258 0.0377316
259 0.0376279
260 0.0375249
261 0.0374228
262 0.037321
263 0.0372201
264 0.0371196
265 0.0370197
266 0.0369205
267 0.0368222
268 0.0367245
269 0.0366274
270 0.0365307
271 0.0364349
272 0.0363399
273 0.0362451
274 0.0361512
275 0.0360574
276 0.0359643
277 0.0358719
278 0.0357801
279 0.0356888
280 0.0355981
281 0.0355081
282 0.0354185
283 0.0353294
284 0.035241
285 0.0351529
286 0.0350652
287 0.0349783
288 0.0348917
289 0.0348058
290 0.0347203
291 0.0346353
292 0.0345508
293 0.0344668
294 0.0343835
295 0.0343006
296 0.0342177
297 0.0341357
298 0.034054
299 0.0339729
300 0.0338924
301 0.0338123
302 0.0337327
303 0.0336536
304 0.0335746
305 0.0334963
306 0.0334184
307 0.0333409
308 0.0332637
309 0.033187
310 0.0331108
311 0.0330348
312 0.0329593
313 0.0328842
314 0.0328096
315 0.0327356
316 0.0326617
317 0.0325885
318 0.0325153
319 0.0324427
320 0.0323706
321 0.0322988
322 0.0322272
323 0.0321561
324 0.0320854
325 0.0320151
326 0.0319449
327 0.0318752
328 0.0318058
329 0.0317368
330 0.0316683
331 0.0316001
332 0.0315324
333 0.0314649
334 0.0313976
335 0.0313309
336 0.0312645
337 0.0311982
338 0.0311324
339 0.0310669
340 0.0310018
341 0.030937
342 0.0308724
343 0.0308082
344 0.0307441
345 0.0306807
346 0.0306175
347 0.0305546
348 0.0304919
349 0.0304298
350 0.0303677
351 0.030306
352 0.0302446
353 0.0301837
354 0.0301227
355 0.0300622
356 0.0300021
357 0.0299421
358 0.0298825
359 0.0298229
360 0.0297638
361 0.029705
362 0.0296464
363 0.0295882
364 0.0295302
365 0.0294724
366 0.029415
367 0.0293579
368 0.0293009
369 0.0292443
370 0.029188
371 0.0291319
372 0.029076
373 0.0290205
374 0.0289651
375 0.0289101
376 0.0288554
377 0.0288007
378 0.0287465
379 0.0286924
380 0.0286386
381 0.0285849
382 0.0285315
383 0.0284785
384 0.0284257
385 0.0283728
386 0.0283204
387 0.0282681
388 0.0282162
389 0.0281644
390 0.0281128
391 0.0280614
392 0.0280103
393 0.0279595
394 0.0279088
395 0.0278584
396 0.027808
397 0.0277583
398 0.0277085
399 0.0276591
400 0.0276097
