1 0.415082
2 0.448395
3 0.472175
4 0.496504
5 0.515017
6 0.531757
7 0.546089
8 0.558406
9 0.570635
10 0.581594
11 0.591237
12 0.600233
13 0.60853
14 0.616665
15 0.624178
16 0.631181
17 0.637848
18 0.644054
19 0.649943
20 0.655806
21 0.661282
22 0.666501
23 0.67096
24 0.675654
25 0.680161
26 0.684827
27 0.68954
28 0.693702
29 0.69761
30 0.701595
31 0.705483
32 0.709126
33 0.712565
34 0.715805
35 0.718808
36 0.721634
37 0.724821
38 0.727563
39 0.730274
40 0.732641
41 0.735192
42 0.737518
43 0.74019
44 0.74249
45 0.744511
46 0.746537
47 0.749005
48 0.75122
49 0.753322
50 0.75535
51 0.757402
52 0.759582
53 0.761092
54 0.763154
55 0.765172
56 0.767048
57 0.768497
58 0.770347
59 0.771994
60 0.773666
61 0.775015
62 0.776785
63 0.778153
64 0.779704
65 0.781116
66 0.782318
67 0.78379
68 0.785046
69 0.786536
70 0.787705
71 0.789068
72 0.790327
73 0.791221
74 0.792591
75 0.793851
76 0.79519
77 0.796391
78 0.797439
79 0.798338
80 0.799715
81 0.800582
82 0.801673
83 0.802659
84 0.803571
85 0.804624
86 0.805569
87 0.806345
88 0.807517
89 0.80829
90 0.809363
91 0.810314
92 0.811173
93 0.811991
94 0.812785
95 0.813678
96 0.814357
97 0.815226
98 0.816121
99 0.816825
100 0.817645
101 0.818561
102 0.819236
103 0.820146
104 0.820775
105 0.821392
106 0.822346
107 0.822857
108 0.823797
109 0.824364
110 0.824976
111 0.825695
112 0.826467
113 0.826952
114 0.827617
115 0.828134
116 0.828707
117 0.829398
118 0.82999
119 0.830693
120 0.831424
121 0.831916
122 0.832743
123 0.833308
124 0.833907
125 0.834456
126 0.835091
127 0.835467
128 0.836136
129 0.836825
130 0.837336
131 0.837852
132 0.838456
133 0.838892
134 0.83938
135 0.840019
136 0.840507
137 0.840989
138 0.841316
139 0.841838
140 0.842483
141 0.842906
142 0.843421
143 0.843912
144 0.844319
145 0.844793
146 0.845265
147 0.845702
148 0.846335
149 0.846689
150 0.847123
151 0.847535
152 0.848005
153 0.848483
154 0.848995
155 0.849379
156 0.849755
157 0.850203
158 0.850512
159 0.850865
160 0.851471
161 0.851698
162 0.8521
163 0.852551
164 0.852822
165 0.853156
166 0.853695
167 0.853989
168 0.854526
169 0.854839
170 0.855298
171 0.855578
172 0.855969
173 0.856439
174 0.85678
175 0.857046
176 0.857527
177 0.857696
178 0.857995
179 0.858128
180 0.858527
181 0.85884
182 0.85935
183 0.859714
184 0.859832
185 0.860176
186 0.860632
187 0.860895
188 0.861219
189 0.861495
190 0.861749
191 0.862137
192 0.862355
193 0.862745
194 0.863115
195 0.863321
196 0.863838
197 0.863939
198 0.864344
199 0.86466
200 0.864878
201 0.865084
202 0.865301
203 0.865566
204 0.865935
205 0.866162
206 0.86641
207 0.866723
208 0.866993
209 0.86735
210 0.867661
211 0.867903
212 0.868083
213 0.868313
214 0.868576
215 0.8689
216 0.869147
217 0.86946
218 0.869725
219 0.86982
220 0.870076
221 0.870337
222 0.87052
223 0.870821
224 0.871106
225 0.871413
226 0.871768
227 0.872
228 0.872324
229 0.872527
230 0.872781
231 0.872957
232 0.873195
233 0.873261
234 0.87353
235 0.873778
236 0.874101
237 0.874259
238 0.874508
239 0.874749
240 0.874998
241 0.875293
242 0.87539
243 0.875681
244 0.875911
245 0.876087
246 0.876313
247 0.876469
248 0.876819
249 0.876973
250 0.877199
251 0.877445
252 0.877594
253 0.877734
254 0.877995
255 0.878274
256 0.878465
257 0.878558
258 0.878824
259 0.878982
260 0.879309
261 0.879415
262 0.879641
263 0.87978
264 0.87995
265 0.880174
266 0.880315
267 0.880658
268 0.88087
269 0.881045
270 0.881219
271 0.881525
272 0.881636
273 0.881849
274 0.882046
275 0.882297
276 0.882403
277 0.88251
278 0.882836
279 0.883044
280 0.883239
281 0.883346
282 0.883405
283 0.883621
284 0.883751
285 0.883848
286 0.884105
287 0.884142
288 0.884319
289 0.884589
290 0.884683
291 0.884857
292 0.885057
293 0.88522
294 0.885544
295 0.885652
296 0.885958
297 0.886025
298 0.886403
299 0.886512
300 0.886654
301 0.88689
302 0.887008
303 0.887152
304 0.887175
305 0.887391
306 0.887621
307 0.887815
308 0.88791
309 0.888045
310 0.888251
311 0.888466
312 0.888719
313 0.888859
314 0.889062
315 0.889215
316 0.889274
317 0.889418
318 0.889547
319 0.889764
320 0.889866
321 0.89003
322 0.890154
323 0.890347
324 0.890525
325 0.890577
326 0.890833
327 0.890987
328 0.891102
329 0.891146
330 0.8914
331 0.891457
332 0.891614
333 0.891795
334 0.891965
335 0.892064
336 0.892206
337 0.892367
338 0.892431
339 0.892804
340 0.892855
341 0.892978
342 0.89317
343 0.893261
344 0.893384
345 0.893493
346 0.893591
347 0.893746
348 0.893954
349 0.894071
350 0.894192
351 0.894211
352 0.894454
353 0.894568
354 0.894763
355 0.894894
356 0.895086
357 0.89523
358 0.895259
359 0.895427
360 0.895652
361 0.895797
362 0.8958
363 0.895962
364 0.896083
365 0.896138
366 0.896271
367 0.896362
368 0.89652
369 0.896667
370 0.896819
371 0.896898
372 0.896955
373 0.897087
374 0.897173
375 0.897257
376 0.897304
377 0.897524
378 0.89769
379 0.89783
380 0.898013
381 0.898031
382 0.898316
383 0.898356
384 0.898494
385 0.898577
386 0.898719
387 0.89888
388 0.898965
389 0.899143
390 0.899266
391 0.899334
392 0.89945
393 0.89956
394 0.899632
395 0.899734
396 0.899894
397 0.899936
398 0.900023
399 0.90014
400 0.90017
