1 0.500514
2 0.500116
3 0.49996
4 0.500006
5 0.499801
6 0.499955
7 0.49996
8 0.500029
9 0.500015
10 0.500051
11 0.49995
12 0.499972
13 0.500005
14 0.500011
15 0.500017
16 0.500045
17 0.500043
18 0.500052
19 0.500066
20 0.500078
21 0.500096
22 0.500101
23 0.500091
24 0.500109
25 0.50012
26 0.501502
27 0.503219
28 0.50515
29 0.507191
30 0.509316
31 0.51153
32 0.513693
33 0.515902
34 0.518046
35 0.520206
36 0.522318
37 0.52439
38 0.526409
39 0.528377
40 0.530311
41 0.532168
42 0.533994
43 0.535774
44 0.537498
45 0.539165
46 0.540798
47 0.542365
48 0.543892
49 0.545365
50 0.546791
51 0.548175
52 0.549556
53 0.550852
54 0.552154
55 0.553403
56 0.554627
57 0.555773
58 0.556986
59 0.558119
60 0.559225
61 0.560317
62 0.561374
63 0.562397
64 0.563428
65 0.564392
66 0.565386
67 0.566316
68 0.56725
69 0.568146
70 0.569037
71 0.56991
72 0.570763
73 0.571662
74 0.572418
75 0.573214
76 0.574002
77 0.574773
78 0.575522
79 0.576249
80 0.576979
81 0.577673
82 0.578354
83 0.579056
84 0.57972
85 0.580332
86 0.581025
87 0.581662
88 0.58227
89 0.582865
90 0.583487
91 0.584056
92 0.584655
93 0.585242
94 0.58578
95 0.586335
96 0.58687
97 0.587398
98 0.587912
99 0.588449
100 0.588953
101 0.589461
102 0.589904
103 0.590432
104 0.590903
105 0.59136
106 0.591835
107 0.592294
108 0.592748
109 0.593203
110 0.59363
111 0.594057
112 0.594475
113 0.594891
114 0.595302
115 0.595707
116 0.596111
117 0.59649
118 0.596876
119 0.597278
120 0.597655
121 0.598038
122 0.598411
123 0.598754
124 0.599119
125 0.599473
126 0.599823
127 0.60015
128 0.600495
129 0.600822
130 0.601172
131 0.601479
132 0.601809
133 0.60213
134 0.602441
135 0.602753
136 0.603057
137 0.603368
138 0.60366
139 0.603956
140 0.604246
141 0.604532
142 0.604823
143 0.605103
144 0.605392
145 0.605681
146 0.605949
147 0.606226
148 0.606492
149 0.60675
150 0.607016
151 0.607273
152 0.607531
153 0.607783
154 0.608024
155 0.608274
156 0.608521
157 0.608772
158 0.609007
159 0.609243
160 0.609481
161 0.609712
162 0.60994
163 0.610177
164 0.610399
165 0.610624
166 0.61085
167 0.611064
168 0.611279
169 0.611494
170 0.611659
171 0.61181
172 0.612123
173 0.612323
174 0.612522
175 0.612716
176 0.612918
177 0.613122
178 0.613324
179 0.613503
180 0.613699
181 0.613894
182 0.614088
183 0.614277
184 0.614453
185 0.614639
186 0.614836
187 0.614995
188 0.615176
189 0.615357
190 0.615536
191 0.615702
192 0.615877
193 0.616043
194 0.61622
195 0.616368
196 0.616556
197 0.616697
198 0.616881
199 0.617038
200 0.617202
201 0.617363
202 0.617516
203 0.617669
204 0.617823
205 0.61797
206 0.618134
207 0.61828
208 0.618439
209 0.618589
210 0.618742
211 0.618881
212 0.619027
213 0.619173
214 0.619309
215 0.619452
216 0.619598
217 0.619734
218 0.619875
219 0.620007
220 0.62015
221 0.620285
222 0.620417
223 0.620553
224 0.620685
225 0.620818
226 0.620948
227 0.621077
228 0.621205
229 0.621331
230 0.621457
231 0.621585
232 0.62171
233 0.621833
234 0.621961
235 0.622073
236 0.622199
237 0.622315
238 0.622438
239 0.62254
240 0.622676
241 0.622816
242 0.622911
243 0.623029
244 0.623139
245 0.623257
246 0.623365
247 0.623481
248 0.623588
249 0.623702
250 0.623807
251 0.623917
252 0.624028
253 0.624133
254 0.624238
255 0.624301
256 0.624451
257 0.624593
258 0.624661
259 0.624763
260 0.62486
261 0.624962
262 0.625064
263 0.625163
264 0.625264
265 0.625364
266 0.625459
267 0.625558
268 0.625656
269 0.625758
270 0.625853
271 0.62596
272 0.626042
273 0.626115
274 0.626234
275 0.626332
276 0.626422
277 0.626507
278 0.626605
279 0.626692
280 0.626783
281 0.626871
282 0.626958
283 0.62705
284 0.627134
285 0.627225
286 0.627308
287 0.627394
288 0.627482
289 0.627565
290 0.62765
291 0.627737
292 0.627824
293 0.627904
294 0.627988
295 0.628068
296 0.628154
297 0.628237
298 0.628317
299 0.628401
300 0.628477
301 0.628554
302 0.628637
303 0.628717
304 0.628794
305 0.628869
306 0.628953
307 0.629069
308 0.629105
309 0.629186
310 0.629258
311 0.629333
312 0.629409
313 0.629487
314 0.629558
315 0.629608
316 0.629706
317 0.629767
318 0.629852
319 0.629923
320 0.629998
321 0.630069
322 0.630144
323 0.630215
324 0.630284
325 0.630357
326 0.630431
327 0.630498
328 0.630566
329 0.630633
330 0.630705
331 0.630778
332 0.630842
333 0.630909
334 0.630981
335 0.631047
336 0.63111
337 0.631173
338 0.631244
339 0.631308
340 0.631373
341 0.631443
342 0.631497
343 0.631563
344 0.631629
345 0.631691
346 0.631755
347 0.631816
348 0.631881
349 0.63194
350 0.632006
351 0.632068
352 0.632129
353 0.632191
354 0.632251
355 0.632316
356 0.632374
357 0.632435
358 0.632492
359 0.632549
360 0.63261
361 0.632667
362 0.632729
363 0.632788
364 0.632843
365 0.632903
366 0.632966
367 0.633014
368 0.633071
369 0.633125
370 0.633186
371 0.633241
372 0.633298
373 0.633351
374 0.633409
375 0.633469
376 0.633524
377 0.633577
378 0.633631
379 0.633688
380 0.633737
381 0.633784
382 0.633846
383 0.633897
384 0.633951
385 0.634003
386 0.634058
387 0.634111
388 0.634163
389 0.634212
390 0.634271
391 0.634315
392 0.634366
393 0.634417
394 0.634465
395 0.634512
396 0.634566
397 0.634619
398 0.634658
399 0.634717
400 0.634767
