1 0.166478
2 0.166478
3 0.166478
4 0.166964
5 0.166964
6 0.166964
7 0.166478
8 0.166964
9 0.166478
10 0.166478
11 0.166964
12 0.0832207
13 0.0835916
14 0.0554893
15 0.0554469
16 0.0416665
17 0.0417923
18 0.033327
19 0.0333622
20 0.027718
21 0.0276825
22 0.0239743
23 0.0231444
24 0.0211293
25 0.0200265
26 0.0189577
27 0.0181756
28 0.0174216
29 0.0166621
30 0.015981
31 0.0155346
32 0.0148113
33 0.0143972
34 0.0139119
35 0.0135178
36 0.013031
37 0.0126557
38 0.0122905
39 0.0120205
40 0.0116842
41 0.0113237
42 0.0111179
43 0.010823
44 0.0104712
45 0.0103282
46 0.0100933
47 0.00987554
48 0.00960854
49 0.00943283
50 0.0092497
51 0.00899511
52 0.00889577
53 0.00874705
54 0.00860839
55 0.00843089
56 0.0083166
57 0.00815623
58 0.00803115
59 0.00783865
60 0.00779409
61 0.00767051
62 0.00753678
63 0.0074242
64 0.00728455
65 0.00714078
66 0.00702601
67 0.00700523
68 0.00695318
69 0.0068215
70 0.00670406
71 0.00667373
72 0.00650329
73 0.0064364
74 0.00634501
75 0.00632089
76 0.00624231
77 0.00616722
78 0.00609628
79 0.00604553
80 0.00600006
81 0.00588907
82 0.00585568
83 0.00577034
84 0.00572401
85 0.00567428
86 0.00559646
87 0.00554462
88 0.00551029
89 0.0054552
90 0.00537967
91 0.00534551
92 0.00532268
93 0.00520983
94 0.0052038
95 0.00514415
96 0.00511968
97 0.00508428
98 0.00500819
99 0.00497781
100 0.00492789
101 0.00486677
102 0.00488959
103 0.00482796
104 0.00479405
105 0.00473066
106 0.00473378
107 0.00463785
108 0.00466481
109 0.00461843
110 0.00458743
111 0.0045342
112 0.00449077
113 0.00447749
114 0.00443279
115 0.00439612
116 0.00439933
117 0.00432235
118 0.00432734
119 0.00427438
120 0.00425925
121 0.00422166
122 0.0041991
123 0.00414741
124 0.00412377
125 0.00411992
126 0.00407309
127 0.00405915
128 0.00403188
129 0.00401619
130 0.00398686
131 0.00395667
132 0.00391238
133 0.00395073
134 0.00388019
135 0.0038664
136 0.00385042
137 0.00381743
138 0.00380436
139 0.00377945
140 0.00377303
141 0.00371323
142 0.00375486
143 0.00370337
144 0.0037127
145 0.00365027
146 0.00364264
147 0.00360783
148 0.00362476
149 0.00363236
150 0.00357894
151 0.0035645
152 0.00356217
153 0.00351353
154 0.00349782
155 0.0034735
156 0.00348091
157 0.00342809
158 0.00341915
159 0.0034496
160 0.00340012
161 0.00338128
162 0.00335696
163 0.00334239
164 0.0033151
165 0.00331409
166 0.00328096
167 0.00329653
168 0.00327519
169 0.00328963
170 0.00325088
171 0.00321382
172 0.00322016
173 0.00322212
174 0.00317745
175 0.00317759
176 0.00317476
177 0.00315055
178 0.00312454
179 0.00308372
180 0.00311067
181 0.00311214
182 0.00308183
183 0.00307942
184 0.00308774
185 0.00304402
186 0.0030348
187 0.00303672
188 0.00303814
189 0.00299415
190 0.00295913
191 0.00299054
192 0.00296044
193 0.00295016
194 0.00291542
195 0.00293414
196 0.0029144
197 0.00289001
198 0.00290339
199 0.0028766
200 0.00286315
201 0.00286354
202 0.00284488
203 0.00282833
204 0.0028163
205 0.00281892
206 0.00281301
207 0.00281127
208 0.00278284
209 0.00279104
210 0.002775
211 0.00277968
212 0.00274793
213 0.00271928
214 0.00272195
215 0.00271983
216 0.00269959
217 0.00269179
218 0.00270385
219 0.00267477
220 0.00266211
221 0.00269219
222 0.00264472
223 0.00265891
224 0.0026587
225 0.00264092
226 0.00263534
227 0.00263937
228 0.0026061
229 0.00260864
230 0.00258606
231 0.00260361
232 0.00256513
233 0.00256496
234 0.00256154
235 0.00253511
236 0.00253427
237 0.00253943
238 0.00251802
239 0.00249534
240 0.00250689
241 0.0025286
242 0.0025015
243 0.0025096
244 0.00248465
245 0.0024614
246 0.00248631
247 0.00243826
248 0.00246428
249 0.00242693
250 0.00246518
251 0.00245555
252 0.00242721
253 0.0024383
254 0.00245678
255 0.00239308
256 0.00237476
257 0.00239119
258 0.00239665
259 0.0024053
260 0.00237951
261 0.00235796
262 0.00236116
263 0.00237219
264 0.00234174
265 0.00232768
266 0.00232985
267 0.00232504
268 0.00230843
269 0.00230299
270 0.00228015
271 0.0023138
272 0.00229494
273 0.00229143
274 0.00230076
275 0.00227386
276 0.00227586
277 0.00226889
278 0.00224033
279 0.00225609
280 0.00224133
281 0.00226876
282 0.00224429
283 0.00225914
284 0.00222873
285 0.00220874
286 0.00220892
287 0.0022349
288 0.00222257
289 0.0022018
290 0.00219151
291 0.00218777
292 0.00217587
293 0.00218933
294 0.00215791
295 0.00216468
296 0.00215477
297 0.00215633
298 0.00215337
299 0.00214624
300 0.00213021
301 0.0021174
302 0.00213126
303 0.00212533
304 0.00213671
305 0.00211479
306 0.00213721
307 0.00212542
308 0.00207888
309 0.00209623
310 0.0020671
311 0.00206049
312 0.00208566
313 0.0020854
314 0.00207427
315 0.00207794
316 0.00206093
317 0.00204341
318 0.00203739
319 0.00204317
320 0.00204788
321 0.00204063
322 0.0020257
323 0.00203418
324 0.00201649
325 0.00200373
326 0.00201843
327 0.00201362
328 0.00202147
329 0.00200092
330 0.00198976
331 0.00200733
332 0.00197414
333 0.00198243
334 0.00196771
335 0.00196349
336 0.00197831
337 0.00196758
338 0.00199214
339 0.0019852
340 0.00197261
341 0.00196692
342 0.00195191
343 0.00193767
344 0.00193082
345 0.00194176
346 0.00191813
347 0.00192874
348 0.00191479
349 0.00189253
350 0.00193427
351 0.00191861
352 0.00190182
353 0.00190636
354 0.00189941
355 0.00190608
356 0.00188319
357 0.00188501
358 0.00189334
359 0.00188881
360 0.00186785
361 0.00186991
362 0.00185689
363 0.00184912
364 0.00186301
365 0.0018626
366 0.00185779
367 0.00186367
368 0.00184669
369 0.00184364
370 0.00183521
371 0.00185967
372 0.0018424
373 0.00183302
374 0.00182361
375 0.00181612
376 0.00182955
377 0.00179717
378 0.00182255
379 0.0018174
380 0.00179345
381 0.00180013
382 0.00178121
383 0.00180052
384 0.00178751
385 0.00178984
386 0.00177802
387 0.00176955
388 0.00177325
389 0.00177645
390 0.00179302
391 0.00174839
392 0.00177296
393 0.001749
394 0.00173676
395 0.00176126
396 0.00177319
397 0.00173335
398 0.00175149
399 0.00175419
400 0.00174896
