1 0.500138
2 0.500138
3 0.500138
4 0.499862
5 0.499862
6 0.499862
7 0.500138
8 0.499862
9 0.500138
10 0.500138
11 0.499862
12 0.666589
13 0.665701
14 0.733456
15 0.733937
16 0.771044
17 0.771051
18 0.79671
19 0.796558
20 0.815037
21 0.815444
22 0.828585
23 0.832347
24 0.839702
25 0.844502
26 0.848742
27 0.851723
28 0.854712
29 0.858275
30 0.861058
31 0.863335
32 0.866364
33 0.868513
34 0.870621
35 0.87251
36 0.875365
37 0.877099
38 0.878582
39 0.880337
40 0.882024
41 0.883741
42 0.885018
43 0.886456
44 0.888712
45 0.889228
46 0.890219
47 0.891786
48 0.893143
49 0.894037
50 0.895497
51 0.897059
52 0.897366
53 0.898189
54 0.899161
55 0.900372
56 0.901067
57 0.901863
58 0.902947
59 0.903884
60 0.904311
61 0.904753
62 0.906092
63 0.906506
64 0.907559
65 0.908631
66 0.909426
67 0.909392
68 0.90967
69 0.910723
70 0.911523
71 0.911536
72 0.912682
73 0.913258
74 0.914068
75 0.9141
76 0.914754
77 0.915251
78 0.915633
79 0.91584
80 0.916282
81 0.917259
82 0.917596
83 0.918138
84 0.918223
85 0.918695
86 0.919442
87 0.919633
88 0.920017
89 0.920468
90 0.92112
91 0.921181
92 0.921089
93 0.922197
94 0.922329
95 0.922993
96 0.923001
97 0.923094
98 0.923714
99 0.923972
100 0.924476
101 0.925071
102 0.924851
103 0.925486
104 0.925896
105 0.926149
106 0.926191
107 0.926669
108 0.92666
109 0.927347
110 0.927394
111 0.927625
112 0.928148
113 0.928321
114 0.928808
115 0.929067
116 0.928906
117 0.929492
118 0.929339
119 0.93024
120 0.930263
121 0.930426
122 0.930686
123 0.931024
124 0.931236
125 0.931129
126 0.931919
127 0.931846
128 0.932276
129 0.932257
130 0.932725
131 0.93279
132 0.933314
133 0.932872
134 0.933357
135 0.933551
136 0.933577
137 0.934224
138 0.93409
139 0.934602
140 0.934232
141 0.935074
142 0.934493
143 0.935174
144 0.935039
145 0.935526
146 0.935576
147 0.936058
148 0.935788
149 0.935484
150 0.936174
151 0.936232
152 0.936449
153 0.937015
154 0.936984
155 0.9372
156 0.937306
157 0.937474
158 0.937792
159 0.937296
160 0.937931
161 0.937924
162 0.938257
163 0.938301
164 0.938564
165 0.938647
166 0.939313
167 0.93897
168 0.939083
169 0.93896
170 0.939324
171 0.939623
172 0.939807
173 0.939829
174 0.939995
175 0.940005
176 0.940421
177 0.940555
178 0.940434
179 0.940944
180 0.940816
181 0.940576
182 0.941272
183 0.941317
184 0.940952
185 0.941415
186 0.941543
187 0.941571
188 0.941561
189 0.942033
190 0.942239
191 0.942166
192 0.942226
193 0.942489
194 0.942712
195 0.942802
196 0.942585
197 0.943118
198 0.942684
199 0.943143
200 0.943157
201 0.943415
202 0.943531
203 0.943593
204 0.94399
205 0.94383
206 0.943921
207 0.943759
208 0.944044
209 0.944097
210 0.944352
211 0.944275
212 0.944422
213 0.944834
214 0.944881
215 0.944918
216 0.94525
217 0.945181
218 0.945027
219 0.945676
220 0.945384
221 0.945202
222 0.945975
223 0.945288
224 0.945828
225 0.945836
226 0.945871
227 0.945861
228 0.946158
229 0.946225
230 0.946203
231 0.946335
232 0.946408
233 0.946554
234 0.946642
235 0.946729
236 0.947068
237 0.946898
238 0.947234
239 0.9474
240 0.947202
241 0.946827
242 0.947324
243 0.947174
244 0.947359
245 0.947605
246 0.947349
247 0.947919
248 0.947775
249 0.947895
250 0.947578
251 0.947868
252 0.948182
253 0.948209
254 0.947975
255 0.948499
256 0.948485
257 0.948579
258 0.948406
259 0.94838
260 0.948527
261 0.948631
262 0.949041
263 0.948666
264 0.948991
265 0.949267
266 0.949191
267 0.949282
268 0.949643
269 0.949627
270 0.949786
271 0.949594
272 0.949633
273 0.949581
274 0.949825
275 0.949882
276 0.949874
277 0.949869
278 0.950452
279 0.950305
280 0.950335
281 0.950115
282 0.950235
283 0.950179
284 0.950569
285 0.950743
286 0.95073
287 0.950608
288 0.950382
289 0.950872
290 0.950772
291 0.950708
292 0.951133
293 0.950979
294 0.951208
295 0.951457
296 0.951173
297 0.951169
298 0.951281
299 0.95148
300 0.951706
301 0.951765
302 0.95152
303 0.951735
304 0.951236
305 0.952031
306 0.951722
307 0.95156
308 0.951973
309 0.952057
310 0.952337
311 0.952486
312 0.952164
313 0.952253
314 0.95245
315 0.952333
316 0.952714
317 0.952657
318 0.952648
319 0.952765
320 0.952571
321 0.952743
322 0.953007
323 0.952928
324 0.95321
325 0.953109
326 0.95284
327 0.95319
328 0.952854
329 0.953325
330 0.953259
331 0.953352
332 0.953529
333 0.95355
334 0.953475
335 0.953514
336 0.953717
337 0.953918
338 0.953405
339 0.953634
340 0.953463
341 0.953377
342 0.953952
343 0.954007
344 0.954259
345 0.953948
346 0.95422
347 0.954329
348 0.954118
349 0.954584
350 0.954111
351 0.954686
352 0.95453
353 0.954442
354 0.954422
355 0.954437
356 0.95494
357 0.954625
358 0.954544
359 0.954557
360 0.955113
361 0.95503
362 0.954964
363 0.95525
364 0.955014
365 0.955014
366 0.955045
367 0.955066
368 0.955341
369 0.955404
370 0.955392
371 0.955024
372 0.955538
373 0.955671
374 0.955578
375 0.955684
376 0.955527
377 0.95583
378 0.955688
379 0.955578
380 0.955782
381 0.95574
382 0.956038
383 0.955906
384 0.955975
385 0.955899
386 0.956277
387 0.956118
388 0.956231
389 0.956235
390 0.955688
391 0.956283
392 0.956137
393 0.956332
394 0.956641
395 0.95641
396 0.956302
397 0.956817
398 0.956519
399 0.95671
400 0.956565
