1 0.108125
2 0.107942
3 0.108292
4 0.108254
5 0.108234
6 0.108167
7 0.108054
8 0.108218
9 0.108168
10 0.108197
11 0.108171
12 0.108202
13 0.108202
14 0.108185
15 0.108363
16 0.108064
17 0.10854
18 0.10815
19 0.108522
20 0.108276
21 0.107907
22 0.10829
23 0.108202
24 0.108282
25 0.10841
26 0.0724645
27 0.0724457
28 0.0586658
29 0.0570448
30 0.0509197
31 0.0483217
32 0.044344
33 0.0421463
34 0.0394186
35 0.0376062
36 0.0355607
37 0.0339248
38 0.0321987
39 0.0309274
40 0.029608
41 0.0286073
42 0.0275463
43 0.0266529
44 0.0257466
45 0.0249238
46 0.024288
47 0.0236748
48 0.0231378
49 0.0227535
50 0.0224957
51 0.0219559
52 0.0215715
53 0.0210815
54 0.0207532
55 0.0203976
56 0.0199827
57 0.0196607
58 0.0192632
59 0.0189393
60 0.0186781
61 0.0183596
62 0.0181006
63 0.0177069
64 0.0175009
65 0.0172266
66 0.0170309
67 0.0168247
68 0.0164976
69 0.0163074
70 0.0160209
71 0.0157717
72 0.0156345
73 0.0154318
74 0.0152833
75 0.0150859
76 0.0148917
77 0.0147098
78 0.0146187
79 0.0144576
80 0.0142224
81 0.0141221
82 0.0140044
83 0.0138249
84 0.0137077
85 0.0135055
86 0.0134099
87 0.0132651
88 0.013155
89 0.013008
90 0.0129019
91 0.0128024
92 0.0126672
93 0.0125071
94 0.0123956
95 0.0123109
96 0.0121907
97 0.0120503
98 0.0119765
99 0.0118967
100 0.0117668
101 0.0116952
102 0.0115415
103 0.0114593
104 0.0114278
105 0.0113145
106 0.0112518
107 0.0111173
108 0.0110714
109 0.0109481
110 0.0108535
111 0.0107884
112 0.0107299
113 0.0106129
114 0.0105993
115 0.0104863
116 0.0104308
117 0.0103179
118 0.0102494
119 0.0102374
120 0.0101592
121 0.010059
122 0.00998961
123 0.00996257
124 0.00985205
125 0.00976146
126 0.00971071
127 0.00968041
128 0.00964764
129 0.00957893
130 0.00944733
131 0.00944481
132 0.00934548
133 0.00929266
134 0.00931027
135 0.00920961
136 0.00914988
137 0.00912421
138 0.00907964
139 0.00901917
140 0.00899582
141 0.00888997
142 0.00891512
143 0.00886876
144 0.00878361
145 0.00873207
146 0.00869347
147 0.00869463
148 0.00858813
149 0.00854712
150 0.00852403
151 0.00844331
152 0.00846557
153 0.00836482
154 0.00834407
155 0.00828805
156 0.00829097
157 0.00823471
158 0.00816114
159 0.00817849
160 0.00810197
161 0.00804663
162 0.00801651
163 0.00797047
164 0.00790931
165 0.00790573
166 0.00787435
167 0.00787451
168 0.00783459
169 0.00779896
170 0.00776767
171 0.00770587
172 0.00764552
173 0.00762512
174 0.00759729
175 0.00758204
176 0.00755877
177 0.007514
178 0.00751165
179 0.00744712
180 0.00743551
181 0.00741623
182 0.00738869
183 0.00729834
184 0.00737409
185 0.00730699
186 0.0072643
187 0.0072285
188 0.00719873
189 0.00717046
190 0.00713096
191 0.00706278
192 0.00708206
193 0.00701237
194 0.00698449
195 0.00696411
196 0.00702331
197 0.00696172
198 0.00694821
199 0.00693147
200 0.00689621
201 0.00684584
202 0.0068325
203 0.00676817
204 0.00674359
205 0.00678185
206 0.00673651
207 0.00672227
208 0.00668282
209 0.00668903
210 0.00663197
211 0.00662417
212 0.00657974
213 0.00656282
214 0.00657379
215 0.00653023
216 0.00651849
217 0.00649428
218 0.00647016
219 0.006443
220 0.00648665
221 0.00639737
222 0.00638796
223 0.00638812
224 0.00634117
225 0.00632984
226 0.00627571
227 0.00629991
228 0.00623613
229 0.00628236
230 0.00619932
231 0.00619856
232 0.00615782
233 0.00616438
234 0.00617553
235 0.00614542
236 0.00611335
237 0.00605748
238 0.00612322
239 0.00603694
240 0.00605327
241 0.00603955
242 0.00600528
243 0.00597954
244 0.00593784
245 0.00597063
246 0.00592355
247 0.00592951
248 0.00590443
249 0.0058989
250 0.00591652
251 0.00587081
252 0.00581492
253 0.00583321
254 0.00579267
255 0.00576447
256 0.0057752
257 0.00575442
258 0.00572455
259 0.00569868
260 0.00570827
261 0.00574507
262 0.00569313
263 0.00569035
264 0.0056481
265 0.00564524
266 0.00564477
267 0.00565154
268 0.00557857
269 0.00559005
270 0.00554122
271 0.00554927
272 0.0055394
273 0.00552565
274 0.00549277
275 0.00549345
276 0.00548411
277 0.00542664
278 0.00545448
279 0.00538034
280 0.00543506
281 0.00540962
282 0.00536721
283 0.00535818
284 0.00539459
285 0.0053425
286 0.00532407
287 0.00532049
288 0.00532606
289 0.00532152
290 0.00528112
291 0.00525528
292 0.00527327
293 0.00526542
294 0.00523264
295 0.00523693
296 0.00519617
297 0.00520395
298 0.00516105
299 0.00518062
300 0.00514061
301 0.00517973
302 0.00515322
303 0.0051236
304 0.00511756
305 0.00505986
306 0.00510734
307 0.00508079
308 0.0050709
309 0.00500066
310 0.00501434
311 0.00497586
312 0.00500726
313 0.00500352
314 0.00499335
315 0.00496623
316 0.00493664
317 0.00497135
318 0.00494253
319 0.00495628
320 0.00491326
321 0.00492876
322 0.00492179
323 0.00493208
324 0.00489491
325 0.00488019
326 0.00491165
327 0.00485786
328 0.0048565
329 0.00484421
330 0.00482574
331 0.00486015
332 0.00480336
333 0.00478546
334 0.00481176
335 0.00478433
336 0.00476971
337 0.00480379
338 0.00475488
339 0.00470915
340 0.00471337
341 0.00471473
342 0.00469224
343 0.0046571
344 0.00469817
345 0.00467351
346 0.00467602
347 0.00463416
348 0.00465554
349 0.00464655
350 0.00466461
351 0.00464376
352 0.00461165
353 0.00459332
354 0.00460966
355 0.00460717
356 0.00461706
357 0.0045799
358 0.00457561
359 0.0045428
360 0.00454069
361 0.00452169
362 0.00451053
363 0.00452394
364 0.00452437
365 0.00449694
366 0.00447317
367 0.0044648
368 0.00446875
369 0.00447122
370 0.00446046
371 0.00443712
372 0.00443823
373 0.00442528
374 0.00442631
375 0.00444541
376 0.0044074
377 0.00437364
378 0.00437086
379 0.0043801
380 0.00436501
381 0.00437367
382 0.00437553
383 0.00434684
384 0.00435743
385 0.00433047
386 0.00429959
387 0.00430113
388 0.00431203
389 0.00430059
390 0.00432005
391 0.0042798
392 0.00426597
393 0.00427747
394 0.00424476
395 0.00427783
396 0.00426487
397 0.00427037
398 0.00422635
399 0.00420734
400 0.00423631
