1 0.5
2 0.365847
3 0.308529
4 0.275535
5 0.253664
6 0.237897
7 0.225831
8 0.216556
9 0.2091
10 0.202829
11 0.197521
12 0.193034
13 0.189222
14 0.18556
15 0.182685
16 0.180002
17 0.177639
18 0.175429
19 0.173531
20 0.171816
21 0.170022
22 0.16866
23 0.167301
24 0.165951
25 0.164819
26 0.163809
27 0.162795
28 0.161956
29 0.161393
30 0.160718
31 0.160103
32 0.159595
33 0.159163
34 0.158934
35 0.158488
36 0.158142
37 0.157863
38 0.157703
39 0.157559
40 0.157316
41 0.157179
42 0.156877
43 0.156797
44 0.156794
45 0.156611
46 0.156485
47 0.156281
48 0.156217
49 0.156211
50 0.156121
51 0.156042
52 0.155976
53 0.155924
54 0.155724
55 0.155863
56 0.155779
57 0.155783
58 0.155788
59 0.155672
60 0.155674
61 0.155709
62 0.155621
63 0.155555
64 0.155369
65 0.155693
66 0.155628
67 0.155635
68 0.155632
69 0.155627
70 0.155641
71 0.155588
72 0.155548
73 0.15551
74 0.155651
75 0.155586
76 0.155697
77 0.155678
78 0.155765
79 0.155837
80 0.155752
81 0.155722
82 0.155844
83 0.155823
84 0.155767
85 0.155841
86 0.155832
87 0.155833
88 0.155876
89 0.155858
90 0.155855
91 0.155878
92 0.15586
93 0.155838
94 0.155842
95 0.155868
96 0.155823
97 0.155875
98 0.155929
99 0.155929
100 0.155928
101 0.155901
102 0.156011
103 0.155862
104 0.155998
105 0.15596
106 0.155985
107 0.156028
108 0.15601
109 0.155969
110 0.156102
111 0.156029
112 0.156054
113 0.155988
114 0.156014
115 0.156063
116 0.156147
117 0.156179
118 0.156166
119 0.156142
120 0.156122
121 0.156115
122 0.156157
123 0.156154
124 0.156157
125 0.156128
126 0.156084
127 0.156187
128 0.156158
129 0.156224
130 0.156187
131 0.156214
132 0.156272
133 0.156203
134 0.156274
135 0.156262
136 0.156277
137 0.156318
138 0.156267
139 0.156196
140 0.15632
141 0.156281
142 0.156309
143 0.156323
144 0.156292
145 0.156379
146 0.15637
147 0.156315
148 0.156336
149 0.156343
150 0.156317
151 0.156334
152 0.156338
153 0.156357
154 0.156331
155 0.156412
156 0.156374
157 0.156409
158 0.156462
159 0.156405
160 0.156421
161 0.156403
162 0.156386
163 0.156433
164 0.156453
165 0.156471
166 0.156401
167 0.156466
168 0.156415
169 0.156416
170 0.156532
171 0.156612
172 0.156421
173 0.156432
174 0.156453
175 0.156501
176 0.156486
177 0.156507
178 0.156517
179 0.15653
180 0.156472
181 0.156461
182 0.156512
183 0.156554
184 0.156517
185 0.156467
186 0.15645
187 0.156614
188 0.156471
189 0.156489
190 0.156508
191 0.156551
192 0.156407
193 0.156591
194 0.156567
195 0.156616
196 0.156596
197 0.156601
198 0.156561
199 0.156524
200 0.156556
201 0.156546
202 0.156549
203 0.156583
204 0.15653
205 0.156642
206 0.156518
207 0.156634
208 0.156577
209 0.156533
210 0.156572
211 0.156565
212 0.156552
213 0.156496
214 0.156611
215 0.156578
216 0.156578
217 0.156597
218 0.156577
219 0.156632
220 0.156638
221 0.156601
222 0.156592
223 0.1566
224 0.156611
225 0.156557
226 0.156586
227 0.156667
228 0.156608
229 0.156626
230 0.156581
231 0.156625
232 0.156656
233 0.156687
234 0.156662
235 0.156633
236 0.156674
237 0.156645
238 0.156611
239 0.156669
240 0.15663
241 0.156617
242 0.15663
243 0.156649
244 0.156665
245 0.156713
246 0.156673
247 0.15667
248 0.1567
249 0.15668
250 0.156716
251 0.156678
252 0.156665
253 0.156694
254 0.156679
255 0.156747
256 0.156738
257 0.156611
258 0.156686
259 0.156702
260 0.156653
261 0.156643
262 0.156647
263 0.156698
264 0.15672
265 0.156673
266 0.156707
267 0.156746
268 0.156741
269 0.15665
270 0.156649
271 0.156677
272 0.156708
273 0.15671
274 0.156724
275 0.156724
276 0.1567
277 0.156727
278 0.156642
279 0.156708
280 0.156743
281 0.156723
282 0.156712
283 0.156668
284 0.156726
285 0.156718
286 0.156712
287 0.156665
288 0.156673
289 0.156722
290 0.15676
291 0.156679
292 0.156767
293 0.156746
294 0.156676
295 0.156661
296 0.156705
297 0.15672
298 0.1567
299 0.15676
300 0.156711
301 0.156694
302 0.156711
303 0.156691
304 0.156687
305 0.156758
306 0.15671
307 0.156627
308 0.15671
309 0.156658
310 0.15673
311 0.156699
312 0.156699
313 0.156706
314 0.156716
315 0.156732
316 0.15677
317 0.156732
318 0.156711
319 0.156735
320 0.156655
321 0.156774
322 0.156688
323 0.15671
324 0.15672
325 0.156695
326 0.156727
327 0.156696
328 0.156754
329 0.156652
330 0.15674
331 0.156668
332 0.156718
333 0.156732
334 0.156701
335 0.156724
336 0.156674
337 0.156714
338 0.156722
339 0.156727
340 0.156711
341 0.156753
342 0.15667
343 0.156752
344 0.156737
345 0.156734
346 0.156697
347 0.156721
348 0.156689
349 0.156686
350 0.156719
351 0.156747
352 0.1567
353 0.156675
354 0.156763
355 0.156731
356 0.156751
357 0.156681
358 0.156711
359 0.156747
360 0.156712
361 0.156744
362 0.156692
363 0.156718
364 0.156728
365 0.156733
366 0.156732
367 0.156703
368 0.156728
369 0.156684
370 0.156668
371 0.156749
372 0.156685
373 0.156708
374 0.156768
375 0.156686
376 0.156693
377 0.156732
378 0.156672
379 0.156687
380 0.156714
381 0.156689
382 0.156686
383 0.156726
384 0.156707
385 0.156657
386 0.15672
387 0.156709
388 0.156692
389 0.156741
390 0.156716
391 0.156701
392 0.156711
393 0.156729
394 0.156705
395 0.156725
396 0.156704
397 0.156696
398 0.156671
399 0.156686
400 0.156689
