1 0.500293
2 0.499824
3 0.500062
4 0.500179
5 0.499141
6 0.500299
7 0.500194
8 0.499777
9 0.50036
10 0.49969
11 0.499713
12 0.499884
13 0.500085
14 0.499935
15 0.499038
16 0.500803
17 0.499584
18 0.499463
19 0.498231
20 0.498975
21 0.499864
22 0.499198
23 0.500003
24 0.499701
25 0.499837
26 0.535717
27 0.535153
28 0.550248
29 0.551063
30 0.556415
31 0.560361
32 0.56394
33 0.565518
34 0.568567
35 0.56945
36 0.572045
37 0.574348
38 0.575525
39 0.576781
40 0.578047
41 0.580197
42 0.580855
43 0.581287
44 0.582762
45 0.583343
46 0.583663
47 0.584493
48 0.585294
49 0.58483
50 0.585629
51 0.584949
52 0.585961
53 0.587301
54 0.587161
55 0.586694
56 0.5885
57 0.5882
58 0.588388
59 0.589152
60 0.588365
61 0.589715
62 0.589571
63 0.590534
64 0.590202
65 0.590782
66 0.592065
67 0.592231
68 0.591314
69 0.592142
70 0.592448
71 0.591827
72 0.593439
73 0.591982
74 0.592568
75 0.592223
76 0.593613
77 0.593209
78 0.593082
79 0.593292
80 0.5952
81 0.593746
82 0.594295
83 0.594155
84 0.594648
85 0.594954
86 0.594208
87 0.59498
88 0.595466
89 0.595169
90 0.595948
91 0.595315
92 0.595536
93 0.596079
94 0.594893
95 0.596025
96 0.596512
97 0.596026
98 0.597016
99 0.595486
100 0.596919
101 0.595998
102 0.596244
103 0.595869
104 0.59685
105 0.595892
106 0.596966
107 0.596039
108 0.596749
109 0.597294
110 0.597572
111 0.597093
112 0.596583
113 0.597095
114 0.597866
115 0.597442
116 0.597322
117 0.598391
118 0.597745
119 0.598194
120 0.598041
121 0.598647
122 0.59782
123 0.597711
124 0.597884
125 0.598171
126 0.598766
127 0.597422
128 0.598247
129 0.598015
130 0.598574
131 0.599026
132 0.598427
133 0.598376
134 0.598942
135 0.598869
136 0.598929
137 0.598758
138 0.598325
139 0.599033
140 0.599451
141 0.598791
142 0.598957
143 0.599369
144 0.599275
145 0.599595
146 0.599484
147 0.599304
148 0.599106
149 0.60035
150 0.599298
151 0.600209
152 0.599965
153 0.600214
154 0.599871
155 0.599795
156 0.598675
157 0.599506
158 0.600309
159 0.599427
160 0.600123
161 0.600183
162 0.599998
163 0.599336
164 0.599569
165 0.600099
166 0.599984
167 0.59997
168 0.600085
169 0.600366
170 0.599623
171 0.600499
172 0.599829
173 0.600137
174 0.600705
175 0.601389
176 0.600015
177 0.600633
178 0.601209
179 0.600954
180 0.601117
181 0.60114
182 0.600316
183 0.599956
184 0.600854
185 0.600874
186 0.600923
187 0.601304
188 0.599973
189 0.60069
190 0.60152
191 0.601997
192 0.601278
193 0.601109
194 0.600569
195 0.601285
196 0.601648
197 0.600809
198 0.601073
199 0.600892
200 0.601199
201 0.601154
202 0.601042
203 0.601694
204 0.601504
205 0.601363
206 0.601911
207 0.600757
208 0.601707
209 0.601361
210 0.601564
211 0.601899
212 0.601729
213 0.601344
214 0.601699
215 0.601682
216 0.601931
217 0.601059
218 0.601791
219 0.60141
220 0.601001
221 0.602357
222 0.602058
223 0.601389
224 0.602132
225 0.601524
226 0.602047
227 0.60278
228 0.601923
229 0.602393
230 0.601895
231 0.601533
232 0.601944
233 0.601054
234 0.600638
235 0.601952
236 0.602409
237 0.602297
238 0.6013
239 0.60149
240 0.600974
241 0.602531
242 0.602425
243 0.602294
244 0.602458
245 0.602753
246 0.601464
247 0.602578
248 0.6018
249 0.601396
250 0.602101
251 0.602015
252 0.601984
253 0.603197
254 0.602015
255 0.602106
256 0.60233
257 0.602716
258 0.602651
259 0.602765
260 0.602923
261 0.602206
262 0.601196
263 0.603052
264 0.60227
265 0.602914
266 0.601791
267 0.601668
268 0.603078
269 0.602203
270 0.601927
271 0.602053
272 0.602944
273 0.603068
274 0.601851
275 0.602328
276 0.603002
277 0.602753
278 0.603076
279 0.602169
280 0.602845
281 0.602616
282 0.603382
283 0.602743
284 0.602959
285 0.603002
286 0.603219
287 0.602864
288 0.602104
289 0.603487
290 0.602753
291 0.603229
292 0.603135
293 0.602536
294 0.603083
295 0.603268
296 0.603247
297 0.603329
298 0.602914
299 0.603116
300 0.602463
301 0.602219
302 0.602432
303 0.603022
304 0.602779
305 0.602712
306 0.603202
307 0.603174
308 0.603668
309 0.603005
310 0.602758
311 0.603431
312 0.603525
313 0.603225
314 0.603063
315 0.602945
316 0.603184
317 0.602321
318 0.603324
319 0.603742
320 0.603567
321 0.603386
322 0.60356
323 0.602772
324 0.603095
325 0.602927
326 0.602474
327 0.603797
328 0.603212
329 0.603008
330 0.603993
331 0.603027
332 0.603615
333 0.603542
334 0.60391
335 0.603627
336 0.60334
337 0.60374
338 0.602782
339 0.603318
340 0.603737
341 0.602858
342 0.602521
343 0.602985
344 0.603979
345 0.603097
346 0.602892
347 0.603456
348 0.603502
349 0.60324
350 0.602956
351 0.603263
352 0.604462
353 0.604024
354 0.603958
355 0.604458
356 0.603465
357 0.603728
358 0.603541
359 0.603663
360 0.603261
361 0.602737
362 0.60346
363 0.603679
364 0.603228
365 0.604262
366 0.603364
367 0.604111
368 0.603642
369 0.603138
370 0.604137
371 0.604111
372 0.603027
373 0.603823
374 0.604187
375 0.603526
376 0.603101
377 0.603914
378 0.603969
379 0.603599
380 0.603505
381 0.604109
382 0.603859
383 0.60338
384 0.603666
385 0.603262
386 0.604285
387 0.603403
388 0.604726
389 0.604211
390 0.604246
391 0.603428
392 0.604098
393 0.604701
394 0.604456
395 0.603676
396 0.604084
397 0.603478
398 0.603753
399 0.603417
400 0.604239
