1 0.500168
2 0.500412
3 0.500419
4 0.500343
5 0.50026
6 0.500238
7 0.500325
8 0.500339
9 0.500347
10 0.50034
11 0.500315
12 0.500289
13 0.500242
14 0.500239
15 0.500174
16 0.500179
17 0.500113
18 0.500129
19 0.500072
20 0.50006
21 0.500093
22 0.500065
23 0.500082
24 0.500072
25 0.500037
26 0.504185
27 0.508029
28 0.513211
29 0.518213
30 0.523572
31 0.528939
32 0.53437
33 0.539757
34 0.545042
35 0.550336
36 0.555528
37 0.560604
38 0.565591
39 0.570444
40 0.575226
41 0.57985
42 0.584428
43 0.588789
44 0.59312
45 0.597318
46 0.60143
47 0.605383
48 0.609274
49 0.613026
50 0.616632
51 0.620126
52 0.623604
53 0.626919
54 0.630204
55 0.633374
56 0.636467
57 0.639369
58 0.642434
59 0.645329
60 0.648122
61 0.650841
62 0.653529
63 0.656106
64 0.658701
65 0.661175
66 0.663644
67 0.666028
68 0.668389
69 0.670683
70 0.672936
71 0.675124
72 0.677283
73 0.679547
74 0.681445
75 0.683504
76 0.685465
77 0.687472
78 0.68935
79 0.691211
80 0.693064
81 0.694907
82 0.696657
83 0.69838
84 0.700118
85 0.701878
86 0.703521
87 0.705049
88 0.706666
89 0.708173
90 0.709771
91 0.711256
92 0.71281
93 0.714214
94 0.715719
95 0.717147
96 0.718541
97 0.719932
98 0.721305
99 0.722641
100 0.723933
101 0.725249
102 0.726642
103 0.727736
104 0.729019
105 0.730227
106 0.731479
107 0.73267
108 0.733834
109 0.735017
110 0.736152
111 0.737278
112 0.738399
113 0.739535
114 0.740599
115 0.741663
116 0.742706
117 0.743704
118 0.744834
119 0.745797
120 0.746809
121 0.747815
122 0.748745
123 0.74974
124 0.750697
125 0.751674
126 0.75255
127 0.753495
128 0.754416
129 0.755272
130 0.756233
131 0.757054
132 0.757972
133 0.758846
134 0.759695
135 0.76052
136 0.761369
137 0.762163
138 0.762992
139 0.763757
140 0.764576
141 0.765392
142 0.766164
143 0.766915
144 0.767692
145 0.768481
146 0.769155
147 0.769924
148 0.770655
149 0.77138
150 0.772093
151 0.772815
152 0.773496
153 0.774165
154 0.774879
155 0.775575
156 0.776237
157 0.776938
158 0.777566
159 0.778216
160 0.778881
161 0.779507
162 0.780168
163 0.780769
164 0.781421
165 0.78204
166 0.782663
167 0.78324
168 0.783782
169 0.784472
170 0.785206
171 0.785499
172 0.786132
173 0.786862
174 0.787406
175 0.787913
176 0.788476
177 0.78908
178 0.789576
179 0.790168
180 0.790684
181 0.791236
182 0.791752
183 0.79227
184 0.792814
185 0.793332
186 0.793795
187 0.794361
188 0.794879
189 0.795368
190 0.795873
191 0.796354
192 0.796871
193 0.797385
194 0.797828
195 0.79827
196 0.798804
197 0.799254
198 0.799749
199 0.800241
200 0.800663
201 0.801138
202 0.801602
203 0.802059
204 0.802479
205 0.803056
206 0.803366
207 0.803797
208 0.804259
209 0.804707
210 0.805096
211 0.805514
212 0.805971
213 0.806419
214 0.806828
215 0.807234
216 0.807616
217 0.808031
218 0.808418
219 0.808885
220 0.809201
221 0.809651
222 0.810015
223 0.810413
224 0.81081
225 0.811186
226 0.811584
227 0.81195
228 0.81237
229 0.812713
230 0.813103
231 0.813476
232 0.813829
233 0.814172
234 0.814551
235 0.814902
236 0.815284
237 0.815652
238 0.815996
239 0.816338
240 0.8167
241 0.81711
242 0.817371
243 0.817766
244 0.818091
245 0.818417
246 0.818772
247 0.819106
248 0.819421
249 0.819727
250 0.820043
251 0.820367
252 0.82075
253 0.821166
254 0.821524
255 0.821864
256 0.822026
257 0.822181
258 0.822504
259 0.822878
260 0.823237
261 0.823601
262 0.823956
263 0.824234
264 0.824528
265 0.824806
266 0.825117
267 0.825379
268 0.82571
269 0.826002
270 0.82629
271 0.826603
272 0.826894
273 0.827103
274 0.82744
275 0.827732
276 0.828001
277 0.828297
278 0.828575
279 0.828839
280 0.829132
281 0.829398
282 0.829704
283 0.829943
284 0.830259
285 0.830489
286 0.830795
287 0.831046
288 0.831315
289 0.831578
290 0.83187
291 0.832112
292 0.832321
293 0.832685
294 0.832867
295 0.833114
296 0.833404
297 0.833645
298 0.833913
299 0.83413
300 0.834408
301 0.834636
302 0.834895
303 0.835148
304 0.835371
305 0.835594
306 0.835894
307 0.83614
308 0.836322
309 0.836586
310 0.836851
311 0.837075
312 0.837306
313 0.837527
314 0.837786
315 0.837944
316 0.838235
317 0.838478
318 0.838699
319 0.838958
320 0.839162
321 0.839378
322 0.839619
323 0.839832
324 0.840054
325 0.840281
326 0.840485
327 0.840743
328 0.840938
329 0.841174
330 0.841368
331 0.8416
332 0.841782
333 0.84199
334 0.842227
335 0.842443
336 0.842664
337 0.842855
338 0.843069
339 0.843271
340 0.843433
341 0.843536
342 0.844004
343 0.844132
344 0.844305
345 0.844502
346 0.844695
347 0.844893
348 0.8451
349 0.845315
350 0.845519
351 0.84569
352 0.845907
353 0.846084
354 0.846311
355 0.846487
356 0.84666
357 0.846863
358 0.847085
359 0.847234
360 0.847452
361 0.84763
362 0.847822
363 0.848005
364 0.848176
365 0.84841
366 0.848552
367 0.84874
368 0.84895
369 0.849117
370 0.849285
371 0.849486
372 0.849629
373 0.849857
374 0.850021
375 0.850225
376 0.850375
377 0.850557
378 0.850726
379 0.850901
380 0.85107
381 0.851245
382 0.851471
383 0.851665
384 0.851783
385 0.8519
386 0.852087
387 0.852288
388 0.852471
389 0.852651
390 0.85278
391 0.852983
392 0.853138
393 0.85331
394 0.853505
395 0.853644
396 0.8538
397 0.853963
398 0.854147
399 0.854291
400 0.854464
