1 0.0724364
2 0.119326
3 0.0580385
4 0.0725085
5 0.0491681
6 0.0610666
7 0.0427871
8 0.0483216
9 0.0395886
10 0.0429718
11 0.0338688
12 0.0372626
13 0.0315135
14 0.0334672
15 0.0288339
16 0.0299223
17 0.0257933
18 0.0279999
19 0.0239106
20 0.0251198
21 0.0227505
22 0.0234941
23 0.0215324
24 0.0220318
25 0.0195622
26 0.0203831
27 0.0188234
28 0.0193106
29 0.0174955
30 0.0183442
31 0.0166653
32 0.0171578
33 0.0165444
34 0.0163253
35 0.0153375
36 0.015829
37 0.014901
38 0.0150714
39 0.0145042
40 0.0144065
41 0.013739
42 0.0141049
43 0.0135523
44 0.0135416
45 0.0131645
46 0.0129303
47 0.0124813
48 0.0128684
49 0.0120919
50 0.0121143
51 0.0120666
52 0.0118408
53 0.0115759
54 0.0116243
55 0.0111532
56 0.0111983
57 0.0110269
58 0.0109877
59 0.0105479
60 0.0107465
61 0.0102933
62 0.0103153
63 0.010232
64 0.0100709
65 0.00991741
66 0.0099177
67 0.00956468
68 0.00968335
69 0.00946485
70 0.00935235
71 0.00915536
72 0.00929714
73 0.00903275
74 0.00897644
75 0.00886489
76 0.00884095
77 0.00859905
78 0.00870824
79 0.00850197
80 0.00842445
81 0.00831015
82 0.00823476
83 0.00814756
84 0.00818505
85 0.00795762
86 0.00796086
87 0.00790097
88 0.00784977
89 0.0076604
90 0.00768574
91 0.00753048
92 0.00755922
93 0.00750481
94 0.00736504
95 0.0072708
96 0.00731922
97 0.00713896
98 0.00718962
99 0.00707589
100 0.0070638
101 0.00691985
102 0.0069285
103 0.00684792
104 0.00680146
105 0.00675415
106 0.0066652
107 0.00664336
108 0.00667433
109 0.00652565
110 0.00648148
111 0.00643006
112 0.00641331
113 0.0063425
114 0.0063563
115 0.0062436
116 0.00624332
117 0.00619197
118 0.00616991
119 0.00606586
120 0.00611178
121 0.00601145
122 0.00598581
123 0.00598366
124 0.00593855
125 0.00585526
126 0.00586772
127 0.00578249
128 0.00580854
129 0.00571728
130 0.00568535
131 0.00565471
132 0.00565574
133 0.00558624
134 0.0055502
135 0.00553641
136 0.00549984
137 0.00544113
138 0.00546573
139 0.00538975
140 0.00538078
141 0.00534673
142 0.00532879
143 0.00527773
144 0.00528196
145 0.00519296
146 0.00518656
147 0.00515631
148 0.00515807
149 0.00510628
150 0.00509757
151 0.00502592
152 0.00502399
153 0.00500706
154 0.00496983
155 0.00492498
156 0.00494859
157 0.00488182
158 0.00488363
159 0.00485443
160 0.00482557
161 0.00477207
162 0.00477567
163 0.00475597
164 0.00475311
165 0.0047126
166 0.00468353
167 0.00465459
168 0.00467655
169 0.00460738
170 0.00460762
171 0.00457204
172 0.00456326
173 0.00452893
174 0.0045276
175 0.00449379
176 0.00448125
177 0.00447632
178 0.00444987
179 0.00441349
180 0.00442205
181 0.00437308
182 0.00436068
183 0.00435714
184 0.00434282
185 0.00429295
186 0.00431188
187 0.00426
188 0.00427713
189 0.00423534
190 0.00421409
191 0.00419764
192 0.00418931
193 0.00415966
194 0.00414492
195 0.00413114
196 0.0041237
197 0.00409866
198 0.0041019
199 0.0040497
200 0.00405229
201 0.00404025
202 0.00402095
203 0.00400787
204 0.00400458
205 0.00397864
206 0.00395995
207 0.00395089
208 0.00394795
209 0.00392103
210 0.00391695
211 0.00389022
212 0.0038843
213 0.00386395
214 0.0038401
215 0.00382432
216 0.0038313
217 0.00379812
218 0.00379843
219 0.00378864
220 0.00376985
221 0.0037514
222 0.00375717
223 0.00372703
224 0.00371893
225 0.00369452
226 0.00369197
227 0.0036622
228 0.00367124
229 0.00363547
230 0.00363153
231 0.00362021
232 0.00360397
233 0.0035923
234 0.00358234
235 0.00355802
236 0.00355178
237 0.00354095
238 0.0035305
239 0.00351592
240 0.00352382
241 0.00350351
242 0.00349125
243 0.00347782
244 0.00346793
245 0.00344289
246 0.00343981
247 0.0034229
248 0.00342343
249 0.00340337
250 0.00338666
251 0.00337355
252 0.00337504
253 0.00334865
254 0.00334974
255 0.00332674
256 0.00332912
257 0.00331346
258 0.00331583
259 0.00328949
260 0.00329005
261 0.00327789
262 0.00325992
263 0.00324981
264 0.00324404
265 0.00322656
266 0.00322301
267 0.00321002
268 0.00321288
269 0.00319006
270 0.00318402
271 0.00316809
272 0.00316495
273 0.00315304
274 0.00314509
275 0.00313295
276 0.00313327
277 0.00311218
278 0.00310666
279 0.00309109
280 0.00308222
281 0.00306927
282 0.0030703
283 0.00305703
284 0.00305344
285 0.00304522
286 0.00303528
287 0.00302634
288 0.00303133
289 0.00301773
290 0.00300683
291 0.00299479
292 0.00299118
293 0.0029803
294 0.00298031
295 0.00296488
296 0.00296628
297 0.00294984
298 0.00294747
299 0.00293526
300 0.00293587
301 0.00292057
302 0.00291428
303 0.00290916
304 0.00289791
305 0.00288564
306 0.00288646
307 0.00287551
308 0.00287414
309 0.00286179
310 0.00285928
311 0.00284388
312 0.00284112
313 0.00283278
314 0.00282793
315 0.00281955
316 0.00281065
317 0.00279949
318 0.0027993
319 0.00278202
320 0.00278513
321 0.00276893
322 0.00276281
323 0.00275514
324 0.00275712
325 0.00274019
326 0.00274073
327 0.00272787
328 0.00273256
329 0.00271778
330 0.00272341
331 0.0027103
332 0.0027042
333 0.00269712
334 0.00268578
335 0.00268003
336 0.00267887
337 0.00266789
338 0.00266825
339 0.00265901
340 0.00265606
341 0.00264338
342 0.00264518
343 0.00263689
344 0.00263383
345 0.00262712
346 0.00261913
347 0.00261315
348 0.0026135
349 0.00259619
350 0.00259032
351 0.00258241
352 0.00258256
353 0.00257114
354 0.00256786
355 0.00255597
356 0.00255175
357 0.00254713
358 0.00254169
359 0.00253252
360 0.00252859
361 0.00251739
362 0.00251918
363 0.00251266
364 0.00250779
365 0.00249443
366 0.0024972
367 0.00248019
368 0.00248444
369 0.00247639
370 0.00247077
371 0.00246362
372 0.00246441
373 0.00245328
374 0.00244625
375 0.00243904
376 0.00243415
377 0.00242596
378 0.00242834
379 0.0024179
380 0.00241543
381 0.00240892
382 0.00240253
383 0.0023994
384 0.00239681
385 0.00238737
386 0.00238548
387 0.0023875
388 0.00238138
389 0.00237356
390 0.00236636
391 0.00235682
392 0.00235297
393 0.00235132
394 0.00234488
395 0.00234042
396 0.00234025
397 0.00232997
398 0.0023337
399 0.00232186
400 0.00232109
