1 0.500061
6 0.537305
11 0.550595
16 0.557936
21 0.563443
26 0.568506
31 0.571297
36 0.573623
41 0.576591
46 0.578082
51 0.580035
56 0.58258
61 0.583179
66 0.584225
71 0.585119
76 0.586223
81 0.587218
86 0.58818
91 0.589353
96 0.589791
101 0.589982
106 0.591841
111 0.59069
116 0.59214
121 0.592101
126 0.592952
131 0.593861
136 0.593595
141 0.594089
146 0.593707
151 0.594846
156 0.596155
161 0.596088
166 0.595412
171 0.595476
176 0.596806
181 0.596461
186 0.597034
191 0.597463
196 0.597531
200 0.598063
