1 0.500061
6 0.523733
11 0.533832
16 0.540351
21 0.54537
26 0.549544
31 0.552781
36 0.555513
41 0.557962
46 0.560119
51 0.561953
56 0.563737
61 0.565201
66 0.56677
71 0.567865
76 0.569045
81 0.570208
86 0.571223
91 0.572242
96 0.57302
101 0.573851
106 0.574669
111 0.575388
116 0.576056
121 0.576726
126 0.577433
131 0.577984
136 0.578567
141 0.579055
146 0.579628
151 0.580144
156 0.580603
161 0.581045
166 0.581478
171 0.581789
176 0.582238
181 0.582672
186 0.583104
191 0.583384
196 0.583741
200 0.584014
