1 0.333506
6 0.416248
11 0.453971
16 0.479836
21 0.500294
26 0.517327
31 0.531529
36 0.543912
41 0.555286
46 0.565694
51 0.57433
56 0.582875
61 0.590056
66 0.598008
71 0.603463
76 0.609366
81 0.615922
86 0.621396
91 0.626646
96 0.630717
101 0.635098
106 0.640236
111 0.643643
116 0.647771
121 0.651972
126 0.655656
131 0.659085
136 0.66272
141 0.665704
146 0.669182
151 0.671967
156 0.675288
161 0.67786
166 0.680271
171 0.682843
176 0.685275
181 0.688356
186 0.690945
191 0.692695
196 0.695468
200 0.6965
