1 0.458379
2 0.458007
3 0.458266
4 0.458286
5 0.458232
6 0.458261
7 0.458106
8 0.458317
9 0.458324
10 0.457927
11 0.458472
12 0.466136
13 0.463448
14 0.4677
15 0.465166
16 0.462798
17 0.461588
18 0.464221
19 0.462291
20 0.461148
21 0.463516
22 0.462146
23 0.465449
24 0.469531
25 0.47084
26 0.472324
27 0.47372
28 0.475485
29 0.475883
30 0.476652
31 0.477468
32 0.477771
33 0.478093
34 0.478642
35 0.478679
36 0.478725
37 0.479252
38 0.479055
39 0.479236
40 0.479518
41 0.479772
42 0.479726
43 0.479907
44 0.480077
45 0.480165
46 0.48022
47 0.480227
48 0.480149
49 0.480347
50 0.480403
51 0.480599
52 0.48067
53 0.480492
54 0.48071
55 0.480868
56 0.480756
57 0.480706
58 0.480766
59 0.480849
60 0.480988
61 0.480889
62 0.480999
63 0.48122
64 0.481259
65 0.481364
66 0.481311
67 0.481354
68 0.481509
69 0.481665
70 0.481887
71 0.48154
72 0.481685
73 0.481374
74 0.481533
75 0.481551
76 0.481888
77 0.481588
78 0.481634
79 0.481843
80 0.481986
81 0.481847
82 0.481622
83 0.481788
84 0.481962
85 0.481954
86 0.482126
87 0.481739
88 0.48214
89 0.481975
90 0.482098
91 0.482123
92 0.482151
93 0.482102
94 0.482316
95 0.482
96 0.482065
97 0.482438
98 0.482114
99 0.482387
100 0.482156
101 0.482476
102 0.482433
103 0.482436
104 0.482113
105 0.482481
106 0.482324
107 0.482611
108 0.48237
109 0.482411
110 0.482556
111 0.482414
112 0.482743
113 0.482397
114 0.482721
115 0.482363
116 0.48259
117 0.482489
118 0.482766
119 0.482607
120 0.482812
121 0.482837
122 0.48281
123 0.482526
124 0.48277
125 0.482727
126 0.482649
127 0.482597
128 0.482678
129 0.482774
130 0.482621
131 0.482672
132 0.482912
133 0.482548
134 0.482646
135 0.482602
136 0.482682
137 0.482767
138 0.482912
139 0.482977
140 0.482886
141 0.482894
142 0.482867
143 0.482987
144 0.482892
145 0.482586
146 0.482994
147 0.482692
148 0.48273
149 0.482725
150 0.48297
151 0.482776
152 0.483
153 0.482996
154 0.482751
155 0.482945
156 0.482923
157 0.48323
158 0.48297
159 0.483093
160 0.482962
161 0.483061
162 0.483131
163 0.483087
164 0.483114
165 0.483006
166 0.482984
167 0.48296
168 0.48296
169 0.483011
170 0.483022
171 0.483338
172 0.483005
173 0.48312
174 0.483063
175 0.483059
176 0.483061
177 0.482971
178 0.483109
179 0.482947
180 0.483279
181 0.483051
182 0.483027
183 0.482934
184 0.483123
185 0.483086
186 0.483291
187 0.483371
188 0.48309
189 0.482852
190 0.483232
191 0.483133
192 0.483189
193 0.483238
194 0.483071
195 0.483019
196 0.483383
197 0.483049
198 0.482996
199 0.483007
200 0.483165
201 0.483106
202 0.483259
203 0.483091
204 0.48326
205 0.483311
206 0.483143
207 0.483368
208 0.483134
209 0.483179
210 0.483096
211 0.483597
212 0.48335
213 0.483231
214 0.483108
215 0.483148
216 0.483166
217 0.48326
218 0.483167
219 0.483348
220 0.483238
221 0.483259
222 0.483326
223 0.483195
224 0.483229
225 0.483359
226 0.483472
227 0.483398
228 0.483193
229 0.483393
230 0.483382
231 0.483192
232 0.48341
233 0.483257
234 0.483259
235 0.48353
236 0.483256
237 0.483378
238 0.483084
239 0.483288
240 0.483052
241 0.483193
242 0.483009
243 0.483364
244 0.48331
245 0.48349
246 0.483324
247 0.483126
248 0.483464
249 0.48341
250 0.483474
251 0.48344
252 0.483336
253 0.483336
254 0.483504
255 0.483163
256 0.483566
257 0.483278
258 0.483292
259 0.483316
260 0.483266
261 0.483371
262 0.483592
263 0.483471
264 0.483265
265 0.483525
266 0.483429
267 0.483259
268 0.483549
269 0.483416
270 0.483537
271 0.483362
272 0.483429
273 0.483403
274 0.483363
275 0.483387
276 0.483621
277 0.483155
278 0.483226
279 0.483499
280 0.483664
281 0.483521
282 0.483411
283 0.483339
284 0.483721
285 0.483551
286 0.483426
287 0.483401
288 0.483404
289 0.483489
290 0.483424
291 0.483235
292 0.483419
293 0.483542
294 0.483331
295 0.483484
296 0.483366
297 0.48345
298 0.48335
299 0.4836
300 0.48329
301 0.483416
302 0.483354
303 0.483404
304 0.483501
305 0.483391
306 0.48346
307 0.483493
308 0.483396
309 0.483626
310 0.483318
311 0.483416
312 0.483557
313 0.483454
314 0.48332
315 0.483679
316 0.483646
317 0.483706
318 0.48356
319 0.483315
320 0.483361
321 0.483321
322 0.48344
323 0.483351
324 0.483654
325 0.483708
326 0.48327
327 0.483541
328 0.483469
329 0.483388
330 0.483342
331 0.483539
332 0.483283
333 0.483714
334 0.483561
335 0.483639
336 0.483408
337 0.48338
338 0.483604
339 0.483464
340 0.483399
341 0.483475
342 0.483466
343 0.483638
344 0.483425
345 0.483635
346 0.48353
347 0.48352
348 0.483267
349 0.483662
350 0.483578
351 0.48337
352 0.483313
353 0.483354
354 0.483432
355 0.483821
356 0.483408
357 0.483586
358 0.483447
359 0.483518
360 0.483373
361 0.483437
362 0.483553
363 0.483446
364 0.48335
365 0.483414
366 0.483657
367 0.483606
368 0.483448
369 0.48352
370 0.483626
371 0.483536
372 0.483666
373 0.483612
374 0.48345
375 0.483663
376 0.483407
377 0.483567
378 0.483529
379 0.483689
380 0.48349
381 0.483735
382 0.483626
383 0.483535
384 0.48355
385 0.483404
386 0.483387
387 0.483503
388 0.483393
389 0.483588
390 0.483456
391 0.483469
392 0.483492
393 0.483455
394 0.483569
395 0.483673
396 0.483674
397 0.483611
398 0.483619
399 0.483489
400 0.483613
