1 0.0780356
2 0.0780356
3 0.0780356
4 0.0780356
5 0.0780356
6 0.0780356
7 0.0780356
8 0.0780356
9 0.0780356
10 0.0780356
11 0.0780356
12 0.0589041
13 0.0652454
14 0.0544962
15 0.0611594
16 0.0668513
17 0.0705915
18 0.0644989
19 0.0682884
20 0.0711264
21 0.0665
22 0.0694533
23 0.0603194
24 0.0500153
25 0.0464976
26 0.0414968
27 0.0380832
28 0.0324675
29 0.0309762
30 0.029101
31 0.0264433
32 0.0253498
33 0.0248414
34 0.0228006
35 0.0226078
36 0.0218903
37 0.0213828
38 0.0206213
39 0.0202565
40 0.0197682
41 0.0190489
42 0.0187909
43 0.0184521
44 0.0179197
45 0.0178832
46 0.0174831
47 0.0171787
48 0.016984
49 0.0166942
50 0.0164846
51 0.016203
52 0.0159259
53 0.0157478
54 0.0155035
55 0.0153332
56 0.0152002
57 0.0149015
58 0.0145945
59 0.0144529
60 0.0143617
61 0.0142189
62 0.0139425
63 0.0138964
64 0.0136651
65 0.0134231
66 0.0132728
67 0.0131926
68 0.012971
69 0.0128569
70 0.0128024
71 0.0125651
72 0.0124877
73 0.0123909
74 0.0121739
75 0.0121989
76 0.0120012
77 0.0119025
78 0.0117607
79 0.0116468
80 0.0116135
81 0.0113868
82 0.0113978
83 0.0112405
84 0.0112218
85 0.0110621
86 0.0109639
87 0.0108279
88 0.0107016
89 0.010654
90 0.0106236
91 0.0104658
92 0.0104499
93 0.0103743
94 0.0102404
95 0.0101976
96 0.0101275
97 0.0100282
98 0.00997221
99 0.0099587
100 0.0098717
101 0.00972886
102 0.00964342
103 0.00965076
104 0.00954271
105 0.00946842
106 0.00946743
107 0.00938086
108 0.00927426
109 0.00929634
110 0.00917144
111 0.00916059
112 0.00907828
113 0.00906107
114 0.00898026
115 0.00894793
116 0.00882311
117 0.00881319
118 0.00875212
119 0.00875205
120 0.00869492
121 0.0086557
122 0.008532
123 0.00858582
124 0.0085304
125 0.00845332
126 0.00839353
127 0.00841266
128 0.00837098
129 0.0082791
130 0.00829073
131 0.00822714
132 0.00815277
133 0.00813782
134 0.00814003
135 0.00805851
136 0.00799299
137 0.00801582
138 0.00800283
139 0.0079051
140 0.0078845
141 0.00787195
142 0.00782806
143 0.00784214
144 0.00778169
145 0.0077499
146 0.00768654
147 0.00762885
148 0.00765335
149 0.00761381
150 0.00758044
151 0.00756255
152 0.00753324
153 0.00748875
154 0.00750379
155 0.0074371
156 0.00745291
157 0.00735338
158 0.00733887
159 0.00734783
160 0.00731262
161 0.00727464
162 0.00724561
163 0.00722337
164 0.00724235
165 0.00717347
166 0.00711578
167 0.00716084
168 0.00712114
169 0.0070894
170 0.00705786
171 0.00702811
172 0.00703562
173 0.00701496
174 0.00701425
175 0.00696656
176 0.00697186
177 0.00691719
178 0.00692122
179 0.00691578
180 0.0068437
181 0.00682152
182 0.00681197
183 0.00684734
184 0.00679548
185 0.00674964
186 0.00675762
187 0.00678148
188 0.00675071
189 0.00669637
190 0.00668355
191 0.00667916
192 0.00664564
193 0.00668277
194 0.00663674
195 0.00662161
196 0.00662024
197 0.00655318
198 0.00659773
199 0.00655419
200 0.00653696
201 0.00651926
202 0.00650424
203 0.00648628
204 0.00650219
205 0.00646407
206 0.00642232
207 0.00644119
208 0.00633536
209 0.00639798
210 0.00638776
211 0.00637034
212 0.00634058
213 0.00636315
214 0.00635932
215 0.00625737
216 0.00626642
217 0.00632605
218 0.0062729
219 0.00630172
220 0.00626524
221 0.0062192
222 0.00627352
223 0.00621494
224 0.00623134
225 0.00617152
226 0.00619323
227 0.00613783
228 0.00614477
229 0.00613746
230 0.00612594
231 0.00613818
232 0.00610506
233 0.00615036
234 0.00611157
235 0.00607059
236 0.0060615
237 0.00604396
238 0.00605337
239 0.00604467
240 0.00600465
241 0.00600305
242 0.00600022
243 0.00601294
244 0.00597275
245 0.00600901
246 0.00596207
247 0.00592839
248 0.00593677
249 0.00599242
250 0.00595023
251 0.0059189
252 0.00588786
253 0.0059321
254 0.00593344
255 0.00585846
256 0.00589028
257 0.00589371
258 0.00586265
259 0.00588098
260 0.00586931
261 0.00582958
262 0.00581632
263 0.00580414
264 0.00583286
265 0.00579649
266 0.00582051
267 0.00580653
268 0.00581243
269 0.00575938
270 0.00572536
271 0.0057359
272 0.00575155
273 0.00574949
274 0.00572567
275 0.00572975
276 0.00574305
277 0.00571824
278 0.00571377
279 0.00570542
280 0.00570189
281 0.00566718
282 0.00563945
283 0.00570374
284 0.00574379
285 0.00563995
286 0.00565074
287 0.00563594
288 0.00564545
289 0.00564768
290 0.00565417
291 0.00562638
292 0.00559445
293 0.00558532
294 0.00560481
295 0.00559422
296 0.00557874
297 0.00558326
298 0.00559492
299 0.00556305
300 0.00555361
301 0.00553405
302 0.00557332
303 0.00554495
304 0.00551595
305 0.00549255
306 0.00552943
307 0.0055393
308 0.00548833
309 0.00548256
310 0.00552794
311 0.00548449
312 0.00549985
313 0.00550482
314 0.00545226
315 0.00548817
316 0.00547238
317 0.0054546
318 0.00544333
319 0.00547354
320 0.00543043
321 0.00542998
322 0.00544244
323 0.00539278
324 0.0054673
325 0.00542154
326 0.00542792
327 0.0053921
328 0.00542396
329 0.00541272
330 0.0053716
331 0.00538841
332 0.0053778
333 0.00539974
334 0.00532461
335 0.0053635
336 0.00534316
337 0.00536777
338 0.00536453
339 0.00531832
340 0.0053325
341 0.00536248
342 0.0053691
343 0.00530747
344 0.00533011
345 0.00534083
346 0.00535716
347 0.00531493
348 0.00531272
349 0.0053188
350 0.00531273
351 0.00529565
352 0.00528134
353 0.00527894
354 0.00529743
355 0.00532177
356 0.00526674
357 0.00529323
358 0.0052625
359 0.00526805
360 0.00525335
361 0.00524727
362 0.0052179
363 0.00526637
364 0.00525336
365 0.00524568
366 0.00523656
367 0.00526775
368 0.0052384
369 0.00520634
370 0.00521857
371 0.00522487
372 0.00524954
373 0.0052253
374 0.00522465
375 0.00519847
376 0.00519534
377 0.00520324
378 0.00522689
379 0.00519827
380 0.00520615
381 0.00519194
382 0.00518873
383 0.00516674
384 0.00511829
385 0.00515787
386 0.00513129
387 0.00514859
388 0.00516779
389 0.00517152
390 0.00515153
391 0.00517219
392 0.00511903
393 0.00513596
394 0.00512132
395 0.00510396
396 0.00513358
397 0.00514154
398 0.00510046
399 0.00509393
400 0.00513302
