1 0.333334
2 0.333334
3 0.333334
4 0.39359
5 0.374501
6 0.408747
7 0.43478
8 0.421997
9 0.425739
10 0.446667
11 0.463865
12 0.470026
13 0.502889
14 0.518421
15 0.53163
16 0.544614
17 0.551397
18 0.555077
19 0.561127
20 0.568096
21 0.578114
22 0.581723
23 0.589861
24 0.594069
25 0.599874
26 0.602975
27 0.609813
28 0.614836
29 0.619889
30 0.624283
31 0.627767
32 0.632104
33 0.635363
34 0.63933
35 0.641614
36 0.646012
37 0.649543
38 0.650722
39 0.654776
40 0.658328
41 0.661652
42 0.664346
43 0.666632
44 0.670385
45 0.671646
46 0.673403
47 0.676616
48 0.678631
49 0.679838
50 0.68271
51 0.685399
52 0.688502
53 0.689422
54 0.691543
55 0.693664
56 0.694968
57 0.69689
58 0.698395
59 0.700326
60 0.701933
61 0.703162
62 0.705073
63 0.70617
64 0.708882
65 0.709384
66 0.711498
67 0.713016
68 0.713704
69 0.715168
70 0.717058
71 0.71816
72 0.719673
73 0.720365
74 0.721796
75 0.722588
76 0.723499
77 0.724036
78 0.72638
79 0.726549
80 0.727385
81 0.728622
82 0.73012
83 0.73117
84 0.731498
85 0.733179
86 0.734556
87 0.73519
88 0.735077
89 0.736343
90 0.737157
91 0.737959
92 0.738772
93 0.740273
94 0.740011
95 0.741468
96 0.74227
97 0.742853
98 0.743274
99 0.744803
100 0.744833
101 0.746027
102 0.745552
103 0.746927
104 0.747402
105 0.748212
106 0.748798
107 0.749614
108 0.749825
109 0.750664
110 0.750818
111 0.751374
112 0.753068
113 0.75206
114 0.753199
115 0.754565
116 0.754352
117 0.755039
118 0.755566
119 0.756597
120 0.757419
121 0.756948
122 0.757511
123 0.758924
124 0.758781
125 0.759554
126 0.759816
127 0.759828
128 0.760484
129 0.760973
130 0.761768
131 0.76225
132 0.761567
133 0.763137
134 0.763216
135 0.76397
136 0.763406
137 0.764538
138 0.764925
139 0.765248
140 0.766139
141 0.766438
142 0.765936
143 0.766673
144 0.767066
145 0.766697
146 0.767122
147 0.767206
148 0.768721
149 0.769422
150 0.769185
151 0.769427
152 0.770135
153 0.770283
154 0.770701
155 0.77104
156 0.771202
157 0.771382
158 0.771796
159 0.771367
160 0.772868
161 0.772857
162 0.77255
163 0.773089
164 0.773788
165 0.773889
166 0.773955
167 0.775414
168 0.775006
169 0.774771
170 0.774536
171 0.775681
172 0.77546
173 0.775211
174 0.77668
175 0.775773
176 0.776374
177 0.776871
178 0.776815
179 0.776763
180 0.777406
181 0.778045
182 0.77884
183 0.778102
184 0.777914
185 0.779171
186 0.77869
187 0.779551
188 0.779139
189 0.778921
190 0.780473
191 0.779267
192 0.780507
193 0.780773
194 0.780636
195 0.781341
196 0.780479
197 0.780666
198 0.781865
199 0.78153
200 0.782734
201 0.781843
202 0.782997
203 0.782445
204 0.783131
205 0.782962
206 0.783882
207 0.782955
208 0.783274
209 0.784073
210 0.783993
211 0.784306
212 0.784082
213 0.784025
214 0.784738
215 0.785219
216 0.785043
217 0.78478
218 0.784523
219 0.785746
220 0.784846
221 0.78508
222 0.786163
223 0.785156
224 0.78625
225 0.785934
226 0.786014
227 0.786156
228 0.786201
229 0.785993
230 0.787248
231 0.786746
232 0.787231
233 0.787678
234 0.787643
235 0.787648
236 0.787867
237 0.787863
238 0.787756
239 0.788167
240 0.787861
241 0.788823
242 0.788508
243 0.789101
244 0.788956
245 0.789111
246 0.788294
247 0.78935
248 0.789345
249 0.789575
250 0.790019
251 0.789679
252 0.789859
253 0.790324
254 0.79072
255 0.790783
256 0.790151
257 0.790593
258 0.790707
259 0.790668
260 0.791114
261 0.790808
262 0.790902
263 0.791942
264 0.791633
265 0.791787
266 0.791837
267 0.792021
268 0.792115
269 0.79107
270 0.792122
271 0.792185
272 0.791864
273 0.792868
274 0.792678
275 0.79271
276 0.792457
277 0.792239
278 0.793298
279 0.793409
280 0.793455
281 0.792991
282 0.793203
283 0.793266
284 0.793044
285 0.793346
286 0.793262
287 0.793542
288 0.794262
289 0.793678
290 0.794077
291 0.795229
292 0.794231
293 0.794574
294 0.794805
295 0.795051
296 0.794218
297 0.794885
298 0.795003
299 0.794643
300 0.794305
301 0.794936
302 0.795421
303 0.795417
304 0.795639
305 0.795912
306 0.795218
307 0.795047
308 0.795919
309 0.795852
310 0.795774
311 0.796916
312 0.795832
313 0.79585
314 0.796869
315 0.796424
316 0.797011
317 0.796251
318 0.796973
319 0.79756
320 0.797146
321 0.796412
322 0.797013
323 0.797247
324 0.797077
325 0.797112
326 0.797112
327 0.797552
328 0.797183
329 0.798139
330 0.797085
331 0.797218
332 0.796889
333 0.797044
334 0.797585
335 0.798574
336 0.797981
337 0.798794
338 0.797892
339 0.797585
340 0.797794
341 0.798351
342 0.798153
343 0.798329
344 0.798437
345 0.797797
346 0.798926
347 0.799164
348 0.798338
349 0.797867
350 0.799307
351 0.799435
352 0.799315
353 0.798903
354 0.799433
355 0.798519
356 0.799565
357 0.799882
358 0.799289
359 0.799768
360 0.79998
361 0.800613
362 0.799861
363 0.799908
364 0.799741
365 0.800031
366 0.799587
367 0.79965
368 0.799895
369 0.799982
370 0.799989
371 0.800295
372 0.800158
373 0.800613
374 0.801281
375 0.800353
376 0.800787
377 0.800594
378 0.800808
379 0.800988
380 0.800341
381 0.800801
382 0.801142
383 0.800892
384 0.800429
385 0.800564
386 0.801336
387 0.801023
388 0.801191
389 0.801045
390 0.79981
391 0.801258
392 0.800569
393 0.801652
394 0.801379
395 0.802513
396 0.801818
397 0.801482
398 0.801965
399 0.802162
400 0.801491
