1 0.696853
2 0.696853
3 0.696853
4 0.696853
5 0.696853
6 0.696853
7 0.696853
8 0.696853
9 0.696853
10 0.696853
11 0.696853
12 0.696853
13 0.696853
14 0.696853
15 0.696853
16 0.696853
17 0.696853
18 0.696853
19 0.696853
20 0.696853
21 0.696853
22 0.696853
23 0.696853
24 0.696853
25 0.696853
26 0.696853
27 0.696853
28 0.696853
29 0.696853
30 0.696853
31 0.696853
32 0.696853
33 0.696853
34 0.696853
35 0.696853
36 0.696853
37 0.696853
38 0.696853
39 0.696853
40 0.696853
41 0.696853
42 0.696853
43 0.696853
44 0.696853
45 0.696853
46 0.696853
47 0.696853
48 0.696853
49 0.696853
50 0.696853
51 0.696853
52 0.696853
53 0.696853
54 0.696853
55 0.696853
56 0.696853
57 0.696853
58 0.696853
59 0.696853
60 0.696853
61 0.696853
62 0.696853
63 0.696853
64 0.696853
65 0.696853
66 0.696853
67 0.696853
68 0.696853
69 0.696853
70 0.696853
71 0.696853
72 0.696853
73 0.696853
74 0.696853
75 0.696853
76 0.696853
77 0.696853
78 0.696853
79 0.696853
80 0.696853
81 0.696853
82 0.696853
83 0.696853
84 0.696853
85 0.696853
86 0.696853
87 0.696853
88 0.696853
89 0.696853
90 0.696853
91 0.696853
92 0.696853
93 0.696853
94 0.696853
95 0.696853
96 0.696853
97 0.696853
98 0.696853
99 0.696853
100 0.696853
101 0.696853
102 0.696853
103 0.696853
104 0.696853
105 0.696853
106 0.696853
107 0.696853
108 0.696853
109 0.696853
110 0.696853
111 0.696853
112 0.696853
113 0.696853
114 0.696853
115 0.696853
116 0.696853
117 0.696853
118 0.696853
119 0.696853
120 0.696853
121 0.696853
122 0.696853
123 0.696853
124 0.696853
125 0.696853
126 0.696853
127 0.696853
128 0.696853
129 0.696853
130 0.696853
131 0.696853
132 0.696853
133 0.696853
134 0.696853
135 0.696853
136 0.696853
137 0.696853
138 0.696853
139 0.696853
140 0.696853
141 0.696853
142 0.696853
143 0.696853
144 0.696853
145 0.696853
146 0.696853
147 0.696853
148 0.696853
149 0.696853
150 0.696853
151 0.696853
152 0.696853
153 0.696853
154 0.696853
155 0.696853
156 0.696853
157 0.696853
158 0.696853
159 0.696853
160 0.696853
161 0.696853
162 0.696853
163 0.696853
164 0.696853
165 0.696853
166 0.696853
167 0.696853
168 0.696853
169 0.696853
170 0.696853
171 0.696853
172 0.696853
173 0.696853
174 0.696853
175 0.696853
176 0.696853
177 0.696853
178 0.696853
179 0.696853
180 0.696853
181 0.696853
182 0.696853
183 0.696853
184 0.696853
185 0.696853
186 0.696853
187 0.696853
188 0.696853
189 0.696853
190 0.696853
191 0.696853
192 0.696853
193 0.696853
194 0.696853
195 0.696853
196 0.696853
197 0.696853
198 0.696853
199 0.696853
200 0.696853
201 0.696853
202 0.696853
203 0.696853
204 0.696853
205 0.696853
206 0.696853
207 0.696853
208 0.696853
209 0.696853
210 0.696853
211 0.696853
212 0.696853
213 0.696853
214 0.696853
215 0.696853
216 0.696853
217 0.696853
218 0.696853
219 0.696853
220 0.696853
221 0.696853
222 0.696853
223 0.696853
224 0.696853
225 0.696853
226 0.696853
227 0.696853
228 0.696853
229 0.696853
230 0.696853
231 0.696853
232 0.696853
233 0.696853
234 0.696853
235 0.696853
236 0.696853
237 0.696853
238 0.696853
239 0.696853
240 0.696853
241 0.696853
242 0.696853
243 0.696853
244 0.696853
245 0.696853
246 0.696853
247 0.696853
248 0.696853
249 0.696853
250 0.696853
251 0.696853
252 0.696853
253 0.696853
254 0.696853
255 0.696853
256 0.696853
257 0.696853
258 0.696853
259 0.696853
260 0.696853
261 0.696853
262 0.696853
263 0.696853
264 0.696853
265 0.696853
266 0.696853
267 0.696853
268 0.696853
269 0.696853
270 0.696853
271 0.696853
272 0.696853
273 0.696853
274 0.696853
275 0.696853
276 0.696853
277 0.696853
278 0.696853
279 0.696853
280 0.696853
281 0.696853
282 0.696853
283 0.696853
284 0.696853
285 0.696853
286 0.696853
287 0.696853
288 0.696853
289 0.696853
290 0.696853
291 0.696853
292 0.696853
293 0.696853
294 0.696853
295 0.696853
296 0.696853
297 0.696853
298 0.696853
299 0.696853
300 0.696853
301 0.696853
302 0.696853
303 0.696853
304 0.696853
305 0.696853
306 0.696853
307 0.696853
308 0.696853
309 0.696853
310 0.696853
311 0.696853
312 0.696853
313 0.696853
314 0.696853
315 0.696853
316 0.696853
317 0.696853
318 0.696853
319 0.696853
320 0.696853
321 0.696853
322 0.696853
323 0.696853
324 0.696853
325 0.696853
326 0.696853
327 0.696853
328 0.696853
329 0.696853
330 0.696853
331 0.696853
332 0.696853
333 0.696853
334 0.696853
335 0.696853
336 0.696853
337 0.696853
338 0.696853
339 0.696853
340 0.696853
341 0.696853
342 0.696853
343 0.696853
344 0.696853
345 0.696853
346 0.696853
347 0.696853
348 0.696853
349 0.696853
350 0.696853
351 0.696853
352 0.696853
353 0.696853
354 0.696853
355 0.696853
356 0.696853
357 0.696853
358 0.696853
359 0.696853
360 0.696853
361 0.696853
362 0.696853
363 0.696853
364 0.696853
365 0.696853
366 0.696853
367 0.696853
368 0.696853
369 0.696853
370 0.696853
371 0.696853
372 0.696853
373 0.696853
374 0.696853
375 0.696853
376 0.696853
377 0.696853
378 0.696853
379 0.696853
380 0.696853
381 0.696853
382 0.696853
383 0.696853
384 0.696853
385 0.696853
386 0.696853
387 0.696853
388 0.696853
389 0.696853
390 0.696853
391 0.696853
392 0.696853
393 0.696853
394 0.696853
395 0.696853
396 0.696853
397 0.696853
398 0.696853
399 0.696853
400 0.696853
