1 0.100423
2 0.100011
3 0.099534
4 0.099748
5 0.099854
6 0.100026
7 0.099495
8 0.099693
9 0.100078
10 0.100208
11 0.100222
12 0.103811
13 0.107323
14 0.110177
15 0.113491
16 0.116973
17 0.120288
18 0.123182
19 0.125997
20 0.129114
21 0.132158
22 0.13467
23 0.13694
24 0.140074
25 0.143541
26 0.146236
27 0.14948
28 0.152374
29 0.155983
30 0.15864
31 0.161465
32 0.164946
33 0.168156
34 0.170355
35 0.174077
36 0.177971
37 0.180592
38 0.182982
39 0.185873
40 0.18875
41 0.190894
42 0.19433
43 0.19583
44 0.198946
45 0.201897
46 0.204116
47 0.205919
48 0.208949
49 0.210897
50 0.213009
51 0.215908
52 0.216936
53 0.219384
54 0.221301
55 0.22342
56 0.224902
57 0.227909
58 0.229164
59 0.230416
60 0.232376
61 0.234847
62 0.236076
63 0.237798
64 0.239011
65 0.24172
66 0.243232
67 0.244984
68 0.246753
69 0.247927
70 0.249561
71 0.252007
72 0.251731
73 0.254191
74 0.255378
75 0.257833
76 0.259546
77 0.260396
78 0.261599
79 0.264063
80 0.263986
81 0.266459
82 0.268201
83 0.269275
84 0.271267
85 0.27219
86 0.273149
87 0.274927
88 0.276741
89 0.277674
90 0.279084
91 0.280787
92 0.282181
93 0.283864
94 0.284727
95 0.286188
96 0.287725
97 0.289393
98 0.291229
99 0.291911
100 0.293515
101 0.294341
102 0.295793
103 0.297167
104 0.29959
105 0.299418
106 0.301131
107 0.302071
108 0.303613
109 0.305056
110 0.306199
111 0.308905
112 0.309638
113 0.310386
114 0.311945
115 0.313244
116 0.313695
117 0.314804
118 0.31793
119 0.318005
120 0.319168
121 0.320522
122 0.322536
123 0.323581
124 0.324456
125 0.325503
126 0.326283
127 0.328299
128 0.329335
129 0.330993
130 0.332217
131 0.332802
132 0.333821
133 0.335118
134 0.336254
135 0.337168
136 0.33886
137 0.339182
138 0.341244
139 0.341325
140 0.342988
141 0.345085
142 0.345487
143 0.345966
144 0.34746
145 0.349343
146 0.34998
147 0.351611
148 0.352384
149 0.352922
150 0.353554
151 0.354967
152 0.356665
153 0.357061
154 0.358758
155 0.359468
156 0.359811
157 0.361326
158 0.362626
159 0.363877
160 0.365344
161 0.365625
162 0.367358
163 0.368192
164 0.368323
165 0.369209
166 0.370628
167 0.371477
168 0.372502
169 0.373967
170 0.374607
171 0.376028
172 0.377254
173 0.378045
174 0.378979
175 0.37842
176 0.380864
177 0.382069
178 0.382289
179 0.382993
180 0.383935
181 0.385497
182 0.386436
183 0.386689
184 0.389039
185 0.38912
186 0.390578
187 0.391544
188 0.39206
189 0.393049
190 0.394501
191 0.394982
192 0.395256
193 0.396438
194 0.397427
195 0.398407
196 0.399378
197 0.400337
198 0.40097
199 0.401909
200 0.40266
201 0.403974
202 0.404572
203 0.406099
204 0.406231
205 0.406752
206 0.408306
207 0.409189
208 0.409005
209 0.409939
210 0.411184
211 0.412435
212 0.412551
213 0.414341
214 0.414869
215 0.416056
216 0.416971
217 0.417921
218 0.417966
219 0.4191
220 0.420174
221 0.42039
222 0.421326
223 0.422071
224 0.422716
225 0.424201
226 0.424445
227 0.426049
228 0.426405
229 0.42711
230 0.428162
231 0.428458
232 0.429335
233 0.429859
234 0.430674
235 0.431574
236 0.43236
237 0.433416
238 0.434201
239 0.434448
240 0.434915
241 0.436579
242 0.43689
243 0.437765
244 0.438209
245 0.438925
246 0.439626
247 0.440436
248 0.440786
249 0.441544
250 0.442602
251 0.443328
252 0.444384
253 0.44471
254 0.445336
255 0.446887
256 0.446847
257 0.448005
258 0.448301
259 0.449153
260 0.449473
261 0.450515
262 0.450888
263 0.452751
264 0.452133
265 0.453347
266 0.454284
267 0.454648
268 0.454933
269 0.456355
270 0.456849
271 0.457651
272 0.457894
273 0.459213
274 0.459006
275 0.459761
276 0.460822
277 0.46251
278 0.46134
279 0.462453
280 0.462875
281 0.46485
282 0.465209
283 0.465497
284 0.465164
285 0.466456
286 0.467593
287 0.467785
288 0.468764
289 0.46938
290 0.469512
291 0.469979
292 0.471097
293 0.471498
294 0.473079
295 0.473066
296 0.474005
297 0.474303
298 0.475028
299 0.475993
300 0.476488
301 0.477159
302 0.477457
303 0.477174
304 0.478744
305 0.479989
306 0.480295
307 0.481008
308 0.481017
309 0.481868
310 0.48227
311 0.483026
312 0.483117
313 0.483924
314 0.485006
315 0.484931
316 0.485204
317 0.486491
318 0.487168
319 0.487747
320 0.487925
321 0.488358
322 0.489175
323 0.489406
324 0.49064
325 0.490974
326 0.491199
327 0.491807
328 0.492161
329 0.4933
330 0.49412
331 0.494046
332 0.49537
333 0.495364
334 0.49652
335 0.496735
336 0.496844
337 0.49792
338 0.498763
339 0.498984
340 0.499373
341 0.500109
342 0.500937
343 0.501901
344 0.502254
345 0.50163
346 0.502441
347 0.503205
348 0.503509
349 0.504325
350 0.50427
351 0.505495
352 0.505918
353 0.50598
354 0.506623
355 0.506947
356 0.508402
357 0.508817
358 0.509574
359 0.509255
360 0.509951
361 0.511287
362 0.510958
363 0.511492
364 0.512291
365 0.513119
366 0.512733
367 0.513701
368 0.514684
369 0.514645
370 0.515005
371 0.515645
372 0.516471
373 0.51667
374 0.51646
375 0.517218
376 0.518288
377 0.518651
378 0.519334
379 0.520903
380 0.519609
381 0.52086
382 0.520989
383 0.521665
384 0.521392
385 0.522511
386 0.522514
387 0.523917
388 0.524702
389 0.524259
390 0.525215
391 0.525695
392 0.526137
393 0.52664
394 0.52734
395 0.527772
396 0.527746
397 0.527404
398 0.527783
399 0.528702
400 0.529479
