1 0.196658
2 0.196783
3 0.196853
4 0.196879
5 0.196873
6 0.196855
7 0.196875
8 0.196882
9 0.196872
10 0.196849
11 0.196843
12 0.196616
13 0.196207
14 0.195698
15 0.195092
16 0.19442
17 0.193701
18 0.192952
19 0.19217
20 0.191367
21 0.190547
22 0.18973
23 0.188903
24 0.188072
25 0.18723
26 0.186392
27 0.185545
28 0.18471
29 0.183865
30 0.183026
31 0.18219
32 0.181358
33 0.180529
34 0.179705
35 0.178888
36 0.178076
37 0.177269
38 0.176468
39 0.17568
40 0.1749
41 0.174134
42 0.173369
43 0.172621
44 0.171881
45 0.17115
46 0.17043
47 0.169722
48 0.169022
49 0.168333
50 0.167656
51 0.166985
52 0.166328
53 0.165678
54 0.165039
55 0.164409
56 0.163791
57 0.163179
58 0.162578
59 0.161988
60 0.161407
61 0.160831
62 0.160267
63 0.159709
64 0.159162
65 0.15862
66 0.158085
67 0.157557
68 0.157039
69 0.156529
70 0.156021
71 0.155519
72 0.155028
73 0.154542
74 0.154064
75 0.153589
76 0.153118
77 0.152655
78 0.152199
79 0.151745
80 0.151299
81 0.150855
82 0.150414
83 0.14998
84 0.14955
85 0.149127
86 0.148708
87 0.148292
88 0.14788
89 0.147473
90 0.147068
91 0.146668
92 0.146272
93 0.145879
94 0.145491
95 0.145105
96 0.144724
97 0.144344
98 0.143968
99 0.143595
100 0.143225
101 0.14286
102 0.142496
103 0.142136
104 0.141777
105 0.141423
106 0.14107
107 0.140722
108 0.140377
109 0.140035
110 0.139694
111 0.139353
112 0.139017
113 0.138683
114 0.138352
115 0.138022
116 0.137696
117 0.137373
118 0.137049
119 0.136729
120 0.136411
121 0.136095
122 0.135781
123 0.135469
124 0.13516
125 0.134852
126 0.134547
127 0.134244
128 0.133942
129 0.133644
130 0.133345
131 0.13305
132 0.132756
133 0.132465
134 0.132174
135 0.131887
136 0.131601
137 0.131317
138 0.131034
139 0.130753
140 0.130474
141 0.130196
142 0.129919
143 0.129646
144 0.129374
145 0.129102
146 0.128832
147 0.128563
148 0.128296
149 0.128032
150 0.12777
151 0.127509
152 0.127249
153 0.12699
154 0.126732
155 0.126476
156 0.126223
157 0.12597
158 0.125719
159 0.125469
160 0.125219
161 0.124972
162 0.124726
163 0.124481
164 0.124237
165 0.123996
166 0.123755
167 0.123516
168 0.123278
169 0.123041
170 0.122805
171 0.122571
172 0.122336
173 0.122104
174 0.121872
175 0.121643
176 0.121414
177 0.121187
178 0.120961
179 0.120736
180 0.120512
181 0.120289
182 0.120066
183 0.119846
184 0.119626
185 0.119408
186 0.11919
187 0.118973
188 0.118758
189 0.118543
190 0.118329
191 0.118116
192 0.117905
193 0.117694
194 0.117485
195 0.117276
196 0.117068
197 0.116862
198 0.116656
199 0.116451
200 0.116248
201 0.116046
202 0.115843
203 0.115642
204 0.115442
205 0.115243
206 0.115045
207 0.114847
208 0.114652
209 0.114456
210 0.114262
211 0.114068
212 0.113875
213 0.113683
214 0.113491
215 0.1133
216 0.11311
217 0.112922
218 0.112733
219 0.112546
220 0.11236
221 0.112174
222 0.11199
223 0.111806
224 0.111623
225 0.111441
226 0.111259
227 0.111078
228 0.110897
229 0.110718
230 0.110539
231 0.110361
232 0.110184
233 0.110007
234 0.109831
235 0.109656
236 0.109482
237 0.109308
238 0.109135
239 0.108963
240 0.108792
241 0.108621
242 0.108451
243 0.108281
244 0.108112
245 0.107944
246 0.107777
247 0.107611
248 0.107445
249 0.10728
250 0.107116
251 0.106952
252 0.106788
253 0.106625
254 0.106463
255 0.106302
256 0.106141
257 0.105981
258 0.105822
259 0.105663
260 0.105504
261 0.105347
262 0.10519
263 0.105033
264 0.104877
265 0.104722
266 0.104567
267 0.104413
268 0.104259
269 0.104106
270 0.103954
271 0.103801
272 0.10365
273 0.103499
274 0.103349
275 0.103199
276 0.10305
277 0.102901
278 0.102753
279 0.102605
280 0.102458
281 0.102311
282 0.102165
283 0.102019
284 0.101875
285 0.10173
286 0.101586
287 0.101443
288 0.101301
289 0.101158
290 0.101016
291 0.100875
292 0.100734
293 0.100593
294 0.100453
295 0.100314
296 0.100174
297 0.100036
298 0.0998978
299 0.0997601
300 0.099623
301 0.0994861
302 0.0993502
303 0.0992151
304 0.0990796
305 0.0989446
306 0.0988108
307 0.0986764
308 0.0985429
309 0.0984105
310 0.098278
311 0.0981462
312 0.0980141
313 0.0978829
314 0.0977521
315 0.097622
316 0.0974923
317 0.0973627
318 0.0972335
319 0.0971047
320 0.0969768
321 0.0968489
322 0.0967217
323 0.0965949
324 0.0964684
325 0.0963422
326 0.0962168
327 0.0960916
328 0.0959671
329 0.0958425
330 0.0957181
331 0.0955947
332 0.0954714
333 0.0953488
334 0.0952261
335 0.0951042
336 0.0949831
337 0.0948615
338 0.0947409
339 0.0946204
340 0.0945007
341 0.094381
342 0.0942615
343 0.0941423
344 0.0940236
345 0.0939052
346 0.0937874
347 0.09367
348 0.0935529
349 0.0934361
350 0.0933197
351 0.0932034
352 0.0930874
353 0.0929718
354 0.0928567
355 0.0927421
356 0.0926278
357 0.0925134
358 0.0923995
359 0.0922865
360 0.0921737
361 0.0920605
362 0.0919479
363 0.0918361
364 0.0917245
365 0.0916133
366 0.0915024
367 0.0913917
368 0.0912814
369 0.0911715
370 0.0910619
371 0.0909523
372 0.0908434
373 0.0907345
374 0.0906263
375 0.0905184
376 0.0904105
377 0.090303
378 0.0901959
379 0.0900886
380 0.0899824
381 0.0898758
382 0.08977
383 0.0896645
384 0.0895594
385 0.0894543
386 0.0893501
387 0.0892456
388 0.0891413
389 0.0890379
390 0.0889343
391 0.0888311
392 0.0887282
393 0.0886252
394 0.0885226
395 0.0884207
396 0.0883187
397 0.0882175
398 0.0881166
399 0.0880159
400 0.0879153
