1 0.954352
2 0.634186
3 0.497176
4 0.431627
5 0.392895
6 0.363946
7 0.340618
8 0.319622
9 0.300491
10 0.283751
11 0.26849
12 0.253435
13 0.238297
14 0.224332
15 0.211547
16 0.199722
17 0.189439
18 0.180029
19 0.171331
20 0.164134
21 0.15735
22 0.151447
23 0.146281
24 0.141587
25 0.137577
26 0.13372
27 0.130203
28 0.126888
29 0.123841
30 0.121155
31 0.118584
32 0.116342
33 0.113979
34 0.111734
35 0.109657
36 0.107732
37 0.105907
38 0.104076
39 0.102197
40 0.100435
41 0.0988338
42 0.0972859
43 0.0957912
44 0.0944159
45 0.0930528
46 0.0917155
47 0.0903704
48 0.0891228
49 0.0879064
50 0.0868754
51 0.0856636
52 0.0845314
53 0.0834599
54 0.0824351
55 0.0813858
56 0.0804147
57 0.0795286
58 0.0784653
59 0.0775516
60 0.0766605
61 0.0757947
62 0.0749566
63 0.0742654
64 0.0733837
65 0.0725622
66 0.0717768
67 0.0709785
68 0.0702407
69 0.0695335
70 0.0687738
71 0.0680596
72 0.067373
73 0.0666922
74 0.0660416
75 0.0654232
76 0.0648013
77 0.0642331
78 0.0636077
79 0.0629838
80 0.06245
81 0.061922
82 0.0613235
83 0.060802
84 0.0602167
85 0.0596954
86 0.0591514
87 0.0586151
88 0.0581066
89 0.0576295
90 0.05709
91 0.0566581
92 0.0561847
93 0.0557613
94 0.0552714
95 0.0548406
96 0.0544271
97 0.053982
98 0.0535673
99 0.0531385
100 0.0527311
101 0.0523528
102 0.0519712
103 0.0515265
104 0.0511452
105 0.0507675
106 0.0503609
107 0.0499951
108 0.0496401
109 0.0493397
110 0.0489324
111 0.0485991
112 0.048277
113 0.0479441
114 0.047569
115 0.0472201
116 0.0468673
117 0.0465686
118 0.0462176
119 0.0459517
120 0.0456396
121 0.0453422
122 0.0450308
123 0.0447492
124 0.0444033
125 0.0441178
126 0.0438264
127 0.0435224
128 0.0432425
129 0.0429908
130 0.0427172
131 0.0424393
132 0.0421824
133 0.0419089
134 0.0416247
135 0.0413557
136 0.041101
137 0.0408614
138 0.040594
139 0.0403662
140 0.040105
141 0.0398421
142 0.0395981
143 0.0393475
144 0.0391277
145 0.0389062
146 0.0386802
147 0.0384878
148 0.0382511
149 0.038062
150 0.0378063
151 0.0375951
152 0.0373813
153 0.0371608
154 0.0369604
155 0.0367652
156 0.0365792
157 0.0363895
158 0.0361757
159 0.0359678
160 0.035762
161 0.0355701
162 0.0353597
163 0.0352044
164 0.0350057
165 0.0348157
166 0.0346548
167 0.0344726
168 0.0342857
169 0.0340994
170 0.0339427
171 0.033765
172 0.0335688
173 0.0334042
174 0.03323
175 0.0330523
176 0.0328952
177 0.032705
178 0.0325671
179 0.0324145
180 0.0322145
181 0.0320663
182 0.0318821
183 0.0317384
184 0.0315694
185 0.0314224
186 0.0312658
187 0.0310981
188 0.0309585
189 0.0308238
190 0.0306831
191 0.0305162
192 0.0304007
193 0.0302455
194 0.0301155
195 0.0299757
196 0.0298313
197 0.0296797
198 0.0295629
199 0.0294044
200 0.0293011
201 0.0291615
202 0.0290341
203 0.0289065
204 0.0287519
205 0.0286282
206 0.0284998
207 0.0283453
208 0.0282429
209 0.028136
210 0.0280093
211 0.0278909
212 0.0277563
213 0.0276456
214 0.027532
215 0.0274034
216 0.0272864
217 0.0271589
218 0.0270474
219 0.0269486
220 0.026818
221 0.0266941
222 0.0265854
223 0.0264882
224 0.0263782
225 0.0262525
226 0.0261765
227 0.0260666
228 0.0259613
229 0.0258695
230 0.025762
231 0.0256458
232 0.0255652
233 0.0254569
234 0.0253817
235 0.0252451
236 0.0251431
237 0.0250302
238 0.0249339
239 0.0248397
240 0.0247533
241 0.0246497
242 0.0245392
243 0.0244369
244 0.0243322
245 0.0242348
246 0.0241379
247 0.0240364
248 0.0239575
249 0.0238994
250 0.0238205
251 0.0237145
252 0.0236496
253 0.023536
254 0.0234569
255 0.0233813
256 0.0233002
257 0.0231941
258 0.0230916
259 0.0229965
260 0.0229278
261 0.0228402
262 0.0227393
263 0.0226762
264 0.0225921
265 0.0225174
266 0.0224289
267 0.0223545
268 0.0222597
269 0.022194
270 0.0221195
271 0.0220422
272 0.0219582
273 0.0218668
274 0.0217776
275 0.0217084
276 0.0216414
277 0.0215608
278 0.0214874
279 0.0214154
280 0.0213413
281 0.0212691
282 0.0211954
283 0.0211358
284 0.0210726
285 0.0209961
286 0.020945
287 0.0208646
288 0.0208023
289 0.0207384
290 0.020645
291 0.0205601
292 0.0205036
293 0.0204464
294 0.0203869
295 0.0203146
296 0.020241
297 0.0201743
298 0.0201093
299 0.0200337
300 0.0199695
301 0.0199216
302 0.0198481
303 0.0197864
304 0.0197291
305 0.0196626
306 0.0196145
307 0.0195442
308 0.0194697
309 0.0194112
310 0.0193368
311 0.0192802
312 0.0192141
313 0.0191708
314 0.0191188
315 0.0190458
316 0.018988
317 0.0189339
318 0.0188734
319 0.0188131
320 0.0187403
321 0.0186781
322 0.0186258
323 0.0185582
324 0.0185047
325 0.0184606
326 0.0184028
327 0.0183485
328 0.0182902
329 0.0182281
330 0.0181799
331 0.0181269
332 0.0180845
333 0.0180173
334 0.0179736
335 0.017899
336 0.0178457
337 0.0177961
338 0.0177392
339 0.0176947
340 0.0176385
341 0.0175908
342 0.0175383
343 0.0174957
344 0.0174422
345 0.0173958
346 0.017348
347 0.0172932
348 0.0172361
349 0.017207
350 0.01714
351 0.0170922
352 0.0170599
353 0.0170043
354 0.0169494
355 0.0169037
356 0.0168695
357 0.0167921
358 0.0167636
359 0.0167029
360 0.0166583
361 0.0166211
362 0.0165649
363 0.0165238
364 0.0164799
365 0.0164361
366 0.0163918
367 0.0163462
368 0.0163172
369 0.0162743
370 0.0162219
371 0.0161726
372 0.0161228
373 0.0160718
374 0.0160341
375 0.0159901
376 0.0159542
377 0.0159135
378 0.0158601
379 0.0158314
380 0.0158019
381 0.0157477
382 0.0157018
383 0.0156655
384 0.015602
385 0.0155608
386 0.0155212
387 0.0154894
388 0.0154408
389 0.0154034
390 0.0153534
391 0.0153153
392 0.0152871
393 0.0152485
394 0.015211
395 0.0151676
396 0.0151252
397 0.0151077
398 0.015072
399 0.015025
400 0.0149862
