1 0.499689
2 0.499839
3 0.499496
4 0.525289
5 0.527068
6 0.534348
7 0.538736
8 0.542209
9 0.544392
10 0.5455
11 0.547243
12 0.54864
13 0.548197
14 0.549036
15 0.549958
16 0.551078
17 0.550305
18 0.551255
19 0.552008
20 0.551588
21 0.553425
22 0.557304
23 0.556692
24 0.556982
25 0.555991
26 0.557736
27 0.558007
28 0.558257
29 0.558671
30 0.559744
31 0.560018
32 0.562321
33 0.56367
34 0.562999
35 0.56442
36 0.564796
37 0.564527
38 0.564771
39 0.566732
40 0.566024
41 0.56761
42 0.568014
43 0.567297
44 0.568524
45 0.568395
46 0.569318
47 0.569012
48 0.56975
49 0.569623
50 0.571182
51 0.572322
52 0.571896
53 0.572644
54 0.574277
55 0.57274
56 0.574156
57 0.574217
58 0.574646
59 0.573926
60 0.575256
61 0.575584
62 0.576139
63 0.576966
64 0.576334
65 0.576574
66 0.577404
67 0.577744
68 0.576643
69 0.577773
70 0.578129
71 0.577405
72 0.57849
73 0.578766
74 0.579607
75 0.579165
76 0.578991
77 0.579369
78 0.579771
79 0.581094
80 0.579924
81 0.580192
82 0.579929
83 0.581264
84 0.580646
85 0.580441
86 0.582186
87 0.581541
88 0.581942
89 0.581958
90 0.581672
91 0.581042
92 0.582729
93 0.582685
94 0.582242
95 0.582842
96 0.583536
97 0.582712
98 0.583218
99 0.584277
100 0.58352
101 0.583888
102 0.583722
103 0.582633
104 0.584475
105 0.584449
106 0.584058
107 0.584802
108 0.585041
109 0.585585
110 0.5842
111 0.585366
112 0.584866
113 0.584998
114 0.584956
115 0.585106
116 0.585845
117 0.58555
118 0.585754
119 0.58567
120 0.586276
121 0.586466
122 0.586652
123 0.586635
124 0.586577
125 0.586276
126 0.586078
127 0.586604
128 0.58664
129 0.586701
130 0.586766
131 0.587603
132 0.587289
133 0.588413
134 0.586975
135 0.587212
136 0.588044
137 0.588344
138 0.588349
139 0.587898
140 0.587772
141 0.588282
142 0.588997
143 0.587826
144 0.587574
145 0.588249
146 0.588977
147 0.58899
148 0.587668
149 0.58886
150 0.589459
151 0.588884
152 0.588909
153 0.590379
154 0.588851
155 0.588719
156 0.589245
157 0.589524
158 0.58995
159 0.589389
160 0.590039
161 0.58975
162 0.590139
163 0.58999
164 0.589598
165 0.589524
166 0.590104
167 0.589549
168 0.589977
169 0.591143
170 0.59062
171 0.59006
172 0.590924
173 0.591082
174 0.590529
175 0.590775
176 0.590122
177 0.590484
178 0.590139
179 0.59127
180 0.590462
181 0.591511
182 0.59159
183 0.592136
184 0.591115
185 0.591801
186 0.59157
187 0.591764
188 0.590812
189 0.592046
190 0.590861
191 0.591956
192 0.5919
193 0.591965
194 0.59182
195 0.5916
196 0.591861
197 0.592735
198 0.592713
199 0.59236
200 0.592961
201 0.592799
202 0.593241
203 0.592048
204 0.593052
205 0.593235
206 0.592987
207 0.592493
208 0.592386
209 0.59343
210 0.592818
211 0.592847
212 0.592973
213 0.593369
214 0.593423
215 0.593193
216 0.593341
217 0.592853
218 0.592995
219 0.59326
220 0.592923
221 0.592601
222 0.593561
223 0.59343
224 0.593314
225 0.593905
226 0.593568
227 0.593983
228 0.594985
229 0.593713
230 0.594302
231 0.593769
232 0.593541
233 0.59447
234 0.593999
235 0.593892
236 0.594533
237 0.594911
238 0.594472
239 0.594255
240 0.594114
241 0.594188
242 0.594727
243 0.594211
244 0.594075
245 0.594356
246 0.594381
247 0.594582
248 0.595235
249 0.59582
250 0.594254
251 0.594557
252 0.594894
253 0.59473
254 0.594944
255 0.595745
256 0.595574
257 0.595098
258 0.594457
259 0.595199
260 0.594522
261 0.596067
262 0.594173
263 0.596227
264 0.595551
265 0.594811
266 0.595536
267 0.595971
268 0.595536
269 0.595971
270 0.596123
271 0.595497
272 0.595542
273 0.594755
274 0.595063
275 0.595975
276 0.595333
277 0.595924
278 0.596246
279 0.595637
280 0.59561
281 0.595884
282 0.596224
283 0.597183
284 0.59651
285 0.595315
286 0.596392
287 0.595828
288 0.59621
289 0.596441
290 0.595559
291 0.595543
292 0.596665
293 0.597212
294 0.596757
295 0.596774
296 0.59642
297 0.596473
298 0.597348
299 0.596214
300 0.596526
301 0.596792
302 0.597156
303 0.596867
304 0.59652
305 0.596479
306 0.59655
307 0.59667
308 0.596388
309 0.597162
310 0.597319
311 0.59683
312 0.597024
313 0.596971
314 0.596383
315 0.597572
316 0.597413
317 0.597881
318 0.596539
319 0.597103
320 0.597079
321 0.597226
322 0.597784
323 0.597555
324 0.597108
325 0.597296
326 0.597897
327 0.596807
328 0.597527
329 0.597997
330 0.597495
331 0.597582
332 0.597595
333 0.598111
334 0.597278
335 0.597244
336 0.598401
337 0.597069
338 0.5987
339 0.597843
340 0.597554
341 0.597719
342 0.597831
343 0.597799
344 0.59758
345 0.597986
346 0.598029
347 0.597493
348 0.597927
349 0.59816
350 0.597494
351 0.598112
352 0.59791
353 0.597931
354 0.597536
355 0.598486
356 0.597725
357 0.598099
358 0.597956
359 0.597659
360 0.598068
361 0.599503
362 0.598816
363 0.598037
364 0.598687
365 0.597895
366 0.597702
367 0.598967
368 0.598479
369 0.598062
370 0.599601
371 0.598588
372 0.599325
373 0.598483
374 0.597588
375 0.599472
376 0.598992
377 0.598784
378 0.598765
379 0.598267
380 0.598394
381 0.59933
382 0.599299
383 0.599425
384 0.59834
385 0.598767
386 0.599988
387 0.599003
388 0.598239
389 0.598182
390 0.599569
391 0.598376
392 0.599354
393 0.599215
394 0.599107
395 0.598453
396 0.598338
397 0.598618
398 0.598903
399 0.599374
400 0.599057
