1 0.250242
6 0.137288
11 0.104162
16 0.0862785
21 0.0746562
26 0.0664239
31 0.0602925
36 0.0552895
41 0.0512984
46 0.0479509
51 0.0451724
56 0.0426337
61 0.0405932
66 0.0386487
71 0.0370369
76 0.0354631
81 0.0341659
86 0.0328792
91 0.0317264
96 0.0307893
101 0.0297393
106 0.0289167
111 0.0279827
116 0.0272805
121 0.0265209
126 0.0259266
131 0.0251432
136 0.0246628
141 0.0240538
146 0.0235142
151 0.0230614
156 0.0225857
161 0.0221509
166 0.02168
171 0.0212109
176 0.0208355
181 0.0204373
186 0.0201579
191 0.019747
196 0.0194231
200 0.0191599
