1 0.498941
2 0.499485
3 0.499536
4 0.49973
5 0.499722
6 0.499876
7 0.500077
8 0.500042
9 0.499975
10 0.500051
11 0.499997
12 0.499986
13 0.500008
14 0.500034
15 0.500044
16 0.510465
17 0.519689
18 0.527886
19 0.535187
20 0.541802
21 0.547773
22 0.553224
23 0.55813
24 0.562669
25 0.566802
26 0.570676
27 0.574185
28 0.577574
29 0.580634
30 0.583515
31 0.586301
32 0.588833
33 0.591267
34 0.59341
35 0.595645
36 0.59771
37 0.599678
38 0.601516
39 0.603282
40 0.605081
41 0.606785
42 0.608527
43 0.610083
44 0.611677
45 0.61319
46 0.614845
47 0.61638
48 0.617988
49 0.619557
50 0.62107
51 0.62254
52 0.624399
53 0.626106
54 0.627929
55 0.629716
56 0.631473
57 0.63305
58 0.635175
59 0.637147
60 0.63921
61 0.641257
62 0.643273
63 0.645177
64 0.647374
65 0.649556
66 0.651833
67 0.653964
68 0.656089
69 0.658179
70 0.660419
71 0.662673
72 0.664865
73 0.667245
74 0.669193
75 0.671278
76 0.673405
77 0.675475
78 0.677564
79 0.679547
80 0.681528
81 0.683459
82 0.685304
83 0.687203
84 0.68903
85 0.69069
86 0.692459
87 0.694181
88 0.695798
89 0.697335
90 0.698916
91 0.700365
92 0.701829
93 0.703226
94 0.704599
95 0.705928
96 0.707215
97 0.708452
98 0.70966
99 0.710867
100 0.711991
101 0.713073
102 0.714087
103 0.715299
104 0.71617
105 0.717108
106 0.7181
107 0.71903
108 0.719916
109 0.720797
110 0.721649
111 0.722456
112 0.723253
113 0.724029
114 0.724754
115 0.72549
116 0.726154
117 0.726785
118 0.727481
119 0.728095
120 0.728674
121 0.729237
122 0.729726
123 0.730213
124 0.73069
125 0.7311
126 0.731433
127 0.731706
128 0.732041
129 0.732286
130 0.732413
131 0.732532
132 0.732711
133 0.732817
134 0.732892
135 0.732996
136 0.733064
137 0.733117
138 0.733149
139 0.733146
140 0.73318
141 0.733114
142 0.733071
143 0.733009
144 0.732942
145 0.732859
146 0.732755
147 0.732624
148 0.732487
149 0.732302
150 0.732128
151 0.731911
152 0.731722
153 0.731512
154 0.731279
155 0.730998
156 0.73073
157 0.730418
158 0.730119
159 0.72977
160 0.729437
161 0.729084
162 0.728722
163 0.728318
164 0.727909
165 0.727506
166 0.727094
167 0.726652
168 0.726237
169 0.725762
170 0.725357
171 0.724632
172 0.724464
173 0.723868
174 0.723393
175 0.722881
176 0.72237
177 0.721861
178 0.721339
179 0.720801
180 0.720319
181 0.719796
182 0.719292
183 0.718784
184 0.71828
185 0.717776
186 0.717288
187 0.716778
188 0.716281
189 0.715796
190 0.715325
191 0.714841
192 0.714371
193 0.713904
194 0.713475
195 0.712991
196 0.712604
197 0.712075
198 0.711646
199 0.711182
200 0.710731
201 0.710297
202 0.709864
203 0.709439
204 0.709041
205 0.70867
206 0.70828
207 0.707901
208 0.707559
209 0.70724
210 0.706924
211 0.706603
212 0.706315
213 0.706055
214 0.705791
215 0.705556
216 0.705353
217 0.705161
218 0.705008
219 0.704828
220 0.70469
221 0.704592
222 0.704499
223 0.704444
224 0.704397
225 0.704379
226 0.704367
227 0.704407
228 0.704472
229 0.70451
230 0.704605
231 0.704721
232 0.704866
233 0.705025
234 0.705193
235 0.705369
236 0.705591
237 0.705826
238 0.706084
239 0.706322
240 0.70664
241 0.706985
242 0.70726
243 0.707609
244 0.707947
245 0.708309
246 0.708671
247 0.709075
248 0.709473
249 0.709906
250 0.710334
251 0.710759
252 0.711272
253 0.711654
254 0.712267
255 0.712537
256 0.713178
257 0.713812
258 0.714134
259 0.714779
260 0.715208
261 0.715793
262 0.716308
263 0.716864
264 0.717403
265 0.717956
266 0.718502
267 0.719077
268 0.719628
269 0.720182
270 0.720746
271 0.721323
272 0.721865
273 0.722385
274 0.722996
275 0.723577
276 0.72412
277 0.724684
278 0.72526
279 0.725828
280 0.72638
281 0.726938
282 0.727503
283 0.728072
284 0.728623
285 0.729155
286 0.729726
287 0.730266
288 0.730823
289 0.731364
290 0.731915
291 0.732458
292 0.733002
293 0.733483
294 0.73408
295 0.734609
296 0.735135
297 0.735656
298 0.736187
299 0.736715
300 0.737231
301 0.737752
302 0.738262
303 0.738782
304 0.739286
305 0.739774
306 0.740308
307 0.740874
308 0.741295
309 0.741782
310 0.742272
311 0.742764
312 0.743248
313 0.743735
314 0.744214
315 0.744649
316 0.745167
317 0.745625
318 0.746119
319 0.746569
320 0.747049
321 0.747524
322 0.747978
323 0.748434
324 0.748881
325 0.749338
326 0.749772
327 0.750232
328 0.750668
329 0.751135
330 0.751557
331 0.752011
332 0.752444
333 0.752868
334 0.75329
335 0.753721
336 0.754149
337 0.754566
338 0.754988
339 0.755404
340 0.755864
341 0.756185
342 0.756624
343 0.757075
344 0.757445
345 0.75787
346 0.758256
347 0.758655
348 0.759054
349 0.759458
350 0.759853
351 0.76025
352 0.760631
353 0.761024
354 0.761413
355 0.761794
356 0.762183
357 0.762547
358 0.762912
359 0.763286
360 0.763671
361 0.764041
362 0.764426
363 0.764779
364 0.765167
365 0.765529
366 0.765853
367 0.766254
368 0.766598
369 0.766953
370 0.767324
371 0.76766
372 0.768045
373 0.768374
374 0.768713
375 0.769078
376 0.769414
377 0.769767
378 0.770095
379 0.770436
380 0.770785
381 0.771107
382 0.771429
383 0.771738
384 0.77211
385 0.772474
386 0.772766
387 0.773083
388 0.773419
389 0.773726
390 0.774055
391 0.77438
392 0.7747
393 0.775027
394 0.775328
395 0.775633
396 0.77595
397 0.776272
398 0.776598
399 0.776872
400 0.777191
