1 0.06646
2 0.0666135
3 0.0665228
4 0.0666365
5 0.066599
6 0.0666069
7 0.066652
8 0.0666784
9 0.0666313
10 0.066678
11 0.0666533
12 0.0666459
13 0.0666367
14 0.066674
15 0.0666557
16 0.0708183
17 0.0745084
18 0.0777893
19 0.080727
20 0.083364
21 0.0857077
22 0.087854
23 0.089836
24 0.0916838
25 0.0933457
26 0.0949088
27 0.0963232
28 0.0976502
29 0.0989142
30 0.100159
31 0.101247
32 0.102314
33 0.103311
34 0.104256
35 0.105225
36 0.106132
37 0.107016
38 0.107898
39 0.108712
40 0.109621
41 0.110569
42 0.111533
43 0.112478
44 0.113462
45 0.114415
46 0.11554
47 0.116721
48 0.117965
49 0.119259
50 0.120534
51 0.121813
52 0.123438
53 0.125106
54 0.126862
55 0.128683
56 0.130516
57 0.132371
58 0.134404
59 0.136635
60 0.138899
61 0.141183
62 0.143388
63 0.145711
64 0.148152
65 0.15075
66 0.153265
67 0.1559
68 0.158412
69 0.160895
70 0.163484
71 0.166125
72 0.168748
73 0.171381
74 0.173913
75 0.176351
76 0.178896
77 0.181407
78 0.183907
79 0.186318
80 0.188674
81 0.19096
82 0.193253
83 0.195508
84 0.197734
85 0.19989
86 0.201995
87 0.203951
88 0.205921
89 0.207818
90 0.209735
91 0.211575
92 0.213301
93 0.215002
94 0.216782
95 0.218489
96 0.22014
97 0.221755
98 0.223374
99 0.224935
100 0.226474
101 0.227989
102 0.229474
103 0.230913
104 0.232352
105 0.233806
106 0.235174
107 0.236553
108 0.237868
109 0.239184
110 0.24049
111 0.241754
112 0.242986
113 0.244188
114 0.245396
115 0.246561
116 0.247693
117 0.248813
118 0.249856
119 0.250889
120 0.251887
121 0.252834
122 0.253766
123 0.254658
124 0.255512
125 0.256307
126 0.257069
127 0.257778
128 0.25841
129 0.258982
130 0.259507
131 0.260033
132 0.260515
133 0.260972
134 0.261402
135 0.261827
136 0.262236
137 0.262611
138 0.262957
139 0.263281
140 0.263569
141 0.26383
142 0.264065
143 0.26428
144 0.264452
145 0.264607
146 0.264763
147 0.264897
148 0.264997
149 0.265075
150 0.265128
151 0.265164
152 0.265176
153 0.265168
154 0.265139
155 0.265095
156 0.265031
157 0.264942
158 0.264816
159 0.264684
160 0.264536
161 0.264363
162 0.264181
163 0.263983
164 0.263762
165 0.263529
166 0.263277
167 0.263025
168 0.262762
169 0.262486
170 0.262211
171 0.261924
172 0.261617
173 0.261307
174 0.26098
175 0.26066
176 0.260319
177 0.259977
178 0.259637
179 0.259308
180 0.25898
181 0.25865
182 0.258329
183 0.258018
184 0.257715
185 0.257414
186 0.257131
187 0.256848
188 0.256575
189 0.256309
190 0.256055
191 0.255818
192 0.25558
193 0.255369
194 0.255167
195 0.255012
196 0.254819
197 0.254672
198 0.254535
199 0.254412
200 0.254315
201 0.254235
202 0.254175
203 0.254134
204 0.254113
205 0.254163
206 0.254127
207 0.25417
208 0.254231
209 0.254317
210 0.254419
211 0.254536
212 0.25468
213 0.254846
214 0.255028
215 0.255237
216 0.255475
217 0.255743
218 0.256022
219 0.256329
220 0.256663
221 0.257016
222 0.257397
223 0.257802
224 0.258227
225 0.258671
226 0.25914
227 0.259626
228 0.260135
229 0.260665
230 0.26121
231 0.261773
232 0.262356
233 0.262952
234 0.263564
235 0.264194
236 0.26484
237 0.265497
238 0.266166
239 0.266849
240 0.267544
241 0.268226
242 0.268966
243 0.269694
244 0.270425
245 0.271173
246 0.271931
247 0.272691
248 0.273469
249 0.274251
250 0.275046
251 0.27584
252 0.276642
253 0.277457
254 0.278269
255 0.279099
256 0.279915
257 0.280741
258 0.281576
259 0.282414
260 0.283251
261 0.284088
262 0.284935
263 0.285783
264 0.286626
265 0.287475
266 0.288325
267 0.289174
268 0.29003
269 0.290882
270 0.291735
271 0.292591
272 0.293441
273 0.294315
274 0.295141
275 0.29599
276 0.296842
277 0.297692
278 0.298542
279 0.299392
280 0.300232
281 0.301073
282 0.301912
283 0.302749
284 0.303584
285 0.304417
286 0.305245
287 0.306072
288 0.306895
289 0.307713
290 0.308533
291 0.309349
292 0.310159
293 0.310968
294 0.311777
295 0.312588
296 0.313391
297 0.314192
298 0.314991
299 0.315788
300 0.316578
301 0.317369
302 0.31815
303 0.318933
304 0.319712
305 0.320485
306 0.321255
307 0.322025
308 0.322788
309 0.323552
310 0.324311
311 0.32507
312 0.325821
313 0.326576
314 0.327327
315 0.328094
316 0.328815
317 0.329558
318 0.330297
319 0.331031
320 0.331766
321 0.332495
322 0.333221
323 0.333943
324 0.334665
325 0.335386
326 0.336101
327 0.336813
328 0.337522
329 0.338226
330 0.33893
331 0.339623
332 0.340322
333 0.341017
334 0.341703
335 0.342389
336 0.343069
337 0.343747
338 0.344423
339 0.345092
340 0.345758
341 0.34635
342 0.347068
343 0.347742
344 0.348397
345 0.349047
346 0.349693
347 0.350339
348 0.350983
349 0.351625
350 0.352264
351 0.352902
352 0.353541
353 0.354174
354 0.354809
355 0.355438
356 0.356066
357 0.356691
358 0.357315
359 0.357935
360 0.358555
361 0.359172
362 0.359784
363 0.360392
364 0.361002
365 0.361608
366 0.362216
367 0.36282
368 0.36342
369 0.364024
370 0.36462
371 0.365212
372 0.365811
373 0.366403
374 0.366993
375 0.367581
376 0.368167
377 0.36875
378 0.369331
379 0.36991
380 0.370486
381 0.371066
382 0.371628
383 0.372197
384 0.37276
385 0.373324
386 0.373882
387 0.374442
388 0.374998
389 0.375554
390 0.376102
391 0.376659
392 0.377204
393 0.377752
394 0.378295
395 0.378843
396 0.379384
397 0.379923
398 0.38046
399 0.380996
400 0.381529
