1 0.437837
2 0.4375
3 0.437474
4 0.437448
5 0.437477
6 0.437432
7 0.437292
8 0.43736
9 0.43745
10 0.437409
11 0.437442
12 0.437409
13 0.437427
14 0.437414
15 0.437386
16 0.426998
17 0.417818
18 0.409633
19 0.402308
20 0.395719
21 0.389763
22 0.384349
23 0.379408
24 0.374885
25 0.370724
26 0.36688
27 0.363322
28 0.360001
29 0.356905
30 0.354011
31 0.351296
32 0.348748
33 0.346345
34 0.344076
35 0.341919
36 0.33987
37 0.337919
38 0.336053
39 0.334266
40 0.332486
41 0.330759
42 0.329082
43 0.32745
44 0.32587
45 0.324335
46 0.322726
47 0.321121
48 0.319522
49 0.317938
50 0.316375
51 0.314831
52 0.313101
53 0.311339
54 0.309563
55 0.307788
56 0.306026
57 0.304284
58 0.302319
59 0.300309
60 0.298283
61 0.296259
62 0.294265
63 0.292293
64 0.290125
65 0.28792
66 0.285713
67 0.283529
68 0.281396
69 0.279294
70 0.277063
71 0.274823
72 0.2726
73 0.270414
74 0.268289
75 0.26621
76 0.264081
77 0.261975
78 0.259908
79 0.257889
80 0.255938
81 0.254033
82 0.252136
83 0.250268
84 0.248445
85 0.246674
86 0.244959
87 0.243308
88 0.24168
89 0.240091
90 0.238556
91 0.237066
92 0.235624
93 0.234217
94 0.232852
95 0.231524
96 0.230242
97 0.228997
98 0.227785
99 0.226605
100 0.225469
101 0.224376
102 0.223316
103 0.222284
104 0.221277
105 0.220294
106 0.219341
107 0.218418
108 0.217524
109 0.216648
110 0.215795
111 0.214971
112 0.214177
113 0.213413
114 0.212672
115 0.211958
116 0.211267
117 0.210603
118 0.209964
119 0.209351
120 0.208772
121 0.20822
122 0.207704
123 0.207214
124 0.206761
125 0.206352
126 0.205981
127 0.205656
128 0.205386
129 0.205197
130 0.205026
131 0.204872
132 0.204736
133 0.204621
134 0.204518
135 0.20443
136 0.204361
137 0.204309
138 0.204273
139 0.204259
140 0.204262
141 0.204283
142 0.204323
143 0.204385
144 0.204466
145 0.204561
146 0.204669
147 0.204792
148 0.204934
149 0.205095
150 0.205277
151 0.205475
152 0.205684
153 0.20591
154 0.206158
155 0.20642
156 0.206692
157 0.206987
158 0.207303
159 0.207628
160 0.207965
161 0.208317
162 0.208688
163 0.209075
164 0.209478
165 0.209889
166 0.210313
167 0.21074
168 0.211178
169 0.211623
170 0.21208
171 0.212539
172 0.213019
173 0.2135
174 0.214006
175 0.214505
176 0.215022
177 0.21554
178 0.216061
179 0.216577
180 0.217087
181 0.217603
182 0.218107
183 0.218617
184 0.219118
185 0.219625
186 0.220122
187 0.220615
188 0.221109
189 0.221593
190 0.222071
191 0.222547
192 0.223017
193 0.223473
194 0.223921
195 0.224358
196 0.224784
197 0.225269
198 0.225746
199 0.226211
200 0.226665
201 0.227108
202 0.227536
203 0.227953
204 0.228355
205 0.228745
206 0.229122
207 0.229481
208 0.229838
209 0.230168
210 0.230482
211 0.230794
212 0.231083
213 0.231351
214 0.231605
215 0.231836
216 0.232041
217 0.232228
218 0.232395
219 0.232551
220 0.232681
221 0.232798
222 0.232887
223 0.232949
224 0.232991
225 0.233014
226 0.233014
227 0.232989
228 0.23294
229 0.232871
230 0.232779
231 0.232664
232 0.232529
233 0.232379
234 0.232207
235 0.232012
236 0.231796
237 0.231564
238 0.231314
239 0.231043
240 0.230759
241 0.230454
242 0.230137
243 0.229806
244 0.22946
245 0.229099
246 0.22872
247 0.228326
248 0.227918
249 0.227495
250 0.227059
251 0.22661
252 0.226152
253 0.225682
254 0.225202
255 0.224712
256 0.224213
257 0.223706
258 0.223192
259 0.22267
260 0.222144
261 0.221612
262 0.221075
263 0.220533
264 0.219988
265 0.219438
266 0.218885
267 0.218331
268 0.217772
269 0.217212
270 0.216652
271 0.21609
272 0.215527
273 0.214963
274 0.214398
275 0.213832
276 0.213267
277 0.212702
278 0.212136
279 0.211573
280 0.211012
281 0.210451
282 0.209891
283 0.209333
284 0.208777
285 0.208222
286 0.20767
287 0.207119
288 0.20657
289 0.206024
290 0.205479
291 0.204936
292 0.204396
293 0.203858
294 0.203322
295 0.202788
296 0.202258
297 0.20173
298 0.201204
299 0.200681
300 0.200162
301 0.199645
302 0.199132
303 0.198621
304 0.198113
305 0.197607
306 0.197105
307 0.196605
308 0.196108
309 0.195613
310 0.195121
311 0.194631
312 0.194144
313 0.19366
314 0.193178
315 0.192699
316 0.192223
317 0.191749
318 0.191278
319 0.19081
320 0.190344
321 0.189881
322 0.18942
323 0.188963
324 0.188509
325 0.188056
326 0.187607
327 0.18716
328 0.186715
329 0.186273
330 0.185834
331 0.185396
332 0.184962
333 0.18453
334 0.1841
335 0.183673
336 0.183248
337 0.182826
338 0.182406
339 0.181988
340 0.181574
341 0.181161
342 0.180751
343 0.180344
344 0.179939
345 0.179536
346 0.179136
347 0.178737
348 0.17834
349 0.177945
350 0.177552
351 0.177161
352 0.176771
353 0.176383
354 0.175998
355 0.175615
356 0.175233
357 0.174853
358 0.174475
359 0.1741
360 0.173726
361 0.173353
362 0.172983
363 0.172615
364 0.172248
365 0.171884
366 0.17152
367 0.171159
368 0.170799
369 0.170442
370 0.170086
371 0.169731
372 0.169379
373 0.169029
374 0.16868
375 0.168333
376 0.167988
377 0.167644
378 0.167303
379 0.166963
380 0.166624
381 0.166289
382 0.165954
383 0.165621
384 0.165291
385 0.164961
386 0.164634
387 0.164307
388 0.163982
389 0.16366
390 0.163338
391 0.163018
392 0.1627
393 0.162383
394 0.162068
395 0.161754
396 0.161442
397 0.161131
398 0.160822
399 0.160514
400 0.160208
