1 0.5
2 0.354008
3 0.289039
4 0.270397
5 0.251799
6 0.235861
7 0.229702
8 0.222514
9 0.215301
10 0.212271
11 0.208408
12 0.20429
13 0.20249
14 0.20011
15 0.197411
16 0.196187
17 0.19456
18 0.192627
19 0.191757
20 0.190574
21 0.189169
22 0.188555
23 0.18764
24 0.18655
25 0.186004
26 0.185485
27 0.185082
28 0.184193
29 0.183324
30 0.182451
31 0.182008
32 0.181515
33 0.181065
34 0.180879
35 0.180668
36 0.180503
37 0.180466
38 0.1804
39 0.180364
40 0.180425
41 0.18046
42 0.180512
43 0.180618
44 0.180719
45 0.180814
46 0.180966
47 0.181105
48 0.181227
49 0.181398
50 0.181537
51 0.181679
52 0.181827
53 0.181971
54 0.182121
55 0.182254
56 0.1824
57 0.182547
58 0.182687
59 0.182834
60 0.182975
61 0.183128
62 0.183256
63 0.183384
64 0.183531
65 0.183668
66 0.183803
67 0.183944
68 0.184081
69 0.184214
70 0.184343
71 0.184475
72 0.184607
73 0.184735
74 0.184866
75 0.184992
76 0.18511
77 0.185244
78 0.185369
79 0.185492
80 0.185612
81 0.185722
82 0.185848
83 0.18596
84 0.186076
85 0.186193
86 0.186309
87 0.186427
88 0.186552
89 0.186664
90 0.186766
91 0.186869
92 0.186975
93 0.187074
94 0.187175
95 0.187282
96 0.187378
97 0.187474
98 0.187575
99 0.187669
100 0.187764
101 0.18785
102 0.187938
103 0.188023
104 0.188104
105 0.188185
106 0.188259
107 0.188333
108 0.188407
109 0.188476
110 0.188548
111 0.188622
112 0.188694
113 0.188767
114 0.188831
115 0.188896
116 0.18896
117 0.189028
118 0.18909
119 0.189152
120 0.18921
121 0.18927
122 0.189337
123 0.1894
124 0.189464
125 0.189531
126 0.189591
127 0.189653
128 0.189713
129 0.189772
130 0.18983
131 0.189889
132 0.189948
133 0.190008
134 0.190068
135 0.190126
136 0.190181
137 0.19024
138 0.19029
139 0.190344
140 0.190395
141 0.190447
142 0.190495
143 0.19055
144 0.190602
145 0.190648
146 0.190696
147 0.190748
148 0.190796
149 0.19084
150 0.190887
151 0.190931
152 0.190974
153 0.191018
154 0.19106
155 0.1911
156 0.191144
157 0.191186
158 0.191223
159 0.191261
160 0.191299
161 0.191339
162 0.191374
163 0.191414
164 0.191448
165 0.191486
166 0.191522
167 0.191555
168 0.191588
169 0.191624
170 0.191658
171 0.191691
172 0.191724
173 0.191753
174 0.191786
175 0.191813
176 0.191843
177 0.191874
178 0.191908
179 0.191938
180 0.191965
181 0.191992
182 0.192014
183 0.192042
184 0.192063
185 0.192087
186 0.192111
187 0.192134
188 0.192157
189 0.192185
190 0.192212
191 0.192233
192 0.192256
193 0.192279
194 0.192302
195 0.192323
196 0.192343
197 0.192363
198 0.192384
199 0.192405
200 0.192425
201 0.192449
202 0.19247
203 0.192492
204 0.192512
205 0.19253
206 0.192554
207 0.192572
208 0.192588
209 0.192608
210 0.192627
211 0.192645
212 0.192667
213 0.192687
214 0.192705
215 0.192723
216 0.192741
217 0.192756
218 0.192772
219 0.192787
220 0.192802
221 0.192819
222 0.192832
223 0.192846
224 0.192861
225 0.192876
226 0.192892
227 0.192904
228 0.192917
229 0.192931
230 0.192946
231 0.19296
232 0.192971
233 0.192985
234 0.193
235 0.193014
236 0.193029
237 0.193038
238 0.19305
239 0.193061
240 0.193074
241 0.193085
242 0.193096
243 0.193108
244 0.19312
245 0.193132
246 0.193141
247 0.193153
248 0.193162
249 0.193175
250 0.193183
251 0.193193
252 0.193203
253 0.193215
254 0.193226
255 0.193235
256 0.193244
257 0.193255
258 0.193265
259 0.193276
260 0.193284
261 0.193292
262 0.193303
263 0.19331
264 0.193317
265 0.193326
266 0.193333
267 0.193343
268 0.193351
269 0.19336
270 0.193369
271 0.193377
272 0.193386
273 0.193393
274 0.1934
275 0.193407
276 0.193416
277 0.193423
278 0.193434
279 0.19344
280 0.193448
281 0.193456
282 0.193464
283 0.193469
284 0.193475
285 0.193483
286 0.193493
287 0.193499
288 0.193503
289 0.193512
290 0.193518
291 0.193524
292 0.193529
293 0.193535
294 0.193542
295 0.193549
296 0.193556
297 0.193562
298 0.193567
299 0.193572
300 0.193577
301 0.193583
302 0.193589
303 0.193595
304 0.1936
305 0.193605
306 0.19361
307 0.193616
308 0.193621
309 0.193627
310 0.193634
311 0.193641
312 0.193647
313 0.193653
314 0.19366
315 0.193667
316 0.193674
317 0.193679
318 0.193686
319 0.193693
320 0.193699
321 0.193703
322 0.19371
323 0.193717
324 0.193722
325 0.193728
326 0.193732
327 0.193736
328 0.193741
329 0.193746
330 0.19375
331 0.193755
332 0.193759
333 0.193763
334 0.193769
335 0.193774
336 0.193778
337 0.193783
338 0.193787
339 0.19379
340 0.193797
341 0.193802
342 0.193805
343 0.19381
344 0.193817
345 0.193822
346 0.193825
347 0.193831
348 0.193836
349 0.193839
350 0.193845
351 0.193849
352 0.193854
353 0.193855
354 0.193858
355 0.193864
356 0.19387
357 0.193875
358 0.193879
359 0.193882
360 0.193889
361 0.193893
362 0.193897
363 0.193902
364 0.193909
365 0.193913
366 0.193918
367 0.193921
368 0.193925
369 0.193932
370 0.193935
371 0.19394
372 0.193944
373 0.193949
374 0.193952
375 0.19396
376 0.193964
377 0.193965
378 0.193969
379 0.193973
380 0.193977
381 0.193982
382 0.193985
383 0.193989
384 0.193992
385 0.193995
386 0.194
387 0.194002
388 0.194006
389 0.194008
390 0.194012
391 0.194016
392 0.194021
393 0.194026
394 0.19403
395 0.194035
396 0.194039
397 0.194043
398 0.194046
399 0.194049
400 0.194052
