1 0.166478
2 0.166478
3 0.166478
4 0.166478
5 0.166478
6 0.166478
7 0.166478
8 0.166478
9 0.166478
10 0.166478
11 0.166478
12 0.159547
13 0.153705
14 0.14748
15 0.142087
16 0.136919
17 0.132377
18 0.128162
19 0.124903
20 0.121728
21 0.118426
22 0.115608
23 0.11258
24 0.110228
25 0.108161
26 0.105689
27 0.103181
28 0.100855
29 0.0982047
30 0.09566
31 0.0936051
32 0.0912582
33 0.08905
34 0.0873917
35 0.0856123
36 0.084264
37 0.0825219
38 0.0806878
39 0.0790929
40 0.0775389
41 0.0763913
42 0.0749296
43 0.073495
44 0.0720622
45 0.0709567
46 0.0696578
47 0.0685056
48 0.0672525
49 0.06684
50 0.0656848
51 0.0646872
52 0.0636843
53 0.0626761
54 0.0617612
55 0.0608024
56 0.0598845
57 0.0593611
58 0.0584485
59 0.0577613
60 0.0569732
61 0.0561774
62 0.0554502
63 0.0547286
64 0.0540766
65 0.053412
66 0.0528018
67 0.0523301
68 0.0516985
69 0.0510611
70 0.0506091
71 0.0499914
72 0.0493717
73 0.0488192
74 0.0482388
75 0.0477484
76 0.0472165
77 0.046742
78 0.0462194
79 0.045742
80 0.0452797
81 0.0448484
82 0.0444541
83 0.0440314
84 0.0435612
85 0.0431766
86 0.0427415
87 0.0423311
88 0.0418989
89 0.0415178
90 0.041307
91 0.0409732
92 0.0405921
93 0.0402217
94 0.0398486
95 0.0394828
96 0.039124
97 0.0388476
98 0.0385364
99 0.038208
100 0.0378858
101 0.0375909
102 0.0372852
103 0.0369637
104 0.0366813
105 0.0363541
106 0.0361267
107 0.0358114
108 0.0355465
109 0.0352506
110 0.0350005
111 0.0347408
112 0.0344714
113 0.0342946
114 0.0340419
115 0.0338027
116 0.0335612
117 0.0332929
118 0.0331661
119 0.032921
120 0.0327162
121 0.0324665
122 0.0322827
123 0.0320725
124 0.031856
125 0.0317476
126 0.031523
127 0.0313188
128 0.031113
129 0.0308893
130 0.0307357
131 0.0304882
132 0.0303591
133 0.0301334
134 0.0299491
135 0.0297809
136 0.0295967
137 0.0294155
138 0.0292545
139 0.0290515
140 0.028898
141 0.0286665
142 0.0285519
143 0.0283665
144 0.0282377
145 0.028034
146 0.0278835
147 0.0277085
148 0.0275641
149 0.0274032
150 0.027255
151 0.0271283
152 0.0269696
153 0.0269229
154 0.0267498
155 0.0266217
156 0.0265004
157 0.0263495
158 0.0261906
159 0.0260447
160 0.0259282
161 0.0257608
162 0.0256382
163 0.0255446
164 0.0253877
165 0.0252375
166 0.0251167
167 0.0249802
168 0.0248755
169 0.0247621
170 0.0246259
171 0.0245186
172 0.0244099
173 0.0242965
174 0.0241708
175 0.0240495
176 0.0239567
177 0.0238317
178 0.0237292
179 0.0236078
180 0.0234884
181 0.0233787
182 0.023281
183 0.0231888
184 0.0230787
185 0.0229778
186 0.0229078
187 0.0227621
188 0.022653
189 0.0225903
190 0.0224614
191 0.0223525
192 0.0222814
193 0.0221888
194 0.0220758
195 0.0220432
196 0.0219345
197 0.021839
198 0.0217567
199 0.021678
200 0.0216012
201 0.0214971
202 0.0214129
203 0.0213118
204 0.0212299
205 0.0211301
206 0.0210548
207 0.0209759
208 0.0208543
209 0.0208162
210 0.0207212
211 0.0206241
212 0.020565
213 0.0204743
214 0.0203845
215 0.0203228
216 0.0202124
217 0.0201574
218 0.0200787
219 0.020004
220 0.0199262
221 0.0198502
222 0.0197781
223 0.019681
224 0.0196424
225 0.019564
226 0.0195073
227 0.0194138
228 0.0193706
229 0.0192917
230 0.0192012
231 0.0191517
232 0.019047
233 0.0190114
234 0.0189373
235 0.0188735
236 0.0188028
237 0.0187521
238 0.0186663
239 0.0186015
240 0.0185314
241 0.0184779
242 0.0183964
243 0.0183291
244 0.018327
245 0.0182402
246 0.0181808
247 0.0181698
248 0.0181129
249 0.0180632
250 0.017997
251 0.0179059
252 0.0178834
253 0.0178123
254 0.0177644
255 0.0176803
256 0.0176294
257 0.0175861
258 0.0175202
259 0.0174467
260 0.017434
261 0.0173476
262 0.0172967
263 0.017246
264 0.0171807
265 0.0171291
266 0.0170914
267 0.0170305
268 0.0169689
269 0.0169351
270 0.0168896
271 0.0168183
272 0.0167556
273 0.0167205
274 0.0166478
275 0.0166171
276 0.0165595
277 0.0165151
278 0.0164422
279 0.0164245
280 0.0163957
281 0.0163232
282 0.0162614
283 0.0162006
284 0.016181
285 0.0161247
286 0.0160858
287 0.0160382
288 0.0160104
289 0.0159343
290 0.0159107
291 0.0158524
292 0.0157945
293 0.0157765
294 0.015714
295 0.0156868
296 0.0155965
297 0.0155776
298 0.0155438
299 0.0154902
300 0.0154657
301 0.0154277
302 0.0153968
303 0.0153544
304 0.0153105
305 0.0152665
306 0.0152382
307 0.015173
308 0.0151207
309 0.0150992
310 0.0150557
311 0.0150165
312 0.0149809
313 0.0149484
314 0.0149068
315 0.0148512
316 0.0148233
317 0.0147592
318 0.0147401
319 0.014699
320 0.0146747
321 0.0146381
322 0.0145986
323 0.0145433
324 0.0144947
325 0.0144776
326 0.0144432
327 0.0144077
328 0.0143807
329 0.0143339
330 0.0142816
331 0.0142737
332 0.014231
333 0.0141896
334 0.0141496
335 0.0141342
336 0.0140639
337 0.0140513
338 0.0140064
339 0.0139899
340 0.0139707
341 0.0139206
342 0.0138848
343 0.0138606
344 0.0138029
345 0.013781
346 0.0137535
347 0.0137123
348 0.0136787
349 0.0136209
350 0.0136191
351 0.0136062
352 0.0135725
353 0.0135341
354 0.0134898
355 0.0134504
356 0.0134375
357 0.0133885
358 0.0133653
359 0.0133401
360 0.0133221
361 0.0132895
362 0.0132466
363 0.0131983
364 0.0131847
365 0.0131469
366 0.0131065
367 0.0130922
368 0.0130773
369 0.0130397
370 0.0130057
371 0.0129928
372 0.0129578
373 0.0129287
374 0.0128959
375 0.0128702
376 0.0128388
377 0.0127961
378 0.0127939
379 0.0127572
380 0.0127382
381 0.0127057
382 0.012689
383 0.0126582
384 0.0126257
385 0.0126053
386 0.0125927
387 0.0125545
388 0.012506
389 0.0124894
390 0.012452
391 0.0124315
392 0.0124094
393 0.0123964
394 0.0123727
395 0.0123331
396 0.0123276
397 0.0122857
398 0.0122527
399 0.0122394
400 0.0122136
