1 0.500138
2 0.500138
3 0.500138
4 0.500138
5 0.500138
6 0.500138
7 0.500138
8 0.500138
9 0.500138
10 0.500138
11 0.500138
12 0.513986
13 0.52574
14 0.538107
15 0.549045
16 0.559288
17 0.568284
18 0.576684
19 0.583377
20 0.589598
21 0.596305
22 0.601977
23 0.608355
24 0.613871
25 0.619336
26 0.625435
27 0.63175
28 0.637969
29 0.644724
30 0.650848
31 0.656264
32 0.662391
33 0.668161
34 0.672907
35 0.677772
36 0.68187
37 0.686588
38 0.691597
39 0.6958
40 0.699849
41 0.703808
42 0.70769
43 0.711295
44 0.715556
45 0.718632
46 0.722474
47 0.725519
48 0.729101
49 0.731004
50 0.734152
51 0.737339
52 0.739935
53 0.74289
54 0.745578
55 0.748345
56 0.750727
57 0.752751
58 0.755686
59 0.758202
60 0.760114
61 0.762488
62 0.764343
63 0.766682
64 0.768609
65 0.770561
66 0.772443
67 0.774255
68 0.775921
69 0.777811
70 0.779475
71 0.781165
72 0.783245
73 0.785065
74 0.786738
75 0.78801
76 0.789592
77 0.790905
78 0.792868
79 0.794206
80 0.795681
81 0.796568
82 0.798239
83 0.799299
84 0.801028
85 0.802178
86 0.803579
87 0.804581
88 0.806088
89 0.807111
90 0.808241
91 0.809216
92 0.810654
93 0.811678
94 0.812956
95 0.814031
96 0.815181
97 0.816164
98 0.817266
99 0.818105
100 0.819255
101 0.819895
102 0.821091
103 0.821906
104 0.823065
105 0.824077
106 0.824948
107 0.825672
108 0.826544
109 0.827681
110 0.828511
111 0.82926
112 0.830413
113 0.830871
114 0.831787
115 0.832437
116 0.833048
117 0.834165
118 0.834693
119 0.835622
120 0.836066
121 0.836965
122 0.83762
123 0.838206
124 0.838978
125 0.839813
126 0.840447
127 0.841309
128 0.841977
129 0.842417
130 0.842982
131 0.844084
132 0.844331
133 0.845303
134 0.845847
135 0.846156
136 0.847218
137 0.847443
138 0.848034
139 0.848816
140 0.849366
141 0.850231
142 0.850364
143 0.851216
144 0.851594
145 0.85231
146 0.852678
147 0.853462
148 0.854019
149 0.854345
150 0.855073
151 0.85551
152 0.855906
153 0.856378
154 0.856987
155 0.857377
156 0.857771
157 0.858154
158 0.858868
159 0.859443
160 0.85988
161 0.86062
162 0.860846
163 0.860738
164 0.861764
165 0.862329
166 0.862399
167 0.862986
168 0.86344
169 0.86411
170 0.864532
171 0.864792
172 0.86495
173 0.865343
174 0.866257
175 0.866706
176 0.866687
177 0.867294
178 0.867576
179 0.868125
180 0.868621
181 0.868984
182 0.86902
183 0.869541
184 0.869981
185 0.870471
186 0.87033
187 0.871298
188 0.871433
189 0.87146
190 0.872209
191 0.872632
192 0.872921
193 0.873207
194 0.873485
195 0.873629
196 0.874161
197 0.87444
198 0.875036
199 0.875381
200 0.87532
201 0.875885
202 0.876303
203 0.876478
204 0.876819
205 0.877386
206 0.877314
207 0.877715
208 0.87833
209 0.878068
210 0.878697
211 0.87919
212 0.87932
213 0.879618
214 0.879967
215 0.880102
216 0.880691
217 0.880849
218 0.881083
219 0.881415
220 0.881438
221 0.882048
222 0.882348
223 0.882563
224 0.882753
225 0.883185
226 0.882955
227 0.883398
228 0.883701
229 0.884011
230 0.884557
231 0.884387
232 0.8851
233 0.885379
234 0.88552
235 0.885593
236 0.885686
237 0.886083
238 0.886356
239 0.886585
240 0.886986
241 0.88727
242 0.887501
243 0.888047
244 0.887809
245 0.888224
246 0.888515
247 0.888685
248 0.888832
249 0.888935
250 0.889061
251 0.88985
252 0.889799
253 0.890168
254 0.890246
255 0.890825
256 0.89078
257 0.890598
258 0.890837
259 0.891204
260 0.891315
261 0.89174
262 0.892314
263 0.892336
264 0.89265
265 0.892536
266 0.892769
267 0.892901
268 0.893258
269 0.893383
270 0.893436
271 0.893792
272 0.894095
273 0.894253
274 0.894614
275 0.894781
276 0.895144
277 0.895219
278 0.895654
279 0.89547
280 0.895437
281 0.895882
282 0.896164
283 0.896353
284 0.896237
285 0.896663
286 0.896754
287 0.896777
288 0.896705
289 0.897442
290 0.897548
291 0.897853
292 0.897991
293 0.898002
294 0.898302
295 0.898319
296 0.898875
297 0.898991
298 0.898877
299 0.899285
300 0.899393
301 0.899448
302 0.899542
303 0.899717
304 0.899913
305 0.900152
306 0.900359
307 0.900615
308 0.901025
309 0.90056
310 0.901027
311 0.900967
312 0.901288
313 0.901211
314 0.901614
315 0.901673
316 0.901771
317 0.902111
318 0.902194
319 0.902259
320 0.902509
321 0.902445
322 0.902909
323 0.903043
324 0.903335
325 0.903288
326 0.903486
327 0.90358
328 0.903583
329 0.903997
330 0.904193
331 0.90418
332 0.904424
333 0.904627
334 0.904852
335 0.904603
336 0.905071
337 0.905222
338 0.905228
339 0.905317
340 0.905204
341 0.90529
342 0.906094
343 0.906028
344 0.90651
345 0.906282
346 0.906363
347 0.906687
348 0.906919
349 0.907169
350 0.907009
351 0.906649
352 0.907067
353 0.907221
354 0.907471
355 0.90767
356 0.907658
357 0.908051
358 0.907924
359 0.907927
360 0.907794
361 0.908079
362 0.908345
363 0.908589
364 0.908857
365 0.909153
366 0.909417
367 0.909202
368 0.909202
369 0.909497
370 0.909606
371 0.909545
372 0.909681
373 0.909874
374 0.910088
375 0.91008
376 0.910524
377 0.910544
378 0.910452
379 0.910533
380 0.910795
381 0.910942
382 0.910946
383 0.911117
384 0.911326
385 0.91114
386 0.911304
387 0.911271
388 0.911841
389 0.911921
390 0.912196
391 0.912148
392 0.912167
393 0.912318
394 0.912168
395 0.912551
396 0.912352
397 0.912773
398 0.912969
399 0.913004
400 0.913005
