1 0.166478
2 0.166478
3 0.166478
4 0.166478
5 0.166478
6 0.166478
7 0.166478
8 0.166478
9 0.166478
10 0.166478
11 0.166478
12 0.0833007
13 0.0833477
14 0.0667034
15 0.0666527
16 0.0595236
17 0.0595826
18 0.0556563
19 0.0554438
20 0.0531066
21 0.0530549
22 0.0513241
23 0.04379
24 0.0358522
25 0.0297804
26 0.0270019
27 0.0245585
28 0.0221719
29 0.0207607
30 0.0195434
31 0.0185154
32 0.0177367
33 0.0171361
34 0.0157642
35 0.0152286
36 0.0144111
37 0.0140613
38 0.0133555
39 0.0130932
40 0.0126303
41 0.0121808
42 0.0117332
43 0.0115673
44 0.0112154
45 0.0109091
46 0.0105953
47 0.0104213
48 0.0101876
49 0.00991149
50 0.00969647
51 0.00943721
52 0.00928606
53 0.00910306
54 0.00892867
55 0.00873773
56 0.00860436
57 0.00844557
58 0.00823697
59 0.00801738
60 0.00792628
61 0.00779279
62 0.00770282
63 0.00757729
64 0.0074199
65 0.00733136
66 0.00721492
67 0.00710645
68 0.00700633
69 0.00694564
70 0.00682472
71 0.00676372
72 0.00660693
73 0.00649872
74 0.006414
75 0.00634661
76 0.00627698
77 0.00624646
78 0.00610604
79 0.00610258
80 0.00597864
81 0.00593948
82 0.00585584
83 0.0057977
84 0.00571722
85 0.00566209
86 0.00559576
87 0.00553142
88 0.00547555
89 0.00542072
90 0.00533572
91 0.0053002
92 0.00524009
93 0.00520749
94 0.00512498
95 0.0050773
96 0.00505048
97 0.00498525
98 0.0049323
99 0.00491546
100 0.00488006
101 0.00483132
102 0.00478504
103 0.00471504
104 0.0046695
105 0.00465102
106 0.00459452
107 0.00457461
108 0.00456866
109 0.00452719
110 0.00447322
111 0.00446606
112 0.00439463
113 0.0043968
114 0.00435029
115 0.00432455
116 0.00430232
117 0.00424459
118 0.00420312
119 0.00415052
120 0.0041611
121 0.0041115
122 0.0041034
123 0.00405983
124 0.00403033
125 0.00399375
126 0.00394671
127 0.00392423
128 0.00391065
129 0.00387463
130 0.00387612
131 0.00380603
132 0.00383486
133 0.00377686
134 0.00376398
135 0.00374965
136 0.00373199
137 0.00371113
138 0.00367876
139 0.00365174
140 0.00365446
141 0.00356022
142 0.00359077
143 0.00355854
144 0.00356257
145 0.00351101
146 0.00348415
147 0.00347741
148 0.00342631
149 0.00343996
150 0.00339312
151 0.00338016
152 0.00339014
153 0.00334705
154 0.00331792
155 0.00331976
156 0.00332599
157 0.00330248
158 0.00326425
159 0.00323907
160 0.00323297
161 0.00320384
162 0.00319104
163 0.00319259
164 0.00313796
165 0.00312537
166 0.00313831
167 0.0031189
168 0.00307808
169 0.00309066
170 0.00307478
171 0.00306716
172 0.00309241
173 0.00305194
174 0.00301331
175 0.00299339
176 0.00300728
177 0.00296324
178 0.00296057
179 0.00293873
180 0.00294661
181 0.00289798
182 0.00290982
183 0.00288951
184 0.00286801
185 0.00287662
186 0.0028968
187 0.0028311
188 0.00282663
189 0.0028443
190 0.00279757
191 0.00280499
192 0.00278212
193 0.00278895
194 0.0027689
195 0.002771
196 0.00275314
197 0.00272766
198 0.00272663
199 0.00270536
200 0.00270732
201 0.00269315
202 0.00266396
203 0.00265978
204 0.00266107
205 0.00261999
206 0.00263067
207 0.00263907
208 0.00259462
209 0.00262396
210 0.00260235
211 0.00256288
212 0.0025831
213 0.00256174
214 0.00253144
215 0.00256621
216 0.00252168
217 0.00254043
218 0.0025208
219 0.00250582
220 0.00249116
221 0.00248225
222 0.00249103
223 0.00245981
224 0.00246077
225 0.00244449
226 0.00247556
227 0.00242075
228 0.00243895
229 0.00243201
230 0.00238307
231 0.00240613
232 0.00238521
233 0.00238914
234 0.00236599
235 0.00237009
236 0.00237983
237 0.00235608
238 0.00234182
239 0.00232181
240 0.00232602
241 0.00231935
242 0.0022999
243 0.00228092
244 0.00230538
245 0.00228618
246 0.00228325
247 0.00227001
248 0.00227364
249 0.00227606
250 0.00225348
251 0.00223303
252 0.00225974
253 0.00222139
254 0.00222264
255 0.00219097
256 0.00221497
257 0.00219704
258 0.00219901
259 0.00217727
260 0.00218295
261 0.00215908
262 0.00215656
263 0.00216377
264 0.00215906
265 0.00213926
266 0.00214328
267 0.00213647
268 0.00213241
269 0.00214491
270 0.0021375
271 0.00210885
272 0.00210127
273 0.00208349
274 0.00207161
275 0.00209085
276 0.00208052
277 0.0020696
278 0.00205496
279 0.0020664
280 0.00207125
281 0.00204992
282 0.0020286
283 0.00202022
284 0.00201728
285 0.00202559
286 0.00201844
287 0.00203366
288 0.00202875
289 0.00200479
290 0.00201098
291 0.00199366
292 0.00197127
293 0.00201401
294 0.00196714
295 0.00198399
296 0.00194411
297 0.00196595
298 0.00196453
299 0.00194806
300 0.00194476
301 0.00195522
302 0.00194849
303 0.00194424
304 0.00193092
305 0.00193186
306 0.00192598
307 0.00191475
308 0.00188575
309 0.00191192
310 0.00189541
311 0.0018957
312 0.00188693
313 0.00189969
314 0.00188856
315 0.00188101
316 0.00188525
317 0.00185503
318 0.00184772
319 0.0018601
320 0.00184894
321 0.00186179
322 0.00185283
323 0.0018354
324 0.0018055
325 0.00182553
326 0.00184872
327 0.00183376
328 0.00184816
329 0.0017966
330 0.00178899
331 0.00181073
332 0.00179398
333 0.00179424
334 0.00179247
335 0.00179869
336 0.00177021
337 0.00176418
338 0.00176571
339 0.00177152
340 0.00178033
341 0.00176919
342 0.0017529
343 0.00175924
344 0.00173933
345 0.00174204
346 0.00174834
347 0.00173772
348 0.00171949
349 0.00170243
350 0.00172307
351 0.00174266
352 0.00172523
353 0.00171525
354 0.00170725
355 0.00169377
356 0.0017037
357 0.00168149
358 0.00169022
359 0.00169525
360 0.0017039
361 0.00170314
362 0.00167389
363 0.0016664
364 0.00168664
365 0.00165899
366 0.00164787
367 0.00165422
368 0.0016612
369 0.00166124
370 0.00164946
371 0.00165754
372 0.00165165
373 0.00165186
374 0.00163872
375 0.00162971
376 0.00162986
377 0.00163391
378 0.00163827
379 0.0016191
380 0.00162495
381 0.00161236
382 0.00162075
383 0.00161538
384 0.00160268
385 0.0016128
386 0.00160533
387 0.00161064
388 0.00158313
389 0.00159744
390 0.00158091
391 0.00157138
392 0.00158074
393 0.00157632
394 0.00158473
395 0.00157966
396 0.00158531
397 0.00155904
398 0.0015632
399 0.00155755
400 0.00155664
