1 1.9324
2 1.03632
3 0.709485
4 0.638941
5 0.680768
6 0.770689
7 0.881651
8 1.00131
9 1.12437
10 1.25284
11 0.43318
12 0.302942
13 0.352017
14 0.416229
15 0.433412
16 0.390286
17 0.311809
18 0.249594
19 0.217407
20 0.205198
21 0.191852
22 0.178492
23 0.160728
24 0.145268
25 0.132954
26 0.123135
27 0.114158
28 0.106481
29 0.0994994
30 0.0940306
31 0.0883806
32 0.0832431
33 0.0784768
34 0.0749063
35 0.0712321
36 0.0677514
37 0.0644772
38 0.0618055
39 0.0591984
40 0.056765
41 0.0544355
42 0.0524508
43 0.0505064
44 0.0488456
45 0.0471519
46 0.0458121
47 0.0442767
48 0.0430627
49 0.0417297
50 0.040742
51 0.039615
52 0.0386696
53 0.0376326
54 0.0367838
55 0.0359039
56 0.035181
57 0.0343996
58 0.0336428
59 0.0328736
60 0.0322749
61 0.0315004
62 0.0309508
63 0.030313
64 0.0297698
65 0.0291151
66 0.0285882
67 0.0280325
68 0.0274865
69 0.0270082
70 0.0264985
71 0.0259771
72 0.0255648
73 0.0250795
74 0.0246441
75 0.0242478
76 0.0238242
77 0.0233852
78 0.0230211
79 0.0226481
80 0.0223244
81 0.0219248
82 0.0216198
83 0.0212403
84 0.0209826
85 0.0206422
86 0.0203566
87 0.0200454
88 0.0197575
89 0.0194245
90 0.0191966
91 0.0189063
92 0.0186479
93 0.0184061
94 0.0181615
95 0.0179034
96 0.0176682
97 0.0174589
98 0.0172266
99 0.0169913
100 0.0167824
101 0.0165697
102 0.0163693
103 0.0161321
104 0.015959
105 0.0157493
106 0.0155905
107 0.0153925
108 0.0152201
109 0.0150571
110 0.0148955
111 0.0147046
112 0.0145427
113 0.0143858
114 0.0142464
115 0.0141109
116 0.0139446
117 0.0137979
118 0.0136729
119 0.0135277
120 0.013399
121 0.0132424
122 0.0131424
123 0.0129899
124 0.0128746
125 0.0127579
126 0.0126538
127 0.012529
128 0.0124333
129 0.0122856
130 0.0121918
131 0.0120713
132 0.0119672
133 0.0118643
134 0.0117615
135 0.0116464
136 0.0115561
137 0.0114418
138 0.0113499
139 0.0112572
140 0.0111567
141 0.0110837
142 0.0109961
143 0.0108925
144 0.0108202
145 0.0107358
146 0.0106441
147 0.0105628
148 0.0104799
149 0.0103993
150 0.0103347
151 0.0102447
152 0.0101608
153 0.0100799
154 0.0100162
155 0.00993872
156 0.00987695
157 0.00980135
158 0.00972933
159 0.00965354
160 0.00959586
161 0.00953329
162 0.00946783
163 0.00937533
164 0.00931217
165 0.0092594
166 0.00919918
167 0.00912515
168 0.00906639
169 0.0090032
170 0.00894897
171 0.00889589
172 0.00884111
173 0.00877794
174 0.00874798
175 0.00869238
176 0.00862073
177 0.00857985
178 0.00851333
179 0.00844648
180 0.00839713
181 0.00834784
182 0.0082842
183 0.00824024
184 0.00819226
185 0.008139
186 0.00809372
187 0.00804906
188 0.00800316
189 0.00795814
190 0.00791271
191 0.00785558
192 0.00782015
193 0.00776192
194 0.00772294
195 0.0076809
196 0.00763914
197 0.00759317
198 0.00756048
199 0.00751806
200 0.00746904
201 0.00742908
202 0.00739239
203 0.00733341
204 0.00730841
205 0.00725736
206 0.00722808
207 0.00718311
208 0.00716059
209 0.00710807
210 0.00708247
211 0.00702681
212 0.00698376
213 0.00695342
214 0.00692678
215 0.00687692
216 0.00686099
217 0.00681914
218 0.00679012
219 0.00674183
220 0.0066978
221 0.00665921
222 0.00663559
223 0.00660209
224 0.00656398
225 0.0065326
226 0.00650484
227 0.00646886
228 0.00643739
229 0.00640089
230 0.00636942
231 0.00633486
232 0.00631177
233 0.00628896
234 0.00625406
235 0.00622519
236 0.00619152
237 0.00615907
238 0.00612773
239 0.00609741
240 0.0060683
241 0.0060495
242 0.00601781
243 0.00598629
244 0.00595554
245 0.0059317
246 0.00590174
247 0.00587554
248 0.00584885
249 0.00582708
250 0.00580453
251 0.00578036
252 0.00575946
253 0.00572611
254 0.00570008
255 0.00567721
256 0.00564261
257 0.00562033
258 0.00559867
259 0.00557296
260 0.00555157
261 0.00552069
262 0.00550215
263 0.00547062
264 0.00544814
265 0.00542093
266 0.00540215
267 0.00537734
268 0.00535951
269 0.00533251
270 0.00530892
271 0.00528408
272 0.00527062
273 0.00524921
274 0.00522966
275 0.00520647
276 0.00518669
277 0.00516171
278 0.00513747
279 0.00512053
280 0.00509082
281 0.00507078
282 0.00505036
283 0.00503018
284 0.00501146
285 0.00499682
286 0.00498157
287 0.00496256
288 0.00494795
289 0.0049282
290 0.00490733
291 0.00488951
292 0.00487191
293 0.00485678
294 0.00484286
295 0.00481724
296 0.0047878
297 0.00477046
298 0.00476255
299 0.00473978
300 0.00472008
301 0.00469673
302 0.00467571
303 0.00466486
304 0.00464426
305 0.00463292
306 0.00461772
307 0.00460221
308 0.00458439
309 0.00457462
310 0.00455344
311 0.00454097
312 0.00452782
313 0.00451643
314 0.00449794
315 0.00448668
316 0.00446778
317 0.00445922
318 0.00444534
319 0.00442403
320 0.00440183
321 0.00439132
322 0.00436757
323 0.00435762
324 0.004337
325 0.00432849
326 0.00430961
327 0.0043037
328 0.0042839
329 0.00426966
330 0.00425292
331 0.00424107
332 0.00422875
333 0.00421388
334 0.00419524
335 0.00418377
336 0.00416317
337 0.00414998
338 0.00413341
339 0.00412575
340 0.00411158
341 0.00410247
342 0.00408739
343 0.00407598
344 0.00406184
345 0.00404948
346 0.00403358
347 0.00402349
348 0.00400918
349 0.00399471
350 0.00398501
351 0.00397279
352 0.00396026
353 0.00394796
354 0.00393355
355 0.00391858
356 0.00390375
357 0.00388946
358 0.00388001
359 0.00386439
360 0.00385322
361 0.00384765
362 0.00383501
363 0.00382033
364 0.00381517
365 0.00380394
366 0.00379286
367 0.00378294
368 0.00377525
369 0.00376089
370 0.00375116
371 0.00373989
372 0.00373301
373 0.00372162
374 0.00370526
375 0.00369479
376 0.0036885
377 0.00367526
378 0.00366923
379 0.0036565
380 0.0036431
381 0.00363091
382 0.00361937
383 0.00360779
384 0.00360164
385 0.003589
386 0.00357926
387 0.00357203
388 0.00356049
389 0.00354919
390 0.00354064
391 0.00353011
392 0.0035213
393 0.00351182
394 0.00350417
395 0.00349168
396 0.00347766
397 0.00347026
398 0.00346371
399 0.00346242
400 0.003449
