1 0.099554
2 0.100363
3 0.100016
4 0.099439
5 0.099591
6 0.100106
7 0.099983
8 0.100304
9 0.100413
10 0.100239
11 0.200111
12 0.199351
13 0.204177
14 0.218478
15 0.241287
16 0.268734
17 0.295334
18 0.317218
19 0.3361
20 0.353952
21 0.370975
22 0.386674
23 0.398148
24 0.409597
25 0.418396
26 0.426002
27 0.434613
28 0.444839
29 0.448093
30 0.457281
31 0.463783
32 0.467072
33 0.466525
34 0.461556
35 0.455979
36 0.451455
37 0.442026
38 0.442532
39 0.446014
40 0.44659
41 0.43543
42 0.433094
43 0.42603
44 0.438253
45 0.434721
46 0.440988
47 0.436562
48 0.442686
49 0.451508
50 0.444606
51 0.455884
52 0.461563
53 0.46878
54 0.457893
55 0.469514
56 0.473534
57 0.476952
58 0.477843
59 0.48288
60 0.492745
61 0.501993
62 0.498552
63 0.503957
64 0.514241
65 0.517973
66 0.51984
67 0.522651
68 0.526195
69 0.531141
70 0.53516
71 0.532961
72 0.537349
73 0.538523
74 0.536384
75 0.54092
76 0.545464
77 0.544163
78 0.549916
79 0.550964
80 0.552888
81 0.551782
82 0.548503
83 0.548427
84 0.551384
85 0.551502
86 0.551749
87 0.548202
88 0.548924
89 0.549306
90 0.551584
91 0.554272
92 0.553446
93 0.555579
94 0.557534
95 0.559392
96 0.560562
97 0.5612
98 0.557574
99 0.55326
100 0.531273
101 0.532309
102 0.53453
103 0.5373
104 0.540508
105 0.547126
106 0.55089
107 0.553945
108 0.554994
109 0.556337
110 0.558579
111 0.559305
112 0.558011
113 0.558302
114 0.558402
115 0.558731
116 0.555551
117 0.55574
118 0.555224
119 0.554194
120 0.553216
121 0.552067
122 0.551064
123 0.548667
124 0.549074
125 0.546659
126 0.547964
127 0.547218
128 0.547141
129 0.548563
130 0.54878
131 0.552865
132 0.553112
133 0.554746
134 0.555309
135 0.55554
136 0.556455
137 0.556387
138 0.556619
139 0.559332
140 0.560137
141 0.561651
142 0.565329
143 0.567059
144 0.570442
145 0.572163
146 0.576069
147 0.578795
148 0.580394
149 0.583734
150 0.584572
151 0.587616
152 0.588529
153 0.590696
154 0.591619
155 0.593303
156 0.594769
157 0.596684
158 0.597864
159 0.59904
160 0.60207
161 0.601024
162 0.59987
163 0.605677
164 0.610288
165 0.612006
166 0.616267
167 0.619016
168 0.621143
169 0.622511
170 0.624853
171 0.626872
172 0.625756
173 0.628116
174 0.628909
175 0.631279
176 0.632693
177 0.634325
178 0.635529
179 0.63677
180 0.637962
181 0.639141
182 0.640995
183 0.643337
184 0.64442
185 0.645245
186 0.64726
187 0.647033
188 0.648873
189 0.650586
190 0.650131
191 0.65142
192 0.652771
193 0.653696
194 0.655395
195 0.655108
196 0.656921
197 0.656446
198 0.657418
199 0.658813
200 0.660216
201 0.660316
202 0.661103
203 0.661603
204 0.661911
205 0.662839
206 0.663955
207 0.664517
208 0.665488
209 0.666634
210 0.667088
211 0.667334
212 0.667746
213 0.668933
214 0.669157
215 0.669792
216 0.670563
217 0.670978
218 0.671207
219 0.671726
220 0.673017
221 0.672997
222 0.671981
223 0.673396
224 0.674252
225 0.674434
226 0.674155
227 0.674892
228 0.67575
229 0.67694
230 0.676775
231 0.677326
232 0.677409
233 0.677661
234 0.678261
235 0.679734
236 0.679792
237 0.680319
238 0.681273
239 0.680936
240 0.681487
241 0.682053
242 0.681933
243 0.682267
244 0.681638
245 0.682881
246 0.683663
247 0.684361
248 0.685041
249 0.686521
250 0.685892
251 0.686792
252 0.687977
253 0.688634
254 0.688984
255 0.689393
256 0.688925
257 0.690258
258 0.689904
259 0.690364
260 0.691066
261 0.691902
262 0.691848
263 0.69253
264 0.693142
265 0.693283
266 0.693211
267 0.694119
268 0.693609
269 0.69438
270 0.694678
271 0.695317
272 0.694342
273 0.694974
274 0.694928
275 0.694501
276 0.694844
277 0.696817
278 0.69689
279 0.698213
280 0.698007
281 0.699419
282 0.699544
283 0.700591
284 0.699696
285 0.70073
286 0.70017
287 0.701004
288 0.700545
289 0.701696
290 0.702053
291 0.703495
292 0.70249
293 0.703314
294 0.703764
295 0.704453
296 0.704269
297 0.705519
298 0.704847
299 0.705978
300 0.705445
301 0.706267
302 0.706089
303 0.70702
304 0.70679
305 0.707201
306 0.707452
307 0.707974
308 0.708484
309 0.709133
310 0.708793
311 0.708258
312 0.70836
313 0.708752
314 0.708908
315 0.709825
316 0.709912
317 0.710563
318 0.711101
319 0.711156
320 0.711355
321 0.712244
322 0.712831
323 0.712944
324 0.713352
325 0.713475
326 0.713447
327 0.713058
328 0.712458
329 0.712907
330 0.712552
331 0.713328
332 0.712999
333 0.713155
334 0.714006
335 0.715474
336 0.716083
337 0.716783
338 0.716492
339 0.716513
340 0.716869
341 0.716384
342 0.716022
343 0.716239
344 0.716138
345 0.716585
346 0.717046
347 0.717185
348 0.717592
349 0.716963
350 0.717824
351 0.717116
352 0.717758
353 0.717335
354 0.717583
355 0.716867
356 0.716862
357 0.717404
358 0.718677
359 0.719659
360 0.719858
361 0.720212
362 0.720792
363 0.721306
364 0.721542
365 0.721911
366 0.722346
367 0.72171
368 0.722088
369 0.721646
370 0.722055
371 0.722057
372 0.722359
373 0.722503
374 0.722989
375 0.722857
376 0.72302
377 0.723026
378 0.723312
379 0.722938
380 0.72307
381 0.72264
382 0.722342
383 0.72189
384 0.723002
385 0.723803
386 0.725116
387 0.725373
388 0.725356
389 0.725987
390 0.726038
391 0.725994
392 0.726218
393 0.726008
394 0.726418
395 0.726147
396 0.727001
397 0.726505
398 0.727014
399 0.726791
400 0.727468
