1 0.49986
2 0.50014
3 0.57816
4 0.421893
5 0.422208
6 0.440373
7 0.463301
8 0.459271
9 0.481508
10 0.499821
11 0.483291
12 0.503992
13 0.51749
14 0.499656
15 0.518498
16 0.533904
17 0.514327
18 0.529524
19 0.538401
20 0.539512
21 0.54393
22 0.549261
23 0.549485
24 0.551281
25 0.562299
26 0.56358
27 0.558848
28 0.567579
29 0.570829
30 0.57201
31 0.569516
32 0.573837
33 0.579483
34 0.582749
35 0.575831
36 0.586102
37 0.588822
38 0.588335
39 0.588816
40 0.590695
41 0.596985
42 0.597655
43 0.59803
44 0.596187
45 0.603545
46 0.602024
47 0.602342
48 0.605986
49 0.608675
50 0.608945
51 0.612016
52 0.611823
53 0.610304
54 0.616256
55 0.615054
56 0.612564
57 0.617057
58 0.622469
59 0.619205
60 0.618674
61 0.622818
62 0.621304
63 0.623105
64 0.623766
65 0.626366
66 0.626205
67 0.625383
68 0.628767
69 0.630378
70 0.628804
71 0.630648
72 0.6318
73 0.631531
74 0.633327
75 0.635208
76 0.63457
77 0.633611
78 0.635221
79 0.637159
80 0.637264
81 0.637745
82 0.637686
83 0.640151
84 0.639907
85 0.641144
86 0.640001
87 0.641776
88 0.641861
89 0.641628
90 0.645377
91 0.64525
92 0.643723
93 0.644572
94 0.646005
95 0.64624
96 0.647207
97 0.647116
98 0.648217
99 0.648084
100 0.6483
101 0.650764
102 0.650092
103 0.649854
104 0.651797
105 0.651476
106 0.650703
107 0.651929
108 0.652277
109 0.653332
110 0.652249
111 0.653672
112 0.653862
113 0.653977
114 0.654813
115 0.655563
116 0.65524
117 0.655616
118 0.656426
119 0.656431
120 0.658033
121 0.656988
122 0.658986
123 0.657562
124 0.657613
125 0.658121
126 0.658264
127 0.659735
128 0.658814
129 0.658902
130 0.660351
131 0.660452
132 0.660198
133 0.660587
134 0.661343
135 0.661684
136 0.661798
137 0.661682
138 0.662056
139 0.662574
140 0.663327
141 0.663758
142 0.66199
143 0.662632
144 0.664033
145 0.664624
146 0.663734
147 0.664507
148 0.664551
149 0.665384
150 0.665761
151 0.665463
152 0.665226
153 0.66545
154 0.666648
155 0.665682
156 0.667122
157 0.6665
158 0.667048
159 0.66742
160 0.666283
161 0.667569
162 0.668239
163 0.66849
164 0.669053
165 0.668314
166 0.668695
167 0.668935
168 0.668945
169 0.669239
170 0.670174
171 0.669912
172 0.669904
173 0.669715
174 0.670512
175 0.670895
176 0.670768
177 0.670772
178 0.670392
179 0.670389
180 0.670804
181 0.671108
182 0.671618
183 0.672123
184 0.672406
185 0.671606
186 0.671875
187 0.67155
188 0.67283
189 0.673144
190 0.672982
191 0.672411
192 0.67301
193 0.673584
194 0.673301
195 0.672895
196 0.673971
197 0.67422
198 0.672745
199 0.674715
200 0.67388
201 0.67486
202 0.674436
203 0.674956
204 0.674329
205 0.674797
206 0.675517
207 0.675559
208 0.67503
209 0.675164
210 0.675812
211 0.675721
212 0.676279
213 0.676548
214 0.675873
215 0.675841
216 0.67752
217 0.677639
218 0.677436
219 0.67672
220 0.676366
221 0.677365
222 0.677261
223 0.678192
224 0.677552
225 0.67714
226 0.678354
227 0.678329
228 0.678568
229 0.677298
230 0.678582
231 0.678416
232 0.679323
233 0.678409
234 0.679349
235 0.678648
236 0.678494
237 0.679658
238 0.678816
239 0.679389
240 0.679316
241 0.679216
242 0.679609
243 0.679703
244 0.679437
245 0.679706
246 0.67998
247 0.679584
248 0.679971
249 0.679633
250 0.67996
251 0.680823
252 0.680404
253 0.680108
254 0.680198
255 0.681284
256 0.680716
257 0.681283
258 0.680495
259 0.680695
260 0.681312
261 0.68114
262 0.681581
263 0.681577
264 0.681762
265 0.681601
266 0.682102
267 0.68193
268 0.681699
269 0.681638
270 0.682144
271 0.682413
272 0.682276
273 0.681903
274 0.682409
275 0.681987
276 0.681828
277 0.682905
278 0.682079
279 0.682462
280 0.682516
281 0.682351
282 0.68296
283 0.683324
284 0.683194
285 0.682733
286 0.683064
287 0.682957
288 0.683865
289 0.683881
290 0.683929
291 0.683303
292 0.683687
293 0.684154
294 0.68319
295 0.684465
296 0.683762
297 0.683971
298 0.683904
299 0.683956
300 0.684363
301 0.684995
302 0.684608
303 0.684627
304 0.684752
305 0.685098
306 0.683779
307 0.684861
308 0.684513
309 0.684881
310 0.684749
311 0.684401
312 0.686387
313 0.685482
314 0.684953
315 0.685688
316 0.685417
317 0.685627
318 0.684467
319 0.686009
320 0.686618
321 0.685323
322 0.685527
323 0.68589
324 0.686572
325 0.685901
326 0.685496
327 0.685491
328 0.686103
329 0.685818
330 0.685756
331 0.686156
332 0.686163
333 0.686162
334 0.686229
335 0.686183
336 0.685951
337 0.686777
338 0.686737
339 0.686511
340 0.687244
341 0.687279
342 0.686137
343 0.686707
344 0.687126
345 0.687716
346 0.68682
347 0.687276
348 0.686644
349 0.68757
350 0.687175
351 0.687341
352 0.68801
353 0.687397
354 0.687003
355 0.687468
356 0.688126
357 0.686934
358 0.686892
359 0.687153
360 0.687907
361 0.687432
362 0.688221
363 0.687959
364 0.68824
365 0.687882
366 0.68795
367 0.68763
368 0.68858
369 0.688187
370 0.688282
371 0.687442
372 0.687921
373 0.687731
374 0.687658
375 0.687645
376 0.688326
377 0.688035
378 0.688387
379 0.688133
380 0.687903
381 0.688292
382 0.689508
383 0.689441
384 0.689013
385 0.688959
386 0.689195
387 0.688391
388 0.689082
389 0.688726
390 0.688763
391 0.687872
392 0.689112
393 0.688651
394 0.689072
395 0.688622
396 0.68981
397 0.689614
398 0.689031
399 0.689723
400 0.689261
