1 0.0780356
2 0.0780039
3 0.0588915
4 0.0971077
5 0.0971397
6 0.0932899
7 0.0886339
8 0.0890548
9 0.0848284
10 0.0814558
11 0.0839606
12 0.0802345
13 0.077681
14 0.0812316
15 0.0777167
16 0.075302
17 0.0782277
18 0.0758819
19 0.0745765
20 0.0742258
21 0.0733978
22 0.0727206
23 0.0725636
24 0.0721985
25 0.0704041
26 0.0704084
27 0.0708306
28 0.0696757
29 0.0692641
30 0.0688785
31 0.0693132
32 0.0685298
33 0.0679294
34 0.0672123
35 0.0682602
36 0.0667703
37 0.0664158
38 0.0663464
39 0.0662789
40 0.0660629
41 0.065218
42 0.0649719
43 0.0649525
44 0.0652253
45 0.0642763
46 0.0644881
47 0.0643533
48 0.0637434
49 0.0634486
50 0.063468
51 0.06301
52 0.0630299
53 0.0632041
54 0.062472
55 0.0626453
56 0.0628534
57 0.0623139
58 0.0615224
59 0.0618624
60 0.0620535
61 0.06151
62 0.0616695
63 0.0615035
64 0.0614022
65 0.0609893
66 0.0610627
67 0.0611931
68 0.0606714
69 0.0605868
70 0.0607391
71 0.0605676
72 0.060218
73 0.0604153
74 0.0601153
75 0.0598352
76 0.0599932
77 0.0600494
78 0.0598808
79 0.0596964
80 0.0595603
81 0.0596547
82 0.0596105
83 0.059262
84 0.0594487
85 0.05915
86 0.0593881
87 0.0590909
88 0.0589923
89 0.0591828
90 0.0585856
91 0.0586363
92 0.0589503
93 0.0586492
94 0.0585787
95 0.0584488
96 0.0584446
97 0.0584074
98 0.0583758
99 0.0582839
100 0.0583425
101 0.0579959
102 0.0580097
103 0.0580624
104 0.0578561
105 0.0578741
106 0.0579915
107 0.0578834
108 0.0578456
109 0.0577113
110 0.0578361
111 0.0576052
112 0.0575131
113 0.0575611
114 0.0575542
115 0.0573424
116 0.0574456
117 0.0573682
118 0.0573518
119 0.0572402
120 0.0570653
121 0.0572846
122 0.0569812
123 0.0571657
124 0.057159
125 0.056982
126 0.0571689
127 0.0568893
128 0.0570296
129 0.0570414
130 0.0568581
131 0.0568988
132 0.056926
133 0.0568499
134 0.0567438
135 0.0566865
136 0.0567941
137 0.0567157
138 0.0566977
139 0.0566413
140 0.0564961
141 0.0564954
142 0.0568191
143 0.0566495
144 0.0564582
145 0.0563212
146 0.0564993
147 0.0564349
148 0.0564619
149 0.0563428
150 0.0562393
151 0.0562931
152 0.0562228
153 0.0563714
154 0.056198
155 0.0563791
156 0.0561624
157 0.0561266
158 0.0562887
159 0.0561221
160 0.0563175
161 0.0561814
162 0.0559947
163 0.0559512
164 0.0559188
165 0.0560194
166 0.055919
167 0.0559651
168 0.0559077
169 0.0559528
170 0.0557971
171 0.055895
172 0.0559105
173 0.0558754
174 0.0558335
175 0.0557245
176 0.0557567
177 0.0557357
178 0.0558139
179 0.0557735
180 0.0558082
181 0.055684
182 0.0556436
183 0.0556018
184 0.055527
185 0.055682
186 0.055746
187 0.0556407
188 0.0555578
189 0.0554648
190 0.0555193
191 0.0556308
192 0.0555571
193 0.0554537
194 0.0555094
195 0.0556429
196 0.0553746
197 0.0554612
198 0.055557
199 0.0552661
200 0.055469
201 0.0553308
202 0.0553398
203 0.0552793
204 0.0554663
205 0.0553032
206 0.0552434
207 0.0552173
208 0.0553698
209 0.0553468
210 0.0552821
211 0.0553233
212 0.0552405
213 0.0551714
214 0.0552592
215 0.055291
216 0.0549872
217 0.0550356
218 0.05502
219 0.0551218
220 0.0552327
221 0.0551074
222 0.0550886
223 0.0550178
224 0.0550221
225 0.055128
226 0.0550983
227 0.0549087
228 0.0549545
229 0.0550722
230 0.0549084
231 0.0548571
232 0.0548041
233 0.0549959
234 0.0548703
235 0.0550142
236 0.0550114
237 0.0546948
238 0.0550239
239 0.0548432
240 0.0548623
241 0.054914
242 0.0549652
243 0.0548322
244 0.0548628
245 0.0548342
246 0.0548279
247 0.0548232
248 0.0547859
249 0.0548512
250 0.0548617
251 0.0546623
252 0.0547006
253 0.0548469
254 0.0548264
255 0.0546767
256 0.0547873
257 0.0546685
258 0.0547252
259 0.054797
260 0.0546745
261 0.0547338
262 0.0545874
263 0.0546453
264 0.054661
265 0.0546718
266 0.0545954
267 0.0546683
268 0.0547083
269 0.0547327
270 0.0546837
271 0.0546116
272 0.0545023
273 0.0546228
274 0.0544466
275 0.0545271
276 0.0546605
277 0.0544452
278 0.0545677
279 0.054473
280 0.054587
281 0.0546882
282 0.0545156
283 0.0545325
284 0.0545722
285 0.0545605
286 0.0546066
287 0.0545534
288 0.0543258
289 0.0543875
290 0.0543862
291 0.054539
292 0.0544966
293 0.054401
294 0.054559
295 0.0543092
296 0.0544337
297 0.0543647
298 0.0544203
299 0.0543275
300 0.0543244
301 0.0543051
302 0.0543547
303 0.0543378
304 0.0542479
305 0.0543342
306 0.0544295
307 0.0542956
308 0.054439
309 0.0543892
310 0.0543579
311 0.0543474
312 0.0541515
313 0.0542739
314 0.0542727
315 0.0542587
316 0.0542744
317 0.0543125
318 0.0544456
319 0.0542022
320 0.0542052
321 0.0543764
322 0.0542608
323 0.0542093
324 0.054051
325 0.0543126
326 0.0541809
327 0.0542137
328 0.0542609
329 0.0542105
330 0.0542877
331 0.0543796
332 0.0541564
333 0.0542425
334 0.0542731
335 0.0541666
336 0.0542448
337 0.0541118
338 0.0542199
339 0.0541952
340 0.054136
341 0.054175
342 0.0543349
343 0.0541125
344 0.0541375
345 0.0540453
346 0.0540466
347 0.054209
348 0.0541752
349 0.054037
350 0.0541219
351 0.0541483
352 0.0539945
353 0.0540841
354 0.0541412
355 0.0540253
356 0.0540408
357 0.0542157
358 0.0542322
359 0.0541761
360 0.0541097
361 0.0541259
362 0.0539577
363 0.0539844
364 0.0539913
365 0.0541416
366 0.0539953
367 0.0540314
368 0.0539102
369 0.0540853
370 0.0540555
371 0.0541609
372 0.0540508
373 0.0541314
374 0.0541065
375 0.0540433
376 0.053965
377 0.0540861
378 0.0540665
379 0.0541602
380 0.0541091
381 0.0540159
382 0.0537941
383 0.0538554
384 0.0539957
385 0.0539461
386 0.0538756
387 0.0540954
388 0.0539641
389 0.0539906
390 0.0540099
391 0.0541057
392 0.0538777
393 0.0540105
394 0.0539726
395 0.0539908
396 0.0539018
397 0.0539412
398 0.0539716
399 0.0539885
400 0.0540008
