1 0.719973
2 0.719973
3 0.719973
4 0.719973
5 0.719973
6 0.719973
7 0.719973
8 0.719973
9 0.719973
10 0.719973
11 0.719973
12 0.719973
13 0.719973
14 0.719973
15 0.719973
16 0.719973
17 0.719973
18 0.719973
19 0.719973
20 0.719973
21 0.719973
22 0.719973
23 0.719973
24 0.719973
25 0.719973
26 0.719973
27 0.719973
28 0.719973
29 0.719973
30 0.719973
31 0.719973
32 0.719973
33 0.719973
34 0.719973
35 0.719973
36 0.719973
37 0.719973
38 0.719973
39 0.719973
40 0.719973
41 0.719973
42 0.719973
43 0.719973
44 0.719973
45 0.719973
46 0.719973
47 0.719973
48 0.719973
49 0.719973
50 0.719973
51 0.719973
52 0.719973
53 0.719973
54 0.719973
55 0.719973
56 0.719973
57 0.719973
58 0.719973
59 0.719973
60 0.719973
61 0.719973
62 0.719973
63 0.719973
64 0.719973
65 0.719973
66 0.719973
67 0.719973
68 0.719973
69 0.719973
70 0.719973
71 0.719973
72 0.719973
73 0.719973
74 0.719973
75 0.719973
76 0.719973
77 0.719973
78 0.719973
79 0.719973
80 0.719973
81 0.719973
82 0.719973
83 0.719973
84 0.719973
85 0.719973
86 0.719973
87 0.719973
88 0.719973
89 0.719973
90 0.719973
91 0.719973
92 0.719973
93 0.719973
94 0.719973
95 0.719973
96 0.719973
97 0.719973
98 0.719973
99 0.719973
100 0.719973
101 0.719973
102 0.719973
103 0.719973
104 0.719973
105 0.719973
106 0.719973
107 0.719973
108 0.719973
109 0.719973
110 0.719973
111 0.719973
112 0.719973
113 0.719973
114 0.719973
115 0.719973
116 0.719973
117 0.719973
118 0.719973
119 0.719973
120 0.719973
121 0.719973
122 0.719973
123 0.719973
124 0.719973
125 0.719973
126 0.719973
127 0.719973
128 0.719973
129 0.719973
130 0.719973
131 0.719973
132 0.719973
133 0.719973
134 0.719973
135 0.719973
136 0.719973
137 0.719973
138 0.719973
139 0.719973
140 0.719973
141 0.719973
142 0.719973
143 0.719973
144 0.719973
145 0.719973
146 0.719973
147 0.719973
148 0.719973
149 0.719973
150 0.719973
151 0.719973
152 0.719973
153 0.719973
154 0.719973
155 0.719973
156 0.719973
157 0.719973
158 0.719973
159 0.719973
160 0.719973
161 0.719973
162 0.719973
163 0.719973
164 0.719973
165 0.719973
166 0.719973
167 0.719973
168 0.719973
169 0.719973
170 0.719973
171 0.719973
172 0.719973
173 0.719973
174 0.719973
175 0.719973
176 0.719973
177 0.719973
178 0.719973
179 0.719973
180 0.719973
181 0.719973
182 0.719973
183 0.719973
184 0.719973
185 0.719973
186 0.719973
187 0.719973
188 0.719973
189 0.719973
190 0.719973
191 0.719973
192 0.719973
193 0.719973
194 0.719973
195 0.719973
196 0.719973
197 0.719973
198 0.719973
199 0.719973
200 0.719973
201 0.719973
202 0.719973
203 0.719973
204 0.719973
205 0.719973
206 0.719973
207 0.719973
208 0.719973
209 0.719973
210 0.719973
211 0.719973
212 0.719973
213 0.719973
214 0.719973
215 0.719973
216 0.719973
217 0.719973
218 0.719973
219 0.719973
220 0.719973
221 0.719973
222 0.719973
223 0.719973
224 0.719973
225 0.719973
226 0.719973
227 0.719973
228 0.719973
229 0.719973
230 0.719973
231 0.719973
232 0.719973
233 0.719973
234 0.719973
235 0.719973
236 0.719973
237 0.719973
238 0.719973
239 0.719973
240 0.719973
241 0.719973
242 0.719973
243 0.719973
244 0.719973
245 0.719973
246 0.719973
247 0.719973
248 0.719973
249 0.719973
250 0.719973
251 0.719973
252 0.719973
253 0.719973
254 0.719973
255 0.719973
256 0.719973
257 0.719973
258 0.719973
259 0.719973
260 0.719973
261 0.719973
262 0.719973
263 0.719973
264 0.719973
265 0.719973
266 0.719973
267 0.719973
268 0.719973
269 0.719973
270 0.719973
271 0.719973
272 0.719973
273 0.719973
274 0.719973
275 0.719973
276 0.719973
277 0.719973
278 0.719973
279 0.719973
280 0.719973
281 0.719973
282 0.719973
283 0.719973
284 0.719973
285 0.719973
286 0.719973
287 0.719973
288 0.719973
289 0.719973
290 0.719973
291 0.719973
292 0.719973
293 0.719973
294 0.719973
295 0.719973
296 0.719973
297 0.719973
298 0.719973
299 0.719973
300 0.719973
301 0.719973
302 0.719973
303 0.719973
304 0.719973
305 0.719973
306 0.719973
307 0.719973
308 0.719973
309 0.719973
310 0.719973
311 0.719973
312 0.719973
313 0.719973
314 0.719973
315 0.719973
316 0.719973
317 0.719973
318 0.719973
319 0.719973
320 0.719973
321 0.719973
322 0.719973
323 0.719973
324 0.719973
325 0.719973
326 0.719973
327 0.719973
328 0.719973
329 0.719973
330 0.719973
331 0.719973
332 0.719973
333 0.719973
334 0.719973
335 0.719973
336 0.719973
337 0.719973
338 0.719973
339 0.719973
340 0.719973
341 0.719973
342 0.719973
343 0.719973
344 0.719973
345 0.719973
346 0.719973
347 0.719973
348 0.719973
349 0.719973
350 0.719973
351 0.719973
352 0.719973
353 0.719973
354 0.719973
355 0.719973
356 0.719973
357 0.719973
358 0.719973
359 0.719973
360 0.719973
361 0.719973
362 0.719973
363 0.719973
364 0.719973
365 0.719973
366 0.719973
367 0.719973
368 0.719973
369 0.719973
370 0.719973
371 0.719973
372 0.719973
373 0.719973
374 0.719973
375 0.719973
376 0.719973
377 0.719973
378 0.719973
379 0.719973
380 0.719973
381 0.719973
382 0.719973
383 0.719973
384 0.719973
385 0.719973
386 0.719973
387 0.719973
388 0.719973
389 0.719973
390 0.719973
391 0.719973
392 0.719973
393 0.719973
394 0.719973
395 0.719973
396 0.719973
397 0.719973
398 0.719973
399 0.719973
400 0.719973
