1 0.178311
6 0.101323
11 0.0726235
16 0.0535047
21 0.04811
26 0.04679
31 0.0411431
36 0.0363121
41 0.0331339
46 0.0311325
51 0.0294127
56 0.0274856
61 0.0261755
66 0.0246992
71 0.023544
76 0.0224835
81 0.0215365
86 0.0207716
91 0.0200156
96 0.0193609
101 0.0186674
106 0.0180888
111 0.0174865
116 0.016979
121 0.0164619
126 0.0160586
131 0.0156545
136 0.0152895
141 0.0148429
146 0.0144771
151 0.0141345
156 0.0137976
161 0.0134613
166 0.0131088
171 0.0129287
176 0.0127062
181 0.0123904
186 0.0121885
191 0.0119236
196 0.0117535
200 0.0115324
