1 0.299699
2 0.299603
3 0.299603
4 0.299603
5 0.299603
6 0.299603
7 0.318784
8 0.332069
9 0.341801
10 0.348327
11 0.352215
12 0.355917
13 0.363466
14 0.369592
15 0.376189
16 0.380186
17 0.386201
18 0.390611
19 0.394888
20 0.397557
21 0.400995
22 0.404175
23 0.406141
24 0.408237
25 0.410977
26 0.413539
27 0.415696
28 0.416667
29 0.418418
30 0.420853
31 0.421928
32 0.424348
33 0.425652
34 0.426467
35 0.427727
36 0.429697
37 0.431823
38 0.433017
39 0.433932
40 0.435251
41 0.436
42 0.436863
43 0.437924
44 0.440092
45 0.439866
46 0.441839
47 0.442489
48 0.443682
49 0.444437
50 0.44605
51 0.446631
52 0.447995
53 0.448662
54 0.448561
55 0.449576
56 0.450214
57 0.451902
58 0.451783
59 0.452843
60 0.453477
61 0.454518
62 0.455143
63 0.455548
64 0.45574
65 0.457117
66 0.457901
67 0.458108
68 0.458741
69 0.459723
70 0.459649
71 0.461917
72 0.460411
73 0.462098
74 0.461687
75 0.462701
76 0.463061
77 0.464205
78 0.463583
79 0.465185
80 0.46541
81 0.46601
82 0.466248
83 0.466615
84 0.466269
85 0.466793
86 0.468241
87 0.468983
88 0.468812
89 0.468783
90 0.469149
91 0.469505
92 0.469519
93 0.469216
94 0.471364
95 0.471769
96 0.472461
97 0.471721
98 0.472784
99 0.471912
100 0.474218
101 0.473436
102 0.474886
103 0.474406
104 0.475189
105 0.475158
106 0.475792
107 0.475913
108 0.476083
109 0.475489
110 0.477447
111 0.477162
112 0.47713
113 0.476422
114 0.477837
115 0.478491
116 0.478409
117 0.478673
118 0.478971
119 0.479344
120 0.479316
121 0.478425
122 0.480087
123 0.479858
124 0.481218
125 0.481187
126 0.480301
127 0.481947
128 0.481548
129 0.481717
130 0.481456
131 0.482201
132 0.482821
133 0.481794
134 0.483671
135 0.483298
136 0.482987
137 0.483285
138 0.484194
139 0.483296
140 0.483598
141 0.485117
142 0.485063
143 0.485135
144 0.484182
145 0.484626
146 0.486081
147 0.484541
148 0.485884
149 0.486359
150 0.485857
151 0.485852
152 0.487364
153 0.487161
154 0.487177
155 0.486739
156 0.486532
157 0.486367
158 0.487746
159 0.487897
160 0.487096
161 0.488918
162 0.48858
163 0.488875
164 0.488771
165 0.489875
166 0.489002
167 0.489008
168 0.488916
169 0.489994
170 0.48913
171 0.48944
172 0.489916
173 0.490266
174 0.490155
175 0.490524
176 0.490224
177 0.490113
178 0.491386
179 0.491078
180 0.491626
181 0.490528
182 0.491789
183 0.491529
184 0.490888
185 0.49085
186 0.491984
187 0.492235
188 0.49161
189 0.491055
190 0.493504
191 0.492572
192 0.492791
193 0.492857
194 0.492282
195 0.493129
196 0.493599
197 0.494326
198 0.493737
199 0.49345
200 0.493516
201 0.494221
202 0.49404
203 0.494
204 0.494109
205 0.494264
206 0.49367
207 0.494857
208 0.493747
209 0.493979
210 0.493797
211 0.494944
212 0.494536
213 0.495747
214 0.495138
215 0.495293
216 0.495185
217 0.49588
218 0.496294
219 0.495066
220 0.496245
221 0.495732
222 0.496031
223 0.496096
224 0.496787
225 0.497156
226 0.496794
227 0.497364
228 0.49666
229 0.496328
230 0.4967
231 0.49685
232 0.497204
233 0.496344
234 0.497414
235 0.496273
236 0.49813
237 0.497663
238 0.497566
239 0.497986
240 0.498607
241 0.497931
242 0.497966
243 0.498573
244 0.498393
245 0.497578
246 0.498282
247 0.499316
248 0.498061
249 0.498379
250 0.498801
251 0.499119
252 0.499242
253 0.498937
254 0.498076
255 0.498965
256 0.498549
257 0.498334
258 0.499372
259 0.498878
260 0.499733
261 0.500544
262 0.500273
263 0.499817
264 0.501085
265 0.501271
266 0.500679
267 0.500046
268 0.500296
269 0.500174
270 0.500212
271 0.499656
272 0.500665
273 0.500843
274 0.500585
275 0.500066
276 0.500856
277 0.500619
278 0.501429
279 0.500287
280 0.50071
281 0.501406
282 0.500903
283 0.500863
284 0.501809
285 0.501189
286 0.501074
287 0.502295
288 0.501786
289 0.500817
290 0.501966
291 0.501866
292 0.501648
293 0.502191
294 0.50327
295 0.502295
296 0.502376
297 0.502372
298 0.501778
299 0.501701
300 0.50261
301 0.503218
302 0.502989
303 0.503419
304 0.50251
305 0.502559
306 0.502238
307 0.503265
308 0.502675
309 0.502749
310 0.503769
311 0.502729
312 0.502912
313 0.503327
314 0.503021
315 0.503556
316 0.503293
317 0.503745
318 0.503628
319 0.504192
320 0.503667
321 0.503979
322 0.503464
323 0.504054
324 0.504172
325 0.503292
326 0.50542
327 0.504953
328 0.503556
329 0.504813
330 0.503585
331 0.504212
332 0.505302
333 0.504616
334 0.504297
335 0.504267
336 0.504542
337 0.504476
338 0.503751
339 0.504679
340 0.504981
341 0.505255
342 0.504542
343 0.504458
344 0.504894
345 0.505783
346 0.505354
347 0.505491
348 0.505437
349 0.505641
350 0.505668
351 0.504937
352 0.504935
353 0.505152
354 0.505049
355 0.50631
356 0.506063
357 0.505478
358 0.506116
359 0.505548
360 0.505026
361 0.506263
362 0.506331
363 0.505726
364 0.50613
365 0.506122
366 0.506609
367 0.506362
368 0.505522
369 0.506444
370 0.506393
371 0.506412
372 0.507176
373 0.505477
374 0.506584
375 0.506257
376 0.505888
377 0.5064
378 0.507482
379 0.507337
380 0.506975
381 0.506714
382 0.507333
383 0.506455
384 0.507055
385 0.507034
386 0.506558
387 0.506533
388 0.507362
389 0.50723
390 0.507237
391 0.507681
392 0.506545
393 0.507626
394 0.508024
395 0.507093
396 0.508161
397 0.506679
398 0.508402
399 0.507216
400 0.507152
