1 0.458126
2 0.33818
3 0.272267
4 0.234106
5 0.208496
6 0.189937
7 0.176609
8 0.167428
9 0.160174
10 0.154209
11 0.149241
12 0.144703
13 0.140559
14 0.137474
15 0.134942
16 0.13305
17 0.131381
18 0.130171
19 0.128914
20 0.127973
21 0.127051
22 0.126439
23 0.125748
24 0.125274
25 0.124659
26 0.124337
27 0.124088
28 0.123526
29 0.123311
30 0.123027
31 0.122721
32 0.12226
33 0.122126
34 0.121425
35 0.12137
36 0.121144
37 0.120933
38 0.120743
39 0.120554
40 0.12023
41 0.119784
42 0.119715
43 0.119475
44 0.11951
45 0.119284
46 0.11917
47 0.118945
48 0.118823
49 0.118584
50 0.118335
51 0.118301
52 0.118086
53 0.118018
54 0.118113
55 0.117626
56 0.117493
57 0.117405
58 0.117384
59 0.117193
60 0.117154
61 0.116784
62 0.11671
63 0.116381
64 0.116201
65 0.116335
66 0.1164
67 0.115981
68 0.116069
69 0.115813
70 0.115714
71 0.115687
72 0.115456
73 0.115251
74 0.115382
75 0.115229
76 0.114988
77 0.115039
78 0.114902
79 0.114725
80 0.114708
81 0.114636
82 0.114402
83 0.114456
84 0.114266
85 0.114066
86 0.114156
87 0.11404
88 0.114014
89 0.113854
90 0.113875
91 0.113678
92 0.113706
93 0.113864
94 0.113533
95 0.113364
96 0.113361
97 0.113222
98 0.11301
99 0.113163
100 0.113005
101 0.11287
102 0.112882
103 0.11282
104 0.112693
105 0.112635
106 0.112679
107 0.112581
108 0.1125
109 0.112459
110 0.112376
111 0.1122
112 0.112165
113 0.112254
114 0.112133
115 0.112022
116 0.111965
117 0.111878
118 0.111761
119 0.111676
120 0.111756
121 0.111574
122 0.111547
123 0.111421
124 0.111379
125 0.111322
126 0.111341
127 0.111251
128 0.111114
129 0.111157
130 0.111141
131 0.1112
132 0.111111
133 0.111033
134 0.110982
135 0.110891
136 0.110825
137 0.110751
138 0.110698
139 0.110643
140 0.11068
141 0.110596
142 0.110557
143 0.110422
144 0.110458
145 0.110368
146 0.110217
147 0.110097
148 0.110282
149 0.110239
150 0.110258
151 0.110127
152 0.110047
153 0.110064
154 0.109991
155 0.109947
156 0.109867
157 0.109796
158 0.109838
159 0.109854
160 0.109715
161 0.109692
162 0.109697
163 0.109644
164 0.109582
165 0.109591
166 0.109601
167 0.109494
168 0.109571
169 0.109432
170 0.109262
171 0.109315
172 0.109163
173 0.109163
174 0.109212
175 0.109075
176 0.10913
177 0.109021
178 0.109136
179 0.109005
180 0.109003
181 0.10885
182 0.108964
183 0.108889
184 0.10885
185 0.108841
186 0.108838
187 0.108629
188 0.108745
189 0.108678
190 0.108579
191 0.108471
192 0.108559
193 0.108655
194 0.108575
195 0.108499
196 0.108473
197 0.108357
198 0.108377
199 0.108291
200 0.10836
201 0.108251
202 0.108255
203 0.108206
204 0.108162
205 0.108039
206 0.108142
207 0.108024
208 0.107974
209 0.108025
210 0.108059
211 0.107982
212 0.10795
213 0.107842
214 0.107882
215 0.107882
216 0.107936
217 0.107848
218 0.107826
219 0.107802
220 0.107664
221 0.107692
222 0.107761
223 0.107646
224 0.107566
225 0.107672
226 0.107646
227 0.107595
228 0.107489
229 0.107459
230 0.107464
231 0.107486
232 0.107426
233 0.107311
234 0.107435
235 0.107295
236 0.107303
237 0.107259
238 0.107219
239 0.107222
240 0.107177
241 0.107121
242 0.107111
243 0.107139
244 0.107076
245 0.107111
246 0.107048
247 0.107029
248 0.107044
249 0.107073
250 0.106969
251 0.106909
252 0.106863
253 0.10691
254 0.106879
255 0.106713
256 0.106844
257 0.106847
258 0.106739
259 0.106679
260 0.106768
261 0.106798
262 0.10665
263 0.106659
264 0.106724
265 0.106613
266 0.106554
267 0.106586
268 0.106612
269 0.106537
270 0.106536
271 0.106539
272 0.106421
273 0.106387
274 0.106346
275 0.106401
276 0.1064
277 0.106432
278 0.106252
279 0.106303
280 0.106333
281 0.106324
282 0.106231
283 0.10634
284 0.106321
285 0.106248
286 0.106193
287 0.10622
288 0.106176
289 0.106085
290 0.106003
291 0.105991
292 0.106018
293 0.106163
294 0.10605
295 0.106023
296 0.106027
297 0.105912
298 0.105914
299 0.106032
300 0.105965
301 0.105872
302 0.105888
303 0.105845
304 0.105847
305 0.105846
306 0.105778
307 0.105693
308 0.105827
309 0.105904
310 0.105767
311 0.105778
312 0.105699
313 0.105599
314 0.105746
315 0.105653
316 0.105643
317 0.105605
318 0.105608
319 0.105571
320 0.105513
321 0.105621
322 0.105521
323 0.10547
324 0.105571
325 0.105422
326 0.105458
327 0.10546
328 0.105582
329 0.105386
330 0.105456
331 0.105386
332 0.105392
333 0.105448
334 0.105407
335 0.105331
336 0.105313
337 0.10534
338 0.105294
339 0.105284
340 0.105176
341 0.105307
342 0.105282
343 0.105133
344 0.105149
345 0.105115
346 0.10506
347 0.105069
348 0.105116
349 0.105082
350 0.105135
351 0.105051
352 0.104985
353 0.105046
354 0.105044
355 0.104922
356 0.105036
357 0.104939
358 0.104923
359 0.104949
360 0.104975
361 0.104986
362 0.104842
363 0.105001
364 0.104823
365 0.105033
366 0.104902
367 0.10479
368 0.104879
369 0.104836
370 0.10479
371 0.104765
372 0.10477
373 0.104713
374 0.104808
375 0.104651
376 0.104772
377 0.104749
378 0.104708
379 0.104662
380 0.104622
381 0.104551
382 0.1047
383 0.104678
384 0.10461
385 0.104572
386 0.104561
387 0.104564
388 0.104575
389 0.104516
390 0.104549
391 0.104447
392 0.10449
393 0.104471
394 0.10446
395 0.104455
396 0.104485
397 0.104415
398 0.104426
399 0.104405
400 0.104366
