3 0.744015
4 0.523094
5 0.402412
6 0.344909
7 0.289975
8 0.248674
9 0.229894
10 0.205854
11 0.225885
12 0.199683
13 0.185738
14 0.181944
15 0.176563
16 0.167718
17 0.158615
18 0.167115
19 0.160987
20 0.153519
21 0.155648
22 0.151033
23 0.146482
24 0.140589
25 0.137717
26 0.13545
27 0.132115
28 0.129287
29 0.127219
30 0.125416
31 0.121765
32 0.11988
33 0.117574
34 0.115227
35 0.112629
36 0.111059
37 0.109224
38 0.106834
39 0.104585
40 0.102766
41 0.101407
42 0.099514
43 0.0980107
44 0.0967966
45 0.0952299
46 0.0936363
47 0.0919828
48 0.0908028
49 0.08959
50 0.0882687
51 0.0870067
52 0.0860972
53 0.0847052
54 0.0838652
55 0.0828118
56 0.0819258
57 0.0806518
58 0.0799729
59 0.0789536
60 0.0782784
61 0.0774055
62 0.0763366
63 0.0756777
64 0.0750798
65 0.074225
66 0.0734959
67 0.0727459
68 0.072066
69 0.0714589
70 0.0708552
71 0.0700896
72 0.0695258
73 0.0690032
74 0.0684793
75 0.0680826
76 0.0673314
77 0.0667935
78 0.0662734
79 0.065676
80 0.0652721
81 0.0645318
82 0.0640231
83 0.0635747
84 0.0633306
85 0.0627346
86 0.0623023
87 0.0618395
88 0.061555
89 0.0610971
90 0.0606773
91 0.060422
92 0.0599278
93 0.0595193
94 0.0591162
95 0.0587014
96 0.0583028
97 0.0580028
98 0.0576105
99 0.0572991
100 0.0567951
101 0.0565854
102 0.0560765
103 0.0558941
104 0.0554798
105 0.0552742
106 0.0549575
107 0.0546996
108 0.0543573
109 0.0539473
110 0.0536043
111 0.0533203
112 0.0530686
113 0.052796
114 0.0525521
115 0.0521951
116 0.0519571
117 0.0515977
118 0.051524
119 0.051223
120 0.0508672
121 0.0507063
122 0.0502783
123 0.0500491
124 0.049787
125 0.0496689
126 0.0493899
127 0.0489976
128 0.0488801
129 0.0486564
130 0.0483808
131 0.0481654
132 0.0478538
133 0.047717
134 0.0474237
135 0.0472418
136 0.0469181
137 0.0468107
138 0.0464877
139 0.0465112
140 0.0461502
141 0.045909
142 0.0457161
143 0.0455298
144 0.0453825
145 0.0452219
146 0.0449823
147 0.0447818
148 0.0445209
149 0.0444289
150 0.0442995
151 0.0440912
152 0.0438736
153 0.0437364
154 0.0433773
155 0.0431791
156 0.0431629
157 0.0429284
158 0.0428534
159 0.0426046
160 0.0424535
161 0.0421996
162 0.0419539
163 0.0418705
164 0.0416793
165 0.0414837
166 0.0414872
167 0.0413383
168 0.0411467
169 0.0409216
170 0.0407167
171 0.0406645
172 0.0405005
173 0.0404199
174 0.0400601
175 0.0400045
176 0.0398807
177 0.0397408
178 0.0396408
179 0.0394171
180 0.0392463
181 0.0391551
182 0.0390677
183 0.0388446
184 0.0387682
185 0.0386419
186 0.0383575
187 0.0383111
188 0.0382651
189 0.0379987
190 0.0379672
191 0.0377836
192 0.0377282
193 0.0373927
194 0.0373598
195 0.0373019
196 0.0371416
197 0.037135
198 0.0369066
199 0.0367633
200 0.0367354
201 0.0365631
202 0.0365704
203 0.0363431
204 0.0361715
205 0.0360763
206 0.0359857
207 0.0359021
208 0.0357312
209 0.0356162
210 0.0355153
211 0.0354392
212 0.0353286
213 0.0352454
214 0.0350651
215 0.0349909
216 0.0349056
217 0.0347326
218 0.0345751
219 0.034729
220 0.0344267
221 0.0343602
222 0.0342255
223 0.0341903
224 0.0340026
225 0.0338829
226 0.0338722
227 0.0337804
228 0.0336483
229 0.0335044
230 0.0334452
231 0.0333302
232 0.0333184
233 0.0330677
234 0.0330762
235 0.0328908
236 0.0329041
237 0.0327532
238 0.032636
239 0.0325815
240 0.032528
241 0.0324188
242 0.0322851
243 0.0322562
244 0.0320493
245 0.0319195
246 0.0319975
247 0.0317799
248 0.0317311
249 0.0316872
250 0.0315867
251 0.0314165
252 0.0314558
253 0.0312596
254 0.0312831
255 0.0313116
256 0.0310723
257 0.0309933
258 0.0308861
259 0.0309502
260 0.0306879
261 0.0306868
262 0.0305831
263 0.0306056
264 0.0304233
265 0.0304782
266 0.0303639
267 0.0302275
268 0.0302043
269 0.0300431
270 0.0300133
271 0.0300121
272 0.0298437
273 0.0298848
274 0.0297067
275 0.0296203
276 0.029563
277 0.0294996
278 0.0294362
279 0.0293712
280 0.0293539
281 0.0291645
282 0.0291312
283 0.0290591
284 0.0289376
285 0.0289392
286 0.0288297
287 0.0288684
288 0.0286904
289 0.0286393
290 0.028493
291 0.0284745
292 0.0284805
293 0.028429
294 0.0282362
295 0.0282377
296 0.0282197
297 0.0280578
298 0.0280491
299 0.0279326
300 0.0278625
301 0.0279214
302 0.0277789
303 0.027659
304 0.0275706
305 0.0276936
306 0.0275599
307 0.0275469
308 0.0274712
309 0.0272962
310 0.027318
311 0.0272716
312 0.0271417
313 0.0271169
314 0.0270658
315 0.0270414
316 0.0269652
317 0.0269132
318 0.0268566
319 0.0267275
320 0.0267285
321 0.0265887
322 0.0265469
323 0.0264868
324 0.0264382
325 0.0265074
326 0.0263151
327 0.0262358
328 0.0261961
329 0.0261448
330 0.0262051
331 0.0260462
332 0.0260112
333 0.0259638
334 0.0258872
335 0.025817
336 0.0257684
337 0.0258
338 0.0257111
339 0.0256627
340 0.0256062
341 0.025593
342 0.0255569
343 0.0255149
344 0.0254797
345 0.0253693
346 0.0251943
347 0.0252673
348 0.0251722
349 0.0250811
350 0.0250306
351 0.0249974
352 0.0249633
353 0.0249319
354 0.0249563
355 0.0248048
356 0.0248303
357 0.0247113
358 0.0246078
359 0.0246377
360 0.0246276
361 0.0245754
362 0.0244938
363 0.0244378
364 0.0244625
365 0.0243784
366 0.0242922
367 0.0242143
368 0.0241855
369 0.024258
370 0.0240874
371 0.0241121
372 0.0239571
373 0.0241102
374 0.0238788
375 0.0239151
376 0.0238089
377 0.0237885
378 0.0237547
379 0.0237773
380 0.0236573
381 0.0236415
382 0.0235436
383 0.0235539
384 0.023521
385 0.0234673
386 0.0233909
387 0.0233934
388 0.0234009
389 0.023318
390 0.023279
391 0.023232
392 0.0231809
393 0.0231309
394 0.0231239
395 0.023032
396 0.0230043
397 0.0230221
398 0.0229081
399 0.0229212
400 0.0229479
