1 0.500711
2 0.498889
3 0.500524
4 0.500339
5 0.499109
6 0.500117
7 0.499874
8 0.501002
9 0.500522
10 0.500604
11 0.500036
12 0.499586
13 0.499783
14 0.499863
15 0.500802
16 0.499622
17 0.500606
18 0.499796
19 0.500173
20 0.49986
21 0.500114
22 0.500716
23 0.499708
24 0.500007
25 0.500584
26 0.499748
27 0.516423
28 0.525509
29 0.526838
30 0.529997
31 0.53717
32 0.540017
33 0.542187
34 0.544611
35 0.548002
36 0.550872
37 0.550778
38 0.552463
39 0.553181
40 0.555342
41 0.557493
42 0.558125
43 0.559406
44 0.561675
45 0.563051
46 0.562093
47 0.564529
48 0.565943
49 0.564808
50 0.567012
51 0.568726
52 0.567936
53 0.569739
54 0.569987
55 0.569242
56 0.571089
57 0.570868
58 0.570004
59 0.570191
60 0.571065
61 0.569853
62 0.570185
63 0.569839
64 0.570056
65 0.570199
66 0.569269
67 0.569182
68 0.568773
69 0.569534
70 0.568549
71 0.569498
72 0.569558
73 0.567632
74 0.567299
75 0.567606
76 0.56828
77 0.566079
78 0.566862
79 0.566643
80 0.566721
81 0.565832
82 0.566259
83 0.566077
84 0.566127
85 0.565413
86 0.565579
87 0.565541
88 0.566009
89 0.56602
90 0.567254
91 0.566749
92 0.566616
93 0.567391
94 0.566848
95 0.567139
96 0.56695
97 0.566596
98 0.567203
99 0.567265
100 0.56816
101 0.5679
102 0.56796
103 0.568637
104 0.567991
105 0.568707
106 0.568358
107 0.569739
108 0.569876
109 0.569179
110 0.570171
111 0.570787
112 0.571319
113 0.571053
114 0.57087
115 0.572195
116 0.570889
117 0.572073
118 0.572142
119 0.572533
120 0.573083
121 0.572863
122 0.573757
123 0.573563
124 0.574798
125 0.574273
126 0.574464
127 0.575236
128 0.575906
129 0.57546
130 0.576017
131 0.576795
132 0.576752
133 0.576554
134 0.57714
135 0.577735
136 0.576376
137 0.577843
138 0.57832
139 0.578021
140 0.578271
141 0.578508
142 0.578169
143 0.578942
144 0.578687
145 0.57933
146 0.579489
147 0.580257
148 0.579776
149 0.579712
150 0.579595
151 0.580355
152 0.579664
153 0.580481
154 0.580927
155 0.581999
156 0.580999
157 0.581252
158 0.581931
159 0.581173
160 0.582273
161 0.581999
162 0.582735
163 0.582379
164 0.583081
165 0.582699
166 0.582753
167 0.583015
168 0.582894
169 0.583945
170 0.583126
171 0.584387
172 0.584516
173 0.583747
174 0.584122
175 0.583321
176 0.585288
177 0.584472
178 0.584409
179 0.584267
180 0.58469
181 0.584393
182 0.585059
183 0.584321
184 0.585452
185 0.584828
186 0.586381
187 0.585978
188 0.585883
189 0.585631
190 0.585658
191 0.585738
192 0.585934
193 0.586241
194 0.58562
195 0.586562
196 0.585442
197 0.586195
198 0.587021
199 0.586614
200 0.587459
201 0.587283
202 0.586995
203 0.587498
204 0.587064
205 0.586916
206 0.586734
207 0.588126
208 0.587615
209 0.587605
210 0.587436
211 0.587811
212 0.588436
213 0.588432
214 0.587993
215 0.58798
216 0.588422
217 0.588637
218 0.587947
219 0.588074
220 0.587877
221 0.588565
222 0.588808
223 0.589113
224 0.589476
225 0.588291
226 0.588983
227 0.589076
228 0.588554
229 0.589605
230 0.588779
231 0.589892
232 0.590181
233 0.589907
234 0.589415
235 0.589673
236 0.589251
237 0.590668
238 0.589948
239 0.590397
240 0.589659
241 0.59035
242 0.59094
243 0.590618
244 0.590105
245 0.59121
246 0.590753
247 0.59096
248 0.591022
249 0.5912
250 0.590788
251 0.59137
252 0.591492
253 0.591684
254 0.591162
255 0.590478
256 0.59136
257 0.591072
258 0.590987
259 0.591439
260 0.592157
261 0.592222
262 0.591701
263 0.591304
264 0.591466
265 0.591119
266 0.591777
267 0.591413
268 0.592476
269 0.592248
270 0.592283
271 0.591792
272 0.592571
273 0.59206
274 0.59187
275 0.592598
276 0.592655
277 0.592827
278 0.592162
279 0.592557
280 0.592345
281 0.593295
282 0.592481
283 0.593246
284 0.592446
285 0.591843
286 0.59226
287 0.592939
288 0.593786
289 0.593948
290 0.593388
291 0.592372
292 0.593391
293 0.593699
294 0.593897
295 0.592745
296 0.593861
297 0.594076
298 0.593886
299 0.593678
300 0.593564
301 0.594127
302 0.593442
303 0.594171
304 0.595152
305 0.593796
306 0.59395
307 0.594411
308 0.59405
309 0.593898
310 0.59462
311 0.593569
312 0.594315
313 0.594113
314 0.594347
315 0.593984
316 0.594193
317 0.594468
318 0.594155
319 0.595014
320 0.593398
321 0.594699
322 0.594147
323 0.593876
324 0.594171
325 0.594149
326 0.59405
327 0.594868
328 0.595346
329 0.594439
330 0.594451
331 0.593533
332 0.595627
333 0.594857
334 0.594726
335 0.595102
336 0.595008
337 0.594506
338 0.595947
339 0.59402
340 0.595424
341 0.595042
342 0.595176
343 0.594723
344 0.594817
345 0.595567
346 0.595662
347 0.594626
348 0.59554
349 0.595699
350 0.595085
351 0.595462
352 0.594771
353 0.595332
354 0.595252
355 0.595917
356 0.595858
357 0.596554
358 0.594904
359 0.595563
360 0.595701
361 0.595302
362 0.595624
363 0.596064
364 0.596432
365 0.595967
366 0.596839
367 0.596128
368 0.595788
369 0.59649
370 0.595976
371 0.596118
372 0.596183
373 0.59629
374 0.596187
375 0.59589
376 0.596025
377 0.596031
378 0.596438
379 0.596459
380 0.596434
381 0.59614
382 0.597218
383 0.596883
384 0.596891
385 0.596993
386 0.5965
387 0.596484
388 0.596731
389 0.597262
390 0.596835
391 0.597095
392 0.596733
393 0.596193
394 0.596727
395 0.596884
396 0.597602
397 0.59607
398 0.597156
399 0.596917
400 0.59758
