1 0.110132
2 0.110177
3 0.110153
4 0.110182
5 0.110138
6 0.110153
7 0.110168
8 0.110151
9 0.110153
10 0.110161
11 0.110146
12 0.110153
13 0.110159
14 0.110167
15 0.110153
16 0.110155
17 0.110149
18 0.110153
19 0.110152
20 0.110155
21 0.110153
22 0.110149
23 0.110145
24 0.110153
25 0.110149
26 0.110148
27 0.10953
28 0.10866
29 0.107781
30 0.106861
31 0.10578
32 0.104658
33 0.10353
34 0.102409
35 0.101255
36 0.100109
37 0.0990122
38 0.0979329
39 0.0968731
40 0.0958191
41 0.0947702
42 0.0937423
43 0.0927425
44 0.0917453
45 0.0907672
46 0.0898242
47 0.088882
48 0.0879593
49 0.0870711
50 0.0861838
51 0.0853197
52 0.0844778
53 0.0836571
54 0.0828593
55 0.0820819
56 0.0813276
57 0.0805979
58 0.0798923
59 0.0792106
60 0.0785538
61 0.0779173
62 0.0773058
63 0.0767149
64 0.0761405
65 0.0755879
66 0.0750545
67 0.0745398
68 0.0740437
69 0.073564
70 0.0731006
71 0.0726547
72 0.0722274
73 0.0718164
74 0.0714186
75 0.0710333
76 0.0706635
77 0.0703086
78 0.0699657
79 0.0696338
80 0.0693103
81 0.0689965
82 0.0686918
83 0.0683946
84 0.068106
85 0.0678241
86 0.0675484
87 0.0672792
88 0.0670151
89 0.0667553
90 0.0665002
91 0.0662494
92 0.066003
93 0.0657613
94 0.0655235
95 0.0652894
96 0.0650593
97 0.0648328
98 0.0646102
99 0.0643887
100 0.0641699
101 0.0639536
102 0.0637397
103 0.0635288
104 0.0633193
105 0.0631123
106 0.0629061
107 0.0627007
108 0.0624966
109 0.0622948
110 0.0620935
111 0.0618923
112 0.0616918
113 0.061493
114 0.0612953
115 0.0610979
116 0.0609012
117 0.0607057
118 0.0605105
119 0.0603161
120 0.060122
121 0.0599285
122 0.0597356
123 0.0595432
124 0.0593516
125 0.0591605
126 0.058971
127 0.0587823
128 0.0585943
129 0.058407
130 0.0582205
131 0.0580348
132 0.0578502
133 0.0576664
134 0.0574835
135 0.0573014
136 0.0571209
137 0.0569416
138 0.0567629
139 0.0565853
140 0.0564087
141 0.0562329
142 0.0560584
143 0.0558856
144 0.0557132
145 0.0555414
146 0.0553705
147 0.0552007
148 0.055032
149 0.0548644
150 0.0546974
151 0.0545314
152 0.0543666
153 0.0542028
154 0.0540399
155 0.0538777
156 0.0537168
157 0.0535566
158 0.0533977
159 0.0532396
160 0.0530821
161 0.0529255
162 0.0527705
163 0.0526165
164 0.0524637
165 0.0523114
166 0.0521599
167 0.0520091
168 0.051859
169 0.05171
170 0.051562
171 0.0514149
172 0.0512689
173 0.0511237
174 0.0509794
175 0.0508365
176 0.0506941
177 0.0505525
178 0.050412
179 0.0502726
180 0.0501343
181 0.0499971
182 0.0498602
183 0.0497245
184 0.0495895
185 0.0494553
186 0.0493219
187 0.0491894
188 0.0490578
189 0.048927
190 0.0487969
191 0.0486677
192 0.0485394
193 0.0484118
194 0.0482852
195 0.0481595
196 0.0480346
197 0.0479105
198 0.047787
199 0.0476644
200 0.0475424
201 0.0474212
202 0.0473008
203 0.0471806
204 0.0470613
205 0.0469428
206 0.0468249
207 0.0467078
208 0.0465914
209 0.0464757
210 0.0463606
211 0.046246
212 0.046132
213 0.046019
214 0.0459066
215 0.0457948
216 0.0456837
217 0.0455733
218 0.0454635
219 0.0453543
220 0.0452459
221 0.045138
222 0.0450306
223 0.0449237
224 0.0448174
225 0.044712
226 0.0446068
227 0.0445022
228 0.0443984
229 0.0442952
230 0.0441925
231 0.0440902
232 0.0439886
233 0.0438877
234 0.0437874
235 0.0436875
236 0.0435882
237 0.0434893
238 0.0433911
239 0.0432935
240 0.0431964
241 0.0430998
242 0.0430036
243 0.0429082
244 0.0428133
245 0.0427189
246 0.0426249
247 0.0425313
248 0.0424381
249 0.0423453
250 0.042253
251 0.0421613
252 0.04207
253 0.0419793
254 0.0418891
255 0.0417992
256 0.0417097
257 0.0416207
258 0.0415321
259 0.041444
260 0.0413562
261 0.0412689
262 0.041182
263 0.0410957
264 0.0410098
265 0.0409242
266 0.0408391
267 0.0407544
268 0.0406701
269 0.0405862
270 0.0405028
271 0.0404199
272 0.0403373
273 0.0402552
274 0.0401735
275 0.0400923
276 0.0400114
277 0.0399307
278 0.0398505
279 0.0397705
280 0.0396909
281 0.0396118
282 0.039533
283 0.0394545
284 0.0393765
285 0.0392989
286 0.0392216
287 0.0391449
288 0.0390685
289 0.0389925
290 0.0389168
291 0.0388415
292 0.0387665
293 0.0386918
294 0.0386175
295 0.0385435
296 0.0384698
297 0.0383964
298 0.0383234
299 0.0382506
300 0.0381782
301 0.0381061
302 0.0380343
303 0.0379628
304 0.0378916
305 0.0378208
306 0.0377504
307 0.0376804
308 0.0376107
309 0.0375412
310 0.0374721
311 0.0374032
312 0.0373347
313 0.0372665
314 0.0371986
315 0.0371311
316 0.0370638
317 0.0369969
318 0.0369303
319 0.036864
320 0.036798
321 0.0367323
322 0.036667
323 0.0366018
324 0.036537
325 0.0364724
326 0.0364081
327 0.0363441
328 0.0362804
329 0.0362169
330 0.0361538
331 0.036091
332 0.0360284
333 0.035966
334 0.0359038
335 0.0358419
336 0.0357804
337 0.0357191
338 0.0356579
339 0.0355971
340 0.0355364
341 0.0354762
342 0.035416
343 0.0353561
344 0.0352963
345 0.0352369
346 0.0351777
347 0.0351188
348 0.0350601
349 0.0350017
350 0.0349435
351 0.0348856
352 0.0348278
353 0.0347704
354 0.0347131
355 0.0346562
356 0.0345995
357 0.0345428
358 0.0344865
359 0.0344305
360 0.0343747
361 0.0343191
362 0.0342637
363 0.0342086
364 0.0341537
365 0.0340991
366 0.0340446
367 0.0339905
368 0.0339365
369 0.0338829
370 0.0338294
371 0.0337762
372 0.0337232
373 0.0336703
374 0.0336177
375 0.0335651
376 0.0335128
377 0.0334607
378 0.0334088
379 0.0333571
380 0.0333056
381 0.0332543
382 0.0332032
383 0.0331522
384 0.0331015
385 0.033051
386 0.0330007
387 0.0329506
388 0.0329007
389 0.032851
390 0.0328014
391 0.032752
392 0.0327028
393 0.0326538
394 0.032605
395 0.0325563
396 0.0325077
397 0.0324593
398 0.0324111
399 0.032363
400 0.0323151
