1 0.610115
2 0.610115
3 0.610115
4 0.610115
5 0.610115
6 0.610115
7 0.610115
8 0.610115
9 0.610115
10 0.610115
11 0.610115
12 0.610115
13 0.610115
14 0.610115
15 0.610115
16 0.610115
17 0.610115
18 0.610115
19 0.610115
20 0.610115
21 0.610115
22 0.610115
23 0.610115
24 0.610115
25 0.610115
26 0.610115
27 0.610115
28 0.610115
29 0.610115
30 0.610115
31 0.610115
32 0.610115
33 0.610115
34 0.610115
35 0.610115
36 0.610115
37 0.610115
38 0.610115
39 0.610115
40 0.610115
41 0.610115
42 0.610115
43 0.610115
44 0.610115
45 0.610115
46 0.610115
47 0.610115
48 0.610115
49 0.610115
50 0.610115
51 0.610115
52 0.610115
53 0.610115
54 0.610115
55 0.610115
56 0.610115
57 0.610115
58 0.610115
59 0.610115
60 0.610115
61 0.610115
62 0.610115
63 0.610115
64 0.610115
65 0.610115
66 0.610115
67 0.610115
68 0.610115
69 0.610115
70 0.610115
71 0.610115
72 0.610115
73 0.610115
74 0.610115
75 0.610115
76 0.610115
77 0.610115
78 0.610115
79 0.610115
80 0.610115
81 0.610115
82 0.610115
83 0.610115
84 0.610115
85 0.610115
86 0.610115
87 0.610115
88 0.610115
89 0.610115
90 0.610115
91 0.610115
92 0.610115
93 0.610115
94 0.610115
95 0.610115
96 0.610115
97 0.610115
98 0.610115
99 0.610115
100 0.610115
101 0.610115
102 0.610115
103 0.610115
104 0.610115
105 0.610115
106 0.610115
107 0.610115
108 0.610115
109 0.610115
110 0.610115
111 0.610115
112 0.610115
113 0.610115
114 0.610115
115 0.610115
116 0.610115
117 0.610115
118 0.610115
119 0.610115
120 0.610115
121 0.610115
122 0.610115
123 0.610115
124 0.610115
125 0.610115
126 0.610115
127 0.610115
128 0.610115
129 0.610115
130 0.610115
131 0.610115
132 0.610115
133 0.610115
134 0.610115
135 0.610115
136 0.610115
137 0.610115
138 0.610115
139 0.610115
140 0.610115
141 0.610115
142 0.610115
143 0.610115
144 0.610115
145 0.610115
146 0.610115
147 0.610115
148 0.610115
149 0.610115
150 0.610115
151 0.610115
152 0.610115
153 0.610115
154 0.610115
155 0.610115
156 0.610115
157 0.610115
158 0.610115
159 0.610115
160 0.610115
161 0.610115
162 0.610115
163 0.610115
164 0.610115
165 0.610115
166 0.610115
167 0.610115
168 0.610115
169 0.610115
170 0.610115
171 0.610115
172 0.610115
173 0.610115
174 0.610115
175 0.610115
176 0.610115
177 0.610115
178 0.610115
179 0.610115
180 0.610115
181 0.610115
182 0.610115
183 0.610115
184 0.610115
185 0.610115
186 0.610115
187 0.610115
188 0.610115
189 0.610115
190 0.610115
191 0.610115
192 0.610115
193 0.610115
194 0.610115
195 0.610115
196 0.610115
197 0.610115
198 0.610115
199 0.610115
200 0.610115
201 0.610115
202 0.610115
203 0.610115
204 0.610115
205 0.610115
206 0.610115
207 0.610115
208 0.610115
209 0.610115
210 0.610115
211 0.610115
212 0.610115
213 0.610115
214 0.610115
215 0.610115
216 0.610115
217 0.610115
218 0.610115
219 0.610115
220 0.610115
221 0.610115
222 0.610115
223 0.610115
224 0.610115
225 0.610115
226 0.610115
227 0.610115
228 0.610115
229 0.610115
230 0.610115
231 0.610115
232 0.610115
233 0.610115
234 0.610115
235 0.610115
236 0.610115
237 0.610115
238 0.610115
239 0.610115
240 0.610115
241 0.610115
242 0.610115
243 0.610115
244 0.610115
245 0.610115
246 0.610115
247 0.610115
248 0.610115
249 0.610115
250 0.610115
251 0.610115
252 0.610115
253 0.610115
254 0.610115
255 0.610115
256 0.610115
257 0.610115
258 0.610115
259 0.610115
260 0.610115
261 0.610115
262 0.610115
263 0.610115
264 0.610115
265 0.610115
266 0.610115
267 0.610115
268 0.610115
269 0.610115
270 0.610115
271 0.610115
272 0.610115
273 0.610115
274 0.610115
275 0.610115
276 0.610115
277 0.610115
278 0.610115
279 0.610115
280 0.610115
281 0.610115
282 0.610115
283 0.610115
284 0.610115
285 0.610115
286 0.610115
287 0.610115
288 0.610115
289 0.610115
290 0.610115
291 0.610115
292 0.610115
293 0.610115
294 0.610115
295 0.610115
296 0.610115
297 0.610115
298 0.610115
299 0.610115
300 0.610115
301 0.610115
302 0.610115
303 0.610115
304 0.610115
305 0.610115
306 0.610115
307 0.610115
308 0.610115
309 0.610115
310 0.610115
311 0.610115
312 0.610115
313 0.610115
314 0.610115
315 0.610115
316 0.610115
317 0.610115
318 0.610115
319 0.610115
320 0.610115
321 0.610115
322 0.610115
323 0.610115
324 0.610115
325 0.610115
326 0.610115
327 0.610115
328 0.610115
329 0.610115
330 0.610115
331 0.610115
332 0.610115
333 0.610115
334 0.610115
335 0.610115
336 0.610115
337 0.610115
338 0.610115
339 0.610115
340 0.610115
341 0.610115
342 0.610115
343 0.610115
344 0.610115
345 0.610115
346 0.610115
347 0.610115
348 0.610115
349 0.610115
350 0.610115
351 0.610115
352 0.610115
353 0.610115
354 0.610115
355 0.610115
356 0.610115
357 0.610115
358 0.610115
359 0.610115
360 0.610115
361 0.610115
362 0.610115
363 0.610115
364 0.610115
365 0.610115
366 0.610115
367 0.610115
368 0.610115
369 0.610115
370 0.610115
371 0.610115
372 0.610115
373 0.610115
374 0.610115
375 0.610115
376 0.610115
377 0.610115
378 0.610115
379 0.610115
380 0.610115
381 0.610115
382 0.610115
383 0.610115
384 0.610115
385 0.610115
386 0.610115
387 0.610115
388 0.610115
389 0.610115
390 0.610115
391 0.610115
392 0.610115
393 0.610115
394 0.610115
395 0.610115
396 0.610115
397 0.610115
398 0.610115
399 0.610115
400 0.610115
