1 0.393712
2 0.431191
3 0.450091
4 0.466527
5 0.483389
6 0.496197
7 0.507661
8 0.519428
9 0.528946
10 0.538156
11 0.547257
12 0.555131
13 0.562633
14 0.569671
15 0.576526
16 0.582963
17 0.589111
18 0.594831
19 0.600175
20 0.605698
21 0.611036
22 0.615284
23 0.620245
24 0.624701
25 0.628912
26 0.633244
27 0.637386
28 0.6412
29 0.644769
30 0.648773
31 0.652367
32 0.655796
33 0.659401
34 0.662588
35 0.665566
36 0.668876
37 0.671842
38 0.674582
39 0.677369
40 0.680103
41 0.682651
42 0.685414
43 0.687872
44 0.690297
45 0.692644
46 0.694768
47 0.69718
48 0.699184
49 0.70151
50 0.703408
51 0.705507
52 0.707317
53 0.709308
54 0.711713
55 0.713263
56 0.715227
57 0.717005
58 0.718925
59 0.720689
60 0.722478
61 0.724296
62 0.726042
63 0.727624
64 0.729194
65 0.73085
66 0.73227
67 0.733993
68 0.73551
69 0.736806
70 0.738356
71 0.74004
72 0.741506
73 0.742943
74 0.744343
75 0.745999
76 0.747497
77 0.748465
78 0.749669
79 0.750803
80 0.752292
81 0.753319
82 0.754663
83 0.755959
84 0.75721
85 0.758446
86 0.759516
87 0.760873
88 0.761986
89 0.763013
90 0.764145
91 0.765268
92 0.766448
93 0.767209
94 0.768329
95 0.769421
96 0.770491
97 0.771475
98 0.772196
99 0.773161
100 0.774149
101 0.775118
102 0.77592
103 0.776555
104 0.777465
105 0.778412
106 0.779239
107 0.780033
108 0.780931
109 0.78174
110 0.782584
111 0.78354
112 0.784465
113 0.785019
114 0.785718
115 0.786627
116 0.787265
117 0.788191
118 0.788858
119 0.789571
120 0.790543
121 0.791175
122 0.792051
123 0.792704
124 0.793272
125 0.794007
126 0.794518
127 0.795106
128 0.79595
129 0.796631
130 0.797248
131 0.797926
132 0.798624
133 0.799288
134 0.799796
135 0.800252
136 0.800963
137 0.801527
138 0.80227
139 0.802982
140 0.803421
141 0.804057
142 0.804499
143 0.804986
144 0.805496
145 0.806075
146 0.806484
147 0.807193
148 0.807612
149 0.808253
150 0.808627
151 0.809322
152 0.809637
153 0.810336
154 0.810968
155 0.811495
156 0.812002
157 0.812634
158 0.813021
159 0.81369
160 0.814195
161 0.814566
162 0.81531
163 0.815762
164 0.816131
165 0.816663
166 0.817196
167 0.81758
168 0.818094
169 0.818554
170 0.818951
171 0.819584
172 0.820063
173 0.820545
174 0.820761
175 0.8213
176 0.821805
177 0.822325
178 0.822609
179 0.823109
180 0.823616
181 0.823962
182 0.824307
183 0.824748
184 0.824915
185 0.825443
186 0.825862
187 0.826268
188 0.826605
189 0.82703
190 0.827555
191 0.827894
192 0.828352
193 0.828791
194 0.829198
195 0.82951
196 0.829912
197 0.830335
198 0.830559
199 0.830912
200 0.831327
201 0.83181
202 0.832114
203 0.832415
204 0.832945
205 0.833217
206 0.833522
207 0.833797
208 0.834204
209 0.834514
210 0.834813
211 0.835223
212 0.835664
213 0.836049
214 0.836284
215 0.836648
216 0.836998
217 0.837406
218 0.837665
219 0.838055
220 0.838307
221 0.838555
222 0.838877
223 0.839142
224 0.839511
225 0.839759
226 0.840136
227 0.840237
228 0.84071
229 0.841029
230 0.841204
231 0.841588
232 0.841933
233 0.842126
234 0.842419
235 0.842668
236 0.842904
237 0.843265
238 0.843519
239 0.843856
240 0.844182
241 0.844509
242 0.844795
243 0.845073
244 0.845299
245 0.845529
246 0.845786
247 0.845978
248 0.846185
249 0.846585
250 0.846875
251 0.847211
252 0.847481
253 0.847733
254 0.847854
255 0.848234
256 0.848504
257 0.848872
258 0.849085
259 0.849361
260 0.849596
261 0.849828
262 0.850069
263 0.85021
264 0.850336
265 0.850648
266 0.850891
267 0.851133
268 0.851249
269 0.851609
270 0.851769
271 0.852061
272 0.852214
273 0.852506
274 0.852782
275 0.853
276 0.85325
277 0.853439
278 0.853623
279 0.854047
280 0.854264
281 0.854539
282 0.854654
283 0.85482
284 0.855041
285 0.855332
286 0.855508
287 0.85569
288 0.855909
289 0.856064
290 0.85627
291 0.85656
292 0.856765
293 0.856945
294 0.857165
295 0.857266
296 0.857575
297 0.857812
298 0.858041
299 0.85816
300 0.85854
301 0.85862
302 0.85885
303 0.858968
304 0.859274
305 0.859408
306 0.859575
307 0.859869
308 0.859994
309 0.860201
310 0.86032
311 0.860507
312 0.86067
313 0.860848
314 0.861089
315 0.861321
316 0.861558
317 0.861813
318 0.861965
319 0.862157
320 0.862339
321 0.862593
322 0.862749
323 0.862815
324 0.863233
325 0.863327
326 0.863479
327 0.86365
328 0.863834
329 0.863887
330 0.864292
331 0.864496
332 0.864727
333 0.864878
334 0.865054
335 0.865216
336 0.865435
337 0.865614
338 0.865824
339 0.865865
340 0.866003
341 0.866095
342 0.866368
343 0.866464
344 0.866726
345 0.866888
346 0.867131
347 0.867234
348 0.867395
349 0.867599
350 0.867682
351 0.867961
352 0.868137
353 0.868287
354 0.868407
355 0.868587
356 0.868764
357 0.868881
358 0.869028
359 0.869281
360 0.869419
361 0.869589
362 0.869682
363 0.869861
364 0.869914
365 0.870085
366 0.870232
367 0.870405
368 0.870625
369 0.870734
370 0.871
371 0.871059
372 0.87126
373 0.871328
374 0.8715
375 0.871633
376 0.871766
377 0.87188
378 0.872093
379 0.872198
380 0.872218
381 0.872423
382 0.872547
383 0.872742
384 0.872797
385 0.872906
386 0.87306
387 0.873324
388 0.873423
389 0.873637
390 0.873845
391 0.873949
392 0.873971
393 0.874071
394 0.874179
395 0.874368
396 0.87454
397 0.874708
398 0.874801
399 0.874931
400 0.875017
