1 0.066742
2 0.066742
3 0.066742
4 0.066742
5 0.066742
6 0.066742
7 0.097837
8 0.114261
9 0.12352
10 0.127908
11 0.130331
12 0.131822
13 0.151258
14 0.16878
15 0.182591
16 0.195882
17 0.207292
18 0.215533
19 0.228073
20 0.239646
21 0.249994
22 0.258201
23 0.267607
24 0.274591
25 0.282199
26 0.28936
27 0.295857
28 0.304064
29 0.310787
30 0.317168
31 0.323517
32 0.329993
33 0.336186
34 0.341964
35 0.34823
36 0.35437
37 0.359675
38 0.364673
39 0.370393
40 0.375403
41 0.380022
42 0.385032
43 0.389823
44 0.394353
45 0.399522
46 0.404072
47 0.40816
48 0.412071
49 0.416375
50 0.42014
51 0.424173
52 0.427197
53 0.430388
54 0.433809
55 0.438231
56 0.441443
57 0.443806
58 0.448213
59 0.451403
60 0.453819
61 0.458749
62 0.461482
63 0.465487
64 0.469457
65 0.472355
66 0.476718
67 0.479191
68 0.482192
69 0.485336
70 0.488137
71 0.490088
72 0.492437
73 0.495369
74 0.497837
75 0.499327
76 0.502093
77 0.504479
78 0.507113
79 0.508413
80 0.511766
81 0.514197
82 0.514966
83 0.517205
84 0.518927
85 0.521246
86 0.523511
87 0.524822
88 0.526555
89 0.528878
90 0.529689
91 0.531489
92 0.534024
93 0.535892
94 0.53741
95 0.538503
96 0.540384
97 0.542375
98 0.544035
99 0.544987
100 0.546832
101 0.548267
102 0.54909
103 0.551137
104 0.552396
105 0.554272
106 0.5551
107 0.556633
108 0.55868
109 0.560142
110 0.561573
111 0.562331
112 0.564833
113 0.566074
114 0.566282
115 0.567947
116 0.569224
117 0.570079
118 0.571673
119 0.572238
120 0.574065
121 0.574963
122 0.577009
123 0.577789
124 0.578766
125 0.580236
126 0.581073
127 0.582458
128 0.583835
129 0.584104
130 0.585827
131 0.586578
132 0.587898
133 0.589091
134 0.590343
135 0.591071
136 0.591648
137 0.593882
138 0.594435
139 0.595027
140 0.596224
141 0.597007
142 0.598136
143 0.599411
144 0.600417
145 0.601682
146 0.602059
147 0.602574
148 0.603856
149 0.604862
150 0.605887
151 0.607116
152 0.607856
153 0.608651
154 0.609037
155 0.610559
156 0.611547
157 0.612107
158 0.613456
159 0.613891
160 0.614562
161 0.616335
162 0.615592
163 0.618066
164 0.618265
165 0.619128
166 0.620605
167 0.620789
168 0.622809
169 0.623027
170 0.623084
171 0.623437
172 0.624515
173 0.625276
174 0.62597
175 0.627367
176 0.627484
177 0.628355
178 0.629005
179 0.629559
180 0.630415
181 0.632059
182 0.631617
183 0.632529
184 0.632653
185 0.63463
186 0.634433
187 0.634997
188 0.635645
189 0.636551
190 0.63667
191 0.638257
192 0.638659
193 0.639254
194 0.639855
195 0.640779
196 0.641251
197 0.642237
198 0.642888
199 0.643413
200 0.643845
201 0.644563
202 0.644911
203 0.645379
204 0.646104
205 0.646745
206 0.64715
207 0.647854
208 0.648847
209 0.649442
210 0.649708
211 0.650642
212 0.650337
213 0.651856
214 0.652309
215 0.652736
216 0.653259
217 0.65445
218 0.654588
219 0.655669
220 0.656118
221 0.655876
222 0.656681
223 0.657226
224 0.658421
225 0.657234
226 0.658881
227 0.658934
228 0.66092
229 0.660835
230 0.660651
231 0.661935
232 0.66284
233 0.662082
234 0.663013
235 0.663409
236 0.663897
237 0.664316
238 0.665149
239 0.665951
240 0.666294
241 0.66722
242 0.667304
243 0.667522
244 0.668311
245 0.668842
246 0.670243
247 0.671531
248 0.675004
249 0.677611
250 0.679563
251 0.681319
252 0.681165
253 0.682968
254 0.683283
255 0.684154
256 0.684948
257 0.685321
258 0.685813
259 0.686705
260 0.686425
261 0.68786
262 0.688192
263 0.687857
264 0.689066
265 0.688747
266 0.68977
267 0.689703
268 0.691119
269 0.69075
270 0.691469
271 0.692095
272 0.692199
273 0.692542
274 0.693945
275 0.693343
276 0.693664
277 0.694612
278 0.693939
279 0.694495
280 0.695279
281 0.696753
282 0.696047
283 0.696807
284 0.696942
285 0.697361
286 0.697442
287 0.698568
288 0.697835
289 0.699636
290 0.699639
291 0.700733
292 0.699369
293 0.700571
294 0.700495
295 0.700895
296 0.701193
297 0.701963
298 0.702444
299 0.70231
300 0.702857
301 0.704104
302 0.703734
303 0.703611
304 0.704191
305 0.704306
306 0.704178
307 0.705116
308 0.706029
309 0.706344
310 0.706148
311 0.70689
312 0.70685
313 0.707233
314 0.707772
315 0.708353
316 0.708104
317 0.708537
318 0.709054
319 0.710058
320 0.709208
321 0.70969
322 0.710191
323 0.710633
324 0.710329
325 0.71122
326 0.711942
327 0.712255
328 0.711277
329 0.712411
330 0.712572
331 0.713529
332 0.713967
333 0.713934
334 0.713998
335 0.713927
336 0.714459
337 0.714959
338 0.714758
339 0.715663
340 0.715958
341 0.715785
342 0.716365
343 0.716511
344 0.716773
345 0.717466
346 0.717447
347 0.718722
348 0.717719
349 0.718562
350 0.71909
351 0.718773
352 0.718732
353 0.718847
354 0.719912
355 0.719348
356 0.720279
357 0.720349
358 0.721443
359 0.721524
360 0.721319
361 0.722155
362 0.722644
363 0.722391
364 0.72276
365 0.722071
366 0.723308
367 0.723492
368 0.722949
369 0.723537
370 0.724398
371 0.723548
372 0.724355
373 0.724697
374 0.724798
375 0.725143
376 0.725602
377 0.726472
378 0.725294
379 0.72555
380 0.727405
381 0.727046
382 0.727245
383 0.727554
384 0.727693
385 0.727938
386 0.727928
387 0.728335
388 0.728306
389 0.728705
390 0.729159
391 0.729538
392 0.730141
393 0.7296
394 0.729703
395 0.730088
396 0.730429
397 0.730781
398 0.730741
399 0.731112
400 0.731972
