1 0.499416
2 0.499398
3 0.499479
4 0.499609
5 0.499588
6 0.49972
7 0.511501
8 0.525757
9 0.539108
10 0.550855
11 0.560919
12 0.569472
13 0.578898
14 0.588595
15 0.598008
16 0.607209
17 0.615828
18 0.624203
19 0.631998
20 0.639615
21 0.646878
22 0.653472
23 0.660081
24 0.666032
25 0.671724
26 0.677263
27 0.682202
28 0.68727
29 0.691815
30 0.696252
31 0.700601
32 0.704659
33 0.7087
34 0.712396
35 0.715987
36 0.71965
37 0.722982
38 0.726151
39 0.729328
40 0.732322
41 0.735313
42 0.738015
43 0.740824
44 0.743568
45 0.746007
46 0.748507
47 0.75113
48 0.753434
49 0.755733
50 0.758019
51 0.760202
52 0.762264
53 0.764316
54 0.766308
55 0.768351
56 0.770187
57 0.771769
58 0.773828
59 0.775594
60 0.777233
61 0.778908
62 0.780498
63 0.782033
64 0.783629
65 0.785025
66 0.786585
67 0.788194
68 0.789593
69 0.790893
70 0.792345
71 0.793678
72 0.795026
73 0.796532
74 0.797612
75 0.798714
76 0.800039
77 0.801211
78 0.802423
79 0.80359
80 0.804739
81 0.805813
82 0.806978
83 0.80793
84 0.809042
85 0.810157
86 0.811154
87 0.81205
88 0.813121
89 0.813971
90 0.814926
91 0.815751
92 0.816731
93 0.817568
94 0.818568
95 0.819335
96 0.820217
97 0.821035
98 0.821951
99 0.822651
100 0.823378
101 0.824287
102 0.825179
103 0.825755
104 0.82656
105 0.827188
106 0.828028
107 0.82869
108 0.829438
109 0.830113
110 0.830773
111 0.831472
112 0.832111
113 0.832796
114 0.833385
115 0.83418
116 0.834718
117 0.835258
118 0.835935
119 0.836474
120 0.837166
121 0.837639
122 0.838254
123 0.838799
124 0.839373
125 0.839972
126 0.840452
127 0.8411
128 0.841585
129 0.841964
130 0.842628
131 0.843061
132 0.843617
133 0.844202
134 0.844634
135 0.845118
136 0.845561
137 0.846154
138 0.846579
139 0.847009
140 0.847512
141 0.847913
142 0.848351
143 0.848818
144 0.849263
145 0.849699
146 0.850065
147 0.850518
148 0.850965
149 0.851427
150 0.851812
151 0.85223
152 0.852596
153 0.852992
154 0.853344
155 0.853793
156 0.854138
157 0.854611
158 0.854938
159 0.855273
160 0.855641
161 0.856059
162 0.856443
163 0.856775
164 0.857117
165 0.85747
166 0.857804
167 0.858151
168 0.858574
169 0.85889
170 0.859271
171 0.859391
172 0.859823
173 0.860092
174 0.860447
175 0.86082
176 0.861158
177 0.861477
178 0.861677
179 0.862006
180 0.862388
181 0.862707
182 0.862872
183 0.863138
184 0.863504
185 0.863881
186 0.864039
187 0.864373
188 0.864661
189 0.864917
190 0.86513
191 0.865534
192 0.865783
193 0.866019
194 0.866362
195 0.866515
196 0.866845
197 0.867163
198 0.867385
199 0.867665
200 0.867939
201 0.868177
202 0.868381
203 0.868596
204 0.868898
205 0.869294
206 0.869332
207 0.869551
208 0.869796
209 0.870092
210 0.870262
211 0.87051
212 0.870715
213 0.871083
214 0.871247
215 0.871439
216 0.871639
217 0.871939
218 0.872147
219 0.872389
220 0.872559
221 0.872777
222 0.872946
223 0.873198
224 0.873487
225 0.87358
226 0.873858
227 0.873959
228 0.874288
229 0.874438
230 0.874659
231 0.874802
232 0.874985
233 0.875165
234 0.875386
235 0.875595
236 0.87576
237 0.875996
238 0.876155
239 0.876378
240 0.876597
241 0.876865
242 0.876902
243 0.877118
244 0.877342
245 0.877407
246 0.877635
247 0.877752
248 0.877979
249 0.878133
250 0.878394
251 0.878587
252 0.878664
253 0.878906
254 0.879154
255 0.879398
256 0.879371
257 0.879241
258 0.87952
259 0.87978
260 0.879963
261 0.880193
262 0.880347
263 0.880494
264 0.88066
265 0.88077
266 0.881051
267 0.881139
268 0.881319
269 0.881479
270 0.881669
271 0.881811
272 0.881939
273 0.882014
274 0.882271
275 0.882348
276 0.88258
277 0.882717
278 0.882763
279 0.882928
280 0.883126
281 0.883302
282 0.883385
283 0.883518
284 0.883659
285 0.883839
286 0.883965
287 0.884158
288 0.884217
289 0.884421
290 0.88456
291 0.884695
292 0.884717
293 0.884979
294 0.885047
295 0.885179
296 0.885335
297 0.88553
298 0.88565
299 0.885712
300 0.885863
301 0.885981
302 0.886127
303 0.88624
304 0.886413
305 0.886482
306 0.886626
307 0.88678
308 0.886855
309 0.886986
310 0.887097
311 0.887269
312 0.887395
313 0.887463
314 0.887662
315 0.88771
316 0.887826
317 0.888004
318 0.888078
319 0.888261
320 0.888285
321 0.888376
322 0.888563
323 0.888648
324 0.888745
325 0.888862
326 0.888982
327 0.889152
328 0.889177
329 0.889347
330 0.889423
331 0.889565
332 0.889685
333 0.889754
334 0.88989
335 0.889994
336 0.890104
337 0.890193
338 0.890289
339 0.890447
340 0.890481
341 0.890446
342 0.890834
343 0.89086
344 0.890883
345 0.891074
346 0.891099
347 0.891254
348 0.891317
349 0.891427
350 0.891542
351 0.891621
352 0.891723
353 0.891769
354 0.891947
355 0.891977
356 0.892086
357 0.892253
358 0.892363
359 0.892351
360 0.892499
361 0.892565
362 0.892747
363 0.892752
364 0.892874
365 0.892954
366 0.893079
367 0.893165
368 0.8932
369 0.893318
370 0.893402
371 0.89347
372 0.893558
373 0.893721
374 0.8938
375 0.893802
376 0.893914
377 0.894041
378 0.894091
379 0.894193
380 0.8943
381 0.894342
382 0.8945
383 0.894612
384 0.894587
385 0.894618
386 0.894778
387 0.894859
388 0.89496
389 0.895021
390 0.895092
391 0.895255
392 0.895289
393 0.895382
394 0.895467
395 0.895525
396 0.895581
397 0.895664
398 0.895747
399 0.895824
400 0.895926
