1 0.0980259
2 0.104959
3 0.12749
4 0.139598
5 0.146058
6 0.149245
7 0.160743
8 0.174595
9 0.187092
10 0.198063
11 0.210359
12 0.220767
13 0.231597
14 0.242838
15 0.252447
16 0.261161
17 0.268923
18 0.275436
19 0.281864
20 0.288362
21 0.294398
22 0.299545
23 0.305916
24 0.311111
25 0.316836
26 0.32204
27 0.326877
28 0.333174
29 0.338353
30 0.343368
31 0.348568
32 0.35375
33 0.358712
34 0.363968
35 0.368904
36 0.373947
37 0.378504
38 0.38273
39 0.387183
40 0.391469
41 0.395373
42 0.399807
43 0.403699
44 0.407742
45 0.412375
46 0.41661
47 0.419814
48 0.423181
49 0.427036
50 0.430337
51 0.433857
52 0.436584
53 0.439296
54 0.442635
55 0.446299
56 0.44928
57 0.451353
58 0.45549
59 0.458256
60 0.460694
61 0.465008
62 0.467536
63 0.47136
64 0.474971
65 0.47788
66 0.482053
67 0.48415
68 0.486945
69 0.489737
70 0.492602
71 0.494519
72 0.496793
73 0.499483
74 0.501534
75 0.503228
76 0.505897
77 0.508229
78 0.510628
79 0.51186
80 0.514843
81 0.517269
82 0.517938
83 0.520009
84 0.521705
85 0.523852
86 0.526304
87 0.527475
88 0.529214
89 0.531341
90 0.532181
91 0.533869
92 0.536401
93 0.537993
94 0.539572
95 0.54076
96 0.542442
97 0.544401
98 0.545857
99 0.546921
100 0.548664
101 0.550043
102 0.550769
103 0.552783
104 0.554016
105 0.555909
106 0.556767
107 0.558084
108 0.560138
109 0.561544
110 0.562992
111 0.563816
112 0.56607
113 0.567477
114 0.567769
115 0.569329
116 0.570529
117 0.571298
118 0.573025
119 0.57343
120 0.575215
121 0.57617
122 0.578156
123 0.578898
124 0.579894
125 0.581514
126 0.582159
127 0.583442
128 0.584732
129 0.585141
130 0.586742
131 0.587547
132 0.588926
133 0.590024
134 0.591193
135 0.591929
136 0.592457
137 0.594689
138 0.59544
139 0.595842
140 0.596996
141 0.597781
142 0.598958
143 0.600102
144 0.601203
145 0.602475
146 0.60279
147 0.603313
148 0.604443
149 0.605628
150 0.606563
151 0.607784
152 0.608476
153 0.609379
154 0.60979
155 0.611225
156 0.612163
157 0.612823
158 0.614136
159 0.614536
160 0.615141
161 0.616862
162 0.616233
163 0.618601
164 0.618907
165 0.619639
166 0.621207
167 0.621398
168 0.62344
169 0.623614
170 0.623542
171 0.623961
172 0.625047
173 0.625804
174 0.626485
175 0.627779
176 0.627962
177 0.628943
178 0.629475
179 0.629992
180 0.630858
181 0.632504
182 0.632054
183 0.632948
184 0.633087
185 0.635203
186 0.63487
187 0.635411
188 0.636194
189 0.637031
190 0.637122
191 0.638595
192 0.639104
193 0.639712
194 0.640241
195 0.641224
196 0.641653
197 0.642649
198 0.643273
199 0.643847
200 0.644259
201 0.644914
202 0.645338
203 0.64565
204 0.646503
205 0.647092
206 0.647502
207 0.648248
208 0.649188
209 0.649887
210 0.650038
211 0.651048
212 0.65064
213 0.652133
214 0.652647
215 0.653069
216 0.65361
217 0.65475
218 0.6549
219 0.655972
220 0.656477
221 0.656117
222 0.657007
223 0.657455
224 0.658647
225 0.657495
226 0.659195
227 0.659292
228 0.661187
229 0.661159
230 0.660954
231 0.66217
232 0.663063
233 0.662333
234 0.663339
235 0.66367
236 0.664169
237 0.664629
238 0.665408
239 0.666219
240 0.666515
241 0.667446
242 0.667618
243 0.667732
244 0.668506
245 0.669068
246 0.67043
247 0.671722
248 0.675281
249 0.677927
250 0.679812
251 0.681532
252 0.681414
253 0.683221
254 0.683572
255 0.684476
256 0.685208
257 0.685554
258 0.685983
259 0.686939
260 0.686665
261 0.688082
262 0.688434
263 0.688071
264 0.689309
265 0.689005
266 0.690078
267 0.689961
268 0.691456
269 0.690947
270 0.691643
271 0.692311
272 0.692442
273 0.69273
274 0.69414
275 0.693606
276 0.693799
277 0.694915
278 0.694197
279 0.694691
280 0.695537
281 0.696917
282 0.69621
283 0.697057
284 0.697144
285 0.697567
286 0.697681
287 0.698785
288 0.698008
289 0.699854
290 0.699756
291 0.70089
292 0.69957
293 0.700779
294 0.700648
295 0.701075
296 0.701349
297 0.70212
298 0.7026
299 0.702443
300 0.703074
301 0.704303
302 0.703882
303 0.703722
304 0.704366
305 0.704494
306 0.704443
307 0.705273
308 0.706226
309 0.706473
310 0.706295
311 0.706993
312 0.707043
313 0.707431
314 0.708016
315 0.708495
316 0.708215
317 0.708709
318 0.709222
319 0.710233
320 0.709401
321 0.709857
322 0.710334
323 0.710787
324 0.710559
325 0.71129
326 0.712146
327 0.712431
328 0.711464
329 0.712573
330 0.712772
331 0.7137
332 0.714112
333 0.714125
334 0.714157
335 0.714044
336 0.714539
337 0.715092
338 0.714976
339 0.715886
340 0.716155
341 0.71594
342 0.716486
343 0.716695
344 0.716882
345 0.717616
346 0.717595
347 0.718803
348 0.717862
349 0.718672
350 0.719214
351 0.718943
352 0.718903
353 0.719078
354 0.720051
355 0.719509
356 0.720412
357 0.7206
358 0.72153
359 0.721621
360 0.721409
361 0.722333
362 0.722773
363 0.722527
364 0.722912
365 0.722174
366 0.723458
367 0.723575
368 0.723074
369 0.723634
370 0.724533
371 0.72369
372 0.724479
373 0.724795
374 0.724938
375 0.725253
376 0.725752
377 0.726538
378 0.72543
379 0.725688
380 0.727586
381 0.72717
382 0.727366
383 0.727655
384 0.727818
385 0.728073
386 0.728046
387 0.728415
388 0.72848
389 0.72888
390 0.729243
391 0.729688
392 0.730307
393 0.729743
394 0.729818
395 0.730192
396 0.730564
397 0.730874
398 0.730815
399 0.731243
400 0.732104
