1 0.5
2 0.408273
3 0.319091
4 0.27001
5 0.238032
6 0.215131
7 0.197216
8 0.187456
9 0.179593
10 0.172797
11 0.166145
12 0.160086
13 0.154535
14 0.150218
15 0.147616
16 0.144696
17 0.142275
18 0.139968
19 0.138497
20 0.137
21 0.134806
22 0.134084
23 0.133259
24 0.131926
25 0.130809
26 0.130115
27 0.130243
28 0.127888
29 0.127634
30 0.126614
31 0.125776
32 0.123936
33 0.123886
34 0.122637
35 0.122187
36 0.121148
37 0.120536
38 0.119376
39 0.118902
40 0.117918
41 0.116738
42 0.116312
43 0.115404
44 0.11463
45 0.114375
46 0.11367
47 0.112994
48 0.112407
49 0.111217
50 0.111052
51 0.109981
52 0.109764
53 0.109955
54 0.109378
55 0.108183
56 0.107665
57 0.108719
58 0.10671
59 0.106166
60 0.105999
61 0.105306
62 0.104589
63 0.103933
64 0.102561
65 0.102995
66 0.102365
67 0.101443
68 0.100925
69 0.10054
70 0.100557
71 0.0997466
72 0.0997839
73 0.097413
74 0.0985624
75 0.0985588
76 0.0983438
77 0.0976575
78 0.0975714
79 0.0971554
80 0.0968675
81 0.0968457
82 0.0961059
83 0.0964352
84 0.0957302
85 0.0935976
86 0.094992
87 0.0949167
88 0.0946391
89 0.0951579
90 0.0945883
91 0.094691
92 0.0938996
93 0.0941468
94 0.0935906
95 0.0928081
96 0.0925718
97 0.092668
98 0.0918812
99 0.0921465
100 0.0924387
101 0.091714
102 0.0904204
103 0.0917491
104 0.0905584
105 0.0915436
106 0.0907014
107 0.0899207
108 0.0907543
109 0.0900356
110 0.0902426
111 0.0897246
112 0.0893748
113 0.0893134
114 0.0886459
115 0.0892734
116 0.089021
117 0.0894931
118 0.0881814
119 0.0882456
120 0.0882257
121 0.0882807
122 0.0883708
123 0.087462
124 0.0875676
125 0.0872084
126 0.0874661
127 0.0867905
128 0.0872395
129 0.0878784
130 0.0872433
131 0.0865898
132 0.0864468
133 0.0861353
134 0.0861924
135 0.0867095
136 0.0860571
137 0.0856287
138 0.0856095
139 0.0858966
140 0.0854583
141 0.0858011
142 0.0857163
143 0.0856819
144 0.0855022
145 0.0847238
146 0.0856826
147 0.084461
148 0.0845442
149 0.0846425
150 0.0847695
151 0.0841382
152 0.0845252
153 0.0847695
154 0.0840893
155 0.0842239
156 0.0835175
157 0.0837744
158 0.0834872
159 0.0842214
160 0.0832792
161 0.0836099
162 0.0837527
163 0.0834715
164 0.0829162
165 0.0832315
166 0.0837004
167 0.0834232
168 0.0826945
169 0.0824888
170 0.0810514
171 0.0834929
172 0.0827748
173 0.0824603
174 0.0820803
175 0.0817849
176 0.0819978
177 0.0821013
178 0.0823359
179 0.0817853
180 0.0821489
181 0.0811858
182 0.0821993
183 0.0819916
184 0.0817846
185 0.0809903
186 0.0822768
187 0.0809421
188 0.0816668
189 0.081315
190 0.0811271
191 0.0811267
192 0.0804905
193 0.0809178
194 0.0810767
195 0.0815945
196 0.0806256
197 0.0807604
198 0.0806466
199 0.0801953
200 0.0805187
201 0.0799627
202 0.0799973
203 0.080093
204 0.0803553
205 0.0782135
206 0.0798896
207 0.0797548
208 0.0797671
209 0.0799571
210 0.0800234
211 0.0797996
212 0.079567
213 0.0792499
214 0.079105
215 0.0792604
216 0.0798269
217 0.0792754
218 0.0792581
219 0.0789775
220 0.0794954
221 0.0793772
222 0.0791437
223 0.0793224
224 0.0786713
225 0.0793949
226 0.0788548
227 0.0790752
228 0.0784205
229 0.0785515
230 0.0787848
231 0.0782812
232 0.0792792
233 0.0786845
234 0.0785484
235 0.0791494
236 0.0786716
237 0.0779382
238 0.0784094
239 0.0784619
240 0.0779447
241 0.0768229
242 0.0782934
243 0.078125
244 0.0779402
245 0.0777081
246 0.0773841
247 0.0774684
248 0.0778629
249 0.0775757
250 0.0767751
251 0.0764671
252 0.0763778
253 0.0757493
254 0.0749758
255 0.0740837
256 0.0768326
257 0.0789443
258 0.0781708
259 0.0772831
260 0.0768795
261 0.0767181
262 0.075721
263 0.0762509
264 0.0761907
265 0.0760505
266 0.0755792
267 0.0761734
268 0.0758614
269 0.0757096
270 0.0759901
271 0.0755894
272 0.0756178
273 0.0767662
274 0.0756702
275 0.0758024
276 0.0754043
277 0.075925
278 0.0756706
279 0.0757839
280 0.075686
281 0.0756651
282 0.0757521
283 0.0755476
284 0.0757037
285 0.0753857
286 0.0756639
287 0.0752013
288 0.075503
289 0.0751231
290 0.0751616
291 0.0754157
292 0.0757395
293 0.0748441
294 0.0751886
295 0.0756537
296 0.0749201
297 0.0750465
298 0.075066
299 0.0748481
300 0.0753062
301 0.0750767
302 0.0746595
303 0.0752326
304 0.0749225
305 0.0750485
306 0.0753794
307 0.0745237
308 0.0747828
309 0.0746911
310 0.0752286
311 0.0745765
312 0.0742252
313 0.0749993
314 0.0748449
315 0.0753841
316 0.0742236
317 0.0744241
318 0.0749651
319 0.0744036
320 0.0741054
321 0.0742308
322 0.0740096
323 0.0751878
324 0.0749201
325 0.0744937
326 0.0742252
327 0.0735881
328 0.0737987
329 0.0737575
330 0.0742115
331 0.07439
332 0.0746783
333 0.0746536
334 0.0743435
335 0.0740684
336 0.0738319
337 0.073921
338 0.0738274
339 0.0737264
340 0.0742344
341 0.076103
342 0.0725591
343 0.0736577
344 0.07385
345 0.0738407
346 0.0737196
347 0.0739988
348 0.0737782
349 0.0735723
350 0.073432
351 0.0741239
352 0.0735569
353 0.0738088
354 0.073785
355 0.0734125
356 0.0739045
357 0.0735285
358 0.0732629
359 0.073747
360 0.0734425
361 0.0736241
362 0.0733308
363 0.0732633
364 0.0735025
365 0.0731424
366 0.0736395
367 0.0732341
368 0.0732007
369 0.0734117
370 0.0733564
371 0.0731119
372 0.073582
373 0.0730837
374 0.0732133
375 0.0728276
376 0.0733073
377 0.0732727
378 0.0733361
379 0.0731746
380 0.0730054
381 0.0734867
382 0.0725829
383 0.0721596
384 0.0733897
385 0.0738052
386 0.0733621
387 0.0732255
388 0.0730254
389 0.0726867
390 0.0731848
391 0.0726309
392 0.0729425
393 0.0724913
394 0.0725907
395 0.0726785
396 0.0727273
397 0.0730213
398 0.0726174
399 0.0725796
400 0.0727736
