1 0.437633
2 0.437633
3 0.437633
4 0.437633
5 0.437633
6 0.437633
7 0.354309
8 0.312771
9 0.291979
10 0.281259
11 0.275939
12 0.273511
13 0.245243
14 0.223942
15 0.206925
16 0.192883
17 0.181307
18 0.17351
19 0.16289
20 0.154114
21 0.146543
22 0.140223
23 0.13414
24 0.129637
25 0.125069
26 0.120701
27 0.116674
28 0.112628
29 0.109097
30 0.105784
31 0.102591
32 0.0992165
33 0.0961067
34 0.0934939
35 0.0907923
36 0.088053
37 0.0858502
38 0.0836108
39 0.0813829
40 0.0791706
41 0.0773257
42 0.0754276
43 0.0736932
44 0.0718365
45 0.0701675
46 0.0686826
47 0.0671356
48 0.0657215
49 0.0644572
50 0.0631629
51 0.0619342
52 0.0608978
53 0.0597324
54 0.0586626
55 0.0574516
56 0.0565011
57 0.0556812
58 0.0546747
59 0.0537475
60 0.0529039
61 0.0517464
62 0.0509549
63 0.0498892
64 0.0489739
65 0.0482827
66 0.0473522
67 0.046611
68 0.0458262
69 0.0452458
70 0.0445464
71 0.043979
72 0.0434444
73 0.0428126
74 0.0421963
75 0.0417928
76 0.0412577
77 0.0407675
78 0.0402514
79 0.0397996
80 0.0393129
81 0.038763
82 0.0383556
83 0.0380646
84 0.0375769
85 0.0372258
86 0.0367166
87 0.0364861
88 0.0359755
89 0.035583
90 0.0353207
91 0.0350332
92 0.0346892
93 0.0342758
94 0.0339466
95 0.0337493
96 0.0333443
97 0.0330553
98 0.0327198
99 0.0324762
100 0.032189
101 0.0318805
102 0.0316606
103 0.031364
104 0.0311774
105 0.0308423
106 0.0306485
107 0.0304005
108 0.0300901
109 0.0298733
110 0.0296014
111 0.0294278
112 0.0290948
113 0.028932
114 0.0287487
115 0.0284877
116 0.0282842
117 0.0281529
118 0.0279367
119 0.0277765
120 0.0275265
121 0.0273847
122 0.0270733
123 0.0269649
124 0.0267511
125 0.0265527
126 0.0264011
127 0.0262243
128 0.0260182
129 0.0259559
130 0.0256738
131 0.0255736
132 0.0254631
133 0.025186
134 0.0250761
135 0.0249116
136 0.0248071
137 0.0245368
138 0.0244059
139 0.0242901
140 0.0241385
141 0.0240395
142 0.0239082
143 0.0237106
144 0.0236012
145 0.0234511
146 0.0233311
147 0.0232574
148 0.0230783
149 0.02292
150 0.0228205
151 0.0226394
152 0.0225944
153 0.0224566
154 0.0223709
155 0.0221734
156 0.0220917
157 0.0219001
158 0.0218607
159 0.0217106
160 0.0216408
161 0.0214838
162 0.0214153
163 0.021232
164 0.0211672
165 0.0210663
166 0.0208988
167 0.0208774
168 0.0206535
169 0.0205761
170 0.0205591
171 0.0204487
172 0.0203317
173 0.0203205
174 0.0201403
175 0.020049
176 0.0199708
177 0.0198636
178 0.0197653
179 0.0197457
180 0.0196232
181 0.0194503
182 0.0194929
183 0.0193609
184 0.0193117
185 0.0191224
186 0.019129
187 0.0190009
188 0.0189628
189 0.0188922
190 0.0188807
191 0.0186846
192 0.0186344
193 0.0185269
194 0.0184607
195 0.0183488
196 0.0183536
197 0.0182057
198 0.018138
199 0.0180787
200 0.017989
201 0.017939
202 0.0178861
203 0.0178315
204 0.0177146
205 0.0176858
206 0.0176006
207 0.017609
208 0.0174813
209 0.0173895
210 0.0173554
211 0.0172949
212 0.0172936
213 0.01713
214 0.0170541
215 0.0170239
216 0.0169693
217 0.016848
218 0.0168093
219 0.0167034
220 0.0166579
221 0.0166593
222 0.0165812
223 0.0165004
224 0.0164018
225 0.0164185
226 0.016293
227 0.0163079
228 0.0161699
229 0.0161824
230 0.0161048
231 0.0160418
232 0.0160108
233 0.0159609
234 0.0159101
235 0.0158152
236 0.0158364
237 0.0157439
238 0.0156959
239 0.015611
240 0.0155637
241 0.0154842
242 0.0154554
243 0.0154517
244 0.0153326
245 0.0153302
246 0.0151668
247 0.0150901
248 0.0148721
249 0.0147309
250 0.014523
251 0.0144036
252 0.0144589
253 0.0143655
254 0.0142904
255 0.0141966
256 0.0141705
257 0.01414
258 0.0140636
259 0.0140035
260 0.0140264
261 0.0138816
262 0.0138726
263 0.0138895
264 0.0138438
265 0.0138137
266 0.013712
267 0.0137037
268 0.0136411
269 0.0136161
270 0.0135387
271 0.0134858
272 0.0134615
273 0.0134527
274 0.0133508
275 0.0133912
276 0.0132855
277 0.0132417
278 0.0133006
279 0.0132809
280 0.013209
281 0.0131049
282 0.0131291
283 0.0130906
284 0.0130779
285 0.012982
286 0.012989
287 0.0129199
288 0.0129436
289 0.0128219
290 0.0128492
291 0.0127569
292 0.0127981
293 0.0127481
294 0.0127017
295 0.01267
296 0.0126562
297 0.0125592
298 0.012544
299 0.0125517
300 0.0125178
301 0.0124366
302 0.0124518
303 0.0124429
304 0.0123453
305 0.0123476
306 0.0123291
307 0.0123203
308 0.0122509
309 0.0122318
310 0.0122172
311 0.0121393
312 0.0121357
313 0.0121102
314 0.0121003
315 0.0120168
316 0.0120516
317 0.0119832
318 0.0119909
319 0.0119031
320 0.0119559
321 0.0119255
322 0.0118385
323 0.0118579
324 0.0118223
325 0.0118066
326 0.0117181
327 0.0116913
328 0.0117449
329 0.0116662
330 0.0116429
331 0.0116061
332 0.0115671
333 0.0115543
334 0.0115268
335 0.0114864
336 0.0114547
337 0.0114508
338 0.0114572
339 0.0113328
340 0.0113733
341 0.011348
342 0.0113334
343 0.0112863
344 0.0113068
345 0.0112195
346 0.0112265
347 0.0111785
348 0.0111787
349 0.011174
350 0.0111062
351 0.0111075
352 0.0110785
353 0.0110804
354 0.0110472
355 0.0110661
356 0.0110022
357 0.0109644
358 0.0109196
359 0.010928
360 0.0109199
361 0.0108789
362 0.0108222
363 0.0108305
364 0.0107916
365 0.0108184
366 0.0107631
367 0.0107238
368 0.0107479
369 0.0106913
370 0.0106752
371 0.0106813
372 0.010636
373 0.0106111
374 0.0106133
375 0.0106186
376 0.0105936
377 0.0105093
378 0.0105656
379 0.0105302
380 0.0104628
381 0.0104476
382 0.0104507
383 0.0104026
384 0.0104145
385 0.0103687
386 0.0103519
387 0.0103514
388 0.0103052
389 0.0103189
390 0.0102741
391 0.0102396
392 0.0102305
393 0.0101971
394 0.0101915
395 0.0102077
396 0.010167
397 0.0101422
398 0.0101624
399 0.0101043
400 0.0100679
