1 0.458629
2 0.324384
3 0.264824
4 0.234448
5 0.21234
6 0.195527
7 0.184166
8 0.176535
9 0.170418
10 0.165556
11 0.161381
12 0.158326
13 0.155572
14 0.153186
15 0.150966
16 0.148927
17 0.147136
18 0.145453
19 0.143889
20 0.142477
21 0.141192
22 0.140021
23 0.138904
24 0.137942
25 0.137081
26 0.136339
27 0.135675
28 0.13505
29 0.134523
30 0.134041
31 0.133609
32 0.133164
33 0.132771
34 0.132403
35 0.132034
36 0.131673
37 0.131305
38 0.130946
39 0.130613
40 0.130297
41 0.129999
42 0.129694
43 0.129411
44 0.129144
45 0.128868
46 0.128628
47 0.128389
48 0.128148
49 0.12792
50 0.127684
51 0.127464
52 0.127244
53 0.127046
54 0.126837
55 0.126637
56 0.126449
57 0.126269
58 0.126085
59 0.125916
60 0.125738
61 0.125573
62 0.125407
63 0.12525
64 0.125106
65 0.124956
66 0.124824
67 0.124686
68 0.124563
69 0.124456
70 0.124338
71 0.124217
72 0.124103
73 0.123987
74 0.12389
75 0.123787
76 0.123692
77 0.123612
78 0.123527
79 0.123439
80 0.123369
81 0.123289
82 0.1232
83 0.123119
84 0.123044
85 0.122977
86 0.122904
87 0.122838
88 0.122774
89 0.122714
90 0.122652
91 0.122593
92 0.122546
93 0.122487
94 0.122437
95 0.122395
96 0.122344
97 0.122291
98 0.12224
99 0.122193
100 0.122151
101 0.12211
102 0.12206
103 0.122024
104 0.121984
105 0.121947
106 0.121917
107 0.12188
108 0.121843
109 0.121807
110 0.12177
111 0.121734
112 0.1217
113 0.121677
114 0.121645
115 0.121617
116 0.12158
117 0.121558
118 0.121532
119 0.121508
120 0.121488
121 0.121455
122 0.121426
123 0.121402
124 0.121382
125 0.121356
126 0.121331
127 0.121303
128 0.121285
129 0.121261
130 0.121237
131 0.121217
132 0.121197
133 0.121173
134 0.121156
135 0.121135
136 0.121114
137 0.1211
138 0.121076
139 0.121059
140 0.121042
141 0.121025
142 0.121006
143 0.120994
144 0.120978
145 0.120967
146 0.120953
147 0.120943
148 0.120928
149 0.120915
150 0.120904
151 0.120888
152 0.120879
153 0.120866
154 0.120854
155 0.120839
156 0.120825
157 0.12081
158 0.120799
159 0.120784
160 0.120773
161 0.12076
162 0.120756
163 0.120745
164 0.120735
165 0.120723
166 0.120716
167 0.120711
168 0.120702
169 0.120696
170 0.120686
171 0.12068
172 0.120673
173 0.120665
174 0.120654
175 0.12065
176 0.120649
177 0.120644
178 0.120639
179 0.120634
180 0.120627
181 0.120621
182 0.120612
183 0.120603
184 0.1206
185 0.120596
186 0.120593
187 0.12059
188 0.120581
189 0.120577
190 0.120573
191 0.120567
192 0.120562
193 0.120556
194 0.120547
195 0.120539
196 0.120536
197 0.120537
198 0.120533
199 0.120529
200 0.120528
201 0.120526
202 0.120519
203 0.120516
204 0.120513
205 0.120512
206 0.120504
207 0.120499
208 0.120496
209 0.12049
210 0.120487
211 0.120486
212 0.120482
213 0.12048
214 0.120472
215 0.120468
216 0.120468
217 0.120466
218 0.120462
219 0.120467
220 0.120466
221 0.120458
222 0.120456
223 0.120452
224 0.120451
225 0.120449
226 0.120447
227 0.120447
228 0.120445
229 0.120442
230 0.120438
231 0.120434
232 0.12043
233 0.120428
234 0.120425
235 0.120423
236 0.120421
237 0.120418
238 0.120416
239 0.120415
240 0.120412
241 0.120409
242 0.120409
243 0.120406
244 0.120401
245 0.120396
246 0.120394
247 0.120391
248 0.120387
249 0.120383
250 0.120379
251 0.120376
252 0.120376
253 0.120372
254 0.120368
255 0.120365
256 0.120364
257 0.120363
258 0.120366
259 0.120363
260 0.120361
261 0.120359
262 0.12036
263 0.120358
264 0.120354
265 0.120355
266 0.120355
267 0.120353
268 0.120349
269 0.120348
270 0.120343
271 0.120341
272 0.120341
273 0.120336
274 0.120335
275 0.120334
276 0.120335
277 0.120332
278 0.12033
279 0.12033
280 0.120327
281 0.120326
282 0.120325
283 0.120323
284 0.120323
285 0.120319
286 0.120319
287 0.120317
288 0.120315
289 0.120314
290 0.120314
291 0.120308
292 0.120308
293 0.120306
294 0.120304
295 0.120304
296 0.120305
297 0.120302
298 0.120301
299 0.120301
300 0.1203
301 0.120298
302 0.120298
303 0.120295
304 0.120295
305 0.120295
306 0.120294
307 0.120292
308 0.120294
309 0.120292
310 0.120291
311 0.120289
312 0.120287
313 0.120285
314 0.120282
315 0.120281
316 0.120281
317 0.12028
318 0.120277
319 0.120276
320 0.120274
321 0.120273
322 0.120271
323 0.120269
324 0.120267
325 0.120265
326 0.120264
327 0.120265
328 0.120263
329 0.12026
330 0.120259
331 0.120255
332 0.120254
333 0.120253
334 0.120251
335 0.120249
336 0.120247
337 0.120243
338 0.120242
339 0.120242
340 0.12024
341 0.120237
342 0.120234
343 0.120231
344 0.120232
345 0.120229
346 0.12023
347 0.120228
348 0.120226
349 0.120225
350 0.120224
351 0.120222
352 0.12022
353 0.12022
354 0.120219
355 0.120215
356 0.120215
357 0.120214
358 0.120211
359 0.120206
360 0.120206
361 0.120206
362 0.120206
363 0.120206
364 0.120205
365 0.120203
366 0.120202
367 0.1202
368 0.120199
369 0.120196
370 0.120196
371 0.120194
372 0.120191
373 0.12019
374 0.120189
375 0.120188
376 0.120186
377 0.120185
378 0.120185
379 0.120182
380 0.120182
381 0.120181
382 0.120181
383 0.120177
384 0.120175
385 0.120176
386 0.120175
387 0.120173
388 0.120174
389 0.120172
390 0.12017
391 0.120169
392 0.120166
393 0.120166
394 0.120166
395 0.120166
396 0.120164
397 0.120161
398 0.120158
399 0.120159
400 0.120158
