1 0.499186
2 0.500473
3 0.500907
4 0.499394
5 0.49945
6 0.499874
7 0.55564
8 0.596627
9 0.630842
10 0.656355
11 0.678057
12 0.697124
13 0.712199
14 0.726523
15 0.737613
16 0.748256
17 0.756847
18 0.764558
19 0.771879
20 0.778583
21 0.784242
22 0.7897
23 0.793959
24 0.799196
25 0.803634
26 0.807842
27 0.811205
28 0.814821
29 0.81709
30 0.820983
31 0.824333
32 0.826869
33 0.829002
34 0.832046
35 0.833989
36 0.837041
37 0.838547
38 0.840749
39 0.843583
40 0.845472
41 0.84762
42 0.849127
43 0.85083
44 0.852276
45 0.854004
46 0.855461
47 0.856863
48 0.858655
49 0.859541
50 0.860558
51 0.862777
52 0.863317
53 0.865057
54 0.866015
55 0.867195
56 0.868084
57 0.869314
58 0.870505
59 0.87165
60 0.872796
61 0.873571
62 0.874673
63 0.875023
64 0.876478
65 0.876763
66 0.878136
67 0.879321
68 0.879931
69 0.8803
70 0.881442
71 0.882267
72 0.883124
73 0.883676
74 0.884052
75 0.885173
76 0.886125
77 0.886816
78 0.886886
79 0.887989
80 0.888608
81 0.8895
82 0.889903
83 0.890819
84 0.891066
85 0.89184
86 0.892504
87 0.893269
88 0.89332
89 0.894199
90 0.894366
91 0.895502
92 0.895501
93 0.896092
94 0.89634
95 0.897371
96 0.897529
97 0.898086
98 0.898553
99 0.899166
100 0.899583
101 0.900223
102 0.900429
103 0.900854
104 0.901571
105 0.901531
106 0.902176
107 0.902508
108 0.902609
109 0.903713
110 0.903864
111 0.904364
112 0.904612
113 0.905182
114 0.905127
115 0.905691
116 0.906253
117 0.906489
118 0.906634
119 0.907282
120 0.907721
121 0.907496
122 0.90883
123 0.90833
124 0.908805
125 0.909418
126 0.909404
127 0.910165
128 0.910265
129 0.910756
130 0.9104
131 0.911499
132 0.911745
133 0.912383
134 0.912542
135 0.912809
136 0.912864
137 0.913273
138 0.913447
139 0.913699
140 0.913927
141 0.914537
142 0.914302
143 0.914912
144 0.914822
145 0.915212
146 0.915816
147 0.915992
148 0.916293
149 0.916449
150 0.916816
151 0.916487
152 0.917228
153 0.917626
154 0.91766
155 0.917849
156 0.918037
157 0.918538
158 0.918266
159 0.918517
160 0.919154
161 0.919408
162 0.919581
163 0.919657
164 0.919932
165 0.920273
166 0.920685
167 0.920714
168 0.920701
169 0.920875
170 0.921461
171 0.921264
172 0.921659
173 0.921474
174 0.922142
175 0.92198
176 0.922806
177 0.922647
178 0.922803
179 0.922979
180 0.923034
181 0.923327
182 0.923715
183 0.923781
184 0.924297
185 0.924299
186 0.924432
187 0.924333
188 0.92464
189 0.925054
190 0.925227
191 0.925454
192 0.925675
193 0.925651
194 0.925888
195 0.926123
196 0.92621
197 0.926365
198 0.926667
199 0.927078
200 0.926925
201 0.92741
202 0.927113
203 0.927661
204 0.9277
205 0.927665
206 0.927744
207 0.927885
208 0.928239
209 0.928464
210 0.928459
211 0.928752
212 0.92893
213 0.928799
214 0.929228
215 0.929649
216 0.929744
217 0.929888
218 0.930017
219 0.930054
220 0.929884
221 0.930187
222 0.930108
223 0.929822
224 0.93048
225 0.930802
226 0.930647
227 0.931175
228 0.931421
229 0.93111
230 0.931521
231 0.931697
232 0.931486
233 0.932112
234 0.93225
235 0.93223
236 0.932342
237 0.932538
238 0.932265
239 0.932781
240 0.933073
241 0.932647
242 0.932948
243 0.932836
244 0.933296
245 0.933022
246 0.93387
247 0.933618
248 0.93353
249 0.934188
250 0.933881
251 0.934026
252 0.934471
253 0.934423
254 0.934943
255 0.934756
256 0.934856
257 0.93469
258 0.934681
259 0.935114
260 0.935361
261 0.935254
262 0.935109
263 0.935573
264 0.9355
265 0.935566
266 0.935641
267 0.936041
268 0.936228
269 0.936316
270 0.936344
271 0.936319
272 0.936468
273 0.93703
274 0.936298
275 0.936753
276 0.936915
277 0.9371
278 0.936915
279 0.937075
280 0.937381
281 0.937449
282 0.937821
283 0.937597
284 0.937591
285 0.938103
286 0.937913
287 0.937999
288 0.938239
289 0.938072
290 0.938267
291 0.938608
292 0.938308
293 0.938936
294 0.938379
295 0.938796
296 0.938844
297 0.939184
298 0.938988
299 0.939008
300 0.939385
301 0.939519
302 0.939704
303 0.939511
304 0.939628
305 0.939556
306 0.939947
307 0.939752
308 0.940119
309 0.940146
310 0.940278
311 0.940094
312 0.940203
313 0.940747
314 0.940782
315 0.940864
316 0.94073
317 0.940776
318 0.941107
319 0.940983
320 0.941361
321 0.940959
322 0.941278
323 0.941325
324 0.941573
325 0.941434
326 0.941627
327 0.942145
328 0.941841
329 0.94192
330 0.941931
331 0.941935
332 0.942077
333 0.942007
334 0.942457
335 0.942488
336 0.942482
337 0.942774
338 0.942519
339 0.942834
340 0.94295
341 0.942684
342 0.943035
343 0.943161
344 0.943036
345 0.943166
346 0.943285
347 0.943524
348 0.943392
349 0.943279
350 0.94379
351 0.94375
352 0.943776
353 0.943551
354 0.944012
355 0.943697
356 0.943818
357 0.944054
358 0.944097
359 0.944103
360 0.944091
361 0.944118
362 0.944467
363 0.944614
364 0.944361
365 0.944494
366 0.944585
367 0.944495
368 0.944879
369 0.944807
370 0.944738
371 0.944904
372 0.945369
373 0.945149
374 0.945097
375 0.945085
376 0.945228
377 0.945308
378 0.945334
379 0.945971
380 0.945677
381 0.945773
382 0.945859
383 0.945522
384 0.946113
385 0.945833
386 0.946014
387 0.946097
388 0.945965
389 0.946131
390 0.946446
391 0.946359
392 0.946365
393 0.946573
394 0.946185
395 0.946572
396 0.946694
397 0.946758
398 0.946551
399 0.946796
400 0.946875
