1 0.167215
2 0.166866
3 0.166377
4 0.167196
5 0.166866
6 0.166866
7 0.139062
8 0.118205
9 0.101815
10 0.0897308
11 0.0799232
12 0.0715094
13 0.0650533
14 0.0594392
15 0.0548775
16 0.0510087
17 0.0477417
18 0.0449526
19 0.0422938
20 0.040134
21 0.0381778
22 0.0364465
23 0.0349296
24 0.0334913
25 0.0321479
26 0.0308003
27 0.0298366
28 0.0288648
29 0.0281315
30 0.027051
31 0.0261766
32 0.0254899
33 0.0248679
34 0.0241536
35 0.0235393
36 0.022754
37 0.0224458
38 0.0218215
39 0.0211773
40 0.020683
41 0.0202259
42 0.0197962
43 0.0194479
44 0.019132
45 0.0187058
46 0.0183689
47 0.0180438
48 0.0176557
49 0.0173621
50 0.0171077
51 0.016739
52 0.0165273
53 0.0161903
54 0.0159462
55 0.0156802
56 0.0154931
57 0.0152937
58 0.0149761
59 0.0147931
60 0.0145886
61 0.0144295
62 0.0142117
63 0.014131
64 0.0138808
65 0.0136982
66 0.0134821
67 0.0132886
68 0.0131339
69 0.0130293
70 0.0128367
71 0.0126743
72 0.0124906
73 0.0123992
74 0.0123132
75 0.0121215
76 0.0119407
77 0.0118386
78 0.0117141
79 0.0115516
80 0.0114375
81 0.0113294
82 0.0112893
83 0.0110991
84 0.0110293
85 0.010873
86 0.0107951
87 0.01067
88 0.0106333
89 0.0104735
90 0.0104448
91 0.010257
92 0.010187
93 0.0101319
94 0.0100882
95 0.00994062
96 0.0098724
97 0.00975533
98 0.00971858
99 0.00962535
100 0.00953205
101 0.00944247
102 0.00940851
103 0.00931265
104 0.00922635
105 0.00922856
106 0.00908876
107 0.00907083
108 0.00902831
109 0.00888374
110 0.00880626
111 0.00874769
112 0.00874331
113 0.00862892
114 0.00856517
115 0.00852279
116 0.00841246
117 0.00841712
118 0.00840429
119 0.00827507
120 0.0082013
121 0.00823364
122 0.00806033
123 0.00812438
124 0.00807943
125 0.0079643
126 0.00793902
127 0.00784575
128 0.00778678
129 0.00776566
130 0.00776927
131 0.00764027
132 0.00759962
133 0.00752907
134 0.00747757
135 0.0074412
136 0.00742311
137 0.00738203
138 0.00731343
139 0.00728911
140 0.00725161
141 0.00718092
142 0.00719355
143 0.0071022
144 0.00714656
145 0.00705849
146 0.00696431
147 0.00697411
148 0.00692989
149 0.00689484
150 0.00687795
151 0.00687924
152 0.00679103
153 0.0067434
154 0.00670605
155 0.00669202
156 0.00665998
157 0.00659765
158 0.00663785
159 0.00662416
160 0.00653091
161 0.00644614
162 0.00642463
163 0.00643625
164 0.00634705
165 0.00636147
166 0.00630775
167 0.00630434
168 0.00629898
169 0.00625354
170 0.00620705
171 0.00624806
172 0.00614704
173 0.00612273
174 0.00609914
175 0.00607772
176 0.00599129
177 0.00603194
178 0.00600581
179 0.00596168
180 0.00592856
181 0.00590573
182 0.0058493
183 0.00584006
184 0.00581136
185 0.00578304
186 0.00578346
187 0.00577413
188 0.00574185
189 0.00566871
190 0.00567975
191 0.00564331
192 0.00568298
193 0.00561601
194 0.00559382
195 0.00557437
196 0.00555197
197 0.00551263
198 0.00548027
199 0.00541769
200 0.00544496
201 0.00539177
202 0.00539667
203 0.00540682
204 0.00536699
205 0.00538439
206 0.00533667
207 0.00528859
208 0.00527001
209 0.00524518
210 0.00525771
211 0.00520104
212 0.00519589
213 0.00516303
214 0.0051578
215 0.00509693
216 0.00508848
217 0.00505865
218 0.00509012
219 0.00501658
220 0.00509886
221 0.00504868
222 0.00504008
223 0.00507052
224 0.00499194
225 0.00495779
226 0.0049932
227 0.00488535
228 0.00488219
229 0.0049027
230 0.00486246
231 0.00485214
232 0.00486602
233 0.0048001
234 0.00476477
235 0.00479708
236 0.00477147
237 0.00475686
238 0.0047897
239 0.00469849
240 0.00466422
241 0.00470185
242 0.00469639
243 0.00471379
244 0.0046461
245 0.00465787
246 0.00456867
247 0.00461803
248 0.00461641
249 0.00458632
250 0.00459508
251 0.00456266
252 0.00452637
253 0.00454843
254 0.00447883
255 0.00446177
256 0.00449506
257 0.00449946
258 0.00448195
259 0.00447239
260 0.00438813
261 0.0044239
262 0.00439659
263 0.00436692
264 0.00437623
265 0.00433515
266 0.00437319
267 0.0043221
268 0.00431494
269 0.00431868
270 0.00428393
271 0.00429918
272 0.00427254
273 0.00421225
274 0.00430649
275 0.00424212
276 0.00419423
277 0.00422608
278 0.00423299
279 0.00418037
280 0.00414739
281 0.00411769
282 0.00412115
283 0.00414616
284 0.00411555
285 0.00408786
286 0.00411043
287 0.00407835
288 0.00408164
289 0.00410394
290 0.00404662
291 0.0040177
292 0.00407006
293 0.00399502
294 0.00405938
295 0.00400067
296 0.00401937
297 0.00395576
298 0.00397774
299 0.0039439
300 0.00392619
301 0.0039261
302 0.00391544
303 0.00393466
304 0.00391001
305 0.0039134
306 0.00384691
307 0.00389468
308 0.00385666
309 0.00384528
310 0.00384404
311 0.00383217
312 0.00381418
313 0.00382505
314 0.00376093
315 0.00376312
316 0.00378655
317 0.00375045
318 0.00373036
319 0.0037633
320 0.00373876
321 0.00372039
322 0.00370819
323 0.00371008
324 0.00368725
325 0.00370771
326 0.00368012
327 0.00362914
328 0.00368705
329 0.00365655
330 0.00365006
331 0.00361868
332 0.00360912
333 0.0036309
334 0.0036034
335 0.00360753
336 0.00362182
337 0.00357553
338 0.00359465
339 0.00357963
340 0.00354759
341 0.00356706
342 0.0035404
343 0.00352108
344 0.00355809
345 0.00352575
346 0.00352337
347 0.00352272
348 0.00349529
349 0.00351097
350 0.00346143
351 0.00344847
352 0.00345601
353 0.00346996
354 0.00342748
355 0.00346678
356 0.00346743
357 0.00341749
358 0.00344406
359 0.00343468
360 0.00341357
361 0.00340586
362 0.00337401
363 0.00331248
364 0.00337542
365 0.00335826
366 0.00337428
367 0.00336973
368 0.0033251
369 0.00329693
370 0.00337341
371 0.00331589
372 0.00328051
373 0.003305
374 0.00334782
375 0.00333238
376 0.00330828
377 0.00328995
378 0.00326662
379 0.00323465
380 0.00326559
381 0.00324888
382 0.00324437
383 0.00329105
384 0.00321662
385 0.00321599
386 0.00320274
387 0.00320462
388 0.00324075
389 0.00319933
390 0.00320073
391 0.00322911
392 0.0031716
393 0.0031449
394 0.00320611
395 0.00316796
396 0.0031524
397 0.00314429
398 0.00319211
399 0.00315878
400 0.00312272
