1 0.498944
2 0.499901
3 0.501345
4 0.499347
5 0.500602
6 0.499487
7 0.527569
8 0.548179
9 0.564609
10 0.576839
11 0.586495
12 0.595569
13 0.601809
14 0.607365
15 0.61211
16 0.615136
17 0.618966
18 0.622415
19 0.624339
20 0.626835
21 0.62939
22 0.630685
23 0.632264
24 0.633256
25 0.634468
26 0.635767
27 0.637461
28 0.63829
29 0.638832
30 0.639433
31 0.640795
32 0.641965
33 0.642174
34 0.643126
35 0.643766
36 0.644655
37 0.644293
38 0.64432
39 0.645741
40 0.646456
41 0.646931
42 0.647231
43 0.647709
44 0.648486
45 0.648215
46 0.648304
47 0.648921
48 0.64966
49 0.649312
50 0.649457
51 0.650281
52 0.650169
53 0.650156
54 0.650927
55 0.650764
56 0.650697
57 0.650901
58 0.652
59 0.652379
60 0.652211
61 0.652596
62 0.652505
63 0.652103
64 0.653539
65 0.652555
66 0.6535
67 0.653106
68 0.65355
69 0.654168
70 0.653913
71 0.653744
72 0.654247
73 0.653736
74 0.655626
75 0.655211
76 0.654927
77 0.655737
78 0.654963
79 0.65571
80 0.655335
81 0.65507
82 0.655345
83 0.655434
84 0.655573
85 0.656102
86 0.655685
87 0.656016
88 0.656474
89 0.655914
90 0.656334
91 0.656358
92 0.656555
93 0.657274
94 0.656173
95 0.656281
96 0.656576
97 0.656752
98 0.657058
99 0.65683
100 0.657739
101 0.657282
102 0.657709
103 0.6574
104 0.658408
105 0.657186
106 0.657565
107 0.658022
108 0.658328
109 0.657462
110 0.657885
111 0.657747
112 0.65877
113 0.658293
114 0.657842
115 0.657846
116 0.658483
117 0.658795
118 0.658915
119 0.658722
120 0.65946
121 0.658693
122 0.659967
123 0.659065
124 0.659299
125 0.659282
126 0.659286
127 0.659432
128 0.659011
129 0.659105
130 0.659565
131 0.658638
132 0.658932
133 0.659471
134 0.659245
135 0.659263
136 0.65934
137 0.659988
138 0.658998
139 0.660048
140 0.659005
141 0.65922
142 0.659722
143 0.659463
144 0.659532
145 0.659822
146 0.660625
147 0.659795
148 0.659436
149 0.660251
150 0.660379
151 0.659784
152 0.660115
153 0.659782
154 0.659813
155 0.660619
156 0.660131
157 0.660423
158 0.66048
159 0.660079
160 0.660236
161 0.660346
162 0.660843
163 0.660391
164 0.660576
165 0.660404
166 0.66122
167 0.660632
168 0.660411
169 0.660404
170 0.661243
171 0.660564
172 0.661179
173 0.660818
174 0.660942
175 0.660378
176 0.660475
177 0.660314
178 0.661268
179 0.660066
180 0.660419
181 0.660896
182 0.660544
183 0.661527
184 0.660875
185 0.661449
186 0.662031
187 0.660801
188 0.661653
189 0.661722
190 0.660697
191 0.66197
192 0.661525
193 0.661181
194 0.661594
195 0.661757
196 0.662228
197 0.661527
198 0.662754
199 0.66196
200 0.661793
201 0.66144
202 0.662207
203 0.661758
204 0.661424
205 0.661155
206 0.662459
207 0.661923
208 0.661664
209 0.661752
210 0.660995
211 0.661428
212 0.66215
213 0.66143
214 0.662164
215 0.662089
216 0.661248
217 0.661479
218 0.661707
219 0.66204
220 0.661347
221 0.66165
222 0.661424
223 0.662094
224 0.661205
225 0.661617
226 0.661898
227 0.662125
228 0.661862
229 0.662463
230 0.661099
231 0.662005
232 0.661449
233 0.662301
234 0.661662
235 0.661337
236 0.662157
237 0.661471
238 0.662259
239 0.662057
240 0.662214
241 0.661793
242 0.662047
243 0.66201
244 0.662907
245 0.661977
246 0.662624
247 0.661921
248 0.66258
249 0.662271
250 0.661885
251 0.661849
252 0.661108
253 0.66266
254 0.662775
255 0.662648
256 0.661172
257 0.661858
258 0.661965
259 0.662403
260 0.661842
261 0.662592
262 0.66217
263 0.662835
264 0.663123
265 0.66293
266 0.662383
267 0.662843
268 0.662967
269 0.662568
270 0.662022
271 0.662173
272 0.662664
273 0.662769
274 0.662997
275 0.66301
276 0.662852
277 0.662964
278 0.662272
279 0.663043
280 0.662677
281 0.663237
282 0.663197
283 0.662472
284 0.662399
285 0.662193
286 0.662652
287 0.662532
288 0.662068
289 0.662459
290 0.662406
291 0.662832
292 0.663614
293 0.662772
294 0.663098
295 0.662529
296 0.663356
297 0.662938
298 0.662979
299 0.663192
300 0.663352
301 0.663657
302 0.662123
303 0.662317
304 0.663324
305 0.662604
306 0.663147
307 0.66342
308 0.662404
309 0.662565
310 0.662878
311 0.661965
312 0.663935
313 0.664048
314 0.663439
315 0.663796
316 0.663391
317 0.663891
318 0.663384
319 0.663241
320 0.662948
321 0.662798
322 0.662974
323 0.663218
324 0.6633
325 0.663443
326 0.663432
327 0.663135
328 0.66323
329 0.663387
330 0.663028
331 0.663696
332 0.662956
333 0.663773
334 0.662958
335 0.663529
336 0.664168
337 0.663453
338 0.662975
339 0.663199
340 0.663373
341 0.663751
342 0.663682
343 0.662963
344 0.663494
345 0.663876
346 0.663418
347 0.662809
348 0.662964
349 0.66309
350 0.663614
351 0.663034
352 0.663454
353 0.662961
354 0.663932
355 0.663439
356 0.662211
357 0.66409
358 0.66338
359 0.663185
360 0.663161
361 0.662626
362 0.663597
363 0.663959
364 0.663391
365 0.664003
366 0.663212
367 0.663867
368 0.663829
369 0.664587
370 0.664111
371 0.664132
372 0.663142
373 0.66442
374 0.663329
375 0.662644
376 0.663137
377 0.663339
378 0.663476
379 0.663527
380 0.663941
381 0.663264
382 0.663425
383 0.663953
384 0.663922
385 0.663472
386 0.663965
387 0.663943
388 0.664598
389 0.663571
390 0.664138
391 0.663647
392 0.664075
393 0.663062
394 0.663347
395 0.664322
396 0.663264
397 0.663575
398 0.663524
399 0.664406
400 0.66385
