1 0.166478
2 0.166478
3 0.166478
4 0.166964
5 0.166478
6 0.166478
7 0.166964
8 0.166964
9 0.166478
10 0.166964
11 0.166478
12 0.166478
13 0.166964
14 0.166964
15 0.166964
16 0.166964
17 0.166964
18 0.166964
19 0.166478
20 0.166478
21 0.166964
22 0.166478
23 0.166964
24 0.166964
25 0.166964
26 0.0834521
27 0.0835643
28 0.0555552
29 0.0553402
30 0.0418245
31 0.0417023
32 0.0332125
33 0.0334128
34 0.0278367
35 0.0278941
36 0.0239818
37 0.0237576
38 0.0208679
39 0.0207758
40 0.0185876
41 0.0185833
42 0.016809
43 0.016731
44 0.01515
45 0.0152007
46 0.0139406
47 0.0138888
48 0.0129218
49 0.012788
50 0.0119667
51 0.0117266
52 0.0112006
53 0.0109521
54 0.0105387
55 0.0103486
56 0.00997634
57 0.00969423
58 0.00944402
59 0.00935955
60 0.00900319
61 0.00885095
62 0.00859529
63 0.00849985
64 0.00838209
65 0.00813766
66 0.00797738
67 0.00788003
68 0.00771338
69 0.00765324
70 0.00746518
71 0.00729524
72 0.00716106
73 0.00710722
74 0.00700602
75 0.00691663
76 0.00674093
77 0.00672314
78 0.00663992
79 0.00649256
80 0.00640292
81 0.00635675
82 0.00624119
83 0.00617748
84 0.00613243
85 0.00601924
86 0.00593789
87 0.00586393
88 0.00577409
89 0.0057344
90 0.00561472
91 0.00557873
92 0.00557488
93 0.00546183
94 0.00540402
95 0.00535013
96 0.00529975
97 0.00519827
98 0.00515777
99 0.00514917
100 0.00506157
101 0.00499094
102 0.00497174
103 0.00492268
104 0.00486086
105 0.0048218
106 0.00478497
107 0.00469772
108 0.00465543
109 0.00464382
110 0.00460519
111 0.00456862
112 0.00451518
113 0.00445599
114 0.00444837
115 0.00440272
116 0.0043884
117 0.00433192
118 0.00431703
119 0.00425483
120 0.00421552
121 0.00417974
122 0.00419353
123 0.0041327
124 0.00409198
125 0.00408249
126 0.00404693
127 0.00402057
128 0.00401234
129 0.00395037
130 0.00391147
131 0.00388969
132 0.00385661
133 0.00382767
134 0.00377971
135 0.00381642
136 0.00376641
137 0.00371788
138 0.00371721
139 0.00370775
140 0.00364923
141 0.00363003
142 0.00360802
143 0.0036245
144 0.00354874
145 0.00354624
146 0.00353635
147 0.00349295
148 0.00346786
149 0.00344414
150 0.00344386
151 0.0034437
152 0.00340042
153 0.00335825
154 0.00335294
155 0.00334284
156 0.00330758
157 0.00330852
158 0.00332141
159 0.00326088
160 0.0032537
161 0.00321979
162 0.00322493
163 0.00320899
164 0.00314879
165 0.00315235
166 0.00312657
167 0.00314486
168 0.00314139
169 0.00310318
170 0.00309846
171 0.00307013
172 0.00305391
173 0.00303205
174 0.00302864
175 0.00302518
176 0.00300869
177 0.00299085
178 0.0029399
179 0.00295364
180 0.00292524
181 0.00290506
182 0.0029106
183 0.00290267
184 0.00290233
185 0.00286091
186 0.00284063
187 0.00282073
188 0.00283148
189 0.00283679
190 0.00280235
191 0.00277377
192 0.00277928
193 0.0027544
194 0.00278889
195 0.0027361
196 0.00270487
197 0.00272104
198 0.00272469
199 0.00268465
200 0.00270751
201 0.00265867
202 0.00265465
203 0.00266107
204 0.0026436
205 0.00262429
206 0.00265661
207 0.00261909
208 0.00259064
209 0.00259426
210 0.00258801
211 0.00257806
212 0.00255827
213 0.00255782
214 0.0025407
215 0.00252149
216 0.0025453
217 0.00253327
218 0.00252307
219 0.00248148
220 0.00249962
221 0.00250877
222 0.00245871
223 0.00245012
224 0.00244088
225 0.00245319
226 0.00244319
227 0.00241416
228 0.0024242
229 0.00242671
230 0.00239819
231 0.0024032
232 0.0023898
233 0.00239454
234 0.00236049
235 0.00234277
236 0.00233025
237 0.00235658
238 0.0023395
239 0.00231055
240 0.00229966
241 0.0023168
242 0.00231503
243 0.00231201
244 0.00227419
245 0.00228174
246 0.00226156
247 0.00225683
248 0.00225171
249 0.00222623
250 0.00225536
251 0.00221237
252 0.00222763
253 0.00221511
254 0.00223575
255 0.00218925
256 0.00219069
257 0.00220382
258 0.00220233
259 0.00217635
260 0.00217786
261 0.00217422
262 0.00217207
263 0.00216091
264 0.00214398
265 0.0021386
266 0.00213183
267 0.00212969
268 0.00213328
269 0.00212294
270 0.0021226
271 0.00213608
272 0.00208107
273 0.00209203
274 0.0021055
275 0.00209448
276 0.00207782
277 0.00207057
278 0.00207132
279 0.00205196
280 0.00204522
281 0.00204021
282 0.00206235
283 0.00204249
284 0.00201218
285 0.00202633
286 0.00202835
287 0.00200033
288 0.00204047
289 0.00202316
290 0.00201497
291 0.00199526
292 0.00198549
293 0.00197723
294 0.00198172
295 0.00196183
296 0.00196907
297 0.00196505
298 0.00195613
299 0.00195203
300 0.00194249
301 0.00195977
302 0.00195454
303 0.00194208
304 0.00191989
305 0.00194116
306 0.00193107
307 0.00192475
308 0.00191741
309 0.0019137
310 0.00190068
311 0.00188793
312 0.0018708
313 0.00190229
314 0.00187225
315 0.00190513
316 0.00187234
317 0.00187526
318 0.00186188
319 0.00184475
320 0.001841
321 0.00184471
322 0.00185581
323 0.00183101
324 0.00183828
325 0.00182787
326 0.00184773
327 0.00181071
328 0.00181411
329 0.00181987
330 0.00181641
331 0.00180153
332 0.00181542
333 0.00179714
334 0.00180472
335 0.00177626
336 0.00178434
337 0.00178386
338 0.00178838
339 0.00178436
340 0.0017786
341 0.00177599
342 0.00176124
343 0.00175934
344 0.00175708
345 0.00174754
346 0.00174854
347 0.00175703
348 0.00173229
349 0.00173323
350 0.00173903
351 0.00172045
352 0.00172111
353 0.00173048
354 0.00172506
355 0.00172812
356 0.0017101
357 0.00169288
358 0.00170336
359 0.00170286
360 0.0016893
361 0.00168342
362 0.00168206
363 0.00167574
364 0.0016786
365 0.00167769
366 0.0016808
367 0.00167185
368 0.00167647
369 0.00166501
370 0.00167222
371 0.00165551
372 0.00167083
373 0.00165332
374 0.00164803
375 0.00163593
376 0.00164356
377 0.00165314
378 0.00162336
379 0.00163275
380 0.00163675
381 0.00162542
382 0.00161246
383 0.00161279
384 0.00160253
385 0.00161468
386 0.00160705
387 0.00159101
388 0.00160924
389 0.00158786
390 0.00160985
391 0.00158321
392 0.00159324
393 0.00158111
394 0.00158912
395 0.00156924
396 0.00156904
397 0.00158064
398 0.00157521
399 0.00156155
400 0.00157048
