1 0.500138
2 0.500138
3 0.500138
4 0.499862
5 0.500138
6 0.500138
7 0.499862
8 0.499862
9 0.500138
10 0.499862
11 0.500138
12 0.500138
13 0.499862
14 0.499862
15 0.499862
16 0.499862
17 0.499862
18 0.499862
19 0.500138
20 0.500138
21 0.499862
22 0.500138
23 0.499862
24 0.499862
25 0.499862
26 0.666002
27 0.666047
28 0.733107
29 0.733565
30 0.77069
31 0.771414
32 0.797294
33 0.79612
34 0.815051
35 0.81465
36 0.828388
37 0.829573
38 0.840862
39 0.841271
40 0.850125
41 0.849954
42 0.857168
43 0.857914
44 0.864901
45 0.864668
46 0.870232
47 0.870593
48 0.875571
49 0.875955
50 0.880162
51 0.881708
52 0.884091
53 0.885279
54 0.887472
55 0.88881
56 0.891006
57 0.892765
58 0.893695
59 0.894225
60 0.896476
61 0.896959
62 0.899096
63 0.899645
64 0.900251
65 0.901693
66 0.902582
67 0.903435
68 0.904168
69 0.904735
70 0.905819
71 0.906864
72 0.907729
73 0.908161
74 0.909075
75 0.909463
76 0.910484
77 0.910657
78 0.911428
79 0.912241
80 0.912714
81 0.913147
82 0.913817
83 0.91476
84 0.914736
85 0.915709
86 0.916172
87 0.916595
88 0.917438
89 0.91773
90 0.918463
91 0.918634
92 0.918937
93 0.919852
94 0.920143
95 0.920714
96 0.920853
97 0.921937
98 0.922303
99 0.921853
100 0.922947
101 0.923371
102 0.923565
103 0.923797
104 0.924505
105 0.924878
106 0.925101
107 0.925645
108 0.926043
109 0.926149
110 0.926539
111 0.926854
112 0.927173
113 0.927724
114 0.92788
115 0.928303
116 0.928343
117 0.928642
118 0.928784
119 0.929562
120 0.929701
121 0.930095
122 0.929949
123 0.930769
124 0.931
125 0.93085
126 0.931147
127 0.931557
128 0.931418
129 0.932128
130 0.932626
131 0.932655
132 0.932725
133 0.933104
134 0.933363
135 0.933232
136 0.933593
137 0.933866
138 0.934182
139 0.934452
140 0.935009
141 0.935076
142 0.93514
143 0.935161
144 0.935661
145 0.93569
146 0.936052
147 0.936261
148 0.936727
149 0.936653
150 0.936736
151 0.936758
152 0.937187
153 0.937403
154 0.937497
155 0.937602
156 0.937991
157 0.938033
158 0.937854
159 0.938435
160 0.938679
161 0.939091
162 0.93894
163 0.93911
164 0.939543
165 0.939565
166 0.939816
167 0.939617
168 0.939644
169 0.94019
170 0.940236
171 0.940329
172 0.940607
173 0.94075
174 0.940933
175 0.940869
176 0.940968
177 0.941029
178 0.941898
179 0.941666
180 0.941948
181 0.94217
182 0.9421
183 0.942107
184 0.942449
185 0.942734
186 0.942615
187 0.943229
188 0.943019
189 0.942719
190 0.943201
191 0.943549
192 0.943513
193 0.943535
194 0.943188
195 0.944078
196 0.944205
197 0.944281
198 0.944115
199 0.944646
200 0.944084
201 0.944825
202 0.944599
203 0.944669
204 0.944889
205 0.944951
206 0.94483
207 0.945085
208 0.945493
209 0.945512
210 0.945513
211 0.945367
212 0.94578
213 0.945908
214 0.946048
215 0.946098
216 0.946015
217 0.946213
218 0.94616
219 0.946604
220 0.946547
221 0.946579
222 0.947061
223 0.946889
224 0.947112
225 0.947028
226 0.947374
227 0.947506
228 0.947102
229 0.947165
230 0.947653
231 0.947525
232 0.9476
233 0.947838
234 0.948116
235 0.948374
236 0.948527
237 0.948079
238 0.948295
239 0.948797
240 0.948589
241 0.948819
242 0.948708
243 0.948675
244 0.94906
245 0.948895
246 0.949244
247 0.949302
248 0.949323
249 0.949637
250 0.948975
251 0.949905
252 0.949499
253 0.949504
254 0.94958
255 0.949809
256 0.950086
257 0.949883
258 0.949947
259 0.950189
260 0.950268
261 0.950425
262 0.950434
263 0.950504
264 0.950567
265 0.950834
266 0.950744
267 0.950956
268 0.950791
269 0.950758
270 0.950834
271 0.950832
272 0.951475
273 0.951311
274 0.951232
275 0.951172
276 0.9516
277 0.951478
278 0.951663
279 0.951632
280 0.951648
281 0.951825
282 0.951657
283 0.951954
284 0.952206
285 0.952384
286 0.952011
287 0.952607
288 0.951909
289 0.952155
290 0.952377
291 0.95262
292 0.952352
293 0.95264
294 0.952589
295 0.952822
296 0.952594
297 0.952785
298 0.952767
299 0.952972
300 0.952982
301 0.953067
302 0.953013
303 0.952905
304 0.953465
305 0.953217
306 0.953435
307 0.95333
308 0.953643
309 0.953251
310 0.953574
311 0.953937
312 0.954038
313 0.953709
314 0.953926
315 0.953611
316 0.954051
317 0.954146
318 0.954012
319 0.954332
320 0.954251
321 0.954412
322 0.954244
323 0.954466
324 0.954501
325 0.954766
326 0.954208
327 0.95503
328 0.954928
329 0.954459
330 0.954708
331 0.955047
332 0.954785
333 0.955038
334 0.954787
335 0.955332
336 0.955207
337 0.95527
338 0.955154
339 0.955079
340 0.955233
341 0.955249
342 0.955413
343 0.95569
344 0.955873
345 0.95571
346 0.955822
347 0.955401
348 0.95597
349 0.955956
350 0.955866
351 0.955985
352 0.956065
353 0.955875
354 0.956124
355 0.955883
356 0.95627
357 0.956395
358 0.956196
359 0.956278
360 0.956551
361 0.956486
362 0.956762
363 0.956728
364 0.956635
365 0.956592
366 0.956754
367 0.956757
368 0.95662
369 0.956733
370 0.95673
371 0.95703
372 0.95666
373 0.957007
374 0.956798
375 0.957336
376 0.957075
377 0.95724
378 0.957311
379 0.957215
380 0.957106
381 0.957536
382 0.95753
383 0.957558
384 0.957578
385 0.957573
386 0.957421
387 0.957965
388 0.957677
389 0.957797
390 0.957528
391 0.958073
392 0.957804
393 0.958059
394 0.957708
395 0.95839
396 0.958249
397 0.957743
398 0.958247
399 0.958265
400 0.958278
