1 0.500502
2 0.500786
3 0.49999
4 0.500372
5 0.500498
6 0.500498
7 0.499419
8 0.500489
9 0.499847
10 0.499837
11 0.500392
12 0.500392
13 0.499682
14 0.499763
15 0.500152
16 0.499763
17 0.499763
18 0.500351
19 0.499871
20 0.500502
21 0.499604
22 0.501153
23 0.500156
24 0.500405
25 0.500302
26 0.583752
27 0.584377
28 0.61189
29 0.611584
30 0.62567
31 0.625683
32 0.634221
33 0.633346
34 0.639298
35 0.639304
36 0.642613
37 0.643658
38 0.645904
39 0.64644
40 0.647874
41 0.648533
42 0.65073
43 0.649709
44 0.65225
45 0.651874
46 0.65373
47 0.653152
48 0.653746
49 0.654559
50 0.654867
51 0.655766
52 0.655671
53 0.656249
54 0.656272
55 0.657085
56 0.657334
57 0.656834
58 0.657914
59 0.657437
60 0.657738
61 0.658505
62 0.658436
63 0.658981
64 0.658647
65 0.658488
66 0.658881
67 0.658854
68 0.659779
69 0.659809
70 0.659015
71 0.659531
72 0.660314
73 0.65931
74 0.661185
75 0.660356
76 0.660835
77 0.65987
78 0.660606
79 0.660861
80 0.660961
81 0.661209
82 0.66076
83 0.66067
84 0.660909
85 0.661027
86 0.662091
87 0.66111
88 0.661252
89 0.661877
90 0.661393
91 0.660952
92 0.661333
93 0.661597
94 0.661665
95 0.661953
96 0.661793
97 0.66236
98 0.662546
99 0.66194
100 0.66225
101 0.661905
102 0.66119
103 0.66249
104 0.662317
105 0.66225
106 0.661818
107 0.662779
108 0.663485
109 0.662186
110 0.663557
111 0.662941
112 0.662955
113 0.663124
114 0.662797
115 0.662867
116 0.662949
117 0.662977
118 0.66273
119 0.662778
120 0.663274
121 0.66288
122 0.662314
123 0.663518
124 0.662424
125 0.662713
126 0.662305
127 0.663172
128 0.66354
129 0.663268
130 0.663521
131 0.663776
132 0.663178
133 0.664213
134 0.663219
135 0.663172
136 0.663859
137 0.663728
138 0.663311
139 0.663368
140 0.663577
141 0.663338
142 0.663356
143 0.663952
144 0.663362
145 0.663577
146 0.663581
147 0.6632
148 0.664037
149 0.663308
150 0.663138
151 0.66358
152 0.664367
153 0.663472
154 0.663745
155 0.664068
156 0.664424
157 0.664068
158 0.663859
159 0.663812
160 0.663636
161 0.664069
162 0.6644
163 0.663132
164 0.664366
165 0.663634
166 0.663953
167 0.662924
168 0.66419
169 0.664226
170 0.664071
171 0.66392
172 0.664418
173 0.664352
174 0.664048
175 0.66385
176 0.664119
177 0.664492
178 0.664504
179 0.664798
180 0.663555
181 0.664611
182 0.663674
183 0.664313
184 0.66497
185 0.66523
186 0.66414
187 0.664125
188 0.664241
189 0.663862
190 0.664514
191 0.664234
192 0.663714
193 0.664627
194 0.663753
195 0.66369
196 0.664606
197 0.663825
198 0.664263
199 0.663659
200 0.664732
201 0.664818
202 0.664542
203 0.664722
204 0.664268
205 0.664437
206 0.664422
207 0.664611
208 0.66542
209 0.664442
210 0.664645
211 0.664684
212 0.664562
213 0.66475
214 0.664328
215 0.664397
216 0.664812
217 0.664454
218 0.664357
219 0.664963
220 0.664358
221 0.664678
222 0.663741
223 0.664993
224 0.664719
225 0.664447
226 0.664728
227 0.664547
228 0.664924
229 0.6651
230 0.663665
231 0.664098
232 0.664587
233 0.66497
234 0.664856
235 0.664609
236 0.664829
237 0.66444
238 0.664346
239 0.664307
240 0.665239
241 0.665068
242 0.664655
243 0.665118
244 0.664549
245 0.664644
246 0.665158
247 0.664839
248 0.665643
249 0.664491
250 0.664943
251 0.664799
252 0.665499
253 0.664451
254 0.66459
255 0.664464
256 0.664436
257 0.664544
258 0.664628
259 0.665151
260 0.664263
261 0.665201
262 0.665072
263 0.665387
264 0.665061
265 0.664395
266 0.66464
267 0.664749
268 0.665478
269 0.663797
270 0.66471
271 0.664313
272 0.665094
273 0.665119
274 0.665141
275 0.665099
276 0.664448
277 0.664309
278 0.665191
279 0.664874
280 0.665185
281 0.665134
282 0.665169
283 0.665785
284 0.664983
285 0.664825
286 0.665208
287 0.664645
288 0.664163
289 0.665664
290 0.665765
291 0.665006
292 0.665323
293 0.665029
294 0.665804
295 0.665364
296 0.665571
297 0.665328
298 0.664988
299 0.664857
300 0.66504
301 0.665416
302 0.665556
303 0.664709
304 0.665004
305 0.664816
306 0.665487
307 0.665092
308 0.664979
309 0.665757
310 0.66456
311 0.665572
312 0.664852
313 0.665117
314 0.665781
315 0.665187
316 0.664884
317 0.665305
318 0.665249
319 0.66579
320 0.664925
321 0.665367
322 0.66461
323 0.664286
324 0.665079
325 0.664953
326 0.665689
327 0.665112
328 0.665212
329 0.665594
330 0.665164
331 0.664567
332 0.665308
333 0.665415
334 0.664994
335 0.665799
336 0.665039
337 0.665113
338 0.664991
339 0.665538
340 0.665247
341 0.666178
342 0.66485
343 0.665357
344 0.665368
345 0.665413
346 0.665256
347 0.666056
348 0.665391
349 0.665187
350 0.665254
351 0.665828
352 0.665479
353 0.665225
354 0.664565
355 0.665317
356 0.665088
357 0.664618
358 0.665815
359 0.665271
360 0.665319
361 0.665423
362 0.664808
363 0.664943
364 0.665557
365 0.665739
366 0.664677
367 0.66555
368 0.666228
369 0.66498
370 0.66629
371 0.665543
372 0.665883
373 0.665366
374 0.665129
375 0.66532
376 0.664672
377 0.666072
378 0.665864
379 0.665716
380 0.665598
381 0.666064
382 0.665752
383 0.665533
384 0.665744
385 0.665891
386 0.664677
387 0.665664
388 0.665494
389 0.665702
390 0.665205
391 0.665385
392 0.665656
393 0.665275
394 0.665544
395 0.665134
396 0.664883
397 0.666097
398 0.665609
399 0.665794
400 0.666001
