1 0.249461
2 0.250443
3 0.249507
4 0.249421
5 0.249742
6 0.250249
7 0.249461
8 0.166663
9 0.124844
10 0.118173
11 0.106602
12 0.0832426
13 0.0762761
14 0.0722491
15 0.0683359
16 0.0655977
17 0.0629994
18 0.062895
19 0.0618264
20 0.0620645
21 0.0607625
22 0.0600276
23 0.0622693
24 0.0615482
25 0.0605099
26 0.0595884
27 0.0581096
28 0.0562071
29 0.0538
30 0.0518244
31 0.0503584
32 0.0547893
33 0.0581553
34 0.0570082
35 0.0568463
36 0.0560008
37 0.0563114
38 0.0526639
39 0.0478615
40 0.0485914
41 0.0488851
42 0.0475023
43 0.0469043
44 0.0447889
45 0.0438607
46 0.0411442
47 0.0385672
48 0.0372796
49 0.0353544
50 0.0349305
51 0.0331827
52 0.0317282
53 0.0304714
54 0.0291374
55 0.0284168
56 0.0273325
57 0.0270285
58 0.0266834
59 0.0261555
60 0.0256272
61 0.0254238
62 0.0251554
63 0.0249103
64 0.0245857
65 0.0245503
66 0.0242967
67 0.0242731
68 0.0240743
69 0.0239165
70 0.0238589
71 0.0234664
72 0.0234692
73 0.0232696
74 0.0230433
75 0.022939
76 0.0230434
77 0.0228682
78 0.022545
79 0.0222824
80 0.021687
81 0.0219216
82 0.0220096
83 0.0219457
84 0.0216593
85 0.0217774
86 0.0217741
87 0.0217881
88 0.0212374
89 0.0213828
90 0.021284
91 0.0211167
92 0.0209691
93 0.0209118
94 0.0206985
95 0.0205047
96 0.0200652
97 0.0199813
98 0.0196756
99 0.0194544
100 0.0193214
101 0.0189787
102 0.0188884
103 0.0188673
104 0.0187551
105 0.0186512
106 0.0184899
107 0.0183651
108 0.0182602
109 0.0180159
110 0.017872
111 0.0176262
112 0.0176843
113 0.0175111
114 0.0173419
115 0.0169805
116 0.0169954
117 0.017042
118 0.0169898
119 0.0170078
120 0.0168346
121 0.0169396
122 0.0168766
123 0.0167347
124 0.0164794
125 0.0164681
126 0.0164078
127 0.0162233
128 0.0160524
129 0.0161859
130 0.0162602
131 0.0163369
132 0.0164062
133 0.0162585
134 0.0162107
135 0.0159566
136 0.0158075
137 0.0157723
138 0.0156119
139 0.0154518
140 0.0154054
141 0.0155162
142 0.0155859
143 0.015427
144 0.0153134
145 0.0151715
146 0.0150442
147 0.0149961
148 0.0147321
149 0.0144669
150 0.0146986
151 0.0146914
152 0.0147473
153 0.0144744
154 0.01439
155 0.0145054
156 0.0143112
157 0.0142082
158 0.0139801
159 0.0140082
160 0.013945
161 0.0138642
162 0.0138307
163 0.0138846
164 0.013707
165 0.0135828
166 0.0135747
167 0.0138092
168 0.013751
169 0.013663
170 0.0136794
171 0.0135764
172 0.0134875
173 0.0133692
174 0.0133224
175 0.0131344
176 0.0129921
177 0.0130718
178 0.0130324
179 0.0130432
180 0.0130542
181 0.0130057
182 0.0131616
183 0.0130915
184 0.01313
185 0.0131739
186 0.0130716
187 0.0129059
188 0.0126945
189 0.0125826
190 0.0125454
191 0.0124745
192 0.0123079
193 0.0122452
194 0.012164
195 0.012175
196 0.012336
197 0.0123547
198 0.0123622
199 0.0123783
200 0.0123142
201 0.012244
202 0.0121887
203 0.0121396
204 0.0121095
205 0.0121259
206 0.0120157
207 0.0119361
208 0.0118619
209 0.0119359
210 0.0117913
211 0.0115991
212 0.0116298
213 0.0115028
214 0.0115075
215 0.0115576
216 0.0115697
217 0.011487
218 0.0115285
219 0.0115256
220 0.0113806
221 0.0113311
222 0.0114293
223 0.0113863
224 0.0114092
225 0.0112773
226 0.0112082
227 0.0111673
228 0.0111158
229 0.0110715
230 0.0109751
231 0.0109453
232 0.0108308
233 0.0108531
234 0.0107924
235 0.0107792
236 0.0107638
237 0.0108116
238 0.0107914
239 0.010648
240 0.0105973
241 0.0105993
242 0.0105855
243 0.0105394
244 0.0104849
245 0.0104696
246 0.0103643
247 0.0103608
248 0.0104269
249 0.0103915
250 0.0103429
251 0.0102581
252 0.0102398
253 0.0101855
254 0.0101261
255 0.0100625
256 0.0101129
257 0.0101114
258 0.0100502
259 0.0100514
260 0.00998228
261 0.0100874
262 0.0100797
263 0.0100029
264 0.0100163
265 0.0102027
266 0.0102343
267 0.0100549
268 0.0100288
269 0.0100085
270 0.00999225
271 0.00988629
272 0.00970971
273 0.0096743
274 0.00966764
275 0.00955239
276 0.00951988
277 0.00959276
278 0.00955363
279 0.00950556
280 0.00946042
281 0.00942296
282 0.00936875
283 0.00936442
284 0.00929228
285 0.00931107
286 0.00934449
287 0.0092941
288 0.00923273
289 0.00927155
290 0.00918877
291 0.00914421
292 0.00922626
293 0.0096733
294 0.00962513
295 0.00966567
296 0.00959158
297 0.00955423
298 0.00939754
299 0.00911551
300 0.00904419
301 0.00898989
302 0.00902046
303 0.00905439
304 0.00900737
305 0.00892774
306 0.00878571
307 0.0087528
308 0.00911635
309 0.00926356
310 0.00936043
311 0.00947113
312 0.00939914
313 0.00936417
314 0.00915343
315 0.00888986
316 0.0087842
317 0.00872893
318 0.00865132
319 0.00868065
320 0.00863034
321 0.00853377
322 0.00875096
323 0.00885121
324 0.00891436
325 0.00895917
326 0.00901477
327 0.00902949
328 0.00888623
329 0.0087203
330 0.00861039
331 0.00850025
332 0.00843224
333 0.00842685
334 0.00831436
335 0.00842009
336 0.00859157
337 0.00869593
338 0.00871373
339 0.00866097
340 0.00870259
341 0.00860034
342 0.0084456
343 0.00836541
344 0.00827547
345 0.00824627
346 0.00824471
347 0.00814949
348 0.00837284
349 0.00834357
350 0.00835707
351 0.00842073
352 0.00843273
353 0.00852693
354 0.00834108
355 0.00834554
356 0.00817758
357 0.00805502
358 0.00798218
359 0.00784347
360 0.00780418
361 0.00804339
362 0.00810361
363 0.00824439
364 0.00828609
365 0.00822482
366 0.00819214
367 0.00804992
368 0.00789749
369 0.00786363
370 0.00779724
371 0.00778966
372 0.00779822
373 0.00804065
374 0.00801535
375 0.00810574
376 0.00802565
377 0.00799216
378 0.00801093
379 0.00785658
380 0.00775663
381 0.00768354
382 0.00767114
383 0.00774112
384 0.00787199
385 0.00777827
386 0.00788864
387 0.00787787
388 0.00787862
389 0.0079204
390 0.00778127
391 0.00776589
392 0.00766612
393 0.00751188
394 0.00750057
395 0.00747924
396 0.00758941
397 0.0075928
398 0.00760109
399 0.00760399
400 0.00761634
