1 0.333838
2 0.332853
3 0.333333
4 0.333439
5 0.333376
6 0.333333
7 0.333405
8 0.348949
9 0.369469
10 0.387107
11 0.403919
12 0.421988
13 0.438466
14 0.453341
15 0.466947
16 0.479339
17 0.490733
18 0.500923
19 0.510265
20 0.518655
21 0.526476
22 0.533753
23 0.540168
24 0.546186
25 0.551888
26 0.557304
27 0.562512
28 0.56758
29 0.572569
30 0.577452
31 0.582177
32 0.586314
33 0.589966
34 0.593512
35 0.596892
36 0.600164
37 0.603254
38 0.606407
39 0.609699
40 0.61283
41 0.615838
42 0.61881
43 0.621704
44 0.624604
45 0.627446
46 0.630316
47 0.633177
48 0.636009
49 0.63883
50 0.641574
51 0.644309
52 0.647024
53 0.649708
54 0.652367
55 0.654968
56 0.657536
57 0.660041
58 0.66249
59 0.664888
60 0.667233
61 0.669519
62 0.67175
63 0.673924
64 0.676052
65 0.678123
66 0.680149
67 0.682116
68 0.684036
69 0.685912
70 0.687738
71 0.689533
72 0.69128
73 0.692992
74 0.694671
75 0.696314
76 0.697919
77 0.699489
78 0.701038
79 0.702561
80 0.70407
81 0.705536
82 0.706963
83 0.70836
84 0.709737
85 0.711082
86 0.712396
87 0.713685
88 0.714966
89 0.716217
90 0.717447
91 0.718659
92 0.719854
93 0.721031
94 0.722195
95 0.723345
96 0.724485
97 0.725609
98 0.726721
99 0.727821
100 0.728907
101 0.729986
102 0.731052
103 0.732104
104 0.733144
105 0.734172
106 0.735193
107 0.7362
108 0.737196
109 0.738181
110 0.739155
111 0.740119
112 0.741066
113 0.742002
114 0.742929
115 0.743848
116 0.744752
117 0.745642
118 0.746518
119 0.747382
120 0.748236
121 0.749077
122 0.749908
123 0.750731
124 0.751547
125 0.752352
126 0.753147
127 0.753936
128 0.75472
129 0.755493
130 0.756253
131 0.757001
132 0.757738
133 0.758466
134 0.759186
135 0.759902
136 0.760613
137 0.761315
138 0.762009
139 0.762699
140 0.763381
141 0.76405
142 0.764712
143 0.765367
144 0.766019
145 0.766666
146 0.767308
147 0.767944
148 0.768578
149 0.769208
150 0.769829
151 0.770443
152 0.771051
153 0.771655
154 0.772256
155 0.772848
156 0.773436
157 0.774018
158 0.774599
159 0.775173
160 0.775742
161 0.776306
162 0.776864
163 0.777416
164 0.777966
165 0.778512
166 0.779053
167 0.779585
168 0.780112
169 0.780636
170 0.781154
171 0.781669
172 0.78218
173 0.782687
174 0.783191
175 0.783692
176 0.78419
177 0.784683
178 0.78517
179 0.785654
180 0.786133
181 0.786608
182 0.787077
183 0.787544
184 0.788007
185 0.788464
186 0.788919
187 0.789372
188 0.789823
189 0.790273
190 0.790719
191 0.791162
192 0.791604
193 0.792044
194 0.79248
195 0.792913
196 0.79334
197 0.793762
198 0.79418
199 0.794596
200 0.795008
201 0.79542
202 0.795828
203 0.796233
204 0.796637
205 0.797036
206 0.797433
207 0.797829
208 0.798223
209 0.798613
210 0.799002
211 0.79939
212 0.799774
213 0.800157
214 0.800538
215 0.800914
216 0.801289
217 0.801661
218 0.802031
219 0.802397
220 0.802763
221 0.803126
222 0.803486
223 0.803844
224 0.804199
225 0.804552
226 0.804904
227 0.805252
228 0.8056
229 0.805945
230 0.806288
231 0.806629
232 0.806968
233 0.807304
234 0.807638
235 0.80797
236 0.808299
237 0.808626
238 0.808951
239 0.809275
240 0.809598
241 0.809917
242 0.810234
243 0.81055
244 0.810864
245 0.811175
246 0.811485
247 0.811794
248 0.812099
249 0.812404
250 0.812707
251 0.813009
252 0.81331
253 0.813608
254 0.813906
255 0.814203
256 0.814497
257 0.81479
258 0.815081
259 0.815371
260 0.81566
261 0.815946
262 0.816232
263 0.816516
264 0.816799
265 0.817078
266 0.817355
267 0.817632
268 0.817907
269 0.818181
270 0.818453
271 0.818725
272 0.818997
273 0.819267
274 0.819536
275 0.819804
276 0.820072
277 0.820337
278 0.820602
279 0.820865
280 0.821127
281 0.821388
282 0.821647
283 0.821905
284 0.822161
285 0.822416
286 0.82267
287 0.822923
288 0.823175
289 0.823425
290 0.823675
291 0.823924
292 0.82417
293 0.824412
294 0.824653
295 0.824892
296 0.825129
297 0.825366
298 0.825602
299 0.825839
300 0.826075
301 0.82631
302 0.826544
303 0.826776
304 0.827007
305 0.827237
306 0.827467
307 0.827696
308 0.827921
309 0.828144
310 0.828365
311 0.828584
312 0.828803
313 0.829021
314 0.829238
315 0.829457
316 0.829674
317 0.829892
318 0.830108
319 0.830323
320 0.830537
321 0.830751
322 0.830962
323 0.831172
324 0.831381
325 0.831588
326 0.831794
327 0.832
328 0.832205
329 0.83241
330 0.832615
331 0.83282
332 0.833023
333 0.833226
334 0.833429
335 0.83363
336 0.83383
337 0.834029
338 0.834226
339 0.834424
340 0.83462
341 0.834816
342 0.835012
343 0.835207
344 0.835402
345 0.835596
346 0.835789
347 0.835983
348 0.836174
349 0.836364
350 0.836554
351 0.836743
352 0.836931
353 0.837117
354 0.837304
355 0.83749
356 0.837676
357 0.837861
358 0.838046
359 0.838231
360 0.838416
361 0.838598
362 0.83878
363 0.83896
364 0.839139
365 0.839317
366 0.839495
367 0.839673
368 0.83985
369 0.840026
370 0.840202
371 0.840377
372 0.840551
373 0.840723
374 0.840894
375 0.841065
376 0.841235
377 0.841406
378 0.841575
379 0.841745
380 0.841915
381 0.842084
382 0.842253
383 0.842421
384 0.842587
385 0.842754
386 0.842919
387 0.843083
388 0.843246
389 0.843408
390 0.84357
391 0.843731
392 0.843893
393 0.844054
394 0.844215
395 0.844375
396 0.844535
397 0.844693
398 0.844851
399 0.845009
400 0.845166
