1 0.166835
2 0.166592
3 0.166567
4 0.166639
5 0.166625
6 0.166693
7 0.166715
8 0.16666
9 0.166683
10 0.166711
11 0.166719
12 0.166717
13 0.166704
14 0.166688
15 0.166711
16 0.166727
17 0.166734
18 0.166726
19 0.166727
20 0.166731
21 0.166719
22 0.166724
23 0.166735
24 0.16673
25 0.16675
26 0.16567
27 0.163925
28 0.161729
29 0.159249
30 0.156607
31 0.153859
32 0.151075
33 0.148301
34 0.14554
35 0.142826
36 0.140165
37 0.137568
38 0.135034
39 0.132565
40 0.130168
41 0.127844
42 0.125589
43 0.123405
44 0.121285
45 0.11923
46 0.11724
47 0.115311
48 0.113442
49 0.11163
50 0.109871
51 0.108166
52 0.106511
53 0.104905
54 0.103348
55 0.101837
56 0.100368
57 0.0989415
58 0.0975557
59 0.0962091
60 0.0949
61 0.0936271
62 0.0923878
63 0.0911829
64 0.0900105
65 0.0888679
66 0.0877552
67 0.0866717
68 0.0856142
69 0.0845853
70 0.0835803
71 0.0826017
72 0.0816455
73 0.0807128
74 0.0798024
75 0.0789129
76 0.0780439
77 0.0771943
78 0.076364
79 0.0755519
80 0.0747589
81 0.0739826
82 0.0732237
83 0.0724816
84 0.0717549
85 0.0710429
86 0.0703455
87 0.0696628
88 0.0689937
89 0.0683381
90 0.0676957
91 0.0670658
92 0.0664481
93 0.0658424
94 0.0652494
95 0.0646673
96 0.0640959
97 0.063535
98 0.0629844
99 0.0624436
100 0.0619128
101 0.0613912
102 0.0608795
103 0.0603768
104 0.0598825
105 0.0593965
106 0.0589186
107 0.0584495
108 0.0579883
109 0.0575347
110 0.0570882
111 0.0566497
112 0.0562183
113 0.0557935
114 0.0553752
115 0.0549636
116 0.0545585
117 0.0541598
118 0.0537674
119 0.0533808
120 0.0530003
121 0.0526262
122 0.0522573
123 0.0518943
124 0.0515363
125 0.0511834
126 0.0508355
127 0.0504928
128 0.0501554
129 0.0498222
130 0.0494937
131 0.0491697
132 0.0488503
133 0.0485355
134 0.0482248
135 0.0479182
136 0.0476161
137 0.0473181
138 0.0470238
139 0.0467333
140 0.0464473
141 0.0461646
142 0.0458857
143 0.0456104
144 0.0453385
145 0.04507
146 0.044805
147 0.0445431
148 0.0442849
149 0.0440297
150 0.0437776
151 0.0435285
152 0.0432827
153 0.0430397
154 0.0427993
155 0.042562
156 0.0423271
157 0.0420952
158 0.0418661
159 0.0416398
160 0.0414159
161 0.0411948
162 0.0409761
163 0.0407599
164 0.0405465
165 0.0403352
166 0.0401263
167 0.0399196
168 0.0397153
169 0.039513
170 0.039313
171 0.0391149
172 0.0389193
173 0.0387257
174 0.0385339
175 0.0383445
176 0.0381571
177 0.0379716
178 0.0377878
179 0.0376059
180 0.0374261
181 0.037248
182 0.0370716
183 0.0368973
184 0.0367246
185 0.0365537
186 0.0363844
187 0.036217
188 0.0360509
189 0.0358867
190 0.035724
191 0.0355629
192 0.0354032
193 0.0352452
194 0.0350886
195 0.0349336
196 0.03478
197 0.0346278
198 0.0344772
199 0.0343277
200 0.0341797
201 0.0340332
202 0.0338878
203 0.0337442
204 0.0336016
205 0.0334605
206 0.0333206
207 0.0331818
208 0.0330443
209 0.0329081
210 0.0327729
211 0.0326391
212 0.0325065
213 0.0323749
214 0.0322444
215 0.0321152
216 0.031987
217 0.0318599
218 0.0317339
219 0.0316091
220 0.0314851
221 0.0313623
222 0.0312404
223 0.0311198
224 0.0310001
225 0.0308813
226 0.0307636
227 0.0306467
228 0.0305308
229 0.0304159
230 0.0303019
231 0.0301888
232 0.0300767
233 0.0299652
234 0.0298547
235 0.029745
236 0.0296362
237 0.0295283
238 0.0294213
239 0.0293151
240 0.0292098
241 0.0291053
242 0.0290015
243 0.0288985
244 0.0287964
245 0.028695
246 0.0285946
247 0.0284946
248 0.0283955
249 0.0282972
250 0.0281996
251 0.0281028
252 0.0280066
253 0.0279111
254 0.0278163
255 0.0277224
256 0.0276289
257 0.0275362
258 0.0274441
259 0.0273528
260 0.0272622
261 0.0271722
262 0.0270827
263 0.0269939
264 0.0269057
265 0.0268179
266 0.0267311
267 0.0266447
268 0.0265589
269 0.0264738
270 0.0263894
271 0.0263055
272 0.0262221
273 0.0261392
274 0.0260569
275 0.0259752
276 0.025894
277 0.0258133
278 0.0257331
279 0.0256536
280 0.0255747
281 0.0254963
282 0.0254184
283 0.0253409
284 0.025264
285 0.0251876
286 0.0251115
287 0.025036
288 0.024961
289 0.0248866
290 0.0248127
291 0.0247392
292 0.0246661
293 0.0245936
294 0.0245215
295 0.0244499
296 0.0243787
297 0.0243079
298 0.0242375
299 0.0241677
300 0.0240981
301 0.0240291
302 0.0239603
303 0.0238922
304 0.0238244
305 0.023757
306 0.02369
307 0.0236234
308 0.0235572
309 0.0234915
310 0.0234261
311 0.0233611
312 0.0232966
313 0.0232325
314 0.0231686
315 0.0231052
316 0.0230422
317 0.0229796
318 0.0229173
319 0.0228553
320 0.0227937
321 0.0227323
322 0.0226714
323 0.0226109
324 0.0225507
325 0.0224909
326 0.0224314
327 0.0223722
328 0.0223134
329 0.0222548
330 0.0221968
331 0.022139
332 0.0220815
333 0.0220244
334 0.0219676
335 0.0219111
336 0.0218548
337 0.0217989
338 0.0217433
339 0.021688
340 0.021633
341 0.0215783
342 0.021524
343 0.0214699
344 0.021416
345 0.0213624
346 0.0213092
347 0.0212563
348 0.0212037
349 0.0211513
350 0.0210992
351 0.0210474
352 0.0209958
353 0.0209445
354 0.0208935
355 0.0208428
356 0.0207924
357 0.0207422
358 0.0206922
359 0.0206425
360 0.0205932
361 0.020544
362 0.0204951
363 0.0204464
364 0.020398
365 0.0203499
366 0.020302
367 0.0202544
368 0.0202069
369 0.0201598
370 0.0201128
371 0.0200661
372 0.0200197
373 0.0199734
374 0.0199274
375 0.0198816
376 0.0198361
377 0.0197907
378 0.0197456
379 0.0197007
380 0.0196561
381 0.0196116
382 0.0195674
383 0.0195235
384 0.0194797
385 0.0194361
386 0.0193927
387 0.0193495
388 0.0193066
389 0.0192638
390 0.0192213
391 0.019179
392 0.0191369
393 0.0190949
394 0.0190532
395 0.0190115
396 0.0189702
397 0.018929
398 0.0188881
399 0.0188472
400 0.0188067
