1 0.499463
2 0.500251
3 0.500187
4 0.500099
5 0.500144
6 0.499901
7 0.499882
8 0.500048
9 0.50006
10 0.500053
11 0.499988
12 0.499983
13 0.500012
14 0.500047
15 0.500028
16 0.49999
17 0.499971
18 0.499977
19 0.499993
20 0.499976
21 0.499987
22 0.499984
23 0.49998
24 0.500006
25 0.499953
26 0.50211
27 0.50559
28 0.510028
29 0.51506
30 0.520473
31 0.526221
32 0.532015
33 0.537926
34 0.543739
35 0.549652
36 0.555439
37 0.561156
38 0.566758
39 0.572241
40 0.577639
41 0.582862
42 0.588054
43 0.592998
44 0.597911
45 0.602679
46 0.60736
47 0.611856
48 0.616288
49 0.620591
50 0.624776
51 0.628803
52 0.63288
53 0.636744
54 0.640576
55 0.644267
56 0.647879
57 0.651257
58 0.654834
59 0.65819
60 0.661466
61 0.664648
62 0.667789
63 0.670785
64 0.673795
65 0.676677
66 0.679552
67 0.682303
68 0.685044
69 0.687699
70 0.690308
71 0.692831
72 0.695309
73 0.697936
74 0.700109
75 0.702482
76 0.70474
77 0.707039
78 0.70922
79 0.711359
80 0.713483
81 0.715604
82 0.717603
83 0.719576
84 0.721556
85 0.723562
86 0.725443
87 0.727202
88 0.729036
89 0.730754
90 0.732578
91 0.734265
92 0.736027
93 0.737622
94 0.73932
95 0.740934
96 0.742508
97 0.744076
98 0.745615
99 0.747123
100 0.748576
101 0.750078
102 0.751621
103 0.752873
104 0.754281
105 0.755641
106 0.757046
107 0.758378
108 0.759676
109 0.760996
110 0.762272
111 0.763512
112 0.76475
113 0.76601
114 0.767198
115 0.768383
116 0.76954
117 0.770644
118 0.771889
119 0.772962
120 0.774072
121 0.775187
122 0.776207
123 0.777296
124 0.77835
125 0.779409
126 0.780391
127 0.781388
128 0.782419
129 0.783374
130 0.784389
131 0.785298
132 0.786297
133 0.787243
134 0.788171
135 0.78907
136 0.789982
137 0.790846
138 0.791749
139 0.792577
140 0.793463
141 0.794342
142 0.795175
143 0.79599
144 0.79683
145 0.797684
146 0.798409
147 0.799242
148 0.800033
149 0.800807
150 0.801575
151 0.80235
152 0.803079
153 0.803801
154 0.804564
155 0.805314
156 0.806022
157 0.806781
158 0.807447
159 0.808142
160 0.808855
161 0.809524
162 0.810226
163 0.810868
164 0.811556
165 0.812212
166 0.812881
167 0.813506
168 0.814079
169 0.814799
170 0.815575
171 0.815915
172 0.816571
173 0.817347
174 0.817908
175 0.81845
176 0.819051
177 0.819691
178 0.820211
179 0.820834
180 0.821377
181 0.821961
182 0.822507
183 0.823047
184 0.823628
185 0.824167
186 0.824657
187 0.825254
188 0.825801
189 0.826316
190 0.826836
191 0.827346
192 0.827887
193 0.828417
194 0.828885
195 0.829343
196 0.8299
197 0.83038
198 0.83089
199 0.831408
200 0.83185
201 0.832344
202 0.832827
203 0.833307
204 0.833733
205 0.83435
206 0.834656
207 0.835102
208 0.835588
209 0.836049
210 0.836449
211 0.836886
212 0.837358
213 0.837826
214 0.838243
215 0.838672
216 0.839056
217 0.839488
218 0.83989
219 0.840369
220 0.840701
221 0.841165
222 0.841537
223 0.84195
224 0.84236
225 0.842748
226 0.84315
227 0.843526
228 0.843965
229 0.844312
230 0.84471
231 0.845094
232 0.845453
233 0.845811
234 0.846197
235 0.846558
236 0.846955
237 0.847332
238 0.847686
239 0.848034
240 0.848397
241 0.848815
242 0.849073
243 0.849476
244 0.849802
245 0.850136
246 0.850503
247 0.850845
248 0.851176
249 0.851492
250 0.851814
251 0.852145
252 0.852542
253 0.852985
254 0.853337
255 0.85367
256 0.853819
257 0.853958
258 0.854274
259 0.854643
260 0.855018
261 0.8554
262 0.85576
263 0.856044
264 0.856344
265 0.856633
266 0.85695
267 0.857216
268 0.857559
269 0.857853
270 0.858144
271 0.858454
272 0.858742
273 0.858945
274 0.85928
275 0.859571
276 0.859844
277 0.860143
278 0.860425
279 0.860679
280 0.860977
281 0.861244
282 0.861552
283 0.861788
284 0.862107
285 0.86234
286 0.862648
287 0.862899
288 0.863172
289 0.863431
290 0.863728
291 0.863967
292 0.864166
293 0.864546
294 0.864719
295 0.864961
296 0.865253
297 0.86549
298 0.865766
299 0.865972
300 0.866247
301 0.866476
302 0.866738
303 0.866988
304 0.867209
305 0.867425
306 0.867734
307 0.867969
308 0.868157
309 0.868414
310 0.868684
311 0.868898
312 0.86913
313 0.869347
314 0.869613
315 0.869757
316 0.870043
317 0.870292
318 0.870508
319 0.870771
320 0.870964
321 0.871171
322 0.871415
323 0.871626
324 0.871851
325 0.872072
326 0.872272
327 0.87253
328 0.872724
329 0.872959
330 0.873147
331 0.873376
332 0.87355
333 0.873752
334 0.873997
335 0.874206
336 0.87443
337 0.874614
338 0.874822
339 0.875015
340 0.875166
341 0.875256
342 0.875759
343 0.875876
344 0.876038
345 0.876228
346 0.876415
347 0.876603
348 0.876808
349 0.877029
350 0.877228
351 0.877398
352 0.877609
353 0.877776
354 0.878002
355 0.878167
356 0.878337
357 0.87854
358 0.878763
359 0.878899
360 0.879113
361 0.879286
362 0.879479
363 0.87965
364 0.879813
365 0.880048
366 0.880193
367 0.880367
368 0.88058
369 0.880743
370 0.8809
371 0.881103
372 0.881232
373 0.881457
374 0.881609
375 0.881812
376 0.881954
377 0.88213
378 0.882298
379 0.882471
380 0.882635
381 0.882805
382 0.883038
383 0.883218
384 0.883323
385 0.883426
386 0.883602
387 0.883804
388 0.883985
389 0.884157
390 0.88428
391 0.884481
392 0.884633
393 0.884801
394 0.884994
395 0.885124
396 0.885269
397 0.885425
398 0.885601
399 0.885737
400 0.885908
