1 0.066568
2 0.0668615
3 0.0668378
4 0.0667512
5 0.0666816
6 0.0667478
7 0.0667158
8 0.0667261
9 0.0667422
10 0.0667799
11 0.0667538
12 0.0667581
13 0.066739
14 0.0667353
15 0.0667077
16 0.0667114
17 0.0667053
18 0.0666917
19 0.0667055
20 0.066723
21 0.0666807
22 0.0666651
23 0.0666648
24 0.0666783
25 0.0666885
26 0.066819
27 0.0670798
28 0.0674795
29 0.0679046
30 0.0684924
31 0.0691134
32 0.0698063
33 0.0705384
34 0.0713696
35 0.0722472
36 0.0731929
37 0.074137
38 0.075143
39 0.0761589
40 0.0772255
41 0.0783102
42 0.0794143
43 0.0805496
44 0.0816616
45 0.0828419
46 0.0840345
47 0.0852322
48 0.0864547
49 0.0876888
50 0.0889323
51 0.0901782
52 0.0914445
53 0.0927148
54 0.0940084
55 0.0953149
56 0.0966485
57 0.0980022
58 0.0993623
59 0.100759
60 0.102165
61 0.103595
62 0.105048
63 0.106515
64 0.108016
65 0.10952
66 0.111054
67 0.112636
68 0.114205
69 0.115799
70 0.117425
71 0.119043
72 0.120677
73 0.122329
74 0.12401
75 0.125714
76 0.127425
77 0.129157
78 0.130894
79 0.132626
80 0.134392
81 0.136171
82 0.137988
83 0.139735
84 0.141551
85 0.143377
86 0.145206
87 0.147037
88 0.148884
89 0.150685
90 0.152593
91 0.154464
92 0.156322
93 0.158175
94 0.16009
95 0.161977
96 0.163878
97 0.165769
98 0.167682
99 0.169583
100 0.171503
101 0.17342
102 0.175333
103 0.177264
104 0.179182
105 0.181133
106 0.183028
107 0.184962
108 0.186887
109 0.188813
110 0.190736
111 0.192654
112 0.194571
113 0.196475
114 0.198416
115 0.200321
116 0.202236
117 0.204168
118 0.206044
119 0.207954
120 0.209848
121 0.211748
122 0.213643
123 0.215538
124 0.217407
125 0.21929
126 0.221162
127 0.223032
128 0.224876
129 0.226745
130 0.228584
131 0.230428
132 0.232267
133 0.234105
134 0.235922
135 0.237741
136 0.239549
137 0.241352
138 0.243149
139 0.24494
140 0.246725
141 0.248501
142 0.250273
143 0.252046
144 0.253796
145 0.255528
146 0.257278
147 0.259018
148 0.260739
149 0.262452
150 0.264167
151 0.265875
152 0.267559
153 0.269247
154 0.270932
155 0.272609
156 0.274276
157 0.275937
158 0.277588
159 0.27923
160 0.280861
161 0.282483
162 0.284103
163 0.28571
164 0.287309
165 0.288904
166 0.290487
167 0.292061
168 0.293627
169 0.295184
170 0.296739
171 0.298293
172 0.299833
173 0.301362
174 0.302883
175 0.304399
176 0.305902
177 0.307401
178 0.308895
179 0.310378
180 0.311854
181 0.313323
182 0.314782
183 0.316238
184 0.317678
185 0.319116
186 0.320552
187 0.321974
188 0.323386
189 0.324798
190 0.3262
191 0.327593
192 0.328973
193 0.330356
194 0.331724
195 0.333115
196 0.334453
197 0.335811
198 0.337153
199 0.338488
200 0.339824
201 0.34115
202 0.342468
203 0.343777
204 0.34508
205 0.34644
206 0.34768
207 0.348966
208 0.350244
209 0.351512
210 0.352786
211 0.354042
212 0.355291
213 0.356537
214 0.357778
215 0.359011
216 0.360239
217 0.361463
218 0.362675
219 0.363884
220 0.365091
221 0.366292
222 0.367482
223 0.368666
224 0.369845
225 0.371018
226 0.372188
227 0.373356
228 0.374505
229 0.375659
230 0.376803
231 0.377942
232 0.379079
233 0.38021
234 0.381335
235 0.382449
236 0.383559
237 0.38467
238 0.38577
239 0.386873
240 0.387959
241 0.389025
242 0.39012
243 0.391194
244 0.392271
245 0.393334
246 0.394395
247 0.395448
248 0.396501
249 0.397544
250 0.398585
251 0.399621
252 0.400649
253 0.401675
254 0.402695
255 0.403706
256 0.404718
257 0.405726
258 0.406724
259 0.407714
260 0.408707
261 0.409693
262 0.41068
263 0.411656
264 0.412631
265 0.4136
266 0.414562
267 0.415526
268 0.416482
269 0.417435
270 0.418383
271 0.419325
272 0.420268
273 0.421216
274 0.422132
275 0.423058
276 0.423982
277 0.424901
278 0.425816
279 0.426727
280 0.427633
281 0.428535
282 0.429436
283 0.430328
284 0.431217
285 0.432103
286 0.432988
287 0.433866
288 0.434743
289 0.435614
290 0.43648
291 0.437345
292 0.438206
293 0.439061
294 0.439916
295 0.440768
296 0.441612
297 0.442453
298 0.44329
299 0.444123
300 0.444954
301 0.445782
302 0.446608
303 0.447426
304 0.448243
305 0.44906
306 0.449868
307 0.450667
308 0.451477
309 0.452279
310 0.453076
311 0.453872
312 0.454662
313 0.455451
314 0.456235
315 0.457022
316 0.457792
317 0.458569
318 0.459338
319 0.460105
320 0.460869
321 0.461631
322 0.462392
323 0.463148
324 0.4639
325 0.464649
326 0.465398
327 0.466137
328 0.466876
329 0.467612
330 0.468352
331 0.469078
332 0.469812
333 0.470541
334 0.471266
335 0.471985
336 0.472703
337 0.473421
338 0.474133
339 0.47484
340 0.475551
341 0.47627
342 0.476971
343 0.477654
344 0.478354
345 0.479047
346 0.479739
347 0.480427
348 0.481114
349 0.481796
350 0.482479
351 0.483156
352 0.48383
353 0.484504
354 0.485173
355 0.485844
356 0.486509
357 0.487171
358 0.487833
359 0.488489
360 0.489145
361 0.489801
362 0.49045
363 0.491101
364 0.491746
365 0.49239
366 0.493037
367 0.493671
368 0.494309
369 0.494944
370 0.495574
371 0.496207
372 0.496833
373 0.497455
374 0.498079
375 0.4987
376 0.49932
377 0.499937
378 0.500551
379 0.501164
380 0.501773
381 0.50238
382 0.502986
383 0.503586
384 0.504187
385 0.504788
386 0.505384
387 0.505981
388 0.506573
389 0.507163
390 0.507758
391 0.508337
392 0.508921
393 0.509504
394 0.510086
395 0.510663
396 0.511241
397 0.511815
398 0.512385
399 0.512959
400 0.513529
