1 0.57806
2 0.578345
3 0.620913
4 0.620716
5 0.649772
6 0.649571
7 0.672036
8 0.672904
9 0.688578
10 0.691302
11 0.701487
12 0.704553
13 0.712296
14 0.716168
15 0.722103
16 0.725637
17 0.731692
18 0.734801
19 0.740094
20 0.743186
21 0.747275
22 0.750138
23 0.754014
24 0.75705
25 0.760198
26 0.763151
27 0.766605
28 0.768576
29 0.772042
30 0.774149
31 0.776278
32 0.779247
33 0.781872
34 0.783457
35 0.785837
36 0.787789
37 0.789985
38 0.791674
39 0.794033
40 0.79564
41 0.797207
42 0.79899
43 0.800825
44 0.802505
45 0.804374
46 0.805837
47 0.807465
48 0.808951
49 0.810637
50 0.812301
51 0.813841
52 0.814999
53 0.816393
54 0.81748
55 0.818976
56 0.820067
57 0.821257
58 0.822692
59 0.824147
60 0.825201
61 0.826251
62 0.827223
63 0.8282
64 0.82949
65 0.830426
66 0.831492
67 0.832778
68 0.833768
69 0.834647
70 0.835501
71 0.836484
72 0.837485
73 0.838232
74 0.83922
75 0.840132
76 0.840923
77 0.841888
78 0.842903
79 0.84357
80 0.844528
81 0.845339
82 0.846044
83 0.846804
84 0.847798
85 0.84845
86 0.849095
87 0.849933
88 0.850489
89 0.851428
90 0.852085
91 0.852712
92 0.853319
93 0.854115
94 0.854585
95 0.855271
96 0.855841
97 0.856365
98 0.85711
99 0.857836
100 0.858382
101 0.858964
102 0.85974
103 0.860319
104 0.860789
105 0.861347
106 0.862094
107 0.862627
108 0.863162
109 0.863685
110 0.864252
111 0.864772
112 0.865302
113 0.865816
114 0.866498
115 0.867057
116 0.867485
117 0.867917
118 0.868367
119 0.868981
120 0.869372
121 0.870073
122 0.870325
123 0.870875
124 0.871345
125 0.871763
126 0.872225
127 0.87272
128 0.873155
129 0.87367
130 0.87422
131 0.874596
132 0.874971
133 0.875453
134 0.876001
135 0.876125
136 0.876544
137 0.876967
138 0.877646
139 0.878048
140 0.878418
141 0.878757
142 0.879211
143 0.87956
144 0.879919
145 0.880316
146 0.880739
147 0.881126
148 0.881446
149 0.881688
150 0.882101
151 0.882496
152 0.882918
153 0.883209
154 0.883659
155 0.883903
156 0.884246
157 0.884701
158 0.884843
159 0.885219
160 0.885532
161 0.885852
162 0.886238
163 0.886464
164 0.886855
165 0.887205
166 0.88758
167 0.887948
168 0.888242
169 0.888499
170 0.888796
171 0.889146
172 0.889441
173 0.889831
174 0.890029
175 0.890427
176 0.890703
177 0.891076
178 0.891348
179 0.891603
180 0.892036
181 0.892389
182 0.89257
183 0.892704
184 0.893025
185 0.893309
186 0.893471
187 0.893817
188 0.894037
189 0.89439
190 0.89463
191 0.894931
192 0.895064
193 0.8953
194 0.89562
195 0.895925
196 0.896187
197 0.896469
198 0.89661
199 0.896864
200 0.897232
201 0.897322
202 0.89759
203 0.89786
204 0.898091
205 0.898362
206 0.898685
207 0.899065
208 0.899267
209 0.8995
210 0.89967
211 0.899823
212 0.900235
213 0.900346
214 0.900643
215 0.900793
216 0.90099
217 0.901153
218 0.901407
219 0.901601
220 0.901874
221 0.902049
222 0.902237
223 0.902413
224 0.902803
225 0.902967
226 0.903001
227 0.903222
228 0.903441
229 0.903594
230 0.903797
231 0.904081
232 0.904247
233 0.904362
234 0.904493
235 0.904749
236 0.904917
237 0.905151
238 0.905312
239 0.905564
240 0.905695
241 0.90583
242 0.906131
243 0.906374
244 0.906502
245 0.906806
246 0.906865
247 0.906956
248 0.907202
249 0.907392
250 0.907512
251 0.907726
252 0.907875
253 0.908123
254 0.908207
255 0.908419
256 0.908648
257 0.908758
258 0.90892
259 0.908982
260 0.909115
261 0.909372
262 0.90955
263 0.909724
264 0.909905
265 0.910083
266 0.910296
267 0.910466
268 0.910658
269 0.910804
270 0.910996
271 0.911021
272 0.911061
273 0.911244
274 0.91145
275 0.911673
276 0.911718
277 0.912008
278 0.912058
279 0.912208
280 0.912308
281 0.912435
282 0.912694
283 0.912703
284 0.912804
285 0.913064
286 0.913186
287 0.913366
288 0.913535
289 0.91367
290 0.91377
291 0.914002
292 0.914058
293 0.91428
294 0.914523
295 0.91463
296 0.914655
297 0.914927
298 0.915008
299 0.91513
300 0.91535
301 0.915357
302 0.915538
303 0.915696
304 0.915699
305 0.915952
306 0.916004
307 0.916202
308 0.916323
309 0.916574
310 0.916619
311 0.916788
312 0.916867
313 0.917004
314 0.917148
315 0.917233
316 0.917322
317 0.917589
318 0.917742
319 0.917897
320 0.917899
321 0.917974
322 0.918137
323 0.918257
324 0.918219
325 0.918341
326 0.918605
327 0.918645
328 0.918786
329 0.918927
330 0.919011
331 0.919107
332 0.919275
333 0.919343
334 0.919545
335 0.91962
336 0.91967
337 0.919779
338 0.919878
339 0.920061
340 0.920189
341 0.920295
342 0.920399
343 0.920558
344 0.920664
345 0.920859
346 0.920909
347 0.920988
348 0.921011
349 0.92109
350 0.921304
351 0.921403
352 0.92148
353 0.921574
354 0.921616
355 0.921767
356 0.921908
357 0.922014
358 0.922068
359 0.922237
360 0.922364
361 0.922509
362 0.922543
363 0.922646
364 0.922757
365 0.922885
366 0.92301
367 0.92306
368 0.923239
369 0.923272
370 0.9234
371 0.923496
372 0.923557
373 0.923713
374 0.923837
375 0.923928
376 0.924028
377 0.924166
378 0.924232
379 0.924316
380 0.92454
381 0.924504
382 0.924667
383 0.924744
384 0.92483
385 0.924975
386 0.925137
387 0.92518
388 0.925325
389 0.925338
390 0.925412
391 0.925621
392 0.925641
393 0.925665
394 0.925718
395 0.925838
396 0.925972
397 0.926054
398 0.926041
399 0.926092
400 0.926161
