1 0.196785
2 0.196785
3 0.196785
4 0.180192
5 0.180273
6 0.173294
7 0.166711
8 0.162344
9 0.159263
10 0.15407
11 0.150692
12 0.147357
13 0.143879
14 0.140856
15 0.138215
16 0.135482
17 0.13293
18 0.130364
19 0.12838
20 0.125978
21 0.124052
22 0.122081
23 0.120075
24 0.118236
25 0.116491
26 0.114664
27 0.112796
28 0.11117
29 0.109626
30 0.108233
31 0.106402
32 0.105204
33 0.103685
34 0.102306
35 0.101063
36 0.0997174
37 0.0984915
38 0.0970775
39 0.0959065
40 0.0948455
41 0.0938167
42 0.0926008
43 0.0914983
44 0.0904045
45 0.0894671
46 0.0884362
47 0.087381
48 0.0863546
49 0.0854886
50 0.0846652
51 0.0837091
52 0.0829683
53 0.0818725
54 0.0811124
55 0.0803752
56 0.0796266
57 0.0787368
58 0.0779788
59 0.0772785
60 0.076623
61 0.0757699
62 0.0751671
63 0.0745634
64 0.0738125
65 0.0732379
66 0.0724892
67 0.0718696
68 0.0712767
69 0.0708855
70 0.0701649
71 0.0695628
72 0.0690797
73 0.0685098
74 0.0679576
75 0.0675218
76 0.0669417
77 0.0663353
78 0.0657451
79 0.0652902
80 0.0649201
81 0.0646331
82 0.0637923
83 0.0635804
84 0.0630127
85 0.0625799
86 0.0621948
87 0.0617465
88 0.0613367
89 0.060903
90 0.0603759
91 0.0600243
92 0.0596294
93 0.0591352
94 0.058821
95 0.0584431
96 0.0580312
97 0.0578028
98 0.0573828
99 0.0569686
100 0.0566092
101 0.056198
102 0.0558825
103 0.0556127
104 0.0553327
105 0.0548623
106 0.054587
107 0.0543041
108 0.0539
109 0.0535903
110 0.0533246
111 0.0531151
112 0.0527349
113 0.0524262
114 0.0522655
115 0.0518756
116 0.0516294
117 0.0513965
118 0.0509667
119 0.0507157
120 0.050525
121 0.0502558
122 0.0498546
123 0.049757
124 0.0494435
125 0.0491171
126 0.0490035
127 0.0486781
128 0.0486079
129 0.0482976
130 0.0480312
131 0.047747
132 0.0476762
133 0.0472734
134 0.0471012
135 0.0468442
136 0.0466357
137 0.0463805
138 0.046311
139 0.0459798
140 0.0458532
141 0.0455294
142 0.045317
143 0.0451167
144 0.0450069
145 0.0449094
146 0.0445498
147 0.0444023
148 0.0440321
149 0.0440837
150 0.043781
151 0.0437123
152 0.0435203
153 0.0432281
154 0.0431314
155 0.0430131
156 0.0427594
157 0.042509
158 0.0424339
159 0.0422654
160 0.0421496
161 0.0418225
162 0.0416516
163 0.0415105
164 0.0414137
165 0.0412419
166 0.0410085
167 0.0409438
168 0.0408342
169 0.0405993
170 0.0405011
171 0.0404182
172 0.0401602
173 0.039957
174 0.0398674
175 0.0398267
176 0.0395833
177 0.0393726
178 0.039208
179 0.039078
180 0.0390054
181 0.0388602
182 0.0386144
183 0.0384867
184 0.0384675
185 0.0382687
186 0.038142
187 0.0379578
188 0.0378045
189 0.0377779
190 0.037627
191 0.0375118
192 0.0373845
193 0.0372158
194 0.0370836
195 0.0369308
196 0.0368657
197 0.0367211
198 0.0365814
199 0.036488
200 0.0363732
201 0.0362723
202 0.0360703
203 0.0360273
204 0.0358976
205 0.035739
206 0.0356992
207 0.0355856
208 0.0354026
209 0.0353048
210 0.0351639
211 0.0351727
212 0.0349959
213 0.0347799
214 0.0347093
215 0.0347047
216 0.034423
217 0.0343431
218 0.0342992
219 0.0342204
220 0.0341521
221 0.0341014
222 0.0338958
223 0.0337493
224 0.0336603
225 0.0336147
226 0.0336107
227 0.0334711
228 0.0333295
229 0.0332274
230 0.0330775
231 0.0331542
232 0.0329866
233 0.0328178
234 0.0326624
235 0.032629
236 0.0324786
237 0.0323812
238 0.0323245
239 0.0323075
240 0.0322148
241 0.0321179
242 0.0320155
243 0.0319104
244 0.0318045
245 0.0317142
246 0.0316603
247 0.0315989
248 0.0316389
249 0.0313385
250 0.0312656
251 0.0312434
252 0.0311058
253 0.0310616
254 0.0309337
255 0.030943
256 0.0308158
257 0.030771
258 0.0307636
259 0.0305371
260 0.0304436
261 0.0302848
262 0.0302773
263 0.0302934
264 0.0301415
265 0.0301485
266 0.030038
267 0.0299802
268 0.0298612
269 0.0298731
270 0.0297401
271 0.0296324
272 0.0295053
273 0.0295034
274 0.0294043
275 0.0293307
276 0.0292274
277 0.029201
278 0.0290951
279 0.0290404
280 0.0290644
281 0.0289301
282 0.0289029
283 0.0288125
284 0.0287232
285 0.028641
286 0.0286072
287 0.028482
288 0.028458
289 0.028443
290 0.0283431
291 0.0282506
292 0.0281433
293 0.0280909
294 0.0280782
295 0.0279578
296 0.0279334
297 0.0278302
298 0.0277907
299 0.0276446
300 0.0276805
301 0.027597
302 0.0275118
303 0.0273915
304 0.0274736
305 0.0272703
306 0.027379
307 0.0271556
308 0.0271359
309 0.027028
310 0.0270272
311 0.0270114
312 0.0269103
313 0.026865
314 0.0268755
315 0.026758
316 0.0267231
317 0.0266617
318 0.0266531
319 0.0264685
320 0.0264829
321 0.0263368
322 0.0263702
323 0.026329
324 0.026257
325 0.0262445
326 0.0260695
327 0.0261159
328 0.0260311
329 0.0259676
330 0.0258814
331 0.0258596
332 0.0258694
333 0.0257355
334 0.0256998
335 0.0256514
336 0.0255567
337 0.0254837
338 0.0254448
339 0.0254338
340 0.0254208
341 0.0252931
342 0.0253322
343 0.0251153
344 0.025166
345 0.0251595
346 0.0250987
347 0.0251008
348 0.0249769
349 0.024973
350 0.0248407
351 0.024812
352 0.0247481
353 0.0246861
354 0.0246942
355 0.0246838
356 0.0245245
357 0.0245052
358 0.024517
359 0.0244242
360 0.0244051
361 0.0244239
362 0.0242731
363 0.0243063
364 0.0241801
365 0.024115
366 0.0241379
367 0.0240573
368 0.0240274
369 0.0240228
370 0.0238867
371 0.0238451
372 0.0238184
373 0.023822
374 0.0237484
375 0.0237406
376 0.0236616
377 0.0236199
378 0.0235683
379 0.0235226
380 0.0234815
381 0.0235068
382 0.0233345
383 0.0233606
384 0.0234181
385 0.0232545
386 0.0232074
387 0.0232073
388 0.0231266
389 0.0230661
390 0.0231324
391 0.0230555
392 0.0229849
393 0.0229766
394 0.0228528
395 0.0229011
396 0.0227768
397 0.0227498
398 0.0227439
399 0.022615
400 0.0226263
