1 0.499676
2 0.499608
3 0.499986
4 0.504106
5 0.506872
6 0.509272
7 0.512243
8 0.515102
9 0.517648
10 0.520099
11 0.522648
12 0.524737
13 0.527016
14 0.529071
15 0.531108
16 0.532886
17 0.534793
18 0.536521
19 0.538057
20 0.539783
21 0.5414
22 0.542861
23 0.544466
24 0.545709
25 0.547009
26 0.548635
27 0.549867
28 0.55108
29 0.552159
30 0.553293
31 0.554706
32 0.555709
33 0.557004
34 0.558034
35 0.55899
36 0.560003
37 0.561128
38 0.562105
39 0.563067
40 0.564042
41 0.564812
42 0.565879
43 0.566787
44 0.567695
45 0.568421
46 0.56933
47 0.57021
48 0.57106
49 0.571929
50 0.572604
51 0.573372
52 0.574135
53 0.574974
54 0.575711
55 0.576365
56 0.577064
57 0.577877
58 0.578567
59 0.579147
60 0.579816
61 0.580582
62 0.581211
63 0.581656
64 0.582386
65 0.583047
66 0.583574
67 0.584207
68 0.584905
69 0.585299
70 0.585936
71 0.586592
72 0.58705
73 0.587713
74 0.588318
75 0.588625
76 0.589243
77 0.589737
78 0.590431
79 0.590833
80 0.591269
81 0.591734
82 0.59238
83 0.592795
84 0.593271
85 0.593705
86 0.594226
87 0.594659
88 0.59515
89 0.595547
90 0.596086
91 0.596469
92 0.596932
93 0.597455
94 0.597827
95 0.598232
96 0.598704
97 0.598942
98 0.599349
99 0.599883
100 0.600262
101 0.600697
102 0.601009
103 0.601496
104 0.601793
105 0.60219
106 0.602588
107 0.602901
108 0.603332
109 0.603684
110 0.604043
111 0.604285
112 0.604733
113 0.605098
114 0.605361
115 0.605793
116 0.606015
117 0.606314
118 0.60663
119 0.60703
120 0.607266
121 0.607733
122 0.608118
123 0.608261
124 0.608638
125 0.608962
126 0.609267
127 0.609453
128 0.609715
129 0.610067
130 0.610412
131 0.610747
132 0.61091
133 0.611235
134 0.611548
135 0.61187
136 0.612066
137 0.612411
138 0.612519
139 0.612957
140 0.613139
141 0.613555
142 0.613783
143 0.613984
144 0.614169
145 0.614327
146 0.614833
147 0.614952
148 0.615372
149 0.615465
150 0.615772
151 0.615945
152 0.616133
153 0.616464
154 0.616617
155 0.616891
156 0.617165
157 0.617406
158 0.617539
159 0.6178
160 0.617981
161 0.618362
162 0.618519
163 0.618754
164 0.618817
165 0.619123
166 0.619426
167 0.61958
168 0.619841
169 0.620049
170 0.620074
171 0.620198
172 0.620658
173 0.620885
174 0.620971
175 0.621141
176 0.62144
177 0.621723
178 0.621943
179 0.62207
180 0.622286
181 0.622482
182 0.622695
183 0.622857
184 0.622984
185 0.623201
186 0.623455
187 0.623626
188 0.623832
189 0.623896
190 0.62416
191 0.62426
192 0.62446
193 0.624697
194 0.624885
195 0.625144
196 0.625262
197 0.625379
198 0.625591
199 0.625731
200 0.625871
201 0.626003
202 0.626295
203 0.626404
204 0.626525
205 0.62674
206 0.626898
207 0.627042
208 0.62727
209 0.627339
210 0.627586
211 0.627656
212 0.627875
213 0.628052
214 0.62824
215 0.6283
216 0.628617
217 0.628726
218 0.628793
219 0.628961
220 0.629092
221 0.629184
222 0.629444
223 0.629613
224 0.629749
225 0.629824
226 0.629893
227 0.630049
228 0.630274
229 0.630401
230 0.630599
231 0.630606
232 0.630779
233 0.630973
234 0.631244
235 0.631274
236 0.631444
237 0.631575
238 0.631725
239 0.631741
240 0.631925
241 0.63209
242 0.632258
243 0.632357
244 0.632504
245 0.632577
246 0.632743
247 0.632908
248 0.632927
249 0.633175
250 0.633256
251 0.633336
252 0.633531
253 0.633614
254 0.633798
255 0.633727
256 0.633999
257 0.634183
258 0.6342
259 0.634368
260 0.634557
261 0.634753
262 0.634829
263 0.634835
264 0.635015
265 0.635056
266 0.635227
267 0.635308
268 0.635458
269 0.635566
270 0.635695
271 0.635872
272 0.635972
273 0.636023
274 0.63614
275 0.636291
276 0.636425
277 0.636506
278 0.636615
279 0.636705
280 0.63677
281 0.636901
282 0.636974
283 0.637125
284 0.637265
285 0.637332
286 0.63747
287 0.637581
288 0.637664
289 0.637729
290 0.637877
291 0.637966
292 0.638121
293 0.638237
294 0.638307
295 0.638372
296 0.638423
297 0.638601
298 0.638711
299 0.638893
300 0.638857
301 0.638998
302 0.639158
303 0.639304
304 0.639256
305 0.639486
306 0.639436
307 0.639729
308 0.639723
309 0.639834
310 0.639936
311 0.639967
312 0.640071
313 0.640236
314 0.640203
315 0.640341
316 0.640428
317 0.640567
318 0.640548
319 0.640788
320 0.640781
321 0.640969
322 0.640987
323 0.641048
324 0.641194
325 0.641184
326 0.641407
327 0.641406
328 0.64151
329 0.641591
330 0.641705
331 0.641764
332 0.641802
333 0.641959
334 0.642101
335 0.642169
336 0.642237
337 0.642361
338 0.642428
339 0.642497
340 0.642535
341 0.642681
342 0.642688
343 0.642911
344 0.642929
345 0.642955
346 0.643046
347 0.643106
348 0.64317
349 0.643253
350 0.643392
351 0.643452
352 0.64359
353 0.643651
354 0.643703
355 0.643754
356 0.64394
357 0.64395
358 0.643991
359 0.644105
360 0.64413
361 0.644182
362 0.644384
363 0.644383
364 0.644481
365 0.644587
366 0.644633
367 0.644698
368 0.644783
369 0.644816
370 0.644986
371 0.645056
372 0.645116
373 0.645166
374 0.64519
375 0.645323
376 0.645377
377 0.645474
378 0.645572
379 0.64565
380 0.645687
381 0.645701
382 0.645896
383 0.645897
384 0.645856
385 0.646043
386 0.646139
387 0.64621
388 0.646297
389 0.646392
390 0.64634
391 0.646402
392 0.646536
393 0.646556
394 0.646729
395 0.646688
396 0.646773
397 0.646909
398 0.646875
399 0.647085
400 0.647094
