1 0.500138
2 0.666584
3 0.666334
4 0.733366
5 0.733201
6 0.753589
7 0.766527
8 0.778219
9 0.781176
10 0.797807
11 0.801754
12 0.810057
13 0.815858
14 0.818791
15 0.822892
16 0.827539
17 0.829914
18 0.835395
19 0.837909
20 0.841224
21 0.844173
22 0.846863
23 0.849041
24 0.850263
25 0.85385
26 0.854831
27 0.856682
28 0.858858
29 0.86027
30 0.862564
31 0.864811
32 0.865992
33 0.868347
34 0.869112
35 0.870389
36 0.871849
37 0.872767
38 0.873894
39 0.875529
40 0.876993
41 0.877811
42 0.8791
43 0.879936
44 0.880906
45 0.881841
46 0.883259
47 0.883984
48 0.884704
49 0.884999
50 0.886282
51 0.887491
52 0.88819
53 0.8889
54 0.889639
55 0.890364
56 0.891476
57 0.892383
58 0.892659
59 0.893601
60 0.893947
61 0.894887
62 0.896107
63 0.896273
64 0.896489
65 0.89787
66 0.897999
67 0.898355
68 0.899101
69 0.899579
70 0.900108
71 0.900896
72 0.901496
73 0.901895
74 0.902544
75 0.902902
76 0.903566
77 0.90429
78 0.904428
79 0.905144
80 0.905653
81 0.905991
82 0.906385
83 0.907005
84 0.90723
85 0.907523
86 0.90799
87 0.908765
88 0.908767
89 0.908818
90 0.909828
91 0.909834
92 0.910434
93 0.910634
94 0.911265
95 0.911168
96 0.911772
97 0.912837
98 0.912743
99 0.913198
100 0.912949
101 0.913273
102 0.914042
103 0.914254
104 0.914481
105 0.914854
106 0.915483
107 0.915694
108 0.915824
109 0.916433
110 0.916445
111 0.916676
112 0.91688
113 0.917445
114 0.917838
115 0.918004
116 0.918395
117 0.918335
118 0.918815
119 0.918426
120 0.919343
121 0.919654
122 0.919503
123 0.919721
124 0.920182
125 0.920745
126 0.921037
127 0.921183
128 0.921616
129 0.921545
130 0.922115
131 0.922377
132 0.92249
133 0.922369
134 0.922794
135 0.923153
136 0.92294
137 0.923595
138 0.923437
139 0.923692
140 0.92437
141 0.924675
142 0.924259
143 0.924618
144 0.924937
145 0.925336
146 0.92534
147 0.925519
148 0.92612
149 0.92567
150 0.926001
151 0.925861
152 0.926735
153 0.926255
154 0.926615
155 0.926936
156 0.927595
157 0.927959
158 0.927384
159 0.927841
160 0.927949
161 0.928249
162 0.928189
163 0.928849
164 0.92875
165 0.92931
166 0.929109
167 0.929121
168 0.929542
169 0.92978
170 0.930342
171 0.930325
172 0.929674
173 0.930427
174 0.930522
175 0.93035
176 0.930749
177 0.930621
178 0.931223
179 0.931385
180 0.931088
181 0.931632
182 0.931656
183 0.931643
184 0.932053
185 0.932364
186 0.932509
187 0.932304
188 0.932707
189 0.932266
190 0.932799
191 0.932952
192 0.933047
193 0.933476
194 0.933885
195 0.93351
196 0.933714
197 0.93421
198 0.933935
199 0.933783
200 0.934222
201 0.934365
202 0.934608
203 0.93453
204 0.935022
205 0.935089
206 0.934864
207 0.934852
208 0.93529
209 0.93525
210 0.935779
211 0.93562
212 0.935857
213 0.936431
214 0.936276
215 0.936025
216 0.936152
217 0.936584
218 0.93676
219 0.936678
220 0.937099
221 0.936603
222 0.936995
223 0.937083
224 0.937148
225 0.93729
226 0.937391
227 0.937754
228 0.937646
229 0.937558
230 0.9379
231 0.937856
232 0.937995
233 0.938302
234 0.938555
235 0.938619
236 0.938835
237 0.938547
238 0.938916
239 0.938796
240 0.938904
241 0.938953
242 0.939251
243 0.939243
244 0.939448
245 0.939276
246 0.939909
247 0.93972
248 0.93945
249 0.939737
250 0.940064
251 0.94038
252 0.94008
253 0.940363
254 0.940383
255 0.940565
256 0.940696
257 0.940598
258 0.940962
259 0.941008
260 0.940845
261 0.941347
262 0.940958
263 0.941101
264 0.941633
265 0.941618
266 0.941355
267 0.94148
268 0.941774
269 0.941628
270 0.941576
271 0.942292
272 0.942211
273 0.942262
274 0.941921
275 0.942208
276 0.942331
277 0.942083
278 0.942408
279 0.942633
280 0.942987
281 0.942818
282 0.94284
283 0.943577
284 0.943373
285 0.943325
286 0.943245
287 0.94342
288 0.943678
289 0.943561
290 0.943262
291 0.943632
292 0.944119
293 0.94375
294 0.943699
295 0.944207
296 0.944024
297 0.943914
298 0.944274
299 0.944218
300 0.94436
301 0.944968
302 0.944566
303 0.944759
304 0.944672
305 0.944654
306 0.944787
307 0.945113
308 0.944678
309 0.945121
310 0.944907
311 0.945408
312 0.945101
313 0.945221
314 0.945314
315 0.945693
316 0.945601
317 0.945755
318 0.945605
319 0.946007
320 0.945939
321 0.946012
322 0.946175
323 0.946141
324 0.945878
325 0.946227
326 0.946039
327 0.946545
328 0.946255
329 0.946394
330 0.946504
331 0.946622
332 0.94668
333 0.946991
334 0.946777
335 0.947007
336 0.947101
337 0.94709
338 0.947099
339 0.947015
340 0.947402
341 0.947349
342 0.947424
343 0.947082
344 0.947518
345 0.947279
346 0.947397
347 0.947554
348 0.947666
349 0.948265
350 0.947804
351 0.948003
352 0.948013
353 0.947879
354 0.948127
355 0.947823
356 0.948205
357 0.948199
358 0.948346
359 0.948368
360 0.948561
361 0.948715
362 0.948429
363 0.948535
364 0.94891
365 0.948939
366 0.948756
367 0.948797
368 0.948906
369 0.94911
370 0.948945
371 0.949232
372 0.948957
373 0.949566
374 0.948986
375 0.949348
376 0.949499
377 0.94938
378 0.949704
379 0.949298
380 0.949748
381 0.949636
382 0.949745
383 0.950011
384 0.949757
385 0.949986
386 0.950214
387 0.949735
388 0.949789
389 0.950346
390 0.950389
391 0.950458
392 0.950014
393 0.950646
394 0.950329
395 0.950617
396 0.950657
397 0.950378
398 0.950454
399 0.95069
400 0.950992
