1 0.500138
2 0.583361
3 0.610865
4 0.641554
5 0.659988
6 0.675153
7 0.688276
8 0.699712
9 0.70822
10 0.717789
11 0.72572
12 0.732186
13 0.738712
14 0.744492
15 0.749268
16 0.754406
17 0.758738
18 0.763383
19 0.767175
20 0.770646
21 0.774169
22 0.777597
23 0.780529
24 0.783039
25 0.786939
26 0.788855
27 0.790997
28 0.793689
29 0.796396
30 0.798535
31 0.801083
32 0.802795
33 0.805396
34 0.807162
35 0.808885
36 0.810691
37 0.811991
38 0.814053
39 0.815763
40 0.817204
41 0.818965
42 0.820339
43 0.821576
44 0.822821
45 0.824346
46 0.825926
47 0.827087
48 0.828124
49 0.829135
50 0.830645
51 0.831974
52 0.832742
53 0.833764
54 0.835211
55 0.836016
56 0.837382
57 0.838434
58 0.839172
59 0.840357
60 0.840912
61 0.842262
62 0.843292
63 0.844015
64 0.844326
65 0.845689
66 0.846313
67 0.846981
68 0.848034
69 0.848816
70 0.849555
71 0.850549
72 0.85119
73 0.85193
74 0.852656
75 0.853337
76 0.854258
77 0.854773
78 0.855359
79 0.856392
80 0.857074
81 0.857593
82 0.85829
83 0.858929
84 0.859371
85 0.859833
86 0.860414
87 0.861236
88 0.861481
89 0.861896
90 0.862891
91 0.863306
92 0.863867
93 0.864196
94 0.865018
95 0.865382
96 0.865943
97 0.866994
98 0.867137
99 0.867693
100 0.867881
101 0.868245
102 0.86908
103 0.869452
104 0.869924
105 0.870389
106 0.87112
107 0.871287
108 0.871806
109 0.872405
110 0.872505
111 0.872904
112 0.873285
113 0.873944
114 0.874568
115 0.874846
116 0.875412
117 0.875158
118 0.876004
119 0.875879
120 0.876691
121 0.877153
122 0.877295
123 0.877609
124 0.878146
125 0.878735
126 0.879244
127 0.879571
128 0.879947
129 0.879852
130 0.880369
131 0.88071
132 0.881057
133 0.881081
134 0.881761
135 0.882122
136 0.88209
137 0.882977
138 0.882699
139 0.883339
140 0.883896
141 0.88414
142 0.884114
143 0.884673
144 0.884847
145 0.885208
146 0.885173
147 0.885853
148 0.886444
149 0.886228
150 0.886545
151 0.886728
152 0.887467
153 0.887216
154 0.887536
155 0.887937
156 0.888577
157 0.888746
158 0.888778
159 0.889353
160 0.889414
161 0.889681
162 0.889768
163 0.890496
164 0.890666
165 0.891164
166 0.891177
167 0.891223
168 0.89164
169 0.89192
170 0.892459
171 0.89245
172 0.892253
173 0.892816
174 0.89294
175 0.892988
176 0.893373
177 0.893384
178 0.893968
179 0.894436
180 0.894044
181 0.894655
182 0.894799
183 0.894896
184 0.895263
185 0.895606
186 0.895807
187 0.895731
188 0.896287
189 0.896001
190 0.896685
191 0.896833
192 0.897058
193 0.897347
194 0.897643
195 0.897501
196 0.897868
197 0.898286
198 0.89813
199 0.898158
200 0.898597
201 0.898714
202 0.898905
203 0.899063
204 0.89949
205 0.899961
206 0.899886
207 0.899785
208 0.900388
209 0.900482
210 0.900718
211 0.900857
212 0.901136
213 0.901524
214 0.901584
215 0.901449
216 0.901769
217 0.902027
218 0.902218
219 0.902265
220 0.902678
221 0.902269
222 0.902931
223 0.902897
224 0.902932
225 0.903176
226 0.903448
227 0.903565
228 0.903982
229 0.903789
230 0.904207
231 0.904276
232 0.904382
233 0.904742
234 0.904901
235 0.905114
236 0.90537
237 0.905129
238 0.905453
239 0.905625
240 0.905708
241 0.905867
242 0.906096
243 0.906272
244 0.906521
245 0.906567
246 0.90696
247 0.90678
248 0.906794
249 0.907057
250 0.907327
251 0.907714
252 0.907514
253 0.907848
254 0.907881
255 0.908156
256 0.908254
257 0.908047
258 0.908476
259 0.908559
260 0.908305
261 0.908768
262 0.908693
263 0.908789
264 0.909284
265 0.909379
266 0.909177
267 0.909414
268 0.909707
269 0.909774
270 0.909713
271 0.910255
272 0.910152
273 0.9102
274 0.910241
275 0.910499
276 0.91059
277 0.910478
278 0.910735
279 0.91104
280 0.911366
281 0.911402
282 0.911406
283 0.912103
284 0.912036
285 0.912045
286 0.912159
287 0.912136
288 0.912473
289 0.912506
290 0.912134
291 0.912487
292 0.913021
293 0.912977
294 0.912927
295 0.913373
296 0.913296
297 0.913281
298 0.913613
299 0.913555
300 0.913716
301 0.914239
302 0.914015
303 0.914126
304 0.914072
305 0.914182
306 0.914344
307 0.914696
308 0.91441
309 0.914851
310 0.914612
311 0.915116
312 0.914851
313 0.914957
314 0.915216
315 0.91532
316 0.915607
317 0.915749
318 0.915672
319 0.915926
320 0.915949
321 0.916071
322 0.91619
323 0.916271
324 0.916145
325 0.916466
326 0.916479
327 0.916859
328 0.916592
329 0.916688
330 0.916934
331 0.917168
332 0.917092
333 0.917498
334 0.917296
335 0.917506
336 0.917588
337 0.917675
338 0.917727
339 0.917671
340 0.917859
341 0.91798
342 0.918473
343 0.918325
344 0.918544
345 0.918481
346 0.918584
347 0.91879
348 0.918874
349 0.919352
350 0.919038
351 0.91906
352 0.919226
353 0.919178
354 0.919437
355 0.919229
356 0.919579
357 0.91963
358 0.919775
359 0.919696
360 0.919917
361 0.920169
362 0.920021
363 0.920046
364 0.920416
365 0.920516
366 0.920441
367 0.920454
368 0.920573
369 0.920698
370 0.920698
371 0.920954
372 0.920825
373 0.921408
374 0.920875
375 0.921248
376 0.921357
377 0.921405
378 0.921725
379 0.921354
380 0.921871
381 0.921784
382 0.921812
383 0.922103
384 0.922058
385 0.922093
386 0.922163
387 0.922034
388 0.922048
389 0.922513
390 0.922604
391 0.92266
392 0.92247
393 0.922916
394 0.922698
395 0.922903
396 0.922924
397 0.922977
398 0.922938
399 0.923116
400 0.923467
