1 0.166478
2 0.0833093
3 0.0832952
4 0.0556056
5 0.0556316
6 0.0474788
7 0.0430423
8 0.0391618
9 0.0378901
10 0.0327969
11 0.0316729
12 0.0292568
13 0.0274667
14 0.0267276
15 0.0254742
16 0.0243058
17 0.0234455
18 0.0221943
19 0.0214744
20 0.020662
21 0.0198888
22 0.0192833
23 0.0187657
24 0.0184039
25 0.0176426
26 0.0173311
27 0.0169017
28 0.0164466
29 0.016091
30 0.0156168
31 0.0152344
32 0.0149012
33 0.0144177
34 0.0142082
35 0.0139802
36 0.0136916
37 0.0134563
38 0.0132397
39 0.0129698
40 0.0126759
41 0.0124811
42 0.0122685
43 0.0120619
44 0.0119208
45 0.0116971
46 0.0114798
47 0.0113386
48 0.0111721
49 0.0110652
50 0.0109289
51 0.0106813
52 0.0105007
53 0.0104304
54 0.01028
55 0.0101408
56 0.00995341
57 0.0098337
58 0.00976968
59 0.00958697
60 0.00949989
61 0.00939527
62 0.00919079
63 0.00915933
64 0.00909213
65 0.00887364
66 0.00884881
67 0.00881871
68 0.00873582
69 0.00860123
70 0.0085147
71 0.00840957
72 0.00829393
73 0.00820477
74 0.00812962
75 0.00802289
76 0.00798268
77 0.00784356
78 0.00781812
79 0.00775244
80 0.00765985
81 0.00760139
82 0.00751883
83 0.00746141
84 0.00740673
85 0.00735607
86 0.00730409
87 0.0071903
88 0.00716767
89 0.00711828
90 0.00701282
91 0.00694742
92 0.00688905
93 0.00687615
94 0.0067973
95 0.00676922
96 0.00668569
97 0.00662662
98 0.00657858
99 0.00654837
100 0.00651449
101 0.00651411
102 0.00639626
103 0.00639089
104 0.00630163
105 0.00626895
106 0.0062121
107 0.00616194
108 0.00611881
109 0.00609243
110 0.00607542
111 0.00604186
112 0.00597906
113 0.0059092
114 0.00588471
115 0.00587154
116 0.00581537
117 0.00580595
118 0.00575955
119 0.00576615
120 0.00567746
121 0.00561776
122 0.00563619
123 0.00561235
124 0.0055406
125 0.005502
126 0.00545173
127 0.00542362
128 0.00538967
129 0.00538719
130 0.00532897
131 0.00531554
132 0.00527816
133 0.00527809
134 0.00522336
135 0.00517372
136 0.00517682
137 0.00513678
138 0.00514056
139 0.00509126
140 0.00504471
141 0.0050222
142 0.00500256
143 0.00497962
144 0.00494309
145 0.00490977
146 0.00491758
147 0.00488118
148 0.00480819
149 0.00483443
150 0.00481417
151 0.0048387
152 0.00473349
153 0.0047516
154 0.00471904
155 0.00471489
156 0.00465024
157 0.00461939
158 0.00462944
159 0.00460068
160 0.00458999
161 0.00456861
162 0.0045749
163 0.00447241
164 0.00447216
165 0.00445887
166 0.00443543
167 0.00444601
168 0.00443072
169 0.00437464
170 0.00433173
171 0.00432629
172 0.00437985
173 0.00433857
174 0.00429794
175 0.00430537
176 0.00423296
177 0.00424647
178 0.00423061
179 0.00419634
180 0.00418553
181 0.00414643
182 0.00415168
183 0.00412571
184 0.004103
185 0.00406719
186 0.00405684
187 0.0040801
188 0.00402955
189 0.00408253
190 0.00401346
191 0.00399192
192 0.00398713
193 0.00395585
194 0.00390591
195 0.00392899
196 0.00391671
197 0.00388335
198 0.00391185
199 0.00389407
200 0.003852
201 0.0038531
202 0.00382909
203 0.00384012
204 0.00380476
205 0.00374991
206 0.00378358
207 0.00378642
208 0.0037465
209 0.00373175
210 0.00372768
211 0.00372874
212 0.0036875
213 0.00363665
214 0.00366153
215 0.00366844
216 0.00364298
217 0.0036306
218 0.00361829
219 0.00360348
220 0.00355218
221 0.00359584
222 0.00356171
223 0.00352777
224 0.00354651
225 0.00352173
226 0.00350211
227 0.0034834
228 0.00348842
229 0.00349088
230 0.00346378
231 0.00345923
232 0.00345668
233 0.00340017
234 0.0034091
235 0.00340892
236 0.00338483
237 0.00339577
238 0.00337486
239 0.00336919
240 0.0033816
241 0.0033351
242 0.00332775
243 0.00333279
244 0.00329584
245 0.00331039
246 0.00327446
247 0.00329537
248 0.00329553
249 0.0032745
250 0.00324611
251 0.00322722
252 0.00324797
253 0.00321653
254 0.00321139
255 0.00319119
256 0.00318457
257 0.00319922
258 0.00313959
259 0.00315905
260 0.0031595
261 0.00313347
262 0.00314451
263 0.00312793
264 0.00309309
265 0.0030772
266 0.00311692
267 0.00309865
268 0.0030946
269 0.00307233
270 0.00307596
271 0.00302734
272 0.00305707
273 0.00303009
274 0.00306438
275 0.0030259
276 0.00300106
277 0.00302661
278 0.0030111
279 0.0029774
280 0.00296695
281 0.00297367
282 0.00295669
283 0.00292567
284 0.00293332
285 0.00291713
286 0.00292329
287 0.00291922
288 0.00289028
289 0.00289517
290 0.00290957
291 0.00289174
292 0.00288631
293 0.00288676
294 0.00289014
295 0.00283582
296 0.00286275
297 0.00286216
298 0.00283154
299 0.0028574
300 0.00280588
301 0.0027947
302 0.0027977
303 0.00280651
304 0.00278615
305 0.00280238
306 0.00277835
307 0.00276215
308 0.00278993
309 0.00275564
310 0.00276997
311 0.00272866
312 0.00274294
313 0.00276149
314 0.00271899
315 0.00270197
316 0.00270057
317 0.00270069
318 0.00271055
319 0.00269634
320 0.00269312
321 0.00267369
322 0.00265989
323 0.00266205
324 0.00267574
325 0.00267083
326 0.00265951
327 0.00262722
328 0.0026326
329 0.00263073
330 0.00261932
331 0.00261491
332 0.00262112
333 0.002591
334 0.00260949
335 0.00257809
336 0.0025704
337 0.00257281
338 0.00256993
339 0.00257802
340 0.00255638
341 0.00255472
342 0.00254683
343 0.00255871
344 0.00255287
345 0.0025438
346 0.00253607
347 0.00252582
348 0.00251993
349 0.00248573
350 0.00250872
351 0.00248811
352 0.00249646
353 0.00250395
354 0.00248037
355 0.00248537
356 0.00247036
357 0.00248349
358 0.0024589
359 0.00245718
360 0.00243859
361 0.00242523
362 0.00244899
363 0.0024445
364 0.00241077
365 0.00240541
366 0.002424
367 0.00243339
368 0.00240229
369 0.00240132
370 0.00240189
371 0.00239105
372 0.00238161
373 0.00235935
374 0.00242066
375 0.00238698
376 0.00235836
377 0.00235845
378 0.00235643
379 0.00237582
380 0.00232345
381 0.00234339
382 0.00233152
383 0.00231206
384 0.00234546
385 0.00232248
386 0.00228539
387 0.0023209
388 0.00233385
389 0.00229598
390 0.00229739
391 0.00228381
392 0.00231062
393 0.00227312
394 0.00229233
395 0.00228101
396 0.00226799
397 0.00227817
398 0.00227707
399 0.00225703
400 0.00223392
