1 0.500502
2 0.54234
3 0.555944
4 0.569962
5 0.578209
6 0.584985
7 0.590644
8 0.595411
9 0.599074
10 0.60266
11 0.605639
12 0.607997
13 0.610492
14 0.612743
15 0.614507
16 0.61629
17 0.618012
18 0.619521
19 0.620665
20 0.621897
21 0.623102
22 0.624236
23 0.625335
24 0.6262
25 0.627319
26 0.628225
27 0.628836
28 0.629564
29 0.630369
30 0.631163
31 0.631686
32 0.632304
33 0.633095
34 0.633708
35 0.634171
36 0.634787
37 0.63517
38 0.635755
39 0.636165
40 0.63658
41 0.637062
42 0.637505
43 0.637831
44 0.638214
45 0.638743
46 0.638978
47 0.639342
48 0.639697
49 0.640046
50 0.640383
51 0.640789
52 0.640934
53 0.64116
54 0.641596
55 0.641908
56 0.642169
57 0.642469
58 0.642645
59 0.642951
60 0.643148
61 0.643368
62 0.6436
63 0.643822
64 0.643982
65 0.644336
66 0.644448
67 0.644639
68 0.644865
69 0.645133
70 0.645239
71 0.645473
72 0.645632
73 0.64602
74 0.646008
75 0.646201
76 0.646354
77 0.646525
78 0.646715
79 0.646844
80 0.647085
81 0.647165
82 0.647394
83 0.647542
84 0.647636
85 0.647736
86 0.647888
87 0.648064
88 0.648178
89 0.648233
90 0.648385
91 0.648646
92 0.648688
93 0.648805
94 0.648939
95 0.649019
96 0.649246
97 0.649314
98 0.64941
99 0.649489
100 0.649618
101 0.649697
102 0.649839
103 0.649895
104 0.650047
105 0.650167
106 0.650267
107 0.650339
108 0.650473
109 0.650541
110 0.650584
111 0.650692
112 0.650829
113 0.650956
114 0.651026
115 0.651143
116 0.65116
117 0.65117
118 0.651331
119 0.651424
120 0.651496
121 0.651668
122 0.651652
123 0.651725
124 0.651844
125 0.651916
126 0.652048
127 0.652106
128 0.652181
129 0.652207
130 0.65228
131 0.652375
132 0.652462
133 0.652454
134 0.652633
135 0.652717
136 0.652696
137 0.652775
138 0.652896
139 0.652974
140 0.653008
141 0.653041
142 0.653157
143 0.653231
144 0.653255
145 0.653349
146 0.653319
147 0.653463
148 0.653513
149 0.653586
150 0.653609
151 0.653642
152 0.653739
153 0.653781
154 0.65378
155 0.653922
156 0.653955
157 0.653975
158 0.654008
159 0.654095
160 0.654165
161 0.654178
162 0.654254
163 0.65435
164 0.6544
165 0.6544
166 0.654468
167 0.654472
168 0.65457
169 0.65464
170 0.654775
171 0.654666
172 0.654715
173 0.654724
174 0.65481
175 0.654839
176 0.654942
177 0.654974
178 0.65495
179 0.655052
180 0.655113
181 0.655199
182 0.655166
183 0.655241
184 0.655281
185 0.655331
186 0.655339
187 0.655338
188 0.655401
189 0.655449
190 0.655507
191 0.655561
192 0.655559
193 0.655626
194 0.655673
195 0.655673
196 0.655713
197 0.65579
198 0.655802
199 0.655812
200 0.65591
201 0.655941
202 0.655987
203 0.655972
204 0.656063
205 0.656126
206 0.656085
207 0.656104
208 0.656162
209 0.656278
210 0.65623
211 0.656321
212 0.656321
213 0.656402
214 0.656379
215 0.656434
216 0.65643
217 0.656443
218 0.656514
219 0.656555
220 0.656579
221 0.656571
222 0.656658
223 0.656706
224 0.656679
225 0.656723
226 0.656755
227 0.656771
228 0.656818
229 0.656815
230 0.656892
231 0.656906
232 0.65693
233 0.657003
234 0.657012
235 0.657053
236 0.657063
237 0.65712
238 0.657066
239 0.657112
240 0.657144
241 0.657192
242 0.65721
243 0.657273
244 0.657335
245 0.657289
246 0.65736
247 0.657339
248 0.657358
249 0.65743
250 0.657435
251 0.657458
252 0.657473
253 0.657523
254 0.657559
255 0.657601
256 0.657562
257 0.657567
258 0.657665
259 0.657646
260 0.65763
261 0.657727
262 0.657696
263 0.65772
264 0.657742
265 0.657825
266 0.657794
267 0.657826
268 0.657837
269 0.657894
270 0.657895
271 0.657988
272 0.657936
273 0.657951
274 0.657997
275 0.65801
276 0.65805
277 0.658043
278 0.658065
279 0.658101
280 0.658131
281 0.658161
282 0.658202
283 0.658228
284 0.658222
285 0.658257
286 0.658262
287 0.65827
288 0.65828
289 0.658296
290 0.65833
291 0.658356
292 0.65835
293 0.658432
294 0.658418
295 0.658474
296 0.658473
297 0.658473
298 0.658506
299 0.658497
300 0.65854
301 0.658564
302 0.658577
303 0.658551
304 0.658598
305 0.65859
306 0.658642
307 0.658716
308 0.658657
309 0.658719
310 0.658689
311 0.658739
312 0.65873
313 0.658727
314 0.658784
315 0.658762
316 0.658828
317 0.65885
318 0.658872
319 0.658839
320 0.658889
321 0.658915
322 0.658912
323 0.658972
324 0.658964
325 0.658966
326 0.658989
327 0.659031
328 0.659051
329 0.659052
330 0.659084
331 0.659095
332 0.659058
333 0.659127
334 0.659099
335 0.659146
336 0.65916
337 0.659179
338 0.659198
339 0.659217
340 0.659229
341 0.659218
342 0.659253
343 0.659274
344 0.659271
345 0.659298
346 0.659284
347 0.6593
348 0.659331
349 0.659366
350 0.659383
351 0.659404
352 0.659398
353 0.659397
354 0.65944
355 0.659419
356 0.659494
357 0.659448
358 0.659514
359 0.659483
360 0.659522
361 0.659569
362 0.659567
363 0.659553
364 0.659595
365 0.659612
366 0.659588
367 0.659624
368 0.659647
369 0.659621
370 0.659649
371 0.65966
372 0.659721
373 0.659716
374 0.659674
375 0.659707
376 0.659746
377 0.659759
378 0.659778
379 0.65975
380 0.659818
381 0.659812
382 0.659834
383 0.659853
384 0.659854
385 0.659835
386 0.659907
387 0.659888
388 0.659891
389 0.659921
390 0.65992
391 0.659969
392 0.659953
393 0.659952
394 0.659957
395 0.659988
396 0.659976
397 0.659998
398 0.660017
399 0.659972
400 0.660066
