1 0.500502
2 0.584004
3 0.583528
4 0.611864
5 0.611433
6 0.619012
7 0.624099
8 0.628938
9 0.629739
10 0.633684
11 0.635563
12 0.637728
13 0.639284
14 0.640347
15 0.642169
16 0.642527
17 0.643619
18 0.645028
19 0.645243
20 0.646621
21 0.647725
22 0.64702
23 0.648133
24 0.648574
25 0.649311
26 0.650699
27 0.650769
28 0.650436
29 0.651092
30 0.651894
31 0.651494
32 0.65249
33 0.65244
34 0.653042
35 0.653056
36 0.653418
37 0.653839
38 0.654489
39 0.654344
40 0.654185
41 0.654477
42 0.654869
43 0.655369
44 0.65506
45 0.656297
46 0.655486
47 0.655363
48 0.656129
49 0.656564
50 0.655944
51 0.656177
52 0.656795
53 0.656568
54 0.657272
55 0.656761
56 0.657172
57 0.657955
58 0.657044
59 0.657534
60 0.658075
61 0.658012
62 0.658535
63 0.658233
64 0.657619
65 0.657539
66 0.658575
67 0.658233
68 0.657892
69 0.658388
70 0.6581
71 0.659023
72 0.659008
73 0.658119
74 0.65919
75 0.658693
76 0.659256
77 0.659686
78 0.659313
79 0.658763
80 0.6594
81 0.65979
82 0.659059
83 0.659811
84 0.659526
85 0.659886
86 0.659422
87 0.659477
88 0.659722
89 0.660041
90 0.660245
91 0.661085
92 0.660012
93 0.659791
94 0.659817
95 0.659958
96 0.66079
97 0.660544
98 0.660407
99 0.660306
100 0.660252
101 0.660852
102 0.660617
103 0.660393
104 0.660656
105 0.660529
106 0.660639
107 0.661826
108 0.661478
109 0.66088
110 0.660472
111 0.660671
112 0.661154
113 0.66086
114 0.661666
115 0.661731
116 0.661602
117 0.661014
118 0.661135
119 0.660952
120 0.661497
121 0.661677
122 0.661214
123 0.66155
124 0.660121
125 0.661654
126 0.661676
127 0.660908
128 0.661695
129 0.66185
130 0.661387
131 0.661991
132 0.661675
133 0.66125
134 0.662273
135 0.662036
136 0.661907
137 0.661601
138 0.662235
139 0.662085
140 0.662414
141 0.662781
142 0.661269
143 0.662296
144 0.661879
145 0.66216
146 0.662624
147 0.662026
148 0.662737
149 0.662051
150 0.661966
151 0.662047
152 0.662157
153 0.661793
154 0.66275
155 0.662429
156 0.663385
157 0.662231
158 0.662509
159 0.66212
160 0.663248
161 0.662626
162 0.662467
163 0.662434
164 0.66253
165 0.662833
166 0.66226
167 0.663473
168 0.661879
169 0.662194
170 0.662329
171 0.662424
172 0.663083
173 0.663031
174 0.662482
175 0.662031
176 0.662213
177 0.663177
178 0.662524
179 0.662581
180 0.662645
181 0.663797
182 0.663349
183 0.663214
184 0.662407
185 0.663275
186 0.663416
187 0.663247
188 0.663433
189 0.66284
190 0.662864
191 0.663637
192 0.662604
193 0.662352
194 0.663273
195 0.663084
196 0.66299
197 0.663687
198 0.663078
199 0.663137
200 0.663363
201 0.662974
202 0.662968
203 0.662984
204 0.66331
205 0.663433
206 0.663114
207 0.661985
208 0.662808
209 0.662733
210 0.662637
211 0.663444
212 0.66305
213 0.663057
214 0.662555
215 0.663409
216 0.663388
217 0.663831
218 0.662941
219 0.663496
220 0.663641
221 0.664196
222 0.663583
223 0.663864
224 0.663137
225 0.663138
226 0.6639
227 0.664058
228 0.664125
229 0.663244
230 0.663462
231 0.664708
232 0.663989
233 0.663539
234 0.663899
235 0.663831
236 0.663675
237 0.663279
238 0.663778
239 0.663233
240 0.663914
241 0.66364
242 0.664066
243 0.664269
244 0.663736
245 0.66279
246 0.664008
247 0.663974
248 0.664018
249 0.664159
250 0.664429
251 0.664129
252 0.664047
253 0.664638
254 0.664296
255 0.664243
256 0.663907
257 0.66372
258 0.664492
259 0.66444
260 0.663499
261 0.664063
262 0.663132
263 0.664301
264 0.66315
265 0.664209
266 0.664276
267 0.664223
268 0.663579
269 0.663625
270 0.663509
271 0.664508
272 0.664002
273 0.664485
274 0.66445
275 0.664515
276 0.663621
277 0.663615
278 0.664221
279 0.663198
280 0.664354
281 0.663519
282 0.664285
283 0.664137
284 0.663984
285 0.664707
286 0.66365
287 0.664671
288 0.663742
289 0.664888
290 0.66465
291 0.663879
292 0.663788
293 0.663272
294 0.664264
295 0.664181
296 0.66483
297 0.663585
298 0.663517
299 0.664377
300 0.6642
301 0.663923
302 0.664611
303 0.664294
304 0.664382
305 0.664226
306 0.664336
307 0.664062
308 0.663971
309 0.664069
310 0.664434
311 0.664649
312 0.663952
313 0.664252
314 0.664004
315 0.664126
316 0.66492
317 0.665111
318 0.664682
319 0.664707
320 0.664757
321 0.664403
322 0.664177
323 0.664624
324 0.664199
325 0.663379
326 0.664399
327 0.664824
328 0.664581
329 0.664845
330 0.66403
331 0.663302
332 0.664612
333 0.664407
334 0.66437
335 0.665109
336 0.664738
337 0.664785
338 0.665059
339 0.664347
340 0.664443
341 0.664914
342 0.663934
343 0.664086
344 0.66344
345 0.664315
346 0.665018
347 0.665005
348 0.664148
349 0.664256
350 0.664581
351 0.664263
352 0.664088
353 0.664948
354 0.664852
355 0.665129
356 0.663547
357 0.664438
358 0.66436
359 0.66427
360 0.665742
361 0.664831
362 0.665712
363 0.664484
364 0.664186
365 0.66547
366 0.664935
367 0.665167
368 0.664611
369 0.66498
370 0.66432
371 0.664302
372 0.665026
373 0.664572
374 0.664864
375 0.664985
376 0.665001
377 0.663693
378 0.664436
379 0.664458
380 0.664348
381 0.664442
382 0.664572
383 0.664774
384 0.664775
385 0.66432
386 0.664681
387 0.665424
388 0.664796
389 0.664664
390 0.665549
391 0.664958
392 0.663586
393 0.664537
394 0.665271
395 0.665203
396 0.664976
397 0.664566
398 0.664274
399 0.665457
400 0.664652
