1 0.0835145
2 0.141507
3 0.0612136
4 0.075896
5 0.0578565
6 0.0547825
7 0.0399914
8 0.0519446
9 0.0346354
10 0.0360706
11 0.0346264
12 0.0323672
13 0.0268519
14 0.0301307
15 0.0248554
16 0.0266925
17 0.0244827
18 0.0229717
19 0.0212329
20 0.0224844
21 0.019881
22 0.0197518
23 0.0192774
24 0.0190965
25 0.0175258
26 0.0182744
27 0.0167444
28 0.0168626
29 0.0163595
30 0.0158181
31 0.0153845
32 0.015429
33 0.0143278
34 0.014385
35 0.0141699
36 0.0140011
37 0.0133886
38 0.013612
39 0.0129067
40 0.0128618
41 0.0126808
42 0.012369
43 0.012027
44 0.0121847
45 0.011709
46 0.0116281
47 0.0113695
48 0.011271
49 0.0110227
50 0.0110681
51 0.0107251
52 0.0106199
53 0.0104778
54 0.0103376
55 0.010108
56 0.0101023
57 0.00979809
58 0.00981931
59 0.00964212
60 0.00955599
61 0.00942247
62 0.00928664
63 0.00915374
64 0.00913627
65 0.00889785
66 0.00893239
67 0.00880601
68 0.00882833
69 0.00859803
70 0.00854845
71 0.00844374
72 0.00833865
73 0.00821632
74 0.00818173
75 0.00801237
76 0.00803427
77 0.00785953
78 0.00785051
79 0.00774395
80 0.00770897
81 0.00761043
82 0.00753251
83 0.00746428
84 0.00743765
85 0.007351
86 0.0073462
87 0.00719999
88 0.00718259
89 0.0071233
90 0.00703341
91 0.00695947
92 0.00692909
93 0.00687191
94 0.0068236
95 0.00678374
96 0.00670927
97 0.00661676
98 0.00659724
99 0.00654968
100 0.00653353
101 0.00654279
102 0.00640628
103 0.00638584
104 0.0063309
105 0.00628011
106 0.00623768
107 0.00615982
108 0.00613616
109 0.00608464
110 0.00609134
111 0.0060442
112 0.0059833
113 0.00591918
114 0.00589272
115 0.00587923
116 0.00584338
117 0.00580678
118 0.00576235
119 0.00577039
120 0.00569008
121 0.00561862
122 0.00565489
123 0.00560497
124 0.00555533
125 0.0054983
126 0.00546644
127 0.00541818
128 0.00540334
129 0.00539464
130 0.00533807
131 0.00532539
132 0.00529149
133 0.00527483
134 0.00523324
135 0.00516765
136 0.00519052
137 0.00513781
138 0.00514329
139 0.00509535
140 0.00505653
141 0.00502893
142 0.00500518
143 0.00498515
144 0.00494531
145 0.00490899
146 0.00492872
147 0.00487952
148 0.00481282
149 0.00484173
150 0.00482131
151 0.00483893
152 0.00474564
153 0.00474923
154 0.0047246
155 0.00471157
156 0.00465918
157 0.00462413
158 0.00463706
159 0.00459895
160 0.00459543
161 0.00457321
162 0.00457757
163 0.00447013
164 0.00448202
165 0.00445782
166 0.00444097
167 0.00444573
168 0.00443271
169 0.0043726
170 0.00433503
171 0.00433168
172 0.00437881
173 0.00433363
174 0.00429947
175 0.00430262
176 0.0042431
177 0.00424121
178 0.00423285
179 0.004195
180 0.00418767
181 0.0041477
182 0.00415602
183 0.00412786
184 0.00410469
185 0.00407088
186 0.00405813
187 0.00407767
188 0.00403807
189 0.00408195
190 0.00401429
191 0.00399719
192 0.00398909
193 0.0039535
194 0.00391096
195 0.00392859
196 0.00392295
197 0.00388362
198 0.00391453
199 0.00389178
200 0.00385507
201 0.00385096
202 0.00383232
203 0.00384197
204 0.00380761
205 0.00375312
206 0.00378484
207 0.00378435
208 0.003747
209 0.00373278
210 0.00372816
211 0.00372879
212 0.0036928
213 0.00363623
214 0.00366215
215 0.003666
216 0.00364727
217 0.0036305
218 0.00362091
219 0.00359987
220 0.0035591
221 0.00359481
222 0.00356164
223 0.00352755
224 0.00354925
225 0.00351952
226 0.00350474
227 0.0034849
228 0.00348984
229 0.00349068
230 0.00346571
231 0.00345765
232 0.00345932
233 0.0034026
234 0.00341398
235 0.00340626
236 0.00338919
237 0.00339401
238 0.00337683
239 0.00336955
240 0.00338142
241 0.00333604
242 0.00332898
243 0.0033333
244 0.00329862
245 0.00331173
246 0.00327632
247 0.00329303
248 0.0032981
249 0.00327345
250 0.00324896
251 0.00322764
252 0.00324729
253 0.00321355
254 0.00321339
255 0.00319061
256 0.00318708
257 0.00319927
258 0.00313831
259 0.0031612
260 0.00316333
261 0.00313574
262 0.00314656
263 0.00312859
264 0.00309519
265 0.00307357
266 0.00312007
267 0.00309784
268 0.00309532
269 0.00307249
270 0.00307934
271 0.00302737
272 0.00305944
273 0.00302924
274 0.00306374
275 0.00302575
276 0.00300305
277 0.003026
278 0.00301064
279 0.00297393
280 0.00296855
281 0.00297549
282 0.00296008
283 0.0029257
284 0.0029349
285 0.00291801
286 0.00292397
287 0.00291867
288 0.00289064
289 0.00289594
290 0.00291443
291 0.00289189
292 0.00288738
293 0.00288548
294 0.00288795
295 0.00283595
296 0.00286298
297 0.00286321
298 0.0028341
299 0.00285659
300 0.00280756
301 0.00279499
302 0.00280172
303 0.00280519
304 0.00278846
305 0.00280271
306 0.00277789
307 0.00276328
308 0.00279182
309 0.00275483
310 0.00276915
311 0.002729
312 0.00274187
313 0.00276013
314 0.00272046
315 0.0027003
316 0.00270223
317 0.00269755
318 0.00271172
319 0.00269606
320 0.00269302
321 0.00267543
322 0.00266083
323 0.00266173
324 0.00267799
325 0.00267004
326 0.00266209
327 0.00262602
328 0.00263258
329 0.00262943
330 0.00262063
331 0.00261413
332 0.00262162
333 0.00259081
334 0.00261048
335 0.00257758
336 0.00257224
337 0.0025736
338 0.00257085
339 0.00257984
340 0.00255653
341 0.00255525
342 0.00254651
343 0.00255662
344 0.00255426
345 0.00254314
346 0.00253733
347 0.00252708
348 0.00252022
349 0.00248615
350 0.00251004
351 0.002489
352 0.00249599
353 0.00250374
354 0.00248122
355 0.00248303
356 0.00247184
357 0.00248372
358 0.00246009
359 0.00245811
360 0.00243935
361 0.00242584
362 0.00244785
363 0.002443
364 0.00241217
365 0.00240491
366 0.00242435
367 0.00243455
368 0.00240301
369 0.00240047
370 0.00240289
371 0.00239081
372 0.00238255
373 0.0023596
374 0.00242187
375 0.0023864
376 0.0023584
377 0.00235841
378 0.00235725
379 0.00237451
380 0.00232385
381 0.00234327
382 0.00233173
383 0.0023112
384 0.00234564
385 0.00232061
386 0.00228709
387 0.00231826
388 0.00233598
389 0.00229631
390 0.00229765
391 0.00228288
392 0.00231331
393 0.0022725
394 0.0022917
395 0.002281
396 0.0022687
397 0.00227903
398 0.00227726
399 0.00225865
400 0.00223451
