1 0.437633
2 0.395971
3 0.368228
4 0.345587
5 0.327223
6 0.311485
7 0.29804
8 0.286133
9 0.27577
10 0.266237
11 0.25761
12 0.249862
13 0.242815
14 0.236207
15 0.230045
16 0.224202
17 0.218737
18 0.213763
19 0.208816
20 0.204445
21 0.199981
22 0.196046
23 0.192398
24 0.188617
25 0.185039
26 0.181743
27 0.178531
28 0.175558
29 0.172622
30 0.169811
31 0.167164
32 0.16454
33 0.162155
34 0.159811
35 0.15746
36 0.155248
37 0.153077
38 0.150981
39 0.149146
40 0.147042
41 0.145221
42 0.14341
43 0.141681
44 0.139977
45 0.138188
46 0.13664
47 0.135113
48 0.133556
49 0.132127
50 0.13047
51 0.129256
52 0.12785
53 0.126569
54 0.125267
55 0.123895
56 0.122739
57 0.121448
58 0.120247
59 0.119027
60 0.117905
61 0.116886
62 0.115861
63 0.114664
64 0.113693
65 0.112676
66 0.111711
67 0.11068
68 0.109885
69 0.108821
70 0.10793
71 0.106979
72 0.106163
73 0.105353
74 0.104386
75 0.103638
76 0.102716
77 0.102065
78 0.101187
79 0.100469
80 0.0997474
81 0.0989777
82 0.0982346
83 0.0975903
84 0.0968357
85 0.0962592
86 0.095554
87 0.094895
88 0.0942435
89 0.0936344
90 0.0930099
91 0.0923906
92 0.0917678
93 0.0911926
94 0.0905669
95 0.0899493
96 0.0894256
97 0.0888164
98 0.0882684
99 0.087813
100 0.087199
101 0.0867085
102 0.0862032
103 0.0856533
104 0.0852684
105 0.084715
106 0.0840966
107 0.0836681
108 0.0832279
109 0.0827906
110 0.0822971
111 0.0818268
112 0.0814204
113 0.0809669
114 0.0806148
115 0.0799946
116 0.0797047
117 0.0792152
118 0.0788066
119 0.0784018
120 0.077989
121 0.0775753
122 0.0770551
123 0.0767671
124 0.0763195
125 0.0758867
126 0.075519
127 0.0752295
128 0.0747816
129 0.0744717
130 0.074117
131 0.0737414
132 0.0733366
133 0.0731138
134 0.0726833
135 0.0723046
136 0.0719937
137 0.0717115
138 0.0713271
139 0.0710648
140 0.0706641
141 0.0703836
142 0.0699961
143 0.0697182
144 0.0693761
145 0.0691969
146 0.0687306
147 0.0684991
148 0.0682563
149 0.0679113
150 0.0675646
151 0.0672959
152 0.0671247
153 0.0667242
154 0.0665906
155 0.0661622
156 0.065949
157 0.0657598
158 0.0654593
159 0.0651408
160 0.0648691
161 0.064542
162 0.0644172
163 0.0641706
164 0.0638349
165 0.0635568
166 0.0633454
167 0.0631041
168 0.0628021
169 0.0626084
170 0.0623904
171 0.0622481
172 0.0618104
173 0.0616829
174 0.0614584
175 0.0612108
176 0.0609645
177 0.06074
178 0.0606127
179 0.0603064
180 0.060124
181 0.0598897
182 0.0597001
183 0.0595146
184 0.0593156
185 0.0591213
186 0.0588066
187 0.058692
188 0.058432
189 0.0581978
190 0.0581159
191 0.0577811
192 0.0576891
193 0.0574736
194 0.057283
195 0.0570485
196 0.0568756
197 0.0566921
198 0.0565501
199 0.056282
200 0.0561903
201 0.0559981
202 0.0557361
203 0.055634
204 0.0553757
205 0.0552389
206 0.0549977
207 0.0549348
208 0.0546938
209 0.0545456
210 0.0543882
211 0.0541423
212 0.0540814
213 0.0538458
214 0.0537275
215 0.0535847
216 0.0533673
217 0.0532314
218 0.0530429
219 0.0528445
220 0.0527031
221 0.0525136
222 0.0524662
223 0.0522983
224 0.0521845
225 0.0519624
226 0.0518735
227 0.0516686
228 0.051553
229 0.0513832
230 0.0512426
231 0.0510429
232 0.0509962
233 0.0508004
234 0.0507086
235 0.0505136
236 0.0503961
237 0.0501804
238 0.0501359
239 0.0499772
240 0.0498006
241 0.049659
242 0.0495614
243 0.0494177
244 0.0493088
245 0.04908
246 0.0489469
247 0.0488677
248 0.0487389
249 0.048587
250 0.0484602
251 0.0483644
252 0.0482089
253 0.0480554
254 0.0479852
255 0.0478331
256 0.0477026
257 0.047569
258 0.0474245
259 0.0473567
260 0.0471564
261 0.0470785
262 0.0469324
263 0.0468185
264 0.0467435
265 0.0465819
266 0.0464422
267 0.0463231
268 0.0462354
269 0.0461997
270 0.0460362
271 0.0458778
272 0.0457764
273 0.0457118
274 0.045531
275 0.045436
276 0.0453341
277 0.0451864
278 0.0451214
279 0.0450307
280 0.0449141
281 0.0448561
282 0.0447327
283 0.0445762
284 0.0444554
285 0.0444277
286 0.0442746
287 0.044187
288 0.044014
289 0.0439258
290 0.0438754
291 0.0437718
292 0.0436337
293 0.043519
294 0.0434179
295 0.0433275
296 0.0432126
297 0.0432044
298 0.043107
299 0.0430031
300 0.0428913
301 0.0427735
302 0.0426371
303 0.0426002
304 0.0425508
305 0.0423784
306 0.042355
307 0.0422301
308 0.042131
309 0.0420526
310 0.0419527
311 0.0419311
312 0.0417753
313 0.0416941
314 0.0416166
315 0.0414519
316 0.0413785
317 0.041305
318 0.0412096
319 0.0411273
320 0.0410064
321 0.0409824
322 0.040831
323 0.0408242
324 0.0407242
325 0.0405794
326 0.0405768
327 0.0404533
328 0.0403545
329 0.040307
330 0.0401759
331 0.0400916
332 0.0400184
333 0.0399404
334 0.0398685
335 0.0397585
336 0.0397434
337 0.0395838
338 0.039578
339 0.0395092
340 0.0394138
341 0.0392604
342 0.039216
343 0.0391159
344 0.0390126
345 0.0390013
346 0.0389639
347 0.0389058
348 0.0388241
349 0.0387437
350 0.038617
351 0.0385668
352 0.0385053
353 0.038407
354 0.038356
355 0.0382698
356 0.0381053
357 0.0380753
358 0.0380424
359 0.0379726
360 0.0379328
361 0.037822
362 0.0377179
363 0.0377077
364 0.0376699
365 0.0375273
366 0.0375026
367 0.0374484
368 0.0373249
369 0.0372415
370 0.0371972
371 0.0370821
372 0.0370866
373 0.0369268
374 0.0368919
375 0.0368697
376 0.0367876
377 0.0367077
378 0.036634
379 0.0365828
380 0.0365331
381 0.0364893
382 0.0363857
383 0.0363418
384 0.0362571
385 0.0361994
386 0.0361874
387 0.0361151
388 0.0359829
389 0.0359472
390 0.0358827
391 0.0358303
392 0.0357595
393 0.0357075
394 0.0356098
395 0.0355627
396 0.0355778
397 0.0354628
398 0.0353719
399 0.0353092
400 0.0352617
