1 0.5
2 0.493154
3 0.484021
4 0.473802
5 0.465109
6 0.456392
7 0.448792
8 0.441645
9 0.435638
10 0.428942
11 0.424266
12 0.418291
13 0.414901
14 0.409615
15 0.406137
16 0.401025
17 0.397428
18 0.393394
19 0.390379
20 0.386363
21 0.383807
22 0.380437
23 0.377968
24 0.374958
25 0.372918
26 0.370184
27 0.367728
28 0.365122
29 0.363489
30 0.36158
31 0.35943
32 0.357122
33 0.354823
34 0.353095
35 0.351854
36 0.350242
37 0.348472
38 0.346605
39 0.345281
40 0.344653
41 0.34248
42 0.34119
43 0.339957
44 0.338844
45 0.337278
46 0.336617
47 0.334973
48 0.334149
49 0.332674
50 0.331486
51 0.330682
52 0.329689
53 0.329007
54 0.327566
55 0.325933
56 0.325855
57 0.324324
58 0.323199
59 0.322722
60 0.321542
61 0.320826
62 0.320486
63 0.319197
64 0.318309
65 0.317888
66 0.31802
67 0.315799
68 0.315815
69 0.315294
70 0.314839
71 0.314089
72 0.31278
73 0.312387
74 0.311435
75 0.311274
76 0.309957
77 0.310589
78 0.30915
79 0.308693
80 0.308858
81 0.307492
82 0.307071
83 0.306908
84 0.305738
85 0.305537
86 0.304798
87 0.304537
88 0.304078
89 0.303235
90 0.303507
91 0.302583
92 0.302566
93 0.301754
94 0.301697
95 0.301379
96 0.301085
97 0.301242
98 0.299931
99 0.299296
100 0.299598
101 0.299231
102 0.29835
103 0.298423
104 0.298128
105 0.297692
106 0.296898
107 0.296875
108 0.2966
109 0.296199
110 0.295758
111 0.295725
112 0.294591
113 0.294842
114 0.294838
115 0.294212
116 0.294021
117 0.29377
118 0.292543
119 0.293393
120 0.29316
121 0.291655
122 0.292351
123 0.29144
124 0.291368
125 0.290808
126 0.291704
127 0.290561
128 0.289912
129 0.290005
130 0.290103
131 0.289704
132 0.288339
133 0.288899
134 0.288074
135 0.287794
136 0.287935
137 0.287747
138 0.287581
139 0.286744
140 0.287138
141 0.286868
142 0.286471
143 0.286726
144 0.286636
145 0.285927
146 0.287049
147 0.285441
148 0.285446
149 0.285351
150 0.28468
151 0.285392
152 0.285209
153 0.284435
154 0.284841
155 0.284229
156 0.284292
157 0.283798
158 0.28386
159 0.283665
160 0.283712
161 0.283052
162 0.283996
163 0.282568
164 0.282217
165 0.282017
166 0.282571
167 0.282147
168 0.281854
169 0.28198
170 0.28217
171 0.280979
172 0.281331
173 0.280106
174 0.280556
175 0.281295
176 0.280138
177 0.280122
178 0.280299
179 0.280711
180 0.27969
181 0.280549
182 0.279894
183 0.280301
184 0.279224
185 0.279604
186 0.278703
187 0.278862
188 0.279487
189 0.27855
190 0.278715
191 0.278505
192 0.278895
193 0.277518
194 0.278572
195 0.276873
196 0.277535
197 0.277875
198 0.277914
199 0.277533
200 0.277319
201 0.277382
202 0.276882
203 0.277053
204 0.276561
205 0.277163
206 0.276187
207 0.276181
208 0.275689
209 0.276626
210 0.275894
211 0.276215
212 0.275852
213 0.275475
214 0.2756
215 0.275525
216 0.27514
217 0.275543
218 0.275769
219 0.274909
220 0.274394
221 0.274424
222 0.274566
223 0.274586
224 0.274902
225 0.274911
226 0.275202
227 0.274742
228 0.274815
229 0.273716
230 0.274118
231 0.274212
232 0.27343
233 0.273404
234 0.274576
235 0.272842
236 0.273683
237 0.272844
238 0.273116
239 0.272677
240 0.273079
241 0.273046
242 0.272903
243 0.272157
244 0.272109
245 0.272636
246 0.273219
247 0.272536
248 0.272642
249 0.272377
250 0.271751
251 0.272423
252 0.272161
253 0.272121
254 0.272049
255 0.271177
256 0.271853
257 0.270907
258 0.271239
259 0.271467
260 0.271219
261 0.271495
262 0.271476
263 0.271015
264 0.270569
265 0.269967
266 0.270491
267 0.270491
268 0.270647
269 0.271134
270 0.270384
271 0.270766
272 0.269761
273 0.270099
274 0.270065
275 0.268915
276 0.270074
277 0.270634
278 0.26989
279 0.270617
280 0.269223
281 0.268952
282 0.270138
283 0.269121
284 0.26919
285 0.269928
286 0.269395
287 0.269659
288 0.269572
289 0.26891
290 0.26883
291 0.26891
292 0.269297
293 0.268604
294 0.268137
295 0.268772
296 0.268485
297 0.268522
298 0.269805
299 0.268274
300 0.268088
301 0.267838
302 0.268819
303 0.267943
304 0.267987
305 0.267704
306 0.26805
307 0.267508
308 0.267383
309 0.268137
310 0.267832
311 0.268091
312 0.267688
313 0.267252
314 0.267579
315 0.267004
316 0.267285
317 0.267061
318 0.26611
319 0.266439
320 0.267143
321 0.266737
322 0.266636
323 0.267075
324 0.266942
325 0.267005
326 0.26682
327 0.266434
328 0.266661
329 0.266342
330 0.266768
331 0.265703
332 0.26629
333 0.266741
334 0.266712
335 0.266304
336 0.26605
337 0.26553
338 0.266193
339 0.265932
340 0.266574
341 0.265741
342 0.26535
343 0.266631
344 0.26569
345 0.266674
346 0.265147
347 0.265508
348 0.266487
349 0.265457
350 0.264444
351 0.265385
352 0.265479
353 0.265208
354 0.266112
355 0.265787
356 0.264619
357 0.265398
358 0.265324
359 0.265209
360 0.265059
361 0.265075
362 0.265125
363 0.265573
364 0.26511
365 0.264351
366 0.264542
367 0.265104
368 0.265205
369 0.264307
370 0.264271
371 0.265323
372 0.265056
373 0.26445
374 0.264608
375 0.264044
376 0.264529
377 0.26365
378 0.263666
379 0.264708
380 0.264606
381 0.264033
382 0.264102
383 0.263994
384 0.263704
385 0.263553
386 0.264578
387 0.263359
388 0.263454
389 0.264267
390 0.263534
391 0.263513
392 0.263393
393 0.263659
394 0.263437
395 0.264182
396 0.263545
397 0.263629
398 0.263219
399 0.263395
400 0.263164
