1 0.300107
2 0.299384
3 0.299431
4 0.299507
5 0.300299
6 0.299426
7 0.300492
8 0.300195
9 0.300249
10 0.300283
11 0.300051
12 0.31844
13 0.325704
14 0.326356
15 0.329653
16 0.333258
17 0.33497
18 0.335658
19 0.338658
20 0.339606
21 0.339175
22 0.340279
23 0.351185
24 0.354155
25 0.35682
26 0.359902
27 0.362084
28 0.363539
29 0.365502
30 0.366318
31 0.367013
32 0.368043
33 0.368622
34 0.375178
35 0.376858
36 0.379265
37 0.381568
38 0.383307
39 0.384293
40 0.385318
41 0.386893
42 0.38765
43 0.389714
44 0.389914
45 0.393485
46 0.394899
47 0.396721
48 0.398516
49 0.400131
50 0.40122
51 0.403353
52 0.404228
53 0.404485
54 0.404956
55 0.406487
56 0.409364
57 0.410475
58 0.411365
59 0.412802
60 0.415418
61 0.416084
62 0.416305
63 0.417642
64 0.418549
65 0.419996
66 0.420513
67 0.422245
68 0.422632
69 0.424087
70 0.426017
71 0.427434
72 0.426873
73 0.427679
74 0.42973
75 0.430084
76 0.430475
77 0.431943
78 0.43217
79 0.433495
80 0.434613
81 0.434972
82 0.437022
83 0.437223
84 0.437678
85 0.438392
86 0.440236
87 0.441093
88 0.441301
89 0.442993
90 0.443277
91 0.444597
92 0.445168
93 0.446565
94 0.445676
95 0.44803
96 0.44785
97 0.448761
98 0.449186
99 0.449652
100 0.451003
101 0.451505
102 0.452447
103 0.453011
104 0.453578
105 0.455132
106 0.455742
107 0.457093
108 0.456194
109 0.456984
110 0.457121
111 0.458054
112 0.459547
113 0.459272
114 0.460557
115 0.461402
116 0.461625
117 0.462768
118 0.46228
119 0.463833
120 0.463917
121 0.464803
122 0.465363
123 0.465438
124 0.466294
125 0.467621
126 0.467929
127 0.468487
128 0.469091
129 0.468916
130 0.469588
131 0.470201
132 0.470508
133 0.471406
134 0.471302
135 0.472413
136 0.472573
137 0.473646
138 0.474312
139 0.474353
140 0.474539
141 0.474499
142 0.476156
143 0.477432
144 0.476954
145 0.476975
146 0.478102
147 0.47845
148 0.479947
149 0.480125
150 0.480175
151 0.479101
152 0.480359
153 0.48177
154 0.482303
155 0.48331
156 0.482407
157 0.48329
158 0.48371
159 0.483452
160 0.48505
161 0.484306
162 0.485764
163 0.485688
164 0.486538
165 0.486366
166 0.486717
167 0.488125
168 0.486795
169 0.487907
170 0.488623
171 0.4892
172 0.489833
173 0.490088
174 0.491075
175 0.49011
176 0.492179
177 0.491492
178 0.492149
179 0.492699
180 0.491455
181 0.493251
182 0.493796
183 0.4939
184 0.494261
185 0.493842
186 0.494689
187 0.49432
188 0.495356
189 0.496228
190 0.495258
191 0.497677
192 0.496817
193 0.497073
194 0.497817
195 0.497923
196 0.498126
197 0.499222
198 0.500216
199 0.499147
200 0.499613
201 0.500412
202 0.500333
203 0.500639
204 0.501782
205 0.501754
206 0.502076
207 0.502008
208 0.502148
209 0.503475
210 0.502647
211 0.503137
212 0.503798
213 0.504195
214 0.504498
215 0.505127
216 0.505799
217 0.504587
218 0.505391
219 0.505435
220 0.50586
221 0.505897
222 0.506311
223 0.507268
224 0.507974
225 0.506796
226 0.507305
227 0.507999
228 0.507671
229 0.508824
230 0.509265
231 0.508834
232 0.507962
233 0.509245
234 0.509861
235 0.509668
236 0.510634
237 0.511098
238 0.510065
239 0.511508
240 0.512108
241 0.511852
242 0.511717
243 0.511556
244 0.512204
245 0.512364
246 0.512425
247 0.512646
248 0.513159
249 0.51329
250 0.513116
251 0.513727
252 0.514081
253 0.513997
254 0.514278
255 0.51395
256 0.514633
257 0.515055
258 0.51463
259 0.515029
260 0.515784
261 0.516249
262 0.516307
263 0.516484
264 0.516187
265 0.516221
266 0.516797
267 0.516042
268 0.517572
269 0.517485
270 0.5171
271 0.517768
272 0.517544
273 0.518712
274 0.517988
275 0.51708
276 0.518782
277 0.518479
278 0.518503
279 0.51841
280 0.520227
281 0.519177
282 0.520115
283 0.51951
284 0.51931
285 0.520727
286 0.520507
287 0.520219
288 0.521079
289 0.520487
290 0.521171
291 0.520877
292 0.521507
293 0.521552
294 0.521885
295 0.522678
296 0.521918
297 0.52224
298 0.522143
299 0.521584
300 0.523987
301 0.522116
302 0.521982
303 0.522564
304 0.522822
305 0.523327
306 0.523408
307 0.523561
308 0.523323
309 0.524221
310 0.52432
311 0.524203
312 0.523969
313 0.52449
314 0.523746
315 0.523996
316 0.525392
317 0.524839
318 0.524658
319 0.524787
320 0.524822
321 0.525699
322 0.525209
323 0.525537
324 0.525604
325 0.526679
326 0.525094
327 0.526141
328 0.526325
329 0.525181
330 0.526089
331 0.526088
332 0.526152
333 0.526215
334 0.527398
335 0.526939
336 0.526721
337 0.526999
338 0.527051
339 0.52786
340 0.527292
341 0.527252
342 0.527567
343 0.527519
344 0.527668
345 0.528066
346 0.528474
347 0.52902
348 0.528443
349 0.529324
350 0.528511
351 0.52877
352 0.528723
353 0.52861
354 0.529624
355 0.528412
356 0.528797
357 0.52914
358 0.528769
359 0.52938
360 0.529274
361 0.530132
362 0.529794
363 0.528809
364 0.53006
365 0.530201
366 0.53128
367 0.530087
368 0.529886
369 0.530651
370 0.530296
371 0.530193
372 0.530491
373 0.531212
374 0.530742
375 0.530355
376 0.53162
377 0.530977
378 0.531577
379 0.531425
380 0.530732
381 0.531495
382 0.5314
383 0.531727
384 0.531567
385 0.531872
386 0.53269
387 0.531824
388 0.531476
389 0.532346
390 0.532316
391 0.532928
392 0.533088
393 0.533622
394 0.53267
395 0.532611
396 0.532818
397 0.532048
398 0.533235
399 0.533141
400 0.534352
