1 0.300107
2 0.300073
3 0.299838
4 0.300135
5 0.300157
6 0.299808
7 0.300058
8 0.300075
9 0.299946
10 0.300058
11 0.300013
12 0.301478
13 0.303517
14 0.305082
15 0.306811
16 0.308358
17 0.309991
18 0.311277
19 0.312648
20 0.314024
21 0.314953
22 0.316236
23 0.31772
24 0.319135
25 0.320666
26 0.322091
27 0.323631
28 0.324982
29 0.326379
30 0.327658
31 0.328839
32 0.330114
33 0.331121
34 0.332331
35 0.333487
36 0.334622
37 0.335615
38 0.33674
39 0.337938
40 0.339066
41 0.340282
42 0.341239
43 0.342335
44 0.34328
45 0.344308
46 0.345311
47 0.34625
48 0.347323
49 0.348267
50 0.349232
51 0.350095
52 0.351122
53 0.351958
54 0.352873
55 0.353703
56 0.354484
57 0.355388
58 0.356109
59 0.35705
60 0.357891
61 0.35875
62 0.359516
63 0.360364
64 0.361291
65 0.362005
66 0.362754
67 0.363465
68 0.364188
69 0.365011
70 0.36574
71 0.366595
72 0.367185
73 0.367981
74 0.36862
75 0.369396
76 0.369996
77 0.370672
78 0.371296
79 0.371966
80 0.372619
81 0.373368
82 0.374024
83 0.37464
84 0.375314
85 0.375927
86 0.376544
87 0.377155
88 0.377808
89 0.378407
90 0.379035
91 0.379558
92 0.38021
93 0.380766
94 0.381455
95 0.38195
96 0.382555
97 0.383128
98 0.383686
99 0.384233
100 0.384832
101 0.385236
102 0.385702
103 0.386367
104 0.386845
105 0.387282
106 0.387887
107 0.388502
108 0.388954
109 0.389407
110 0.38993
111 0.39054
112 0.390924
113 0.391393
114 0.391782
115 0.392349
116 0.392876
117 0.393468
118 0.393842
119 0.394473
120 0.394798
121 0.395289
122 0.395682
123 0.396178
124 0.3966
125 0.397145
126 0.397502
127 0.398016
128 0.398359
129 0.398803
130 0.399261
131 0.399802
132 0.400143
133 0.40055
134 0.400989
135 0.401417
136 0.401931
137 0.402242
138 0.402654
139 0.403009
140 0.403461
141 0.403886
142 0.404375
143 0.404676
144 0.40511
145 0.405499
146 0.405869
147 0.40622
148 0.40663
149 0.407045
150 0.407353
151 0.407732
152 0.408088
153 0.408542
154 0.408872
155 0.409242
156 0.409606
157 0.409998
158 0.410395
159 0.410577
160 0.411091
161 0.411384
162 0.41185
163 0.412239
164 0.412471
165 0.412879
166 0.413197
167 0.413608
168 0.413858
169 0.414268
170 0.414567
171 0.414933
172 0.415182
173 0.415595
174 0.415951
175 0.41622
176 0.416613
177 0.416837
178 0.417156
179 0.417563
180 0.417901
181 0.418163
182 0.418492
183 0.418825
184 0.419036
185 0.419444
186 0.419767
187 0.420053
188 0.420354
189 0.420618
190 0.420917
191 0.42123
192 0.421505
193 0.421814
194 0.422084
195 0.422467
196 0.422694
197 0.423079
198 0.423451
199 0.423676
200 0.423879
201 0.424259
202 0.424651
203 0.424847
204 0.425103
205 0.425468
206 0.425678
207 0.425856
208 0.426214
209 0.426469
210 0.426752
211 0.426994
212 0.427358
213 0.42754
214 0.427839
215 0.428134
216 0.428338
217 0.428651
218 0.429019
219 0.429236
220 0.429468
221 0.429726
222 0.430015
223 0.43037
224 0.430523
225 0.430786
226 0.431008
227 0.43132
228 0.431519
229 0.431787
230 0.432089
231 0.432291
232 0.432523
233 0.432847
234 0.433045
235 0.433309
236 0.433604
237 0.433767
238 0.43412
239 0.434449
240 0.434508
241 0.434821
242 0.435042
243 0.435265
244 0.435515
245 0.435772
246 0.435924
247 0.436283
248 0.436467
249 0.436771
250 0.436915
251 0.437158
252 0.437448
253 0.437614
254 0.437874
255 0.438163
256 0.438304
257 0.438503
258 0.438815
259 0.439058
260 0.439299
261 0.439433
262 0.439701
263 0.439895
264 0.440171
265 0.440313
266 0.440673
267 0.44082
268 0.441072
269 0.441202
270 0.441444
271 0.441711
272 0.441826
273 0.44215
274 0.442345
275 0.442622
276 0.442721
277 0.443033
278 0.443145
279 0.443238
280 0.443615
281 0.44384
282 0.44402
283 0.444265
284 0.444423
285 0.44479
286 0.444844
287 0.44508
288 0.445309
289 0.44543
290 0.445704
291 0.445863
292 0.446043
293 0.44631
294 0.446538
295 0.446586
296 0.446875
297 0.447005
298 0.447221
299 0.447343
300 0.447629
301 0.447768
302 0.448045
303 0.448164
304 0.44844
305 0.448583
306 0.448762
307 0.449032
308 0.449204
309 0.449396
310 0.449617
311 0.44972
312 0.449936
313 0.450126
314 0.450197
315 0.4505
316 0.450732
317 0.45086
318 0.451096
319 0.451216
320 0.451371
321 0.45158
322 0.451809
323 0.451983
324 0.452224
325 0.452259
326 0.45244
327 0.452672
328 0.452836
329 0.452992
330 0.453175
331 0.453349
332 0.453587
333 0.453821
334 0.45394
335 0.454065
336 0.454187
337 0.454398
338 0.454644
339 0.454796
340 0.454999
341 0.455106
342 0.455218
343 0.455453
344 0.455615
345 0.455893
346 0.455891
347 0.456069
348 0.456275
349 0.456507
350 0.45657
351 0.456762
352 0.456903
353 0.457113
354 0.457277
355 0.457417
356 0.457605
357 0.457734
358 0.457929
359 0.458112
360 0.458269
361 0.458386
362 0.458556
363 0.458638
364 0.458881
365 0.459082
366 0.45921
367 0.459353
368 0.459471
369 0.459632
370 0.459842
371 0.460007
372 0.460108
373 0.460243
374 0.460422
375 0.460527
376 0.460751
377 0.460857
378 0.461002
379 0.461222
380 0.461318
381 0.461478
382 0.461563
383 0.461813
384 0.46187
385 0.462017
386 0.46227
387 0.462391
388 0.462604
389 0.462651
390 0.46277
391 0.462895
392 0.46315
393 0.463193
394 0.463428
395 0.463518
396 0.463631
397 0.463839
398 0.463974
399 0.464084
400 0.464291
