1 0.500324
2 0.5
3 0.524337
4 0.541171
5 0.554612
6 0.566776
7 0.576244
8 0.58422
9 0.590764
10 0.597182
11 0.602667
12 0.607182
13 0.611117
14 0.615631
15 0.619374
16 0.622627
17 0.625741
18 0.628486
19 0.631439
20 0.634769
21 0.637523
22 0.639997
23 0.642221
24 0.644568
25 0.646883
26 0.64889
27 0.650964
28 0.653223
29 0.655368
30 0.65761
31 0.659617
32 0.661473
33 0.663271
34 0.665189
35 0.666952
36 0.668803
37 0.67044
38 0.672116
39 0.673664
40 0.675229
41 0.676861
42 0.67835
43 0.679776
44 0.681347
45 0.682706
46 0.684164
47 0.68555
48 0.686999
49 0.688328
50 0.689658
51 0.690968
52 0.692167
53 0.693439
54 0.694735
55 0.695914
56 0.697103
57 0.69819
58 0.699464
59 0.700631
60 0.70165
61 0.702755
62 0.70381
63 0.704877
64 0.706003
65 0.706984
66 0.70801
67 0.709024
68 0.710019
69 0.710965
70 0.711912
71 0.712895
72 0.71385
73 0.714832
74 0.715575
75 0.716518
76 0.717431
77 0.718274
78 0.719099
79 0.719977
80 0.720799
81 0.721616
82 0.722494
83 0.723248
84 0.72412
85 0.724951
86 0.725597
87 0.726369
88 0.727189
89 0.72784
90 0.728671
91 0.72933
92 0.730108
93 0.730762
94 0.731534
95 0.732208
96 0.732921
97 0.73358
98 0.734313
99 0.734948
100 0.735685
101 0.736352
102 0.737028
103 0.737523
104 0.738188
105 0.738781
106 0.739524
107 0.740131
108 0.740773
109 0.74136
110 0.741926
111 0.742543
112 0.743127
113 0.743705
114 0.744339
115 0.744864
116 0.745449
117 0.745934
118 0.746569
119 0.747081
120 0.747626
121 0.748215
122 0.748711
123 0.749308
124 0.749809
125 0.750383
126 0.750889
127 0.751445
128 0.751908
129 0.752339
130 0.752867
131 0.753397
132 0.753886
133 0.75442
134 0.754939
135 0.755397
136 0.755885
137 0.75641
138 0.75686
139 0.757347
140 0.757778
141 0.758245
142 0.758735
143 0.759186
144 0.759631
145 0.760088
146 0.760464
147 0.761006
148 0.761411
149 0.761868
150 0.762301
151 0.762701
152 0.763162
153 0.76358
154 0.763975
155 0.764408
156 0.764824
157 0.765226
158 0.76568
159 0.766053
160 0.766466
161 0.766862
162 0.767315
163 0.767683
164 0.768119
165 0.76848
166 0.76887
167 0.769289
168 0.769702
169 0.770096
170 0.770508
171 0.770701
172 0.771108
173 0.771499
174 0.771888
175 0.772268
176 0.772651
177 0.773039
178 0.773344
179 0.773761
180 0.7741
181 0.7745
182 0.774822
183 0.775174
184 0.775539
185 0.77588
186 0.776168
187 0.7766
188 0.776914
189 0.777242
190 0.777596
191 0.777943
192 0.778265
193 0.778571
194 0.778905
195 0.779178
196 0.779573
197 0.77987
198 0.780198
199 0.780551
200 0.780859
201 0.781174
202 0.781486
203 0.781791
204 0.782073
205 0.782549
206 0.782769
207 0.783059
208 0.783364
209 0.783685
210 0.78394
211 0.78425
212 0.784586
213 0.784884
214 0.78516
215 0.785442
216 0.785765
217 0.786035
218 0.786347
219 0.786641
220 0.786876
221 0.787171
222 0.787461
223 0.787755
224 0.788031
225 0.788304
226 0.788578
227 0.788828
228 0.789183
229 0.789427
230 0.789695
231 0.789954
232 0.790238
233 0.790475
234 0.790731
235 0.791004
236 0.791273
237 0.79159
238 0.791834
239 0.792089
240 0.792358
241 0.792689
242 0.792887
243 0.793158
244 0.793417
245 0.793653
246 0.793937
247 0.794176
248 0.794427
249 0.794686
250 0.794951
251 0.795198
252 0.795451
253 0.795718
254 0.795969
255 0.79623
256 0.796378
257 0.79652
258 0.796775
259 0.797036
260 0.797275
261 0.797515
262 0.797775
263 0.798005
264 0.798239
265 0.79848
266 0.798731
267 0.798933
268 0.7992
269 0.799417
270 0.799653
271 0.799887
272 0.800098
273 0.800264
274 0.800564
275 0.800785
276 0.800992
277 0.801224
278 0.801434
279 0.801641
280 0.801912
281 0.802119
282 0.802336
283 0.802555
284 0.802778
285 0.802965
286 0.803191
287 0.80341
288 0.803611
289 0.803822
290 0.804033
291 0.804221
292 0.8044
293 0.804713
294 0.804877
295 0.805068
296 0.805273
297 0.805468
298 0.805685
299 0.805863
300 0.806078
301 0.806258
302 0.806479
303 0.806675
304 0.806883
305 0.807066
306 0.80728
307 0.807485
308 0.807633
309 0.807828
310 0.808025
311 0.808223
312 0.808428
313 0.808605
314 0.808794
315 0.808929
316 0.809203
317 0.809378
318 0.809574
319 0.809768
320 0.80994
321 0.810117
322 0.810308
323 0.810483
324 0.810697
325 0.810876
326 0.811045
327 0.81124
328 0.811434
329 0.811616
330 0.811776
331 0.811978
332 0.812131
333 0.812312
334 0.812494
335 0.812674
336 0.81285
337 0.813014
338 0.813189
339 0.813359
340 0.813506
341 0.813607
342 0.814018
343 0.814143
344 0.814295
345 0.814462
346 0.814619
347 0.814785
348 0.814959
349 0.815131
350 0.815296
351 0.815446
352 0.815627
353 0.815778
354 0.815972
355 0.816129
356 0.816272
357 0.816467
358 0.816636
359 0.816773
360 0.816945
361 0.817096
362 0.817288
363 0.817444
364 0.817598
365 0.817782
366 0.81791
367 0.818075
368 0.818239
369 0.818398
370 0.81855
371 0.818703
372 0.818837
373 0.819063
374 0.819208
375 0.819365
376 0.819502
377 0.819655
378 0.81982
379 0.819969
380 0.820129
381 0.820271
382 0.820445
383 0.820605
384 0.820727
385 0.820846
386 0.821003
387 0.821159
388 0.82131
389 0.821465
390 0.821585
391 0.821778
392 0.82191
393 0.822057
394 0.822238
395 0.822365
396 0.822507
397 0.822658
398 0.822812
399 0.82294
400 0.823086
