1 0.500061
2 0.499682
3 0.499545
4 0.50005
5 0.499131
6 0.500133
7 0.500645
8 0.500719
9 0.499761
10 0.498781
11 0.499416
12 0.516366
13 0.516235
14 0.5234
15 0.522925
16 0.527124
17 0.527763
18 0.530893
19 0.530871
20 0.532571
21 0.533239
22 0.535408
23 0.540924
24 0.543924
25 0.546831
26 0.549341
27 0.550086
28 0.551363
29 0.55399
30 0.554588
31 0.556598
32 0.556955
33 0.558524
34 0.559251
35 0.560606
36 0.562756
37 0.563736
38 0.564362
39 0.566794
40 0.567077
41 0.567854
42 0.568983
43 0.57
44 0.570292
45 0.571117
46 0.571153
47 0.572437
48 0.573637
49 0.57431
50 0.574617
51 0.575015
52 0.575973
53 0.575383
54 0.57712
55 0.577224
56 0.577109
57 0.577491
58 0.579312
59 0.579637
60 0.579275
61 0.580236
62 0.580773
63 0.580516
64 0.581053
65 0.581398
66 0.581943
67 0.582941
68 0.582524
69 0.582259
70 0.583291
71 0.58354
72 0.583369
73 0.584355
74 0.584587
75 0.584474
76 0.585736
77 0.584915
78 0.586263
79 0.585519
80 0.586296
81 0.585921
82 0.586429
83 0.5869
84 0.586486
85 0.587599
86 0.586954
87 0.588004
88 0.587677
89 0.588289
90 0.588658
91 0.587796
92 0.588676
93 0.589045
94 0.587916
95 0.589275
96 0.589445
97 0.589431
98 0.590145
99 0.589441
100 0.589441
101 0.590085
102 0.590002
103 0.590184
104 0.590217
105 0.591051
106 0.590733
107 0.59141
108 0.59131
109 0.590962
110 0.591151
111 0.592325
112 0.591844
113 0.592491
114 0.591729
115 0.592371
116 0.592035
117 0.592473
118 0.59232
119 0.59189
120 0.593487
121 0.592292
122 0.593589
123 0.593025
124 0.592934
125 0.592844
126 0.593245
127 0.594076
128 0.593313
129 0.593972
130 0.592774
131 0.594154
132 0.593061
133 0.594115
134 0.594066
135 0.595176
136 0.595177
137 0.595193
138 0.594509
139 0.594099
140 0.594172
141 0.594367
142 0.595175
143 0.59508
144 0.594946
145 0.596669
146 0.594284
147 0.594892
148 0.594773
149 0.595469
150 0.595122
151 0.595617
152 0.596854
153 0.595359
154 0.595874
155 0.596973
156 0.595623
157 0.596407
158 0.596127
159 0.595509
160 0.59591
161 0.596194
162 0.597248
163 0.596529
164 0.595628
165 0.596542
166 0.596137
167 0.596936
168 0.597075
169 0.596921
170 0.596924
171 0.597412
172 0.595957
173 0.596803
174 0.597626
175 0.597883
176 0.598002
177 0.597449
178 0.597623
179 0.597087
180 0.596297
181 0.596663
182 0.597677
183 0.597562
184 0.597771
185 0.597161
186 0.597928
187 0.597878
188 0.598044
189 0.597443
190 0.597541
191 0.598432
192 0.598381
193 0.596791
194 0.597862
195 0.598963
196 0.598385
197 0.598787
198 0.598294
199 0.598398
200 0.598302
201 0.598473
202 0.598879
203 0.598795
204 0.599225
205 0.599048
206 0.598409
207 0.598812
208 0.5988
209 0.599016
210 0.59928
211 0.599687
212 0.597922
213 0.599035
214 0.599843
215 0.599322
216 0.599365
217 0.599469
218 0.599501
219 0.598486
220 0.599609
221 0.598813
222 0.599314
223 0.599505
224 0.599209
225 0.599384
226 0.599731
227 0.599335
228 0.59942
229 0.599689
230 0.600044
231 0.600178
232 0.599057
233 0.598938
234 0.600369
235 0.599486
236 0.599588
237 0.600028
238 0.60031
239 0.600004
240 0.600511
241 0.599711
242 0.600046
243 0.599526
244 0.60018
245 0.600884
246 0.601049
247 0.600635
248 0.600211
249 0.600374
250 0.599954
251 0.600627
252 0.600442
253 0.601126
254 0.600268
255 0.600332
256 0.600353
257 0.60145
258 0.600917
259 0.601045
260 0.600402
261 0.599686
262 0.600188
263 0.601071
264 0.600531
265 0.599957
266 0.600674
267 0.601323
268 0.601494
269 0.601141
270 0.602266
271 0.600647
272 0.600579
273 0.600729
274 0.601331
275 0.600095
276 0.600764
277 0.601037
278 0.602178
279 0.601426
280 0.600994
281 0.601211
282 0.601684
283 0.601328
284 0.600883
285 0.6018
286 0.601803
287 0.601681
288 0.601526
289 0.601701
290 0.601448
291 0.601187
292 0.6014
293 0.602215
294 0.601067
295 0.602284
296 0.601199
297 0.601862
298 0.601867
299 0.60124
300 0.602067
301 0.601325
302 0.601517
303 0.602426
304 0.602077
305 0.60126
306 0.601943
307 0.601945
308 0.602044
309 0.602337
310 0.600872
311 0.602654
312 0.601799
313 0.602372
314 0.602176
315 0.601433
316 0.601981
317 0.601973
318 0.602229
319 0.601633
320 0.602335
321 0.601448
322 0.6024
323 0.602045
324 0.602667
325 0.602076
326 0.602298
327 0.602259
328 0.601963
329 0.60157
330 0.602851
331 0.602807
332 0.6018
333 0.601815
334 0.602067
335 0.601975
336 0.602709
337 0.602711
338 0.602566
339 0.602312
340 0.602043
341 0.60169
342 0.602982
343 0.602454
344 0.602227
345 0.602383
346 0.602643
347 0.602126
348 0.602539
349 0.602618
350 0.602653
351 0.602774
352 0.603048
353 0.602811
354 0.602905
355 0.603275
356 0.603119
357 0.602717
358 0.602309
359 0.603181
360 0.602845
361 0.603221
362 0.602878
363 0.602772
364 0.602347
365 0.602734
366 0.601596
367 0.602309
368 0.602601
369 0.602942
370 0.603285
371 0.602178
372 0.601951
373 0.602897
374 0.603071
375 0.602713
376 0.602677
377 0.603536
378 0.604033
379 0.602454
380 0.604175
381 0.60401
382 0.602932
383 0.602871
384 0.603434
385 0.602622
386 0.603681
387 0.602403
388 0.602953
389 0.6039
390 0.603295
391 0.602988
392 0.602941
393 0.603577
394 0.603324
395 0.602711
396 0.603886
397 0.604089
398 0.603419
399 0.602261
400 0.603674
