1 0.333506
2 0.333506
3 0.333506
4 0.333506
5 0.333506
6 0.333506
7 0.333506
8 0.333506
9 0.333506
10 0.333506
11 0.333506
12 0.388082
13 0.386471
14 0.411563
15 0.408694
16 0.426578
17 0.423746
18 0.438417
19 0.434346
20 0.446228
21 0.442391
22 0.452294
23 0.475478
24 0.489702
25 0.499224
26 0.507723
27 0.515649
28 0.520829
29 0.527542
30 0.532673
31 0.537744
32 0.542552
33 0.546775
34 0.553119
35 0.561694
36 0.568942
37 0.573846
38 0.57827
39 0.583743
40 0.588757
41 0.592577
42 0.597686
43 0.600966
44 0.605111
45 0.609683
46 0.613387
47 0.617116
48 0.620383
49 0.624333
50 0.627254
51 0.630294
52 0.634021
53 0.637345
54 0.639036
55 0.641976
56 0.644809
57 0.647856
58 0.650432
59 0.652026
60 0.655039
61 0.657539
62 0.659756
63 0.662828
64 0.665122
65 0.666565
66 0.66882
67 0.670797
68 0.673121
69 0.674551
70 0.676813
71 0.678299
72 0.679784
73 0.682407
74 0.683926
75 0.686182
76 0.6868
77 0.689144
78 0.690481
79 0.692563
80 0.693566
81 0.695948
82 0.697035
83 0.697789
84 0.700457
85 0.700877
86 0.702617
87 0.703678
88 0.704451
89 0.706641
90 0.708763
91 0.709189
92 0.710081
93 0.711747
94 0.712935
95 0.714784
96 0.716082
97 0.716694
98 0.718224
99 0.718573
100 0.719843
101 0.721149
102 0.72272
103 0.723332
104 0.724228
105 0.725322
106 0.726354
107 0.727905
108 0.728594
109 0.730039
110 0.730673
111 0.732081
112 0.732413
113 0.733204
114 0.734769
115 0.735168
116 0.73653
117 0.736596
118 0.737879
119 0.739144
120 0.739792
121 0.740774
122 0.741463
123 0.74194
124 0.742555
125 0.743486
126 0.745067
127 0.746353
128 0.745825
129 0.747568
130 0.748119
131 0.749224
132 0.749839
133 0.750979
134 0.750104
135 0.751977
136 0.752636
137 0.753305
138 0.753669
139 0.754102
140 0.754936
141 0.755973
142 0.75656
143 0.757144
144 0.757674
145 0.758087
146 0.759777
147 0.75994
148 0.760343
149 0.760796
150 0.761857
151 0.762004
152 0.763358
153 0.763778
154 0.764052
155 0.764603
156 0.765386
157 0.766147
158 0.766071
159 0.767526
160 0.767793
161 0.768721
162 0.769399
163 0.76964
164 0.770095
165 0.770436
166 0.771676
167 0.771758
168 0.772506
169 0.772319
170 0.773133
171 0.773621
172 0.774129
173 0.774682
174 0.776164
175 0.775931
176 0.776532
177 0.777316
178 0.777074
179 0.777448
180 0.777764
181 0.779184
182 0.779358
183 0.779618
184 0.780023
185 0.780369
186 0.781161
187 0.781876
188 0.782373
189 0.781868
190 0.782333
191 0.784006
192 0.784041
193 0.784508
194 0.784451
195 0.784272
196 0.785667
197 0.786235
198 0.786657
199 0.786654
200 0.787336
201 0.787343
202 0.787843
203 0.788689
204 0.788796
205 0.789515
206 0.790107
207 0.789928
208 0.789754
209 0.790909
210 0.791279
211 0.792023
212 0.791887
213 0.792114
214 0.79393
215 0.793078
216 0.793388
217 0.793696
218 0.794416
219 0.795286
220 0.795144
221 0.795848
222 0.795228
223 0.796075
224 0.797319
225 0.796987
226 0.797595
227 0.797443
228 0.798182
229 0.798082
230 0.798819
231 0.798814
232 0.798775
233 0.799132
234 0.799804
235 0.800479
236 0.80093
237 0.800762
238 0.801085
239 0.801398
240 0.801347
241 0.802018
242 0.803113
243 0.802641
244 0.80334
245 0.8033
246 0.803979
247 0.803903
248 0.804271
249 0.805012
250 0.805329
251 0.805224
252 0.805123
253 0.805667
254 0.806327
255 0.806734
256 0.807193
257 0.807639
258 0.807109
259 0.807573
260 0.807639
261 0.808154
262 0.80899
263 0.808945
264 0.809301
265 0.809826
266 0.809642
267 0.809617
268 0.809856
269 0.810114
270 0.810843
271 0.811618
272 0.810924
273 0.81199
274 0.812164
275 0.811361
276 0.811838
277 0.812854
278 0.812565
279 0.813704
280 0.813004
281 0.813758
282 0.813632
283 0.813861
284 0.814225
285 0.814734
286 0.815234
287 0.815406
288 0.816458
289 0.816038
290 0.816149
291 0.816387
292 0.816507
293 0.817018
294 0.817245
295 0.817737
296 0.818095
297 0.817767
298 0.818174
299 0.818467
300 0.81849
301 0.818692
302 0.819118
303 0.819742
304 0.819877
305 0.819866
306 0.819639
307 0.820168
308 0.820167
309 0.821122
310 0.820745
311 0.821146
312 0.821251
313 0.821673
314 0.822119
315 0.822298
316 0.8228
317 0.82245
318 0.822322
319 0.822318
320 0.823044
321 0.823114
322 0.823264
323 0.823723
324 0.823826
325 0.82417
326 0.824022
327 0.823924
328 0.82436
329 0.825304
330 0.824941
331 0.825194
332 0.825306
333 0.825529
334 0.825881
335 0.826376
336 0.826001
337 0.826913
338 0.827101
339 0.826759
340 0.826865
341 0.827616
342 0.827517
343 0.827464
344 0.828015
345 0.828396
346 0.828799
347 0.828981
348 0.829064
349 0.829538
350 0.829234
351 0.829605
352 0.829558
353 0.830217
354 0.829713
355 0.829732
356 0.830745
357 0.830203
358 0.830636
359 0.831412
360 0.830848
361 0.830737
362 0.831745
363 0.831822
364 0.831535
365 0.831968
366 0.832262
367 0.832008
368 0.83266
369 0.832494
370 0.832681
371 0.833129
372 0.833642
373 0.833533
374 0.834131
375 0.834282
376 0.83394
377 0.834081
378 0.834362
379 0.834234
380 0.834693
381 0.834822
382 0.834741
383 0.834688
384 0.835244
385 0.835092
386 0.834954
387 0.836057
388 0.83597
389 0.836581
390 0.836369
391 0.836016
392 0.836544
393 0.836654
394 0.83695
395 0.836376
396 0.837062
397 0.8377
398 0.837179
399 0.837777
400 0.837748
