1 0.333506
2 0.333506
3 0.333506
4 0.333506
5 0.333506
6 0.333506
7 0.333506
8 0.333506
9 0.333506
10 0.333506
11 0.333506
12 0.338049
13 0.341825
14 0.347003
15 0.351229
16 0.356231
17 0.360222
18 0.365103
19 0.368556
20 0.372859
21 0.376114
22 0.379829
23 0.383938
24 0.388964
25 0.39288
26 0.397467
27 0.402064
28 0.406429
29 0.410869
30 0.414751
31 0.419
32 0.422718
33 0.426469
34 0.43004
35 0.433596
36 0.437597
37 0.440863
38 0.444295
39 0.448064
40 0.451781
41 0.455034
42 0.458573
43 0.461265
44 0.464803
45 0.467602
46 0.470777
47 0.473556
48 0.476613
49 0.479844
50 0.482952
51 0.485467
52 0.488469
53 0.491397
54 0.493632
55 0.496211
56 0.498671
57 0.501307
58 0.503742
59 0.506244
60 0.508602
61 0.511073
62 0.513278
63 0.515818
64 0.518382
65 0.51997
66 0.522642
67 0.524464
68 0.526803
69 0.528546
70 0.530745
71 0.532556
72 0.53445
73 0.536608
74 0.538587
75 0.540722
76 0.541879
77 0.544149
78 0.546023
79 0.54806
80 0.549235
81 0.551752
82 0.553017
83 0.554728
84 0.556554
85 0.557518
86 0.559456
87 0.561177
88 0.562451
89 0.564014
90 0.566168
91 0.567094
92 0.56869
93 0.570431
94 0.571808
95 0.573385
96 0.575121
97 0.576238
98 0.577879
99 0.578908
100 0.58034
101 0.581576
102 0.583438
103 0.58425
104 0.585119
105 0.586616
106 0.587864
107 0.589402
108 0.590694
109 0.592135
110 0.593319
111 0.594419
112 0.595629
113 0.596362
114 0.597957
115 0.598975
116 0.600233
117 0.600922
118 0.602194
119 0.603687
120 0.604359
121 0.605882
122 0.606978
123 0.607533
124 0.608448
125 0.609954
126 0.610925
127 0.61233
128 0.612647
129 0.614117
130 0.61482
131 0.616454
132 0.617227
133 0.618198
134 0.618577
135 0.619997
136 0.620915
137 0.621602
138 0.622643
139 0.623381
140 0.624417
141 0.62566
142 0.62613
143 0.626962
144 0.62788
145 0.628815
146 0.630105
147 0.630379
148 0.631521
149 0.632029
150 0.632993
151 0.633591
152 0.635084
153 0.63567
154 0.636397
155 0.637061
156 0.638062
157 0.63899
158 0.639423
159 0.640581
160 0.641183
161 0.64216
162 0.642857
163 0.643599
164 0.644242
165 0.644971
166 0.645913
167 0.646468
168 0.647371
169 0.647535
170 0.648508
171 0.648993
172 0.649924
173 0.650851
174 0.651876
175 0.652203
176 0.652862
177 0.653589
178 0.654098
179 0.654473
180 0.655168
181 0.656361
182 0.65687
183 0.657133
184 0.658108
185 0.658669
186 0.659225
187 0.660141
188 0.660857
189 0.660952
190 0.661589
191 0.6631
192 0.663236
193 0.663975
194 0.664206
195 0.664365
196 0.665772
197 0.666159
198 0.667176
199 0.667166
200 0.667819
201 0.668016
202 0.66902
203 0.669591
204 0.670017
205 0.670915
206 0.671328
207 0.671655
208 0.671975
209 0.673179
210 0.673428
211 0.674361
212 0.674638
213 0.674942
214 0.676265
215 0.676232
216 0.67626
217 0.677103
218 0.677787
219 0.678637
220 0.678778
221 0.67966
222 0.679545
223 0.680525
224 0.6814
225 0.681617
226 0.682113
227 0.682349
228 0.682988
229 0.68324
230 0.683788
231 0.684283
232 0.684373
233 0.684913
234 0.685801
235 0.686322
236 0.686798
237 0.686956
238 0.687604
239 0.687731
240 0.688201
241 0.688876
242 0.690043
243 0.689908
244 0.690469
245 0.690632
246 0.691224
247 0.69148
248 0.692173
249 0.693149
250 0.692857
251 0.69355
252 0.693655
253 0.69422
254 0.694898
255 0.695608
256 0.695878
257 0.696267
258 0.696126
259 0.696923
260 0.697322
261 0.697756
262 0.698518
263 0.698546
264 0.699076
265 0.699821
266 0.699697
267 0.700055
268 0.700469
269 0.700805
270 0.701453
271 0.702168
272 0.701723
273 0.702811
274 0.703138
275 0.702865
276 0.703331
277 0.704099
278 0.704134
279 0.704965
280 0.704844
281 0.705561
282 0.705857
283 0.706248
284 0.706538
285 0.707357
286 0.707698
287 0.707883
288 0.709088
289 0.708697
290 0.709008
291 0.709412
292 0.709616
293 0.710371
294 0.710579
295 0.711027
296 0.711407
297 0.711391
298 0.711906
299 0.712313
300 0.712526
301 0.712835
302 0.71341
303 0.713896
304 0.714043
305 0.714232
306 0.714582
307 0.715031
308 0.714913
309 0.715944
310 0.715953
311 0.716459
312 0.716465
313 0.717122
314 0.717635
315 0.717607
316 0.718279
317 0.717985
318 0.718302
319 0.7189
320 0.719188
321 0.719414
322 0.719712
323 0.720108
324 0.720625
325 0.720777
326 0.720904
327 0.721103
328 0.721618
329 0.722336
330 0.722076
331 0.72266
332 0.722729
333 0.723066
334 0.723478
335 0.724008
336 0.723762
337 0.724556
338 0.724973
339 0.725071
340 0.725252
341 0.725797
342 0.726087
343 0.726113
344 0.726856
345 0.727116
346 0.727481
347 0.727799
348 0.72783
349 0.728369
350 0.728115
351 0.728858
352 0.728704
353 0.729569
354 0.729342
355 0.729144
356 0.7302
357 0.73005
358 0.730603
359 0.731313
360 0.730823
361 0.731199
362 0.731841
363 0.731967
364 0.732112
365 0.732598
366 0.732752
367 0.733018
368 0.733483
369 0.733202
370 0.73367
371 0.734087
372 0.734517
373 0.73499
374 0.73511
375 0.735507
376 0.735417
377 0.735672
378 0.735896
379 0.73595
380 0.736488
381 0.73674
382 0.736751
383 0.736926
384 0.737342
385 0.737612
386 0.737352
387 0.738153
388 0.738324
389 0.739219
390 0.738937
391 0.738726
392 0.739109
393 0.739539
394 0.739904
395 0.740028
396 0.740332
397 0.741025
398 0.740783
399 0.741102
400 0.741166
