1 0.500061
2 0.499933
3 0.500195
4 0.500175
5 0.499981
6 0.500081
7 0.500187
8 0.500044
9 0.499943
10 0.500032
11 0.499951
12 0.501385
13 0.502531
14 0.504059
15 0.50535
16 0.506657
17 0.507907
18 0.509372
19 0.51052
20 0.511622
21 0.512726
22 0.513758
23 0.514849
24 0.516106
25 0.517342
26 0.518597
27 0.519733
28 0.520841
29 0.522017
30 0.523164
31 0.524154
32 0.525072
33 0.526094
34 0.527005
35 0.527742
36 0.528654
37 0.529536
38 0.530362
39 0.531321
40 0.532223
41 0.533016
42 0.533799
43 0.534499
44 0.535348
45 0.536014
46 0.536793
47 0.53747
48 0.538209
49 0.538906
50 0.539605
51 0.540226
52 0.540904
53 0.541587
54 0.542204
55 0.542745
56 0.54329
57 0.543811
58 0.54443
59 0.545017
60 0.545532
61 0.54616
62 0.546622
63 0.547127
64 0.547618
65 0.548087
66 0.548613
67 0.549033
68 0.549536
69 0.549913
70 0.55035
71 0.550811
72 0.551288
73 0.551735
74 0.552078
75 0.552552
76 0.552858
77 0.553318
78 0.553767
79 0.554175
80 0.554495
81 0.554931
82 0.555246
83 0.555647
84 0.555892
85 0.556142
86 0.556607
87 0.55692
88 0.55725
89 0.557521
90 0.557967
91 0.558208
92 0.558485
93 0.558834
94 0.559084
95 0.559388
96 0.559733
97 0.560027
98 0.560282
99 0.560575
100 0.560839
101 0.561107
102 0.561292
103 0.561616
104 0.561825
105 0.56209
106 0.562357
107 0.562696
108 0.562901
109 0.563147
110 0.563425
111 0.563583
112 0.563889
113 0.564086
114 0.564333
115 0.564569
116 0.564753
117 0.565006
118 0.565175
119 0.565486
120 0.565607
121 0.565891
122 0.566118
123 0.566236
124 0.566393
125 0.566671
126 0.566831
127 0.567106
128 0.56721
129 0.567422
130 0.567613
131 0.567896
132 0.568046
133 0.568189
134 0.568388
135 0.568567
136 0.568755
137 0.568912
138 0.569103
139 0.56926
140 0.569425
141 0.5696
142 0.5697
143 0.5699
144 0.570085
145 0.570211
146 0.570424
147 0.57056
148 0.570687
149 0.570831
150 0.571056
151 0.571144
152 0.571345
153 0.571455
154 0.571566
155 0.571788
156 0.571901
157 0.572064
158 0.572182
159 0.57233
160 0.57244
161 0.572638
162 0.572775
163 0.572898
164 0.573088
165 0.573153
166 0.573338
167 0.573433
168 0.573607
169 0.573668
170 0.573702
171 0.573851
172 0.574063
173 0.574236
174 0.574354
175 0.574406
176 0.574586
177 0.574699
178 0.574824
179 0.574871
180 0.575011
181 0.575198
182 0.575304
183 0.575381
184 0.575503
185 0.575581
186 0.575742
187 0.575838
188 0.57596
189 0.576054
190 0.576155
191 0.576336
192 0.576392
193 0.576501
194 0.576581
195 0.576634
196 0.576806
197 0.576882
198 0.577018
199 0.577053
200 0.577186
201 0.577283
202 0.577408
203 0.577458
204 0.577585
205 0.577655
206 0.577753
207 0.577848
208 0.577952
209 0.578065
210 0.578164
211 0.578268
212 0.578353
213 0.578385
214 0.578538
215 0.578606
216 0.578658
217 0.578752
218 0.578865
219 0.578942
220 0.579021
221 0.579129
222 0.579203
223 0.579295
224 0.579376
225 0.57947
226 0.579513
227 0.579611
228 0.579713
229 0.579812
230 0.579844
231 0.579939
232 0.580002
233 0.580078
234 0.580184
235 0.580263
236 0.580338
237 0.580406
238 0.580486
239 0.580488
240 0.580651
241 0.580717
242 0.580828
243 0.580869
244 0.580941
245 0.580999
246 0.581088
247 0.581149
248 0.581227
249 0.58136
250 0.581344
251 0.581416
252 0.581504
253 0.581619
254 0.581648
255 0.581687
256 0.581855
257 0.581942
258 0.581931
259 0.581976
260 0.582078
261 0.582122
262 0.582206
263 0.582247
264 0.582335
265 0.582443
266 0.582412
267 0.582493
268 0.582612
269 0.582655
270 0.582697
271 0.582819
272 0.582793
273 0.58292
274 0.583008
275 0.582992
276 0.583055
277 0.583134
278 0.583179
279 0.583253
280 0.583262
281 0.583387
282 0.58343
283 0.583473
284 0.583531
285 0.583635
286 0.583687
287 0.583708
288 0.583846
289 0.583811
290 0.583903
291 0.583962
292 0.58401
293 0.584102
294 0.584106
295 0.584158
296 0.584264
297 0.58426
298 0.58433
299 0.584392
300 0.584424
301 0.584496
302 0.584556
303 0.584617
304 0.584628
305 0.584686
306 0.584723
307 0.58482
308 0.584822
309 0.584949
310 0.584924
311 0.585034
312 0.585051
313 0.585118
314 0.5852
315 0.585209
316 0.585222
317 0.585263
318 0.585347
319 0.585414
320 0.585434
321 0.585461
322 0.585547
323 0.585576
324 0.585659
325 0.585668
326 0.585678
327 0.585739
328 0.58581
329 0.585868
330 0.585899
331 0.585988
332 0.585964
333 0.586052
334 0.58612
335 0.586186
336 0.586158
337 0.586224
338 0.586298
339 0.586342
340 0.586387
341 0.586467
342 0.586485
343 0.5865
344 0.586576
345 0.586614
346 0.586647
347 0.586708
348 0.58673
349 0.58678
350 0.586794
351 0.586877
352 0.586873
353 0.586969
354 0.586966
355 0.586981
356 0.58709
357 0.587098
358 0.587141
359 0.587219
360 0.587184
361 0.587265
362 0.587326
363 0.587367
364 0.58738
365 0.587437
366 0.587451
367 0.587509
368 0.58755
369 0.587565
370 0.587575
371 0.587653
372 0.58768
373 0.587736
374 0.587782
375 0.587841
376 0.587872
377 0.587852
378 0.587912
379 0.587922
380 0.588011
381 0.588029
382 0.588052
383 0.588079
384 0.588104
385 0.588189
386 0.588184
387 0.588248
388 0.588239
389 0.588362
390 0.588352
391 0.588335
392 0.588407
393 0.588435
394 0.588458
395 0.588543
396 0.588533
397 0.588616
398 0.588604
399 0.588638
400 0.588674
