1 0.06644
2 0.066425
3 0.0666225
4 0.066563
5 0.0665618
6 0.0665025
7 0.0665709
8 0.0665772
9 0.0665909
10 0.0666579
11 0.0666498
12 0.0666547
13 0.0666538
14 0.0666777
15 0.0666546
16 0.0666606
17 0.066674
18 0.0666705
19 0.0666601
20 0.0666784
21 0.0666539
22 0.0666492
23 0.0666468
24 0.0666709
25 0.0666854
26 0.0666636
27 0.0674724
28 0.068683
29 0.0699418
30 0.0712956
31 0.0725745
32 0.0738164
33 0.0749622
34 0.0761089
35 0.0771625
36 0.0782044
37 0.0791278
38 0.0800617
39 0.0808853
40 0.0817163
41 0.0824966
42 0.083213
43 0.0839317
44 0.0845544
45 0.0851973
46 0.0858046
47 0.0863918
48 0.0869844
49 0.0875289
50 0.0881028
51 0.0886403
52 0.0891842
53 0.0897004
54 0.0902168
55 0.0907081
56 0.0912026
57 0.091718
58 0.0921753
59 0.092672
60 0.0931538
61 0.0935796
62 0.0940334
63 0.0944767
64 0.0949272
65 0.0953416
66 0.0957581
67 0.0961708
68 0.0965515
69 0.0969709
70 0.0973608
71 0.097726
72 0.0981378
73 0.0984888
74 0.0989087
75 0.0993167
76 0.099774
77 0.100174
78 0.100628
79 0.101066
80 0.101463
81 0.101912
82 0.10235
83 0.102752
84 0.103197
85 0.103567
86 0.103987
87 0.10437
88 0.10478
89 0.105159
90 0.105565
91 0.105915
92 0.106296
93 0.106621
94 0.10698
95 0.107304
96 0.107649
97 0.107968
98 0.108345
99 0.108668
100 0.109039
101 0.109394
102 0.109745
103 0.110148
104 0.110477
105 0.110808
106 0.111154
107 0.111484
108 0.111802
109 0.112107
110 0.112376
111 0.112696
112 0.112962
113 0.113189
114 0.11349
115 0.113731
116 0.113973
117 0.114196
118 0.114426
119 0.114636
120 0.114845
121 0.115071
122 0.115263
123 0.115485
124 0.11568
125 0.115913
126 0.116125
127 0.116328
128 0.116503
129 0.116717
130 0.116866
131 0.117004
132 0.117153
133 0.117306
134 0.117416
135 0.117521
136 0.117624
137 0.117732
138 0.117816
139 0.117882
140 0.117969
141 0.118014
142 0.118082
143 0.118121
144 0.118159
145 0.118154
146 0.118193
147 0.118211
148 0.11824
149 0.118221
150 0.118258
151 0.118257
152 0.118269
153 0.118258
154 0.118246
155 0.118205
156 0.118175
157 0.118106
158 0.118088
159 0.118042
160 0.117954
161 0.117853
162 0.117783
163 0.117674
164 0.117581
165 0.117486
166 0.117379
167 0.117274
168 0.117154
169 0.117018
170 0.116913
171 0.116811
172 0.116691
173 0.116582
174 0.116464
175 0.116338
176 0.116214
177 0.116098
178 0.115955
179 0.11584
180 0.115711
181 0.11557
182 0.115444
183 0.115271
184 0.115137
185 0.114976
186 0.114814
187 0.114649
188 0.114485
189 0.114321
190 0.114164
191 0.113998
192 0.11382
193 0.113655
194 0.113466
195 0.113298
196 0.113123
197 0.112962
198 0.112784
199 0.112602
200 0.112406
201 0.112256
202 0.112081
203 0.111917
204 0.111735
205 0.111573
206 0.111418
207 0.111241
208 0.111079
209 0.110912
210 0.110737
211 0.11054
212 0.110372
213 0.110186
214 0.110022
215 0.109833
216 0.109671
217 0.109506
218 0.109324
219 0.109131
220 0.108964
221 0.108784
222 0.108619
223 0.108457
224 0.10828
225 0.108117
226 0.107938
227 0.10778
228 0.107637
229 0.10748
230 0.107328
231 0.10718
232 0.107037
233 0.106888
234 0.106751
235 0.106594
236 0.106459
237 0.106315
238 0.106173
239 0.106048
240 0.105909
241 0.10578
242 0.105632
243 0.105498
244 0.10535
245 0.105224
246 0.105109
247 0.104966
248 0.104843
249 0.104726
250 0.104614
251 0.10451
252 0.104414
253 0.104308
254 0.104219
255 0.10415
256 0.104054
257 0.10397
258 0.103926
259 0.103853
260 0.10381
261 0.103755
262 0.1037
263 0.103684
264 0.103634
265 0.10361
266 0.103595
267 0.103569
268 0.103565
269 0.103556
270 0.103551
271 0.103544
272 0.103582
273 0.103563
274 0.103606
275 0.103623
276 0.103664
277 0.103688
278 0.103749
279 0.103797
280 0.103863
281 0.103953
282 0.104034
283 0.104133
284 0.104237
285 0.104365
286 0.10449
287 0.104622
288 0.104768
289 0.104914
290 0.105073
291 0.105242
292 0.105432
293 0.105595
294 0.105797
295 0.106017
296 0.106227
297 0.106421
298 0.106629
299 0.106855
300 0.107087
301 0.107316
302 0.107561
303 0.107817
304 0.108085
305 0.108361
306 0.10865
307 0.108945
308 0.109268
309 0.109588
310 0.109924
311 0.110271
312 0.110625
313 0.111006
314 0.111385
315 0.111786
316 0.112207
317 0.112621
318 0.113048
319 0.113479
320 0.113923
321 0.114377
322 0.114816
323 0.115284
324 0.115758
325 0.11623
326 0.116711
327 0.117209
328 0.117711
329 0.118218
330 0.118742
331 0.119264
332 0.119821
333 0.120381
334 0.120953
335 0.121531
336 0.122132
337 0.122723
338 0.123355
339 0.123959
340 0.124615
341 0.125222
342 0.125902
343 0.126537
344 0.127216
345 0.127873
346 0.128555
347 0.129213
348 0.129904
349 0.130572
350 0.131259
351 0.131947
352 0.132636
353 0.133331
354 0.134028
355 0.134746
356 0.135449
357 0.136166
358 0.136886
359 0.137618
360 0.138366
361 0.139109
362 0.139859
363 0.140612
364 0.141374
365 0.14213
366 0.142897
367 0.143673
368 0.144444
369 0.14522
370 0.145989
371 0.146764
372 0.147535
373 0.148302
374 0.149084
375 0.149853
376 0.150626
377 0.151394
378 0.152162
379 0.152927
380 0.153699
381 0.154479
382 0.155228
383 0.155987
384 0.156758
385 0.157526
386 0.158287
387 0.159053
388 0.159816
389 0.160579
390 0.161356
391 0.162096
392 0.162861
393 0.163614
394 0.164369
395 0.165128
396 0.165879
397 0.166627
398 0.167373
399 0.16812
400 0.168848
