1 0.666054
2 0.666623
3 0.699722
4 0.699497
5 0.714065
6 0.714062
7 0.722
8 0.721874
9 0.726055
10 0.726812
11 0.730286
12 0.729922
13 0.732913
14 0.732921
15 0.734791
16 0.734914
17 0.736107
18 0.736381
19 0.737467
20 0.737511
21 0.738677
22 0.738996
23 0.739353
24 0.739182
25 0.740659
26 0.765966
27 0.774365
28 0.804237
29 0.808735
30 0.823357
31 0.826867
32 0.833865
33 0.841838
34 0.849078
35 0.850896
36 0.855038
37 0.858922
38 0.863481
39 0.868952
40 0.872812
41 0.875332
42 0.878183
43 0.879767
44 0.880974
45 0.883949
46 0.884929
47 0.886353
48 0.888972
49 0.890266
50 0.892306
51 0.893573
52 0.894984
53 0.896303
54 0.897676
55 0.899165
56 0.900725
57 0.901563
58 0.902161
59 0.904037
60 0.904436
61 0.905401
62 0.9065
63 0.908546
64 0.90953
65 0.910192
66 0.910597
67 0.911382
68 0.911842
69 0.91289
70 0.913048
71 0.914914
72 0.915574
73 0.915866
74 0.916588
75 0.917465
76 0.918145
77 0.918343
78 0.919208
79 0.919743
80 0.920054
81 0.921013
82 0.9212
83 0.92134
84 0.922328
85 0.9225
86 0.923146
87 0.92349
88 0.92375
89 0.924275
90 0.924882
91 0.925299
92 0.925681
93 0.925853
94 0.926282
95 0.926649
96 0.92724
97 0.927293
98 0.927816
99 0.927874
100 0.928299
101 0.928561
102 0.92892
103 0.92947
104 0.929648
105 0.929462
106 0.930323
107 0.930452
108 0.930919
109 0.9315
110 0.931444
111 0.93161
112 0.931845
113 0.93246
114 0.932624
115 0.933193
116 0.932954
117 0.933141
118 0.93311
119 0.933852
120 0.93386
121 0.934506
122 0.934659
123 0.934932
124 0.935148
125 0.935596
126 0.935347
127 0.935544
128 0.93608
129 0.936042
130 0.936469
131 0.936279
132 0.93712
133 0.936587
134 0.937423
135 0.937343
136 0.937962
137 0.937913
138 0.937926
139 0.938307
140 0.938763
141 0.938541
142 0.938698
143 0.939542
144 0.939622
145 0.939694
146 0.940099
147 0.940384
148 0.940349
149 0.940628
150 0.940432
151 0.940793
152 0.940978
153 0.941144
154 0.941295
155 0.941827
156 0.94162
157 0.941599
158 0.941852
159 0.942068
160 0.9422
161 0.94224
162 0.942788
163 0.942731
164 0.942999
165 0.943371
166 0.943475
167 0.943218
168 0.94375
169 0.943771
170 0.944
171 0.944058
172 0.943803
173 0.944148
174 0.944628
175 0.944519
176 0.944475
177 0.944461
178 0.945245
179 0.945076
180 0.945317
181 0.945347
182 0.945533
183 0.94594
184 0.946026
185 0.945603
186 0.945718
187 0.946275
188 0.946145
189 0.946243
190 0.946439
191 0.946437
192 0.946587
193 0.946953
194 0.947178
195 0.946879
196 0.947315
197 0.947106
198 0.947658
199 0.947213
200 0.947662
201 0.947971
202 0.948153
203 0.947785
204 0.948047
205 0.948242
206 0.948532
207 0.948261
208 0.948728
209 0.948506
210 0.948537
211 0.949198
212 0.949386
213 0.94906
214 0.949255
215 0.949292
216 0.949204
217 0.949776
218 0.949537
219 0.949837
220 0.949529
221 0.950037
222 0.949835
223 0.950192
224 0.950082
225 0.950137
226 0.950478
227 0.950419
228 0.950832
229 0.951043
230 0.950665
231 0.950863
232 0.951129
233 0.950915
234 0.951268
235 0.951123
236 0.951101
237 0.951468
238 0.951428
239 0.95173
240 0.951744
241 0.951871
242 0.951907
243 0.951862
244 0.951801
245 0.951937
246 0.952102
247 0.951911
248 0.952173
249 0.95209
250 0.952552
251 0.952462
252 0.952525
253 0.952715
254 0.9528
255 0.953027
256 0.952917
257 0.95338
258 0.952998
259 0.953127
260 0.952919
261 0.953357
262 0.953507
263 0.953309
264 0.953838
265 0.953663
266 0.953632
267 0.953715
268 0.953875
269 0.953962
270 0.954067
271 0.954425
272 0.954308
273 0.954287
274 0.954337
275 0.954364
276 0.954397
277 0.954676
278 0.954447
279 0.954764
280 0.954764
281 0.954906
282 0.954907
283 0.954851
284 0.955263
285 0.954655
286 0.955029
287 0.955371
288 0.955246
289 0.955048
290 0.955113
291 0.955587
292 0.955206
293 0.955932
294 0.955379
295 0.955784
296 0.955698
297 0.955822
298 0.956119
299 0.95621
300 0.956037
301 0.956418
302 0.956414
303 0.956524
304 0.956192
305 0.956266
306 0.956401
307 0.956323
308 0.956601
309 0.956719
310 0.956787
311 0.956778
312 0.956835
313 0.956825
314 0.956833
315 0.957297
316 0.956872
317 0.956776
318 0.95702
319 0.957158
320 0.957422
321 0.957363
322 0.957372
323 0.957551
324 0.957624
325 0.957698
326 0.95788
327 0.957768
328 0.957452
329 0.958044
330 0.957988
331 0.957936
332 0.957632
333 0.958009
334 0.957883
335 0.958212
336 0.958284
337 0.958429
338 0.95848
339 0.958113
340 0.958356
341 0.95875
342 0.958489
343 0.958926
344 0.958704
345 0.958602
346 0.958853
347 0.958435
348 0.958784
349 0.958916
350 0.958902
351 0.958745
352 0.959143
353 0.958887
354 0.959032
355 0.959064
356 0.959256
357 0.959283
358 0.959298
359 0.959222
360 0.959254
361 0.959721
362 0.959325
363 0.959322
364 0.959622
365 0.959468
366 0.959594
367 0.959942
368 0.959925
369 0.959756
370 0.959688
371 0.959944
372 0.959964
373 0.960232
374 0.960069
375 0.960049
376 0.960303
377 0.960244
378 0.960575
379 0.960306
380 0.960186
381 0.960355
382 0.960319
383 0.960346
384 0.960674
385 0.960482
386 0.960419
387 0.960868
388 0.960386
389 0.960648
390 0.96095
391 0.960788
392 0.960751
393 0.960851
394 0.961074
395 0.961043
396 0.961023
397 0.96088
398 0.960748
399 0.961092
400 0.96089
