1 0.500502
2 0.500481
3 0.500599
4 0.500681
5 0.500624
6 0.500655
7 0.500564
8 0.500663
9 0.500582
10 0.50075
11 0.500675
12 0.500837
13 0.500563
14 0.500659
15 0.500683
16 0.500776
17 0.500712
18 0.50067
19 0.500621
20 0.500813
21 0.500709
22 0.500589
23 0.500707
24 0.500791
25 0.500702
26 0.503916
27 0.506775
28 0.510153
29 0.513199
30 0.516367
31 0.519374
32 0.522201
33 0.524545
34 0.527004
35 0.529459
36 0.531694
37 0.534016
38 0.535593
39 0.536866
40 0.538529
41 0.539987
42 0.541389
43 0.542956
44 0.544747
45 0.545594
46 0.547152
47 0.54856
48 0.549206
49 0.550187
50 0.550854
51 0.551839
52 0.553272
53 0.554451
54 0.555719
55 0.556723
56 0.557907
57 0.559404
58 0.560803
59 0.561696
60 0.563046
61 0.564254
62 0.565611
63 0.565994
64 0.567168
65 0.56825
66 0.569428
67 0.570536
68 0.571605
69 0.572718
70 0.573945
71 0.574365
72 0.57553
73 0.576273
74 0.577311
75 0.578208
76 0.579264
77 0.580286
78 0.581029
79 0.581784
80 0.582582
81 0.583353
82 0.584162
83 0.585111
84 0.585599
85 0.586493
86 0.587218
87 0.587831
88 0.588646
89 0.589341
90 0.590023
91 0.590736
92 0.591596
93 0.592231
94 0.592914
95 0.593435
96 0.594001
97 0.594456
98 0.595257
99 0.595793
100 0.596502
101 0.597099
102 0.59767
103 0.59823
104 0.598655
105 0.599088
106 0.599672
107 0.600184
108 0.600765
109 0.601312
110 0.601838
111 0.602216
112 0.602591
113 0.603214
114 0.603766
115 0.604066
116 0.604484
117 0.605078
118 0.605468
119 0.605959
120 0.606392
121 0.606817
122 0.607253
123 0.607658
124 0.608029
125 0.608471
126 0.608806
127 0.609122
128 0.609477
129 0.609861
130 0.610257
131 0.610644
132 0.610923
133 0.611323
134 0.611696
135 0.612093
136 0.612378
137 0.612724
138 0.613124
139 0.613327
140 0.613628
141 0.613996
142 0.61437
143 0.61468
144 0.614988
145 0.61529
146 0.615566
147 0.615846
148 0.616196
149 0.616416
150 0.616699
151 0.617066
152 0.617304
153 0.617585
154 0.617915
155 0.618174
156 0.618394
157 0.618708
158 0.618975
159 0.619197
160 0.619521
161 0.619816
162 0.62002
163 0.620266
164 0.620539
165 0.620629
166 0.621002
167 0.621051
168 0.621328
169 0.621536
170 0.621802
171 0.621943
172 0.622256
173 0.622505
174 0.622735
175 0.62294
176 0.623194
177 0.623443
178 0.62362
179 0.623826
180 0.624048
181 0.624229
182 0.624446
183 0.62464
184 0.624847
185 0.625015
186 0.625253
187 0.625423
188 0.625609
189 0.62571
190 0.626001
191 0.626122
192 0.626374
193 0.626527
194 0.626739
195 0.62685
196 0.627096
197 0.627245
198 0.627485
199 0.627604
200 0.627819
201 0.62794
202 0.628091
203 0.628304
204 0.628486
205 0.62863
206 0.628843
207 0.628961
208 0.629149
209 0.629223
210 0.629387
211 0.629549
212 0.629669
213 0.629818
214 0.629967
215 0.63007
216 0.63029
217 0.630447
218 0.630585
219 0.630702
220 0.630831
221 0.630999
222 0.631175
223 0.631307
224 0.631426
225 0.631591
226 0.631715
227 0.631847
228 0.632015
229 0.632119
230 0.632282
231 0.632387
232 0.632524
233 0.632694
234 0.632796
235 0.632968
236 0.633079
237 0.633195
238 0.633298
239 0.633418
240 0.633501
241 0.633675
242 0.6338
243 0.633954
244 0.633997
245 0.634124
246 0.634236
247 0.634405
248 0.634456
249 0.634602
250 0.634713
251 0.634834
252 0.634936
253 0.63508
254 0.635164
255 0.635334
256 0.635423
257 0.635523
258 0.635594
259 0.63569
260 0.635776
261 0.635854
262 0.635977
263 0.636099
264 0.636193
265 0.636265
266 0.636447
267 0.636441
268 0.636597
269 0.636703
270 0.636793
271 0.636881
272 0.636947
273 0.637043
274 0.637172
275 0.637261
276 0.637344
277 0.637467
278 0.637568
279 0.637642
280 0.637722
281 0.637812
282 0.637956
283 0.638013
284 0.638137
285 0.638227
286 0.638314
287 0.638381
288 0.638471
289 0.638551
290 0.638619
291 0.638738
292 0.638841
293 0.638943
294 0.638974
295 0.639067
296 0.639168
297 0.639221
298 0.63932
299 0.639372
300 0.639486
301 0.639557
302 0.639662
303 0.63975
304 0.639756
305 0.639886
306 0.639942
307 0.640062
308 0.640127
309 0.640221
310 0.64026
311 0.640366
312 0.640401
313 0.64051
314 0.640607
315 0.640598
316 0.640659
317 0.640757
318 0.640798
319 0.640892
320 0.640968
321 0.641053
322 0.641123
323 0.641223
324 0.641247
325 0.64136
326 0.641393
327 0.64149
328 0.64156
329 0.64164
330 0.641679
331 0.641785
332 0.641782
333 0.641873
334 0.641937
335 0.642016
336 0.642082
337 0.642117
338 0.642173
339 0.642241
340 0.642346
341 0.642358
342 0.642483
343 0.642523
344 0.642598
345 0.64268
346 0.642714
347 0.642781
348 0.642836
349 0.642937
350 0.642957
351 0.643026
352 0.643101
353 0.64313
354 0.643224
355 0.643269
356 0.643353
357 0.643374
358 0.643459
359 0.64351
360 0.643601
361 0.643636
362 0.643703
363 0.643739
364 0.643806
365 0.643887
366 0.64391
367 0.643997
368 0.644023
369 0.644046
370 0.644115
371 0.644195
372 0.644241
373 0.644281
374 0.644323
375 0.644391
376 0.644449
377 0.644498
378 0.64458
379 0.644648
380 0.644684
381 0.644673
382 0.64473
383 0.644779
384 0.644857
385 0.644882
386 0.644955
387 0.644993
388 0.64502
389 0.645088
390 0.645152
391 0.645207
392 0.645225
393 0.6453
394 0.645348
395 0.645369
396 0.645462
397 0.645479
398 0.645523
399 0.645586
400 0.645628
