1 0.166478
2 0.166478
3 0.166478
4 0.166478
5 0.166478
6 0.166478
7 0.166478
8 0.166478
9 0.166478
10 0.166478
11 0.166478
12 0.166478
13 0.166478
14 0.166478
15 0.166478
16 0.166478
17 0.166478
18 0.166478
19 0.166478
20 0.166478
21 0.166478
22 0.166478
23 0.166478
24 0.166478
25 0.166478
26 0.0832602
27 0.0835263
28 0.0667001
29 0.066749
30 0.0595331
31 0.0593914
32 0.055461
33 0.0557239
34 0.0530288
35 0.0530752
36 0.0513872
37 0.0513755
38 0.0500498
39 0.0500235
40 0.0489676
41 0.0491132
42 0.0482529
43 0.0482997
44 0.0477618
45 0.0476068
46 0.0471659
47 0.0471174
48 0.046694
49 0.0467443
50 0.0463319
51 0.0392605
52 0.0317462
53 0.0262091
54 0.0235975
55 0.0212962
56 0.0189863
57 0.0171262
58 0.0160957
59 0.0151518
60 0.0141056
61 0.0131685
62 0.0125774
63 0.0116669
64 0.011176
65 0.0107022
66 0.0102466
67 0.00999827
68 0.00964619
69 0.00934799
70 0.00910065
71 0.00866094
72 0.00847829
73 0.00821082
74 0.00796564
75 0.00787624
76 0.00764339
77 0.007576
78 0.00727134
79 0.00711398
80 0.00695498
81 0.00681199
82 0.00672094
83 0.00661214
84 0.00641299
85 0.00629784
86 0.00621622
87 0.00607896
88 0.00601979
89 0.00592383
90 0.00582377
91 0.00575964
92 0.00560881
93 0.00561677
94 0.00553555
95 0.00542691
96 0.00534267
97 0.00529021
98 0.0052178
99 0.00519007
100 0.00509986
101 0.00504697
102 0.00500719
103 0.00493609
104 0.00485907
105 0.00480454
106 0.00475545
107 0.00471467
108 0.0046768
109 0.00460749
110 0.00458625
111 0.00453071
112 0.00447951
113 0.00440836
114 0.00434795
115 0.00431445
116 0.00432029
117 0.00426258
118 0.00423719
119 0.00415224
120 0.00414357
121 0.00408442
122 0.00405842
123 0.00401724
124 0.00399065
125 0.00394544
126 0.00395224
127 0.00391661
128 0.00388146
129 0.00382184
130 0.00380226
131 0.00378586
132 0.00371766
133 0.00374374
134 0.00367602
135 0.00363666
136 0.00361673
137 0.00356222
138 0.00359964
139 0.00351694
140 0.00350048
141 0.00346297
142 0.00342959
143 0.00339104
144 0.00338271
145 0.00333017
146 0.00332552
147 0.00330275
148 0.00327189
149 0.00325992
150 0.00327539
151 0.00322503
152 0.00319871
153 0.00318284
154 0.00317384
155 0.00312829
156 0.00311521
157 0.00311527
158 0.00306964
159 0.00304742
160 0.00303055
161 0.00301546
162 0.00299144
163 0.00297409
164 0.00297249
165 0.00293304
166 0.00292116
167 0.00290309
168 0.00285769
169 0.00286631
170 0.00283137
171 0.00285305
172 0.00283065
173 0.00281883
174 0.00278985
175 0.00277684
176 0.00274855
177 0.00274366
178 0.0027134
179 0.00270812
180 0.00269122
181 0.00268673
182 0.00266737
183 0.00265761
184 0.00261858
185 0.00264332
186 0.0026277
187 0.0025926
188 0.00258279
189 0.00257484
190 0.00256249
191 0.00257053
192 0.00253219
193 0.00252679
194 0.00250494
195 0.00250432
196 0.00247445
197 0.00248258
198 0.00244123
199 0.00247688
200 0.00244265
201 0.00242696
202 0.0023908
203 0.00240521
204 0.00237499
205 0.00239555
206 0.00236677
207 0.00237142
208 0.00233106
209 0.00234801
210 0.00233405
211 0.00228991
212 0.00228486
213 0.00230432
214 0.00226509
215 0.00226728
216 0.00226265
217 0.00224031
218 0.00222921
219 0.00221956
220 0.00224759
221 0.00221049
222 0.00221893
223 0.00220401
224 0.00218928
225 0.00219091
226 0.00216226
227 0.00216492
228 0.00214514
229 0.00213529
230 0.00212568
231 0.00212947
232 0.00211922
233 0.00210243
234 0.00208029
235 0.00209779
236 0.00209511
237 0.00208067
238 0.00206135
239 0.00202795
240 0.00205638
241 0.00202951
242 0.0020341
243 0.00201279
244 0.00203243
245 0.00203032
246 0.00201869
247 0.00201586
248 0.00200329
249 0.00198815
250 0.00198257
251 0.00197274
252 0.00197262
253 0.00196272
254 0.00195467
255 0.00193639
256 0.00193906
257 0.00192422
258 0.00192363
259 0.0019074
260 0.00191501
261 0.00189748
262 0.00188654
263 0.00189581
264 0.00188369
265 0.00188026
266 0.00186783
267 0.00186369
268 0.00184959
269 0.00183895
270 0.00183766
271 0.00182715
272 0.00184112
273 0.00181605
274 0.0018018
275 0.00181489
276 0.00181512
277 0.00180009
278 0.00179219
279 0.00179107
280 0.00179184
281 0.00177866
282 0.00176456
283 0.00177441
284 0.00174894
285 0.00176232
286 0.00176098
287 0.0017439
288 0.00174475
289 0.00174697
290 0.00176059
291 0.00172671
292 0.00173483
293 0.00171111
294 0.00172936
295 0.00169599
296 0.00169115
297 0.00170165
298 0.00168193
299 0.00168314
300 0.00168035
301 0.00165721
302 0.00165017
303 0.00165048
304 0.00165488
305 0.00164255
306 0.0016748
307 0.00165309
308 0.00163564
309 0.00162678
310 0.00162481
311 0.00162967
312 0.00162636
313 0.00161322
314 0.00161713
315 0.00159333
316 0.00161691
317 0.00160244
318 0.00160506
319 0.00159401
320 0.00158444
321 0.00158332
322 0.00156572
323 0.00156991
324 0.00157073
325 0.00156201
326 0.00154859
327 0.00155524
328 0.00156011
329 0.00153467
330 0.00154447
331 0.00154948
332 0.00153998
333 0.00152601
334 0.00154539
335 0.00151293
336 0.0015068
337 0.00151405
338 0.00151903
339 0.00151833
340 0.0015038
341 0.00149788
342 0.00149749
343 0.00149264
344 0.00148012
345 0.00149692
346 0.00148025
347 0.00148689
348 0.00147401
349 0.00145787
350 0.00146706
351 0.00146008
352 0.00144936
353 0.00146287
354 0.00145567
355 0.00145607
356 0.00143615
357 0.00144341
358 0.00142761
359 0.00144044
360 0.00143322
361 0.00141097
362 0.00142142
363 0.00143566
364 0.00142163
365 0.00141755
366 0.00142126
367 0.00140511
368 0.00140012
369 0.00140157
370 0.00140469
371 0.00139792
372 0.0013891
373 0.00138017
374 0.00139248
375 0.00138871
376 0.00137898
377 0.00137912
378 0.00136147
379 0.00136549
380 0.00137247
381 0.00136638
382 0.00135407
383 0.00136569
384 0.00134753
385 0.00134755
386 0.00136308
387 0.00134633
388 0.00135996
389 0.00135657
390 0.00133914
391 0.00134383
392 0.00134031
393 0.00132799
394 0.00131983
395 0.00131884
396 0.00132283
397 0.00132108
398 0.00133527
399 0.00130573
400 0.00132128
