1 0.500502
2 0.500786
3 0.49999
4 0.500498
5 0.500368
6 0.499847
7 0.500392
8 0.500984
9 0.499871
10 0.500502
11 0.501153
12 0.50051
13 0.500534
14 0.500686
15 0.500496
16 0.501239
17 0.500918
18 0.500708
19 0.500152
20 0.501101
21 0.500252
22 0.500175
23 0.501376
24 0.501066
25 0.500499
26 0.583658
27 0.583898
28 0.599978
29 0.600268
30 0.60698
31 0.607884
32 0.61198
33 0.610926
34 0.613944
35 0.613938
36 0.61488
37 0.616029
38 0.617255
39 0.617416
40 0.618346
41 0.618573
42 0.619485
43 0.618391
44 0.619452
45 0.619931
46 0.619808
47 0.619369
48 0.620552
49 0.620716
50 0.620858
51 0.628353
52 0.635084
53 0.640522
54 0.643681
55 0.646482
56 0.647922
57 0.649889
58 0.651265
59 0.65186
60 0.653222
61 0.65403
62 0.654718
63 0.654863
64 0.655765
65 0.656693
66 0.656482
67 0.657158
68 0.657235
69 0.657251
70 0.658548
71 0.658365
72 0.659248
73 0.658803
74 0.659105
75 0.658924
76 0.659465
77 0.659408
78 0.660365
79 0.66023
80 0.659468
81 0.660352
82 0.659994
83 0.660755
84 0.661653
85 0.661366
86 0.660974
87 0.660368
88 0.660669
89 0.660733
90 0.661765
91 0.661247
92 0.661382
93 0.661432
94 0.661287
95 0.662314
96 0.662004
97 0.661986
98 0.662134
99 0.661545
100 0.662335
101 0.662375
102 0.661921
103 0.662285
104 0.662472
105 0.662011
106 0.662668
107 0.662455
108 0.66241
109 0.662259
110 0.662499
111 0.662274
112 0.662571
113 0.662133
114 0.662677
115 0.662482
116 0.662815
117 0.662359
118 0.662737
119 0.663227
120 0.662239
121 0.662714
122 0.662911
123 0.662586
124 0.662947
125 0.663692
126 0.663506
127 0.66323
128 0.663561
129 0.663211
130 0.663626
131 0.663744
132 0.662792
133 0.662541
134 0.663823
135 0.663734
136 0.662718
137 0.663334
138 0.664159
139 0.663599
140 0.663973
141 0.664088
142 0.663813
143 0.66419
144 0.663783
145 0.663804
146 0.663971
147 0.663722
148 0.663776
149 0.663666
150 0.663536
151 0.663343
152 0.664083
153 0.663787
154 0.663383
155 0.663806
156 0.663561
157 0.664047
158 0.664188
159 0.66457
160 0.663611
161 0.663956
162 0.664049
163 0.663924
164 0.664686
165 0.663325
166 0.664066
167 0.664708
168 0.663635
169 0.664919
170 0.664484
171 0.664364
172 0.664455
173 0.664272
174 0.663981
175 0.664044
176 0.664068
177 0.663965
178 0.664749
179 0.664294
180 0.663889
181 0.664194
182 0.664078
183 0.664713
184 0.664902
185 0.664588
186 0.664824
187 0.664978
188 0.664774
189 0.664214
190 0.664847
191 0.664243
192 0.664012
193 0.665194
194 0.664862
195 0.665167
196 0.664665
197 0.663832
198 0.664859
199 0.665149
200 0.664835
201 0.664484
202 0.665176
203 0.664432
204 0.664306
205 0.665091
206 0.664305
207 0.664476
208 0.664554
209 0.665184
210 0.665076
211 0.665108
212 0.664369
213 0.664159
214 0.664994
215 0.664623
216 0.665196
217 0.664224
218 0.665153
219 0.664644
220 0.664311
221 0.664767
222 0.665001
223 0.664108
224 0.664744
225 0.6649
226 0.664632
227 0.664931
228 0.665128
229 0.664926
230 0.665531
231 0.664738
232 0.665351
233 0.664041
234 0.665106
235 0.665197
236 0.665291
237 0.665365
238 0.66494
239 0.665621
240 0.664932
241 0.665508
242 0.665485
243 0.665795
244 0.66533
245 0.664824
246 0.665229
247 0.664948
248 0.664808
249 0.66519
250 0.664215
251 0.665214
252 0.664801
253 0.665123
254 0.665187
255 0.665341
256 0.665166
257 0.66514
258 0.665199
259 0.665087
260 0.665645
261 0.665681
262 0.665024
263 0.664843
264 0.664643
265 0.665212
266 0.665923
267 0.665529
268 0.665089
269 0.665494
270 0.665729
271 0.665413
272 0.665571
273 0.664783
274 0.665392
275 0.6658
276 0.665366
277 0.66523
278 0.66466
279 0.665029
280 0.66542
281 0.666038
282 0.665488
283 0.665552
284 0.66472
285 0.665163
286 0.665336
287 0.66563
288 0.665476
289 0.664965
290 0.665419
291 0.665632
292 0.665217
293 0.665471
294 0.665931
295 0.665798
296 0.664791
297 0.66558
298 0.665366
299 0.665097
300 0.665701
301 0.665923
302 0.665872
303 0.66475
304 0.666142
305 0.664994
306 0.664862
307 0.665727
308 0.665853
309 0.666298
310 0.665404
311 0.66593
312 0.665786
313 0.666022
314 0.66557
315 0.665007
316 0.665228
317 0.66665
318 0.665621
319 0.665873
320 0.665822
321 0.665714
322 0.665551
323 0.665406
324 0.665111
325 0.665699
326 0.666002
327 0.66525
328 0.66593
329 0.665982
330 0.665786
331 0.665418
332 0.66529
333 0.665647
334 0.665647
335 0.666287
336 0.664976
337 0.665845
338 0.666025
339 0.665723
340 0.664733
341 0.66525
342 0.665887
343 0.665408
344 0.664877
345 0.665477
346 0.665994
347 0.66597
348 0.665965
349 0.665582
350 0.664861
351 0.665545
352 0.665107
353 0.665715
354 0.665775
355 0.665646
356 0.665797
357 0.66599
358 0.665062
359 0.665936
360 0.665722
361 0.66507
362 0.665516
363 0.665568
364 0.665859
365 0.666216
366 0.665492
367 0.666326
368 0.665785
369 0.665252
370 0.66586
371 0.665652
372 0.666418
373 0.66596
374 0.666056
375 0.665904
376 0.665998
377 0.665262
378 0.666124
379 0.665858
380 0.665995
381 0.665386
382 0.665702
383 0.666234
384 0.665955
385 0.665125
386 0.666079
387 0.666071
388 0.665697
389 0.66559
390 0.66609
391 0.665313
392 0.665379
393 0.666099
394 0.665364
395 0.665742
396 0.665502
397 0.665753
398 0.665769
399 0.666061
400 0.665823
