1 0.5
2 0.408163
3 0.372509
4 0.353454
5 0.341501
6 0.333094
7 0.327024
8 0.322658
9 0.318931
10 0.316068
11 0.313577
12 0.311592
13 0.309858
14 0.308262
15 0.307095
16 0.305911
17 0.304998
18 0.303955
19 0.303274
20 0.302586
21 0.301839
22 0.301274
23 0.300798
24 0.300182
25 0.299783
26 0.294147
27 0.290027
28 0.283764
29 0.280164
30 0.276074
31 0.272872
32 0.269902
33 0.266985
34 0.264541
35 0.262439
36 0.260635
37 0.259065
38 0.257379
39 0.25537
40 0.254093
41 0.253145
42 0.252212
43 0.251586
44 0.250857
45 0.250194
46 0.249996
47 0.249395
48 0.249059
49 0.248661
50 0.248367
51 0.248029
52 0.247909
53 0.247497
54 0.247055
55 0.246522
56 0.246178
57 0.245691
58 0.24539
59 0.244913
60 0.244458
61 0.244245
62 0.243761
63 0.243211
64 0.242698
65 0.242558
66 0.242274
67 0.241966
68 0.241568
69 0.241313
70 0.241065
71 0.240453
72 0.240218
73 0.239935
74 0.239709
75 0.239482
76 0.23918
77 0.239069
78 0.238997
79 0.238669
80 0.238409
81 0.238198
82 0.238091
83 0.237981
84 0.237669
85 0.237476
86 0.237351
87 0.237234
88 0.237101
89 0.236988
90 0.236883
91 0.236688
92 0.236669
93 0.236613
94 0.236417
95 0.236291
96 0.2361
97 0.236001
98 0.235966
99 0.235898
100 0.235766
101 0.23568
102 0.235661
103 0.235621
104 0.235492
105 0.235388
106 0.235194
107 0.235196
108 0.235182
109 0.23506
110 0.235091
111 0.234933
112 0.234932
113 0.234787
114 0.234783
115 0.234706
116 0.234679
117 0.234699
118 0.234635
119 0.23454
120 0.23453
121 0.234401
122 0.234547
123 0.234431
124 0.234416
125 0.234353
126 0.2343
127 0.234272
128 0.234265
129 0.234204
130 0.234182
131 0.234136
132 0.234025
133 0.234056
134 0.234035
135 0.234084
136 0.23402
137 0.233958
138 0.23387
139 0.233819
140 0.233827
141 0.2339
142 0.233834
143 0.23378
144 0.233826
145 0.233833
146 0.233806
147 0.233714
148 0.233684
149 0.233744
150 0.233704
151 0.233711
152 0.233666
153 0.23364
154 0.233598
155 0.23367
156 0.233565
157 0.233649
158 0.233576
159 0.233661
160 0.233604
161 0.233625
162 0.233633
163 0.233608
164 0.233684
165 0.233553
166 0.233568
167 0.233497
168 0.233429
169 0.233394
170 0.23341
171 0.23361
172 0.23348
173 0.233434
174 0.233497
175 0.233468
176 0.233541
177 0.233472
178 0.233553
179 0.233499
180 0.233446
181 0.233364
182 0.23349
183 0.233509
184 0.233475
185 0.233477
186 0.233469
187 0.233474
188 0.233429
189 0.233416
190 0.233417
191 0.233468
192 0.233346
193 0.233457
194 0.233422
195 0.233464
196 0.233427
197 0.233512
198 0.233451
199 0.233465
200 0.23346
201 0.233443
202 0.233445
203 0.233445
204 0.233435
205 0.23338
206 0.233438
207 0.233466
208 0.233465
209 0.233398
210 0.233467
211 0.233429
212 0.233389
213 0.233371
214 0.233398
215 0.233357
216 0.233369
217 0.233412
218 0.23338
219 0.233423
220 0.233475
221 0.233428
222 0.233461
223 0.233472
224 0.233499
225 0.233463
226 0.233402
227 0.233503
228 0.233418
229 0.233515
230 0.233448
231 0.233465
232 0.233557
233 0.233557
234 0.233542
235 0.233485
236 0.233536
237 0.233463
238 0.233496
239 0.233462
240 0.233476
241 0.233447
242 0.233513
243 0.233485
244 0.233531
245 0.233525
246 0.233513
247 0.233491
248 0.233554
249 0.233505
250 0.233522
251 0.233527
252 0.233548
253 0.233518
254 0.233551
255 0.233463
256 0.233612
257 0.233587
258 0.233577
259 0.233547
260 0.233555
261 0.23356
262 0.233571
263 0.233564
264 0.233553
265 0.233575
266 0.233557
267 0.233634
268 0.233545
269 0.233503
270 0.233583
271 0.233531
272 0.233578
273 0.233601
274 0.233545
275 0.233574
276 0.233567
277 0.233586
278 0.233586
279 0.233581
280 0.233611
281 0.233624
282 0.23364
283 0.23363
284 0.233613
285 0.233594
286 0.233627
287 0.233642
288 0.233636
289 0.233611
290 0.23365
291 0.233654
292 0.233709
293 0.233578
294 0.233625
295 0.233623
296 0.233632
297 0.233678
298 0.23369
299 0.233621
300 0.233627
301 0.233655
302 0.233648
303 0.233679
304 0.233715
305 0.233721
306 0.233741
307 0.23363
308 0.233658
309 0.233705
310 0.233728
311 0.233674
312 0.233661
313 0.233691
314 0.23371
315 0.233775
316 0.23371
317 0.233702
318 0.23373
319 0.233687
320 0.233701
321 0.233746
322 0.233707
323 0.233737
324 0.233708
325 0.233755
326 0.233728
327 0.233714
328 0.233727
329 0.233673
330 0.233734
331 0.233739
332 0.233744
333 0.233736
334 0.233746
335 0.23374
336 0.233746
337 0.233756
338 0.233739
339 0.233751
340 0.233796
341 0.233858
342 0.233709
343 0.233777
344 0.23378
345 0.233835
346 0.233764
347 0.233792
348 0.233793
349 0.233772
350 0.233791
351 0.23384
352 0.233786
353 0.233791
354 0.233823
355 0.233873
356 0.233859
357 0.233786
358 0.233849
359 0.233834
360 0.233811
361 0.23384
362 0.233815
363 0.233863
364 0.233838
365 0.233864
366 0.233895
367 0.23385
368 0.233886
369 0.23386
370 0.23385
371 0.233875
372 0.233917
373 0.233899
374 0.233915
375 0.233819
376 0.233871
377 0.233896
378 0.233846
379 0.233873
380 0.233878
381 0.23393
382 0.233871
383 0.233856
384 0.233903
385 0.23387
386 0.233922
387 0.233888
388 0.233852
389 0.233907
390 0.23392
391 0.233945
392 0.233921
393 0.233902
394 0.233941
395 0.233929
396 0.233916
397 0.233918
398 0.233901
399 0.233915
400 0.233943
