1 0.166478
2 0.166478
3 0.166478
4 0.166478
5 0.166478
6 0.166478
7 0.166478
8 0.166478
9 0.166478
10 0.166478
11 0.166478
12 0.166478
13 0.166478
14 0.166478
15 0.166478
16 0.166478
17 0.166478
18 0.166478
19 0.166478
20 0.166478
21 0.166478
22 0.166478
23 0.166478
24 0.166478
25 0.166478
26 0.163277
27 0.160336
28 0.156992
29 0.153879
30 0.150719
31 0.147795
32 0.14489
33 0.142592
34 0.140123
35 0.137653
36 0.135367
37 0.133158
38 0.131496
39 0.130265
40 0.128641
41 0.127089
42 0.125733
43 0.124177
44 0.122438
45 0.121537
46 0.119952
47 0.118595
48 0.117906
49 0.116946
50 0.116318
51 0.115274
52 0.113831
53 0.112677
54 0.111383
55 0.110422
56 0.10928
57 0.107759
58 0.106302
59 0.105479
60 0.104131
61 0.102897
62 0.101492
63 0.101135
64 0.0999657
65 0.0988486
66 0.0976244
67 0.0965705
68 0.0955315
69 0.0943551
70 0.0931798
71 0.0926729
72 0.0916137
73 0.0908873
74 0.089789
75 0.0889255
76 0.087931
77 0.0868621
78 0.086073
79 0.0853504
80 0.084456
81 0.0837692
82 0.0829321
83 0.0820239
84 0.0815341
85 0.0806695
86 0.0799107
87 0.0792474
88 0.0784426
89 0.0777123
90 0.0770776
91 0.0763687
92 0.0755312
93 0.074823
94 0.0741857
95 0.0736708
96 0.0731263
97 0.0725863
98 0.0718691
99 0.0713126
100 0.0706457
101 0.070036
102 0.0694469
103 0.0688414
104 0.0684642
105 0.0679948
106 0.0674593
107 0.0668971
108 0.0663508
109 0.0657958
110 0.0652676
111 0.0648968
112 0.0644968
113 0.063904
114 0.0633681
115 0.0630286
116 0.0625822
117 0.0620867
118 0.0616445
119 0.0611585
120 0.060749
121 0.0603349
122 0.0598695
123 0.0594525
124 0.0590531
125 0.0586363
126 0.0583059
127 0.0579866
128 0.0576225
129 0.0572194
130 0.0568132
131 0.0564602
132 0.0561771
133 0.0558153
134 0.0554336
135 0.0550424
136 0.054703
137 0.0543662
138 0.0540729
139 0.0538225
140 0.0534703
141 0.0531236
142 0.0527901
143 0.0524278
144 0.0521277
145 0.0518439
146 0.051544
147 0.0512659
148 0.0509448
149 0.0506756
150 0.0503875
151 0.0500448
152 0.0498185
153 0.0495414
154 0.0492469
155 0.0489752
156 0.0487176
157 0.0484362
158 0.0481445
159 0.0478774
160 0.047618
161 0.0473302
162 0.0471039
163 0.0468382
164 0.0465876
165 0.0464541
166 0.0461693
167 0.0460468
168 0.0457774
169 0.0455618
170 0.0452984
171 0.0450857
172 0.0448505
173 0.0446192
174 0.044372
175 0.0441705
176 0.0438972
177 0.0436888
178 0.0434656
179 0.0432814
180 0.0430912
181 0.0428833
182 0.0426552
183 0.0424737
184 0.0422485
185 0.042079
186 0.0418475
187 0.0416495
188 0.0415098
189 0.0413555
190 0.0411347
191 0.0409832
192 0.0407459
193 0.0405704
194 0.040367
195 0.0402203
196 0.0400137
197 0.0398652
198 0.0396616
199 0.0395058
200 0.0392775
201 0.0391264
202 0.038956
203 0.0387922
204 0.0386044
205 0.0384784
206 0.0382869
207 0.038131
208 0.0379444
209 0.0378691
210 0.0377049
211 0.0375433
212 0.0374133
213 0.0373003
214 0.0371178
215 0.0369881
216 0.0368364
217 0.0366673
218 0.0365075
219 0.0363802
220 0.0362363
221 0.0360699
222 0.0359385
223 0.0357833
224 0.0356433
225 0.0355031
226 0.0353692
227 0.0352299
228 0.0350825
229 0.034954
230 0.0348304
231 0.0347
232 0.0345643
233 0.0344109
234 0.0342742
235 0.0341536
236 0.0340377
237 0.0339178
238 0.0338082
239 0.0336787
240 0.0335728
241 0.0334367
242 0.0333052
243 0.0331645
244 0.0330699
245 0.0329498
246 0.0328374
247 0.032719
248 0.0325995
249 0.0324999
250 0.0323743
251 0.0322664
252 0.0321569
253 0.0320329
254 0.0319265
255 0.0318062
256 0.0316856
257 0.0315809
258 0.031517
259 0.0314095
260 0.0312926
261 0.0312205
262 0.031095
263 0.0310085
264 0.0308851
265 0.0307834
266 0.0306668
267 0.0306094
268 0.0305184
269 0.0304165
270 0.0303052
271 0.030232
272 0.0301407
273 0.0300093
274 0.0299169
275 0.0298325
276 0.0297483
277 0.0296247
278 0.0295277
279 0.029443
280 0.0293571
281 0.029267
282 0.0291486
283 0.0290716
284 0.0289676
285 0.0288866
286 0.0288047
287 0.0287185
288 0.0286354
289 0.0285308
290 0.0284524
291 0.0283486
292 0.0282692
293 0.0281744
294 0.02812
295 0.0280067
296 0.0279348
297 0.0278488
298 0.0277617
299 0.0277158
300 0.0276205
301 0.0275258
302 0.0274459
303 0.0273528
304 0.027306
305 0.0272017
306 0.0271438
307 0.0270604
308 0.0269702
309 0.0268857
310 0.0268307
311 0.026735
312 0.0266937
313 0.0265906
314 0.0265122
315 0.0264491
316 0.0264334
317 0.0263379
318 0.0262705
319 0.0261752
320 0.026112
321 0.0260446
322 0.0259614
323 0.0258929
324 0.0258389
325 0.0257571
326 0.0256758
327 0.0256019
328 0.0255552
329 0.025467
330 0.0254112
331 0.0253406
332 0.0253252
333 0.025232
334 0.0251654
335 0.0250934
336 0.0250195
337 0.0249634
338 0.0249055
339 0.0248252
340 0.0247519
341 0.0246957
342 0.0246404
343 0.0245609
344 0.0244865
345 0.0244295
346 0.0243756
347 0.024325
348 0.0242462
349 0.024174
350 0.0241185
351 0.0240552
352 0.0240014
353 0.0239523
354 0.0238713
355 0.0238129
356 0.0237529
357 0.023709
358 0.0236404
359 0.0235835
360 0.0235121
361 0.0234632
362 0.0234026
363 0.023351
364 0.0232851
365 0.0232275
366 0.0231754
367 0.0231053
368 0.023053
369 0.0230248
370 0.0229802
371 0.0229166
372 0.0228605
373 0.0227962
374 0.0227563
375 0.0227048
376 0.0226378
377 0.0225877
378 0.0225231
379 0.022467
380 0.0224247
381 0.0223863
382 0.0223423
383 0.0223192
384 0.0222311
385 0.0222046
386 0.0221632
387 0.0220836
388 0.0220642
389 0.0220117
390 0.0219416
391 0.0218992
392 0.0218409
393 0.0217837
394 0.0217273
395 0.0217049
396 0.0216525
397 0.0216035
398 0.0215553
399 0.0214938
400 0.0214536
