1 0.437633
2 0.437633
3 0.437633
4 0.437633
5 0.437633
6 0.437633
7 0.425732
8 0.416745
9 0.407958
10 0.400929
11 0.394501
12 0.38918
13 0.381589
14 0.375454
15 0.368976
16 0.362799
17 0.357053
18 0.352016
19 0.346637
20 0.34222
21 0.33784
22 0.332983
23 0.328349
24 0.324032
25 0.319697
26 0.315897
27 0.312084
28 0.308163
29 0.304569
30 0.300994
31 0.297784
32 0.294449
33 0.291149
34 0.288037
35 0.28502
36 0.282055
37 0.279235
38 0.276426
39 0.273611
40 0.270963
41 0.268321
42 0.265789
43 0.263278
44 0.26115
45 0.258637
46 0.256399
47 0.254206
48 0.25199
49 0.249857
50 0.247725
51 0.245583
52 0.244023
53 0.241975
54 0.240173
55 0.238229
56 0.236325
57 0.23456
58 0.232915
59 0.231175
60 0.229295
61 0.227643
62 0.226222
63 0.224458
64 0.223001
65 0.221328
66 0.219869
67 0.218458
68 0.216947
69 0.215499
70 0.214111
71 0.212786
72 0.211416
73 0.209848
74 0.208618
75 0.207398
76 0.206077
77 0.204801
78 0.203439
79 0.202278
80 0.200967
81 0.199865
82 0.198682
83 0.197346
84 0.19622
85 0.195186
86 0.194131
87 0.193023
88 0.19187
89 0.190835
90 0.189762
91 0.18869
92 0.187679
93 0.18669
94 0.185703
95 0.184544
96 0.183681
97 0.182758
98 0.181736
99 0.18077
100 0.1799
101 0.178979
102 0.178022
103 0.177089
104 0.176149
105 0.175289
106 0.174431
107 0.173552
108 0.172836
109 0.17196
110 0.171108
111 0.170269
112 0.169462
113 0.168708
114 0.167875
115 0.167119
116 0.166324
117 0.165522
118 0.164801
119 0.164033
120 0.16344
121 0.162584
122 0.162048
123 0.161234
124 0.160495
125 0.159862
126 0.15916
127 0.158375
128 0.157815
129 0.156972
130 0.156395
131 0.155752
132 0.155123
133 0.154529
134 0.153873
135 0.153167
136 0.152584
137 0.151936
138 0.151316
139 0.150628
140 0.150062
141 0.14945
142 0.148923
143 0.14831
144 0.147686
145 0.147085
146 0.146557
147 0.145922
148 0.145354
149 0.144815
150 0.144209
151 0.143792
152 0.143218
153 0.142605
154 0.142042
155 0.141436
156 0.141023
157 0.140529
158 0.139983
159 0.139419
160 0.138813
161 0.138472
162 0.137946
163 0.137403
164 0.136864
165 0.136416
166 0.135894
167 0.135486
168 0.134945
169 0.134452
170 0.134023
171 0.133525
172 0.133055
173 0.132599
174 0.132153
175 0.131595
176 0.131183
177 0.130743
178 0.130273
179 0.129796
180 0.129358
181 0.129042
182 0.128515
183 0.12811
184 0.127682
185 0.127281
186 0.126857
187 0.126428
188 0.125902
189 0.125546
190 0.125166
191 0.12473
192 0.124367
193 0.123956
194 0.123576
195 0.123037
196 0.122769
197 0.12234
198 0.121985
199 0.121569
200 0.121247
201 0.120826
202 0.120475
203 0.120149
204 0.119721
205 0.119417
206 0.118986
207 0.118533
208 0.118246
209 0.117867
210 0.117526
211 0.117248
212 0.116844
213 0.116539
214 0.116145
215 0.115784
216 0.115472
217 0.115073
218 0.11486
219 0.114379
220 0.114076
221 0.113797
222 0.113412
223 0.113127
224 0.112798
225 0.112454
226 0.112115
227 0.111762
228 0.111436
229 0.111169
230 0.110862
231 0.110512
232 0.110226
233 0.109913
234 0.109643
235 0.109324
236 0.109048
237 0.108693
238 0.108475
239 0.10816
240 0.107809
241 0.107546
242 0.107324
243 0.106944
244 0.106632
245 0.106375
246 0.106125
247 0.10595
248 0.105587
249 0.10528
250 0.105019
251 0.104786
252 0.104524
253 0.10426
254 0.103988
255 0.103734
256 0.103441
257 0.103193
258 0.102911
259 0.102641
260 0.102445
261 0.102209
262 0.101903
263 0.101688
264 0.101446
265 0.101175
266 0.10094
267 0.100687
268 0.10048
269 0.100219
270 0.0999678
271 0.0996829
272 0.0994971
273 0.0992196
274 0.0990813
275 0.0987419
276 0.0985577
277 0.0982966
278 0.0980761
279 0.0978537
280 0.0976104
281 0.0973674
282 0.0971754
283 0.0968732
284 0.0967357
285 0.096501
286 0.0962779
287 0.0960578
288 0.0958423
289 0.095591
290 0.0953727
291 0.0951334
292 0.0949678
293 0.0947552
294 0.0945275
295 0.0943373
296 0.0940772
297 0.0938804
298 0.0937188
299 0.0934161
300 0.0932813
301 0.09307
302 0.0928374
303 0.092696
304 0.0924871
305 0.092295
306 0.0920669
307 0.091822
308 0.0916091
309 0.0914246
310 0.0912308
311 0.0910554
312 0.0908559
313 0.0907075
314 0.090531
315 0.0902705
316 0.0900696
317 0.0899449
318 0.089757
319 0.0894992
320 0.089314
321 0.0892149
322 0.0889663
323 0.0888117
324 0.0886186
325 0.0884154
326 0.0882848
327 0.0880472
328 0.0878466
329 0.0876796
330 0.0875216
331 0.087353
332 0.0872255
333 0.0870122
334 0.0868296
335 0.0867043
336 0.0864619
337 0.0862909
338 0.0861969
339 0.0859378
340 0.0857978
341 0.0856359
342 0.0854313
343 0.0852479
344 0.0850538
345 0.0849379
346 0.0847189
347 0.084633
348 0.0844584
349 0.0842787
350 0.0841203
351 0.0838628
352 0.0837996
353 0.083597
354 0.0834279
355 0.0832691
356 0.0831309
357 0.08295
358 0.082723
359 0.0826275
360 0.0824552
361 0.0823127
362 0.0821682
363 0.0819673
364 0.081844
365 0.0816603
366 0.0815195
367 0.0813329
368 0.0812009
369 0.0810397
370 0.0808548
371 0.0806914
372 0.0805652
373 0.080436
374 0.0802424
375 0.0801178
376 0.0799629
377 0.0798344
378 0.0796606
379 0.0795194
380 0.0793536
381 0.0792418
382 0.0790952
383 0.0789307
384 0.0788314
385 0.0786744
386 0.0785299
387 0.0783886
388 0.0781601
389 0.0780651
390 0.0778817
391 0.0777672
392 0.0776319
393 0.077538
394 0.0773591
395 0.0772214
396 0.0770894
397 0.0768814
398 0.0767831
399 0.076686
400 0.0765045
