1 0.499416
2 0.499398
3 0.499707
4 0.499892
5 0.499639
6 0.499677
7 0.511646
8 0.520683
9 0.529366
10 0.536412
11 0.54308
12 0.548274
13 0.555744
14 0.562011
15 0.568485
16 0.574685
17 0.580625
18 0.585509
19 0.590883
20 0.595221
21 0.599639
22 0.604408
23 0.60911
24 0.613353
25 0.617813
26 0.621529
27 0.625237
28 0.629258
29 0.632947
30 0.636524
31 0.639705
32 0.643055
33 0.646412
34 0.649528
35 0.652451
36 0.655421
37 0.658259
38 0.661043
39 0.663881
40 0.666566
41 0.669249
42 0.671792
43 0.674266
44 0.676389
45 0.678838
46 0.681138
47 0.68332
48 0.68565
49 0.687697
50 0.689817
51 0.692003
52 0.693475
53 0.695479
54 0.697445
55 0.699309
56 0.701242
57 0.702849
58 0.704632
59 0.706404
60 0.70826
61 0.709933
62 0.711345
63 0.712981
64 0.714552
65 0.71613
66 0.717651
67 0.719077
68 0.720571
69 0.722027
70 0.723438
71 0.724743
72 0.726086
73 0.727855
74 0.728897
75 0.730141
76 0.731415
77 0.732742
78 0.734079
79 0.735256
80 0.736531
81 0.737631
82 0.738815
83 0.740126
84 0.74133
85 0.742377
86 0.743352
87 0.744468
88 0.745616
89 0.746605
90 0.747734
91 0.748795
92 0.749809
93 0.750725
94 0.751829
95 0.752928
96 0.753857
97 0.754783
98 0.755796
99 0.756742
100 0.757592
101 0.758517
102 0.759522
103 0.760426
104 0.761336
105 0.762128
106 0.763056
107 0.76401
108 0.764654
109 0.765547
110 0.766354
111 0.767223
112 0.768046
113 0.768787
114 0.769628
115 0.770403
116 0.77121
117 0.771926
118 0.772674
119 0.773474
120 0.774039
121 0.774949
122 0.775467
123 0.776268
124 0.777008
125 0.777644
126 0.778317
127 0.779131
128 0.779691
129 0.780445
130 0.781104
131 0.781738
132 0.782388
133 0.783017
134 0.783643
135 0.784312
136 0.784871
137 0.785548
138 0.786164
139 0.786872
140 0.787399
141 0.788041
142 0.788527
143 0.789157
144 0.78979
145 0.790403
146 0.79086
147 0.791565
148 0.792126
149 0.792633
150 0.793284
151 0.79368
152 0.79426
153 0.794891
154 0.795471
155 0.796068
156 0.796442
157 0.796968
158 0.797513
159 0.798021
160 0.798722
161 0.799013
162 0.799558
163 0.800103
164 0.800662
165 0.801067
166 0.801553
167 0.801992
168 0.80255
169 0.803046
170 0.803523
171 0.803809
172 0.804442
173 0.804892
174 0.805342
175 0.805879
176 0.806299
177 0.806758
178 0.8072
179 0.8077
180 0.808151
181 0.80847
182 0.808939
183 0.809347
184 0.809809
185 0.810201
186 0.810608
187 0.811058
188 0.811577
189 0.811951
190 0.812325
191 0.81275
192 0.813121
193 0.813527
194 0.813924
195 0.814369
196 0.814712
197 0.815124
198 0.815493
199 0.815938
200 0.81627
201 0.81671
202 0.817023
203 0.817336
204 0.81775
205 0.818179
206 0.818528
207 0.818946
208 0.819281
209 0.819655
210 0.819943
211 0.820255
212 0.820662
213 0.820972
214 0.821359
215 0.821741
216 0.822048
217 0.822433
218 0.822636
219 0.823155
220 0.823398
221 0.823693
222 0.824129
223 0.82436
224 0.8247
225 0.825029
226 0.825372
227 0.825733
228 0.826079
229 0.82636
230 0.826631
231 0.826997
232 0.827295
233 0.827576
234 0.827838
235 0.828185
236 0.828452
237 0.828797
238 0.829026
239 0.829327
240 0.829682
241 0.83002
242 0.830182
243 0.830585
244 0.83083
245 0.831111
246 0.831392
247 0.831566
248 0.831905
249 0.832237
250 0.83248
251 0.832704
252 0.83295
253 0.833252
254 0.833561
255 0.833884
256 0.834065
257 0.834144
258 0.834514
259 0.834827
260 0.835064
261 0.835271
262 0.835583
263 0.835821
264 0.836054
265 0.836302
266 0.836562
267 0.836808
268 0.837031
269 0.837287
270 0.837538
271 0.837829
272 0.837992
273 0.838213
274 0.838443
275 0.838755
276 0.838939
277 0.839213
278 0.839413
279 0.839633
280 0.83988
281 0.840108
282 0.840343
283 0.840635
284 0.840781
285 0.841007
286 0.841222
287 0.841426
288 0.841661
289 0.841907
290 0.842145
291 0.842332
292 0.842504
293 0.842767
294 0.842957
295 0.843156
296 0.843419
297 0.843614
298 0.843791
299 0.844078
300 0.844211
301 0.844433
302 0.844652
303 0.844837
304 0.844998
305 0.845203
306 0.845412
307 0.845732
308 0.845892
309 0.846075
310 0.846246
311 0.84647
312 0.84661
313 0.846784
314 0.846954
315 0.847157
316 0.847414
317 0.847538
318 0.847758
319 0.847994
320 0.84817
321 0.848298
322 0.848527
323 0.848659
324 0.848869
325 0.849076
326 0.849203
327 0.849442
328 0.849659
329 0.849838
330 0.849958
331 0.850154
332 0.850254
333 0.850476
334 0.85067
335 0.850809
336 0.851037
337 0.851195
338 0.85128
339 0.851553
340 0.851659
341 0.851726
342 0.852124
343 0.852237
344 0.85243
345 0.852572
346 0.852777
347 0.852853
348 0.853041
349 0.853243
350 0.853391
351 0.853647
352 0.853688
353 0.8539
354 0.854074
355 0.854242
356 0.854375
357 0.85456
358 0.854798
359 0.854868
360 0.855033
361 0.85518
362 0.855307
363 0.855526
364 0.855626
365 0.855854
366 0.855961
367 0.856192
368 0.856308
369 0.856455
370 0.856642
371 0.856804
372 0.856911
373 0.857091
374 0.857277
375 0.857399
376 0.857548
377 0.857677
378 0.85785
379 0.857993
380 0.858153
381 0.858233
382 0.858419
383 0.858624
384 0.858697
385 0.858805
386 0.858964
387 0.859107
388 0.859364
389 0.859453
390 0.859603
391 0.859743
392 0.859873
393 0.859979
394 0.860159
395 0.860284
396 0.860439
397 0.860616
398 0.860727
399 0.860831
400 0.860998
