1 0.5
2 0.499903
3 0.499629
4 0.49912
5 0.498534
6 0.497606
7 0.496748
8 0.495632
9 0.49416
10 0.492848
11 0.491226
12 0.489579
13 0.48779
14 0.485711
15 0.483782
16 0.481486
17 0.479498
18 0.477149
19 0.4748
20 0.472276
21 0.469894
22 0.467215
23 0.464874
24 0.462371
25 0.45989
26 0.457225
27 0.455
28 0.45176
29 0.449597
30 0.44663
31 0.444308
32 0.441735
33 0.439024
34 0.436695
35 0.434108
36 0.431676
37 0.429331
38 0.42662
39 0.424684
40 0.422764
41 0.419908
42 0.417869
43 0.415226
44 0.41354
45 0.411519
46 0.409263
47 0.407452
48 0.405021
49 0.403263
50 0.401745
51 0.399771
52 0.3981
53 0.396119
54 0.394551
55 0.392585
56 0.391522
57 0.389595
58 0.387681
59 0.386686
60 0.385066
61 0.383761
62 0.382338
63 0.380778
64 0.379525
65 0.377588
66 0.376299
67 0.375821
68 0.373698
69 0.372194
70 0.371522
71 0.370317
72 0.369229
73 0.367699
74 0.367072
75 0.365296
76 0.364732
77 0.3636
78 0.362808
79 0.362034
80 0.360826
81 0.359472
82 0.358278
83 0.3578
84 0.357029
85 0.355239
86 0.354626
87 0.35353
88 0.353152
89 0.35159
90 0.350977
91 0.350355
92 0.350403
93 0.348846
94 0.347016
95 0.347174
96 0.34725
97 0.345318
98 0.344462
99 0.34414
100 0.343553
101 0.342714
102 0.341397
103 0.341391
104 0.340623
105 0.340294
106 0.339806
107 0.338859
108 0.336983
109 0.337361
110 0.336608
111 0.335903
112 0.335745
113 0.334605
114 0.334971
115 0.334424
116 0.333291
117 0.332542
118 0.331907
119 0.331878
120 0.330552
121 0.331097
122 0.329992
123 0.329492
124 0.3287
125 0.328395
126 0.327319
127 0.327739
128 0.327204
129 0.326689
130 0.326001
131 0.325702
132 0.324639
133 0.325069
134 0.323616
135 0.32428
136 0.323477
137 0.322128
138 0.322342
139 0.321711
140 0.321835
141 0.321176
142 0.320359
143 0.320254
144 0.319801
145 0.319505
146 0.318575
147 0.318573
148 0.318306
149 0.317611
150 0.31748
151 0.317206
152 0.316836
153 0.315973
154 0.316
155 0.315555
156 0.315027
157 0.315496
158 0.31482
159 0.31498
160 0.313513
161 0.313685
162 0.313701
163 0.312796
164 0.312897
165 0.311573
166 0.311204
167 0.311889
168 0.311726
169 0.310987
170 0.310721
171 0.310378
172 0.309587
173 0.309861
174 0.309488
175 0.309191
176 0.308632
177 0.308627
178 0.307948
179 0.308679
180 0.307222
181 0.307432
182 0.306751
183 0.307243
184 0.306483
185 0.306101
186 0.30535
187 0.30665
188 0.305432
189 0.305256
190 0.305119
191 0.304698
192 0.304379
193 0.30459
194 0.303845
195 0.304206
196 0.303817
197 0.303237
198 0.302309
199 0.303331
200 0.302658
201 0.301985
202 0.302688
203 0.301253
204 0.301679
205 0.301415
206 0.301555
207 0.301051
208 0.300176
209 0.300377
210 0.300159
211 0.299784
212 0.299208
213 0.299208
214 0.299793
215 0.299354
216 0.299126
217 0.299249
218 0.298493
219 0.298539
220 0.298289
221 0.298367
222 0.29762
223 0.297848
224 0.297388
225 0.297723
226 0.297446
227 0.297215
228 0.296153
229 0.29625
230 0.296775
231 0.295928
232 0.295253
233 0.295385
234 0.29527
235 0.295395
236 0.294324
237 0.295119
238 0.294667
239 0.294796
240 0.293717
241 0.294574
242 0.293335
243 0.293851
244 0.29381
245 0.293484
246 0.293207
247 0.293037
248 0.293204
249 0.292745
250 0.292382
251 0.292641
252 0.291835
253 0.292282
254 0.292005
255 0.29183
256 0.291421
257 0.291143
258 0.29095
259 0.291043
260 0.291807
261 0.289801
262 0.291539
263 0.290458
264 0.290724
265 0.290655
266 0.289991
267 0.289999
268 0.288963
269 0.289608
270 0.290199
271 0.289322
272 0.289002
273 0.288792
274 0.288888
275 0.288967
276 0.288538
277 0.288612
278 0.28852
279 0.287964
280 0.288405
281 0.287994
282 0.287178
283 0.28752
284 0.287787
285 0.287308
286 0.286688
287 0.286664
288 0.287179
289 0.286931
290 0.286294
291 0.286321
292 0.286898
293 0.286726
294 0.28647
295 0.285466
296 0.285864
297 0.285967
298 0.285605
299 0.285562
300 0.28568
301 0.285703
302 0.285494
303 0.285522
304 0.284472
305 0.285093
306 0.285145
307 0.284804
308 0.284224
309 0.2844
310 0.283665
311 0.284339
312 0.284174
313 0.283581
314 0.283623
315 0.283246
316 0.284129
317 0.283189
318 0.282597
319 0.283362
320 0.283619
321 0.282274
322 0.282634
323 0.282673
324 0.282004
325 0.282368
326 0.283014
327 0.281888
328 0.282715
329 0.282752
330 0.28233
331 0.281292
332 0.281895
333 0.281922
334 0.28132
335 0.282174
336 0.281694
337 0.281617
338 0.281414
339 0.281617
340 0.281292
341 0.280953
342 0.280057
343 0.28102
344 0.281073
345 0.281424
346 0.280699
347 0.280491
348 0.28074
349 0.279656
350 0.280763
351 0.279325
352 0.279973
353 0.279715
354 0.27999
355 0.279653
356 0.279059
357 0.279258
358 0.279482
359 0.279823
360 0.279133
361 0.279531
362 0.279118
363 0.27975
364 0.278955
365 0.279862
366 0.279415
367 0.278708
368 0.279417
369 0.278559
370 0.278338
371 0.277918
372 0.278265
373 0.278475
374 0.277948
375 0.277834
376 0.277963
377 0.278072
378 0.277999
379 0.277902
380 0.277948
381 0.278169
382 0.277578
383 0.277197
384 0.276613
385 0.277932
386 0.27743
387 0.276886
388 0.277173
389 0.276198
390 0.277372
391 0.277379
392 0.276953
393 0.277029
394 0.276509
395 0.276698
396 0.27676
397 0.276816
398 0.276246
399 0.276055
400 0.275947
