1 0.5
2 0.353467
3 0.28834
4 0.249793
5 0.223514
6 0.203966
7 0.188733
8 0.176764
9 0.16666
10 0.15827
11 0.155308
12 0.152567
13 0.151193
14 0.149307
15 0.147744
16 0.14566
17 0.144112
18 0.142484
19 0.141644
20 0.140919
21 0.139925
22 0.139888
23 0.139341
24 0.13839
25 0.137593
26 0.136889
27 0.135854
28 0.134397
29 0.133724
30 0.132593
31 0.131113
32 0.1299
33 0.128858
34 0.128418
35 0.126867
36 0.125584
37 0.124661
38 0.123623
39 0.122985
40 0.122004
41 0.121044
42 0.119603
43 0.119086
44 0.118648
45 0.117813
46 0.116882
47 0.116282
48 0.115468
49 0.11493
50 0.114438
51 0.11405
52 0.113254
53 0.112847
54 0.112167
55 0.112022
56 0.111697
57 0.112063
58 0.111197
59 0.110826
60 0.110588
61 0.110316
62 0.110087
63 0.110045
64 0.109563
65 0.110122
66 0.109806
67 0.109989
68 0.109875
69 0.109979
70 0.109826
71 0.1098
72 0.109888
73 0.108976
74 0.110146
75 0.110071
76 0.110427
77 0.110699
78 0.110779
79 0.111019
80 0.111105
81 0.111183
82 0.111566
83 0.111739
84 0.111875
85 0.112372
86 0.112501
87 0.112766
88 0.113208
89 0.113738
90 0.113769
91 0.114313
92 0.114667
93 0.114898
94 0.115444
95 0.115534
96 0.116049
97 0.1166
98 0.117008
99 0.117512
100 0.118018
101 0.118253
102 0.118943
103 0.118897
104 0.119734
105 0.120343
106 0.120735
107 0.121101
108 0.121754
109 0.122152
110 0.122737
111 0.123184
112 0.123722
113 0.124153
114 0.124571
115 0.125245
116 0.125576
117 0.126291
118 0.126564
119 0.12678
120 0.127494
121 0.127821
122 0.128273
123 0.128529
124 0.128985
125 0.129231
126 0.129514
127 0.13018
128 0.130268
129 0.130397
130 0.130701
131 0.131106
132 0.131109
133 0.131195
134 0.131548
135 0.131771
136 0.131765
137 0.131811
138 0.131923
139 0.13195
140 0.131949
141 0.132113
142 0.132061
143 0.131939
144 0.131882
145 0.131708
146 0.131615
147 0.131381
148 0.131256
149 0.131171
150 0.130885
151 0.130682
152 0.130443
153 0.130056
154 0.12972
155 0.129431
156 0.128981
157 0.128694
158 0.128339
159 0.127993
160 0.127482
161 0.127045
162 0.126557
163 0.12603
164 0.125574
165 0.124984
166 0.12437
167 0.123832
168 0.123192
169 0.122613
170 0.122097
171 0.122387
172 0.120488
173 0.120068
174 0.119329
175 0.118751
176 0.117976
177 0.117202
178 0.116467
179 0.115889
180 0.115077
181 0.11418
182 0.113493
183 0.112784
184 0.112114
185 0.11126
186 0.110328
187 0.109853
188 0.108955
189 0.10818
190 0.10727
191 0.106713
192 0.105662
193 0.105101
194 0.10431
195 0.103673
196 0.102748
197 0.102346
198 0.101271
199 0.100541
200 0.0997033
201 0.0989434
202 0.0982532
203 0.0975595
204 0.0968008
205 0.0961314
206 0.0954301
207 0.0949514
208 0.0941573
209 0.0933478
210 0.0927588
211 0.0921772
212 0.0916495
213 0.0911103
214 0.0906909
215 0.0901109
216 0.0894743
217 0.0889445
218 0.0884984
219 0.08815
220 0.0877617
221 0.0871727
222 0.0868348
223 0.0864961
224 0.0861733
225 0.0856735
226 0.0854422
227 0.0852741
228 0.084679
229 0.0845761
230 0.0842802
231 0.0840947
232 0.0836653
233 0.0834984
234 0.0831278
235 0.0829153
236 0.0828759
237 0.0825096
238 0.0821891
239 0.0824532
240 0.0821427
241 0.0818825
242 0.0819358
243 0.0818292
244 0.081481
245 0.0812642
246 0.0811948
247 0.0812205
248 0.0812988
249 0.081233
250 0.0810523
251 0.0807107
252 0.0808419
253 0.0809531
254 0.0806673
255 0.081213
256 0.0807102
257 0.0801934
258 0.0808268
259 0.0803942
260 0.0803505
261 0.0804831
262 0.0803976
263 0.0801685
264 0.0804342
265 0.0802153
266 0.0801328
267 0.0804172
268 0.0803608
269 0.0800394
270 0.0804013
271 0.0800048
272 0.0802774
273 0.0806548
274 0.0801183
275 0.0802113
276 0.0801131
277 0.0802554
278 0.080128
279 0.0799306
280 0.0802592
281 0.0800941
282 0.0802762
283 0.0800845
284 0.0801726
285 0.0800375
286 0.080099
287 0.0800182
288 0.0800402
289 0.0800286
290 0.0800301
291 0.0800945
292 0.0800588
293 0.0805131
294 0.0800684
295 0.0800003
296 0.0799455
297 0.0801395
298 0.0800744
299 0.0800949
300 0.0801045
301 0.080039
302 0.0799925
303 0.0800476
304 0.08009
305 0.0801748
306 0.0799306
307 0.0792965
308 0.0798956
309 0.080032
310 0.080039
311 0.0800268
312 0.0799746
313 0.0802317
314 0.0801228
315 0.0804116
316 0.0801767
317 0.0802811
318 0.0802347
319 0.0800439
320 0.0799612
321 0.0801053
322 0.080144
323 0.0799761
324 0.0801904
325 0.0801075
326 0.0801298
327 0.0799306
328 0.0800528
329 0.0799955
330 0.0801455
331 0.0798448
332 0.0800722
333 0.0801324
334 0.0800848
335 0.0801707
336 0.0801176
337 0.0801172
338 0.0799921
339 0.0802376
340 0.0798933
341 0.0806744
342 0.0802146
343 0.0801347
344 0.0801934
345 0.0804176
346 0.0801265
347 0.0802774
348 0.0800241
349 0.0801138
350 0.0801945
351 0.0800874
352 0.0800897
353 0.0802261
354 0.0802165
355 0.0802395
356 0.0801659
357 0.0800819
358 0.0804213
359 0.0802358
360 0.0802625
361 0.0803475
362 0.0801328
363 0.080382
364 0.0800126
365 0.0803738
366 0.080445
367 0.0801626
368 0.0805364
369 0.0800751
370 0.080267
371 0.0803063
372 0.0801882
373 0.0801986
374 0.0804783
375 0.0801592
376 0.0803694
377 0.0802584
378 0.0803271
379 0.080366
380 0.0802874
381 0.0806049
382 0.0802766
383 0.0809366
384 0.0804013
385 0.0802547
386 0.0803401
387 0.0806222
388 0.0801715
389 0.0804468
390 0.0804698
391 0.0804565
392 0.080482
393 0.0802584
394 0.0805986
395 0.0804546
396 0.0806141
397 0.0802257
398 0.0804876
399 0.0803252
400 0.0807729
