1 0.409189
2 0.409203
3 0.408938
4 0.408849
5 0.408845
6 0.40886
7 0.408897
8 0.408867
9 0.408862
10 0.408887
11 0.408846
12 0.408875
13 0.402507
14 0.394048
15 0.385335
16 0.377058
17 0.36945
18 0.362536
19 0.356262
20 0.350581
21 0.34542
22 0.340721
23 0.336428
24 0.332491
25 0.328862
26 0.325505
27 0.322389
28 0.319475
29 0.316737
30 0.314159
31 0.311718
32 0.309387
33 0.307177
34 0.305092
35 0.303115
36 0.301225
37 0.299402
38 0.297632
39 0.2959
40 0.294197
41 0.292518
42 0.290853
43 0.289205
44 0.287603
45 0.286034
46 0.284496
47 0.282975
48 0.281461
49 0.279948
50 0.278439
51 0.27693
52 0.275418
53 0.273906
54 0.272448
55 0.271018
56 0.269624
57 0.268245
58 0.26687
59 0.26549
60 0.264118
61 0.26274
62 0.261371
63 0.26001
64 0.258662
65 0.25732
66 0.256005
67 0.254719
68 0.253441
69 0.252162
70 0.250884
71 0.249617
72 0.248362
73 0.247122
74 0.245919
75 0.244751
76 0.243611
77 0.242511
78 0.241415
79 0.240319
80 0.239238
81 0.238167
82 0.237126
83 0.236102
84 0.235111
85 0.234145
86 0.233207
87 0.232352
88 0.23151
89 0.230679
90 0.229862
91 0.22906
92 0.228289
93 0.227534
94 0.226824
95 0.22614
96 0.225478
97 0.224837
98 0.224215
99 0.22362
100 0.223074
101 0.222551
102 0.222039
103 0.22154
104 0.221065
105 0.220603
106 0.220166
107 0.21974
108 0.219324
109 0.218915
110 0.218518
111 0.218139
112 0.217774
113 0.217431
114 0.217103
115 0.216795
116 0.216502
117 0.216225
118 0.215973
119 0.215741
120 0.21553
121 0.215337
122 0.215174
123 0.215029
124 0.21491
125 0.214828
126 0.214779
127 0.214768
128 0.21481
129 0.214937
130 0.215073
131 0.215211
132 0.215353
133 0.215498
134 0.215649
135 0.215811
136 0.21598
137 0.216152
138 0.216328
139 0.216511
140 0.216696
141 0.216896
142 0.217102
143 0.217317
144 0.217533
145 0.217758
146 0.217984
147 0.218216
148 0.218454
149 0.2187
150 0.218954
151 0.219211
152 0.219467
153 0.219732
154 0.220003
155 0.220275
156 0.220546
157 0.220823
158 0.221107
159 0.22139
160 0.221668
161 0.221949
162 0.222227
163 0.2225
164 0.222775
165 0.223047
166 0.223318
167 0.223581
168 0.223841
169 0.224096
170 0.22435
171 0.224592
172 0.224833
173 0.225053
174 0.225269
175 0.225467
176 0.225667
177 0.225854
178 0.226036
179 0.226207
180 0.226365
181 0.226516
182 0.226649
183 0.226775
184 0.226878
185 0.226972
186 0.227045
187 0.227108
188 0.227156
189 0.22719
190 0.227214
191 0.227222
192 0.227224
193 0.227207
194 0.227183
195 0.22714
196 0.227073
197 0.226997
198 0.226904
199 0.226792
200 0.226662
201 0.226516
202 0.22635
203 0.226167
204 0.225968
205 0.225749
206 0.225519
207 0.225267
208 0.225001
209 0.224714
210 0.22441
211 0.22409
212 0.223751
213 0.223394
214 0.22302
215 0.222631
216 0.222223
217 0.221799
218 0.221361
219 0.22091
220 0.220443
221 0.219965
222 0.219473
223 0.218969
224 0.218455
225 0.217931
226 0.217397
227 0.216853
228 0.216299
229 0.215738
230 0.215169
231 0.214592
232 0.214008
233 0.21342
234 0.212826
235 0.212228
236 0.211624
237 0.211017
238 0.210407
239 0.209793
240 0.209176
241 0.208557
242 0.207936
243 0.207315
244 0.206693
245 0.206071
246 0.205449
247 0.204827
248 0.204205
249 0.203582
250 0.202962
251 0.202341
252 0.201723
253 0.201106
254 0.200491
255 0.199876
256 0.199263
257 0.198652
258 0.198045
259 0.19744
260 0.196838
261 0.196238
262 0.195641
263 0.195047
264 0.194456
265 0.193868
266 0.193283
267 0.192701
268 0.192122
269 0.191546
270 0.190973
271 0.190405
272 0.189839
273 0.189277
274 0.188718
275 0.188163
276 0.18761
277 0.187061
278 0.186516
279 0.185974
280 0.185435
281 0.184899
282 0.184367
283 0.183838
284 0.183312
285 0.182789
286 0.18227
287 0.181753
288 0.18124
289 0.180731
290 0.180224
291 0.17972
292 0.17922
293 0.178723
294 0.178229
295 0.177737
296 0.177249
297 0.176763
298 0.176281
299 0.175801
300 0.175324
301 0.17485
302 0.17438
303 0.173911
304 0.173446
305 0.172984
306 0.172524
307 0.172068
308 0.171614
309 0.171163
310 0.170714
311 0.170268
312 0.169825
313 0.169384
314 0.168945
315 0.168509
316 0.168076
317 0.167644
318 0.167215
319 0.166789
320 0.166365
321 0.165943
322 0.165524
323 0.165107
324 0.164691
325 0.164279
326 0.163868
327 0.16346
328 0.163054
329 0.162649
330 0.162247
331 0.161847
332 0.16145
333 0.161054
334 0.160661
335 0.160269
336 0.15988
337 0.159492
338 0.159107
339 0.158724
340 0.158343
341 0.157964
342 0.157587
343 0.157212
344 0.15684
345 0.156469
346 0.1561
347 0.155734
348 0.155369
349 0.155007
350 0.154646
351 0.154288
352 0.153931
353 0.153576
354 0.153223
355 0.152871
356 0.152521
357 0.152173
358 0.151827
359 0.151482
360 0.151139
361 0.150798
362 0.150457
363 0.150119
364 0.149782
365 0.149447
366 0.149113
367 0.148781
368 0.14845
369 0.148121
370 0.147794
371 0.147468
372 0.147144
373 0.146821
374 0.146499
375 0.14618
376 0.145862
377 0.145546
378 0.145231
379 0.144918
380 0.144607
381 0.144297
382 0.143989
383 0.143683
384 0.143379
385 0.143075
386 0.142773
387 0.142473
388 0.142174
389 0.141876
390 0.14158
391 0.141285
392 0.140991
393 0.140698
394 0.140407
395 0.140117
396 0.139828
397 0.13954
398 0.139254
399 0.138969
400 0.138685
