1 0.409182
2 0.409116
3 0.409108
4 0.409073
5 0.409147
6 0.409104
7 0.407202
8 0.404137
9 0.400349
10 0.396151
11 0.39172
12 0.387159
13 0.38243
14 0.377682
15 0.372915
16 0.368128
17 0.363328
18 0.358549
19 0.353783
20 0.349054
21 0.344348
22 0.339719
23 0.335159
24 0.330649
25 0.326205
26 0.321837
27 0.31754
28 0.313327
29 0.309199
30 0.305137
31 0.30115
32 0.297247
33 0.293412
34 0.289672
35 0.286002
36 0.282414
37 0.278898
38 0.275467
39 0.272116
40 0.26884
41 0.265633
42 0.262503
43 0.259442
44 0.25645
45 0.253522
46 0.25066
47 0.247862
48 0.24513
49 0.242453
50 0.239838
51 0.237285
52 0.234781
53 0.232328
54 0.229935
55 0.227593
56 0.225301
57 0.22306
58 0.220862
59 0.218715
60 0.21661
61 0.214549
62 0.212528
63 0.210548
64 0.208605
65 0.206703
66 0.204841
67 0.203014
68 0.20122
69 0.199462
70 0.197735
71 0.196043
72 0.194382
73 0.192753
74 0.191156
75 0.189588
76 0.188046
77 0.186533
78 0.185047
79 0.183587
80 0.182152
81 0.180745
82 0.179359
83 0.178
84 0.176662
85 0.175349
86 0.174056
87 0.172782
88 0.171529
89 0.170298
90 0.169088
91 0.167896
92 0.166723
93 0.165569
94 0.164431
95 0.16331
96 0.162207
97 0.161124
98 0.160056
99 0.159005
100 0.157967
101 0.156946
102 0.15594
103 0.154945
104 0.153965
105 0.153
106 0.152051
107 0.151113
108 0.150188
109 0.149276
110 0.148377
111 0.147489
112 0.146615
113 0.145752
114 0.144901
115 0.144061
116 0.143232
117 0.142413
118 0.141603
119 0.140805
120 0.140016
121 0.139239
122 0.13847
123 0.137712
124 0.136964
125 0.136224
126 0.135493
127 0.134772
128 0.13406
129 0.133356
130 0.13266
131 0.131971
132 0.131292
133 0.13062
134 0.129957
135 0.129299
136 0.128651
137 0.128009
138 0.127376
139 0.126749
140 0.12613
141 0.125516
142 0.12491
143 0.124311
144 0.123718
145 0.123131
146 0.12255
147 0.121976
148 0.121408
149 0.120846
150 0.12029
151 0.11974
152 0.119195
153 0.118656
154 0.118123
155 0.117594
156 0.117071
157 0.116554
158 0.116042
159 0.115534
160 0.115032
161 0.114533
162 0.11404
163 0.113552
164 0.11307
165 0.112592
166 0.112119
167 0.11165
168 0.111186
169 0.110725
170 0.110269
171 0.109817
172 0.10937
173 0.108927
174 0.108488
175 0.108053
176 0.107622
177 0.107195
178 0.106771
179 0.106351
180 0.105936
181 0.105524
182 0.105115
183 0.10471
184 0.104309
185 0.103911
186 0.103516
187 0.103124
188 0.102737
189 0.102352
190 0.101971
191 0.101593
192 0.101219
193 0.100847
194 0.100477
195 0.100111
196 0.099749
197 0.0993889
198 0.0990321
199 0.0986783
200 0.0983281
201 0.09798
202 0.0976351
203 0.0972932
204 0.0969529
205 0.0966167
206 0.0962823
207 0.0959508
208 0.0956211
209 0.0952949
210 0.0949709
211 0.0946499
212 0.0943313
213 0.0940146
214 0.0937004
215 0.0933891
216 0.0930798
217 0.092773
218 0.0924679
219 0.0921659
220 0.0918658
221 0.091568
222 0.0912721
223 0.0909787
224 0.0906872
225 0.0903986
226 0.0901114
227 0.0898265
228 0.0895437
229 0.089262
230 0.0889824
231 0.0887049
232 0.0884295
233 0.0881552
234 0.0878843
235 0.0876147
236 0.0873469
237 0.0870805
238 0.0868165
239 0.0865548
240 0.0862944
241 0.0860359
242 0.0857792
243 0.0855244
244 0.0852709
245 0.0850194
246 0.0847694
247 0.0845211
248 0.0842745
249 0.0840295
250 0.0837862
251 0.0835444
252 0.0833038
253 0.0830656
254 0.0828284
255 0.0825927
256 0.0823586
257 0.0821258
258 0.0818943
259 0.0816645
260 0.0814365
261 0.08121
262 0.0809846
263 0.0807606
264 0.0805378
265 0.0803175
266 0.0800976
267 0.0798792
268 0.0796628
269 0.0794472
270 0.0792326
271 0.0790197
272 0.078808
273 0.078598
274 0.0783887
275 0.0781812
276 0.0779747
277 0.0777694
278 0.0775647
279 0.0773621
280 0.0771603
281 0.0769595
282 0.0767599
283 0.0765615
284 0.0763639
285 0.0761677
286 0.0759733
287 0.0757797
288 0.075587
289 0.0753955
290 0.0752052
291 0.075016
292 0.0748282
293 0.074641
294 0.0744554
295 0.0742703
296 0.0740866
297 0.0739035
298 0.0737219
299 0.0735411
300 0.0733612
301 0.0731824
302 0.0730046
303 0.0728279
304 0.0726517
305 0.0724763
306 0.0723024
307 0.0721293
308 0.0719573
309 0.0717865
310 0.0716165
311 0.071447
312 0.0712787
313 0.0711108
314 0.0709442
315 0.0707782
316 0.0706132
317 0.0704488
318 0.0702856
319 0.0701229
320 0.0699609
321 0.0698007
322 0.0696408
323 0.0694818
324 0.0693239
325 0.0691666
326 0.0690097
327 0.068854
328 0.0686991
329 0.0685449
330 0.0683913
331 0.0682385
332 0.0680865
333 0.0679356
334 0.0677853
335 0.0676352
336 0.0674867
337 0.0673384
338 0.0671912
339 0.0670445
340 0.0668988
341 0.0667537
342 0.0666093
343 0.0664655
344 0.0663228
345 0.0661805
346 0.0660388
347 0.0658978
348 0.0657577
349 0.0656179
350 0.0654787
351 0.0653406
352 0.0652029
353 0.0650661
354 0.0649297
355 0.0647943
356 0.0646593
357 0.064525
358 0.0643913
359 0.0642584
360 0.0641261
361 0.0639941
362 0.0638629
363 0.0637321
364 0.0636023
365 0.0634727
366 0.0633438
367 0.0632156
368 0.063088
369 0.0629609
370 0.0628345
371 0.0627085
372 0.062583
373 0.0624581
374 0.0623343
375 0.0622107
376 0.0620875
377 0.0619649
378 0.061843
379 0.0617217
380 0.0616008
381 0.0614802
382 0.0613602
383 0.0612409
384 0.061122
385 0.0610036
386 0.0608859
387 0.0607686
388 0.0606518
389 0.0605352
390 0.0604194
391 0.060304
392 0.0601893
393 0.0600752
394 0.0599613
395 0.0598484
396 0.0597356
397 0.0596235
398 0.0595118
399 0.0594004
400 0.0592895
