1 0.5
2 0.359573
3 0.298603
4 0.262392
5 0.238163
6 0.220545
7 0.207042
8 0.196417
9 0.187563
10 0.180296
11 0.173882
12 0.168368
13 0.16369
14 0.159137
15 0.155665
16 0.152073
17 0.149069
18 0.145947
19 0.143644
20 0.141285
21 0.138657
22 0.136918
23 0.135004
24 0.132984
25 0.131397
26 0.130146
27 0.128711
28 0.126917
29 0.126185
30 0.125049
31 0.123533
32 0.122464
33 0.121421
34 0.121233
35 0.119745
36 0.118696
37 0.118138
38 0.117375
39 0.117155
40 0.116506
41 0.115833
42 0.11485
43 0.114785
44 0.114549
45 0.114195
46 0.11365
47 0.113491
48 0.112895
49 0.112471
50 0.112449
51 0.112265
52 0.111717
53 0.111724
54 0.111322
55 0.111163
56 0.110943
57 0.111736
58 0.110477
59 0.110292
60 0.110218
61 0.110038
62 0.109892
63 0.109859
64 0.109138
65 0.10969
66 0.109501
67 0.109466
68 0.109209
69 0.109233
70 0.109108
71 0.108959
72 0.108984
73 0.107382
74 0.108905
75 0.108579
76 0.108773
77 0.108559
78 0.108425
79 0.108501
80 0.108372
81 0.108215
82 0.108199
83 0.108351
84 0.108123
85 0.107428
86 0.107669
87 0.107957
88 0.107989
89 0.108378
90 0.107935
91 0.108162
92 0.107792
93 0.107874
94 0.107849
95 0.107253
96 0.107512
97 0.107521
98 0.107283
99 0.107471
100 0.107761
101 0.107153
102 0.10676
103 0.10719
104 0.107177
105 0.107565
106 0.107134
107 0.106859
108 0.107383
109 0.106979
110 0.10693
111 0.106857
112 0.106854
113 0.10687
114 0.106681
115 0.106991
116 0.106664
117 0.107217
118 0.106442
119 0.106355
120 0.106767
121 0.106544
122 0.106768
123 0.106262
124 0.10632
125 0.106132
126 0.106196
127 0.10678
128 0.106354
129 0.106217
130 0.106425
131 0.106497
132 0.106042
133 0.105971
134 0.106118
135 0.106353
136 0.106007
137 0.105918
138 0.105914
139 0.106062
140 0.105907
141 0.106173
142 0.106194
143 0.106089
144 0.106113
145 0.10554
146 0.105941
147 0.105502
148 0.105502
149 0.105836
150 0.105851
151 0.105386
152 0.105659
153 0.10586
154 0.105239
155 0.105508
156 0.105164
157 0.105269
158 0.105411
159 0.105595
160 0.105274
161 0.105471
162 0.105412
163 0.105389
164 0.105276
165 0.105279
166 0.105351
167 0.105226
168 0.105162
169 0.105195
170 0.10379
171 0.106328
172 0.104818
173 0.104607
174 0.104796
175 0.104751
176 0.1047
177 0.104761
178 0.104751
179 0.104767
180 0.10483
181 0.104249
182 0.104734
183 0.104627
184 0.104778
185 0.104291
186 0.104781
187 0.104217
188 0.104518
189 0.104284
190 0.104187
191 0.104434
192 0.104018
193 0.104175
194 0.104213
195 0.10453
196 0.104107
197 0.104451
198 0.104149
199 0.103852
200 0.104122
201 0.103791
202 0.103858
203 0.103703
204 0.103817
205 0.102861
206 0.103856
207 0.103704
208 0.10353
209 0.103742
210 0.103767
211 0.103568
212 0.10363
213 0.103617
214 0.103285
215 0.103466
216 0.10378
217 0.103362
218 0.103516
219 0.103291
220 0.10345
221 0.103399
222 0.103218
223 0.103503
224 0.103074
225 0.103478
226 0.103225
227 0.10317
228 0.10313
229 0.102933
230 0.103227
231 0.102817
232 0.103393
233 0.103093
234 0.102919
235 0.103239
236 0.102924
237 0.102609
238 0.102694
239 0.103023
240 0.102732
241 0.102064
242 0.102751
243 0.102678
244 0.102612
245 0.102601
246 0.1025
247 0.102459
248 0.102551
249 0.10258
250 0.102466
251 0.102576
252 0.102622
253 0.102425
254 0.102108
255 0.101001
256 0.102527
257 0.103702
258 0.102837
259 0.102267
260 0.102045
261 0.10211
262 0.101848
263 0.102107
264 0.102122
265 0.10204
266 0.101834
267 0.102163
268 0.101895
269 0.101781
270 0.102091
271 0.101609
272 0.101859
273 0.102498
274 0.101771
275 0.101922
276 0.101638
277 0.101991
278 0.10176
279 0.101691
280 0.101736
281 0.101719
282 0.101815
283 0.101568
284 0.101756
285 0.101414
286 0.101724
287 0.101378
288 0.101618
289 0.101323
290 0.101344
291 0.101464
292 0.101495
293 0.101345
294 0.101316
295 0.101539
296 0.101168
297 0.101283
298 0.101392
299 0.101073
300 0.101437
301 0.10118
302 0.100944
303 0.101291
304 0.101176
305 0.101255
306 0.101443
307 0.100611
308 0.100903
309 0.100933
310 0.101212
311 0.100879
312 0.100717
313 0.101156
314 0.10103
315 0.101345
316 0.100674
317 0.100856
318 0.101126
319 0.100825
320 0.100506
321 0.100537
322 0.100552
323 0.100987
324 0.100897
325 0.100727
326 0.100671
327 0.100233
328 0.100469
329 0.100442
330 0.100602
331 0.100374
332 0.100656
333 0.100683
334 0.100542
335 0.100398
336 0.10032
337 0.100323
338 0.100267
339 0.100204
340 0.100313
341 0.10145
342 0.099792
343 0.100262
344 0.100232
345 0.100304
346 0.100122
347 0.100272
348 0.100068
349 0.0999359
350 0.0999526
351 0.100265
352 0.099935
353 0.100079
354 0.100148
355 0.0998359
356 0.100098
357 0.0999048
358 0.0998657
359 0.0999195
360 0.0999227
361 0.0999165
362 0.0997819
363 0.0997627
364 0.0998219
365 0.099714
366 0.100033
367 0.0996731
368 0.0997257
369 0.0997284
370 0.0997819
371 0.0996019
372 0.0996916
373 0.0996025
374 0.0996527
375 0.0993787
376 0.0996513
377 0.0995699
378 0.0996312
379 0.0995148
380 0.0995384
381 0.0998983
382 0.0993385
383 0.0991545
384 0.0996195
385 0.0998168
386 0.0994926
387 0.0995112
388 0.0992794
389 0.0992134
390 0.0994414
391 0.0992058
392 0.0993235
393 0.0990447
394 0.0992179
395 0.09922
396 0.0992149
397 0.099211
398 0.0990838
399 0.0989968
400 0.0992143
