1 0.100211
2 0.104101
3 0.107843
4 0.111619
5 0.115723
6 0.119983
7 0.124316
8 0.128679
9 0.133185
10 0.137843
11 0.14252
12 0.147283
13 0.152077
14 0.156995
15 0.161931
16 0.166858
17 0.171789
18 0.176813
19 0.181777
20 0.186722
21 0.191732
22 0.196658
23 0.201535
24 0.206446
25 0.211334
26 0.216103
27 0.22085
28 0.225526
29 0.230208
30 0.234798
31 0.239306
32 0.243826
33 0.24823
34 0.252625
35 0.256975
36 0.261223
37 0.265405
38 0.269551
39 0.273629
40 0.277639
41 0.281658
42 0.285506
43 0.289358
44 0.293145
45 0.296902
46 0.300548
47 0.304161
48 0.307717
49 0.311248
50 0.314701
51 0.318105
52 0.321469
53 0.324775
54 0.328059
55 0.33125
56 0.334401
57 0.337542
58 0.340595
59 0.343611
60 0.346591
61 0.349544
62 0.352447
63 0.355323
64 0.358127
65 0.360931
66 0.363668
67 0.366377
68 0.369039
69 0.371693
70 0.374299
71 0.376865
72 0.379391
73 0.381869
74 0.384379
75 0.386817
76 0.389219
77 0.391589
78 0.39395
79 0.396278
80 0.398556
81 0.400816
82 0.403043
83 0.405256
84 0.40745
85 0.409604
86 0.411747
87 0.41386
88 0.415941
89 0.418017
90 0.420038
91 0.422052
92 0.424028
93 0.426004
94 0.427951
95 0.429885
96 0.431786
97 0.433672
98 0.435534
99 0.43738
100 0.4392
101 0.441006
102 0.442781
103 0.444574
104 0.446315
105 0.448057
106 0.449759
107 0.451453
108 0.453128
109 0.4548
110 0.456446
111 0.45807
112 0.459684
113 0.46128
114 0.462867
115 0.464422
116 0.465967
117 0.467512
118 0.469018
119 0.47053
120 0.472032
121 0.473511
122 0.474988
123 0.476438
124 0.477884
125 0.47931
126 0.480731
127 0.482119
128 0.483517
129 0.484905
130 0.486271
131 0.487623
132 0.488974
133 0.490302
134 0.491621
135 0.492933
136 0.494227
137 0.49551
138 0.496787
139 0.498054
140 0.49932
141 0.500566
142 0.501801
143 0.503028
144 0.504252
145 0.505461
146 0.506656
147 0.507843
148 0.509025
149 0.510191
150 0.511358
151 0.512513
152 0.513655
153 0.514791
154 0.515919
155 0.517036
156 0.518149
157 0.519251
158 0.520341
159 0.521426
160 0.522504
161 0.523573
162 0.524631
163 0.525689
164 0.526728
165 0.52777
166 0.528806
167 0.529829
168 0.530846
169 0.531852
170 0.532848
171 0.533824
172 0.53486
173 0.535832
174 0.536808
175 0.537772
176 0.538735
177 0.539692
178 0.540644
179 0.541576
180 0.542517
181 0.543442
182 0.544368
183 0.545285
184 0.546194
185 0.547099
186 0.548008
187 0.548891
188 0.549784
189 0.550667
190 0.551542
191 0.552409
192 0.55328
193 0.554142
194 0.554998
195 0.555836
196 0.556692
197 0.557521
198 0.558367
199 0.559197
200 0.560013
201 0.560836
202 0.561648
203 0.562461
204 0.563264
205 0.564053
206 0.564855
207 0.565643
208 0.566431
209 0.567212
210 0.567989
211 0.568763
212 0.569527
213 0.570291
214 0.571051
215 0.571806
216 0.572553
217 0.573298
218 0.57404
219 0.574776
220 0.575521
221 0.576242
222 0.576969
223 0.57769
224 0.578407
225 0.579121
226 0.579833
227 0.580542
228 0.581226
229 0.581931
230 0.582625
231 0.583313
232 0.583999
233 0.584683
234 0.585362
235 0.586035
236 0.586711
237 0.587377
238 0.588043
239 0.588695
240 0.589364
241 0.590036
242 0.590674
243 0.591323
244 0.591963
245 0.592606
246 0.593243
247 0.593882
248 0.594514
249 0.595145
250 0.595769
251 0.596388
252 0.597009
253 0.597616
254 0.598228
255 0.598871
256 0.599461
257 0.600049
258 0.600686
259 0.601287
260 0.601876
261 0.602466
262 0.603053
263 0.603642
264 0.604228
265 0.60481
266 0.605389
267 0.60597
268 0.606542
269 0.607117
270 0.607684
271 0.608259
272 0.608813
273 0.609355
274 0.609932
275 0.610489
276 0.611045
277 0.611592
278 0.612142
279 0.612689
280 0.613232
281 0.613773
282 0.61431
283 0.614844
284 0.615374
285 0.615911
286 0.616435
287 0.616962
288 0.617487
289 0.618008
290 0.61853
291 0.619046
292 0.619568
293 0.620066
294 0.620578
295 0.621089
296 0.621596
297 0.622097
298 0.622598
299 0.623101
300 0.623595
301 0.624092
302 0.624582
303 0.625078
304 0.625565
305 0.626048
306 0.626534
307 0.627051
308 0.627505
309 0.627983
310 0.628457
311 0.628935
312 0.629404
313 0.629874
314 0.630345
315 0.630787
316 0.631275
317 0.631731
318 0.6322
319 0.632658
320 0.633118
321 0.633574
322 0.634026
323 0.634481
324 0.63493
325 0.63538
326 0.63582
327 0.636273
328 0.636713
329 0.637165
330 0.637598
331 0.638041
332 0.638478
333 0.638906
334 0.63934
335 0.639777
336 0.640204
337 0.640628
338 0.641058
339 0.641485
340 0.641913
341 0.64231
342 0.642749
343 0.643163
344 0.643583
345 0.644
346 0.644413
347 0.644827
348 0.645237
349 0.64565
350 0.646056
351 0.646463
352 0.646867
353 0.647273
354 0.647676
355 0.648083
356 0.64848
357 0.648878
358 0.649271
359 0.649665
360 0.650058
361 0.65045
362 0.650837
363 0.651229
364 0.651618
365 0.652006
366 0.652379
367 0.652775
368 0.653155
369 0.65353
370 0.653915
371 0.654293
372 0.654674
373 0.655043
374 0.655422
375 0.655797
376 0.656166
377 0.656539
378 0.656908
379 0.657278
380 0.657642
381 0.657997
382 0.658363
383 0.658731
384 0.659095
385 0.659454
386 0.659818
387 0.660174
388 0.66053
389 0.660886
390 0.661236
391 0.661597
392 0.661948
393 0.662297
394 0.662648
395 0.662992
396 0.663345
397 0.663688
398 0.664043
399 0.664381
400 0.66472
