1 0.100211
2 0.10799
3 0.115335
4 0.122939
5 0.132157
6 0.14127
7 0.150292
8 0.159236
9 0.169195
10 0.179642
11 0.189615
12 0.199468
13 0.209481
14 0.221028
15 0.230827
16 0.241045
17 0.251016
18 0.261586
19 0.271105
20 0.28112
21 0.291302
22 0.301014
23 0.309277
24 0.318612
25 0.327771
26 0.335859
27 0.344086
28 0.352311
29 0.361513
30 0.367576
31 0.375627
32 0.38293
33 0.390706
34 0.396643
35 0.403368
36 0.410899
37 0.416358
38 0.421969
39 0.428105
40 0.435051
41 0.440388
42 0.445091
43 0.450776
44 0.456422
45 0.461016
46 0.465527
47 0.470473
48 0.475237
49 0.480452
50 0.48451
51 0.488505
52 0.492514
53 0.496549
54 0.501161
55 0.504712
56 0.507516
57 0.512188
58 0.515555
59 0.51927
60 0.522502
61 0.525873
62 0.529314
63 0.532838
64 0.536196
65 0.538792
66 0.54246
67 0.545482
68 0.548313
69 0.551434
70 0.553694
71 0.55731
72 0.558827
73 0.56194
74 0.565205
75 0.567516
76 0.569902
77 0.57168
78 0.575039
79 0.577227
80 0.57941
81 0.581824
82 0.584351
83 0.586161
84 0.589171
85 0.591279
86 0.592461
87 0.595908
88 0.597136
89 0.599179
90 0.601029
91 0.602563
92 0.605128
93 0.607905
94 0.608742
95 0.611597
96 0.612724
97 0.614488
98 0.616866
99 0.618252
100 0.619507
101 0.621257
102 0.623275
103 0.624856
104 0.626455
105 0.628246
106 0.629375
107 0.631352
108 0.632942
109 0.63477
110 0.635705
111 0.637085
112 0.63864
113 0.640406
114 0.640813
115 0.642565
116 0.644014
117 0.645613
118 0.64692
119 0.648276
120 0.650493
121 0.651337
122 0.652999
123 0.653828
124 0.655236
125 0.656982
126 0.657538
127 0.658599
128 0.660029
129 0.661263
130 0.662611
131 0.664362
132 0.665295
133 0.666582
134 0.667052
135 0.668009
136 0.669106
137 0.670736
138 0.671348
139 0.673068
140 0.674403
141 0.675598
142 0.676365
143 0.677495
144 0.678756
145 0.679624
146 0.679712
147 0.681214
148 0.682594
149 0.683607
150 0.684791
151 0.685556
152 0.686423
153 0.687171
154 0.688235
155 0.689352
156 0.690169
157 0.691165
158 0.692323
159 0.692389
160 0.694141
161 0.694353
162 0.695375
163 0.696551
164 0.697641
165 0.697798
166 0.699094
167 0.700155
168 0.700868
169 0.701811
170 0.701703
171 0.703279
172 0.704091
173 0.704659
174 0.706082
175 0.705871
176 0.707039
177 0.70801
178 0.708251
179 0.709386
180 0.709788
181 0.710201
182 0.711483
183 0.712548
184 0.712794
185 0.713439
186 0.714835
187 0.715162
188 0.716427
189 0.716276
190 0.717142
191 0.718038
192 0.718905
193 0.719866
194 0.719586
195 0.720482
196 0.721814
197 0.722205
198 0.7225
199 0.72356
200 0.722979
201 0.725113
202 0.725348
203 0.726028
204 0.726371
205 0.727328
206 0.727291
207 0.728529
208 0.729077
209 0.728969
210 0.73045
211 0.731583
212 0.731467
213 0.732201
214 0.732366
215 0.733212
216 0.733768
217 0.734439
218 0.734995
219 0.735684
220 0.736251
221 0.736442
222 0.737231
223 0.738049
224 0.737964
225 0.739289
226 0.739584
227 0.739587
228 0.740088
229 0.740999
230 0.741255
231 0.741785
232 0.74278
233 0.742923
234 0.743278
235 0.744334
236 0.744708
237 0.745023
238 0.745688
239 0.746364
240 0.746933
241 0.74764
242 0.747865
243 0.748108
244 0.74843
245 0.749176
246 0.749885
247 0.750026
248 0.750913
249 0.751123
250 0.751497
251 0.7525
252 0.752557
253 0.752885
254 0.753944
255 0.754035
256 0.753943
257 0.755791
258 0.755398
259 0.756034
260 0.756121
261 0.757202
262 0.757337
263 0.757139
264 0.758408
265 0.758416
266 0.759239
267 0.759837
268 0.76022
269 0.760233
270 0.761024
271 0.761179
272 0.761223
273 0.762115
274 0.762392
275 0.763002
276 0.763336
277 0.763995
278 0.763876
279 0.764282
280 0.765221
281 0.765215
282 0.764972
283 0.765537
284 0.76609
285 0.766596
286 0.76694
287 0.767483
288 0.767909
289 0.768222
290 0.769019
291 0.769131
292 0.76933
293 0.769329
294 0.770055
295 0.770925
296 0.770606
297 0.771004
298 0.77142
299 0.771448
300 0.772312
301 0.772991
302 0.772852
303 0.773356
304 0.774009
305 0.774395
306 0.774769
307 0.774648
308 0.774778
309 0.775297
310 0.775802
311 0.77624
312 0.776162
313 0.777258
314 0.777041
315 0.777355
316 0.777802
317 0.777728
318 0.778927
319 0.778784
320 0.77862
321 0.779479
322 0.780021
323 0.780284
324 0.780231
325 0.780618
326 0.781113
327 0.781333
328 0.781827
329 0.782687
330 0.782788
331 0.782747
332 0.783009
333 0.783144
334 0.783776
335 0.78372
336 0.783871
337 0.784479
338 0.784895
339 0.784886
340 0.786082
341 0.786009
342 0.786023
343 0.786502
344 0.786632
345 0.786588
346 0.787405
347 0.787544
348 0.787742
349 0.787786
350 0.78872
351 0.78897
352 0.789148
353 0.789689
354 0.790127
355 0.79041
356 0.790274
357 0.790187
358 0.791066
359 0.790486
360 0.791094
361 0.791136
362 0.791953
363 0.792241
364 0.792725
365 0.792571
366 0.792778
367 0.793338
368 0.793439
369 0.793327
370 0.794127
371 0.794244
372 0.794914
373 0.794792
374 0.794942
375 0.795499
376 0.795345
377 0.79611
378 0.796595
379 0.796323
380 0.796613
381 0.796986
382 0.796245
383 0.797606
384 0.797711
385 0.798182
386 0.798232
387 0.797936
388 0.799013
389 0.799346
390 0.799232
391 0.799403
392 0.799215
393 0.799832
394 0.800204
395 0.800609
396 0.800264
397 0.800596
398 0.800936
399 0.801448
400 0.801058
