1 0.314304
2 0.314111
3 0.313883
4 0.313366
5 0.313637
6 0.313651
7 0.314045
8 0.313458
9 0.313657
10 0.313968
11 0.314172
12 0.313671
13 0.313919
14 0.314165
15 0.313798
16 0.242098
17 0.242594
18 0.242305
19 0.241803
20 0.239594
21 0.234804
22 0.226054
23 0.214157
24 0.201446
25 0.190166
26 0.180826
27 0.173099
28 0.166382
29 0.161787
30 0.156618
31 0.152067
32 0.14842
33 0.145684
34 0.145882
35 0.14443
36 0.143555
37 0.143246
38 0.144318
39 0.144285
40 0.149483
41 0.149658
42 0.149405
43 0.151594
44 0.152317
45 0.153601
46 0.155924
47 0.157431
48 0.156965
49 0.156737
50 0.162871
51 0.160761
52 0.158992
53 0.157806
54 0.161686
55 0.159241
56 0.159891
57 0.158872
58 0.15771
59 0.156926
60 0.159196
61 0.156535
62 0.15511
63 0.153633
64 0.151867
65 0.150626
66 0.149121
67 0.151117
68 0.150908
69 0.14949
70 0.148345
71 0.147954
72 0.147444
73 0.147573
74 0.148518
75 0.147834
76 0.146835
77 0.147648
78 0.147979
79 0.147964
80 0.148582
81 0.148771
82 0.14906
83 0.148754
84 0.149076
85 0.14875
86 0.148509
87 0.149503
88 0.149442
89 0.149379
90 0.149478
91 0.149442
92 0.149426
93 0.149044
94 0.149118
95 0.148927
96 0.149447
97 0.149256
98 0.149124
99 0.149816
100 0.154453
101 0.153513
102 0.152045
103 0.150927
104 0.149308
105 0.147565
106 0.146342
107 0.144975
108 0.143448
109 0.141846
110 0.140293
111 0.138918
112 0.137335
113 0.137216
114 0.136794
115 0.135776
116 0.135141
117 0.134351
118 0.133545
119 0.132669
120 0.131332
121 0.130326
122 0.12942
123 0.128507
124 0.127429
125 0.127061
126 0.126986
127 0.126952
128 0.127178
129 0.127927
130 0.125513
131 0.123163
132 0.121082
133 0.119154
134 0.117029
135 0.115254
136 0.113094
137 0.111486
138 0.109959
139 0.108669
140 0.107155
141 0.105735
142 0.104517
143 0.103884
144 0.102854
145 0.101919
146 0.100908
147 0.0998524
148 0.0989091
149 0.0979958
150 0.0974468
151 0.096511
152 0.0958729
153 0.095097
154 0.0943921
155 0.0936042
156 0.0927856
157 0.0923057
158 0.0916854
159 0.0911707
160 0.0907632
161 0.0909213
162 0.0923403
163 0.0911551
164 0.0900164
165 0.0889002
166 0.0878196
167 0.086934
168 0.0863476
169 0.0857054
170 0.0850673
171 0.0847271
172 0.084478
173 0.0841425
174 0.0835603
175 0.0830622
176 0.0823761
177 0.0819555
178 0.081602
179 0.0812607
180 0.0810125
181 0.0806419
182 0.0803516
183 0.0801261
184 0.0797597
185 0.0795097
186 0.0790905
187 0.0789055
188 0.0786425
189 0.0785996
190 0.0784025
191 0.0779907
192 0.0777229
193 0.0771773
194 0.0767438
195 0.0765396
196 0.076052
197 0.07593
198 0.0756705
199 0.0754374
200 0.0752514
201 0.0751943
202 0.0749259
203 0.0747028
204 0.0744155
205 0.074056
206 0.0737766
207 0.0734037
208 0.0731385
209 0.0731348
210 0.0729887
211 0.072743
212 0.0726452
213 0.0725604
214 0.07235
215 0.0721829
216 0.071882
217 0.0715453
218 0.0712346
219 0.0710339
220 0.0707618
221 0.0707504
222 0.0706453
223 0.0701845
224 0.070081
225 0.0698602
226 0.0695454
227 0.0692588
228 0.0689893
229 0.0687204
230 0.0684649
231 0.0683505
232 0.0683282
233 0.0683269
234 0.0681489
235 0.0678559
236 0.0675649
237 0.0672895
238 0.0672095
239 0.0670503
240 0.066978
241 0.0666369
242 0.0663845
243 0.0664146
244 0.0664655
245 0.0661663
246 0.065816
247 0.06552
248 0.0650749
249 0.0649953
250 0.0646636
251 0.0644411
252 0.0641053
253 0.0639471
254 0.063962
255 0.0637932
256 0.0636537
257 0.0635347
258 0.0633292
259 0.0631737
260 0.0630337
261 0.0630604
262 0.0628553
263 0.0626378
264 0.0622863
265 0.0621292
266 0.0621454
267 0.0618921
268 0.0618185
269 0.0618586
270 0.0618091
271 0.0617274
272 0.0617938
273 0.0615827
274 0.0614441
275 0.0614686
276 0.0614434
277 0.0610256
278 0.0609159
279 0.0606024
280 0.0603114
281 0.0601066
282 0.0598203
283 0.0597534
284 0.0595505
285 0.0594543
286 0.0593317
287 0.0593263
288 0.0592064
289 0.0590288
290 0.0588048
291 0.0587778
292 0.058614
293 0.0583272
294 0.0582545
295 0.05808
296 0.0580451
297 0.0579558
298 0.0577577
299 0.0576383
300 0.057507
301 0.0573204
302 0.0572726
303 0.0570398
304 0.0570056
305 0.0570647
306 0.0568971
307 0.0567152
308 0.0566668
309 0.0566162
310 0.0564598
311 0.0563792
312 0.0563173
313 0.0562812
314 0.0560503
315 0.0559443
316 0.0557709
317 0.0556404
318 0.0554168
319 0.05536
320 0.0551567
321 0.0550938
322 0.054912
323 0.0547532
324 0.054612
325 0.0544582
326 0.0543693
327 0.0542546
328 0.0540576
329 0.0540155
330 0.0540393
331 0.0539063
332 0.0537867
333 0.0537312
334 0.053605
335 0.0533055
336 0.0531969
337 0.0530724
338 0.0529344
339 0.0528048
340 0.0526405
341 0.0527614
342 0.0526798
343 0.0526457
344 0.0524622
345 0.0522844
346 0.0521433
347 0.0519913
348 0.0519849
349 0.0518764
350 0.0517784
351 0.0517943
352 0.0517455
353 0.0518171
354 0.0517539
355 0.0516551
356 0.0515944
357 0.0514407
358 0.0511913
359 0.0510353
360 0.0509639
361 0.0508273
362 0.0507175
363 0.0507092
364 0.050548
365 0.050272
366 0.0501126
367 0.0500655
368 0.0500247
369 0.0498642
370 0.0497685
371 0.0499441
372 0.0498639
373 0.0498367
374 0.0497886
375 0.0495613
376 0.0494208
377 0.049433
378 0.0492715
379 0.049038
380 0.0490235
381 0.0490953
382 0.0491444
383 0.0492125
384 0.0489177
385 0.0488018
386 0.0486779
387 0.0484978
388 0.0483528
389 0.0482958
390 0.0481792
391 0.0481337
392 0.0480576
393 0.0481088
394 0.0479741
395 0.0478191
396 0.0477706
397 0.0477328
398 0.0475714
399 0.0474803
400 0.0474651
