1 0.500061
6 0.500057
11 0.50015
16 0.500115
21 0.500048
26 0.500623
31 0.505624
36 0.511241
41 0.516456
46 0.521437
51 0.525762
56 0.529843
61 0.533437
66 0.536716
71 0.539676
76 0.542428
81 0.544937
86 0.54721
91 0.549302
96 0.551277
101 0.553038
106 0.554789
111 0.556258
116 0.557824
121 0.559086
126 0.560458
131 0.561649
136 0.562787
141 0.563778
146 0.564865
151 0.565855
156 0.566788
161 0.567702
166 0.568526
171 0.569255
176 0.570059
181 0.570772
186 0.571536
191 0.572155
196 0.572753
200 0.57329
