1 0.388288
6 0.472624
11 0.517231
16 0.548921
21 0.569973
26 0.595642
31 0.615963
36 0.63225
41 0.645943
46 0.659482
51 0.669238
56 0.67886
61 0.687388
66 0.694888
71 0.700979
76 0.707493
81 0.713841
86 0.719397
91 0.724162
96 0.728901
101 0.733303
106 0.737608
111 0.741064
116 0.745873
121 0.748389
126 0.75231
131 0.755136
136 0.757872
141 0.761354
146 0.763789
151 0.767295
156 0.770215
161 0.772052
166 0.774311
171 0.777241
176 0.779309
181 0.781139
186 0.783004
191 0.785034
196 0.786706
200 0.788848
