1 0.110084
6 0.110084
11 0.110033
16 0.110084
21 0.110183
26 0.0933923
31 0.0734618
36 0.0596148
41 0.0520941
46 0.0473229
51 0.0420089
56 0.0379107
61 0.0347208
66 0.0320911
71 0.0300045
76 0.0281674
81 0.0265417
86 0.0251219
91 0.0238953
96 0.0228537
101 0.0218385
106 0.0208947
111 0.0200939
116 0.0192883
121 0.0186801
126 0.0179476
131 0.0174243
136 0.0168557
141 0.0163948
146 0.0158899
151 0.0154161
156 0.0150023
161 0.0146692
166 0.0142632
171 0.0138891
176 0.0136037
181 0.0132898
186 0.0130096
191 0.0127459
196 0.0124983
200 0.0122422
