1 0.500001
2 0.365179
3 0.307198
4 0.268261
5 0.242426
6 0.224868
7 0.210204
8 0.198702
9 0.189177
10 0.182194
11 0.175617
12 0.170045
13 0.165418
14 0.161145
15 0.157631
16 0.154491
17 0.151627
18 0.148856
19 0.146607
20 0.14461
21 0.142546
22 0.141046
23 0.139259
24 0.137794
25 0.136624
26 0.135406
27 0.134082
28 0.132987
29 0.132238
30 0.131337
31 0.130296
32 0.129477
33 0.128553
34 0.128386
35 0.127441
36 0.126525
37 0.12592
38 0.125402
39 0.125043
40 0.12448
41 0.123854
42 0.123347
43 0.122828
44 0.12276
45 0.122218
46 0.12171
47 0.121203
48 0.120738
49 0.12076
50 0.12042
51 0.120093
52 0.119644
53 0.119424
54 0.118899
55 0.11878
56 0.118576
57 0.118463
58 0.118238
59 0.117664
60 0.117533
61 0.117431
62 0.117029
63 0.116829
64 0.116289
65 0.116453
66 0.116378
67 0.116151
68 0.115961
69 0.115744
70 0.115566
71 0.115317
72 0.114966
73 0.114686
74 0.114856
75 0.11464
76 0.114707
77 0.114504
78 0.114424
79 0.114369
80 0.1141
81 0.113975
82 0.114001
83 0.113749
84 0.113566
85 0.113663
86 0.11338
87 0.113213
88 0.113254
89 0.11306
90 0.112964
91 0.112976
92 0.112633
93 0.112526
94 0.11257
95 0.112485
96 0.112308
97 0.112202
98 0.112289
99 0.112124
100 0.11203
101 0.111983
102 0.112142
103 0.11174
104 0.111759
105 0.111573
106 0.111509
107 0.111616
108 0.111417
109 0.111275
110 0.111344
111 0.111096
112 0.111083
113 0.110934
114 0.110809
115 0.110931
116 0.110963
117 0.111028
118 0.110803
119 0.11072
120 0.110637
121 0.110582
122 0.110575
123 0.11056
124 0.110465
125 0.110302
126 0.110235
127 0.110243
128 0.110171
129 0.110141
130 0.110035
131 0.110109
132 0.110153
133 0.109875
134 0.109838
135 0.109807
136 0.10973
137 0.109825
138 0.10959
139 0.109523
140 0.109731
141 0.109604
142 0.109578
143 0.109547
144 0.109401
145 0.10945
146 0.109347
147 0.109371
148 0.109227
149 0.109184
150 0.109205
151 0.109069
152 0.109066
153 0.10896
154 0.108939
155 0.109142
156 0.109069
157 0.108926
158 0.10898
159 0.108872
160 0.108852
161 0.108796
162 0.108691
163 0.108683
164 0.108728
165 0.108646
166 0.108538
167 0.108617
168 0.10847
169 0.108556
170 0.108775
171 0.108772
172 0.108326
173 0.10837
174 0.108327
175 0.108361
176 0.108375
177 0.108293
178 0.108232
179 0.108429
180 0.10818
181 0.108102
182 0.108204
183 0.108209
184 0.10806
185 0.108048
186 0.107872
187 0.108204
188 0.107895
189 0.107959
190 0.107895
191 0.107905
192 0.10768
193 0.107959
194 0.107886
195 0.107904
196 0.107841
197 0.107851
198 0.107777
199 0.107742
200 0.107727
201 0.107753
202 0.107635
203 0.107653
204 0.107519
205 0.107912
206 0.10751
207 0.107739
208 0.107521
209 0.107441
210 0.107442
211 0.107421
212 0.107415
213 0.107299
214 0.107525
215 0.107431
216 0.107351
217 0.107435
218 0.107388
219 0.107351
220 0.107397
221 0.107307
222 0.107222
223 0.107311
224 0.107191
225 0.107165
226 0.107295
227 0.107269
228 0.107153
229 0.107188
230 0.107103
231 0.107113
232 0.107125
233 0.107123
234 0.107081
235 0.107099
236 0.107088
237 0.107097
238 0.10693
239 0.107076
240 0.106983
241 0.10694
242 0.106958
243 0.106949
244 0.106966
245 0.107039
246 0.106901
247 0.106885
248 0.106918
249 0.106924
250 0.106969
251 0.106861
252 0.106772
253 0.106916
254 0.106769
255 0.107055
256 0.106784
257 0.106338
258 0.106614
259 0.10666
260 0.106728
261 0.106555
262 0.106619
263 0.106686
264 0.106699
265 0.106611
266 0.106578
267 0.106683
268 0.106608
269 0.106544
270 0.106531
271 0.106504
272 0.106564
273 0.106499
274 0.106642
275 0.106639
276 0.106416
277 0.106464
278 0.106279
279 0.10646
280 0.106558
281 0.106488
282 0.106421
283 0.106358
284 0.10643
285 0.106352
286 0.106402
287 0.10627
288 0.106279
289 0.106439
290 0.106448
291 0.106307
292 0.10636
293 0.106314
294 0.10622
295 0.106187
296 0.106345
297 0.106227
298 0.106224
299 0.106279
300 0.106244
301 0.106121
302 0.106227
303 0.106113
304 0.106099
305 0.106359
306 0.106171
307 0.106008
308 0.106119
309 0.106004
310 0.10628
311 0.106096
312 0.106098
313 0.106055
314 0.106063
315 0.106104
316 0.1061
317 0.106177
318 0.106011
319 0.106093
320 0.105976
321 0.10617
322 0.105959
323 0.106006
324 0.105962
325 0.105953
326 0.105938
327 0.105942
328 0.10604
329 0.105911
330 0.105984
331 0.105942
332 0.106004
333 0.105943
334 0.105929
335 0.105951
336 0.105791
337 0.105869
338 0.105849
339 0.105886
340 0.105827
341 0.105825
342 0.105661
343 0.105951
344 0.105777
345 0.105868
346 0.105772
347 0.105885
348 0.105765
349 0.105689
350 0.105803
351 0.105875
352 0.105688
353 0.10566
354 0.105828
355 0.105754
356 0.105777
357 0.105693
358 0.105666
359 0.105781
360 0.105726
361 0.10576
362 0.105629
363 0.105722
364 0.105658
365 0.105721
366 0.105676
367 0.105623
368 0.105764
369 0.105641
370 0.105555
371 0.105664
372 0.105553
373 0.105661
374 0.105627
375 0.105521
376 0.105577
377 0.105662
378 0.105552
379 0.10556
380 0.105584
381 0.105667
382 0.105414
383 0.105614
384 0.105601
385 0.105525
386 0.105563
387 0.105501
388 0.105519
389 0.105596
390 0.105439
391 0.105483
392 0.1055
393 0.105605
394 0.105545
395 0.105463
396 0.105448
397 0.105546
398 0.105594
399 0.10551
400 0.10546
