1 0.110084
2 0.110084
3 0.110084
4 0.105881
5 0.103397
6 0.100613
7 0.0976302
8 0.095167
9 0.0933553
10 0.0912703
11 0.0895241
12 0.0879975
13 0.0863875
14 0.0847575
15 0.0833178
16 0.0818136
17 0.0803575
18 0.0790361
19 0.0778346
20 0.0765644
21 0.0753996
22 0.074276
23 0.0732129
24 0.0721841
25 0.0712087
26 0.0702411
27 0.0693509
28 0.0684377
29 0.0676432
30 0.0667948
31 0.0659669
32 0.0651122
33 0.0644668
34 0.0636716
35 0.0630504
36 0.0624076
37 0.0617743
38 0.0611672
39 0.0605085
40 0.0599618
41 0.0593741
42 0.0588028
43 0.0582939
44 0.057697
45 0.0572126
46 0.0566912
47 0.0562543
48 0.0557104
49 0.0552613
50 0.0548193
51 0.0544385
52 0.0539274
53 0.0535593
54 0.0531749
55 0.0527268
56 0.0522633
57 0.0520022
58 0.0515962
59 0.0511878
60 0.0509114
61 0.0505925
62 0.050226
63 0.0499759
64 0.0494927
65 0.0492661
66 0.0489128
67 0.0486197
68 0.048295
69 0.0480287
70 0.0477197
71 0.0474836
72 0.0471868
73 0.0469067
74 0.0466193
75 0.0463713
76 0.0460553
77 0.0459749
78 0.0456694
79 0.0453316
80 0.0451185
81 0.0448976
82 0.044646
83 0.0444316
84 0.0442122
85 0.0440061
86 0.0437796
87 0.0435912
88 0.0434143
89 0.04312
90 0.0429927
91 0.0427143
92 0.0425767
93 0.0423644
94 0.0422642
95 0.0420461
96 0.0418414
97 0.0416379
98 0.0414676
99 0.0412298
100 0.0411413
101 0.0409915
102 0.0407755
103 0.0406589
104 0.0404233
105 0.0402785
106 0.0401299
107 0.0399
108 0.0397918
109 0.0397058
110 0.0395264
111 0.0393784
112 0.0392127
113 0.0391406
114 0.0390174
115 0.0388207
116 0.0387383
117 0.038561
118 0.0384289
119 0.0382217
120 0.0381352
121 0.0380416
122 0.0378639
123 0.0378071
124 0.0377596
125 0.0375578
126 0.037362
127 0.0373288
128 0.0372918
129 0.0371105
130 0.0369583
131 0.0368704
132 0.0367785
133 0.0366126
134 0.0364469
135 0.0364068
136 0.0363329
137 0.0362265
138 0.0360952
139 0.0359631
140 0.0358515
141 0.0358428
142 0.0356947
143 0.0356156
144 0.0354916
145 0.035327
146 0.0352494
147 0.035225
148 0.0351399
149 0.0350113
150 0.0348825
151 0.034774
152 0.0348041
153 0.034614
154 0.0345455
155 0.0345194
156 0.0344086
157 0.0343701
158 0.0342632
159 0.0341882
160 0.0340557
161 0.0339059
162 0.0339012
163 0.0337563
164 0.0337185
165 0.0337214
166 0.0334945
167 0.0335116
168 0.0334056
169 0.0333441
170 0.0332322
171 0.0331574
172 0.0331139
173 0.0330303
174 0.0329516
175 0.0328486
176 0.0329248
177 0.0327966
178 0.0326723
179 0.0326237
180 0.0325317
181 0.0324166
182 0.0324507
183 0.0322663
184 0.032276
185 0.0322293
186 0.0321322
187 0.0320204
188 0.032027
189 0.0319252
190 0.0318537
191 0.0318125
192 0.0317634
193 0.0317117
194 0.0317088
195 0.0316015
196 0.0315286
197 0.0314859
198 0.0314118
199 0.0314433
200 0.0313117
201 0.0312734
202 0.0311637
203 0.0311091
204 0.031071
205 0.0310649
206 0.0310559
207 0.0308805
208 0.0308698
209 0.0308301
210 0.0307775
211 0.0306615
212 0.0306274
213 0.0305977
214 0.0305566
215 0.030463
216 0.0303989
217 0.0303567
218 0.0302751
219 0.0303823
220 0.0301982
221 0.0301783
222 0.0301553
223 0.0301584
224 0.0300115
225 0.0299316
226 0.029993
227 0.0299175
228 0.029858
229 0.0298326
230 0.0298416
231 0.0297089
232 0.0296679
233 0.0295817
234 0.0295294
235 0.0295041
236 0.0295084
237 0.0294379
238 0.0293931
239 0.0294123
240 0.0293198
241 0.0293114
242 0.0292519
243 0.0292091
244 0.0291118
245 0.0290626
246 0.0290676
247 0.0290102
248 0.0289739
249 0.0290161
250 0.0289243
251 0.0288898
252 0.0288286
253 0.0288248
254 0.0287379
255 0.0286666
256 0.0286658
257 0.0286656
258 0.0285103
259 0.0284787
260 0.0285745
261 0.0284831
262 0.0284819
263 0.0283935
264 0.0283726
265 0.0283854
266 0.0283264
267 0.0282263
268 0.0283197
269 0.0282023
270 0.0281632
271 0.0281692
272 0.0281064
273 0.0280563
274 0.028071
275 0.0279808
276 0.027967
277 0.0279986
278 0.0278796
279 0.027841
280 0.0278412
281 0.027821
282 0.0277316
283 0.0277316
284 0.0276585
285 0.0275667
286 0.0276303
287 0.0275328
288 0.0275487
289 0.0276145
290 0.0275493
291 0.0275056
292 0.0275493
293 0.027405
294 0.0273834
295 0.0273405
296 0.0274186
297 0.0272932
298 0.0272734
299 0.0272001
300 0.027228
301 0.0272591
302 0.0271247
303 0.0271237
304 0.0270543
305 0.0271423
306 0.0271043
307 0.0269981
308 0.0270446
309 0.0269685
310 0.0269543
311 0.0268793
312 0.0268771
313 0.0268391
314 0.0268335
315 0.0268036
316 0.0267871
317 0.0267049
318 0.0267174
319 0.0266456
320 0.0266689
321 0.0267249
322 0.0266917
323 0.026593
324 0.0265766
325 0.0265424
326 0.0264761
327 0.0265187
328 0.0265021
329 0.0264708
330 0.0264227
331 0.0265098
332 0.0263928
333 0.0263607
334 0.0263953
335 0.0263503
336 0.0262969
337 0.0262359
338 0.0262099
339 0.0261632
340 0.0262366
341 0.0261399
342 0.0260536
343 0.0261294
344 0.0260691
345 0.0260307
346 0.0260698
347 0.0259972
348 0.0259588
349 0.0259358
350 0.0259298
351 0.0258765
352 0.0258031
353 0.0259501
354 0.0258112
355 0.0258097
356 0.0258363
357 0.0258024
358 0.0257927
359 0.0257521
360 0.0256766
361 0.0256678
362 0.0257546
363 0.0256308
364 0.0256539
365 0.025667
366 0.0255131
367 0.025616
368 0.0255114
369 0.0255125
370 0.0254818
371 0.0255296
372 0.0254617
373 0.0254441
374 0.0254693
375 0.0254242
376 0.0253426
377 0.0254022
378 0.025322
379 0.0252885
380 0.025286
381 0.0253147
382 0.0252164
383 0.0252626
384 0.0252104
385 0.0252435
386 0.0251499
387 0.0251534
388 0.0251772
389 0.0251025
390 0.0251294
391 0.0250791
392 0.0250843
393 0.02503
394 0.0250699
395 0.0250189
396 0.0250089
397 0.0250207
398 0.024935
399 0.0249776
400 0.0249417
