1 0.110084
2 0.110084
3 0.110084
4 0.0932722
5 0.0933188
6 0.0865656
7 0.0798001
8 0.0781981
9 0.0783078
10 0.0729401
11 0.0718241
12 0.0710403
13 0.0662545
14 0.0644777
15 0.0627619
16 0.0594577
17 0.0575014
18 0.0564513
19 0.0551428
20 0.0532459
21 0.05211
22 0.0513746
23 0.0496032
24 0.0485725
25 0.04777
26 0.046924
27 0.0455711
28 0.0446842
29 0.0440041
30 0.0429156
31 0.0423204
32 0.0418634
33 0.0409002
34 0.0402424
35 0.0397104
36 0.0392904
37 0.0383855
38 0.0381071
39 0.0375195
40 0.0368583
41 0.0364144
42 0.0360841
43 0.0357593
44 0.0350587
45 0.034724
46 0.0344131
47 0.0338701
48 0.0335552
49 0.0333635
50 0.0328382
51 0.0327389
52 0.0322884
53 0.0320957
54 0.0316577
55 0.0313659
56 0.0310686
57 0.0308385
58 0.0305596
59 0.030353
60 0.0300576
61 0.0298304
62 0.0295876
63 0.0294749
64 0.0291038
65 0.0290881
66 0.0288149
67 0.028459
68 0.0283729
69 0.0281917
70 0.0280845
71 0.027816
72 0.0276655
73 0.0275138
74 0.0273096
75 0.0271499
76 0.0269851
77 0.0269551
78 0.0267132
79 0.0264898
80 0.0264524
81 0.0262916
82 0.0261422
83 0.0260133
84 0.0258982
85 0.0257233
86 0.0256666
87 0.0254779
88 0.0254373
89 0.0251898
90 0.0251795
91 0.0250619
92 0.0249847
93 0.0248232
94 0.0248248
95 0.0246104
96 0.0246505
97 0.024418
98 0.0244215
99 0.0241963
100 0.0242137
101 0.0240952
102 0.0239247
103 0.0240008
104 0.0237949
105 0.0237255
106 0.0236327
107 0.0235312
108 0.0234872
109 0.0234562
110 0.0233594
111 0.0232244
112 0.0231788
113 0.0232139
114 0.0231817
115 0.023028
116 0.0229575
117 0.0229053
118 0.0228591
119 0.0227439
120 0.0226758
121 0.02262
122 0.0225137
123 0.0225719
124 0.0225584
125 0.0223561
126 0.0222971
127 0.0223835
128 0.0223062
129 0.0221992
130 0.0221623
131 0.022126
132 0.0220594
133 0.0220272
134 0.0218704
135 0.0218826
136 0.0219213
137 0.0218428
138 0.0217851
139 0.0217118
140 0.021664
141 0.0217001
142 0.0215968
143 0.0215868
144 0.0215444
145 0.0214018
146 0.0213721
147 0.0214299
148 0.0213596
149 0.0212939
150 0.0212818
151 0.021125
152 0.0212607
153 0.0210908
154 0.0210927
155 0.0211303
156 0.0210638
157 0.0210521
158 0.021014
159 0.0209829
160 0.0209321
161 0.0208121
162 0.0208347
163 0.0207896
164 0.0207802
165 0.0208069
166 0.0206395
167 0.0206963
168 0.02061
169 0.0206166
170 0.0205948
171 0.0205733
172 0.0205012
173 0.0204571
174 0.0204899
175 0.0203866
176 0.0205344
177 0.0204249
178 0.0203124
179 0.0203486
180 0.0203112
181 0.0202166
182 0.0202856
183 0.020155
184 0.0202244
185 0.0202171
186 0.0201214
187 0.0200758
188 0.0200746
189 0.0200729
190 0.0199653
191 0.0200274
192 0.0199907
193 0.0200009
194 0.020062
195 0.0199302
196 0.0199243
197 0.0199677
198 0.0198719
199 0.0199539
200 0.0198441
201 0.0197938
202 0.0197667
203 0.0197508
204 0.019827
205 0.0197924
206 0.0198192
207 0.0196982
208 0.019673
209 0.0196964
210 0.0196981
211 0.0196209
212 0.0195937
213 0.0195844
214 0.0196119
215 0.0195268
216 0.0195417
217 0.0194806
218 0.0194503
219 0.019599
220 0.0194689
221 0.0194395
222 0.0194354
223 0.0194864
224 0.0193981
225 0.0192928
226 0.0194389
227 0.0193937
228 0.019344
229 0.019354
230 0.019397
231 0.0192883
232 0.0192379
233 0.0191994
234 0.0192234
235 0.01918
236 0.0192061
237 0.0191857
238 0.0191647
239 0.0192294
240 0.0191768
241 0.0191713
242 0.0191441
243 0.0191184
244 0.0190794
245 0.0190762
246 0.0190543
247 0.0190392
248 0.0190455
249 0.0191026
250 0.0190409
251 0.0190682
252 0.0189752
253 0.0190641
254 0.0189498
255 0.0189008
256 0.0189552
257 0.018953
258 0.0188548
259 0.0188102
260 0.0189551
261 0.0189051
262 0.0188952
263 0.0188415
264 0.0188311
265 0.0189071
266 0.0188498
267 0.0187158
268 0.0188958
269 0.018798
270 0.0188094
271 0.018877
272 0.0187721
273 0.0187363
274 0.0187772
275 0.0187261
276 0.018705
277 0.0187549
278 0.0187171
279 0.0186767
280 0.0187314
281 0.0186958
282 0.0186502
283 0.0186298
284 0.018601
285 0.018544
286 0.0186013
287 0.0185315
288 0.0185942
289 0.0186906
290 0.0186316
291 0.0185815
292 0.0186852
293 0.0185116
294 0.0185378
295 0.0185373
296 0.0186366
297 0.0185263
298 0.0185291
299 0.0184732
300 0.0185442
301 0.0185583
302 0.0184608
303 0.0184585
304 0.0184258
305 0.0185143
306 0.0184792
307 0.0184185
308 0.0185103
309 0.0184429
310 0.0184458
311 0.0183589
312 0.0184085
313 0.0184003
314 0.018437
315 0.0183914
316 0.0183745
317 0.0183267
318 0.0183905
319 0.0183153
320 0.0183385
321 0.0183851
322 0.0184134
323 0.0183114
324 0.0183368
325 0.0183374
326 0.0182761
327 0.0183337
328 0.0183195
329 0.0183296
330 0.0182747
331 0.0183674
332 0.0182756
333 0.0182375
334 0.0183134
335 0.0182909
336 0.0182421
337 0.0182238
338 0.0182182
339 0.0181796
340 0.0182749
341 0.0181691
342 0.0181172
343 0.0182105
344 0.0181501
345 0.0181488
346 0.0182056
347 0.0181652
348 0.0181146
349 0.0181002
350 0.0181434
351 0.018086
352 0.0180138
353 0.0181935
354 0.0180868
355 0.0180947
356 0.0181384
357 0.0181098
358 0.0181055
359 0.0181096
360 0.0180332
361 0.0180381
362 0.0181578
363 0.018039
364 0.0180658
365 0.0181071
366 0.0179551
367 0.0180903
368 0.0179999
369 0.0179972
370 0.0179823
371 0.0180451
372 0.0180181
373 0.0179865
374 0.018016
375 0.0179946
376 0.0179491
377 0.0180022
378 0.0179634
379 0.0179445
380 0.0179449
381 0.0179688
382 0.017897
383 0.0179386
384 0.0178994
385 0.0179843
386 0.0178829
387 0.0179155
388 0.0179584
389 0.0178879
390 0.017936
391 0.0178601
392 0.0179088
393 0.0178573
394 0.0178918
395 0.0179081
396 0.0178546
397 0.0179014
398 0.0178522
399 0.0178975
400 0.0178588
