1 0.50031
2 0.50031
3 0.50031
4 0.50031
5 0.50031
6 0.50031
7 0.573377
8 0.573739
9 0.604057
10 0.604465
11 0.590888
12 0.573901
13 0.624787
14 0.628912
15 0.623207
16 0.64947
17 0.656328
18 0.66168
19 0.678499
20 0.678629
21 0.684735
22 0.686356
23 0.699689
24 0.701285
25 0.702979
26 0.710685
27 0.714573
28 0.718571
29 0.723924
30 0.724841
31 0.728423
32 0.728608
33 0.734203
34 0.736372
35 0.737992
36 0.741153
37 0.744285
38 0.746016
39 0.746499
40 0.751119
41 0.752004
42 0.752574
43 0.757518
44 0.75709
45 0.758631
46 0.761292
47 0.763341
48 0.764426
49 0.765396
50 0.767673
51 0.76843
52 0.769623
53 0.772002
54 0.773322
55 0.773226
56 0.774954
57 0.776347
58 0.777052
59 0.778532
60 0.780308
61 0.780871
62 0.781621
63 0.783166
64 0.783236
65 0.784375
66 0.785235
67 0.785957
68 0.787628
69 0.787416
70 0.789187
71 0.790159
72 0.789941
73 0.791963
74 0.79275
75 0.792945
76 0.793516
77 0.795282
78 0.795471
79 0.796073
80 0.796514
81 0.797094
82 0.797223
83 0.798906
84 0.798541
85 0.800059
86 0.799738
87 0.800885
88 0.801619
89 0.801816
90 0.802548
91 0.802766
92 0.803323
93 0.804478
94 0.804274
95 0.804387
96 0.805572
97 0.806087
98 0.806349
99 0.80683
100 0.807346
101 0.807749
102 0.807949
103 0.80808
104 0.809454
105 0.80963
106 0.810362
107 0.81023
108 0.810833
109 0.811215
110 0.810814
111 0.81231
112 0.812491
113 0.812297
114 0.812439
115 0.813571
116 0.81382
117 0.814625
118 0.814792
119 0.814711
120 0.815263
121 0.815467
122 0.815617
123 0.816043
124 0.816296
125 0.816142
126 0.81667
127 0.817187
128 0.817224
129 0.818613
130 0.818367
131 0.818333
132 0.818485
133 0.818159
134 0.818831
135 0.819215
136 0.819701
137 0.819692
138 0.820498
139 0.820344
140 0.819643
141 0.820608
142 0.82115
143 0.821452
144 0.821825
145 0.82194
146 0.822463
147 0.821928
148 0.822577
149 0.822527
150 0.822949
151 0.822434
152 0.823632
153 0.823525
154 0.823502
155 0.823956
156 0.824221
157 0.824221
158 0.824846
159 0.824822
160 0.824157
161 0.824853
162 0.825716
163 0.825676
164 0.825488
165 0.82567
166 0.825966
167 0.825794
168 0.825598
169 0.826489
170 0.82604
171 0.82758
172 0.827211
173 0.827698
174 0.827528
175 0.827412
176 0.827791
177 0.827736
178 0.82839
179 0.82784
180 0.828416
181 0.828513
182 0.828698
183 0.829226
184 0.829406
185 0.829597
186 0.829304
187 0.828857
188 0.83009
189 0.829624
190 0.829515
191 0.829357
192 0.829322
193 0.830476
194 0.830329
195 0.830254
196 0.830271
197 0.830683
198 0.83088
199 0.831328
200 0.831232
201 0.830894
202 0.831302
203 0.831597
204 0.831059
205 0.831833
206 0.831788
207 0.832016
208 0.832135
209 0.832178
210 0.832388
211 0.832726
212 0.832461
213 0.832977
214 0.832662
215 0.832844
216 0.833505
217 0.833098
218 0.833227
219 0.833099
220 0.832988
221 0.832858
222 0.833766
223 0.834259
224 0.833173
225 0.833998
226 0.833721
227 0.834674
228 0.833649
229 0.833748
230 0.834281
231 0.834933
232 0.834533
233 0.83463
234 0.834578
235 0.834884
236 0.834464
237 0.835112
238 0.834678
239 0.834999
240 0.835494
241 0.835539
242 0.835725
243 0.835676
244 0.835845
245 0.836509
246 0.835953
247 0.836649
248 0.836641
249 0.835849
250 0.836017
251 0.836104
252 0.836528
253 0.836457
254 0.837002
255 0.836165
256 0.836704
257 0.836697
258 0.837016
259 0.837634
260 0.836802
261 0.836807
262 0.837092
263 0.836663
264 0.837212
265 0.837303
266 0.837291
267 0.837392
268 0.83737
269 0.836647
270 0.837638
271 0.838085
272 0.837796
273 0.83751
274 0.838315
275 0.836965
276 0.83857
277 0.838338
278 0.837916
279 0.838328
280 0.838315
281 0.838658
282 0.838151
283 0.838467
284 0.838977
285 0.839079
286 0.838949
287 0.838754
288 0.839037
289 0.838607
290 0.838996
291 0.838944
292 0.839294
293 0.839198
294 0.838677
295 0.839241
296 0.838923
297 0.839546
298 0.839197
299 0.839418
300 0.839408
301 0.840034
302 0.839817
303 0.840046
304 0.840074
305 0.839552
306 0.839822
307 0.840373
308 0.840088
309 0.839551
310 0.840151
311 0.840049
312 0.839524
313 0.840006
314 0.840755
315 0.839956
316 0.840169
317 0.840507
318 0.840169
319 0.840832
320 0.84019
321 0.840796
322 0.840819
323 0.841341
324 0.841045
325 0.841912
326 0.84058
327 0.840913
328 0.841073
329 0.841142
330 0.841
331 0.841537
332 0.841111
333 0.840735
334 0.841469
335 0.841865
336 0.841196
337 0.841502
338 0.841569
339 0.841647
340 0.841487
341 0.84162
342 0.841612
343 0.841579
344 0.841498
345 0.84179
346 0.841833
347 0.841798
348 0.841895
349 0.842078
350 0.842198
351 0.842364
352 0.842343
353 0.841967
354 0.842173
355 0.842122
356 0.842381
357 0.842879
358 0.84205
359 0.842099
360 0.842918
361 0.842344
362 0.842783
363 0.842517
364 0.843112
365 0.842556
366 0.842828
367 0.843039
368 0.843023
369 0.843633
370 0.842958
371 0.843211
372 0.843086
373 0.84274
374 0.842855
375 0.843336
376 0.842883
377 0.843228
378 0.842926
379 0.843194
380 0.843171
381 0.84302
382 0.843307
383 0.843181
384 0.842905
385 0.84358
386 0.843929
387 0.844321
388 0.844296
389 0.843868
390 0.843905
391 0.843399
392 0.843916
393 0.84371
394 0.843732
395 0.843608
396 0.844208
397 0.843884
398 0.844567
399 0.843881
400 0.844685
