1 0.500804
2 0.499759
3 0.500307
4 0.500189
5 0.500274
6 0.500461
7 0.50277
8 0.504301
9 0.506502
10 0.508073
11 0.509336
12 0.509949
13 0.511446
14 0.512491
15 0.513588
16 0.514832
17 0.515901
18 0.517087
19 0.518134
20 0.519301
21 0.520087
22 0.521056
23 0.521984
24 0.523022
25 0.523747
26 0.524578
27 0.525324
28 0.526142
29 0.526877
30 0.527459
31 0.528193
32 0.528834
33 0.529381
34 0.530037
35 0.530579
36 0.531127
37 0.53173
38 0.532082
39 0.532632
40 0.533117
41 0.533602
42 0.534059
43 0.534541
44 0.534827
45 0.535265
46 0.535634
47 0.53607
48 0.536443
49 0.536816
50 0.537249
51 0.537503
52 0.53777
53 0.53815
54 0.538495
55 0.538824
56 0.539083
57 0.539406
58 0.539631
59 0.539929
60 0.540242
61 0.54048
62 0.540654
63 0.541045
64 0.54125
65 0.541452
66 0.541718
67 0.541912
68 0.542196
69 0.542398
70 0.542638
71 0.542887
72 0.542967
73 0.543239
74 0.543409
75 0.543608
76 0.54383
77 0.544067
78 0.544196
79 0.544395
80 0.544585
81 0.544726
82 0.54491
83 0.54514
84 0.545285
85 0.545412
86 0.545529
87 0.545739
88 0.545857
89 0.546054
90 0.546166
91 0.546251
92 0.546413
93 0.546619
94 0.546767
95 0.546869
96 0.547009
97 0.547058
98 0.547241
99 0.54745
100 0.547539
101 0.547606
102 0.547733
103 0.54788
104 0.547966
105 0.548159
106 0.548254
107 0.548389
108 0.548455
109 0.548655
110 0.548623
111 0.548811
112 0.548974
113 0.549079
114 0.549062
115 0.549227
116 0.549292
117 0.549444
118 0.54951
119 0.549595
120 0.549733
121 0.549765
122 0.549902
123 0.549952
124 0.55003
125 0.550146
126 0.55029
127 0.550363
128 0.550392
129 0.550579
130 0.550655
131 0.550647
132 0.550817
133 0.550767
134 0.550919
135 0.551029
136 0.551057
137 0.55114
138 0.55125
139 0.551266
140 0.551359
141 0.551401
142 0.551529
143 0.551587
144 0.551729
145 0.551754
146 0.551805
147 0.551855
148 0.551975
149 0.551952
150 0.55207
151 0.55208
152 0.55222
153 0.552255
154 0.552283
155 0.552401
156 0.552485
157 0.552499
158 0.552563
159 0.55261
160 0.552628
161 0.552749
162 0.552795
163 0.5529
164 0.552903
165 0.552952
166 0.552993
167 0.553048
168 0.55306
169 0.553183
170 0.553189
171 0.553289
172 0.553289
173 0.553426
174 0.553424
175 0.553469
176 0.553554
177 0.553587
178 0.553623
179 0.553694
180 0.553702
181 0.553814
182 0.55383
183 0.553928
184 0.553932
185 0.554035
186 0.554001
187 0.554069
188 0.554134
189 0.554113
190 0.554175
191 0.554192
192 0.554238
193 0.55432
194 0.554382
195 0.55438
196 0.554407
197 0.554454
198 0.554479
199 0.554592
200 0.554588
201 0.554577
202 0.554702
203 0.554765
204 0.554756
205 0.554783
206 0.554881
207 0.554873
208 0.554913
209 0.55499
210 0.554987
211 0.555044
212 0.555035
213 0.555164
214 0.555139
215 0.555194
216 0.555194
217 0.555283
218 0.555258
219 0.555295
220 0.555348
221 0.555314
222 0.555436
223 0.555481
224 0.555431
225 0.555505
226 0.555516
227 0.555668
228 0.555591
229 0.555605
230 0.555647
231 0.555749
232 0.555733
233 0.555777
234 0.555789
235 0.555853
236 0.555832
237 0.555957
238 0.555865
239 0.555942
240 0.556018
241 0.556053
242 0.556081
243 0.556043
244 0.556139
245 0.556205
246 0.556183
247 0.556275
248 0.556289
249 0.556213
250 0.556303
251 0.556298
252 0.556326
253 0.556379
254 0.556399
255 0.556363
256 0.556414
257 0.556477
258 0.556516
259 0.556609
260 0.556574
261 0.556618
262 0.556644
263 0.55662
264 0.556699
265 0.556701
266 0.556694
267 0.556738
268 0.556793
269 0.556727
270 0.556821
271 0.55686
272 0.55683
273 0.556839
274 0.556922
275 0.556876
276 0.556973
277 0.556948
278 0.556989
279 0.557081
280 0.557041
281 0.557129
282 0.557066
283 0.557124
284 0.557167
285 0.557217
286 0.557145
287 0.557253
288 0.557258
289 0.557243
290 0.557267
291 0.557284
292 0.557303
293 0.557361
294 0.557381
295 0.557385
296 0.557401
297 0.557464
298 0.557397
299 0.557462
300 0.557457
301 0.557481
302 0.557559
303 0.557559
304 0.557607
305 0.557553
306 0.557633
307 0.557638
308 0.557625
309 0.557642
310 0.557668
311 0.557667
312 0.55764
313 0.557678
314 0.557756
315 0.557677
316 0.557784
317 0.557755
318 0.557807
319 0.557809
320 0.557837
321 0.557895
322 0.557905
323 0.557955
324 0.557954
325 0.558028
326 0.557944
327 0.557974
328 0.558016
329 0.558045
330 0.558029
331 0.558094
332 0.558055
333 0.558082
334 0.558129
335 0.558133
336 0.558119
337 0.55816
338 0.558169
339 0.558244
340 0.558189
341 0.558222
342 0.558223
343 0.558226
344 0.558241
345 0.558283
346 0.558287
347 0.558297
348 0.558361
349 0.558394
350 0.558356
351 0.558385
352 0.558432
353 0.558406
354 0.558437
355 0.558445
356 0.558445
357 0.55849
358 0.558453
359 0.558502
360 0.55855
361 0.558557
362 0.558521
363 0.558583
364 0.5586
365 0.55862
366 0.558633
367 0.558615
368 0.558616
369 0.558675
370 0.55863
371 0.558755
372 0.558708
373 0.558676
374 0.558654
375 0.558776
376 0.558727
377 0.558739
378 0.558755
379 0.558793
380 0.558794
381 0.558801
382 0.558827
383 0.558839
384 0.558786
385 0.558894
386 0.558887
387 0.55891
388 0.558954
389 0.558914
390 0.55902
391 0.558924
392 0.558987
393 0.558901
394 0.558999
395 0.558992
396 0.558974
397 0.559019
398 0.559066
399 0.559046
400 0.559106
