1 0.099705
2 0.0998645
3 0.0998801
4 0.0998257
5 0.099862
6 0.0999255
7 0.099946
8 0.0999523
9 0.0998841
10 0.0999783
11 0.0999398
12 0.0999698
13 0.0999565
14 0.100003
15 0.0999912
16 0.100008
17 0.100036
18 0.100039
19 0.100022
20 0.100045
21 0.0999853
22 0.0999957
23 0.100001
24 0.0999974
25 0.100047
26 0.100633
27 0.101605
28 0.10292
29 0.104348
30 0.105919
31 0.107523
32 0.109221
33 0.110902
34 0.112682
35 0.114488
36 0.116311
37 0.118181
38 0.120078
39 0.122004
40 0.123989
41 0.126015
42 0.128012
43 0.130046
44 0.132042
45 0.134084
46 0.136112
47 0.138138
48 0.140192
49 0.1422
50 0.144237
51 0.146236
52 0.148302
53 0.150406
54 0.15257
55 0.154748
56 0.156971
57 0.159233
58 0.161482
59 0.163788
60 0.166108
61 0.168422
62 0.170741
63 0.173128
64 0.175457
65 0.177827
66 0.180134
67 0.182509
68 0.18486
69 0.187207
70 0.189562
71 0.191876
72 0.194191
73 0.196473
74 0.198775
75 0.201053
76 0.203322
77 0.205553
78 0.207778
79 0.20998
80 0.212158
81 0.214332
82 0.216498
83 0.218614
84 0.220748
85 0.222838
86 0.224922
87 0.226993
88 0.229054
89 0.23108
90 0.233136
91 0.235165
92 0.237151
93 0.239082
94 0.241092
95 0.243038
96 0.244978
97 0.246895
98 0.248808
99 0.250696
100 0.25259
101 0.254463
102 0.256293
103 0.258147
104 0.259968
105 0.261806
106 0.263582
107 0.265365
108 0.26713
109 0.268882
110 0.270615
111 0.272352
112 0.274064
113 0.275746
114 0.277477
115 0.27913
116 0.280791
117 0.282473
118 0.284077
119 0.285714
120 0.287334
121 0.288938
122 0.290538
123 0.29213
124 0.293698
125 0.295253
126 0.296815
127 0.298352
128 0.299865
129 0.3014
130 0.302901
131 0.304397
132 0.305888
133 0.307357
134 0.308824
135 0.310288
136 0.311732
137 0.313176
138 0.314603
139 0.316022
140 0.317434
141 0.318834
142 0.320222
143 0.321606
144 0.322981
145 0.324326
146 0.325666
147 0.32706
148 0.328382
149 0.329701
150 0.331024
151 0.33234
152 0.333639
153 0.334936
154 0.336226
155 0.337506
156 0.338784
157 0.340042
158 0.341297
159 0.342543
160 0.343781
161 0.345013
162 0.346237
163 0.347459
164 0.348666
165 0.349871
166 0.35107
167 0.35226
168 0.353442
169 0.354612
170 0.355773
171 0.356986
172 0.358109
173 0.359256
174 0.360399
175 0.361538
176 0.362662
177 0.36378
178 0.364915
179 0.366007
180 0.36711
181 0.36821
182 0.369305
183 0.370383
184 0.371459
185 0.372525
186 0.373607
187 0.374655
188 0.375709
189 0.376763
190 0.377805
191 0.378843
192 0.379872
193 0.3809
194 0.381922
195 0.382957
196 0.383949
197 0.384963
198 0.385951
199 0.386943
200 0.387934
201 0.388919
202 0.389893
203 0.390864
204 0.391827
205 0.39281
206 0.393771
207 0.394714
208 0.395655
209 0.396594
210 0.397548
211 0.398472
212 0.399394
213 0.400319
214 0.401241
215 0.402156
216 0.403065
217 0.403975
218 0.404873
219 0.405769
220 0.406669
221 0.407556
222 0.408442
223 0.409322
224 0.410197
225 0.411066
226 0.411931
227 0.412801
228 0.413654
229 0.414514
230 0.415364
231 0.416211
232 0.417054
233 0.417898
234 0.418741
235 0.419566
236 0.420386
237 0.421209
238 0.422028
239 0.422848
240 0.423653
241 0.424446
242 0.425261
243 0.426062
244 0.426862
245 0.427653
246 0.42844
247 0.429222
248 0.430008
249 0.430783
250 0.431557
251 0.432332
252 0.4331
253 0.433861
254 0.434622
255 0.435362
256 0.436137
257 0.436914
258 0.437651
259 0.438387
260 0.439131
261 0.439866
262 0.440604
263 0.441334
264 0.442064
265 0.442792
266 0.443508
267 0.444235
268 0.444948
269 0.445661
270 0.446372
271 0.447078
272 0.447785
273 0.448495
274 0.449183
275 0.449879
276 0.450573
277 0.45126
278 0.451949
279 0.452628
280 0.453317
281 0.453995
282 0.45467
283 0.455345
284 0.456012
285 0.456683
286 0.457348
287 0.45801
288 0.458671
289 0.459327
290 0.45998
291 0.460635
292 0.461293
293 0.461922
294 0.462577
295 0.463219
296 0.463859
297 0.464496
298 0.465131
299 0.465765
300 0.466394
301 0.467021
302 0.467651
303 0.468273
304 0.468892
305 0.469514
306 0.470128
307 0.470737
308 0.471354
309 0.471961
310 0.472566
311 0.47317
312 0.473771
313 0.474372
314 0.474967
315 0.47557
316 0.476155
317 0.476747
318 0.477335
319 0.477923
320 0.478509
321 0.479091
322 0.479671
323 0.480249
324 0.480822
325 0.481398
326 0.481972
327 0.482535
328 0.483103
329 0.483666
330 0.484235
331 0.484792
332 0.485356
333 0.485911
334 0.48647
335 0.487021
336 0.487572
337 0.488122
338 0.48867
339 0.489214
340 0.489756
341 0.490328
342 0.490848
343 0.491383
344 0.491919
345 0.492451
346 0.492987
347 0.493513
348 0.494044
349 0.494568
350 0.495093
351 0.495621
352 0.49614
353 0.496662
354 0.497173
355 0.497693
356 0.498212
357 0.498721
358 0.499231
359 0.499745
360 0.500253
361 0.500761
362 0.501265
363 0.501767
364 0.502272
365 0.502767
366 0.503274
367 0.503765
368 0.504259
369 0.504752
370 0.505246
371 0.505736
372 0.506233
373 0.506711
374 0.507197
375 0.507683
376 0.508168
377 0.508648
378 0.509128
379 0.509606
380 0.51008
381 0.510552
382 0.511027
383 0.511492
384 0.511968
385 0.512441
386 0.512906
387 0.513371
388 0.513836
389 0.514296
390 0.514766
391 0.515218
392 0.515679
393 0.516136
394 0.516591
395 0.517042
396 0.517497
397 0.517948
398 0.518394
399 0.518846
400 0.519297
