1 0.387878
2 0.40958
3 0.426365
4 0.442425
5 0.455534
6 0.46796
7 0.478765
8 0.488453
9 0.497483
10 0.505771
11 0.513457
12 0.521377
13 0.529199
14 0.536461
15 0.542997
16 0.549918
17 0.555878
18 0.561904
19 0.567246
20 0.572825
21 0.577519
22 0.582316
23 0.58703
24 0.59153
25 0.595721
26 0.600116
27 0.604499
28 0.608375
29 0.611991
30 0.61566
31 0.619018
32 0.622612
33 0.625811
34 0.628604
35 0.631702
36 0.634774
37 0.637779
38 0.641029
39 0.643784
40 0.64638
41 0.648989
42 0.65184
43 0.654235
44 0.656688
45 0.65884
46 0.661349
47 0.663448
48 0.665717
49 0.668193
50 0.670435
51 0.672593
52 0.674516
53 0.676357
54 0.678699
55 0.68052
56 0.682401
57 0.684235
58 0.686105
59 0.688039
60 0.689896
61 0.691532
62 0.692988
63 0.694556
64 0.696009
65 0.697644
66 0.699045
67 0.700602
68 0.701945
69 0.703596
70 0.704921
71 0.706661
72 0.708138
73 0.709576
74 0.710813
75 0.711954
76 0.713544
77 0.714657
78 0.716198
79 0.717485
80 0.718576
81 0.720168
82 0.721232
83 0.72263
84 0.723326
85 0.724575
86 0.725845
87 0.726881
88 0.728197
89 0.729375
90 0.730313
91 0.731409
92 0.732317
93 0.733618
94 0.734586
95 0.735517
96 0.736478
97 0.737418
98 0.738387
99 0.739531
100 0.740498
101 0.741544
102 0.742516
103 0.74353
104 0.744535
105 0.745419
106 0.746246
107 0.747106
108 0.747955
109 0.748801
110 0.749634
111 0.750369
112 0.751275
113 0.752155
114 0.752718
115 0.754062
116 0.754793
117 0.755418
118 0.756378
119 0.757069
120 0.757797
121 0.758514
122 0.759477
123 0.760149
124 0.760853
125 0.761446
126 0.762078
127 0.762786
128 0.763624
129 0.764481
130 0.76511
131 0.765712
132 0.766444
133 0.766995
134 0.767385
135 0.768093
136 0.768958
137 0.769637
138 0.770288
139 0.770903
140 0.771586
141 0.77227
142 0.772939
143 0.773411
144 0.773799
145 0.774496
146 0.775285
147 0.775815
148 0.776612
149 0.777082
150 0.777518
151 0.778157
152 0.77875
153 0.779309
154 0.780033
155 0.780603
156 0.781018
157 0.781577
158 0.782158
159 0.782768
160 0.783243
161 0.783651
162 0.784335
163 0.784797
164 0.785388
165 0.785902
166 0.786341
167 0.786975
168 0.787479
169 0.788028
170 0.788308
171 0.788872
172 0.789304
173 0.78996
174 0.790332
175 0.790808
176 0.791008
177 0.791517
178 0.792261
179 0.79262
180 0.793143
181 0.793441
182 0.793931
183 0.794349
184 0.79473
185 0.795232
186 0.795581
187 0.796138
188 0.796506
189 0.796919
190 0.797393
191 0.797853
192 0.798238
193 0.798577
194 0.799082
195 0.799497
196 0.799798
197 0.800246
198 0.800751
199 0.801046
200 0.801432
201 0.801951
202 0.802223
203 0.802587
204 0.802868
205 0.803209
206 0.803546
207 0.80392
208 0.804519
209 0.804824
210 0.805164
211 0.805505
212 0.805721
213 0.806276
214 0.806718
215 0.807099
216 0.807371
217 0.807812
218 0.808203
219 0.808405
220 0.808797
221 0.809283
222 0.809619
223 0.810011
224 0.810364
225 0.810809
226 0.811222
227 0.811544
228 0.812002
229 0.812128
230 0.812494
231 0.812969
232 0.813309
233 0.813638
234 0.814067
235 0.814328
236 0.814614
237 0.815001
238 0.815219
239 0.815657
240 0.81583
241 0.816222
242 0.81656
243 0.816718
244 0.817288
245 0.817412
246 0.817811
247 0.817982
248 0.818313
249 0.818702
250 0.819093
251 0.819432
252 0.819665
253 0.819968
254 0.820317
255 0.820845
256 0.821086
257 0.821367
258 0.821674
259 0.821979
260 0.822244
261 0.822562
262 0.82275
263 0.822911
264 0.823225
265 0.823361
266 0.823727
267 0.823959
268 0.824341
269 0.824555
270 0.824803
271 0.825143
272 0.825259
273 0.825565
274 0.82581
275 0.826171
276 0.826488
277 0.826773
278 0.826991
279 0.827162
280 0.827448
281 0.827799
282 0.827942
283 0.828349
284 0.82868
285 0.828839
286 0.829077
287 0.829367
288 0.829714
289 0.829927
290 0.830116
291 0.830333
292 0.830538
293 0.830917
294 0.831038
295 0.831391
296 0.831696
297 0.831912
298 0.832042
299 0.832292
300 0.83243
301 0.832703
302 0.832835
303 0.832997
304 0.83327
305 0.833489
306 0.833697
307 0.834009
308 0.834148
309 0.834387
310 0.834579
311 0.83471
312 0.835029
313 0.835355
314 0.835568
315 0.835635
316 0.835906
317 0.836247
318 0.836412
319 0.836707
320 0.836988
321 0.837094
322 0.837282
323 0.837439
324 0.837745
325 0.837915
326 0.838018
327 0.838336
328 0.838512
329 0.838689
330 0.838958
331 0.839258
332 0.839466
333 0.839728
334 0.839896
335 0.840149
336 0.840385
337 0.840632
338 0.840783
339 0.840983
340 0.8412
341 0.84136
342 0.84163
343 0.841812
344 0.841962
345 0.842124
346 0.842222
347 0.842512
348 0.84261
349 0.842966
350 0.842979
351 0.843082
352 0.843296
353 0.843575
354 0.843789
355 0.844073
356 0.844224
357 0.844387
358 0.844586
359 0.84476
360 0.844934
361 0.845114
362 0.845272
363 0.845419
364 0.845664
365 0.845683
366 0.845962
367 0.846034
368 0.846377
369 0.846552
370 0.846776
371 0.846909
372 0.847192
373 0.847367
374 0.847505
375 0.847689
376 0.847847
377 0.847951
378 0.848194
379 0.848323
380 0.848574
381 0.84872
382 0.848898
383 0.848943
384 0.849184
385 0.849267
386 0.849397
387 0.849608
388 0.849841
389 0.849944
390 0.850159
391 0.85033
392 0.850475
393 0.850729
394 0.85094
395 0.851046
396 0.851154
397 0.851381
398 0.851379
399 0.851748
400 0.851876
