1 0.5
2 0.356608
3 0.294017
4 0.257208
5 0.232619
6 0.214228
7 0.200152
8 0.189054
9 0.179955
10 0.172451
11 0.165826
12 0.160246
13 0.155521
14 0.151144
15 0.147747
16 0.14445
17 0.141721
18 0.139047
19 0.136972
20 0.135019
21 0.132916
22 0.131396
23 0.129821
24 0.128291
25 0.127035
26 0.125949
27 0.124711
28 0.123606
29 0.122934
30 0.121987
31 0.121026
32 0.120206
33 0.119473
34 0.119064
35 0.118245
36 0.117453
37 0.116821
38 0.116438
39 0.116037
40 0.115538
41 0.115156
42 0.114428
43 0.114071
44 0.113923
45 0.113422
46 0.112921
47 0.112477
48 0.112221
49 0.112032
50 0.111763
51 0.111462
52 0.111131
53 0.110924
54 0.1104
55 0.110441
56 0.110132
57 0.109988
58 0.10979
59 0.109403
60 0.109217
61 0.109034
62 0.108734
63 0.108493
64 0.108094
65 0.108387
66 0.108144
67 0.107988
68 0.107816
69 0.107658
70 0.107555
71 0.107303
72 0.107038
73 0.106777
74 0.106882
75 0.106693
76 0.106748
77 0.106569
78 0.106506
79 0.106498
80 0.106261
81 0.106092
82 0.106216
83 0.105982
84 0.105785
85 0.105925
86 0.105627
87 0.105561
88 0.105531
89 0.105413
90 0.10532
91 0.105246
92 0.105067
93 0.104931
94 0.104936
95 0.104899
96 0.104734
97 0.104661
98 0.104758
99 0.104615
100 0.104568
101 0.104418
102 0.104642
103 0.104295
104 0.104321
105 0.10419
106 0.104152
107 0.104231
108 0.104041
109 0.103887
110 0.104086
111 0.103809
112 0.103822
113 0.103693
114 0.103594
115 0.103647
116 0.10373
117 0.103698
118 0.103637
119 0.103505
120 0.103413
121 0.103337
122 0.103328
123 0.103326
124 0.103246
125 0.103123
126 0.103012
127 0.103096
128 0.103018
129 0.103061
130 0.102905
131 0.102966
132 0.103042
133 0.102827
134 0.10287
135 0.102816
136 0.102729
137 0.102761
138 0.102626
139 0.102436
140 0.102675
141 0.102522
142 0.102564
143 0.102551
144 0.102378
145 0.102496
146 0.102403
147 0.102281
148 0.10232
149 0.102214
150 0.10219
151 0.102164
152 0.102104
153 0.102077
154 0.102068
155 0.102157
156 0.102033
157 0.102008
158 0.102039
159 0.102001
160 0.101945
161 0.101883
162 0.101819
163 0.101817
164 0.101896
165 0.101838
166 0.101719
167 0.101769
168 0.101661
169 0.101627
170 0.10199
171 0.101917
172 0.101516
173 0.10155
174 0.101553
175 0.101629
176 0.101554
177 0.101547
178 0.10146
179 0.10155
180 0.101414
181 0.101346
182 0.101396
183 0.101401
184 0.101341
185 0.101255
186 0.101108
187 0.101486
188 0.101208
189 0.101198
190 0.101203
191 0.101186
192 0.101013
193 0.101262
194 0.101162
195 0.101234
196 0.1012
197 0.10116
198 0.101079
199 0.101071
200 0.101068
201 0.101012
202 0.100977
203 0.101078
204 0.100884
205 0.101252
206 0.100834
207 0.101014
208 0.100932
209 0.100801
210 0.100827
211 0.100872
212 0.100829
213 0.100701
214 0.100916
215 0.100804
216 0.100757
217 0.100779
218 0.100719
219 0.100719
220 0.100814
221 0.100724
222 0.100659
223 0.100666
224 0.100673
225 0.100541
226 0.10062
227 0.100705
228 0.100621
229 0.100572
230 0.100515
231 0.100551
232 0.100634
233 0.10062
234 0.100525
235 0.100486
236 0.100514
237 0.100479
238 0.10043
239 0.100487
240 0.100423
241 0.100421
242 0.100421
243 0.100418
244 0.100422
245 0.100529
246 0.100445
247 0.100403
248 0.100416
249 0.100363
250 0.100408
251 0.100329
252 0.100286
253 0.100317
254 0.100282
255 0.100657
256 0.100335
257 0.0997947
258 0.100193
259 0.100202
260 0.100145
261 0.100131
262 0.100111
263 0.100258
264 0.100244
265 0.100106
266 0.10018
267 0.100279
268 0.1002
269 0.100059
270 0.100014
271 0.100015
272 0.10008
273 0.100072
274 0.100122
275 0.10011
276 0.100004
277 0.100052
278 0.0998475
279 0.100029
280 0.10007
281 0.100017
282 0.0999971
283 0.0998992
284 0.100002
285 0.0999573
286 0.0999667
287 0.0998558
288 0.0998499
289 0.0999368
290 0.100016
291 0.0998074
292 0.0999062
293 0.0998634
294 0.0998038
295 0.0997475
296 0.0998462
297 0.099811
298 0.0997831
299 0.0998832
300 0.0998105
301 0.0997394
302 0.0997795
303 0.0997335
304 0.0996744
305 0.0998459
306 0.0997006
307 0.0995732
308 0.0997215
309 0.0995964
310 0.0997487
311 0.0996551
312 0.0996693
313 0.0996563
314 0.0996798
315 0.0996815
316 0.0997015
317 0.0996731
318 0.0996061
319 0.0996835
320 0.0995371
321 0.0997517
322 0.0995464
323 0.0996013
324 0.0995947
325 0.0995456
326 0.0995672
327 0.0995164
328 0.0996456
329 0.0994718
330 0.0995929
331 0.0994688
332 0.0995485
333 0.0995633
334 0.0994817
335 0.0995272
336 0.0994281
337 0.099486
338 0.0994838
339 0.0994841
340 0.0994654
341 0.0994107
342 0.0993781
343 0.0995408
344 0.0994589
345 0.0994691
346 0.0993952
347 0.0994433
348 0.0993757
349 0.0993859
350 0.0994258
351 0.0994884
352 0.0993754
353 0.0993255
354 0.0994743
355 0.0993834
356 0.0994385
357 0.0993054
358 0.0993367
359 0.0994062
360 0.0993313
361 0.0993942
362 0.0992847
363 0.0993253
364 0.0993262
365 0.0993163
366 0.099277
367 0.099255
368 0.0993154
369 0.0992781
370 0.0992058
371 0.0993454
372 0.0992236
373 0.0992476
374 0.0993879
375 0.0991905
376 0.0992173
377 0.0993301
378 0.0991744
379 0.0991974
380 0.0992462
381 0.0991815
382 0.0991599
383 0.0992712
384 0.0991986
385 0.0991313
386 0.0992125
387 0.099197
388 0.099171
389 0.0992767
390 0.099114
391 0.0991495
392 0.0991639
393 0.099221
394 0.0991468
395 0.0991385
396 0.0991397
397 0.099153
398 0.0991457
399 0.0990626
400 0.0991012
