1 0.109977
2 0.110012
3 0.110051
4 0.10975
5 0.110006
6 0.110283
7 0.109977
8 0.0933868
9 0.0850678
10 0.0831496
11 0.0802143
12 0.0734183
13 0.0699257
14 0.0684395
15 0.0668539
16 0.0661329
17 0.0657246
18 0.0660717
19 0.0666803
20 0.0676234
21 0.0673635
22 0.0673241
23 0.0680787
24 0.0673627
25 0.0661024
26 0.0648048
27 0.0632739
28 0.0612415
29 0.0595468
30 0.0575611
31 0.0559741
32 0.0544201
33 0.0533138
34 0.0513337
35 0.0505014
36 0.0496228
37 0.0489869
38 0.0479057
39 0.0468453
40 0.0466093
41 0.0462274
42 0.0456623
43 0.0453685
44 0.0446026
45 0.0440861
46 0.0437531
47 0.043681
48 0.0432903
49 0.0427966
50 0.0427174
51 0.0420224
52 0.0418494
53 0.041401
54 0.0409738
55 0.0408039
56 0.0403954
57 0.0402976
58 0.0400767
59 0.0395446
60 0.0392902
61 0.0388248
62 0.0385542
63 0.0383772
64 0.0379481
65 0.0377084
66 0.0374285
67 0.0372824
68 0.036956
69 0.0365631
70 0.0363792
71 0.0361755
72 0.0358596
73 0.0355914
74 0.0353853
75 0.0353165
76 0.035239
77 0.0348948
78 0.0345959
79 0.0343504
80 0.0339159
81 0.03385
82 0.0337431
83 0.0336777
84 0.0332838
85 0.0331001
86 0.0328516
87 0.0327266
88 0.0324481
89 0.0322605
90 0.0321169
91 0.0318926
92 0.0317208
93 0.0315362
94 0.0313524
95 0.0312771
96 0.03103
97 0.0308412
98 0.030563
99 0.0304825
100 0.0303578
101 0.0300285
102 0.0298588
103 0.0297556
104 0.0296008
105 0.029381
106 0.0292343
107 0.0290989
108 0.02889
109 0.02886
110 0.0287121
111 0.0284761
112 0.0284906
113 0.0282659
114 0.0280627
115 0.027897
116 0.0277394
117 0.0276786
118 0.0274785
119 0.0274068
120 0.0272406
121 0.0271651
122 0.0269789
123 0.0268073
124 0.0266033
125 0.0265801
126 0.0263861
127 0.0262105
128 0.0259897
129 0.0259034
130 0.0258591
131 0.025718
132 0.0256055
133 0.0254095
134 0.0253289
135 0.0252511
136 0.0251844
137 0.0249532
138 0.0248964
139 0.0248196
140 0.024756
141 0.0246884
142 0.0245451
143 0.0243698
144 0.0242698
145 0.0241973
146 0.0240365
147 0.0239684
148 0.0237573
149 0.0236409
150 0.0235675
151 0.023411
152 0.0233174
153 0.0231613
154 0.0231088
155 0.0229429
156 0.0227937
157 0.0227199
158 0.0225961
159 0.0225539
160 0.02246
161 0.0223379
162 0.022298
163 0.022357
164 0.0221889
165 0.0220721
166 0.02197
167 0.0219309
168 0.0218794
169 0.0216992
170 0.0215863
171 0.021522
172 0.0214568
173 0.0214028
174 0.0213083
175 0.0212082
176 0.0210667
177 0.0210177
178 0.0209753
179 0.0209724
180 0.020851
181 0.020766
182 0.0207095
183 0.0206646
184 0.020579
185 0.0204814
186 0.0204086
187 0.0202375
188 0.020193
189 0.0201408
190 0.0200207
191 0.0199896
192 0.0198934
193 0.0197894
194 0.0197579
195 0.0196595
196 0.0196175
197 0.0195638
198 0.019501
199 0.0194304
200 0.0193454
201 0.0192925
202 0.0192716
203 0.0191693
204 0.0190837
205 0.0190188
206 0.0189414
207 0.0188746
208 0.0188429
209 0.0187809
210 0.0186604
211 0.0186122
212 0.0186113
213 0.0184472
214 0.0184016
215 0.018382
216 0.018381
217 0.0182906
218 0.0181779
219 0.0181571
220 0.0180831
221 0.0179943
222 0.0179388
223 0.0179335
224 0.0178356
225 0.0178124
226 0.0177437
227 0.0176788
228 0.0175908
229 0.0175642
230 0.0175183
231 0.017474
232 0.0174066
233 0.0173319
234 0.0172492
235 0.0172125
236 0.0171701
237 0.0171273
238 0.017068
239 0.017002
240 0.0169306
241 0.0168794
242 0.0168484
243 0.0167686
244 0.016759
245 0.0166509
246 0.0165883
247 0.0165234
248 0.0164962
249 0.0164741
250 0.0164013
251 0.0163387
252 0.0162865
253 0.0162621
254 0.0162266
255 0.0161787
256 0.0161267
257 0.0161425
258 0.0160769
259 0.0160707
260 0.015959
261 0.0159712
262 0.015887
263 0.0158877
264 0.0158466
265 0.0157904
266 0.0157406
267 0.0156615
268 0.0156131
269 0.0155826
270 0.0155422
271 0.0154611
272 0.0154312
273 0.0154095
274 0.0154363
275 0.015374
276 0.0153502
277 0.0153482
278 0.0152789
279 0.0152051
280 0.0151325
281 0.0150881
282 0.0150747
283 0.015018
284 0.0149802
285 0.0149305
286 0.014885
287 0.01485
288 0.0148134
289 0.0147982
290 0.0147607
291 0.0147083
292 0.0146693
293 0.0146896
294 0.0146157
295 0.0145995
296 0.014535
297 0.0145279
298 0.0144432
299 0.0144254
300 0.0143881
301 0.014345
302 0.014335
303 0.0142899
304 0.0142373
305 0.0142092
306 0.0141773
307 0.0141195
308 0.014068
309 0.0140806
310 0.0140664
311 0.014038
312 0.0139631
313 0.0139183
314 0.0138983
315 0.0138459
316 0.0138301
317 0.0137576
318 0.0137444
319 0.0137285
320 0.0137259
321 0.0137137
322 0.0136287
323 0.0135902
324 0.0135846
325 0.0135816
326 0.013569
327 0.0135076
328 0.0134733
329 0.0134176
330 0.0134719
331 0.0134253
332 0.0134059
333 0.013377
334 0.0133103
335 0.0132899
336 0.0132396
337 0.013245
338 0.0131669
339 0.0131662
340 0.0131433
341 0.0131293
342 0.0130756
343 0.0130641
344 0.0130171
345 0.0130258
346 0.0130269
347 0.0129449
348 0.0129447
349 0.0129188
350 0.0128549
351 0.0128544
352 0.0128013
353 0.0127922
354 0.0127416
355 0.0127455
356 0.0127064
357 0.0126967
358 0.0125901
359 0.0125955
360 0.0125934
361 0.0125597
362 0.0125276
363 0.0125156
364 0.0125257
365 0.0124732
366 0.0124401
367 0.0124315
368 0.0124121
369 0.0124328
370 0.0123934
371 0.0123656
372 0.0123302
373 0.0123508
374 0.012289
375 0.0122629
376 0.0122234
377 0.0122142
378 0.01222
379 0.0121848
380 0.012151
381 0.0121554
382 0.0121205
383 0.0121058
384 0.0120704
385 0.0120317
386 0.0120139
387 0.0119661
388 0.0119521
389 0.0119274
390 0.0118716
391 0.0118873
392 0.0118367
393 0.0118411
394 0.0118127
395 0.0117981
396 0.011796
397 0.0117581
398 0.0117591
399 0.0117359
400 0.0117097
