1 0.49986
2 0.50014
3 0.49986
4 0.50014
5 0.49986
6 0.50014
7 0.57776
8 0.577921
9 0.620779
10 0.62024
11 0.649784
12 0.649489
13 0.671184
14 0.670984
15 0.68087
16 0.689539
17 0.695057
18 0.698427
19 0.707526
20 0.710762
21 0.716751
22 0.7176
23 0.724439
24 0.729538
25 0.730145
26 0.734645
27 0.739349
28 0.742428
29 0.743636
30 0.748893
31 0.751852
32 0.753114
33 0.756332
34 0.759664
35 0.76224
36 0.763054
37 0.766161
38 0.768685
39 0.772885
40 0.772212
41 0.775811
42 0.777068
43 0.779208
44 0.780073
45 0.781351
46 0.784266
47 0.785824
48 0.787885
49 0.788889
50 0.789658
51 0.791677
52 0.793422
53 0.794889
54 0.796162
55 0.797923
56 0.799787
57 0.799431
58 0.801361
59 0.803159
60 0.804136
61 0.804041
62 0.805446
63 0.807297
64 0.808444
65 0.809407
66 0.810214
67 0.810916
68 0.812013
69 0.812922
70 0.814017
71 0.814492
72 0.815969
73 0.816024
74 0.81787
75 0.81835
76 0.819004
77 0.819584
78 0.820641
79 0.821117
80 0.822093
81 0.822736
82 0.823417
83 0.823797
84 0.824882
85 0.825729
86 0.826402
87 0.826871
88 0.8267
89 0.827654
90 0.828852
91 0.829244
92 0.829943
93 0.830195
94 0.831024
95 0.832013
96 0.832258
97 0.833247
98 0.83332
99 0.833402
100 0.833995
101 0.835082
102 0.835309
103 0.835826
104 0.836209
105 0.836908
106 0.837891
107 0.837114
108 0.838422
109 0.839113
110 0.838992
111 0.840029
112 0.839943
113 0.840158
114 0.840603
115 0.84154
116 0.841334
117 0.841799
118 0.84272
119 0.842352
120 0.843546
121 0.843561
122 0.843632
123 0.844209
124 0.844655
125 0.845577
126 0.844962
127 0.845562
128 0.846086
129 0.846138
130 0.846535
131 0.847096
132 0.846856
133 0.847516
134 0.847898
135 0.84832
136 0.848765
137 0.848403
138 0.849325
139 0.848986
140 0.84908
141 0.849788
142 0.850051
143 0.850251
144 0.850901
145 0.851039
146 0.85122
147 0.851328
148 0.851449
149 0.851811
150 0.852112
151 0.852443
152 0.853326
153 0.852975
154 0.853164
155 0.85332
156 0.853919
157 0.854433
158 0.854771
159 0.85411
160 0.855113
161 0.854953
162 0.854853
163 0.855251
164 0.855823
165 0.855382
166 0.856004
167 0.856695
168 0.856145
169 0.857216
170 0.856713
171 0.856664
172 0.85613
173 0.857777
174 0.856963
175 0.857917
176 0.857649
177 0.858709
178 0.857829
179 0.858684
180 0.85888
181 0.858783
182 0.859322
183 0.85918
184 0.859672
185 0.859221
186 0.860197
187 0.860145
188 0.859671
189 0.860522
190 0.860403
191 0.860852
192 0.861144
193 0.86028
194 0.860974
195 0.861312
196 0.861416
197 0.861608
198 0.861618
199 0.861887
200 0.862176
201 0.861536
202 0.861884
203 0.862293
204 0.862148
205 0.862448
206 0.862895
207 0.86313
208 0.863288
209 0.863409
210 0.863234
211 0.863267
212 0.863912
213 0.864268
214 0.863873
215 0.863814
216 0.864052
217 0.864318
218 0.864035
219 0.864499
220 0.864952
221 0.86514
222 0.864867
223 0.864485
224 0.865105
225 0.86539
226 0.865518
227 0.865782
228 0.86503
229 0.866142
230 0.865638
231 0.865742
232 0.866313
233 0.866145
234 0.86655
235 0.866054
236 0.86648
237 0.866521
238 0.86678
239 0.867124
240 0.866672
241 0.867505
242 0.867506
243 0.867495
244 0.867208
245 0.867767
246 0.867709
247 0.867406
248 0.867824
249 0.868036
250 0.868212
251 0.868569
252 0.867981
253 0.868217
254 0.868538
255 0.868695
256 0.868483
257 0.868579
258 0.86896
259 0.868817
260 0.869501
261 0.869094
262 0.869206
263 0.86903
264 0.869658
265 0.869696
266 0.870112
267 0.869589
268 0.869821
269 0.870031
270 0.869573
271 0.86995
272 0.870468
273 0.870074
274 0.870752
275 0.870735
276 0.870187
277 0.870647
278 0.870688
279 0.870847
280 0.87104
281 0.870907
282 0.87081
283 0.871242
284 0.871053
285 0.871069
286 0.870903
287 0.870978
288 0.871743
289 0.871689
290 0.872321
291 0.871231
292 0.871567
293 0.871313
294 0.871904
295 0.871838
296 0.87213
297 0.871652
298 0.871589
299 0.873088
300 0.872237
301 0.872224
302 0.872042
303 0.872329
304 0.872583
305 0.872613
306 0.872568
307 0.872024
308 0.872727
309 0.872453
310 0.873124
311 0.87318
312 0.873037
313 0.873083
314 0.872794
315 0.873531
316 0.873323
317 0.873299
318 0.873323
319 0.873378
320 0.873897
321 0.873931
322 0.873469
323 0.87348
324 0.873854
325 0.874261
326 0.873842
327 0.873808
328 0.87394
329 0.874107
330 0.874353
331 0.873877
332 0.874399
333 0.874152
334 0.874158
335 0.874224
336 0.874126
337 0.874785
338 0.874578
339 0.874315
340 0.874239
341 0.874496
342 0.874218
343 0.874284
344 0.874912
345 0.875753
346 0.875231
347 0.875241
348 0.875117
349 0.874715
350 0.875005
351 0.875065
352 0.875174
353 0.875624
354 0.875695
355 0.875151
356 0.874915
357 0.875538
358 0.87535
359 0.875413
360 0.875775
361 0.875797
362 0.875805
363 0.875445
364 0.876103
365 0.875899
366 0.876214
367 0.876226
368 0.875743
369 0.876008
370 0.876331
371 0.876455
372 0.876114
373 0.876059
374 0.876324
375 0.876594
376 0.876754
377 0.876945
378 0.876891
379 0.876664
380 0.876855
381 0.876162
382 0.876818
383 0.87672
384 0.877023
385 0.876952
386 0.87733
387 0.876935
388 0.877568
389 0.877015
390 0.87752
391 0.876551
392 0.877127
393 0.877335
394 0.877236
395 0.877538
396 0.876697
397 0.877365
398 0.87709
399 0.877922
400 0.877349
