1 0.458379
2 0.458534
3 0.458007
4 0.458283
5 0.458266
6 0.457684
7 0.466134
8 0.46614
9 0.469881
10 0.469912
11 0.472113
12 0.472022
13 0.473693
14 0.473298
15 0.47451
16 0.474793
17 0.475313
18 0.475379
19 0.476283
20 0.476546
21 0.476969
22 0.476752
23 0.477193
24 0.477565
25 0.477601
26 0.477865
27 0.477917
28 0.478074
29 0.478252
30 0.478635
31 0.478758
32 0.478808
33 0.479001
34 0.479307
35 0.479157
36 0.479216
37 0.479518
38 0.479447
39 0.479674
40 0.479552
41 0.479758
42 0.479868
43 0.479864
44 0.480052
45 0.480094
46 0.480169
47 0.480304
48 0.480617
49 0.480435
50 0.480316
51 0.480466
52 0.480628
53 0.480576
54 0.480579
55 0.480763
56 0.480922
57 0.481012
58 0.480972
59 0.481041
60 0.4811
61 0.480783
62 0.481127
63 0.481156
64 0.481088
65 0.481208
66 0.481352
67 0.481326
68 0.481398
69 0.481344
70 0.481411
71 0.481234
72 0.481443
73 0.481398
74 0.481417
75 0.481491
76 0.481611
77 0.481456
78 0.481606
79 0.481436
80 0.481629
81 0.481877
82 0.481539
83 0.481687
84 0.481878
85 0.481622
86 0.481651
87 0.481932
88 0.481918
89 0.481953
90 0.481849
91 0.481725
92 0.481759
93 0.481909
94 0.481903
95 0.48192
96 0.481982
97 0.482063
98 0.482055
99 0.482153
100 0.482075
101 0.482068
102 0.482088
103 0.482158
104 0.482185
105 0.481968
106 0.482186
107 0.482048
108 0.482137
109 0.48215
110 0.481963
111 0.481948
112 0.482282
113 0.482297
114 0.482338
115 0.482324
116 0.482444
117 0.482107
118 0.482321
119 0.482171
120 0.482494
121 0.482253
122 0.48241
123 0.482205
124 0.482384
125 0.482334
126 0.482351
127 0.482417
128 0.482407
129 0.482566
130 0.482378
131 0.482282
132 0.482282
133 0.482193
134 0.482561
135 0.482539
136 0.482289
137 0.482581
138 0.482593
139 0.482522
140 0.48245
141 0.482447
142 0.482554
143 0.482466
144 0.482456
145 0.482613
146 0.482461
147 0.482786
148 0.482516
149 0.482488
150 0.482449
151 0.482583
152 0.482547
153 0.482619
154 0.482581
155 0.482556
156 0.482533
157 0.482599
158 0.482592
159 0.482769
160 0.482749
161 0.48251
162 0.482466
163 0.482688
164 0.482721
165 0.482547
166 0.482518
167 0.482695
168 0.482516
169 0.482859
170 0.482505
171 0.482737
172 0.482569
173 0.482835
174 0.482751
175 0.482586
176 0.48283
177 0.482633
178 0.482788
179 0.482776
180 0.482729
181 0.482688
182 0.48266
183 0.482777
184 0.482862
185 0.482766
186 0.48292
187 0.482926
188 0.482872
189 0.482729
190 0.48262
191 0.482688
192 0.482707
193 0.482631
194 0.482606
195 0.482672
196 0.482698
197 0.482755
198 0.483066
199 0.482728
200 0.483016
201 0.482812
202 0.482884
203 0.482734
204 0.482866
205 0.482924
206 0.482738
207 0.482788
208 0.482908
209 0.482839
210 0.482937
211 0.482909
212 0.482782
213 0.482862
214 0.482996
215 0.483188
216 0.482918
217 0.483017
218 0.482889
219 0.482821
220 0.482852
221 0.483047
222 0.48309
223 0.48285
224 0.482922
225 0.482944
226 0.482812
227 0.483001
228 0.48301
229 0.48295
230 0.483106
231 0.48292
232 0.482931
233 0.482908
234 0.483015
235 0.482737
236 0.482927
237 0.482911
238 0.482849
239 0.483188
240 0.482744
241 0.482961
242 0.483077
243 0.483033
244 0.482802
245 0.482834
246 0.483101
247 0.482953
248 0.482858
249 0.483021
250 0.482885
251 0.483005
252 0.482949
253 0.483052
254 0.483166
255 0.482953
256 0.483072
257 0.483069
258 0.483129
259 0.483061
260 0.482928
261 0.483075
262 0.482916
263 0.483241
264 0.483014
265 0.483021
266 0.482917
267 0.482949
268 0.48312
269 0.482832
270 0.48303
271 0.482904
272 0.483121
273 0.482941
274 0.483276
275 0.482725
276 0.48317
277 0.483032
278 0.483235
279 0.482999
280 0.483043
281 0.48317
282 0.483172
283 0.483122
284 0.483182
285 0.482881
286 0.483029
287 0.483097
288 0.482929
289 0.482982
290 0.48324
291 0.482962
292 0.483024
293 0.482875
294 0.48318
295 0.483034
296 0.483043
297 0.482997
298 0.482954
299 0.48316
300 0.483179
301 0.48311
302 0.48307
303 0.48307
304 0.483039
305 0.483046
306 0.483009
307 0.483113
308 0.483302
309 0.483031
310 0.48309
311 0.483138
312 0.483136
313 0.482789
314 0.482991
315 0.483061
316 0.483045
317 0.483181
318 0.482963
319 0.483086
320 0.483183
321 0.482894
322 0.4831
323 0.482984
324 0.483035
325 0.483163
326 0.483228
327 0.483012
328 0.483089
329 0.483416
330 0.483053
331 0.482933
332 0.483288
333 0.483044
334 0.483126
335 0.483181
336 0.483224
337 0.482874
338 0.483262
339 0.483291
340 0.483095
341 0.483159
342 0.483012
343 0.483072
344 0.483035
345 0.483069
346 0.483234
347 0.483408
348 0.483245
349 0.482861
350 0.482907
351 0.482981
352 0.483219
353 0.482965
354 0.483166
355 0.48314
356 0.483028
357 0.483284
358 0.48306
359 0.483042
360 0.482898
361 0.48321
362 0.483129
363 0.483152
364 0.483433
365 0.482981
366 0.483144
367 0.48331
368 0.483143
369 0.48302
370 0.48318
371 0.483005
372 0.483433
373 0.483213
374 0.483038
375 0.483166
376 0.483122
377 0.483236
378 0.483104
379 0.483121
380 0.483139
381 0.48323
382 0.483193
383 0.483051
384 0.482919
385 0.483142
386 0.483156
387 0.483315
388 0.483206
389 0.483332
390 0.482985
391 0.483047
392 0.483014
393 0.483045
394 0.483221
395 0.483153
396 0.483068
397 0.483122
398 0.483259
399 0.483147
400 0.483298
