1 0.300277
2 0.300455
3 0.299777
4 0.299643
5 0.299977
6 0.29996
7 0.302498
8 0.304731
9 0.30757
10 0.30961
11 0.31196
12 0.313898
13 0.31591
14 0.317592
15 0.319275
16 0.320845
17 0.322059
18 0.323425
19 0.324868
20 0.326065
21 0.327038
22 0.328104
23 0.329121
24 0.330123
25 0.33108
26 0.331813
27 0.332563
28 0.333505
29 0.334213
30 0.334849
31 0.335471
32 0.33617
33 0.336706
34 0.337545
35 0.337971
36 0.338497
37 0.338985
38 0.339582
39 0.340134
40 0.340544
41 0.341196
42 0.341559
43 0.341904
44 0.342382
45 0.34276
46 0.343085
47 0.343449
48 0.343885
49 0.344211
50 0.344544
51 0.344874
52 0.345267
53 0.345553
54 0.345829
55 0.346263
56 0.346549
57 0.346751
58 0.347132
59 0.347384
60 0.347643
61 0.347843
62 0.348153
63 0.348433
64 0.34864
65 0.348948
66 0.349131
67 0.34937
68 0.34959
69 0.349794
70 0.350021
71 0.350224
72 0.350325
73 0.350668
74 0.350844
75 0.351058
76 0.351226
77 0.351319
78 0.351596
79 0.351758
80 0.351939
81 0.352087
82 0.352313
83 0.352402
84 0.352584
85 0.352825
86 0.352957
87 0.353054
88 0.353187
89 0.353277
90 0.353539
91 0.353643
92 0.35376
93 0.353844
94 0.354085
95 0.35419
96 0.354373
97 0.354542
98 0.354652
99 0.354741
100 0.354814
101 0.355038
102 0.355168
103 0.355295
104 0.355337
105 0.355544
106 0.355661
107 0.355712
108 0.355826
109 0.355939
110 0.356063
111 0.356184
112 0.356297
113 0.356347
114 0.356463
115 0.356572
116 0.356601
117 0.356768
118 0.3569
119 0.356884
120 0.356997
121 0.357137
122 0.3573
123 0.357291
124 0.357439
125 0.357587
126 0.357547
127 0.35771
128 0.357752
129 0.357806
130 0.35796
131 0.35795
132 0.358075
133 0.358135
134 0.358269
135 0.358367
136 0.358427
137 0.35848
138 0.35862
139 0.358655
140 0.35861
141 0.358754
142 0.358853
143 0.358946
144 0.35897
145 0.359025
146 0.359152
147 0.359172
148 0.359178
149 0.359304
150 0.359374
151 0.359502
152 0.35953
153 0.359528
154 0.359605
155 0.359684
156 0.359807
157 0.35984
158 0.359896
159 0.359918
160 0.360025
161 0.360017
162 0.360085
163 0.360191
164 0.360264
165 0.360248
166 0.360301
167 0.360426
168 0.360447
169 0.360578
170 0.360557
171 0.360566
172 0.360625
173 0.360746
174 0.360751
175 0.360858
176 0.360863
177 0.360935
178 0.360948
179 0.361018
180 0.361028
181 0.361079
182 0.361174
183 0.3612
184 0.361258
185 0.361258
186 0.361321
187 0.361426
188 0.361429
189 0.361478
190 0.361521
191 0.361615
192 0.361671
193 0.361623
194 0.361687
195 0.361707
196 0.361787
197 0.361833
198 0.36184
199 0.361929
200 0.36194
201 0.361922
202 0.362007
203 0.361979
204 0.36207
205 0.36221
206 0.362175
207 0.362219
208 0.362265
209 0.362342
210 0.362327
211 0.362347
212 0.362393
213 0.362451
214 0.362484
215 0.362479
216 0.362571
217 0.36257
218 0.362557
219 0.36271
220 0.362624
221 0.362731
222 0.362705
223 0.362746
224 0.362762
225 0.362836
226 0.362902
227 0.362942
228 0.362933
229 0.36303
230 0.362954
231 0.363046
232 0.363118
233 0.363093
234 0.363153
235 0.36316
236 0.363142
237 0.36321
238 0.363218
239 0.363356
240 0.363344
241 0.363396
242 0.363395
243 0.36345
244 0.363438
245 0.363486
246 0.363509
247 0.363506
248 0.363553
249 0.363618
250 0.363668
251 0.363661
252 0.36367
253 0.363704
254 0.363736
255 0.363767
256 0.36378
257 0.363813
258 0.363878
259 0.363875
260 0.363926
261 0.36393
262 0.363922
263 0.363916
264 0.363987
265 0.364068
266 0.364037
267 0.364052
268 0.36411
269 0.364118
270 0.364112
271 0.364179
272 0.364162
273 0.364235
274 0.364278
275 0.364297
276 0.364273
277 0.364336
278 0.364369
279 0.364316
280 0.364425
281 0.36437
282 0.36439
283 0.364465
284 0.364415
285 0.364496
286 0.36446
287 0.364575
288 0.364535
289 0.364585
290 0.364655
291 0.364579
292 0.364672
293 0.364651
294 0.364716
295 0.364735
296 0.364749
297 0.364702
298 0.364745
299 0.364824
300 0.364805
301 0.364817
302 0.364844
303 0.36488
304 0.364912
305 0.364941
306 0.364894
307 0.364946
308 0.364963
309 0.364946
310 0.365036
311 0.365019
312 0.365042
313 0.365041
314 0.365046
315 0.36517
316 0.365168
317 0.365117
318 0.365156
319 0.365158
320 0.365235
321 0.365233
322 0.365223
323 0.365232
324 0.365285
325 0.365315
326 0.365283
327 0.365335
328 0.365342
329 0.365371
330 0.365384
331 0.365362
332 0.365409
333 0.365435
334 0.365455
335 0.365432
336 0.365467
337 0.36553
338 0.365523
339 0.365545
340 0.365518
341 0.365456
342 0.365529
343 0.365534
344 0.365627
345 0.365745
346 0.365649
347 0.365666
348 0.365642
349 0.36567
350 0.365687
351 0.365746
352 0.365738
353 0.365784
354 0.365779
355 0.365753
356 0.365764
357 0.365837
358 0.365826
359 0.365837
360 0.365853
361 0.365924
362 0.365911
363 0.365921
364 0.365928
365 0.365961
366 0.365976
367 0.365982
368 0.365948
369 0.365979
370 0.366089
371 0.366025
372 0.365987
373 0.365962
374 0.366125
375 0.366124
376 0.366107
377 0.366132
378 0.366114
379 0.366169
380 0.36615
381 0.36613
382 0.366153
383 0.366175
384 0.36619
385 0.366195
386 0.366254
387 0.366291
388 0.366264
389 0.366272
390 0.366304
391 0.366218
392 0.366341
393 0.366324
394 0.366315
395 0.366356
396 0.366295
397 0.36635
398 0.366351
399 0.366417
400 0.366401
