1 0.300277
2 0.300633
3 0.299427
4 0.300057
5 0.300019
6 0.298691
7 0.319114
8 0.31913
9 0.329083
10 0.32917
11 0.335351
12 0.33509
13 0.339953
14 0.338787
15 0.342392
16 0.343247
17 0.344828
18 0.345032
19 0.347833
20 0.34866
21 0.349996
22 0.349309
23 0.350711
24 0.351907
25 0.35202
26 0.352877
27 0.353044
28 0.353558
29 0.35414
30 0.3554
31 0.355807
32 0.355975
33 0.356618
34 0.357645
35 0.357139
36 0.357338
37 0.358357
38 0.358115
39 0.358886
40 0.358471
41 0.359172
42 0.359547
43 0.359532
44 0.360178
45 0.360323
46 0.360578
47 0.361046
48 0.36213
49 0.3615
50 0.361085
51 0.361606
52 0.362169
53 0.361989
54 0.361999
55 0.36264
56 0.3632
57 0.363516
58 0.363376
59 0.363619
60 0.363827
61 0.36271
62 0.363923
63 0.364026
64 0.363783
65 0.364208
66 0.364719
67 0.364629
68 0.364883
69 0.364693
70 0.364929
71 0.364302
72 0.365045
73 0.364885
74 0.36495
75 0.365214
76 0.365644
77 0.365091
78 0.365629
79 0.365019
80 0.36571
81 0.366602
82 0.365388
83 0.365917
84 0.366605
85 0.365685
86 0.365788
87 0.366801
88 0.366751
89 0.366877
90 0.3665
91 0.366054
92 0.366178
93 0.366717
94 0.366697
95 0.366758
96 0.366984
97 0.367275
98 0.367247
99 0.367603
100 0.36732
101 0.367295
102 0.367366
103 0.36762
104 0.367721
105 0.366933
106 0.367722
107 0.367222
108 0.367545
109 0.367594
110 0.366913
111 0.36686
112 0.368074
113 0.36813
114 0.368279
115 0.368229
116 0.368667
117 0.367435
118 0.368216
119 0.36767
120 0.368853
121 0.367968
122 0.368544
123 0.367793
124 0.368447
125 0.368264
126 0.368328
127 0.368567
128 0.368531
129 0.369115
130 0.368426
131 0.368075
132 0.368074
133 0.367749
134 0.3691
135 0.369016
136 0.3681
137 0.369171
138 0.369216
139 0.368956
140 0.368689
141 0.368678
142 0.369071
143 0.368748
144 0.368712
145 0.369291
146 0.368732
147 0.36993
148 0.368934
149 0.368828
150 0.368685
151 0.369181
152 0.369045
153 0.369313
154 0.369174
155 0.369079
156 0.368996
157 0.36924
158 0.369212
159 0.369869
160 0.369792
161 0.368909
162 0.36875
163 0.369566
164 0.369688
165 0.369046
166 0.368941
167 0.369594
168 0.368934
169 0.370201
170 0.368891
171 0.36975
172 0.369128
173 0.370114
174 0.369799
175 0.369189
176 0.370095
177 0.369363
178 0.369939
179 0.369892
180 0.36972
181 0.369567
182 0.369465
183 0.369899
184 0.370214
185 0.369856
186 0.37043
187 0.37045
188 0.370251
189 0.369721
190 0.369317
191 0.369568
192 0.369636
193 0.369356
194 0.369266
195 0.369507
196 0.369603
197 0.369815
198 0.370973
199 0.369715
200 0.370788
201 0.370026
202 0.370294
203 0.369737
204 0.370228
205 0.370443
206 0.369754
207 0.369937
208 0.370384
209 0.370127
210 0.370493
211 0.370388
212 0.369916
213 0.370214
214 0.370713
215 0.371432
216 0.370423
217 0.370791
218 0.370313
219 0.37006
220 0.370177
221 0.370902
222 0.371066
223 0.370168
224 0.370437
225 0.370517
226 0.370026
227 0.370731
228 0.370764
229 0.370541
230 0.371124
231 0.370428
232 0.370469
233 0.370386
234 0.370782
235 0.369748
236 0.370456
237 0.370397
238 0.370166
239 0.371432
240 0.369773
241 0.370582
242 0.371016
243 0.370852
244 0.369991
245 0.37011
246 0.371104
247 0.370552
248 0.370199
249 0.370807
250 0.370299
251 0.370746
252 0.370536
253 0.370922
254 0.37135
255 0.370551
256 0.370995
257 0.370987
258 0.37121
259 0.370956
260 0.370459
261 0.371008
262 0.370415
263 0.371633
264 0.370778
265 0.370805
266 0.370417
267 0.370538
268 0.371176
269 0.370102
270 0.370838
271 0.37037
272 0.371179
273 0.370508
274 0.371765
275 0.369706
276 0.371366
277 0.370849
278 0.37161
279 0.370722
280 0.370888
281 0.371365
282 0.371371
283 0.371186
284 0.371409
285 0.370283
286 0.370835
287 0.37109
288 0.370461
289 0.370659
290 0.371627
291 0.370587
292 0.370816
293 0.370262
294 0.371403
295 0.370855
296 0.370889
297 0.370716
298 0.370557
299 0.371327
300 0.371397
301 0.37114
302 0.370988
303 0.370989
304 0.370873
305 0.370898
306 0.37076
307 0.37115
308 0.371862
309 0.370844
310 0.371065
311 0.371245
312 0.371236
313 0.369941
314 0.370695
315 0.370955
316 0.370897
317 0.371407
318 0.370588
319 0.371051
320 0.371413
321 0.370333
322 0.3711
323 0.370669
324 0.370859
325 0.371339
326 0.371583
327 0.370774
328 0.371059
329 0.372293
330 0.370925
331 0.370479
332 0.371808
333 0.370893
334 0.371198
335 0.371405
336 0.371566
337 0.370259
338 0.37171
339 0.371818
340 0.371083
341 0.371323
342 0.370772
343 0.370996
344 0.370859
345 0.370984
346 0.371607
347 0.372261
348 0.371647
349 0.370211
350 0.370381
351 0.370657
352 0.371549
353 0.370596
354 0.371349
355 0.371253
356 0.370833
357 0.371795
358 0.370953
359 0.370884
360 0.370348
361 0.371515
362 0.371211
363 0.371297
364 0.372357
365 0.370657
366 0.371266
367 0.371891
368 0.371262
369 0.370804
370 0.371403
371 0.370745
372 0.372357
373 0.371526
374 0.370868
375 0.371348
376 0.371186
377 0.371612
378 0.371118
379 0.37118
380 0.371247
381 0.371591
382 0.37145
383 0.370919
384 0.370424
385 0.371258
386 0.371312
387 0.371909
388 0.371498
389 0.371973
390 0.37067
391 0.370902
392 0.370778
393 0.370897
394 0.371557
395 0.3713
396 0.370983
397 0.371184
398 0.371698
399 0.371278
400 0.371846
