1 2.29533
2 1.37929
3 0.9802
4 0.795389
5 0.702694
6 0.649703
7 0.612664
8 0.5817
9 0.553723
10 0.526986
11 0.501106
12 0.47703
13 0.453041
14 0.431174
15 0.410527
16 0.391534
17 0.374357
18 0.358866
19 0.344676
20 0.331575
21 0.319565
22 0.308613
23 0.298143
24 0.28839
25 0.279345
26 0.270474
27 0.261895
28 0.253269
29 0.244794
30 0.236457
31 0.228738
32 0.221299
33 0.214435
34 0.207805
35 0.201527
36 0.195854
37 0.190381
38 0.185312
39 0.180332
40 0.175734
41 0.171466
42 0.167371
43 0.163256
44 0.159364
45 0.155808
46 0.152334
47 0.148932
48 0.145635
49 0.142427
50 0.139477
51 0.13653
52 0.133666
53 0.131006
54 0.128297
55 0.125784
56 0.12331
57 0.120746
58 0.118421
59 0.116193
60 0.114021
61 0.111837
62 0.109786
63 0.107723
64 0.105762
65 0.103865
66 0.102067
67 0.100187
68 0.0984489
69 0.0968044
70 0.0951919
71 0.0936479
72 0.0920824
73 0.0906217
74 0.08925
75 0.087799
76 0.0863998
77 0.0850438
78 0.0838116
79 0.0824763
80 0.0812289
81 0.0800629
82 0.0789476
83 0.077797
84 0.0766746
85 0.0755372
86 0.0744464
87 0.0735158
88 0.0724591
89 0.0714715
90 0.0705049
91 0.0696048
92 0.0686807
93 0.0678053
94 0.066971
95 0.0661152
96 0.0653427
97 0.0646221
98 0.0637657
99 0.063028
100 0.0622848
101 0.0615421
102 0.0608103
103 0.0601714
104 0.0595319
105 0.0588535
106 0.0581974
107 0.0574979
108 0.0568902
109 0.0562907
110 0.0556924
111 0.0551175
112 0.0545288
113 0.0539329
114 0.0534386
115 0.0529114
116 0.0523862
117 0.0518389
118 0.0513075
119 0.0507702
120 0.0502687
121 0.0498107
122 0.0493265
123 0.0488718
124 0.0483721
125 0.0479612
126 0.0475018
127 0.0470156
128 0.0466024
129 0.046207
130 0.0457924
131 0.0453374
132 0.0449519
133 0.0445576
134 0.0441604
135 0.0437734
136 0.0434255
137 0.0430763
138 0.0427782
139 0.0424008
140 0.0420164
141 0.0416711
142 0.0413259
143 0.0410435
144 0.0407414
145 0.0404292
146 0.0400924
147 0.0397596
148 0.0394252
149 0.0391582
150 0.0388491
151 0.0385227
152 0.0382076
153 0.0379319
154 0.0376724
155 0.0374001
156 0.0371233
157 0.0367862
158 0.0365129
159 0.0362332
160 0.0359902
161 0.0357242
162 0.035448
163 0.035198
164 0.0349217
165 0.0346753
166 0.0344277
167 0.0341746
168 0.033946
169 0.0337351
170 0.0335418
171 0.0333088
172 0.0330713
173 0.0328542
174 0.0326549
175 0.0324351
176 0.0322328
177 0.0319884
178 0.0317736
179 0.0315573
180 0.0313186
181 0.0311368
182 0.030974
183 0.0307705
184 0.0305563
185 0.0303532
186 0.030182
187 0.0299874
188 0.0297692
189 0.0296194
190 0.0294062
191 0.0292447
192 0.0290514
193 0.0288668
194 0.0286947
195 0.0285126
196 0.0283434
197 0.0281503
198 0.0279802
199 0.0278124
200 0.0276671
201 0.0274755
202 0.0272998
203 0.0271351
204 0.0269749
205 0.0268178
206 0.0266513
207 0.0264675
208 0.0263089
209 0.026165
210 0.0260135
211 0.0258847
212 0.025705
213 0.0256056
214 0.0254502
215 0.025285
216 0.0251526
217 0.0250013
218 0.0248768
219 0.0247353
220 0.0246124
221 0.0244825
222 0.0243329
223 0.0241951
224 0.0240705
225 0.0239426
226 0.0238292
227 0.023717
228 0.0235952
229 0.0234804
230 0.0233633
231 0.0232343
232 0.0231203
233 0.0229987
234 0.0228826
235 0.0227595
236 0.0226485
237 0.0225582
238 0.0224217
239 0.0223008
240 0.022204
241 0.0220941
242 0.0219823
243 0.0218794
244 0.0217807
245 0.0216734
246 0.0215736
247 0.0214778
248 0.0213716
249 0.0212746
250 0.0211587
251 0.0210505
252 0.0209389
253 0.0208558
254 0.0207595
255 0.020656
256 0.0205801
257 0.0204832
258 0.0203773
259 0.0202722
260 0.0201755
261 0.0200623
262 0.0199886
263 0.019914
264 0.0197878
265 0.0197112
266 0.0196145
267 0.0195202
268 0.0194446
269 0.0193576
270 0.0192703
271 0.0191847
272 0.0191046
273 0.0190058
274 0.0189214
275 0.0188497
276 0.018769
277 0.0186793
278 0.0185834
279 0.0185247
280 0.018444
281 0.0183804
282 0.0182926
283 0.0182133
284 0.0181418
285 0.0180691
286 0.0180002
287 0.0179203
288 0.0178465
289 0.0177543
290 0.017674
291 0.0176139
292 0.0175252
293 0.0174562
294 0.0173866
295 0.0173163
296 0.0172616
297 0.0171923
298 0.0171426
299 0.0170706
300 0.0169945
301 0.0169302
302 0.0168612
303 0.0168026
304 0.0167354
305 0.0166461
306 0.0165728
307 0.0165127
308 0.0164509
309 0.0163942
310 0.0163224
311 0.0162537
312 0.0162018
313 0.0161307
314 0.0160748
315 0.0160178
316 0.0159577
317 0.0159042
318 0.0158419
319 0.0157728
320 0.0157097
321 0.0156492
322 0.0156034
323 0.0155418
324 0.0154814
325 0.0154253
326 0.0153461
327 0.0152937
328 0.015249
329 0.0151865
330 0.0151323
331 0.0150784
332 0.0150267
333 0.0149609
334 0.0149174
335 0.0148834
336 0.0148043
337 0.0147454
338 0.014685
339 0.0146349
340 0.0145855
341 0.0145284
342 0.0144723
343 0.014412
344 0.0143649
345 0.0143264
346 0.0142735
347 0.0142275
348 0.0141703
349 0.0141261
350 0.0140834
351 0.0140362
352 0.0139829
353 0.0139429
354 0.0138966
355 0.0138383
356 0.0137824
357 0.0137394
358 0.0136917
359 0.0136565
360 0.0136099
361 0.0135624
362 0.013522
363 0.0134588
364 0.0134206
365 0.0133756
366 0.0133252
367 0.0132942
368 0.0132439
369 0.0132077
370 0.0131638
371 0.01311
372 0.0130744
373 0.0130428
374 0.0129958
375 0.0129474
376 0.0129178
377 0.0128727
378 0.0128286
379 0.0127819
380 0.0127402
381 0.0127047
382 0.0126621
383 0.0126406
384 0.0126014
385 0.012568
386 0.0125469
387 0.0125004
388 0.0124528
389 0.0124074
390 0.0123664
391 0.0123347
392 0.0123067
393 0.0122618
394 0.0122216
395 0.0121836
396 0.012137
397 0.0121112
398 0.012061
399 0.0120143
400 0.011982
