1 0.500626
2 0.500305
3 0.500352
4 0.499361
5 0.500043
6 0.499629
7 0.499894
8 0.499669
9 0.499883
10 0.499745
11 0.500324
12 0.500035
13 0.499939
14 0.500509
15 0.498972
16 0.499225
17 0.500821
18 0.499363
19 0.499522
20 0.499611
21 0.499673
22 0.500021
23 0.500062
24 0.499666
25 0.499415
26 0.504174
27 0.508465
28 0.511675
29 0.516357
30 0.51932
31 0.522387
32 0.525989
33 0.529499
34 0.532858
35 0.535857
36 0.53961
37 0.542227
38 0.544515
39 0.549442
40 0.550728
41 0.554562
42 0.556248
43 0.559087
44 0.561874
45 0.563477
46 0.565793
47 0.568951
48 0.571826
49 0.573142
50 0.576151
51 0.578368
52 0.580856
53 0.583906
54 0.585594
55 0.587093
56 0.590233
57 0.592552
58 0.593829
59 0.596463
60 0.599514
61 0.601252
62 0.60415
63 0.605039
64 0.608729
65 0.609918
66 0.612303
67 0.613767
68 0.616099
69 0.617997
70 0.621205
71 0.62217
72 0.624107
73 0.626315
74 0.627919
75 0.62986
76 0.631603
77 0.633088
78 0.63504
79 0.637874
80 0.638206
81 0.640652
82 0.641079
83 0.643967
84 0.645205
85 0.646462
86 0.647648
87 0.649498
88 0.650398
89 0.652082
90 0.653565
91 0.654798
92 0.654923
93 0.656234
94 0.658375
95 0.660328
96 0.660708
97 0.662032
98 0.662802
99 0.663277
100 0.664867
101 0.666235
102 0.667064
103 0.669136
104 0.669672
105 0.670248
106 0.670774
107 0.671764
108 0.672033
109 0.6737
110 0.674918
111 0.675514
112 0.676131
113 0.677565
114 0.677868
115 0.678839
116 0.679685
117 0.680822
118 0.681176
119 0.681545
120 0.682406
121 0.683678
122 0.683754
123 0.684817
124 0.685056
125 0.686539
126 0.686968
127 0.687486
128 0.688179
129 0.689066
130 0.689713
131 0.690444
132 0.690723
133 0.691348
134 0.692581
135 0.692714
136 0.69263
137 0.693199
138 0.694258
139 0.694845
140 0.694436
141 0.696258
142 0.696649
143 0.697403
144 0.697416
145 0.698603
146 0.698619
147 0.699514
148 0.699635
149 0.700942
150 0.701255
151 0.702337
152 0.701587
153 0.702563
154 0.702908
155 0.704158
156 0.703709
157 0.704177
158 0.705662
159 0.706433
160 0.707167
161 0.706749
162 0.707719
163 0.707844
164 0.708551
165 0.709182
166 0.708805
167 0.709578
168 0.709636
169 0.710533
170 0.711458
171 0.711417
172 0.711436
173 0.712715
174 0.712428
175 0.71393
176 0.71362
177 0.713878
178 0.714176
179 0.714564
180 0.715063
181 0.716591
182 0.71638
183 0.717165
184 0.717097
185 0.718215
186 0.71818
187 0.718371
188 0.719037
189 0.719187
190 0.719736
191 0.720637
192 0.720818
193 0.721055
194 0.721839
195 0.721003
196 0.722013
197 0.722365
198 0.722765
199 0.723671
200 0.723463
201 0.724098
202 0.724407
203 0.724948
204 0.725034
205 0.725405
206 0.725782
207 0.726637
208 0.726473
209 0.727121
210 0.727309
211 0.727899
212 0.727998
213 0.728169
214 0.728608
215 0.728556
216 0.729613
217 0.729152
218 0.729732
219 0.730813
220 0.730474
221 0.730341
222 0.731659
223 0.730958
224 0.731836
225 0.73205
226 0.731641
227 0.732381
228 0.733274
229 0.733663
230 0.733658
231 0.734223
232 0.734076
233 0.733987
234 0.734643
235 0.735239
236 0.73571
237 0.735636
238 0.735909
239 0.736242
240 0.73718
241 0.737717
242 0.737314
243 0.737059
244 0.737604
245 0.739017
246 0.73802
247 0.738242
248 0.738527
249 0.738568
250 0.738376
251 0.739624
252 0.740713
253 0.740174
254 0.741086
255 0.740748
256 0.740541
257 0.740741
258 0.741393
259 0.740882
260 0.741358
261 0.741856
262 0.741645
263 0.743249
264 0.743633
265 0.742391
266 0.743341
267 0.742668
268 0.743057
269 0.743841
270 0.744507
271 0.74463
272 0.745147
273 0.744858
274 0.745138
275 0.745491
276 0.745363
277 0.74603
278 0.746252
279 0.745937
280 0.746224
281 0.746178
282 0.747533
283 0.747824
284 0.747435
285 0.747576
286 0.747845
287 0.749466
288 0.748103
289 0.748526
290 0.748867
291 0.748769
292 0.748421
293 0.749788
294 0.748852
295 0.749454
296 0.751219
297 0.750385
298 0.749453
299 0.750253
300 0.75105
301 0.751338
302 0.751674
303 0.751128
304 0.751432
305 0.752061
306 0.751626
307 0.751984
308 0.752742
309 0.752647
310 0.752404
311 0.753176
312 0.752575
313 0.753431
314 0.752673
315 0.753116
316 0.753634
317 0.754981
318 0.753535
319 0.754863
320 0.754262
321 0.753879
322 0.754182
323 0.75438
324 0.754757
325 0.755951
326 0.754957
327 0.755022
328 0.756021
329 0.75625
330 0.755393
331 0.75656
332 0.756197
333 0.756611
334 0.75686
335 0.756883
336 0.756539
337 0.757502
338 0.75694
339 0.757416
340 0.757604
341 0.75754
342 0.757733
343 0.758085
344 0.758741
345 0.758195
346 0.758076
347 0.758294
348 0.75904
349 0.759378
350 0.759704
351 0.759117
352 0.759218
353 0.759872
354 0.760298
355 0.759836
356 0.759856
357 0.759742
358 0.760012
359 0.759905
360 0.760695
361 0.760404
362 0.760801
363 0.760042
364 0.760526
365 0.760764
366 0.761188
367 0.761877
368 0.761778
369 0.762002
370 0.761617
371 0.761997
372 0.762742
373 0.763143
374 0.762458
375 0.762114
376 0.762645
377 0.762778
378 0.76372
379 0.7631
380 0.762961
381 0.763018
382 0.763537
383 0.763919
384 0.764033
385 0.764195
386 0.763561
387 0.764386
388 0.763669
389 0.76405
390 0.763791
391 0.764036
392 0.765433
393 0.765579
394 0.765111
395 0.764892
396 0.76453
397 0.765332
398 0.76557
399 0.764735
400 0.765736
