1 0.313659
2 0.313765
3 0.314061
4 0.314214
5 0.313879
6 0.313882
7 0.314256
8 0.313893
9 0.313883
10 0.314027
11 0.313922
12 0.313864
13 0.313776
14 0.313861
15 0.314499
16 0.31384
17 0.313781
18 0.314085
19 0.314446
20 0.314345
21 0.313866
22 0.314112
23 0.313689
24 0.313879
25 0.314229
26 0.309889
27 0.305821
28 0.301866
29 0.297955
30 0.294318
31 0.29117
32 0.28758
33 0.284511
34 0.28106
35 0.277685
36 0.274547
37 0.271311
38 0.268505
39 0.26562
40 0.262936
41 0.259909
42 0.257608
43 0.254539
44 0.252059
45 0.249622
46 0.247423
47 0.244468
48 0.242007
49 0.240177
50 0.237912
51 0.235363
52 0.232903
53 0.230926
54 0.228517
55 0.226588
56 0.223924
57 0.221616
58 0.219598
59 0.217049
60 0.214932
61 0.212837
62 0.210315
63 0.207985
64 0.205731
65 0.203723
66 0.201638
67 0.199562
68 0.197224
69 0.195293
70 0.193381
71 0.191641
72 0.189591
73 0.187713
74 0.185753
75 0.184087
76 0.182357
77 0.180513
78 0.178856
79 0.177108
80 0.175296
81 0.17368
82 0.172388
83 0.17048
84 0.16931
85 0.167666
86 0.166097
87 0.164536
88 0.163435
89 0.162078
90 0.160679
91 0.159159
92 0.15815
93 0.156977
94 0.155345
95 0.154101
96 0.153176
97 0.152109
98 0.151071
99 0.149653
100 0.148808
101 0.147357
102 0.146818
103 0.145538
104 0.144342
105 0.143785
106 0.142482
107 0.141966
108 0.141167
109 0.14008
110 0.139179
111 0.138446
112 0.137413
113 0.136669
114 0.135881
115 0.135167
116 0.134367
117 0.13354
118 0.132652
119 0.132154
120 0.131267
121 0.13063
122 0.130088
123 0.129051
124 0.128494
125 0.127532
126 0.127017
127 0.126543
128 0.126079
129 0.125021
130 0.124339
131 0.123839
132 0.123178
133 0.122686
134 0.121813
135 0.121639
136 0.120548
137 0.120255
138 0.119611
139 0.119165
140 0.118515
141 0.117942
142 0.117163
143 0.11669
144 0.115966
145 0.115603
146 0.115007
147 0.11422
148 0.113755
149 0.113235
150 0.112663
151 0.112396
152 0.111824
153 0.111261
154 0.110627
155 0.110097
156 0.109553
157 0.109084
158 0.108633
159 0.108361
160 0.10747
161 0.107132
162 0.106627
163 0.106272
164 0.105466
165 0.105175
166 0.104831
167 0.104184
168 0.103715
169 0.103438
170 0.102837
171 0.10248
172 0.102289
173 0.101419
174 0.10094
175 0.100686
176 0.100382
177 0.0998758
178 0.0993363
179 0.0987917
180 0.0984483
181 0.0978663
182 0.0975049
183 0.0973225
184 0.0966807
185 0.096008
186 0.0959095
187 0.0951875
188 0.0949246
189 0.0947398
190 0.0941701
191 0.0938326
192 0.0933587
193 0.0930753
194 0.0925684
195 0.0923819
196 0.0919982
197 0.0916318
198 0.0912221
199 0.0906455
200 0.0902808
201 0.0898189
202 0.0896416
203 0.0893182
204 0.0888813
205 0.0883982
206 0.0880177
207 0.0878941
208 0.0873614
209 0.0870834
210 0.0865796
211 0.0863171
212 0.0860595
213 0.0857855
214 0.0852636
215 0.0849755
216 0.0846708
217 0.0842124
218 0.0840143
219 0.0837342
220 0.0831531
221 0.0831834
222 0.0826524
223 0.082505
224 0.0820468
225 0.081749
226 0.0814604
227 0.0811159
228 0.0807192
229 0.0803332
230 0.080334
231 0.0800645
232 0.0797556
233 0.0793377
234 0.079042
235 0.0790953
236 0.0784234
237 0.0782678
238 0.0780006
239 0.0777185
240 0.0770369
241 0.077091
242 0.0767788
243 0.0765247
244 0.0761455
245 0.0757838
246 0.075676
247 0.0751803
248 0.0752894
249 0.0750749
250 0.0747587
251 0.0742773
252 0.0741696
253 0.0737535
254 0.0734843
255 0.0732766
256 0.0730406
257 0.072786
258 0.0723695
259 0.0722309
260 0.0719977
261 0.0717175
262 0.0717044
263 0.0713594
264 0.0711796
265 0.0707344
266 0.0705032
267 0.0703953
268 0.0702124
269 0.0698985
270 0.0693741
271 0.0695154
272 0.0690597
273 0.0687605
274 0.0686299
275 0.0683577
276 0.0683007
277 0.0679467
278 0.0677397
279 0.0675995
280 0.067333
281 0.0672012
282 0.0668778
283 0.0668242
284 0.0664235
285 0.0663887
286 0.0660718
287 0.0659896
288 0.0657046
289 0.0655418
290 0.0653463
291 0.0650292
292 0.0650009
293 0.0644553
294 0.0643364
295 0.0644296
296 0.0640261
297 0.0637879
298 0.0636606
299 0.0635869
300 0.0632644
301 0.0629641
302 0.0629094
303 0.0629001
304 0.0624547
305 0.0623938
306 0.0621912
307 0.0618889
308 0.0616192
309 0.0616319
310 0.0612899
311 0.0611187
312 0.0609729
313 0.0608271
314 0.0606964
315 0.0605291
316 0.0603702
317 0.0599899
318 0.0601146
319 0.0597711
320 0.0597074
321 0.0593957
322 0.0592597
323 0.0591351
324 0.0588551
325 0.0588103
326 0.0587203
327 0.0583582
328 0.0581001
329 0.0580457
330 0.0577677
331 0.0577689
332 0.0576946
333 0.0573198
334 0.0573258
335 0.0570893
336 0.0570505
337 0.0567996
338 0.0566529
339 0.0563806
340 0.0562737
341 0.0561088
342 0.0561329
343 0.0559381
344 0.0556716
345 0.0555093
346 0.0555114
347 0.0552557
348 0.0551993
349 0.0550855
350 0.054723
351 0.0546746
352 0.0544744
353 0.054318
354 0.0541873
355 0.054081
356 0.0539418
357 0.053739
358 0.0537876
359 0.0535024
360 0.053491
361 0.0535663
362 0.0530164
363 0.0528666
364 0.0528177
365 0.0527285
366 0.0526192
367 0.0522408
368 0.052249
369 0.0522219
370 0.0519944
371 0.051956
372 0.0518177
373 0.0516492
374 0.0514793
375 0.0513907
376 0.0513775
377 0.0512283
378 0.0508201
379 0.0508499
380 0.0507829
381 0.0507461
382 0.0505091
383 0.0502639
384 0.0502624
385 0.050124
386 0.0499159
387 0.0499033
388 0.0497794
389 0.0496071
390 0.0495482
391 0.0494572
392 0.0495
393 0.0491892
394 0.0490759
395 0.0490166
396 0.0489299
397 0.0486741
398 0.0485049
399 0.0485346
400 0.0483522
