1 0.500626
2 0.500466
3 0.500428
4 0.500161
5 0.500137
6 0.500053
7 0.500031
8 0.499985
9 0.499973
10 0.49995
11 0.499985
12 0.499989
13 0.499985
14 0.500023
15 0.499952
16 0.499907
17 0.49996
18 0.499927
19 0.499906
20 0.499891
21 0.499881
22 0.499887
23 0.499895
24 0.499886
25 0.499866
26 0.500032
27 0.500345
28 0.500749
29 0.501288
30 0.501888
31 0.502552
32 0.503282
33 0.50408
34 0.504918
35 0.505806
36 0.506746
37 0.507708
38 0.508675
39 0.509719
40 0.510744
41 0.511803
42 0.512876
43 0.513949
44 0.515038
45 0.516109
46 0.517201
47 0.518288
48 0.519408
49 0.520501
50 0.521603
51 0.522706
52 0.523849
53 0.524972
54 0.526106
55 0.527223
56 0.528338
57 0.529431
58 0.530573
59 0.531677
60 0.532819
61 0.533953
62 0.535101
63 0.536181
64 0.53732
65 0.538432
66 0.539584
67 0.540653
68 0.541768
69 0.542872
70 0.54402
71 0.545094
72 0.546195
73 0.547358
74 0.548398
75 0.549467
76 0.550538
77 0.551631
78 0.552712
79 0.553759
80 0.554824
81 0.555864
82 0.556882
83 0.557988
84 0.559011
85 0.559949
86 0.561086
87 0.562073
88 0.563078
89 0.564075
90 0.565095
91 0.566049
92 0.567032
93 0.568035
94 0.56894
95 0.569913
96 0.570852
97 0.571799
98 0.572705
99 0.573643
100 0.574539
101 0.575459
102 0.576251
103 0.577187
104 0.578143
105 0.579009
106 0.579882
107 0.580737
108 0.581581
109 0.582439
110 0.583287
111 0.584102
112 0.584929
113 0.585758
114 0.58655
115 0.587346
116 0.588152
117 0.588934
118 0.589684
119 0.590505
120 0.591266
121 0.59204
122 0.592811
123 0.593524
124 0.594273
125 0.595
126 0.595759
127 0.596438
128 0.597175
129 0.597894
130 0.598617
131 0.599281
132 0.599991
133 0.600676
134 0.601351
135 0.602037
136 0.602703
137 0.603373
138 0.60402
139 0.604682
140 0.60532
141 0.605954
142 0.606602
143 0.607227
144 0.607862
145 0.608494
146 0.609111
147 0.609726
148 0.610328
149 0.610941
150 0.611539
151 0.612142
152 0.612728
153 0.613318
154 0.613887
155 0.614486
156 0.61505
157 0.615626
158 0.616185
159 0.616753
160 0.617321
161 0.617875
162 0.618421
163 0.619002
164 0.619527
165 0.620074
166 0.620621
167 0.621145
168 0.621664
169 0.622183
170 0.622569
171 0.623066
172 0.623739
173 0.624269
174 0.624774
175 0.62527
176 0.625778
177 0.626279
178 0.626805
179 0.627255
180 0.627746
181 0.628244
182 0.628744
183 0.629234
184 0.629684
185 0.630168
186 0.630683
187 0.631105
188 0.631572
189 0.632028
190 0.632504
191 0.632961
192 0.633417
193 0.633872
194 0.63433
195 0.634747
196 0.635215
197 0.63562
198 0.6361
199 0.63652
200 0.636971
201 0.637411
202 0.637838
203 0.638257
204 0.638688
205 0.639084
206 0.63954
207 0.639944
208 0.64037
209 0.640791
210 0.641216
211 0.641604
212 0.642017
213 0.642426
214 0.642817
215 0.643216
216 0.643621
217 0.644011
218 0.644413
219 0.644813
220 0.645186
221 0.645577
222 0.645962
223 0.646353
224 0.646729
225 0.647114
226 0.647474
227 0.647855
228 0.648237
229 0.648596
230 0.648967
231 0.649339
232 0.649707
233 0.650066
234 0.650449
235 0.650788
236 0.651151
237 0.651502
238 0.651866
239 0.652188
240 0.65257
241 0.65295
242 0.653272
243 0.653621
244 0.653961
245 0.654308
246 0.654646
247 0.654988
248 0.655324
249 0.655663
250 0.65598
251 0.656315
252 0.656654
253 0.656986
254 0.657347
255 0.657503
256 0.657969
257 0.658425
258 0.658596
259 0.658936
260 0.659247
261 0.659566
262 0.659877
263 0.660193
264 0.660511
265 0.660823
266 0.661124
267 0.661431
268 0.661743
269 0.662051
270 0.662354
271 0.662675
272 0.662957
273 0.663229
274 0.663558
275 0.663861
276 0.664146
277 0.664438
278 0.664748
279 0.665026
280 0.66532
281 0.665611
282 0.665898
283 0.666197
284 0.666479
285 0.666764
286 0.667042
287 0.667325
288 0.66761
289 0.667886
290 0.668165
291 0.668441
292 0.668712
293 0.668991
294 0.669268
295 0.669536
296 0.669816
297 0.670092
298 0.670351
299 0.67062
300 0.67089
301 0.671152
302 0.671431
303 0.671693
304 0.671948
305 0.672204
306 0.672474
307 0.6728
308 0.672981
309 0.673254
310 0.673503
311 0.673757
312 0.674011
313 0.674277
314 0.674516
315 0.674733
316 0.675013
317 0.67525
318 0.675517
319 0.675756
320 0.676006
321 0.676244
322 0.676493
323 0.676734
324 0.676972
325 0.677219
326 0.677472
327 0.677695
328 0.67793
329 0.678158
330 0.678408
331 0.678644
332 0.678871
333 0.679101
334 0.679347
335 0.679573
336 0.679799
337 0.680026
338 0.68026
339 0.680481
340 0.680708
341 0.680937
342 0.681152
343 0.681382
344 0.681611
345 0.681827
346 0.682058
347 0.682269
348 0.682494
349 0.682705
350 0.682933
351 0.68315
352 0.683366
353 0.683583
354 0.683797
355 0.684018
356 0.684224
357 0.684441
358 0.684652
359 0.684857
360 0.68507
361 0.685274
362 0.685488
363 0.685693
364 0.685897
365 0.686107
366 0.686331
367 0.686516
368 0.686719
369 0.686919
370 0.687124
371 0.687327
372 0.687525
373 0.687728
374 0.687931
375 0.688133
376 0.688328
377 0.688526
378 0.688723
379 0.688924
380 0.689114
381 0.689299
382 0.689508
383 0.689702
384 0.689892
385 0.690074
386 0.690278
387 0.69047
388 0.690654
389 0.69084
390 0.691042
391 0.691218
392 0.691408
393 0.691597
394 0.69178
395 0.691959
396 0.692151
397 0.692338
398 0.692503
399 0.692701
400 0.692882
