1 0.408577
2 0.408577
3 0.408577
4 0.408577
5 0.408577
6 0.408577
7 0.408577
8 0.408577
9 0.408577
10 0.408577
11 0.408577
12 0.408577
13 0.408577
14 0.408577
15 0.408577
16 0.408577
17 0.408577
18 0.408577
19 0.408577
20 0.408577
21 0.408577
22 0.408577
23 0.408577
24 0.408577
25 0.408577
26 0.325628
27 0.325465
28 0.308895
29 0.308695
30 0.301803
31 0.301673
32 0.297774
33 0.297739
34 0.295216
35 0.295397
36 0.293484
37 0.293507
38 0.29249
39 0.292102
40 0.291302
41 0.291139
42 0.290327
43 0.290542
44 0.289845
45 0.289723
46 0.28929
47 0.289382
48 0.288801
49 0.288805
50 0.288564
51 0.253695
52 0.243341
53 0.232385
54 0.230404
55 0.225898
56 0.223766
57 0.220842
58 0.219993
59 0.218226
60 0.217258
61 0.21601
62 0.215425
63 0.214234
64 0.213856
65 0.213161
66 0.212696
67 0.212211
68 0.211992
69 0.211499
70 0.21124
71 0.210781
72 0.210515
73 0.210235
74 0.210054
75 0.209653
76 0.195407
77 0.186464
78 0.178999
79 0.175181
80 0.171896
81 0.169848
82 0.167513
83 0.166211
84 0.164782
85 0.163772
86 0.162716
87 0.162046
88 0.161025
89 0.1604
90 0.159825
91 0.159371
92 0.158775
93 0.158631
94 0.15816
95 0.157889
96 0.157453
97 0.15717
98 0.156652
99 0.156571
100 0.156205
101 0.150001
102 0.144334
103 0.139192
104 0.135714
105 0.133079
106 0.131206
107 0.129428
108 0.128125
109 0.126793
110 0.125808
111 0.124781
112 0.124191
113 0.123423
114 0.122719
115 0.122025
116 0.121676
117 0.121125
118 0.120742
119 0.12033
120 0.120001
121 0.119632
122 0.119292
123 0.119041
124 0.118662
125 0.118542
126 0.115612
127 0.112488
128 0.109015
129 0.106466
130 0.104252
131 0.102527
132 0.10125
133 0.100049
134 0.0989263
135 0.0980862
136 0.0972058
137 0.0964216
138 0.0959594
139 0.0950935
140 0.0946706
141 0.0940756
142 0.093674
143 0.0931562
144 0.0928373
145 0.0924393
146 0.0921244
147 0.0918366
148 0.0915625
149 0.0913306
150 0.0910118
151 0.0896956
152 0.0877262
153 0.0857606
154 0.0839123
155 0.0820313
156 0.0808014
157 0.0795888
158 0.0786518
159 0.0776565
160 0.0769303
161 0.0761064
162 0.0755672
163 0.0749567
164 0.0742555
165 0.0737539
166 0.0733357
167 0.0728234
168 0.072508
169 0.0721163
170 0.0718039
171 0.0713977
172 0.0711516
173 0.0709744
174 0.0706983
175 0.0703114
176 0.0696572
177 0.0685016
178 0.0672395
179 0.0658759
180 0.0647103
181 0.0636235
182 0.0627007
183 0.0618382
184 0.0610444
185 0.0603837
186 0.059689
187 0.0591518
188 0.0587484
189 0.0581614
190 0.0577619
191 0.0572504
192 0.0568347
193 0.0565122
194 0.0561998
195 0.0559036
196 0.0555225
197 0.0552502
198 0.055034
199 0.0547248
200 0.054397
201 0.0540416
202 0.0533609
203 0.0525893
204 0.0517262
205 0.0509088
206 0.0499357
207 0.0492919
208 0.0484886
209 0.0478847
210 0.0472378
211 0.0467764
212 0.0462597
213 0.045878
214 0.0453585
215 0.0450404
216 0.0445789
217 0.0442219
218 0.0438414
219 0.0435078
220 0.0431953
221 0.0429942
222 0.042687
223 0.0424234
224 0.0421819
225 0.0419331
226 0.0416218
227 0.0412093
228 0.0406699
229 0.0399937
230 0.0393623
231 0.038696
232 0.038169
233 0.0375492
234 0.0370671
235 0.0365391
236 0.0360902
237 0.0356174
238 0.0353159
239 0.0347859
240 0.0344311
241 0.0341624
242 0.0337548
243 0.0334765
244 0.0331655
245 0.0328859
246 0.0326352
247 0.0324224
248 0.0321388
249 0.0318942
250 0.0316523
251 0.0314293
252 0.0311862
253 0.0307042
254 0.0303642
255 0.0298353
256 0.029329
257 0.0288568
258 0.0284431
259 0.0280416
260 0.0275996
261 0.0271409
262 0.0268181
263 0.0264353
264 0.0260304
265 0.0257846
266 0.0254298
267 0.0251733
268 0.0248338
269 0.024584
270 0.0243101
271 0.0240363
272 0.023819
273 0.0236267
274 0.0233712
275 0.0232169
276 0.0229293
277 0.0228017
278 0.0225362
279 0.0223778
280 0.0221821
281 0.0219346
282 0.0217322
283 0.0215873
284 0.0214105
285 0.0211499
286 0.0210027
287 0.0208539
288 0.0206941
289 0.0204736
290 0.0202818
291 0.0200985
292 0.019942
293 0.0197649
294 0.0196618
295 0.0195042
296 0.019257
297 0.0191587
298 0.0190056
299 0.0188658
300 0.018724
301 0.01863
302 0.018405
303 0.0183271
304 0.018163
305 0.0180447
306 0.0179497
307 0.0177212
308 0.0176752
309 0.0175214
310 0.0174276
311 0.0172867
312 0.0171838
313 0.0170192
314 0.0168999
315 0.0167719
316 0.0166918
317 0.0165914
318 0.0164756
319 0.0163416
320 0.0162571
321 0.0161407
322 0.0160431
323 0.0159498
324 0.0158053
325 0.015729
326 0.0156298
327 0.015579
328 0.0154285
329 0.0153402
330 0.015268
331 0.0151937
332 0.0150467
333 0.0149789
334 0.0149049
335 0.0147632
336 0.0146903
337 0.0145961
338 0.0144965
339 0.0144163
340 0.0143364
341 0.0142298
342 0.0141642
343 0.0140548
344 0.0140392
345 0.0139685
346 0.0138219
347 0.0137841
348 0.0136562
349 0.0136231
350 0.013528
351 0.0134186
352 0.0133841
353 0.0133283
354 0.0132318
355 0.013175
356 0.0131366
357 0.013069
358 0.0129466
359 0.0128888
360 0.0128109
361 0.0127343
362 0.012655
363 0.012573
364 0.0125181
365 0.0124818
366 0.0124247
367 0.0123481
368 0.0123038
369 0.0122116
370 0.0121599
371 0.0121487
372 0.0120741
373 0.012015
374 0.0119065
375 0.0119231
376 0.0118145
377 0.0117815
378 0.0117163
379 0.0116543
380 0.0115999
381 0.0115518
382 0.0114969
383 0.0114586
384 0.0113773
385 0.0112984
386 0.0112466
387 0.0112342
388 0.0111506
389 0.0111196
390 0.0110292
391 0.0110061
392 0.0109854
393 0.010907
394 0.0108659
395 0.0107914
396 0.010793
397 0.0107278
398 0.0106804
399 0.0106205
400 0.0105557
