1 0.5
2 0.359087
3 0.301197
4 0.266251
5 0.243429
6 0.226274
7 0.213807
8 0.204162
9 0.195754
10 0.189191
11 0.183556
12 0.178691
13 0.174296
14 0.170533
15 0.167236
16 0.164143
17 0.161714
18 0.159274
19 0.157045
20 0.155246
21 0.153221
22 0.151735
23 0.150181
24 0.148573
25 0.147186
26 0.146095
27 0.14488
28 0.143687
29 0.143097
30 0.142004
31 0.140881
32 0.140075
33 0.139276
34 0.138706
35 0.137795
36 0.137038
37 0.136325
38 0.135798
39 0.135339
40 0.134653
41 0.13427
42 0.13351
43 0.132993
44 0.132755
45 0.13229
46 0.13172
47 0.131174
48 0.130649
49 0.130454
50 0.130128
51 0.129777
52 0.129431
53 0.129149
54 0.128531
55 0.128422
56 0.128071
57 0.12789
58 0.127596
59 0.127135
60 0.126948
61 0.126704
62 0.126298
63 0.126106
64 0.125696
65 0.125859
66 0.125575
67 0.125216
68 0.124978
69 0.124804
70 0.124617
71 0.124374
72 0.124063
73 0.123718
74 0.123795
75 0.123489
76 0.123438
77 0.123255
78 0.123108
79 0.122997
80 0.122817
81 0.122562
82 0.12257
83 0.122315
84 0.122143
85 0.122157
86 0.12193
87 0.121658
88 0.12168
89 0.121554
90 0.121384
91 0.121194
92 0.121052
93 0.120929
94 0.120764
95 0.120704
96 0.120541
97 0.120522
98 0.120454
99 0.12033
100 0.120183
101 0.120037
102 0.120087
103 0.119776
104 0.119849
105 0.119672
106 0.119523
107 0.119537
108 0.11936
109 0.119298
110 0.119311
111 0.119121
112 0.118961
113 0.118843
114 0.118755
115 0.11872
116 0.118731
117 0.118739
118 0.118693
119 0.118524
120 0.118433
121 0.118253
122 0.118257
123 0.118254
124 0.118086
125 0.117871
126 0.11783
127 0.117792
128 0.117781
129 0.11773
130 0.117691
131 0.117675
132 0.117615
133 0.117441
134 0.117519
135 0.11743
136 0.117295
137 0.117281
138 0.117144
139 0.116953
140 0.117141
141 0.116937
142 0.117014
143 0.116874
144 0.116738
145 0.116829
146 0.116717
147 0.11652
148 0.116617
149 0.116499
150 0.116509
151 0.116407
152 0.116355
153 0.116335
154 0.116272
155 0.116332
156 0.116181
157 0.116197
158 0.116199
159 0.11615
160 0.116052
161 0.115943
162 0.115916
163 0.115809
164 0.115913
165 0.115884
166 0.115737
167 0.115743
168 0.115569
169 0.115631
170 0.115719
171 0.11577
172 0.115454
173 0.115432
174 0.115408
175 0.115354
176 0.115258
177 0.115335
178 0.115309
179 0.115243
180 0.115122
181 0.11512
182 0.115138
183 0.11511
184 0.115038
185 0.114899
186 0.11489
187 0.115105
188 0.114859
189 0.114832
190 0.114813
191 0.114802
192 0.1146
193 0.114812
194 0.114722
195 0.114704
196 0.114743
197 0.114578
198 0.114604
199 0.114545
200 0.114579
201 0.114455
202 0.114408
203 0.11453
204 0.11435
205 0.114597
206 0.11431
207 0.114359
208 0.114321
209 0.114147
210 0.114213
211 0.114186
212 0.114157
213 0.114037
214 0.114134
215 0.114073
216 0.11405
217 0.114112
218 0.113906
219 0.114001
220 0.114006
221 0.114014
222 0.113879
223 0.113931
224 0.113826
225 0.113757
226 0.113792
227 0.113845
228 0.113724
229 0.113695
230 0.113703
231 0.113696
232 0.113747
233 0.113663
234 0.11368
235 0.113514
236 0.113555
237 0.113499
238 0.113486
239 0.113452
240 0.113442
241 0.11348
242 0.113466
243 0.11348
244 0.113444
245 0.113445
246 0.113433
247 0.113345
248 0.11341
249 0.113336
250 0.113389
251 0.113198
252 0.113215
253 0.113221
254 0.113125
255 0.11339
256 0.113195
257 0.112921
258 0.113098
259 0.113074
260 0.113068
261 0.112995
262 0.112927
263 0.113024
264 0.113116
265 0.112965
266 0.112988
267 0.113016
268 0.112991
269 0.112885
270 0.112895
271 0.112852
272 0.112877
273 0.112833
274 0.112848
275 0.112847
276 0.112798
277 0.112738
278 0.112602
279 0.112755
280 0.112736
281 0.112698
282 0.112662
283 0.112598
284 0.112664
285 0.112622
286 0.112637
287 0.112509
288 0.11258
289 0.11258
290 0.11265
291 0.112499
292 0.112555
293 0.112549
294 0.112448
295 0.11238
296 0.112476
297 0.112422
298 0.112408
299 0.112455
300 0.112385
301 0.112285
302 0.112354
303 0.112275
304 0.112266
305 0.11239
306 0.11226
307 0.112201
308 0.112271
309 0.112147
310 0.112248
311 0.112186
312 0.112164
313 0.11224
314 0.112206
315 0.11215
316 0.112172
317 0.112189
318 0.112034
319 0.112154
320 0.112021
321 0.112193
322 0.112076
323 0.112069
324 0.112032
325 0.111952
326 0.112022
327 0.111991
328 0.112015
329 0.111937
330 0.11197
331 0.1118
332 0.11194
333 0.111937
334 0.111858
335 0.111907
336 0.111836
337 0.111849
338 0.11185
339 0.111836
340 0.111775
341 0.11179
342 0.111751
343 0.111846
344 0.111808
345 0.111751
346 0.111758
347 0.111766
348 0.111748
349 0.111703
350 0.111747
351 0.111799
352 0.111648
353 0.111599
354 0.111714
355 0.11169
356 0.111677
357 0.11163
358 0.111643
359 0.111671
360 0.111599
361 0.111624
362 0.111564
363 0.111585
364 0.111593
365 0.111573
366 0.111584
367 0.111509
368 0.11153
369 0.111531
370 0.111429
371 0.111551
372 0.111445
373 0.111548
374 0.111576
375 0.111364
376 0.111405
377 0.111522
378 0.111396
379 0.11139
380 0.111414
381 0.11135
382 0.111348
383 0.111448
384 0.111352
385 0.111342
386 0.111389
387 0.111373
388 0.111351
389 0.111374
390 0.111359
391 0.111288
392 0.111328
393 0.111278
394 0.111287
395 0.111268
396 0.111292
397 0.111287
398 0.111245
399 0.111175
400 0.111203
