1 0.0733145
2 0.056606
3 0.0567394
4 0.0489353
5 0.0488647
6 0.0442435
7 0.0438554
8 0.0406639
9 0.0400461
10 0.0377366
11 0.0370049
12 0.0355155
13 0.0343591
14 0.0333807
15 0.0323824
16 0.0315717
17 0.0306498
18 0.0299741
19 0.0292702
20 0.0284445
21 0.027839
22 0.0272322
23 0.0266396
24 0.0261513
25 0.0255212
26 0.025057
27 0.0246758
28 0.0243222
29 0.0237555
30 0.023364
31 0.0228259
32 0.0225518
33 0.0223111
34 0.0219148
35 0.0215356
36 0.0212111
37 0.0209162
38 0.0206121
39 0.020322
40 0.0199741
41 0.0196754
42 0.0194786
43 0.0191802
44 0.0190316
45 0.0186791
46 0.0184815
47 0.0182626
48 0.0179344
49 0.0178332
50 0.0176244
51 0.0174569
52 0.0171387
53 0.0170693
54 0.0168359
55 0.0167158
56 0.0164251
57 0.0163581
58 0.0161672
59 0.0160059
60 0.0158631
61 0.015608
62 0.0155156
63 0.0153089
64 0.015186
65 0.0151139
66 0.0149376
67 0.0148168
68 0.0146594
69 0.0144972
70 0.0143707
71 0.0142825
72 0.014106
73 0.013997
74 0.013915
75 0.0138053
76 0.013625
77 0.0135121
78 0.0134671
79 0.0133449
80 0.0132186
81 0.0131535
82 0.0130695
83 0.0129644
84 0.0128199
85 0.0126864
86 0.0126591
87 0.0125311
88 0.0124791
89 0.01242
90 0.012293
91 0.0122111
92 0.0121592
93 0.0119689
94 0.011971
95 0.011841
96 0.0118267
97 0.0118117
98 0.011656
99 0.0116217
100 0.0115182
101 0.0114084
102 0.011377
103 0.0113242
104 0.0112579
105 0.0111227
106 0.0110842
107 0.0110578
108 0.0109341
109 0.0109141
110 0.0108104
111 0.0106892
112 0.0106819
113 0.0106273
114 0.0105453
115 0.0105123
116 0.0104809
117 0.0104064
118 0.0103163
119 0.0102189
120 0.0101961
121 0.0101886
122 0.0100817
123 0.0100328
124 0.00993167
125 0.00994657
126 0.00990974
127 0.00981541
128 0.0098021
129 0.00968751
130 0.00962743
131 0.00959687
132 0.00953928
133 0.00948507
134 0.00948148
135 0.00942145
136 0.00938044
137 0.00932376
138 0.00931477
139 0.00925401
140 0.00918744
141 0.00918742
142 0.00906033
143 0.00902
144 0.00899571
145 0.00892599
146 0.00896443
147 0.00890256
148 0.00888378
149 0.00879912
150 0.00879431
151 0.00877869
152 0.00866087
153 0.0086452
154 0.00861801
155 0.00857555
156 0.00854314
157 0.00850506
158 0.00846296
159 0.00852599
160 0.00844714
161 0.00832615
162 0.00832645
163 0.00827133
164 0.00826834
165 0.00824958
166 0.00819569
167 0.00816591
168 0.00815949
169 0.00809543
170 0.00805684
171 0.00803613
172 0.00799228
173 0.00798552
174 0.00791551
175 0.00788536
176 0.00788285
177 0.00780977
178 0.00779271
179 0.00775282
180 0.00777126
181 0.00772951
182 0.00769987
183 0.00767543
184 0.00761866
185 0.00758104
186 0.00754909
187 0.00751587
188 0.00748586
189 0.00746068
190 0.00747401
191 0.00740027
192 0.00740484
193 0.00739794
194 0.00732986
195 0.00734098
196 0.00724866
197 0.00730268
198 0.00729325
199 0.00722991
200 0.00722673
201 0.00717849
202 0.00717944
203 0.00713133
204 0.0070575
205 0.00707862
206 0.00706485
207 0.00705481
208 0.00699342
209 0.00698855
210 0.00698417
211 0.00697571
212 0.00691964
213 0.00684386
214 0.00688196
215 0.00686159
216 0.00685439
217 0.00679018
218 0.00677777
219 0.00677045
220 0.00671916
221 0.00671128
222 0.00670661
223 0.00667732
224 0.00665338
225 0.00663715
226 0.00661192
227 0.00659677
228 0.00654473
229 0.00654815
230 0.00651881
231 0.00653487
232 0.00650838
233 0.00646719
234 0.00644312
235 0.00640754
236 0.00638934
237 0.00636076
238 0.00633471
239 0.00632809
240 0.00636652
241 0.00632478
242 0.00632528
243 0.00626674
244 0.00624682
245 0.00620801
246 0.00622373
247 0.00619501
248 0.00620841
249 0.00618036
250 0.00618954
251 0.00613033
252 0.00616631
253 0.00609129
254 0.00610491
255 0.00608122
256 0.00605446
257 0.00601659
258 0.00605465
259 0.00603742
260 0.00597482
261 0.00596105
262 0.00594683
263 0.00595348
264 0.00592088
265 0.00589171
266 0.00589832
267 0.00586437
268 0.00584343
269 0.00585139
270 0.00585083
271 0.00576467
272 0.00581298
273 0.00575923
274 0.00576361
275 0.00574031
276 0.00572846
277 0.0057186
278 0.00570614
279 0.00572505
280 0.00570709
281 0.00563388
282 0.00562957
283 0.00562915
284 0.00566326
285 0.00563423
286 0.00560649
287 0.00558995
288 0.00558883
289 0.005565
290 0.00552752
291 0.00554677
292 0.00552723
293 0.00547157
294 0.00548289
295 0.00547521
296 0.00543711
297 0.00543742
298 0.0054136
299 0.00535762
300 0.00539669
301 0.00540303
302 0.00537086
303 0.0053928
304 0.00535204
305 0.00534484
306 0.00533044
307 0.00532596
308 0.00527127
309 0.00527828
310 0.00528505
311 0.00528161
312 0.00523757
313 0.00526538
314 0.00522073
315 0.00523296
316 0.0052125
317 0.00520758
318 0.00518467
319 0.005165
320 0.00519568
321 0.00510932
322 0.00513961
323 0.00510444
324 0.00507215
325 0.00509128
326 0.00511348
327 0.00504149
328 0.00505979
329 0.00506243
330 0.00504892
331 0.00502796
332 0.00503022
333 0.0050048
334 0.00501229
335 0.00500461
336 0.00496473
337 0.00495942
338 0.00497799
339 0.00496869
340 0.0049283
341 0.00492801
342 0.00490015
343 0.00486513
344 0.00490282
345 0.00492745
346 0.00489381
347 0.00484122
348 0.00486945
349 0.00482881
350 0.00484214
351 0.00480866
352 0.00478787
353 0.00481192
354 0.00477022
355 0.0047499
356 0.00476579
357 0.00476612
358 0.00476492
359 0.00477331
360 0.00471557
361 0.00473893
362 0.00471437
363 0.00473256
364 0.00470223
365 0.00466714
366 0.0046446
367 0.00464626
368 0.00467382
369 0.00466074
370 0.00464976
371 0.0046492
372 0.00462641
373 0.00460879
374 0.00460429
375 0.00459081
376 0.00459814
377 0.00459436
378 0.00461138
379 0.00455363
380 0.0045474
381 0.00454565
382 0.00455105
383 0.00452258
384 0.00450469
385 0.0045425
386 0.00448069
387 0.00449847
388 0.00448874
389 0.00446966
390 0.00446324
391 0.00445984
392 0.00445007
393 0.00442929
394 0.00445299
395 0.004426
396 0.00442885
397 0.00439791
398 0.00437255
399 0.00440384
400 0.00440953
