1 0.162017
2 0.150737
3 0.139928
4 0.131283
5 0.124076
6 0.117578
7 0.111732
8 0.106867
9 0.102447
10 0.0987835
11 0.0952551
12 0.0918143
13 0.088819
14 0.0861293
15 0.0836341
16 0.0811501
17 0.0791431
18 0.0772991
19 0.0751242
20 0.0734721
21 0.0715393
22 0.0700384
23 0.068606
24 0.0669245
25 0.0655102
26 0.0644179
27 0.0632353
28 0.0617468
29 0.0605355
30 0.0595644
31 0.0586455
32 0.0574841
33 0.0564654
34 0.0555738
35 0.0545631
36 0.0539176
37 0.0529451
38 0.0521901
39 0.0515351
40 0.0507189
41 0.0498528
42 0.0492752
43 0.0483858
44 0.0478039
45 0.047163
46 0.0466404
47 0.0460039
48 0.0453541
49 0.0448285
50 0.0441606
51 0.0436715
52 0.0432939
53 0.0427441
54 0.0421357
55 0.0417143
56 0.0413856
57 0.0408974
58 0.0402655
59 0.0398792
60 0.0394569
61 0.0390493
62 0.0386634
63 0.0382615
64 0.037765
65 0.0374277
66 0.0370593
67 0.0367574
68 0.0363576
69 0.0360593
70 0.0357353
71 0.0352741
72 0.0349685
73 0.0347058
74 0.0343895
75 0.0341447
76 0.0338018
77 0.0335094
78 0.0330813
79 0.0330516
80 0.03263
81 0.0324467
82 0.031995
83 0.031866
84 0.0315556
85 0.0313699
86 0.0309388
87 0.0308198
88 0.0304622
89 0.0303725
90 0.0301296
91 0.0297892
92 0.0296485
93 0.0294608
94 0.029164
95 0.028961
96 0.028762
97 0.0286228
98 0.0283133
99 0.0281211
100 0.0278976
101 0.0277996
102 0.0275442
103 0.0272373
104 0.0272237
105 0.0269906
106 0.0269246
107 0.026628
108 0.0263945
109 0.026253
110 0.0261011
111 0.0259302
112 0.0257478
113 0.0256865
114 0.0254373
115 0.025261
116 0.0250936
117 0.0249319
118 0.0248178
119 0.024665
120 0.0244626
121 0.0243505
122 0.0242455
123 0.0240251
124 0.0239034
125 0.023834
126 0.0236384
127 0.0235224
128 0.0234632
129 0.0234076
130 0.0231991
131 0.0229601
132 0.0229173
133 0.0227819
134 0.0226492
135 0.0224325
136 0.0224386
137 0.0222855
138 0.0220993
139 0.0220614
140 0.0219368
141 0.0218422
142 0.0217318
143 0.0216654
144 0.0215511
145 0.0213006
146 0.0212629
147 0.0211562
148 0.0211025
149 0.0209744
150 0.0208602
151 0.0207593
152 0.0206588
153 0.0205263
154 0.0203659
155 0.0204728
156 0.0202375
157 0.020144
158 0.0200501
159 0.0200327
160 0.0198795
161 0.0197173
162 0.0196389
163 0.0195892
164 0.0194328
165 0.0193576
166 0.0193
167 0.0192774
168 0.0192482
169 0.0190901
170 0.0189232
171 0.0189542
172 0.0188742
173 0.0187055
174 0.0186914
175 0.0185133
176 0.0184556
177 0.0183561
178 0.0183417
179 0.0182571
180 0.0181653
181 0.018236
182 0.0180517
183 0.0179489
184 0.0179343
185 0.017799
186 0.0177665
187 0.0177075
188 0.017612
189 0.0175328
190 0.0174276
191 0.0173833
192 0.0172712
193 0.0172646
194 0.0173032
195 0.0171417
196 0.0170707
197 0.0170173
198 0.0169018
199 0.0168823
200 0.0168467
201 0.0167557
202 0.0166704
203 0.0166277
204 0.0165877
205 0.0165378
206 0.0164071
207 0.0164315
208 0.016322
209 0.0162186
210 0.0161795
211 0.0161892
212 0.0160477
213 0.015939
214 0.0160213
215 0.0159345
216 0.0157379
217 0.0158231
218 0.0157924
219 0.0157182
220 0.0155907
221 0.0156298
222 0.0155887
223 0.0154891
224 0.0154815
225 0.0152437
226 0.0152697
227 0.0152042
228 0.0151657
229 0.0151513
230 0.0150466
231 0.0149972
232 0.0150568
233 0.0149485
234 0.0148582
235 0.0148773
236 0.0147953
237 0.0147762
238 0.0146967
239 0.0146203
240 0.0146166
241 0.0145886
242 0.0144681
243 0.014547
244 0.0143609
245 0.0144158
246 0.0143346
247 0.0142643
248 0.0142102
249 0.0141064
250 0.0141977
251 0.0141353
252 0.0140326
253 0.0139811
254 0.0139403
255 0.0139339
256 0.0138437
257 0.0138522
258 0.0137529
259 0.01375
260 0.0136738
261 0.0137276
262 0.0137196
263 0.0135167
264 0.0135125
265 0.0135359
266 0.0134974
267 0.0134503
268 0.0134348
269 0.0134424
270 0.0133825
271 0.0132433
272 0.0132453
273 0.013177
274 0.0131204
275 0.0132161
276 0.0131491
277 0.013034
278 0.0130374
279 0.0129858
280 0.0129568
281 0.0129208
282 0.0128349
283 0.012825
284 0.012761
285 0.0127812
286 0.012666
287 0.0126886
288 0.0126342
289 0.0126947
290 0.0125285
291 0.0125614
292 0.0125391
293 0.0124477
294 0.0124815
295 0.0124392
296 0.0124071
297 0.0123827
298 0.0123082
299 0.0122901
300 0.012238
301 0.012215
302 0.0122055
303 0.0121309
304 0.0121917
305 0.0121184
306 0.0120646
307 0.0120514
308 0.0120376
309 0.0119753
310 0.011979
311 0.0118906
312 0.0119957
313 0.0119762
314 0.0118357
315 0.0117139
316 0.0117419
317 0.0117585
318 0.0116896
319 0.0115973
320 0.0116311
321 0.0116137
322 0.0116305
323 0.0115517
324 0.0115576
325 0.0115215
326 0.0115471
327 0.0114635
328 0.0114914
329 0.0113812
330 0.0113104
331 0.0113394
332 0.0113966
333 0.0113139
334 0.0113122
335 0.011224
336 0.0111944
337 0.0111476
338 0.0111292
339 0.0111778
340 0.0110958
341 0.0111436
342 0.0110453
343 0.011031
344 0.0109667
345 0.0110237
346 0.0109819
347 0.0109319
348 0.0109138
349 0.0109388
350 0.0107999
351 0.0108978
352 0.0107818
353 0.0107389
354 0.0107825
355 0.0107127
356 0.0106622
357 0.0106801
358 0.0106964
359 0.0106
360 0.0106356
361 0.0105915
362 0.0105432
363 0.010578
364 0.0105116
365 0.0105451
366 0.0104874
367 0.0104841
368 0.0104041
369 0.0104472
370 0.0104152
371 0.0104117
372 0.0103112
373 0.010298
374 0.0103373
375 0.0102955
376 0.0101989
377 0.0102762
378 0.0101557
379 0.0101407
380 0.0101046
381 0.0101565
382 0.0100601
383 0.0100877
384 0.0101196
385 0.0100496
386 0.0100518
387 0.0100465
388 0.00997389
389 0.0100335
390 0.0100271
391 0.00998024
392 0.00992334
393 0.00990361
394 0.00986531
395 0.00982657
396 0.00983639
397 0.00983557
398 0.00977292
399 0.00976972
400 0.00972381
