1 0.120584
2 0.1205
3 0.120538
4 0.120549
5 0.120523
6 0.120538
7 0.120544
8 0.120528
9 0.120538
10 0.120542
11 0.120531
12 0.118948
13 0.116585
14 0.114553
15 0.112199
16 0.109836
17 0.107682
18 0.105541
19 0.103318
20 0.101405
21 0.0993911
22 0.0975118
23 0.0957432
24 0.0939963
25 0.092436
26 0.0907501
27 0.0892072
28 0.0877102
29 0.0862575
30 0.0849287
31 0.0836297
32 0.0823899
33 0.0811488
34 0.0799416
35 0.078817
36 0.0777359
37 0.0766995
38 0.0756611
39 0.0746517
40 0.0737095
41 0.0727585
42 0.0718903
43 0.0710044
44 0.0702353
45 0.0693301
46 0.0686661
47 0.067731
48 0.0670578
49 0.066294
50 0.0656293
51 0.0649341
52 0.0642488
53 0.0635355
54 0.062943
55 0.0622932
56 0.0617468
57 0.0612222
58 0.0605876
59 0.0599827
60 0.0594233
61 0.0589257
62 0.0583613
63 0.0578721
64 0.0573045
65 0.0569201
66 0.0564495
67 0.0558963
68 0.0555214
69 0.0550323
70 0.0545962
71 0.0541449
72 0.053725
73 0.0533259
74 0.0529477
75 0.0524958
76 0.0521664
77 0.0518311
78 0.0514381
79 0.0510776
80 0.0506954
81 0.0503744
82 0.0499628
83 0.0496547
84 0.04936
85 0.0489387
86 0.0486521
87 0.0483618
88 0.0480486
89 0.0477096
90 0.0474026
91 0.0470546
92 0.0468506
93 0.046499
94 0.0461567
95 0.0459476
96 0.0457093
97 0.0454604
98 0.0451355
99 0.0448649
100 0.0445878
101 0.044401
102 0.0441818
103 0.0438344
104 0.0435663
105 0.0433811
106 0.0431417
107 0.0429591
108 0.0427082
109 0.0423869
110 0.0422758
111 0.0420279
112 0.0418778
113 0.0415907
114 0.0413902
115 0.0412139
116 0.0409649
117 0.0408392
118 0.0405953
119 0.0404813
120 0.040214
121 0.040008
122 0.0397814
123 0.0396822
124 0.0394296
125 0.0392589
126 0.0390591
127 0.0388772
128 0.0387617
129 0.0385482
130 0.0384154
131 0.0382211
132 0.0380461
133 0.0379036
134 0.0377227
135 0.0375268
136 0.0374013
137 0.0372728
138 0.0371001
139 0.0369682
140 0.0367858
141 0.0366266
142 0.0365554
143 0.0363061
144 0.0362197
145 0.0360164
146 0.0359289
147 0.035801
148 0.03566
149 0.0354762
150 0.0353391
151 0.0352308
152 0.0350874
153 0.0349395
154 0.0348378
155 0.0347115
156 0.0346162
157 0.0344716
158 0.0343478
159 0.0341913
160 0.0340855
161 0.0340419
162 0.0338463
163 0.0336868
164 0.0336558
165 0.0334997
166 0.033324
167 0.0333489
168 0.0331162
169 0.0330174
170 0.0329491
171 0.0328146
172 0.0327436
173 0.0326304
174 0.0325316
175 0.0324009
176 0.0323094
177 0.0321781
178 0.0321269
179 0.0319602
180 0.031831
181 0.0318932
182 0.0317633
183 0.0315953
184 0.0314652
185 0.031384
186 0.031277
187 0.0312362
188 0.0311766
189 0.0310133
190 0.0309217
191 0.0308811
192 0.0307307
193 0.0306845
194 0.0305769
195 0.0305227
196 0.0304231
197 0.0303544
198 0.0301924
199 0.0302336
200 0.0300788
201 0.0299962
202 0.0299184
203 0.0298022
204 0.0297919
205 0.0297374
206 0.0295315
207 0.0295311
208 0.0294737
209 0.0293911
210 0.0292467
211 0.0292104
212 0.0290635
213 0.0290625
214 0.0289706
215 0.0288834
216 0.0288204
217 0.0287356
218 0.0287446
219 0.0286244
220 0.0285577
221 0.0284128
222 0.0284081
223 0.0283517
224 0.0282661
225 0.0281443
226 0.0281634
227 0.0280701
228 0.027976
229 0.0279327
230 0.027892
231 0.0277592
232 0.0277881
233 0.0276397
234 0.0275812
235 0.0275574
236 0.0273991
237 0.0274496
238 0.0273807
239 0.0273045
240 0.027153
241 0.027163
242 0.0270846
243 0.0270787
244 0.0269924
245 0.026904
246 0.0268741
247 0.0268239
248 0.0267734
249 0.0267233
250 0.0266936
251 0.0265403
252 0.026478
253 0.0264262
254 0.0264069
255 0.0263787
256 0.0262897
257 0.026271
258 0.0261745
259 0.02612
260 0.0260622
261 0.0260072
262 0.0259169
263 0.0259073
264 0.0259085
265 0.0258068
266 0.0257591
267 0.0257354
268 0.0256839
269 0.0256063
270 0.0255756
271 0.0255172
272 0.0254727
273 0.0253655
274 0.0253456
275 0.0253204
276 0.0252809
277 0.0252369
278 0.0252209
279 0.025189
280 0.0250447
281 0.0249949
282 0.0250296
283 0.0249616
284 0.0248889
285 0.0248453
286 0.0247644
287 0.0247461
288 0.0247411
289 0.0247175
290 0.0246334
291 0.0245537
292 0.0245469
293 0.0245393
294 0.0244442
295 0.0243927
296 0.0243881
297 0.0243789
298 0.0242862
299 0.0242391
300 0.0241638
301 0.0241614
302 0.0241155
303 0.024057
304 0.0240038
305 0.0239903
306 0.0239354
307 0.023952
308 0.0238514
309 0.0238286
310 0.0238215
311 0.0237069
312 0.0236508
313 0.0237036
314 0.0236149
315 0.0236583
316 0.02357
317 0.0235
318 0.0234882
319 0.0234837
320 0.0233363
321 0.0234179
322 0.0233495
323 0.0232465
324 0.0232386
325 0.0232205
326 0.0231754
327 0.023152
328 0.0230934
329 0.0231306
330 0.0230402
331 0.0230135
332 0.022965
333 0.0229328
334 0.0228877
335 0.022892
336 0.0228571
337 0.0228083
338 0.0228041
339 0.0227525
340 0.0227233
341 0.0227002
342 0.0226617
343 0.0226105
344 0.0225358
345 0.0225132
346 0.0225065
347 0.022431
348 0.0224596
349 0.0224704
350 0.0224231
351 0.02234
352 0.0223452
353 0.0223155
354 0.0222621
355 0.0222378
356 0.0221558
357 0.0221201
358 0.0221024
359 0.0221259
360 0.0220852
361 0.0220499
362 0.0220359
363 0.0220119
364 0.0219536
365 0.0218921
366 0.0218984
367 0.0218988
368 0.0218566
369 0.0217954
370 0.0217848
371 0.0217227
372 0.0216944
373 0.0216787
374 0.0216395
375 0.0216479
376 0.0215999
377 0.0215657
378 0.0215231
379 0.0215414
380 0.021508
381 0.021467
382 0.0213845
383 0.0214488
384 0.0213236
385 0.0213837
386 0.0213079
387 0.0213077
388 0.021306
389 0.0212691
390 0.0212145
391 0.0212115
392 0.0211598
393 0.0211601
394 0.0211248
395 0.0210153
396 0.0210636
397 0.0210686
398 0.0210994
399 0.0209633
400 0.02098
