1 0.120584
2 0.120416
3 0.120613
4 0.120584
5 0.120416
6 0.120613
7 0.120584
8 0.120416
9 0.120613
10 0.120584
11 0.120416
12 0.101538
13 0.0881724
14 0.0882025
15 0.0793043
16 0.0740698
17 0.073762
18 0.0681283
19 0.0645772
20 0.0645149
21 0.0600962
22 0.057738
23 0.0569264
24 0.0540326
25 0.0522695
26 0.0512847
27 0.0491471
28 0.047592
29 0.0467592
30 0.0453436
31 0.0441386
32 0.04328
33 0.0420823
34 0.0411543
35 0.0405327
36 0.0395865
37 0.0386488
38 0.0381107
39 0.0372926
40 0.0365454
41 0.0358422
42 0.0352587
43 0.0347457
44 0.03419
45 0.0334401
46 0.0331806
47 0.0324499
48 0.0320622
49 0.0315191
50 0.0310191
51 0.0306035
52 0.0301776
53 0.0296383
54 0.029351
55 0.0290248
56 0.0285619
57 0.0283083
58 0.0278777
59 0.0275432
60 0.0271112
61 0.026831
62 0.0265189
63 0.0262587
64 0.0258374
65 0.0257172
66 0.0253918
67 0.0250639
68 0.0249469
69 0.0246075
70 0.0243682
71 0.024144
72 0.0238725
73 0.0235917
74 0.0234553
75 0.0232535
76 0.0229813
77 0.0228383
78 0.0226352
79 0.0224415
80 0.0221886
81 0.0220478
82 0.0218203
83 0.0215982
84 0.0215574
85 0.0212821
86 0.0211923
87 0.0209956
88 0.020824
89 0.0206854
90 0.0205523
91 0.0203216
92 0.0202647
93 0.0200728
94 0.0198708
95 0.0197535
96 0.0197753
97 0.0195552
98 0.0193912
99 0.0192894
100 0.0191196
101 0.0191214
102 0.019016
103 0.0187853
104 0.0186242
105 0.0185946
106 0.018457
107 0.0184379
108 0.0182332
109 0.0181223
110 0.0180597
111 0.0180186
112 0.0179477
113 0.0178133
114 0.0176907
115 0.0176309
116 0.0174962
117 0.017487
118 0.0173266
119 0.0173422
120 0.0171805
121 0.0171129
122 0.0169747
123 0.0170355
124 0.0168705
125 0.0168288
126 0.016669
127 0.0165873
128 0.0166078
129 0.0165034
130 0.0165261
131 0.0163474
132 0.0163195
133 0.0162619
134 0.016179
135 0.0160877
136 0.0160205
137 0.0160163
138 0.015902
139 0.0158969
140 0.0158147
141 0.0157325
142 0.0157148
143 0.0155649
144 0.0155942
145 0.0154927
146 0.0154703
147 0.0154078
148 0.0153323
149 0.0152572
150 0.0152178
151 0.0152016
152 0.0151039
153 0.0151181
154 0.0150807
155 0.0150451
156 0.0149839
157 0.0149692
158 0.0148394
159 0.0148474
160 0.0147483
161 0.0148414
162 0.0146905
163 0.0146441
164 0.0146949
165 0.0145437
166 0.01445
167 0.0145282
168 0.0144351
169 0.0144117
170 0.0143632
171 0.0143624
172 0.0143166
173 0.0142729
174 0.0141971
175 0.0141774
176 0.0141594
177 0.0141121
178 0.0141246
179 0.0140347
180 0.0139371
181 0.0140377
182 0.0139965
183 0.0139461
184 0.0138328
185 0.0138233
186 0.0137804
187 0.0138069
188 0.0138032
189 0.0137196
190 0.0136416
191 0.0137213
192 0.0135922
193 0.0135886
194 0.0135285
195 0.0135696
196 0.0134912
197 0.0135473
198 0.0134297
199 0.0134882
200 0.0134124
201 0.0133579
202 0.0133616
203 0.0133276
204 0.0133632
205 0.0133174
206 0.0131945
207 0.0132864
208 0.0132463
209 0.0132147
210 0.0131321
211 0.0131402
212 0.0130589
213 0.0130861
214 0.0130882
215 0.0130196
216 0.0130488
217 0.0130126
218 0.0130389
219 0.0129419
220 0.0129617
221 0.012858
222 0.0129283
223 0.0129075
224 0.0128359
225 0.0127849
226 0.01282
227 0.0128233
228 0.0127328
229 0.0127748
230 0.012776
231 0.0126901
232 0.0127721
233 0.0126328
234 0.0126413
235 0.0126216
236 0.0125628
237 0.0126632
238 0.0126189
239 0.0125671
240 0.0125103
241 0.012541
242 0.0125377
243 0.0125304
244 0.0125184
245 0.0124632
246 0.0124686
247 0.012439
248 0.0124405
249 0.0124123
250 0.0124456
251 0.0123383
252 0.0123192
253 0.0122966
254 0.0123441
255 0.0123528
256 0.0122777
257 0.0122711
258 0.0122461
259 0.0122317
260 0.0122358
261 0.0122246
262 0.0121737
263 0.0121545
264 0.0122008
265 0.012171
266 0.0121362
267 0.0121385
268 0.0121497
269 0.012075
270 0.0120711
271 0.0120772
272 0.012062
273 0.0119973
274 0.0120349
275 0.0120299
276 0.0120265
277 0.0120197
278 0.012034
279 0.0120134
280 0.0119464
281 0.0119342
282 0.0119705
283 0.011982
284 0.0118903
285 0.0119094
286 0.0118499
287 0.0119122
288 0.0119072
289 0.011879
290 0.0118559
291 0.011813
292 0.0118717
293 0.0118596
294 0.0118087
295 0.01179
296 0.0117962
297 0.0118244
298 0.0117758
299 0.0117446
300 0.0117203
301 0.0117149
302 0.0117211
303 0.0116874
304 0.0116937
305 0.0117221
306 0.0116912
307 0.011699
308 0.0116457
309 0.0116566
310 0.011671
311 0.0115797
312 0.0115664
313 0.0115886
314 0.0115782
315 0.0116297
316 0.0115808
317 0.0115541
318 0.0115581
319 0.0115874
320 0.0114741
321 0.0115574
322 0.0115557
323 0.0114782
324 0.0114652
325 0.011491
326 0.0114461
327 0.011492
328 0.0114517
329 0.0115036
330 0.0114636
331 0.011465
332 0.0114228
333 0.0114114
334 0.011398
335 0.0114305
336 0.0114342
337 0.0114051
338 0.0114065
339 0.011385
340 0.0113836
341 0.0114211
342 0.0113819
343 0.0113676
344 0.0112936
345 0.0112894
346 0.0113357
347 0.0112889
348 0.0113182
349 0.0113617
350 0.0113215
351 0.0113336
352 0.0113045
353 0.011298
354 0.0112722
355 0.0113016
356 0.0112151
357 0.0111849
358 0.0112115
359 0.0112732
360 0.0112468
361 0.011246
362 0.0112449
363 0.0112369
364 0.0111973
365 0.011165
366 0.0111802
367 0.0112053
368 0.0111966
369 0.0111614
370 0.0111829
371 0.0111342
372 0.0111315
373 0.0111198
374 0.0111109
375 0.0111562
376 0.0111082
377 0.0110898
378 0.0110855
379 0.0111146
380 0.0110998
381 0.011114
382 0.0110546
383 0.0111264
384 0.0110091
385 0.011084
386 0.0110463
387 0.0110721
388 0.0110876
389 0.011083
390 0.0110565
391 0.011062
392 0.0110335
393 0.011047
394 0.0110056
395 0.0109347
396 0.0109784
397 0.0110048
398 0.0110756
399 0.0109723
400 0.011001
