1 0.299581
2 0.299916
3 0.299939
4 0.299955
5 0.299574
6 0.298996
7 0.299542
8 0.299596
9 0.299696
10 0.300402
11 0.299438
12 0.318783
13 0.3317
14 0.332298
15 0.3417
16 0.345931
17 0.346878
18 0.353272
19 0.35606
20 0.356649
21 0.361089
22 0.362753
23 0.363202
24 0.366638
25 0.368537
26 0.369304
27 0.371447
28 0.372329
29 0.3733
30 0.37492
31 0.375793
32 0.376992
33 0.377939
34 0.37953
35 0.380164
36 0.380608
37 0.381418
38 0.382843
39 0.382838
40 0.38417
41 0.384307
42 0.385239
43 0.386146
44 0.385833
45 0.386569
46 0.38681
47 0.387763
48 0.387944
49 0.389071
50 0.388975
51 0.390963
52 0.390106
53 0.39031
54 0.391066
55 0.391382
56 0.39168
57 0.393038
58 0.39229
59 0.393074
60 0.393118
61 0.393983
62 0.394589
63 0.394101
64 0.394808
65 0.394709
66 0.395428
67 0.395956
68 0.394895
69 0.395209
70 0.396627
71 0.396241
72 0.396877
73 0.396412
74 0.397265
75 0.397882
76 0.397735
77 0.397523
78 0.39703
79 0.397506
80 0.398481
81 0.39803
82 0.399546
83 0.39864
84 0.398743
85 0.399309
86 0.399286
87 0.399184
88 0.399666
89 0.400084
90 0.399892
91 0.399285
92 0.399739
93 0.40037
94 0.400062
95 0.401217
96 0.399915
97 0.400498
98 0.401748
99 0.400905
100 0.401226
101 0.400792
102 0.401962
103 0.401671
104 0.400977
105 0.401736
106 0.401876
107 0.402507
108 0.402144
109 0.401381
110 0.402917
111 0.402985
112 0.401469
113 0.402667
114 0.403091
115 0.402489
116 0.40248
117 0.403147
118 0.403328
119 0.402786
120 0.403925
121 0.404071
122 0.403844
123 0.403599
124 0.403833
125 0.403624
126 0.403799
127 0.404173
128 0.403533
129 0.404168
130 0.403702
131 0.403775
132 0.403748
133 0.403379
134 0.405088
135 0.404207
136 0.404464
137 0.404402
138 0.40474
139 0.403775
140 0.404588
141 0.404319
142 0.404988
143 0.40552
144 0.405643
145 0.405387
146 0.405322
147 0.405595
148 0.404026
149 0.404066
150 0.404903
151 0.405004
152 0.404684
153 0.405862
154 0.405679
155 0.406226
156 0.405643
157 0.40585
158 0.405114
159 0.405479
160 0.405648
161 0.40566
162 0.405325
163 0.40574
164 0.405301
165 0.406249
166 0.406392
167 0.405827
168 0.405836
169 0.406068
170 0.405476
171 0.40593
172 0.406035
173 0.406442
174 0.406318
175 0.406489
176 0.407081
177 0.406557
178 0.40669
179 0.406276
180 0.406258
181 0.407183
182 0.40608
183 0.406284
184 0.405662
185 0.406488
186 0.40737
187 0.407057
188 0.407208
189 0.406789
190 0.406976
191 0.407171
192 0.407176
193 0.407819
194 0.406725
195 0.406039
196 0.406174
197 0.407138
198 0.406659
199 0.406212
200 0.407222
201 0.407051
202 0.40687
203 0.407381
204 0.406989
205 0.407531
206 0.407334
207 0.406999
208 0.407252
209 0.407384
210 0.407482
211 0.406459
212 0.407589
213 0.407536
214 0.407324
215 0.40728
216 0.407457
217 0.407348
218 0.40847
219 0.406957
220 0.407734
221 0.408461
222 0.407275
223 0.406832
224 0.407227
225 0.406621
226 0.407714
227 0.408436
228 0.408124
229 0.408784
230 0.408253
231 0.407323
232 0.407655
233 0.407812
234 0.407317
235 0.407557
236 0.407415
237 0.407215
238 0.408112
239 0.407943
240 0.407373
241 0.407566
242 0.40656
243 0.40773
244 0.407505
245 0.407308
246 0.408154
247 0.408622
248 0.408146
249 0.408325
250 0.408182
251 0.408458
252 0.408959
253 0.40818
254 0.408493
255 0.408433
256 0.408095
257 0.408284
258 0.408897
259 0.408272
260 0.408401
261 0.407617
262 0.408842
263 0.408061
264 0.408882
265 0.409023
266 0.40785
267 0.408266
268 0.408007
269 0.40819
270 0.408175
271 0.408572
272 0.408469
273 0.408419
274 0.408005
275 0.408325
276 0.408315
277 0.409527
278 0.407877
279 0.408596
280 0.40872
281 0.408114
282 0.407119
283 0.408415
284 0.408944
285 0.408676
286 0.408337
287 0.408583
288 0.407886
289 0.408602
290 0.408655
291 0.408494
292 0.408647
293 0.40877
294 0.407788
295 0.408782
296 0.408215
297 0.40811
298 0.407708
299 0.408843
300 0.409171
301 0.408465
302 0.407851
303 0.408751
304 0.40925
305 0.40815
306 0.408275
307 0.409397
308 0.407767
309 0.409318
310 0.407918
311 0.408215
312 0.409117
313 0.408747
314 0.408409
315 0.409684
316 0.408618
317 0.408909
318 0.409651
319 0.408448
320 0.408448
321 0.408943
322 0.409527
323 0.40894
324 0.409431
325 0.409142
326 0.409029
327 0.409197
328 0.409295
329 0.40912
330 0.409128
331 0.408717
332 0.409761
333 0.409216
334 0.409408
335 0.409113
336 0.409571
337 0.409012
338 0.408466
339 0.409838
340 0.408587
341 0.408708
342 0.408631
343 0.40949
344 0.408445
345 0.408659
346 0.409171
347 0.409426
348 0.409384
349 0.408794
350 0.409716
351 0.408437
352 0.409412
353 0.409308
354 0.409142
355 0.409845
356 0.40894
357 0.409473
358 0.408537
359 0.409328
360 0.408767
361 0.409249
362 0.409802
363 0.409251
364 0.409482
365 0.409101
366 0.409553
367 0.40928
368 0.408304
369 0.409364
370 0.409103
371 0.409124
372 0.409602
373 0.409952
374 0.408834
375 0.409128
376 0.410158
377 0.409901
378 0.410363
379 0.410138
380 0.408963
381 0.409452
382 0.409018
383 0.40914
384 0.409356
385 0.409711
386 0.409333
387 0.409794
388 0.41023
389 0.408922
390 0.409476
391 0.409309
392 0.409042
393 0.40996
394 0.409268
395 0.409276
396 0.409471
397 0.408698
398 0.408923
399 0.409361
400 0.40921
