1 0.458075
2 0.458221
3 0.458231
4 0.458238
5 0.458072
6 0.457818
7 0.458058
8 0.458081
9 0.458125
10 0.458433
11 0.458012
12 0.466005
13 0.470824
14 0.471038
15 0.47428
16 0.475671
17 0.475977
18 0.477987
19 0.478834
20 0.47901
21 0.480317
22 0.480795
23 0.480923
24 0.481887
25 0.482408
26 0.482617
27 0.483192
28 0.483426
29 0.483681
30 0.484103
31 0.484327
32 0.484633
33 0.484873
34 0.48527
35 0.485427
36 0.485537
37 0.485735
38 0.486081
39 0.48608
40 0.486399
41 0.486431
42 0.486652
43 0.486865
44 0.486792
45 0.486964
46 0.48702
47 0.48724
48 0.487282
49 0.48754
50 0.487518
51 0.487967
52 0.487774
53 0.48782
54 0.48799
55 0.48806
56 0.488126
57 0.488426
58 0.488261
59 0.488433
60 0.488443
61 0.488632
62 0.488763
63 0.488657
64 0.48881
65 0.488789
66 0.488943
67 0.489055
68 0.488829
69 0.488896
70 0.489198
71 0.489116
72 0.489251
73 0.489152
74 0.489332
75 0.489461
76 0.489431
77 0.489386
78 0.489283
79 0.489383
80 0.489586
81 0.489492
82 0.489805
83 0.489619
84 0.48964
85 0.489757
86 0.489752
87 0.489731
88 0.48983
89 0.489916
90 0.489876
91 0.489752
92 0.489845
93 0.489974
94 0.489911
95 0.490145
96 0.489881
97 0.49
98 0.490252
99 0.490082
100 0.490147
101 0.490059
102 0.490295
103 0.490236
104 0.490097
105 0.49025
106 0.490278
107 0.490403
108 0.490331
109 0.490178
110 0.490485
111 0.490498
112 0.490196
113 0.490435
114 0.490519
115 0.4904
116 0.490398
117 0.49053
118 0.490566
119 0.490459
120 0.490683
121 0.490712
122 0.490667
123 0.490619
124 0.490665
125 0.490624
126 0.490659
127 0.490732
128 0.490606
129 0.490731
130 0.490639
131 0.490654
132 0.490649
133 0.490576
134 0.490909
135 0.490738
136 0.490788
137 0.490776
138 0.490842
139 0.490654
140 0.490813
141 0.49076
142 0.49089
143 0.490993
144 0.491016
145 0.490967
146 0.490955
147 0.491007
148 0.490703
149 0.490711
150 0.490874
151 0.490893
152 0.490831
153 0.491058
154 0.491023
155 0.491128
156 0.491016
157 0.491056
158 0.490915
159 0.490985
160 0.491017
161 0.49102
162 0.490955
163 0.491035
164 0.490951
165 0.491133
166 0.49116
167 0.491052
168 0.491054
169 0.491098
170 0.490984
171 0.491072
172 0.491092
173 0.491169
174 0.491146
175 0.491178
176 0.491291
177 0.491191
178 0.491217
179 0.491138
180 0.491134
181 0.49131
182 0.4911
183 0.491139
184 0.49102
185 0.491178
186 0.491345
187 0.491286
188 0.491315
189 0.491235
190 0.491271
191 0.491308
192 0.491309
193 0.49143
194 0.491223
195 0.491092
196 0.491118
197 0.491301
198 0.491211
199 0.491125
200 0.491317
201 0.491285
202 0.491251
203 0.491347
204 0.491273
205 0.491376
206 0.491338
207 0.491275
208 0.491323
209 0.491348
210 0.491366
211 0.491173
212 0.491386
213 0.491376
214 0.491337
215 0.491328
216 0.491362
217 0.491341
218 0.491551
219 0.491267
220 0.491414
221 0.49155
222 0.491327
223 0.491243
224 0.491318
225 0.491203
226 0.49141
227 0.491545
228 0.491487
229 0.49161
230 0.491511
231 0.491336
232 0.491399
233 0.491428
234 0.491335
235 0.49138
236 0.491354
237 0.491316
238 0.491484
239 0.491453
240 0.491346
241 0.491382
242 0.491192
243 0.491413
244 0.491371
245 0.491333
246 0.491492
247 0.49158
248 0.491491
249 0.491524
250 0.491498
251 0.491549
252 0.491642
253 0.491497
254 0.491556
255 0.491544
256 0.491481
257 0.491517
258 0.491631
259 0.491514
260 0.491538
261 0.491392
262 0.49162
263 0.491475
264 0.491628
265 0.491654
266 0.491435
267 0.491513
268 0.491465
269 0.491499
270 0.491496
271 0.49157
272 0.491551
273 0.491542
274 0.491464
275 0.491524
276 0.491522
277 0.491747
278 0.491441
279 0.491575
280 0.491598
281 0.491485
282 0.491298
283 0.491541
284 0.491639
285 0.49159
286 0.491527
287 0.491572
288 0.491442
289 0.491576
290 0.491586
291 0.491556
292 0.491584
293 0.491607
294 0.491424
295 0.491609
296 0.491504
297 0.491484
298 0.491409
299 0.491621
300 0.491681
301 0.49155
302 0.491436
303 0.491603
304 0.491696
305 0.491492
306 0.491515
307 0.491723
308 0.49142
309 0.491708
310 0.491448
311 0.491504
312 0.491671
313 0.491603
314 0.49154
315 0.491776
316 0.491579
317 0.491633
318 0.49177
319 0.491547
320 0.491547
321 0.491639
322 0.491747
323 0.491639
324 0.491729
325 0.491676
326 0.491655
327 0.491686
328 0.491704
329 0.491672
330 0.491673
331 0.491597
332 0.49179
333 0.49169
334 0.491725
335 0.491671
336 0.491755
337 0.491652
338 0.491551
339 0.491804
340 0.491573
341 0.491596
342 0.491581
343 0.49174
344 0.491547
345 0.491586
346 0.491681
347 0.491728
348 0.491721
349 0.491612
350 0.491782
351 0.491545
352 0.491726
353 0.491707
354 0.491676
355 0.491805
356 0.491639
357 0.491737
358 0.491564
359 0.49171
360 0.491606
361 0.491696
362 0.491797
363 0.491696
364 0.491739
365 0.491668
366 0.491752
367 0.491701
368 0.49152
369 0.491717
370 0.491669
371 0.491673
372 0.491761
373 0.491825
374 0.491619
375 0.491673
376 0.491863
377 0.491816
378 0.4919
379 0.491859
380 0.491643
381 0.491733
382 0.491653
383 0.491676
384 0.491715
385 0.491781
386 0.491711
387 0.491796
388 0.491876
389 0.491635
390 0.491738
391 0.491707
392 0.491657
393 0.491826
394 0.491699
395 0.491701
396 0.491737
397 0.491594
398 0.491635
399 0.491716
400 0.491689
