1 0.458075
2 0.323921
3 0.264409
4 0.23408
5 0.212029
6 0.195357
7 0.184058
8 0.174556
9 0.166059
10 0.160079
11 0.154503
12 0.150373
13 0.147077
14 0.144422
15 0.142379
16 0.140637
17 0.139085
18 0.137621
19 0.136656
20 0.13549
21 0.134516
22 0.133952
23 0.133198
24 0.132414
25 0.131786
26 0.131557
27 0.131285
28 0.130649
29 0.130593
30 0.130174
31 0.130067
32 0.129634
33 0.12971
34 0.129154
35 0.128925
36 0.128916
37 0.128739
38 0.128774
39 0.128434
40 0.128355
41 0.127896
42 0.127948
43 0.127944
44 0.127987
45 0.127788
46 0.127863
47 0.127485
48 0.127542
49 0.127458
50 0.127157
51 0.1272
52 0.12722
53 0.127199
54 0.127204
55 0.127055
56 0.12687
57 0.126898
58 0.126874
59 0.126721
60 0.126715
61 0.126573
62 0.126653
63 0.126429
64 0.126303
65 0.126408
66 0.126405
67 0.126344
68 0.126363
69 0.126265
70 0.126227
71 0.126163
72 0.126114
73 0.125959
74 0.125985
75 0.125969
76 0.125989
77 0.125972
78 0.125802
79 0.125759
80 0.125735
81 0.125737
82 0.125681
83 0.125688
84 0.125623
85 0.125563
86 0.125436
87 0.125408
88 0.125445
89 0.125411
90 0.125378
91 0.125301
92 0.125291
93 0.125425
94 0.125261
95 0.125168
96 0.12511
97 0.125159
98 0.125075
99 0.125106
100 0.124969
101 0.124943
102 0.124977
103 0.124896
104 0.12496
105 0.124767
106 0.124802
107 0.124761
108 0.124851
109 0.124751
110 0.124694
111 0.124641
112 0.124622
113 0.124701
114 0.124697
115 0.124669
116 0.124506
117 0.12444
118 0.124529
119 0.124365
120 0.12443
121 0.124415
122 0.124359
123 0.124422
124 0.124376
125 0.124281
126 0.124287
127 0.124176
128 0.12409
129 0.12421
130 0.124289
131 0.124125
132 0.124094
133 0.124122
134 0.12408
135 0.124127
136 0.124081
137 0.124083
138 0.123939
139 0.12384
140 0.123962
141 0.123898
142 0.123984
143 0.123809
144 0.123846
145 0.123877
146 0.123734
147 0.123738
148 0.123799
149 0.123763
150 0.123698
151 0.123695
152 0.123726
153 0.123749
154 0.123759
155 0.123622
156 0.123638
157 0.123656
158 0.123631
159 0.123607
160 0.123499
161 0.123481
162 0.123435
163 0.123515
164 0.12341
165 0.123374
166 0.123483
167 0.123387
168 0.123437
169 0.123393
170 0.123347
171 0.123483
172 0.123287
173 0.123364
174 0.123304
175 0.123321
176 0.123361
177 0.123269
178 0.123353
179 0.123141
180 0.123262
181 0.123149
182 0.12322
183 0.123177
184 0.123174
185 0.123153
186 0.12324
187 0.123045
188 0.123082
189 0.123055
190 0.12297
191 0.122973
192 0.123046
193 0.122946
194 0.122986
195 0.122921
196 0.122907
197 0.122953
198 0.122978
199 0.122945
200 0.122936
201 0.12298
202 0.122883
203 0.122959
204 0.122808
205 0.122584
206 0.122843
207 0.122821
208 0.122729
209 0.12283
210 0.122809
211 0.122708
212 0.122748
213 0.122778
214 0.122642
215 0.122736
216 0.122744
217 0.122697
218 0.122654
219 0.122713
220 0.122669
221 0.122645
222 0.122631
223 0.122673
224 0.122618
225 0.122582
226 0.12259
227 0.122589
228 0.122496
229 0.12258
230 0.122605
231 0.12254
232 0.122482
233 0.122482
234 0.122527
235 0.122503
236 0.122408
237 0.122417
238 0.122407
239 0.122357
240 0.122388
241 0.122499
242 0.12236
243 0.122418
244 0.122368
245 0.122318
246 0.122373
247 0.122319
248 0.122394
249 0.122405
250 0.122191
251 0.122317
252 0.122249
253 0.122311
254 0.122338
255 0.12219
256 0.122263
257 0.122179
258 0.122192
259 0.122241
260 0.122229
261 0.122309
262 0.122252
263 0.122186
264 0.122165
265 0.122134
266 0.122161
267 0.122161
268 0.122115
269 0.122066
270 0.122223
271 0.122098
272 0.122097
273 0.12211
274 0.122104
275 0.122107
276 0.122077
277 0.12202
278 0.121995
279 0.122065
280 0.122091
281 0.122039
282 0.122031
283 0.121957
284 0.122075
285 0.121956
286 0.122024
287 0.121992
288 0.121966
289 0.121939
290 0.122022
291 0.122029
292 0.121971
293 0.121982
294 0.121916
295 0.121896
296 0.121878
297 0.121902
298 0.121944
299 0.121865
300 0.121873
301 0.121933
302 0.121845
303 0.121895
304 0.121864
305 0.121846
306 0.121837
307 0.12178
308 0.121826
309 0.121852
310 0.121796
311 0.121794
312 0.121763
313 0.121861
314 0.121793
315 0.121669
316 0.121712
317 0.121674
318 0.121734
319 0.121719
320 0.121736
321 0.121754
322 0.121783
323 0.121733
324 0.12169
325 0.121712
326 0.121705
327 0.121708
328 0.121694
329 0.121667
330 0.121681
331 0.121669
332 0.121673
333 0.121683
334 0.121699
335 0.121745
336 0.121637
337 0.121629
338 0.121601
339 0.121684
340 0.121614
341 0.121903
342 0.12173
343 0.121614
344 0.121578
345 0.121642
346 0.121575
347 0.121617
348 0.12156
349 0.121544
350 0.121519
351 0.121565
352 0.121548
353 0.121538
354 0.121548
355 0.12157
356 0.121524
357 0.121472
358 0.12155
359 0.121574
360 0.121485
361 0.121464
362 0.121452
363 0.121457
364 0.121458
365 0.121489
366 0.121449
367 0.121458
368 0.121464
369 0.121428
370 0.121442
371 0.121396
372 0.121455
373 0.121326
374 0.121365
375 0.12142
376 0.12145
377 0.1214
378 0.121423
379 0.121373
380 0.121369
381 0.121317
382 0.1214
383 0.121393
384 0.121263
385 0.12137
386 0.121303
387 0.121395
388 0.121373
389 0.121329
390 0.12135
391 0.121317
392 0.12134
393 0.121292
394 0.121345
395 0.121322
396 0.121316
397 0.12133
398 0.121335
399 0.121179
400 0.121228
