1 0.5
2 0.5
3 0.5
4 0.5
5 0.499999
6 0.5
7 0.5
8 0.5
9 0.5
10 0.5
11 0.5
12 0.493107
13 0.492918
14 0.490008
15 0.489962
16 0.490864
17 0.491986
18 0.488915
19 0.489977
20 0.490742
21 0.488459
22 0.489297
23 0.480734
24 0.476083
25 0.474241
26 0.473224
27 0.473848
28 0.472806
29 0.471215
30 0.47128
31 0.471199
32 0.470171
33 0.470056
34 0.467129
35 0.462591
36 0.461172
37 0.459839
38 0.456895
39 0.455362
40 0.455054
41 0.453564
42 0.452075
43 0.451441
44 0.451362
45 0.44987
46 0.449514
47 0.449358
48 0.448599
49 0.447942
50 0.447866
51 0.447068
52 0.446871
53 0.446237
54 0.446187
55 0.445911
56 0.445337
57 0.44564
58 0.44531
59 0.445138
60 0.444786
61 0.444571
62 0.444023
63 0.443779
64 0.443877
65 0.443466
66 0.443657
67 0.443447
68 0.443259
69 0.443199
70 0.443182
71 0.443166
72 0.443188
73 0.442811
74 0.442494
75 0.441937
76 0.442182
77 0.442407
78 0.442199
79 0.441584
80 0.442269
81 0.441808
82 0.441789
83 0.441924
84 0.441743
85 0.441484
86 0.440912
87 0.441421
88 0.441424
89 0.441671
90 0.441123
91 0.441025
92 0.440945
93 0.440835
94 0.440726
95 0.440765
96 0.440613
97 0.441015
98 0.440582
99 0.440367
100 0.440747
101 0.440503
102 0.440505
103 0.440758
104 0.440733
105 0.44018
106 0.440597
107 0.44021
108 0.440332
109 0.440318
110 0.440541
111 0.440458
112 0.440027
113 0.440192
114 0.439747
115 0.440241
116 0.440191
117 0.440064
118 0.440101
119 0.439763
120 0.440194
121 0.440058
122 0.439859
123 0.439935
124 0.439854
125 0.439927
126 0.439803
127 0.439749
128 0.439488
129 0.439746
130 0.439834
131 0.439546
132 0.439746
133 0.439389
134 0.439142
135 0.439568
136 0.439939
137 0.439255
138 0.439395
139 0.439278
140 0.439311
141 0.439426
142 0.439549
143 0.439562
144 0.439404
145 0.438797
146 0.439262
147 0.439466
148 0.439201
149 0.439132
150 0.439405
151 0.439424
152 0.439148
153 0.439127
154 0.439379
155 0.439065
156 0.439309
157 0.438951
158 0.439106
159 0.439501
160 0.43898
161 0.439163
162 0.439253
163 0.438919
164 0.439087
165 0.438914
166 0.43877
167 0.43866
168 0.43914
169 0.439009
170 0.438768
171 0.438852
172 0.438954
173 0.438834
174 0.438802
175 0.43905
176 0.438921
177 0.438565
178 0.438901
179 0.438555
180 0.438808
181 0.438826
182 0.438973
183 0.438347
184 0.438745
185 0.438873
186 0.438915
187 0.439076
188 0.438982
189 0.438412
190 0.438577
191 0.43894
192 0.438868
193 0.438972
194 0.438746
195 0.438707
196 0.43826
197 0.438575
198 0.438829
199 0.438474
200 0.438278
201 0.438762
202 0.438535
203 0.438466
204 0.438854
205 0.438523
206 0.438746
207 0.438612
208 0.438911
209 0.43864
210 0.438321
211 0.438418
212 0.438563
213 0.438529
214 0.438829
215 0.43865
216 0.438701
217 0.438558
218 0.438485
219 0.438539
220 0.438726
221 0.438571
222 0.438298
223 0.43835
224 0.438177
225 0.438319
226 0.438526
227 0.437872
228 0.438504
229 0.438474
230 0.438812
231 0.438699
232 0.438135
233 0.438407
234 0.438397
235 0.438391
236 0.438277
237 0.438345
238 0.438062
239 0.43856
240 0.438719
241 0.438505
242 0.438793
243 0.438166
244 0.438179
245 0.438598
246 0.43851
247 0.438201
248 0.438246
249 0.438161
250 0.438201
251 0.438441
252 0.438228
253 0.438417
254 0.438141
255 0.438272
256 0.438224
257 0.438376
258 0.4383
259 0.438553
260 0.438639
261 0.438295
262 0.43835
263 0.438111
264 0.438457
265 0.437915
266 0.438536
267 0.438561
268 0.438416
269 0.438072
270 0.438277
271 0.438664
272 0.438365
273 0.438733
274 0.43862
275 0.438183
276 0.438406
277 0.438433
278 0.43806
279 0.43839
280 0.438327
281 0.438206
282 0.438232
283 0.438116
284 0.438341
285 0.438813
286 0.438098
287 0.438232
288 0.438419
289 0.438611
290 0.437861
291 0.437763
292 0.438029
293 0.43807
294 0.438273
295 0.438044
296 0.437972
297 0.438418
298 0.43782
299 0.438169
300 0.43813
301 0.4382
302 0.438299
303 0.438486
304 0.438176
305 0.438452
306 0.437969
307 0.438121
308 0.438145
309 0.438718
310 0.438033
311 0.43773
312 0.43831
313 0.438096
314 0.437912
315 0.438388
316 0.438293
317 0.438127
318 0.438254
319 0.438062
320 0.43843
321 0.438428
322 0.437862
323 0.438023
324 0.438313
325 0.437911
326 0.438143
327 0.437912
328 0.4384
329 0.438057
330 0.438098
331 0.438312
332 0.437693
333 0.438236
334 0.438124
335 0.438125
336 0.438176
337 0.438258
338 0.437911
339 0.437907
340 0.437894
341 0.4379
342 0.438107
343 0.438167
344 0.438211
345 0.438116
346 0.43787
347 0.437899
348 0.438159
349 0.437956
350 0.438203
351 0.437727
352 0.438224
353 0.437884
354 0.437962
355 0.437811
356 0.437976
357 0.43815
358 0.437804
359 0.437908
360 0.438221
361 0.438265
362 0.437971
363 0.438163
364 0.43755
365 0.43828
366 0.43785
367 0.437671
368 0.438229
369 0.437972
370 0.437804
371 0.438213
372 0.437991
373 0.437892
374 0.438233
375 0.438516
376 0.438007
377 0.437996
378 0.438022
379 0.437918
380 0.437903
381 0.438116
382 0.437849
383 0.438072
384 0.438048
385 0.438493
386 0.438367
387 0.438395
388 0.438218
389 0.437803
390 0.438175
391 0.438114
392 0.438188
393 0.437868
394 0.437984
395 0.437905
396 0.43805
397 0.438178
398 0.43754
399 0.438139
400 0.437899
