1 0.388288
2 0.388945
3 0.411626
4 0.412584
5 0.42658
6 0.428299
7 0.45805
8 0.461793
9 0.482617
10 0.488166
11 0.500021
12 0.506278
13 0.514911
14 0.522921
15 0.531946
16 0.538113
17 0.545456
18 0.551381
19 0.557074
20 0.562245
21 0.567271
22 0.57243
23 0.576967
24 0.581387
25 0.585856
26 0.588697
27 0.593038
28 0.597473
29 0.601808
30 0.605121
31 0.609698
32 0.611608
33 0.615236
34 0.618564
35 0.621657
36 0.624681
37 0.627652
38 0.629689
39 0.633082
40 0.636087
41 0.638849
42 0.640495
43 0.643179
44 0.645258
45 0.648391
46 0.650467
47 0.652781
48 0.653819
49 0.656277
50 0.658563
51 0.661063
52 0.662719
53 0.664302
54 0.666879
55 0.667947
56 0.669921
57 0.671483
58 0.674145
59 0.674675
60 0.676323
61 0.678109
62 0.680057
63 0.681648
64 0.683661
65 0.685526
66 0.686134
67 0.688139
68 0.689989
69 0.690694
70 0.691976
71 0.694018
72 0.69499
73 0.696138
74 0.697956
75 0.699339
76 0.699624
77 0.700702
78 0.702488
79 0.703771
80 0.705068
81 0.706665
82 0.707193
83 0.70848
84 0.709447
85 0.711114
86 0.711172
87 0.712524
88 0.71375
89 0.715007
90 0.716199
91 0.716571
92 0.718305
93 0.718796
94 0.720359
95 0.721636
96 0.722418
97 0.722734
98 0.724178
99 0.724619
100 0.726261
101 0.727173
102 0.727286
103 0.728664
104 0.729837
105 0.730461
106 0.730531
107 0.73169
108 0.731767
109 0.734641
110 0.734685
111 0.734978
112 0.735532
113 0.73691
114 0.737341
115 0.738728
116 0.739231
117 0.740195
118 0.741189
119 0.741737
120 0.742977
121 0.742832
122 0.743457
123 0.745409
124 0.745301
125 0.745534
126 0.746451
127 0.74746
128 0.747486
129 0.748733
130 0.749139
131 0.750003
132 0.750728
133 0.751087
134 0.751298
135 0.752433
136 0.753042
137 0.754076
138 0.754324
139 0.755188
140 0.755086
141 0.75621
142 0.756602
143 0.756709
144 0.757699
145 0.758411
146 0.759007
147 0.761041
148 0.760344
149 0.760337
150 0.761662
151 0.76194
152 0.762407
153 0.762398
154 0.763278
155 0.763969
156 0.764726
157 0.764223
158 0.76591
159 0.765697
160 0.766802
161 0.767146
162 0.767804
163 0.768731
164 0.768537
165 0.769507
166 0.769408
167 0.770471
168 0.770283
169 0.771286
170 0.771704
171 0.77223
172 0.772186
173 0.773443
174 0.773417
175 0.773562
176 0.775256
177 0.774722
178 0.775059
179 0.775106
180 0.77617
181 0.777093
182 0.776781
183 0.777465
184 0.778107
185 0.778715
186 0.778947
187 0.779329
188 0.780633
189 0.779864
190 0.780813
191 0.781053
192 0.780866
193 0.781928
194 0.782331
195 0.782419
196 0.782927
197 0.783562
198 0.783476
199 0.784609
200 0.784225
201 0.784506
202 0.78511
203 0.785862
204 0.786548
205 0.786605
206 0.78698
207 0.786783
208 0.787155
209 0.787633
210 0.788406
211 0.788907
212 0.788556
213 0.789436
214 0.789799
215 0.789379
216 0.790878
217 0.790264
218 0.790158
219 0.791404
220 0.792189
221 0.791727
222 0.792117
223 0.792713
224 0.793248
225 0.793697
226 0.793258
227 0.794556
228 0.794653
229 0.794719
230 0.795201
231 0.795891
232 0.795797
233 0.796021
234 0.796509
235 0.796565
236 0.797128
237 0.796989
238 0.797394
239 0.797634
240 0.798325
241 0.798695
242 0.799487
243 0.799194
244 0.799524
245 0.800119
246 0.799579
247 0.800846
248 0.801245
249 0.800799
250 0.801075
251 0.801469
252 0.802213
253 0.801863
254 0.802835
255 0.803478
256 0.802593
257 0.803171
258 0.803802
259 0.804523
260 0.803888
261 0.804187
262 0.8046
263 0.804691
264 0.805169
265 0.805641
266 0.805497
267 0.806047
268 0.806219
269 0.806915
270 0.806276
271 0.807051
272 0.807069
273 0.8083
274 0.807577
275 0.808187
276 0.808248
277 0.808397
278 0.808739
279 0.809314
280 0.809554
281 0.809743
282 0.810417
283 0.809961
284 0.811038
285 0.811289
286 0.811122
287 0.810673
288 0.811063
289 0.810566
290 0.811682
291 0.812411
292 0.812558
293 0.811806
294 0.81265
295 0.813483
296 0.812762
297 0.813779
298 0.814614
299 0.813321
300 0.813658
301 0.814139
302 0.81479
303 0.815097
304 0.814682
305 0.815342
306 0.815067
307 0.815328
308 0.816452
309 0.81602
310 0.816147
311 0.816445
312 0.816865
313 0.816836
314 0.817209
315 0.817384
316 0.817518
317 0.817605
318 0.818515
319 0.818793
320 0.818321
321 0.819131
322 0.819246
323 0.818964
324 0.819854
325 0.819511
326 0.818814
327 0.819834
328 0.820086
329 0.819832
330 0.820314
331 0.820539
332 0.82112
333 0.821383
334 0.821386
335 0.821609
336 0.82237
337 0.821838
338 0.822632
339 0.822271
340 0.822649
341 0.822612
342 0.822603
343 0.823212
344 0.823044
345 0.823068
346 0.823885
347 0.823874
348 0.824575
349 0.824897
350 0.824672
351 0.825152
352 0.825216
353 0.82488
354 0.825272
355 0.825197
356 0.825782
357 0.825943
358 0.826315
359 0.826108
360 0.826844
361 0.826435
362 0.82693
363 0.827163
364 0.826976
365 0.82673
366 0.827601
367 0.827504
368 0.827231
369 0.82852
370 0.828573
371 0.82893
372 0.829002
373 0.829074
374 0.829543
375 0.82866
376 0.829452
377 0.829266
378 0.82968
379 0.829814
380 0.829506
381 0.829783
382 0.830553
383 0.830362
384 0.831103
385 0.830481
386 0.830827
387 0.83071
388 0.830873
389 0.831032
390 0.832261
391 0.831259
392 0.831878
393 0.831363
394 0.832437
395 0.832527
396 0.83228
397 0.832829
398 0.833251
399 0.83273
400 0.833245
