1 0.333506
2 0.333506
3 0.333506
4 0.333506
5 0.333506
6 0.333506
7 0.38862
8 0.385897
9 0.411901
10 0.40909
11 0.426911
12 0.423429
13 0.457295
14 0.467323
15 0.482904
16 0.488958
17 0.500049
18 0.505221
19 0.515874
20 0.524048
21 0.531225
22 0.538905
23 0.545697
24 0.551038
25 0.557535
26 0.562655
27 0.568347
28 0.572664
29 0.578816
30 0.58303
31 0.588438
32 0.591737
33 0.596638
34 0.600138
35 0.604238
36 0.60762
37 0.611786
38 0.613688
39 0.617761
40 0.621639
41 0.625022
42 0.627037
43 0.630147
44 0.632406
45 0.636298
46 0.638884
47 0.64125
48 0.642896
49 0.64561
50 0.647995
51 0.651192
52 0.653206
53 0.654496
54 0.657734
55 0.659211
56 0.661411
57 0.663224
58 0.665652
59 0.666495
60 0.668442
61 0.670367
62 0.67236
63 0.674896
64 0.676593
65 0.678687
66 0.67984
67 0.681768
68 0.683765
69 0.684415
70 0.685943
71 0.688233
72 0.689121
73 0.690489
74 0.692459
75 0.694062
76 0.694342
77 0.695616
78 0.697673
79 0.698849
80 0.700003
81 0.702123
82 0.702758
83 0.703857
84 0.704975
85 0.706733
86 0.707101
87 0.708645
88 0.7098
89 0.710935
90 0.712263
91 0.712785
92 0.71455
93 0.715228
94 0.716678
95 0.71834
96 0.719012
97 0.719235
98 0.72071
99 0.721603
100 0.722843
101 0.724133
102 0.724242
103 0.725828
104 0.726708
105 0.727582
106 0.727736
107 0.728583
108 0.729218
109 0.731711
110 0.732171
111 0.732327
112 0.73312
113 0.734525
114 0.734893
115 0.736307
116 0.736889
117 0.737916
118 0.738669
119 0.739329
120 0.74056
121 0.740603
122 0.741372
123 0.743002
124 0.743222
125 0.743167
126 0.744155
127 0.745269
128 0.745507
129 0.746582
130 0.746961
131 0.748081
132 0.74873
133 0.749406
134 0.749593
135 0.750523
136 0.751099
137 0.752142
138 0.752186
139 0.753485
140 0.753312
141 0.754361
142 0.754974
143 0.755118
144 0.755949
145 0.756832
146 0.7575
147 0.759305
148 0.758888
149 0.758893
150 0.760114
151 0.760327
152 0.760901
153 0.760873
154 0.761952
155 0.762647
156 0.763467
157 0.762733
158 0.764501
159 0.764422
160 0.765272
161 0.765744
162 0.76637
163 0.767353
164 0.767253
165 0.768015
166 0.768097
167 0.769093
168 0.768998
169 0.770067
170 0.770513
171 0.770914
172 0.771014
173 0.772314
174 0.772418
175 0.772396
176 0.774141
177 0.773478
178 0.774081
179 0.774068
180 0.775142
181 0.776153
182 0.775575
183 0.776405
184 0.777011
185 0.777656
186 0.777809
187 0.77829
188 0.779544
189 0.778809
190 0.779779
191 0.780016
192 0.779963
193 0.781012
194 0.781439
195 0.781311
196 0.782
197 0.782549
198 0.782712
199 0.783661
200 0.783229
201 0.783424
202 0.784101
203 0.784808
204 0.785461
205 0.785834
206 0.78598
207 0.785981
208 0.786317
209 0.786699
210 0.787557
211 0.788001
212 0.787879
213 0.788712
214 0.788987
215 0.788564
216 0.790045
217 0.789479
218 0.789443
219 0.790696
220 0.791434
221 0.790855
222 0.791467
223 0.79193
224 0.792386
225 0.793017
226 0.792564
227 0.79378
228 0.79399
229 0.794024
230 0.794487
231 0.79524
232 0.795159
233 0.79537
234 0.795955
235 0.795954
236 0.796459
237 0.796246
238 0.796681
239 0.797132
240 0.79788
241 0.798131
242 0.798922
243 0.798368
244 0.798874
245 0.799405
246 0.799106
247 0.800176
248 0.800699
249 0.800302
250 0.800496
251 0.80067
252 0.80166
253 0.801232
254 0.802292
255 0.802913
256 0.80197
257 0.802513
258 0.803334
259 0.803808
260 0.803269
261 0.803735
262 0.803966
263 0.804218
264 0.804527
265 0.805124
266 0.805089
267 0.805422
268 0.805668
269 0.806496
270 0.8058
271 0.806541
272 0.806637
273 0.807794
274 0.807142
275 0.807704
276 0.807913
277 0.807865
278 0.808197
279 0.808741
280 0.808993
281 0.809403
282 0.809928
283 0.809464
284 0.810648
285 0.810697
286 0.810689
287 0.810167
288 0.810573
289 0.81014
290 0.81138
291 0.811945
292 0.81207
293 0.811407
294 0.81226
295 0.813006
296 0.812275
297 0.813315
298 0.814184
299 0.812805
300 0.813229
301 0.813715
302 0.814393
303 0.814674
304 0.814296
305 0.814827
306 0.814689
307 0.814951
308 0.816164
309 0.815618
310 0.815809
311 0.816047
312 0.816533
313 0.816536
314 0.816702
315 0.817068
316 0.817088
317 0.817298
318 0.818256
319 0.818491
320 0.818056
321 0.818696
322 0.818952
323 0.818581
324 0.819443
325 0.819246
326 0.818412
327 0.819545
328 0.819673
329 0.819472
330 0.820002
331 0.820206
332 0.820803
333 0.821005
334 0.821089
335 0.821335
336 0.821995
337 0.821531
338 0.822371
339 0.821969
340 0.822362
341 0.822301
342 0.822305
343 0.82283
344 0.822663
345 0.82265
346 0.823739
347 0.823528
348 0.824201
349 0.824639
350 0.824414
351 0.824729
352 0.82489
353 0.824436
354 0.824894
355 0.824915
356 0.82552
357 0.825682
358 0.825927
359 0.825864
360 0.82653
361 0.826055
362 0.82669
363 0.826758
364 0.826732
365 0.826536
366 0.827282
367 0.827094
368 0.826752
369 0.828134
370 0.828325
371 0.828614
372 0.828719
373 0.828804
374 0.82918
375 0.828323
376 0.829126
377 0.828993
378 0.829458
379 0.829505
380 0.829233
381 0.829462
382 0.830304
383 0.830168
384 0.83077
385 0.8302
386 0.830499
387 0.830457
388 0.830547
389 0.830711
390 0.83196
391 0.830956
392 0.831622
393 0.831125
394 0.832234
395 0.832213
396 0.832058
397 0.832559
398 0.833018
399 0.832494
400 0.833061
