1 0.110084
2 0.110084
3 0.110084
4 0.110084
5 0.110084
6 0.110084
7 0.107713
8 0.105925
9 0.103721
10 0.102037
11 0.100212
12 0.0987305
13 0.0968205
14 0.0949921
15 0.0931523
16 0.0914396
17 0.0897267
18 0.0882775
19 0.0867392
20 0.0853504
21 0.0839481
22 0.0825642
23 0.0812416
24 0.0800294
25 0.0788239
26 0.0776986
27 0.0766523
28 0.0756146
29 0.0745075
30 0.0736312
31 0.0726218
32 0.0717942
33 0.070893
34 0.0700143
35 0.0691272
36 0.0682953
37 0.0674897
38 0.0668292
39 0.0660714
40 0.0654141
41 0.0647193
42 0.0640715
43 0.0634182
44 0.062817
45 0.0621825
46 0.0615761
47 0.060941
48 0.0604444
49 0.0598887
50 0.0593169
51 0.0587788
52 0.0582793
53 0.0577714
54 0.0572628
55 0.0568328
56 0.056351
57 0.0558522
58 0.0554282
59 0.0550384
60 0.0545595
61 0.0541241
62 0.0536937
63 0.05335
64 0.0528983
65 0.0525178
66 0.052131
67 0.0516731
68 0.0513788
69 0.0510638
70 0.0506357
71 0.0502849
72 0.0499555
73 0.0496532
74 0.0493323
75 0.0489969
76 0.048689
77 0.0484113
78 0.048009
79 0.0477298
80 0.0474586
81 0.0471521
82 0.04696
83 0.0466277
84 0.0463215
85 0.0460105
86 0.0457957
87 0.0455208
88 0.0452845
89 0.0450161
90 0.0447181
91 0.0445274
92 0.0443202
93 0.0440061
94 0.0437612
95 0.0435398
96 0.0432888
97 0.0431444
98 0.0429
99 0.042693
100 0.0424207
101 0.0422024
102 0.0420466
103 0.0417864
104 0.0416075
105 0.0413994
106 0.0411668
107 0.0409923
108 0.0408297
109 0.0405454
110 0.0403586
111 0.0401951
112 0.0400956
113 0.0398051
114 0.0396494
115 0.0394317
116 0.0393085
117 0.0391159
118 0.0388854
119 0.0388041
120 0.0385591
121 0.0384544
122 0.0383011
123 0.0380655
124 0.0379306
125 0.0378298
126 0.0376492
127 0.0374192
128 0.0373169
129 0.0371589
130 0.0369765
131 0.0368444
132 0.0366605
133 0.036575
134 0.0363825
135 0.0362377
136 0.03614
137 0.0359361
138 0.0358417
139 0.0356495
140 0.0355844
141 0.0353865
142 0.0353048
143 0.0351699
144 0.0350378
145 0.0348766
146 0.0347602
147 0.0345471
148 0.0344643
149 0.0343913
150 0.0342251
151 0.0341545
152 0.0339594
153 0.033935
154 0.0337672
155 0.0336272
156 0.0335041
157 0.0334857
158 0.0332693
159 0.0332318
160 0.0330088
161 0.0329468
162 0.0328068
163 0.0326861
164 0.0325975
165 0.0324959
166 0.0324251
167 0.0322641
168 0.0321759
169 0.0320229
170 0.0319569
171 0.0318499
172 0.0317654
173 0.0316342
174 0.0315636
175 0.0314692
176 0.0312823
177 0.0312627
178 0.0311523
179 0.0310901
180 0.0309914
181 0.0308829
182 0.030788
183 0.0306868
184 0.0306047
185 0.030501
186 0.0304154
187 0.0303055
188 0.0301759
189 0.0301711
190 0.0300196
191 0.0299584
192 0.0299
193 0.0297622
194 0.0296574
195 0.029599
196 0.0295225
197 0.0294102
198 0.029397
199 0.029238
200 0.029224
201 0.0291538
202 0.0290624
203 0.0289743
204 0.0288596
205 0.0287819
206 0.0286961
207 0.0286854
208 0.0286072
209 0.0284898
210 0.0284025
211 0.0283162
212 0.0283013
213 0.0281657
214 0.0281257
215 0.0280318
216 0.0279608
217 0.0279101
218 0.0278602
219 0.0277847
220 0.027662
221 0.0276145
222 0.0275721
223 0.0274543
224 0.0274071
225 0.0273263
226 0.0272472
227 0.0271692
228 0.0271015
229 0.0270434
230 0.0269573
231 0.0269104
232 0.0268306
233 0.0267545
234 0.0267188
235 0.0266378
236 0.0265889
237 0.0265539
238 0.0264612
239 0.02639
240 0.0262971
241 0.0262557
242 0.0261864
243 0.0261644
244 0.0260748
245 0.0260267
246 0.0259691
247 0.0258792
248 0.0257966
249 0.0257899
250 0.0257154
251 0.0256551
252 0.0255516
253 0.0255348
254 0.0254467
255 0.0253867
256 0.0253631
257 0.0252811
258 0.0252487
259 0.0251558
260 0.025165
261 0.0250693
262 0.0250249
263 0.0249964
264 0.024945
265 0.024862
266 0.0248282
267 0.0247803
268 0.0246917
269 0.02464
270 0.0246066
271 0.0245506
272 0.0245197
273 0.024446
274 0.0243861
275 0.0243114
276 0.0242982
277 0.0242317
278 0.0241833
279 0.0241154
280 0.0240921
281 0.0240296
282 0.0239494
283 0.0239423
284 0.0238359
285 0.0238097
286 0.0237484
287 0.0237399
288 0.0237221
289 0.0236933
290 0.0235999
291 0.0235154
292 0.02349
293 0.0234946
294 0.0234097
295 0.0233201
296 0.0233006
297 0.0232351
298 0.0231628
299 0.0231706
300 0.0231177
301 0.0230858
302 0.0230137
303 0.0229927
304 0.0229495
305 0.0229239
306 0.0229093
307 0.0228376
308 0.0227281
309 0.022724
310 0.0227199
311 0.0226449
312 0.0226162
313 0.0225786
314 0.0225361
315 0.0224678
316 0.0224481
317 0.0223996
318 0.0223194
319 0.0222842
320 0.0222472
321 0.0221861
322 0.0221673
323 0.022155
324 0.0221065
325 0.0220893
326 0.0220545
327 0.0219895
328 0.021923
329 0.0219287
330 0.0218958
331 0.0218456
332 0.0217495
333 0.0217653
334 0.0217075
335 0.0216691
336 0.0215853
337 0.0216006
338 0.0215345
339 0.021526
340 0.0214773
341 0.0214484
342 0.0214161
343 0.0213719
344 0.0213386
345 0.0213053
346 0.021249
347 0.0212349
348 0.0211757
349 0.0211113
350 0.0211041
351 0.0210819
352 0.0210447
353 0.0210083
354 0.020982
355 0.020944
356 0.0209301
357 0.0208667
358 0.0208004
359 0.020805
360 0.020714
361 0.0207354
362 0.0206768
363 0.0206392
364 0.0206273
365 0.0206134
366 0.0205367
367 0.0205064
368 0.0205198
369 0.0204876
370 0.0204041
371 0.0203423
372 0.0203214
373 0.0203208
374 0.020261
375 0.0202765
376 0.02021
377 0.0202154
378 0.020147
379 0.0201216
380 0.0201005
381 0.0200722
382 0.0199784
383 0.0199971
384 0.0199544
385 0.0199661
386 0.0199266
387 0.0198781
388 0.0198351
389 0.0198335
390 0.019733
391 0.0198072
392 0.0197303
393 0.0197339
394 0.0196479
395 0.0196544
396 0.0196501
397 0.0195847
398 0.0195504
399 0.0195126
400 0.0194692
