1 0.500061
2 0.499682
3 0.499545
4 0.50005
5 0.499131
6 0.500133
7 0.516474
8 0.517324
9 0.523627
10 0.522928
11 0.528154
12 0.528329
13 0.536456
14 0.539109
15 0.542653
16 0.544657
17 0.547121
18 0.548656
19 0.549872
20 0.553669
21 0.554199
22 0.556168
23 0.55781
24 0.558878
25 0.56082
26 0.561335
27 0.562138
28 0.562791
29 0.565103
30 0.565013
31 0.566536
32 0.56811
33 0.569283
34 0.569402
35 0.570304
36 0.570547
37 0.570956
38 0.57111
39 0.572619
40 0.573168
41 0.573551
42 0.574725
43 0.575424
44 0.575382
45 0.576327
46 0.57665
47 0.577252
48 0.577386
49 0.577922
50 0.579055
51 0.578248
52 0.578358
53 0.579386
54 0.580136
55 0.580423
56 0.580698
57 0.580581
58 0.58084
59 0.582211
60 0.581971
61 0.582098
62 0.582553
63 0.581317
64 0.583105
65 0.58293
66 0.584409
67 0.583925
68 0.584132
69 0.583912
70 0.584291
71 0.584309
72 0.586087
73 0.58609
74 0.586257
75 0.586383
76 0.585442
77 0.585844
78 0.586781
79 0.58782
80 0.587519
81 0.587029
82 0.587219
83 0.587714
84 0.588306
85 0.588552
86 0.58796
87 0.588079
88 0.589005
89 0.588831
90 0.589329
91 0.588507
92 0.588974
93 0.589932
94 0.589577
95 0.590011
96 0.589091
97 0.58978
98 0.589842
99 0.590915
100 0.589677
101 0.59078
102 0.591272
103 0.590766
104 0.591071
105 0.590666
106 0.590592
107 0.591539
108 0.591302
109 0.59221
110 0.591721
111 0.591192
112 0.591865
113 0.592368
114 0.591286
115 0.592631
116 0.592612
117 0.5935
118 0.592979
119 0.59283
120 0.593193
121 0.592255
122 0.592973
123 0.593772
124 0.592817
125 0.593595
126 0.594153
127 0.592902
128 0.594
129 0.593636
130 0.593539
131 0.593755
132 0.593336
133 0.593961
134 0.594297
135 0.594705
136 0.59402
137 0.594277
138 0.593792
139 0.595457
140 0.594868
141 0.594819
142 0.593437
143 0.595134
144 0.594751
145 0.59538
146 0.594909
147 0.595071
148 0.595849
149 0.594246
150 0.595785
151 0.595692
152 0.595685
153 0.595403
154 0.59598
155 0.595876
156 0.596134
157 0.594708
158 0.594402
159 0.596674
160 0.596032
161 0.594564
162 0.595459
163 0.596575
164 0.595939
165 0.597009
166 0.597145
167 0.596966
168 0.595835
169 0.597255
170 0.595964
171 0.597383
172 0.595997
173 0.597246
174 0.595784
175 0.596483
176 0.597604
177 0.596307
178 0.597633
179 0.597481
180 0.597391
181 0.597758
182 0.597175
183 0.597239
184 0.597071
185 0.597827
186 0.597559
187 0.59754
188 0.597396
189 0.597594
190 0.597694
191 0.598085
192 0.597509
193 0.597758
194 0.59765
195 0.597998
196 0.598015
197 0.598493
198 0.596483
199 0.598731
200 0.597769
201 0.598628
202 0.597674
203 0.597163
204 0.597529
205 0.597889
206 0.598713
207 0.598278
208 0.599024
209 0.598335
210 0.598304
211 0.598968
212 0.598997
213 0.599224
214 0.597847
215 0.598305
216 0.598726
217 0.599199
218 0.599202
219 0.598733
220 0.598887
221 0.598807
222 0.598963
223 0.598873
224 0.599806
225 0.599334
226 0.598815
227 0.599198
228 0.599812
229 0.599735
230 0.599485
231 0.598981
232 0.599113
233 0.599685
234 0.599037
235 0.599967
236 0.598519
237 0.600529
238 0.599092
239 0.598565
240 0.599579
241 0.600128
242 0.5996
243 0.599702
244 0.599302
245 0.599411
246 0.599586
247 0.599792
248 0.600509
249 0.600997
250 0.599829
251 0.600206
252 0.599893
253 0.600144
254 0.600161
255 0.601014
256 0.599764
257 0.600429
258 0.600198
259 0.600127
260 0.599651
261 0.600296
262 0.599792
263 0.600698
264 0.600848
265 0.599605
266 0.599972
267 0.600739
268 0.600974
269 0.600065
270 0.600507
271 0.601155
272 0.60101
273 0.599759
274 0.601393
275 0.600181
276 0.600688
277 0.601045
278 0.60167
279 0.601491
280 0.600733
281 0.601252
282 0.601317
283 0.600747
284 0.600573
285 0.599772
286 0.600393
287 0.601454
288 0.60114
289 0.600793
290 0.601711
291 0.600478
292 0.600773
293 0.601599
294 0.601513
295 0.600571
296 0.600502
297 0.601751
298 0.600858
299 0.600789
300 0.601105
301 0.601359
302 0.601873
303 0.601817
304 0.600955
305 0.601314
306 0.601156
307 0.600296
308 0.601585
309 0.601874
310 0.601787
311 0.601566
312 0.601739
313 0.601597
314 0.601731
315 0.601768
316 0.602028
317 0.602354
318 0.600864
319 0.602181
320 0.601101
321 0.601683
322 0.602494
323 0.601018
324 0.601877
325 0.600508
326 0.601433
327 0.602172
328 0.60075
329 0.602116
330 0.600047
331 0.601995
332 0.601885
333 0.602671
334 0.601762
335 0.602448
336 0.60164
337 0.601261
338 0.601929
339 0.602919
340 0.602922
341 0.601915
342 0.602029
343 0.60193
344 0.602415
345 0.602211
346 0.601804
347 0.601787
348 0.602159
349 0.602267
350 0.602246
351 0.601932
352 0.601913
353 0.601242
354 0.601097
355 0.602047
356 0.60199
357 0.602673
358 0.602797
359 0.602175
360 0.602039
361 0.602548
362 0.602187
363 0.602251
364 0.602198
365 0.601462
366 0.602275
367 0.603452
368 0.602681
369 0.602194
370 0.602844
371 0.602026
372 0.603328
373 0.602908
374 0.60324
375 0.602767
376 0.60299
377 0.60222
378 0.601749
379 0.602551
380 0.602613
381 0.603319
382 0.601719
383 0.602256
384 0.602051
385 0.60265
386 0.602902
387 0.60261
388 0.60288
389 0.602585
390 0.602205
391 0.603682
392 0.603276
393 0.602751
394 0.602791
395 0.602643
396 0.601993
397 0.602914
398 0.603634
399 0.603468
400 0.602129
