1 0.500061
2 0.499933
3 0.500195
4 0.500175
5 0.499981
6 0.500081
7 0.502436
8 0.504135
9 0.506515
10 0.5079
11 0.509872
12 0.511221
13 0.513341
14 0.515094
15 0.516921
16 0.518562
17 0.520312
18 0.521802
19 0.523244
20 0.524741
21 0.526077
22 0.527573
23 0.528937
24 0.530099
25 0.53133
26 0.532438
27 0.533471
28 0.534497
29 0.535616
30 0.536483
31 0.537526
32 0.538405
33 0.539262
34 0.540125
35 0.541016
36 0.541901
37 0.542658
38 0.543281
39 0.543976
40 0.544741
41 0.5454
42 0.546052
43 0.546724
44 0.547292
45 0.54797
46 0.548574
47 0.549251
48 0.549657
49 0.550205
50 0.550765
51 0.551251
52 0.551838
53 0.552298
54 0.552826
55 0.553239
56 0.553756
57 0.554175
58 0.554715
59 0.555097
60 0.555549
61 0.556076
62 0.556422
63 0.55677
64 0.557245
65 0.557584
66 0.557976
67 0.558428
68 0.558733
69 0.559082
70 0.559546
71 0.559872
72 0.560216
73 0.560519
74 0.5608
75 0.561128
76 0.561448
77 0.561712
78 0.562105
79 0.562421
80 0.562672
81 0.562974
82 0.563149
83 0.563508
84 0.563806
85 0.564112
86 0.564311
87 0.564621
88 0.564853
89 0.565126
90 0.56549
91 0.565603
92 0.565752
93 0.566151
94 0.566372
95 0.566642
96 0.566891
97 0.566985
98 0.567269
99 0.567414
100 0.567739
101 0.567973
102 0.568085
103 0.568353
104 0.56854
105 0.568751
106 0.568976
107 0.569142
108 0.569287
109 0.569599
110 0.569788
111 0.569926
112 0.570071
113 0.570375
114 0.570509
115 0.57071
116 0.570805
117 0.571012
118 0.571213
119 0.57135
120 0.571599
121 0.571744
122 0.571861
123 0.57207
124 0.572202
125 0.572304
126 0.572507
127 0.572686
128 0.572811
129 0.573009
130 0.57314
131 0.573301
132 0.573477
133 0.573596
134 0.573764
135 0.573901
136 0.574005
137 0.57421
138 0.574319
139 0.574515
140 0.574569
141 0.57479
142 0.574857
143 0.574952
144 0.575085
145 0.575273
146 0.575421
147 0.575638
148 0.575677
149 0.575729
150 0.575905
151 0.576009
152 0.576149
153 0.576184
154 0.57636
155 0.576544
156 0.576655
157 0.576644
158 0.57687
159 0.576926
160 0.577109
161 0.5772
162 0.577314
163 0.577429
164 0.577526
165 0.577644
166 0.577728
167 0.577906
168 0.577984
169 0.578132
170 0.578126
171 0.578247
172 0.578381
173 0.578501
174 0.57858
175 0.578666
176 0.57887
177 0.578878
178 0.578982
179 0.579016
180 0.579155
181 0.579236
182 0.579359
183 0.579498
184 0.579551
185 0.579643
186 0.579714
187 0.579822
188 0.579984
189 0.579947
190 0.58013
191 0.580193
192 0.580244
193 0.580376
194 0.580501
195 0.580549
196 0.580605
197 0.580748
198 0.580764
199 0.580912
200 0.580923
201 0.581002
202 0.581073
203 0.581145
204 0.581316
205 0.581335
206 0.581456
207 0.581463
208 0.581528
209 0.581664
210 0.581737
211 0.581829
212 0.581832
213 0.581956
214 0.582008
215 0.582084
216 0.582167
217 0.582203
218 0.582287
219 0.582361
220 0.582487
221 0.582539
222 0.582567
223 0.582697
224 0.582721
225 0.582812
226 0.582902
227 0.582941
228 0.583053
229 0.583081
230 0.583197
231 0.583218
232 0.583334
233 0.583374
234 0.583444
235 0.583519
236 0.583533
237 0.583601
238 0.583687
239 0.58376
240 0.583835
241 0.583886
242 0.58398
243 0.583987
244 0.584083
245 0.58413
246 0.584185
247 0.584273
248 0.58433
249 0.584355
250 0.584416
251 0.584481
252 0.584604
253 0.584604
254 0.584705
255 0.584684
256 0.584786
257 0.584934
258 0.58491
259 0.585009
260 0.584987
261 0.585086
262 0.585103
263 0.585159
264 0.585194
265 0.585278
266 0.585321
267 0.58537
268 0.585451
269 0.585491
270 0.58552
271 0.585603
272 0.585616
273 0.585668
274 0.58574
275 0.585844
276 0.585868
277 0.585898
278 0.585977
279 0.586024
280 0.586075
281 0.586113
282 0.58621
283 0.586209
284 0.586314
285 0.586335
286 0.586402
287 0.58642
288 0.586429
289 0.586467
290 0.586541
291 0.586639
292 0.58667
293 0.586643
294 0.586733
295 0.586807
296 0.586844
297 0.586918
298 0.58696
299 0.586962
300 0.587011
301 0.58706
302 0.587124
303 0.587156
304 0.587197
305 0.587194
306 0.587215
307 0.587343
308 0.587424
309 0.587436
310 0.587411
311 0.587465
312 0.587507
313 0.58758
314 0.587605
315 0.587685
316 0.587681
317 0.587752
318 0.58779
319 0.58784
320 0.587884
321 0.587944
322 0.587979
323 0.587997
324 0.588012
325 0.588036
326 0.588091
327 0.588147
328 0.588229
329 0.588187
330 0.58822
331 0.588307
332 0.588385
333 0.588361
334 0.588429
335 0.588467
336 0.588541
337 0.588535
338 0.588595
339 0.588618
340 0.588656
341 0.58872
342 0.588718
343 0.588765
344 0.588793
345 0.588815
346 0.588899
347 0.588892
348 0.588972
349 0.589021
350 0.589036
351 0.589042
352 0.589101
353 0.589121
354 0.589134
355 0.589203
356 0.589221
357 0.589256
358 0.589343
359 0.589328
360 0.589419
361 0.589389
362 0.589431
363 0.589523
364 0.58951
365 0.589522
366 0.589604
367 0.589629
368 0.589612
369 0.589642
370 0.589744
371 0.589783
372 0.589817
373 0.5898
374 0.589897
375 0.589864
376 0.589928
377 0.589898
378 0.589984
379 0.589997
380 0.590033
381 0.59005
382 0.590151
383 0.59013
384 0.590172
385 0.590179
386 0.590205
387 0.59026
388 0.590297
389 0.5903
390 0.590414
391 0.590319
392 0.590388
393 0.590394
394 0.590486
395 0.590468
396 0.590468
397 0.59055
398 0.590547
399 0.59064
400 0.590654
