1 0.333506
2 0.333506
3 0.333506
4 0.333506
5 0.333506
6 0.333515
7 0.333482
8 0.347866
9 0.333238
10 0.359182
11 0.376656
12 0.389214
13 0.399012
14 0.408877
15 0.417337
16 0.425347
17 0.432822
18 0.439544
19 0.445946
20 0.452493
21 0.457775
22 0.463565
23 0.468723
24 0.473516
25 0.478132
26 0.48232
27 0.48669
28 0.490684
29 0.49474
30 0.498462
31 0.501619
32 0.505536
33 0.509322
34 0.511911
35 0.515325
36 0.517922
37 0.520879
38 0.524343
39 0.526906
40 0.529374
41 0.532313
42 0.53472
43 0.536451
44 0.539168
45 0.541382
46 0.543787
47 0.546148
48 0.548225
49 0.550357
50 0.551989
51 0.554352
52 0.556044
53 0.558149
54 0.560405
55 0.561281
56 0.563587
57 0.565306
58 0.56691
59 0.568198
60 0.570161
61 0.572056
62 0.57291
63 0.574581
64 0.576395
65 0.577216
66 0.580034
67 0.580198
68 0.582154
69 0.583266
70 0.584934
71 0.585435
72 0.586349
73 0.588821
74 0.589469
75 0.590723
76 0.592196
77 0.593556
78 0.594498
79 0.59593
80 0.597332
81 0.597898
82 0.598363
83 0.599995
84 0.601161
85 0.602647
86 0.603884
87 0.603873
88 0.605181
89 0.605891
90 0.606932
91 0.608064
92 0.608743
93 0.610146
94 0.610559
95 0.612084
96 0.612666
97 0.61339
98 0.614857
99 0.616064
100 0.616525
101 0.617027
102 0.618618
103 0.618604
104 0.619811
105 0.620488
106 0.620556
107 0.622887
108 0.622319
109 0.623698
110 0.624384
111 0.625604
112 0.625574
113 0.626873
114 0.62718
115 0.627453
116 0.628579
117 0.629017
118 0.630208
119 0.630394
120 0.631142
121 0.631829
122 0.632742
123 0.632565
124 0.634208
125 0.634369
126 0.635297
127 0.635538
128 0.635616
129 0.636949
130 0.637275
131 0.637869
132 0.638611
133 0.640213
134 0.639581
135 0.640291
136 0.641475
137 0.640806
138 0.642113
139 0.64242
140 0.644008
141 0.64368
142 0.643574
143 0.644985
144 0.645396
145 0.645991
146 0.646562
147 0.646177
148 0.646773
149 0.6477
150 0.648426
151 0.649238
152 0.649044
153 0.650024
154 0.65024
155 0.650579
156 0.650936
157 0.65101
158 0.651776
159 0.652437
160 0.652997
161 0.653459
162 0.653655
163 0.654297
164 0.654383
165 0.654879
166 0.656138
167 0.656954
168 0.65617
169 0.657066
170 0.658391
171 0.657977
172 0.657762
173 0.658847
174 0.659715
175 0.659785
176 0.660178
177 0.660676
178 0.660014
179 0.660642
180 0.661411
181 0.66158
182 0.662386
183 0.662479
184 0.662493
185 0.663334
186 0.663053
187 0.664092
188 0.664739
189 0.6648
190 0.666238
191 0.664958
192 0.666095
193 0.665686
194 0.666163
195 0.666257
196 0.666456
197 0.667727
198 0.667389
199 0.66879
200 0.668556
201 0.668975
202 0.668983
203 0.669595
204 0.669814
205 0.669647
206 0.669785
207 0.670463
208 0.670932
209 0.671261
210 0.671627
211 0.67176
212 0.672019
213 0.672315
214 0.672444
215 0.672533
216 0.674006
217 0.673856
218 0.673548
219 0.674851
220 0.673968
221 0.674235
222 0.675245
223 0.674604
224 0.675153
225 0.676119
226 0.675481
227 0.676463
228 0.677539
229 0.676832
230 0.677498
231 0.677156
232 0.678674
233 0.678106
234 0.678313
235 0.678679
236 0.67896
237 0.67932
238 0.679476
239 0.679898
240 0.679828
241 0.679737
242 0.6805
243 0.680105
244 0.680967
245 0.680679
246 0.680673
247 0.681329
248 0.681403
249 0.682258
250 0.681991
251 0.682511
252 0.682589
253 0.682225
254 0.683745
255 0.683631
256 0.683474
257 0.683955
258 0.684031
259 0.683958
260 0.684475
261 0.684654
262 0.684637
263 0.685111
264 0.685107
265 0.685639
266 0.68587
267 0.686199
268 0.686829
269 0.686602
270 0.686729
271 0.686877
272 0.687397
273 0.686761
274 0.687534
275 0.687957
276 0.688678
277 0.688499
278 0.68828
279 0.688548
280 0.688861
281 0.689264
282 0.688803
283 0.68936
284 0.689661
285 0.689121
286 0.690162
287 0.689582
288 0.690042
289 0.689835
290 0.691244
291 0.690498
292 0.690872
293 0.691561
294 0.691266
295 0.691514
296 0.692064
297 0.692494
298 0.692141
299 0.692338
300 0.692219
301 0.692527
302 0.692524
303 0.693747
304 0.6932
305 0.693671
306 0.693787
307 0.693368
308 0.695257
309 0.693669
310 0.694006
311 0.693969
312 0.694755
313 0.694639
314 0.694636
315 0.694867
316 0.69493
317 0.69556
318 0.694918
319 0.696004
320 0.696756
321 0.696331
322 0.695738
323 0.696645
324 0.696922
325 0.697239
326 0.697214
327 0.697824
328 0.696983
329 0.698146
330 0.697904
331 0.69739
332 0.698081
333 0.698267
334 0.698609
335 0.698109
336 0.699276
337 0.69822
338 0.698827
339 0.699402
340 0.699019
341 0.699556
342 0.698545
343 0.699758
344 0.699975
345 0.699806
346 0.699576
347 0.69997
348 0.699847
349 0.7004
350 0.700353
351 0.700125
352 0.700162
353 0.700981
354 0.701238
355 0.702143
356 0.701524
357 0.701764
358 0.70114
359 0.701769
360 0.70205
361 0.701573
362 0.701857
363 0.701606
364 0.702876
365 0.702371
366 0.702171
367 0.703019
368 0.702997
369 0.703051
370 0.703581
371 0.702822
372 0.703487
373 0.703735
374 0.703546
375 0.703662
376 0.703722
377 0.704883
378 0.704347
379 0.703626
380 0.704388
381 0.704907
382 0.704702
383 0.704746
384 0.704971
385 0.704929
386 0.705219
387 0.705024
388 0.705808
389 0.70571
390 0.706091
391 0.705632
392 0.704516
393 0.705418
394 0.706408
395 0.70634
396 0.706671
397 0.707054
398 0.706666
399 0.706917
400 0.707379
