1 0.333506
2 0.333506
3 0.333506
4 0.333506
5 0.333506
6 0.333506
7 0.333506
8 0.32112
9 0.217575
10 0.261961
11 0.309325
12 0.320767
13 0.328242
14 0.332053
15 0.336114
16 0.339718
17 0.344049
18 0.346184
19 0.351651
20 0.353632
21 0.358578
22 0.360284
23 0.363731
24 0.367745
25 0.370405
26 0.372201
27 0.375626
28 0.378479
29 0.380703
30 0.384421
31 0.385862
32 0.389851
33 0.391174
34 0.394916
35 0.394428
36 0.399377
37 0.400011
38 0.403211
39 0.404884
40 0.406962
41 0.408458
42 0.409901
43 0.411052
44 0.414052
45 0.416578
46 0.417737
47 0.419258
48 0.421869
49 0.423211
50 0.424562
51 0.425121
52 0.42668
53 0.428432
54 0.429999
55 0.430227
56 0.432454
57 0.433968
58 0.435399
59 0.435988
60 0.436698
61 0.438905
62 0.439317
63 0.440697
64 0.441688
65 0.442271
66 0.443659
67 0.444663
68 0.445119
69 0.44629
70 0.447231
71 0.44823
72 0.449114
73 0.449952
74 0.450824
75 0.452447
76 0.452171
77 0.453594
78 0.454639
79 0.455272
80 0.456464
81 0.456214
82 0.457927
83 0.458779
84 0.458361
85 0.460442
86 0.460597
87 0.461475
88 0.460462
89 0.462776
90 0.462945
91 0.46339
92 0.464585
93 0.465438
94 0.466308
95 0.465752
96 0.467706
97 0.466855
98 0.467972
99 0.469331
100 0.470236
101 0.470125
102 0.470292
103 0.471723
104 0.47123
105 0.47235
106 0.472273
107 0.473022
108 0.473731
109 0.473937
110 0.47444
111 0.476334
112 0.475767
113 0.476989
114 0.476679
115 0.476686
116 0.476775
117 0.478501
118 0.478524
119 0.478254
120 0.479364
121 0.479802
122 0.480883
123 0.48091
124 0.4803
125 0.481316
126 0.481657
127 0.482306
128 0.482541
129 0.482979
130 0.483274
131 0.483733
132 0.483774
133 0.484561
134 0.484684
135 0.484979
136 0.484949
137 0.486641
138 0.485315
139 0.486785
140 0.486054
141 0.486904
142 0.48751
143 0.487638
144 0.487441
145 0.488245
146 0.488831
147 0.489106
148 0.488498
149 0.490526
150 0.4899
151 0.490446
152 0.490912
153 0.490706
154 0.490828
155 0.491742
156 0.490805
157 0.491607
158 0.491953
159 0.492181
160 0.49178
161 0.492722
162 0.493853
163 0.493232
164 0.493955
165 0.493933
166 0.494446
167 0.495191
168 0.494229
169 0.495186
170 0.49498
171 0.495891
172 0.495236
173 0.495674
174 0.496952
175 0.496787
176 0.496503
177 0.496505
178 0.496907
179 0.496988
180 0.497547
181 0.49801
182 0.498129
183 0.498344
184 0.497913
185 0.498122
186 0.498275
187 0.498763
188 0.49884
189 0.499157
190 0.499757
191 0.500196
192 0.499745
193 0.500082
194 0.499788
195 0.500594
196 0.501314
197 0.501504
198 0.501915
199 0.501949
200 0.501198
201 0.500803
202 0.501415
203 0.501051
204 0.502338
205 0.502683
206 0.502692
207 0.502799
208 0.502392
209 0.50349
210 0.502381
211 0.503816
212 0.503101
213 0.503753
214 0.503803
215 0.503861
216 0.504284
217 0.503578
218 0.504418
219 0.505407
220 0.504845
221 0.504976
222 0.50517
223 0.504742
224 0.50529
225 0.505123
226 0.505059
227 0.505808
228 0.506148
229 0.506378
230 0.506257
231 0.505693
232 0.506123
233 0.506103
234 0.506166
235 0.507323
236 0.507516
237 0.507606
238 0.507569
239 0.507154
240 0.507313
241 0.507684
242 0.507638
243 0.508362
244 0.508158
245 0.508601
246 0.508504
247 0.508602
248 0.507925
249 0.50981
250 0.508947
251 0.508182
252 0.508947
253 0.509243
254 0.509742
255 0.510243
256 0.509762
257 0.510044
258 0.50949
259 0.510544
260 0.510258
261 0.510241
262 0.510319
263 0.51008
264 0.510359
265 0.509912
266 0.510237
267 0.510771
268 0.511564
269 0.510161
270 0.510894
271 0.51089
272 0.511048
273 0.510222
274 0.511283
275 0.512019
276 0.511776
277 0.511783
278 0.511549
279 0.512908
280 0.511699
281 0.513043
282 0.51262
283 0.513003
284 0.512224
285 0.51232
286 0.512945
287 0.512299
288 0.511982
289 0.512871
290 0.51313
291 0.513546
292 0.513469
293 0.513372
294 0.513696
295 0.51417
296 0.514048
297 0.51452
298 0.513621
299 0.513386
300 0.513508
301 0.51446
302 0.513805
303 0.514408
304 0.513929
305 0.513773
306 0.514531
307 0.515011
308 0.514624
309 0.514743
310 0.514153
311 0.514081
312 0.514922
313 0.51537
314 0.514418
315 0.51525
316 0.515868
317 0.514519
318 0.515059
319 0.516257
320 0.516086
321 0.515783
322 0.516005
323 0.516
324 0.516559
325 0.515455
326 0.51674
327 0.515587
328 0.516665
329 0.515999
330 0.516125
331 0.516614
332 0.517048
333 0.516249
334 0.516871
335 0.516097
336 0.517888
337 0.516663
338 0.516623
339 0.517202
340 0.517241
341 0.516992
342 0.517162
343 0.517418
344 0.516728
345 0.516999
346 0.517339
347 0.517797
348 0.51696
349 0.517219
350 0.517986
351 0.517821
352 0.518171
353 0.518312
354 0.517895
355 0.518678
356 0.517763
357 0.518958
358 0.517371
359 0.518564
360 0.518393
361 0.51891
362 0.517194
363 0.518808
364 0.518226
365 0.517672
366 0.518792
367 0.518244
368 0.518352
369 0.518863
370 0.518805
371 0.519633
372 0.519464
373 0.519514
374 0.518507
375 0.519638
376 0.518878
377 0.519483
378 0.519993
379 0.519636
380 0.519402
381 0.518864
382 0.519256
383 0.518657
384 0.519775
385 0.518913
386 0.520015
387 0.519476
388 0.519769
389 0.519983
390 0.519687
391 0.51994
392 0.51979
393 0.520075
394 0.519813
395 0.520638
396 0.520421
397 0.520695
398 0.519549
399 0.520974
400 0.521071
