1 0.500502
2 0.500481
3 0.500599
4 0.500681
5 0.500624
6 0.500655
7 0.512804
8 0.521343
9 0.530182
10 0.537223
11 0.542382
12 0.546387
13 0.551303
14 0.556564
15 0.560895
16 0.565184
17 0.569138
18 0.572922
19 0.576544
20 0.579667
21 0.582835
22 0.585508
23 0.58808
24 0.590609
25 0.592858
26 0.594888
27 0.596963
28 0.598838
29 0.600531
30 0.602365
31 0.603899
32 0.605249
33 0.606815
34 0.608202
35 0.609469
36 0.610565
37 0.611865
38 0.613005
39 0.613884
40 0.614947
41 0.615925
42 0.616858
43 0.617706
44 0.618454
45 0.619332
46 0.620287
47 0.620914
48 0.621701
49 0.622437
50 0.623054
51 0.623676
52 0.624414
53 0.625032
54 0.625456
55 0.626144
56 0.626691
57 0.627271
58 0.627734
59 0.628264
60 0.628785
61 0.629292
62 0.629664
63 0.630162
64 0.630498
65 0.63092
66 0.631401
67 0.631808
68 0.632244
69 0.632631
70 0.632971
71 0.63336
72 0.633642
73 0.634092
74 0.634386
75 0.634701
76 0.635038
77 0.635333
78 0.635543
79 0.635938
80 0.636175
81 0.636516
82 0.636785
83 0.636991
84 0.637345
85 0.637596
86 0.637738
87 0.637983
88 0.638375
89 0.638508
90 0.638823
91 0.63903
92 0.639159
93 0.639395
94 0.639685
95 0.639947
96 0.640047
97 0.640315
98 0.640537
99 0.640667
100 0.640868
101 0.641024
102 0.641285
103 0.641404
104 0.641635
105 0.641811
106 0.641959
107 0.642099
108 0.642285
109 0.64254
110 0.642573
111 0.642727
112 0.642884
113 0.643058
114 0.643284
115 0.643352
116 0.643537
117 0.643643
118 0.643823
119 0.643918
120 0.644031
121 0.644252
122 0.644343
123 0.644487
124 0.644683
125 0.644753
126 0.644895
127 0.644982
128 0.645134
129 0.645234
130 0.645341
131 0.645525
132 0.645622
133 0.645735
134 0.6458
135 0.64599
136 0.646012
137 0.646208
138 0.646241
139 0.64637
140 0.646461
141 0.646564
142 0.646679
143 0.646802
144 0.646849
145 0.647008
146 0.647047
147 0.647188
148 0.647198
149 0.647269
150 0.647446
151 0.647473
152 0.647583
153 0.6477
154 0.647772
155 0.647889
156 0.647923
157 0.648014
158 0.6481
159 0.648217
160 0.648244
161 0.648388
162 0.648451
163 0.648529
164 0.648577
165 0.648634
166 0.648724
167 0.648783
168 0.648884
169 0.648899
170 0.649094
171 0.649052
172 0.649136
173 0.649204
174 0.649322
175 0.649341
176 0.649407
177 0.649469
178 0.649613
179 0.649659
180 0.649702
181 0.649746
182 0.649852
183 0.64991
184 0.649953
185 0.650011
186 0.650007
187 0.650158
188 0.650201
189 0.650208
190 0.65032
191 0.650336
192 0.650433
193 0.65058
194 0.650536
195 0.65055
196 0.650653
197 0.650708
198 0.650763
199 0.650824
200 0.650824
201 0.650955
202 0.650907
203 0.651005
204 0.651054
205 0.651151
206 0.651172
207 0.651207
208 0.651297
209 0.651312
210 0.651407
211 0.651434
212 0.651462
213 0.651512
214 0.651542
215 0.651635
216 0.651612
217 0.651661
218 0.651781
219 0.651815
220 0.651798
221 0.651876
222 0.651882
223 0.651948
224 0.651959
225 0.651986
226 0.652036
227 0.652114
228 0.652139
229 0.652205
230 0.652222
231 0.652292
232 0.652335
233 0.652338
234 0.652393
235 0.652414
236 0.652418
237 0.652552
238 0.652566
239 0.652528
240 0.652602
241 0.652695
242 0.652672
243 0.652688
244 0.652793
245 0.652769
246 0.652865
247 0.652907
248 0.652902
249 0.652966
250 0.653023
251 0.653008
252 0.653062
253 0.65314
254 0.653139
255 0.653156
256 0.653207
257 0.653207
258 0.653264
259 0.653254
260 0.653281
261 0.653355
262 0.6534
263 0.653361
264 0.653359
265 0.653475
266 0.65355
267 0.65349
268 0.653569
269 0.653552
270 0.653588
271 0.653645
272 0.653728
273 0.653695
274 0.653728
275 0.653763
276 0.653784
277 0.653846
278 0.653878
279 0.653913
280 0.653898
281 0.653958
282 0.65398
283 0.654019
284 0.654005
285 0.654058
286 0.654103
287 0.654094
288 0.654114
289 0.654096
290 0.654195
291 0.654212
292 0.654293
293 0.654244
294 0.654315
295 0.654303
296 0.654314
297 0.654361
298 0.654421
299 0.654436
300 0.65446
301 0.654416
302 0.654461
303 0.654541
304 0.654535
305 0.654519
306 0.654553
307 0.654616
308 0.654625
309 0.654697
310 0.654656
311 0.654693
312 0.654713
313 0.654743
314 0.654804
315 0.654782
316 0.65484
317 0.654843
318 0.65486
319 0.654919
320 0.654939
321 0.654909
322 0.654968
323 0.654942
324 0.654985
325 0.655011
326 0.655056
327 0.655031
328 0.65508
329 0.655076
330 0.655113
331 0.655125
332 0.655149
333 0.655158
334 0.655157
335 0.655181
336 0.655222
337 0.655249
338 0.655239
339 0.655293
340 0.655336
341 0.655297
342 0.655331
343 0.655336
344 0.655356
345 0.655406
346 0.655373
347 0.655378
348 0.655463
349 0.655453
350 0.655473
351 0.655508
352 0.655561
353 0.65558
354 0.655618
355 0.655608
356 0.655579
357 0.655613
358 0.655622
359 0.65565
360 0.655688
361 0.655639
362 0.655696
363 0.655686
364 0.655731
365 0.655745
366 0.655769
367 0.655792
368 0.655864
369 0.655799
370 0.65576
371 0.65584
372 0.655865
373 0.655891
374 0.655883
375 0.655937
376 0.655899
377 0.655956
378 0.655967
379 0.655956
380 0.655988
381 0.655962
382 0.656076
383 0.656006
384 0.656043
385 0.656056
386 0.656121
387 0.656051
388 0.656099
389 0.656138
390 0.656161
391 0.656148
392 0.656168
393 0.656217
394 0.656232
395 0.656248
396 0.656216
397 0.656221
398 0.656287
399 0.65629
400 0.656219
