1 0.500502
2 0.500786
3 0.49999
4 0.500498
5 0.500368
6 0.499847
7 0.584245
8 0.583831
9 0.600375
10 0.599882
11 0.595592
12 0.5895
13 0.611691
14 0.621959
15 0.621871
16 0.629932
17 0.63387
18 0.636459
19 0.640434
20 0.641569
21 0.643151
22 0.642879
23 0.645917
24 0.646617
25 0.646534
26 0.647836
27 0.649428
28 0.650334
29 0.649022
30 0.651001
31 0.651834
32 0.651003
33 0.651615
34 0.652344
35 0.652454
36 0.652359
37 0.654129
38 0.654328
39 0.653627
40 0.653999
41 0.654335
42 0.655038
43 0.655504
44 0.65548
45 0.655483
46 0.654688
47 0.655541
48 0.65604
49 0.655969
50 0.656323
51 0.655798
52 0.657613
53 0.657282
54 0.656294
55 0.657088
56 0.657371
57 0.657364
58 0.657475
59 0.657405
60 0.657986
61 0.657246
62 0.65815
63 0.657837
64 0.657482
65 0.658007
66 0.657721
67 0.658337
68 0.659357
69 0.658358
70 0.65847
71 0.658838
72 0.658837
73 0.657789
74 0.658431
75 0.65831
76 0.658809
77 0.658917
78 0.658994
79 0.658966
80 0.659369
81 0.658935
82 0.658941
83 0.659447
84 0.658671
85 0.659317
86 0.659735
87 0.659474
88 0.659645
89 0.659331
90 0.659369
91 0.660002
92 0.659144
93 0.659387
94 0.659745
95 0.659765
96 0.659438
97 0.659861
98 0.660183
99 0.659957
100 0.660706
101 0.660518
102 0.660514
103 0.660315
104 0.659931
105 0.660281
106 0.659626
107 0.660254
108 0.659556
109 0.660159
110 0.65967
111 0.659706
112 0.660447
113 0.660144
114 0.660467
115 0.660099
116 0.659895
117 0.659552
118 0.659738
119 0.660428
120 0.660473
121 0.661003
122 0.661601
123 0.660107
124 0.661108
125 0.661197
126 0.660754
127 0.660735
128 0.660643
129 0.660578
130 0.660424
131 0.660729
132 0.660493
133 0.661228
134 0.660547
135 0.661116
136 0.661495
137 0.660205
138 0.660212
139 0.6611
140 0.66075
141 0.660067
142 0.661073
143 0.660317
144 0.661051
145 0.661081
146 0.660918
147 0.660818
148 0.661529
149 0.661449
150 0.660832
151 0.661371
152 0.66094
153 0.660403
154 0.660708
155 0.661649
156 0.660638
157 0.661653
158 0.661166
159 0.659947
160 0.661088
161 0.66092
162 0.661403
163 0.661302
164 0.661798
165 0.661467
166 0.661119
167 0.660552
168 0.661151
169 0.660858
170 0.661724
171 0.660368
172 0.661039
173 0.66097
174 0.660908
175 0.661456
176 0.66099
177 0.661854
178 0.661377
179 0.661131
180 0.660829
181 0.661372
182 0.66124
183 0.661214
184 0.660641
185 0.662048
186 0.661693
187 0.661744
188 0.661375
189 0.66112
190 0.661306
191 0.661244
192 0.66093
193 0.66142
194 0.661937
195 0.660712
196 0.661411
197 0.661321
198 0.662107
199 0.661471
200 0.661786
201 0.661785
202 0.6617
203 0.661432
204 0.662132
205 0.660937
206 0.661437
207 0.661342
208 0.660504
209 0.661574
210 0.660731
211 0.66085
212 0.661355
213 0.661663
214 0.661042
215 0.661397
216 0.661748
217 0.661333
218 0.661697
219 0.661384
220 0.662041
221 0.661258
222 0.661157
223 0.66161
224 0.661087
225 0.661701
226 0.661976
227 0.662017
228 0.661157
229 0.661465
230 0.660645
231 0.661347
232 0.661745
233 0.661701
234 0.660978
235 0.66215
236 0.661611
237 0.661947
238 0.661748
239 0.662077
240 0.66173
241 0.66141
242 0.661772
243 0.662003
244 0.661955
245 0.661425
246 0.661661
247 0.660991
248 0.662018
249 0.6616
250 0.661853
251 0.661664
252 0.661865
253 0.661474
254 0.661528
255 0.661549
256 0.66165
257 0.662139
258 0.661226
259 0.662491
260 0.661546
261 0.661779
262 0.662391
263 0.66178
264 0.661962
265 0.660632
266 0.661598
267 0.661675
268 0.661883
269 0.662247
270 0.662024
271 0.661282
272 0.662585
273 0.661015
274 0.662448
275 0.661333
276 0.66104
277 0.661332
278 0.661398
279 0.662305
280 0.661764
281 0.661782
282 0.66134
283 0.662316
284 0.660988
285 0.662128
286 0.661837
287 0.662079
288 0.661603
289 0.661356
290 0.661573
291 0.661545
292 0.662766
293 0.661024
294 0.662125
295 0.661243
296 0.66095
297 0.662316
298 0.661498
299 0.661707
300 0.661639
301 0.662004
302 0.661943
303 0.661485
304 0.66202
305 0.662281
306 0.661085
307 0.662004
308 0.661897
309 0.661796
310 0.660505
311 0.661688
312 0.661465
313 0.662589
314 0.661776
315 0.662317
316 0.661778
317 0.661913
318 0.66209
319 0.661394
320 0.661398
321 0.661646
322 0.661767
323 0.661584
324 0.661772
325 0.662064
326 0.662174
327 0.66121
328 0.660825
329 0.661661
330 0.661858
331 0.661485
332 0.662242
333 0.66232
334 0.66135
335 0.662198
336 0.662155
337 0.662343
338 0.661946
339 0.662341
340 0.661844
341 0.661769
342 0.661691
343 0.662021
344 0.661296
345 0.661371
346 0.661878
347 0.661805
348 0.66215
349 0.662063
350 0.662249
351 0.662002
352 0.6619
353 0.66237
354 0.661901
355 0.660831
356 0.661825
357 0.661764
358 0.662137
359 0.661923
360 0.66232
361 0.661953
362 0.662056
363 0.661337
364 0.662108
365 0.661465
366 0.661329
367 0.661291
368 0.66154
369 0.662
370 0.661774
371 0.662259
372 0.662307
373 0.662055
374 0.66168
375 0.662201
376 0.66255
377 0.662256
378 0.661977
379 0.662236
380 0.661326
381 0.6623
382 0.661645
383 0.661871
384 0.662203
385 0.661226
386 0.662454
387 0.661888
388 0.661788
389 0.661634
390 0.661737
391 0.662019
392 0.663079
393 0.662189
394 0.661943
395 0.662172
396 0.661183
397 0.662803
398 0.662097
399 0.661374
400 0.662145
