1 0.166478
2 0.166478
3 0.166478
4 0.166478
5 0.166478
6 0.166478
7 0.0832207
8 0.0833863
9 0.0667725
10 0.0667558
11 0.0714872
12 0.0773775
13 0.0546448
14 0.0457833
15 0.0452333
16 0.0361952
17 0.0332972
18 0.0303958
19 0.0263854
20 0.0256128
21 0.0240195
22 0.0240429
23 0.0211777
24 0.0206606
25 0.0208673
26 0.0189609
27 0.0181662
28 0.0177852
29 0.0176328
30 0.01641
31 0.0161083
32 0.0160408
33 0.0150516
34 0.0147261
35 0.0146532
36 0.0145526
37 0.0135885
38 0.013531
39 0.0133976
40 0.0128608
41 0.0125785
42 0.0124763
43 0.0119468
44 0.0118344
45 0.0116985
46 0.0117927
47 0.0113103
48 0.0111507
49 0.0111377
50 0.0107146
51 0.0107006
52 0.0106049
53 0.0105292
54 0.0101901
55 0.0101421
56 0.01009
57 0.00977065
58 0.00975279
59 0.0097615
60 0.00940146
61 0.00936275
62 0.0094417
63 0.00936352
64 0.00911452
65 0.00903198
66 0.00905113
67 0.00880819
68 0.00874007
69 0.00875721
70 0.00860194
71 0.00851751
72 0.00851297
73 0.00856326
74 0.00833172
75 0.00829187
76 0.00827573
77 0.00817822
78 0.00810722
79 0.00814252
80 0.00816089
81 0.00792228
82 0.00789984
83 0.00788184
84 0.00775329
85 0.00774134
86 0.00785485
87 0.00766431
88 0.00762959
89 0.0076697
90 0.00761058
91 0.00749751
92 0.00746983
93 0.00747917
94 0.00736242
95 0.00731807
96 0.00737661
97 0.00724784
98 0.00723212
99 0.0072196
100 0.00726392
101 0.00718178
102 0.00711306
103 0.00709352
104 0.00700405
105 0.00704412
106 0.00706896
107 0.00708251
108 0.00692564
109 0.00690225
110 0.00690077
111 0.00687627
112 0.00688064
113 0.00691397
114 0.00676119
115 0.00678548
116 0.00675255
117 0.00678105
118 0.00670675
119 0.00672844
120 0.00674642
121 0.00662451
122 0.00662632
123 0.00665528
124 0.00656261
125 0.00658019
126 0.00654113
127 0.00657379
128 0.00651842
129 0.00650748
130 0.00652374
131 0.00642229
132 0.00643156
133 0.00645909
134 0.00643087
135 0.00635484
136 0.00643478
137 0.00635414
138 0.00633841
139 0.0063502
140 0.00637096
141 0.00629719
142 0.00633752
143 0.00629634
144 0.00628805
145 0.00625175
146 0.00627043
147 0.00623
148 0.00623601
149 0.00623246
150 0.00621271
151 0.00616334
152 0.00615308
153 0.00614567
154 0.00615755
155 0.00615518
156 0.00613517
157 0.00614598
158 0.00611956
159 0.00605906
160 0.00609778
161 0.00606479
162 0.00601767
163 0.0060253
164 0.00605395
165 0.00603235
166 0.0060061
167 0.00603011
168 0.00595799
169 0.00600112
170 0.00595428
171 0.00593265
172 0.00597336
173 0.00594978
174 0.005943
175 0.0059231
176 0.00594164
177 0.00595776
178 0.00585621
179 0.00588848
180 0.00591257
181 0.00590647
182 0.00582673
183 0.00584078
184 0.00583692
185 0.00584542
186 0.0058741
187 0.00578084
188 0.00577934
189 0.00578345
190 0.00580937
191 0.00582065
192 0.00574222
193 0.00573441
194 0.00580056
195 0.00576612
196 0.00572113
197 0.00571334
198 0.00571699
199 0.0057238
200 0.00575002
201 0.00571738
202 0.00572763
203 0.00572318
204 0.00570177
205 0.0056728
206 0.00568877
207 0.00570249
208 0.00566119
209 0.00568716
210 0.00564374
211 0.00564171
212 0.00562017
213 0.00566862
214 0.00565191
215 0.00562457
216 0.00567199
217 0.00565546
218 0.00562857
219 0.00559008
220 0.00563553
221 0.00561785
222 0.00561975
223 0.00558681
224 0.00560737
225 0.00561873
226 0.00559761
227 0.00554758
228 0.00556106
229 0.00555276
230 0.0055634
231 0.00554842
232 0.00554138
233 0.00558847
234 0.00557638
235 0.00552117
236 0.0055448
237 0.00555133
238 0.00551471
239 0.00554676
240 0.00552977
241 0.0055103
242 0.00552588
243 0.00553463
244 0.00547348
245 0.00552727
246 0.00544974
247 0.00548349
248 0.00552477
249 0.00546729
250 0.00545039
251 0.00548065
252 0.00546145
253 0.00543477
254 0.00548207
255 0.0054785
256 0.00544205
257 0.00543483
258 0.00543089
259 0.00543687
260 0.00547007
261 0.00542606
262 0.00542685
263 0.00545135
264 0.00545165
265 0.0054239
266 0.00539969
267 0.0054327
268 0.0054117
269 0.0054252
270 0.00540424
271 0.00542612
272 0.00536386
273 0.00542138
274 0.00544305
275 0.00541404
276 0.00541208
277 0.00535416
278 0.00536011
279 0.00535145
280 0.00537216
281 0.00533014
282 0.00535881
283 0.0053643
284 0.0053933
285 0.00535823
286 0.00535681
287 0.0053448
288 0.00533772
289 0.00539519
290 0.00530277
291 0.00534105
292 0.00532417
293 0.00534546
294 0.0053133
295 0.00533791
296 0.00533855
297 0.00533735
298 0.00530364
299 0.00530399
300 0.00530408
301 0.00529844
302 0.00536275
303 0.00528477
304 0.00531577
305 0.00533009
306 0.0053195
307 0.0053049
308 0.00530009
309 0.00527141
310 0.00530861
311 0.00530084
312 0.00529684
313 0.00527657
314 0.00525238
315 0.00527118
316 0.0052507
317 0.00527726
318 0.00529945
319 0.00526365
320 0.00525636
321 0.00530296
322 0.00524977
323 0.00526444
324 0.00523751
325 0.00526419
326 0.00525176
327 0.00526408
328 0.00520082
329 0.00529805
330 0.00522791
331 0.00522979
332 0.00521683
333 0.00523027
334 0.00525241
335 0.00524804
336 0.0052338
337 0.00522965
338 0.00523931
339 0.00519346
340 0.00519728
341 0.00521385
342 0.00524333
343 0.00522867
344 0.00523311
345 0.00522452
346 0.00524758
347 0.00524095
348 0.00521162
349 0.00524876
350 0.0052227
351 0.00521057
352 0.00515755
353 0.0051624
354 0.00514357
355 0.0051953
356 0.00521719
357 0.00521515
358 0.00521624
359 0.0052128
360 0.00515981
361 0.0052122
362 0.00515659
363 0.00521457
364 0.00519183
365 0.005181
366 0.00515993
367 0.00517882
368 0.00510883
369 0.00519027
370 0.00521088
371 0.00516509
372 0.00516861
373 0.00516348
374 0.00519218
375 0.00518875
376 0.00521102
377 0.00515228
378 0.00514901
379 0.0051842
380 0.00517851
381 0.00518724
382 0.0051365
383 0.00518033
384 0.00516801
385 0.00516778
386 0.00513512
387 0.00516024
388 0.00513989
389 0.00513223
390 0.00511765
391 0.00515552
392 0.00514614
393 0.00513934
394 0.00509715
395 0.005115
396 0.00517487
397 0.00510683
398 0.00511767
399 0.00512203
400 0.0051781
