1 0.166478
2 0.166478
3 0.166478
4 0.166478
5 0.166478
6 0.166478
7 0.154584
8 0.145688
9 0.136953
10 0.129902
11 0.124615
12 0.120587
13 0.115683
14 0.11068
15 0.10624
16 0.101898
17 0.0978941
18 0.0941326
19 0.090514
20 0.0873902
21 0.0842866
22 0.0815413
23 0.0788947
24 0.0765073
25 0.0743255
26 0.0722
27 0.0700862
28 0.0682235
29 0.0665576
30 0.0648208
31 0.063221
32 0.0618011
33 0.0604034
34 0.0589371
35 0.0576952
36 0.0565535
37 0.0552823
38 0.0542429
39 0.0532049
40 0.0521572
41 0.0511802
42 0.0502505
43 0.0493545
44 0.0485366
45 0.0477177
46 0.0469193
47 0.0462
48 0.0454113
49 0.0447547
50 0.0440818
51 0.043459
52 0.0427328
53 0.0421125
54 0.0415766
55 0.0409265
56 0.0404054
57 0.0398693
58 0.0393714
59 0.0388721
60 0.0383119
61 0.0378556
62 0.0374501
63 0.0369888
64 0.0365406
65 0.0361089
66 0.0357161
67 0.035256
68 0.0348764
69 0.034503
70 0.0341401
71 0.0338003
72 0.0334688
73 0.0331181
74 0.0327406
75 0.032422
76 0.0320902
77 0.0318304
78 0.0315304
79 0.0312243
80 0.03091
81 0.0305927
82 0.0303601
83 0.0300587
84 0.0297985
85 0.0295592
86 0.0293786
87 0.029073
88 0.0287714
89 0.0285914
90 0.0283366
91 0.0281322
92 0.0279109
93 0.0276809
94 0.0274331
95 0.0271925
96 0.0270244
97 0.0267843
98 0.0266105
99 0.0264204
100 0.0262424
101 0.0261138
102 0.0258533
103 0.0256675
104 0.0254701
105 0.0253215
106 0.025161
107 0.0250036
108 0.0248148
109 0.0246083
110 0.0244854
111 0.0243652
112 0.0241846
113 0.024063
114 0.023836
115 0.0237164
116 0.0235753
117 0.0234289
118 0.0233225
119 0.0231855
120 0.0230707
121 0.02292
122 0.0227258
123 0.0226135
124 0.0224694
125 0.0223799
126 0.0222028
127 0.0221209
128 0.0219903
129 0.0218392
130 0.0217501
131 0.0216104
132 0.0214974
133 0.0214081
134 0.0213074
135 0.0211268
136 0.0210813
137 0.0209257
138 0.0208724
139 0.0207515
140 0.020689
141 0.0205462
142 0.0204611
143 0.0203417
144 0.0202444
145 0.0201504
146 0.0200735
147 0.0199534
148 0.0199102
149 0.019841
150 0.0196947
151 0.0195968
152 0.0195145
153 0.0194061
154 0.0193462
155 0.0192615
156 0.0191776
157 0.019104
158 0.0190186
159 0.0189096
160 0.0188731
161 0.0187576
162 0.0186636
163 0.0185775
164 0.0185217
165 0.0184615
166 0.0183612
167 0.0183343
168 0.0182151
169 0.0181909
170 0.0180496
171 0.0179816
172 0.0179662
173 0.0178752
174 0.0178
175 0.0177407
176 0.0177004
177 0.0176426
178 0.0175062
179 0.0174511
180 0.0174261
181 0.0173803
182 0.0172417
183 0.0171848
184 0.0171344
185 0.017107
186 0.0170796
187 0.0169392
188 0.0168914
189 0.0168583
190 0.0167901
191 0.016735
192 0.0166626
193 0.0165841
194 0.0165807
195 0.0165075
196 0.0164359
197 0.0163765
198 0.0163499
199 0.0162871
200 0.0162557
201 0.0161579
202 0.0161687
203 0.0160967
204 0.0160373
205 0.015964
206 0.0159501
207 0.0158772
208 0.0158227
209 0.0158189
210 0.0157136
211 0.0156654
212 0.0156311
213 0.0156141
214 0.0155505
215 0.0154848
216 0.0154865
217 0.0154424
218 0.0153651
219 0.0153223
220 0.0153004
221 0.0152468
222 0.0152109
223 0.0151221
224 0.0151246
225 0.0150876
226 0.0150301
227 0.0149549
228 0.0149535
229 0.0148743
230 0.0148559
231 0.0147984
232 0.0147821
233 0.014766
234 0.0147083
235 0.014654
236 0.0146428
237 0.0145612
238 0.0145299
239 0.0145384
240 0.0144761
241 0.0144226
242 0.0144204
243 0.0143914
244 0.0142832
245 0.0143258
246 0.0142244
247 0.0141983
248 0.0142013
249 0.014139
250 0.0140908
251 0.014098
252 0.0140625
253 0.0139729
254 0.0139894
255 0.0139693
256 0.0138866
257 0.0138592
258 0.0138293
259 0.0138144
260 0.013802
261 0.0137363
262 0.0137082
263 0.0137068
264 0.0136848
265 0.0136105
266 0.0135564
267 0.0135931
268 0.0135331
269 0.0135541
270 0.0134861
271 0.013452
272 0.0133677
273 0.0134039
274 0.0133869
275 0.013347
276 0.013316
277 0.0132356
278 0.01322
279 0.0131753
280 0.0131848
281 0.0131225
282 0.0131228
283 0.0131089
284 0.0131107
285 0.0130303
286 0.0130156
287 0.0129947
288 0.0129386
289 0.0130044
290 0.0128833
291 0.0128826
292 0.0128229
293 0.0128497
294 0.012788
295 0.0127879
296 0.0127645
297 0.012737
298 0.0126904
299 0.012669
300 0.0126431
301 0.0126503
302 0.0126449
303 0.0125659
304 0.0125582
305 0.0125533
306 0.0125361
307 0.0124969
308 0.0124765
309 0.0124174
310 0.0124409
311 0.0124058
312 0.0123956
313 0.0123533
314 0.01231
315 0.0123064
316 0.0122667
317 0.0122658
318 0.0122623
319 0.0122174
320 0.0121695
321 0.0121971
322 0.012122
323 0.0121416
324 0.0121046
325 0.0121062
326 0.0120558
327 0.0120616
328 0.0119742
329 0.0120395
330 0.0119871
331 0.0119659
332 0.011935
333 0.0119189
334 0.011914
335 0.011905
336 0.0118698
337 0.0118402
338 0.0118488
339 0.0117839
340 0.0117663
341 0.0117617
342 0.0117707
343 0.0117511
344 0.0117319
345 0.0117042
346 0.0117182
347 0.0116965
348 0.0116403
349 0.0116511
350 0.0116202
351 0.0115696
352 0.011519
353 0.0115183
354 0.011489
355 0.0115061
356 0.0115162
357 0.0114949
358 0.0114713
359 0.0114507
360 0.0113916
361 0.0114193
362 0.0113962
363 0.0113998
364 0.0113592
365 0.0113505
366 0.0112879
367 0.0112983
368 0.0112123
369 0.0112868
370 0.0112888
371 0.0112264
372 0.0112269
373 0.0111895
374 0.0112037
375 0.0111745
376 0.0111895
377 0.0111265
378 0.0111188
379 0.0111275
380 0.0110993
381 0.0111214
382 0.011041
383 0.0110754
384 0.0110417
385 0.0110342
386 0.0109942
387 0.0110124
388 0.0109819
389 0.0109288
390 0.0109269
391 0.0109358
392 0.0109159
393 0.0108894
394 0.0108623
395 0.0108476
396 0.0108795
397 0.0108283
398 0.0108081
399 0.0107956
400 0.0108444
