1 0.5
2 0.5
3 0.5
4 0.5
5 0.5
6 0.5
7 0.492852
8 0.492923
9 0.489822
10 0.489923
11 0.490778
12 0.491925
13 0.487366
14 0.484899
15 0.484921
16 0.482823
17 0.481746
18 0.481019
19 0.479874
20 0.47954
21 0.47907
22 0.479152
23 0.478235
24 0.478021
25 0.478046
26 0.477645
27 0.47715
28 0.476865
29 0.477277
30 0.476654
31 0.47639
32 0.476654
33 0.476459
34 0.476227
35 0.476192
36 0.476222
37 0.475652
38 0.475588
39 0.475814
40 0.475694
41 0.475585
42 0.475357
43 0.475204
44 0.475212
45 0.475211
46 0.475471
47 0.475192
48 0.475029
49 0.475052
50 0.474936
51 0.475108
52 0.474509
53 0.474619
54 0.474945
55 0.474683
56 0.474589
57 0.474592
58 0.474555
59 0.474578
60 0.474385
61 0.474631
62 0.47433
63 0.474435
64 0.474552
65 0.474378
66 0.474473
67 0.474268
68 0.473926
69 0.474261
70 0.474224
71 0.4741
72 0.474101
73 0.47445
74 0.474237
75 0.474277
76 0.47411
77 0.474074
78 0.474048
79 0.474057
80 0.473922
81 0.474068
82 0.474066
83 0.473896
84 0.474156
85 0.47394
86 0.473799
87 0.473887
88 0.473829
89 0.473935
90 0.473922
91 0.473709
92 0.473998
93 0.473916
94 0.473796
95 0.473789
96 0.473899
97 0.473756
98 0.473648
99 0.473724
100 0.47347
101 0.473534
102 0.473536
103 0.473603
104 0.473733
105 0.473614
106 0.473836
107 0.473624
108 0.473859
109 0.473656
110 0.473821
111 0.473809
112 0.473558
113 0.473661
114 0.473551
115 0.473676
116 0.473745
117 0.473861
118 0.473798
119 0.473565
120 0.473549
121 0.47337
122 0.473166
123 0.473673
124 0.473334
125 0.473303
126 0.473454
127 0.473461
128 0.473492
129 0.473514
130 0.473566
131 0.473463
132 0.473543
133 0.473293
134 0.473524
135 0.473331
136 0.473202
137 0.47364
138 0.473638
139 0.473337
140 0.473456
141 0.473687
142 0.473346
143 0.473602
144 0.473353
145 0.473343
146 0.473398
147 0.473432
148 0.47319
149 0.473218
150 0.473428
151 0.473244
152 0.473391
153 0.473573
154 0.47347
155 0.473149
156 0.473494
157 0.473148
158 0.473314
159 0.473727
160 0.473341
161 0.473398
162 0.473233
163 0.473268
164 0.473098
165 0.473211
166 0.47333
167 0.473523
168 0.473319
169 0.473419
170 0.473124
171 0.473585
172 0.473357
173 0.473381
174 0.473402
175 0.473215
176 0.473374
177 0.473079
178 0.473242
179 0.473326
180 0.473429
181 0.473244
182 0.473289
183 0.473298
184 0.473492
185 0.473013
186 0.473134
187 0.473117
188 0.473243
189 0.47333
190 0.473266
191 0.473288
192 0.473394
193 0.473227
194 0.473051
195 0.473468
196 0.473231
197 0.473261
198 0.472993
199 0.47321
200 0.473102
201 0.473103
202 0.473132
203 0.473223
204 0.472984
205 0.473392
206 0.473222
207 0.473254
208 0.473539
209 0.473175
210 0.473462
211 0.473422
212 0.47325
213 0.473145
214 0.473356
215 0.473235
216 0.473115
217 0.473257
218 0.473133
219 0.47324
220 0.473015
221 0.473283
222 0.473317
223 0.473163
224 0.473341
225 0.473132
226 0.473037
227 0.473023
228 0.473317
229 0.473212
230 0.473491
231 0.473252
232 0.473116
233 0.473132
234 0.473378
235 0.472978
236 0.473162
237 0.473047
238 0.473115
239 0.473003
240 0.473122
241 0.473231
242 0.473107
243 0.473028
244 0.473045
245 0.473226
246 0.473145
247 0.473374
248 0.473023
249 0.473166
250 0.47308
251 0.473144
252 0.473075
253 0.473209
254 0.473191
255 0.473184
256 0.473149
257 0.472982
258 0.473294
259 0.472861
260 0.473184
261 0.473105
262 0.472895
263 0.473105
264 0.473042
265 0.473496
266 0.473167
267 0.47314
268 0.473069
269 0.472945
270 0.473021
271 0.473275
272 0.472828
273 0.473366
274 0.472876
275 0.473257
276 0.473357
277 0.473257
278 0.473235
279 0.472925
280 0.47311
281 0.473104
282 0.473255
283 0.472921
284 0.473375
285 0.472985
286 0.473085
287 0.473002
288 0.473165
289 0.473249
290 0.473175
291 0.473185
292 0.472766
293 0.473362
294 0.472986
295 0.473288
296 0.473388
297 0.472921
298 0.473201
299 0.473129
300 0.473153
301 0.473028
302 0.473049
303 0.473205
304 0.473022
305 0.472933
306 0.473342
307 0.473028
308 0.473065
309 0.473099
310 0.473539
311 0.473136
312 0.473212
313 0.472827
314 0.473106
315 0.472921
316 0.473105
317 0.473059
318 0.472998
319 0.473236
320 0.473235
321 0.47315
322 0.473109
323 0.473172
324 0.473107
325 0.473007
326 0.47297
327 0.473299
328 0.47343
329 0.473145
330 0.473078
331 0.473205
332 0.472946
333 0.47292
334 0.473251
335 0.472961
336 0.472976
337 0.472912
338 0.473048
339 0.472912
340 0.473083
341 0.473108
342 0.473135
343 0.473022
344 0.47327
345 0.473244
346 0.473071
347 0.473096
348 0.472978
349 0.473008
350 0.472944
351 0.473029
352 0.473063
353 0.472902
354 0.473063
355 0.473428
356 0.473089
357 0.47311
358 0.472982
359 0.473056
360 0.47292
361 0.473045
362 0.47301
363 0.473256
364 0.472992
365 0.473212
366 0.473259
367 0.473271
368 0.473187
369 0.473029
370 0.473107
371 0.47294
372 0.472924
373 0.47301
374 0.473139
375 0.47296
376 0.472841
377 0.472941
378 0.473037
379 0.472948
380 0.47326
381 0.472926
382 0.473151
383 0.473073
384 0.47296
385 0.473294
386 0.472874
387 0.473068
388 0.473102
389 0.473154
390 0.473119
391 0.473023
392 0.472658
393 0.472964
394 0.473049
395 0.47297
396 0.473308
397 0.472753
398 0.472996
399 0.473243
400 0.47298
