1 0.458379
2 0.336772
3 0.286463
4 0.256103
5 0.236349
6 0.222419
7 0.211861
8 0.20317
9 0.196661
10 0.190803
11 0.186253
12 0.182122
13 0.178888
14 0.175594
15 0.17304
16 0.170574
17 0.168366
18 0.16632
19 0.164783
20 0.163133
21 0.161712
22 0.160262
23 0.159248
24 0.158008
25 0.156797
26 0.155872
27 0.155207
28 0.154338
29 0.153421
30 0.152537
31 0.152064
32 0.15134
33 0.150635
34 0.150042
35 0.149483
36 0.148931
37 0.148381
38 0.147972
39 0.147401
40 0.14692
41 0.146353
42 0.146112
43 0.145821
44 0.145482
45 0.145061
46 0.144722
47 0.144302
48 0.144161
49 0.143752
50 0.143454
51 0.143257
52 0.142969
53 0.142768
54 0.142536
55 0.142181
56 0.14192
57 0.141775
58 0.141584
59 0.141257
60 0.140969
61 0.140923
62 0.140661
63 0.140382
64 0.140171
65 0.140067
66 0.140008
67 0.139755
68 0.139719
69 0.139439
70 0.139338
71 0.139151
72 0.138999
73 0.138787
74 0.138698
75 0.138689
76 0.138454
77 0.138323
78 0.138354
79 0.138097
80 0.137991
81 0.137793
82 0.137735
83 0.13763
84 0.137568
85 0.137264
86 0.137261
87 0.137252
88 0.137143
89 0.137069
90 0.136895
91 0.136822
92 0.136808
93 0.136841
94 0.136667
95 0.13637
96 0.136192
97 0.136259
98 0.136165
99 0.136113
100 0.135954
101 0.135894
102 0.135837
103 0.135716
104 0.13573
105 0.13553
106 0.135606
107 0.135543
108 0.135454
109 0.135324
110 0.135335
111 0.135198
112 0.135192
113 0.135163
114 0.135184
115 0.134957
116 0.134874
117 0.134809
118 0.134808
119 0.134665
120 0.134715
121 0.134625
122 0.134567
123 0.134557
124 0.134474
125 0.134463
126 0.134278
127 0.134322
128 0.134117
129 0.134097
130 0.134166
131 0.134112
132 0.134171
133 0.133996
134 0.134005
135 0.133963
136 0.133875
137 0.133841
138 0.133735
139 0.133752
140 0.133738
141 0.133631
142 0.133654
143 0.133561
144 0.133588
145 0.133486
146 0.133393
147 0.133344
148 0.13339
149 0.133335
150 0.133342
151 0.133314
152 0.133306
153 0.133182
154 0.133171
155 0.13311
156 0.133132
157 0.133045
158 0.133063
159 0.13307
160 0.132874
161 0.132934
162 0.13294
163 0.132814
164 0.132799
165 0.132793
166 0.132763
167 0.13275
168 0.132695
169 0.132667
170 0.132607
171 0.132706
172 0.132561
173 0.132555
174 0.132551
175 0.132496
176 0.132427
177 0.13243
178 0.132524
179 0.132313
180 0.132362
181 0.132293
182 0.132342
183 0.132305
184 0.132256
185 0.132165
186 0.132188
187 0.132184
188 0.132134
189 0.132093
190 0.132061
191 0.132044
192 0.132029
193 0.132034
194 0.132097
195 0.131938
196 0.131882
197 0.131922
198 0.131925
199 0.131808
200 0.131836
201 0.131873
202 0.131769
203 0.131834
204 0.131758
205 0.131478
206 0.131752
207 0.13164
208 0.131665
209 0.131605
210 0.131692
211 0.131576
212 0.131636
213 0.13164
214 0.131553
215 0.131604
216 0.131481
217 0.131443
218 0.131447
219 0.131436
220 0.131433
221 0.131416
222 0.13139
223 0.131365
224 0.131401
225 0.131389
226 0.131339
227 0.131288
228 0.131332
229 0.131331
230 0.131308
231 0.131272
232 0.131195
233 0.131151
234 0.13124
235 0.131089
236 0.131186
237 0.131143
238 0.131125
239 0.131117
240 0.131123
241 0.131122
242 0.131075
243 0.131019
244 0.131053
245 0.131021
246 0.131026
247 0.130951
248 0.131004
249 0.130975
250 0.130928
251 0.13098
252 0.130892
253 0.130914
254 0.13086
255 0.13085
256 0.130863
257 0.130771
258 0.130815
259 0.130815
260 0.130798
261 0.130858
262 0.130799
263 0.130725
264 0.130752
265 0.130726
266 0.130703
267 0.130761
268 0.130642
269 0.130619
270 0.130735
271 0.130712
272 0.130703
273 0.130587
274 0.130623
275 0.130606
276 0.130559
277 0.130586
278 0.130507
279 0.130505
280 0.130525
281 0.130525
282 0.130517
283 0.130462
284 0.130445
285 0.130466
286 0.130493
287 0.130453
288 0.130455
289 0.130398
290 0.130421
291 0.130441
292 0.13038
293 0.130419
294 0.130341
295 0.130376
296 0.130364
297 0.130343
298 0.130333
299 0.130293
300 0.130277
301 0.13029
302 0.130292
303 0.130267
304 0.130283
305 0.130273
306 0.130216
307 0.130184
308 0.130258
309 0.13015
310 0.130228
311 0.130178
312 0.130214
313 0.130159
314 0.13018
315 0.130067
316 0.13013
317 0.130113
318 0.130173
319 0.130066
320 0.130072
321 0.130122
322 0.130088
323 0.130078
324 0.130043
325 0.130005
326 0.13004
327 0.130037
328 0.130012
329 0.130038
330 0.130022
331 0.13003
332 0.130019
333 0.130033
334 0.129985
335 0.129948
336 0.129943
337 0.129912
338 0.129917
339 0.129974
340 0.129843
341 0.130159
342 0.12998
343 0.129873
344 0.12989
345 0.129908
346 0.129848
347 0.129849
348 0.129862
349 0.129813
350 0.129831
351 0.129807
352 0.129869
353 0.129829
354 0.129826
355 0.1298
356 0.12979
357 0.129738
358 0.129747
359 0.129815
360 0.129795
361 0.129787
362 0.129706
363 0.129668
364 0.129731
365 0.129737
366 0.129714
367 0.129657
368 0.129734
369 0.129671
370 0.129618
371 0.129643
372 0.129615
373 0.129629
374 0.129606
375 0.129627
376 0.129649
377 0.129594
378 0.129621
379 0.129662
380 0.129587
381 0.129589
382 0.129597
383 0.129545
384 0.129488
385 0.129553
386 0.129566
387 0.129536
388 0.129579
389 0.129506
390 0.129556
391 0.129502
392 0.12947
393 0.129534
394 0.12956
395 0.129474
396 0.129509
397 0.129468
398 0.129492
399 0.129441
400 0.12945
