1 0.5
2 0.354612
3 0.290732
4 0.25312
5 0.227932
6 0.209312
7 0.195956
8 0.185658
9 0.17731
10 0.170433
11 0.164308
12 0.158942
13 0.154476
14 0.150085
15 0.1468
16 0.143287
17 0.140394
18 0.13733
19 0.135132
20 0.132957
21 0.130333
22 0.128773
23 0.127035
24 0.125169
25 0.12382
26 0.122824
27 0.12162
28 0.1199
29 0.119446
30 0.118575
31 0.117163
32 0.116236
33 0.115446
34 0.11558
35 0.114226
36 0.113408
37 0.113108
38 0.112513
39 0.112534
40 0.112079
41 0.111564
42 0.110789
43 0.110974
44 0.110893
45 0.110746
46 0.110374
47 0.110403
48 0.109912
49 0.109567
50 0.109753
51 0.10968
52 0.109292
53 0.109507
54 0.109242
55 0.109172
56 0.109053
57 0.110038
58 0.108785
59 0.108732
60 0.108747
61 0.108737
62 0.108651
63 0.108744
64 0.108035
65 0.108684
66 0.108598
67 0.108594
68 0.108368
69 0.108429
70 0.108385
71 0.108365
72 0.108414
73 0.10678
74 0.108455
75 0.10819
76 0.108431
77 0.108145
78 0.108114
79 0.108203
80 0.108121
81 0.108001
82 0.108014
83 0.10822
84 0.10796
85 0.10716
86 0.107486
87 0.1079
88 0.107962
89 0.108398
90 0.108003
91 0.108245
92 0.107846
93 0.108007
94 0.107958
95 0.107329
96 0.107666
97 0.107657
98 0.107407
99 0.107606
100 0.10795
101 0.107395
102 0.106887
103 0.107552
104 0.107434
105 0.107843
106 0.107384
107 0.107149
108 0.10769
109 0.107248
110 0.107231
111 0.107151
112 0.107106
113 0.10713
114 0.106963
115 0.107286
116 0.106975
117 0.107544
118 0.106691
119 0.1067
120 0.10708
121 0.106838
122 0.10711
123 0.106576
124 0.106664
125 0.106406
126 0.106582
127 0.107032
128 0.106666
129 0.106661
130 0.106736
131 0.106838
132 0.106328
133 0.106318
134 0.106414
135 0.106693
136 0.106324
137 0.106268
138 0.106256
139 0.106412
140 0.106263
141 0.106476
142 0.106509
143 0.106442
144 0.106455
145 0.105873
146 0.106334
147 0.105849
148 0.105839
149 0.106184
150 0.106214
151 0.105689
152 0.106016
153 0.106266
154 0.105575
155 0.105872
156 0.105484
157 0.105594
158 0.105712
159 0.105924
160 0.105563
161 0.105805
162 0.1057
163 0.105704
164 0.105574
165 0.105578
166 0.105647
167 0.105557
168 0.10554
169 0.105437
170 0.104094
171 0.106582
172 0.105244
173 0.104856
174 0.105072
175 0.105078
176 0.105042
177 0.105055
178 0.105072
179 0.105048
180 0.105135
181 0.104543
182 0.105038
183 0.104946
184 0.105067
185 0.104568
186 0.105117
187 0.104504
188 0.104856
189 0.104592
190 0.104451
191 0.104753
192 0.104285
193 0.104441
194 0.104507
195 0.10482
196 0.104393
197 0.10472
198 0.104435
199 0.104107
200 0.104396
201 0.104063
202 0.104116
203 0.103977
204 0.10411
205 0.103089
206 0.104136
207 0.103961
208 0.103788
209 0.103987
210 0.104032
211 0.103837
212 0.103878
213 0.103832
214 0.103504
215 0.10367
216 0.104024
217 0.103593
218 0.103776
219 0.103509
220 0.103708
221 0.10362
222 0.103458
223 0.103714
224 0.103303
225 0.103731
226 0.103449
227 0.103419
228 0.103339
229 0.103187
230 0.103444
231 0.103043
232 0.103632
233 0.103315
234 0.103126
235 0.103506
236 0.103143
237 0.102788
238 0.102913
239 0.103247
240 0.102952
241 0.102255
242 0.102983
243 0.102901
244 0.10281
245 0.102783
246 0.102685
247 0.102681
248 0.102778
249 0.102807
250 0.102705
251 0.102782
252 0.102786
253 0.102539
254 0.102226
255 0.101186
256 0.102728
257 0.10392
258 0.103103
259 0.102537
260 0.102306
261 0.102309
262 0.101975
263 0.102264
264 0.102286
265 0.102203
266 0.102032
267 0.102344
268 0.102082
269 0.101944
270 0.102265
271 0.101755
272 0.102002
273 0.102652
274 0.101934
275 0.102078
276 0.101796
277 0.102161
278 0.101913
279 0.10185
280 0.101896
281 0.101883
282 0.101956
283 0.101735
284 0.101884
285 0.101577
286 0.101849
287 0.101539
288 0.10173
289 0.101472
290 0.101448
291 0.101593
292 0.101625
293 0.101443
294 0.101435
295 0.101676
296 0.101269
297 0.101397
298 0.101481
299 0.101177
300 0.101549
301 0.1013
302 0.101059
303 0.101408
304 0.101299
305 0.10139
306 0.101544
307 0.100748
308 0.101035
309 0.101046
310 0.101306
311 0.10098
312 0.100818
313 0.101244
314 0.101105
315 0.101442
316 0.100779
317 0.100957
318 0.101241
319 0.1009
320 0.100588
321 0.100626
322 0.10061
323 0.10112
324 0.101004
325 0.100822
326 0.100749
327 0.10029
328 0.100517
329 0.100507
330 0.100687
331 0.100487
332 0.100774
333 0.100788
334 0.10061
335 0.10047
336 0.100379
337 0.100404
338 0.100344
339 0.100305
340 0.100425
341 0.101575
342 0.099835
343 0.100317
344 0.100302
345 0.100358
346 0.100206
347 0.100371
348 0.100163
349 0.100015
350 0.100011
351 0.100336
352 0.100005
353 0.100152
354 0.100215
355 0.0999242
356 0.100192
357 0.0999818
358 0.0999329
359 0.100002
360 0.0999874
361 0.0999964
362 0.0998398
363 0.0998401
364 0.0999245
365 0.0997601
366 0.100096
367 0.0997365
368 0.099763
369 0.0997947
370 0.0998553
371 0.0996653
372 0.0997795
373 0.0996665
374 0.0997302
375 0.0994177
376 0.0997161
377 0.0996189
378 0.0996895
379 0.0995654
380 0.0995992
381 0.0999394
382 0.0993541
383 0.0991866
384 0.0996683
385 0.0998723
386 0.0995519
387 0.0995564
388 0.0993298
389 0.0992425
390 0.0994848
391 0.0992401
392 0.0993784
393 0.0990943
394 0.0992518
395 0.0992512
396 0.0992602
397 0.09928
398 0.0991334
399 0.099057
400 0.0992692
