1 0.408987
2 0.409423
3 0.409091
4 0.409501
5 0.409429
6 0.409248
7 0.390659
8 0.37442
9 0.360762
10 0.349192
11 0.337853
12 0.327846
13 0.317319
14 0.307049
15 0.295923
16 0.285732
17 0.27472
18 0.26576
19 0.255771
20 0.246157
21 0.237327
22 0.228537
23 0.220323
24 0.212699
25 0.205112
26 0.197618
27 0.191058
28 0.184196
29 0.177823
30 0.171855
31 0.166368
32 0.160984
33 0.155883
34 0.151021
35 0.146942
36 0.14245
37 0.13848
38 0.134624
39 0.131367
40 0.127866
41 0.124331
42 0.121457
43 0.118241
44 0.115408
45 0.112912
46 0.11036
47 0.107855
48 0.105742
49 0.1034
50 0.101548
51 0.09939
52 0.0974431
53 0.0958837
54 0.0939283
55 0.0923153
56 0.0904258
57 0.0886723
58 0.0871942
59 0.0859821
60 0.0842946
61 0.0829309
62 0.0815656
63 0.0806196
64 0.0792118
65 0.0782353
66 0.0767623
67 0.0759062
68 0.0745967
69 0.0736586
70 0.0726603
71 0.0714509
72 0.0706213
73 0.0698542
74 0.0688213
75 0.0678815
76 0.0670524
77 0.0661677
78 0.0654169
79 0.064538
80 0.0638535
81 0.0629722
82 0.0625708
83 0.0617295
84 0.0609762
85 0.0604198
86 0.0597354
87 0.0589475
88 0.0584444
89 0.0579893
90 0.0573438
91 0.0566123
92 0.056143
93 0.0553094
94 0.0548237
95 0.0540858
96 0.0539896
97 0.0534152
98 0.0528236
99 0.0522035
100 0.0519854
101 0.0513213
102 0.0509231
103 0.0505038
104 0.0500759
105 0.049547
106 0.0491809
107 0.0486867
108 0.0481595
109 0.0479022
110 0.0475762
111 0.0471367
112 0.0466432
113 0.0463205
114 0.0459272
115 0.0454923
116 0.0452443
117 0.0446009
118 0.0447568
119 0.0441103
120 0.0436898
121 0.0436201
122 0.0432645
123 0.0427231
124 0.0424338
125 0.0421054
126 0.0420002
127 0.041543
128 0.0413143
129 0.0411862
130 0.0407474
131 0.0405396
132 0.0402763
133 0.0398855
134 0.0397056
135 0.0394539
136 0.0391561
137 0.0387272
138 0.0386551
139 0.0382796
140 0.0380728
141 0.0378655
142 0.0374767
143 0.0373335
144 0.0371158
145 0.0369105
146 0.0366582
147 0.0364399
148 0.0361582
149 0.0359964
150 0.0358875
151 0.0354729
152 0.0354304
153 0.0350612
154 0.0349532
155 0.0345757
156 0.0344466
157 0.0342566
158 0.0341383
159 0.0337967
160 0.0337098
161 0.0336946
162 0.0334169
163 0.0331693
164 0.0331221
165 0.0327844
166 0.0326499
167 0.0323992
168 0.0322004
169 0.0322762
170 0.0318208
171 0.0317372
172 0.031634
173 0.031415
174 0.0312759
175 0.031088
176 0.030949
177 0.0306936
178 0.0304876
179 0.0303127
180 0.0303715
181 0.0302483
182 0.0299803
183 0.0298518
184 0.0296683
185 0.0295603
186 0.0294971
187 0.029231
188 0.0291844
189 0.028977
190 0.0288919
191 0.0287261
192 0.0286188
193 0.0284493
194 0.0282992
195 0.0281546
196 0.0280257
197 0.0279932
198 0.0278275
199 0.0276917
200 0.0275503
201 0.0275391
202 0.0273726
203 0.0272095
204 0.0271131
205 0.0269134
206 0.0269736
207 0.0267816
208 0.0265901
209 0.0265255
210 0.0263782
211 0.0263293
212 0.0261802
213 0.0259393
214 0.0258887
215 0.0257372
216 0.0256558
217 0.0256352
218 0.0255348
219 0.0254406
220 0.0252182
221 0.0250662
222 0.0250081
223 0.024956
224 0.0248708
225 0.0248644
226 0.0246893
227 0.0246051
228 0.0246099
229 0.0244305
230 0.0242777
231 0.0242939
232 0.0241589
233 0.0240263
234 0.0239918
235 0.0237482
236 0.0235905
237 0.0236944
238 0.0235795
239 0.0235402
240 0.0233604
241 0.0232939
242 0.0232884
243 0.023092
244 0.0230933
245 0.0230365
246 0.0229057
247 0.0227967
248 0.0227051
249 0.0225788
250 0.0225084
251 0.0224763
252 0.0224219
253 0.0222784
254 0.0221747
255 0.0221206
256 0.0220928
257 0.0221064
258 0.0219348
259 0.0218045
260 0.0218615
261 0.0217994
262 0.0216328
263 0.0216311
264 0.0214127
265 0.0215704
266 0.0212913
267 0.0213066
268 0.02128
269 0.0210554
270 0.0210609
271 0.0210325
272 0.0209426
273 0.0209626
274 0.0207656
275 0.0206489
276 0.0206483
277 0.0205653
278 0.0205697
279 0.0204705
280 0.0203852
281 0.0204156
282 0.0202959
283 0.0202071
284 0.0200365
285 0.0201181
286 0.0200279
287 0.0199892
288 0.0198793
289 0.0197717
290 0.019828
291 0.0196939
292 0.0196141
293 0.0195435
294 0.0195355
295 0.0194392
296 0.0193958
297 0.0193057
298 0.0192389
299 0.019302
300 0.0191527
301 0.0191842
302 0.0191306
303 0.0191073
304 0.018927
305 0.0189602
306 0.0187484
307 0.018756
308 0.0187561
309 0.0187848
310 0.0186206
311 0.0186294
312 0.0185334
313 0.0184548
314 0.0184659
315 0.0183158
316 0.0183345
317 0.0183143
318 0.0180934
319 0.0180422
320 0.018099
321 0.0179655
322 0.0180357
323 0.0180473
324 0.0178879
325 0.0179442
326 0.017728
327 0.0176481
328 0.0177614
329 0.0178144
330 0.0175784
331 0.0175855
332 0.0175049
333 0.017556
334 0.0175183
335 0.0174945
336 0.0175299
337 0.0172761
338 0.017235
339 0.0172732
340 0.0171092
341 0.0170302
342 0.0170648
343 0.0170777
344 0.0169881
345 0.0169408
346 0.0169347
347 0.0169976
348 0.0169534
349 0.0166746
350 0.0166938
351 0.0166775
352 0.0167611
353 0.016599
354 0.0165776
355 0.0165425
356 0.0166339
357 0.0164148
358 0.0164561
359 0.016454
360 0.0164243
361 0.016284
362 0.0163671
363 0.0161208
364 0.016102
365 0.0160869
366 0.0159619
367 0.0160054
368 0.0160346
369 0.0159036
370 0.0159495
371 0.0159498
372 0.0158197
373 0.0157896
374 0.0157153
375 0.0157508
376 0.0156528
377 0.0157515
378 0.0156767
379 0.015638
380 0.0155067
381 0.0154975
382 0.0155253
383 0.0155049
384 0.0155184
385 0.0153824
386 0.015299
387 0.0152088
388 0.0152516
389 0.0152845
390 0.0151524
391 0.0150732
392 0.0151397
393 0.0151157
394 0.0151347
395 0.0149874
396 0.0149957
397 0.0149709
398 0.0149465
399 0.0150219
400 0.0149695
