1 0.145259
2 0.169605
3 0.183759
4 0.192584
5 0.200134
6 0.207139
7 0.218781
8 0.233168
9 0.248253
10 0.26305
11 0.277195
12 0.29075
13 0.304183
14 0.317277
15 0.330768
16 0.343607
17 0.356516
18 0.36891
19 0.381032
20 0.392942
21 0.404315
22 0.415008
23 0.425822
24 0.436405
25 0.446322
26 0.455999
27 0.465019
28 0.473956
29 0.48255
30 0.490974
31 0.498977
32 0.506636
33 0.513815
34 0.521029
35 0.527833
36 0.534309
37 0.541067
38 0.547289
39 0.552789
40 0.558317
41 0.563702
42 0.569252
43 0.574309
44 0.579345
45 0.584025
46 0.588647
47 0.593221
48 0.597788
49 0.602349
50 0.606431
51 0.610645
52 0.614475
53 0.618184
54 0.621666
55 0.625526
56 0.628975
57 0.632603
58 0.63573
59 0.639054
60 0.642356
61 0.645339
62 0.648189
63 0.651089
64 0.653874
65 0.656702
66 0.659518
67 0.662422
68 0.665077
69 0.667766
70 0.670173
71 0.672562
72 0.674939
73 0.677285
74 0.679618
75 0.681813
76 0.68389
77 0.68612
78 0.688294
79 0.690062
80 0.691955
81 0.693887
82 0.695701
83 0.6975
84 0.699284
85 0.701171
86 0.70292
87 0.705001
88 0.706547
89 0.708186
90 0.709876
91 0.711536
92 0.713155
93 0.71476
94 0.716152
95 0.717733
96 0.719465
97 0.720783
98 0.722305
99 0.724083
100 0.7256
101 0.726823
102 0.728313
103 0.729604
104 0.73089
105 0.732222
106 0.733526
107 0.734925
108 0.736114
109 0.737434
110 0.738445
111 0.739769
112 0.740889
113 0.742229
114 0.743265
115 0.74435
116 0.745534
117 0.746876
118 0.747908
119 0.749158
120 0.750109
121 0.750988
122 0.752195
123 0.753072
124 0.753996
125 0.754968
126 0.755963
127 0.756925
128 0.757947
129 0.758912
130 0.759986
131 0.760891
132 0.7616
133 0.762462
134 0.763503
135 0.764436
136 0.765298
137 0.766009
138 0.766919
139 0.7677
140 0.768675
141 0.769611
142 0.770408
143 0.771159
144 0.772054
145 0.772908
146 0.773529
147 0.774311
148 0.775037
149 0.775795
150 0.776638
151 0.777363
152 0.778139
153 0.778932
154 0.779563
155 0.780296
156 0.781079
157 0.781748
158 0.78246
159 0.783133
160 0.783852
161 0.784749
162 0.785333
163 0.786095
164 0.786774
165 0.787477
166 0.788048
167 0.788562
168 0.789168
169 0.789783
170 0.790407
171 0.791115
172 0.791565
173 0.792218
174 0.792758
175 0.793451
176 0.794008
177 0.794556
178 0.795046
179 0.795745
180 0.796368
181 0.796949
182 0.797421
183 0.798103
184 0.798678
185 0.799333
186 0.799912
187 0.800551
188 0.800987
189 0.801657
190 0.802142
191 0.802737
192 0.803251
193 0.803632
194 0.8042
195 0.804708
196 0.805191
197 0.805798
198 0.806239
199 0.806714
200 0.8073
201 0.807864
202 0.808393
203 0.808798
204 0.809219
205 0.809782
206 0.810266
207 0.810811
208 0.811248
209 0.811619
210 0.81213
211 0.812587
212 0.813006
213 0.813458
214 0.813888
215 0.814478
216 0.814785
217 0.815267
218 0.815708
219 0.816144
220 0.816602
221 0.816795
222 0.81724
223 0.817657
224 0.818104
225 0.818554
226 0.818896
227 0.819355
228 0.819849
229 0.820185
230 0.82046
231 0.820917
232 0.821232
233 0.821734
234 0.821949
235 0.822455
236 0.822891
237 0.823259
238 0.823634
239 0.824134
240 0.824311
241 0.824577
242 0.825026
243 0.825305
244 0.825772
245 0.826128
246 0.826378
247 0.826648
248 0.827137
249 0.827658
250 0.8279
251 0.828129
252 0.828504
253 0.829014
254 0.829288
255 0.829536
256 0.82988
257 0.830236
258 0.830601
259 0.830898
260 0.831188
261 0.831617
262 0.831916
263 0.832373
264 0.83258
265 0.832888
266 0.833184
267 0.833487
268 0.833708
269 0.834101
270 0.834434
271 0.83461
272 0.834913
273 0.83525
274 0.835663
275 0.835895
276 0.83617
277 0.836579
278 0.836959
279 0.837172
280 0.837478
281 0.83783
282 0.838001
283 0.838283
284 0.838486
285 0.838807
286 0.83916
287 0.839454
288 0.839697
289 0.839976
290 0.840224
291 0.840444
292 0.840727
293 0.840994
294 0.841345
295 0.841582
296 0.841838
297 0.842135
298 0.842364
299 0.842699
300 0.842957
301 0.843227
302 0.843462
303 0.843749
304 0.843965
305 0.844216
306 0.844394
307 0.844669
308 0.84497
309 0.845194
310 0.845485
311 0.845772
312 0.846108
313 0.846417
314 0.846635
315 0.846937
316 0.847205
317 0.847459
318 0.847722
319 0.847885
320 0.848109
321 0.848323
322 0.848574
323 0.848657
324 0.848945
325 0.849183
326 0.849406
327 0.849686
328 0.849765
329 0.850063
330 0.850373
331 0.850517
332 0.850723
333 0.850933
334 0.851152
335 0.851367
336 0.851584
337 0.85171
338 0.851965
339 0.8522
340 0.852393
341 0.852689
342 0.85296
343 0.853091
344 0.853256
345 0.853532
346 0.853832
347 0.85398
348 0.854142
349 0.854439
350 0.854625
351 0.854783
352 0.855121
353 0.855291
354 0.855512
355 0.855651
356 0.855915
357 0.856061
358 0.856266
359 0.856439
360 0.856749
361 0.85698
362 0.85714
363 0.857372
364 0.857548
365 0.857798
366 0.85803
367 0.858113
368 0.85827
369 0.85845
370 0.858628
371 0.858873
372 0.859066
373 0.859267
374 0.859399
375 0.859671
376 0.859769
377 0.85993
378 0.860152
379 0.860218
380 0.860393
381 0.860734
382 0.860869
383 0.861186
384 0.861351
385 0.861521
386 0.86172
387 0.861864
388 0.861999
389 0.862115
390 0.862328
391 0.862597
392 0.862836
393 0.863016
394 0.86313
395 0.863365
396 0.863539
397 0.863742
398 0.863944
399 0.864057
400 0.864226
