1 0.437837
2 0.437164
3 0.437422
4 0.437371
5 0.437591
6 0.437206
7 0.436453
8 0.437834
9 0.438168
10 0.437042
11 0.437771
12 0.437052
13 0.437647
14 0.437233
15 0.436995
16 0.270491
17 0.270888
18 0.270734
19 0.270072
20 0.266869
21 0.259689
22 0.246601
23 0.229169
24 0.210997
25 0.194887
26 0.182097
27 0.172097
28 0.163509
29 0.155577
30 0.147404
31 0.139856
32 0.132592
33 0.126068
34 0.120374
35 0.115819
36 0.112099
37 0.108561
38 0.106651
39 0.10426
40 0.103786
41 0.102821
42 0.101706
43 0.102011
44 0.102156
45 0.103566
46 0.103545
47 0.109272
48 0.108708
49 0.10864
50 0.115409
51 0.114326
52 0.113962
53 0.116321
54 0.12649
55 0.123627
56 0.126829
57 0.129175
58 0.131197
59 0.130707
60 0.132678
61 0.135187
62 0.137347
63 0.136328
64 0.134235
65 0.137311
66 0.133132
67 0.139128
68 0.138736
69 0.133571
70 0.131069
71 0.130291
72 0.126625
73 0.126651
74 0.129789
75 0.12539
76 0.122396
77 0.125179
78 0.121147
79 0.117109
80 0.118375
81 0.1137
82 0.117216
83 0.114547
84 0.110426
85 0.10806
86 0.106578
87 0.10525
88 0.102485
89 0.100657
90 0.0996785
91 0.0976188
92 0.103248
93 0.100004
94 0.0968142
95 0.0964246
96 0.0952803
97 0.0943445
98 0.0984194
99 0.0984528
100 0.0976027
101 0.0971793
102 0.0961723
103 0.0954054
104 0.0958681
105 0.0948457
106 0.0933983
107 0.0933552
108 0.0923812
109 0.0920167
110 0.0917189
111 0.0917829
112 0.0924461
113 0.0947677
114 0.09491
115 0.0961064
116 0.0979637
117 0.0991514
118 0.100968
119 0.102969
120 0.105789
121 0.109224
122 0.11051
123 0.110703
124 0.117329
125 0.121077
126 0.118984
127 0.121063
128 0.123206
129 0.127321
130 0.12655
131 0.125541
132 0.124903
133 0.124756
134 0.124163
135 0.123975
136 0.123882
137 0.123896
138 0.123812
139 0.123748
140 0.123334
141 0.124968
142 0.125264
143 0.12589
144 0.126559
145 0.126967
146 0.125602
147 0.126753
148 0.126722
149 0.128403
150 0.128249
151 0.128892
152 0.129292
153 0.128139
154 0.12906
155 0.130599
156 0.130907
157 0.130563
158 0.130622
159 0.131593
160 0.131034
161 0.13098
162 0.131343
163 0.131551
164 0.131249
165 0.130233
166 0.129363
167 0.127878
168 0.127503
169 0.127316
170 0.125535
171 0.125289
172 0.124489
173 0.123091
174 0.12213
175 0.12013
176 0.120444
177 0.118586
178 0.118234
179 0.116888
180 0.114274
181 0.114474
182 0.111227
183 0.111773
184 0.109056
185 0.109523
186 0.106549
187 0.105614
188 0.105009
189 0.103068
190 0.100972
191 0.10027
192 0.0989102
193 0.0958511
194 0.0963131
195 0.0942105
196 0.0916327
197 0.0918805
198 0.0905656
199 0.0884427
200 0.0878779
201 0.0865196
202 0.0848761
203 0.083537
204 0.0822283
205 0.0808924
206 0.0798991
207 0.0781726
208 0.0773483
209 0.0759447
210 0.0747559
211 0.073664
212 0.0721806
213 0.0709786
214 0.0701183
215 0.06913
216 0.0677379
217 0.0666675
218 0.0661606
219 0.0649554
220 0.0640506
221 0.0638254
222 0.0627524
223 0.0618844
224 0.0621399
225 0.0604618
226 0.0594549
227 0.059457
228 0.0585084
229 0.0579861
230 0.0574574
231 0.0567921
232 0.0564629
233 0.0569377
234 0.0558775
235 0.0544535
236 0.0546555
237 0.0537222
238 0.0531543
239 0.0533817
240 0.0524731
241 0.0522264
242 0.0519045
243 0.0510365
244 0.0513955
245 0.0509545
246 0.0493356
247 0.0501281
248 0.0497712
249 0.0483452
250 0.0493383
251 0.0491658
252 0.0481586
253 0.0481111
254 0.0478044
255 0.0478814
256 0.0474869
257 0.0476547
258 0.047339
259 0.0469003
260 0.0472429
261 0.0470143
262 0.0464006
263 0.0461865
264 0.0466234
265 0.0459482
266 0.0462841
267 0.045957
268 0.0459329
269 0.0457651
270 0.0456948
271 0.0454758
272 0.0459171
273 0.0453131
274 0.0451294
275 0.0451825
276 0.0451185
277 0.044785
278 0.0446341
279 0.0448254
280 0.0442978
281 0.044455
282 0.0440958
283 0.0439864
284 0.0437589
285 0.0438192
286 0.0436607
287 0.0435114
288 0.0435538
289 0.0431585
290 0.0433024
291 0.0431065
292 0.0428698
293 0.0427913
294 0.0427674
295 0.0423296
296 0.0428168
297 0.0423584
298 0.0423933
299 0.0425243
300 0.0419894
301 0.042074
302 0.0421979
303 0.0417996
304 0.0420126
305 0.0420035
306 0.0417222
307 0.0415614
308 0.0416107
309 0.0416646
310 0.0412742
311 0.0415228
312 0.0413356
313 0.0409617
314 0.0409866
315 0.0410068
316 0.0409396
317 0.0408463
318 0.0405371
319 0.0406604
320 0.0406004
321 0.0403009
322 0.0405028
323 0.0403537
324 0.0400427
325 0.040423
326 0.0398453
327 0.0402804
328 0.0402932
329 0.039833
330 0.0402202
331 0.0398306
332 0.0398552
333 0.0397059
334 0.0396797
335 0.0398053
336 0.0392131
337 0.0392401
338 0.0394522
339 0.0390289
340 0.0389904
341 0.0391911
342 0.038901
343 0.0387397
344 0.0387812
345 0.0384896
346 0.0387321
347 0.0386464
348 0.0385102
349 0.0383138
350 0.038784
351 0.038399
352 0.0382567
353 0.0383545
354 0.0386036
355 0.0380268
356 0.0379537
357 0.0378688
358 0.0376309
359 0.0372628
360 0.0375179
361 0.0372741
362 0.037038
363 0.0370913
364 0.0369791
365 0.0368177
366 0.0367352
367 0.0367839
368 0.0366556
369 0.036785
370 0.0366193
371 0.0367909
372 0.0365508
373 0.0366059
374 0.0365089
375 0.0366273
376 0.0367233
377 0.036595
378 0.0366581
379 0.0368033
380 0.037229
381 0.0372302
382 0.0366032
383 0.0365573
384 0.0364402
385 0.0361111
386 0.036064
387 0.0360586
388 0.0358438
389 0.0355275
390 0.0355953
391 0.0355876
392 0.0355828
393 0.0355681
394 0.0355836
395 0.0354824
396 0.035423
397 0.0353122
398 0.0352632
399 0.0353634
400 0.0352513
