1 0.499282
2 0.500705
3 0.499918
4 0.500023
5 0.499704
6 0.500684
7 0.500476
8 0.499493
9 0.49909
10 0.499695
11 0.49913
12 0.500155
13 0.499915
14 0.500635
15 0.500519
16 0.667888
17 0.665854
18 0.667034
19 0.667482
20 0.67154
21 0.677456
22 0.690871
23 0.708623
24 0.725748
25 0.741782
26 0.755682
27 0.765348
28 0.773885
29 0.781921
30 0.789882
31 0.797303
32 0.804804
33 0.811444
34 0.817131
35 0.821417
36 0.82589
37 0.82927
38 0.830634
39 0.833082
40 0.833655
41 0.834901
42 0.835907
43 0.835501
44 0.835367
45 0.833845
46 0.834146
47 0.828235
48 0.829156
49 0.828398
50 0.821745
51 0.822924
52 0.823296
53 0.820816
54 0.811293
55 0.813888
56 0.810145
57 0.809109
58 0.806218
59 0.806829
60 0.804419
61 0.801746
62 0.799974
63 0.800766
64 0.803221
65 0.800225
66 0.804288
67 0.797973
68 0.799163
69 0.80432
70 0.806103
71 0.80726
72 0.810984
73 0.810784
74 0.807203
75 0.812189
76 0.815263
77 0.812565
78 0.815823
79 0.820849
80 0.819395
81 0.823933
82 0.820116
83 0.822615
84 0.826846
85 0.829363
86 0.830757
87 0.832593
88 0.835019
89 0.836759
90 0.837717
91 0.839918
92 0.834018
93 0.837323
94 0.840351
95 0.840512
96 0.842241
97 0.842977
98 0.83936
99 0.839145
100 0.839537
101 0.840233
102 0.841718
103 0.842227
104 0.841667
105 0.84279
106 0.843664
107 0.844084
108 0.845112
109 0.845114
110 0.8457
111 0.844866
112 0.845236
113 0.842829
114 0.84193
115 0.841003
116 0.839055
117 0.83786
118 0.835767
119 0.834719
120 0.831547
121 0.827979
122 0.826373
123 0.826828
124 0.820422
125 0.815923
126 0.818595
127 0.81626
128 0.814488
129 0.810197
130 0.810678
131 0.811709
132 0.812496
133 0.812265
134 0.813673
135 0.813463
136 0.813722
137 0.813852
138 0.813555
139 0.813684
140 0.81469
141 0.812051
142 0.812467
143 0.812057
144 0.81125
145 0.809748
146 0.812207
147 0.810846
148 0.811341
149 0.809355
150 0.809456
151 0.808525
152 0.808049
153 0.809387
154 0.808378
155 0.80681
156 0.806612
157 0.80734
158 0.807031
159 0.806118
160 0.806252
161 0.806198
162 0.80529
163 0.805579
164 0.806071
165 0.807347
166 0.807877
167 0.809801
168 0.809838
169 0.809692
170 0.811613
171 0.811998
172 0.813068
173 0.814393
174 0.815284
175 0.817616
176 0.816567
177 0.818838
178 0.819311
179 0.820131
180 0.823377
181 0.823317
182 0.826018
183 0.82547
184 0.82846
185 0.828238
186 0.830842
187 0.831558
188 0.832668
189 0.8342
190 0.836516
191 0.837193
192 0.838591
193 0.841967
194 0.840876
195 0.842894
196 0.845544
197 0.844728
198 0.846687
199 0.848517
200 0.849676
201 0.851197
202 0.852636
203 0.854184
204 0.855101
205 0.856482
206 0.857659
207 0.859456
208 0.859939
209 0.86131
210 0.863516
211 0.86332
212 0.86546
213 0.866029
214 0.867439
215 0.868119
216 0.869864
217 0.871097
218 0.871198
219 0.873427
220 0.873116
221 0.87323
222 0.874679
223 0.875732
224 0.874837
225 0.876845
226 0.878168
227 0.877504
228 0.878864
229 0.879405
230 0.879917
231 0.880434
232 0.880894
233 0.88064
234 0.880989
235 0.882776
236 0.882618
237 0.883628
238 0.883847
239 0.883763
240 0.885149
241 0.884886
242 0.885728
243 0.885957
244 0.885875
245 0.886565
246 0.888031
247 0.887201
248 0.88766
249 0.889119
250 0.888437
251 0.888217
252 0.889014
253 0.889567
254 0.889413
255 0.889366
256 0.889641
257 0.889631
258 0.890238
259 0.890163
260 0.890113
261 0.890453
262 0.890468
263 0.891439
264 0.890831
265 0.891608
266 0.891281
267 0.891407
268 0.891962
269 0.891358
270 0.892071
271 0.891756
272 0.89192
273 0.892188
274 0.892056
275 0.892457
276 0.892646
277 0.893014
278 0.892878
279 0.892823
280 0.893437
281 0.892651
282 0.893595
283 0.89313
284 0.893199
285 0.893804
286 0.893661
287 0.89384
288 0.893437
289 0.893977
290 0.894251
291 0.894483
292 0.894835
293 0.89448
294 0.894626
295 0.895481
296 0.893877
297 0.89525
298 0.894952
299 0.89433
300 0.895344
301 0.895366
302 0.894895
303 0.895619
304 0.894838
305 0.895634
306 0.895648
307 0.895836
308 0.89577
309 0.895643
310 0.895844
311 0.895778
312 0.896668
313 0.896498
314 0.896579
315 0.896188
316 0.896546
317 0.896627
318 0.896745
319 0.89727
320 0.896775
321 0.896713
322 0.896527
323 0.896727
324 0.897289
325 0.897061
326 0.897489
327 0.896959
328 0.897272
329 0.896748
330 0.897193
331 0.897359
332 0.897415
333 0.897369
334 0.897757
335 0.897441
336 0.898275
337 0.898325
338 0.897548
339 0.89818
340 0.898047
341 0.897983
342 0.898833
343 0.899302
344 0.898273
345 0.898642
346 0.898573
347 0.898634
348 0.898612
349 0.898603
350 0.89844
351 0.898901
352 0.899378
353 0.899155
354 0.898877
355 0.898937
356 0.899348
357 0.899412
358 0.90001
359 0.900199
360 0.899247
361 0.900291
362 0.899921
363 0.900339
364 0.901094
365 0.900803
366 0.901202
367 0.9006
368 0.900632
369 0.900514
370 0.901232
371 0.900706
372 0.901601
373 0.900439
374 0.901342
375 0.900845
376 0.900688
377 0.900675
378 0.900878
379 0.900683
380 0.89984
381 0.899809
382 0.901131
383 0.900448
384 0.900979
385 0.900822
386 0.901588
387 0.901073
388 0.901815
389 0.902098
390 0.901928
391 0.901748
392 0.901993
393 0.901814
394 0.902028
395 0.901433
396 0.901946
397 0.901984
398 0.902467
399 0.901489
400 0.902224
