1 0.499282
2 0.499994
3 0.499968
4 0.499982
5 0.499926
6 0.500052
7 0.500113
8 0.500036
9 0.499931
10 0.499907
11 0.499836
12 0.499862
13 0.499866
14 0.499922
15 0.499961
16 0.510457
17 0.519589
18 0.527793
19 0.535113
20 0.54196
21 0.548417
22 0.554916
23 0.561566
24 0.568413
25 0.575309
26 0.582269
27 0.588938
28 0.595677
29 0.602037
30 0.608234
31 0.614484
32 0.620391
33 0.626217
34 0.631629
35 0.637174
36 0.64247
37 0.647502
38 0.652326
39 0.656879
40 0.661395
41 0.665602
42 0.669718
43 0.67341
44 0.677157
45 0.680626
46 0.683972
47 0.68699
48 0.690043
49 0.692873
50 0.69544
51 0.697797
52 0.700343
53 0.702565
54 0.704634
55 0.706629
56 0.708456
57 0.710008
58 0.71186
59 0.7135
60 0.715026
61 0.716434
62 0.717815
63 0.719033
64 0.72042
65 0.721619
66 0.722908
67 0.724016
68 0.725124
69 0.726284
70 0.727411
71 0.728546
72 0.7297
73 0.731017
74 0.731835
75 0.732893
76 0.733983
77 0.735008
78 0.736043
79 0.737071
80 0.73814
81 0.739264
82 0.740183
83 0.741172
84 0.742187
85 0.743292
86 0.744295
87 0.745256
88 0.746276
89 0.747225
90 0.748323
91 0.749252
92 0.750247
93 0.751117
94 0.752138
95 0.753032
96 0.753973
97 0.754882
98 0.755779
99 0.756606
100 0.757393
101 0.75827
102 0.759203
103 0.760025
104 0.760694
105 0.761384
106 0.762205
107 0.763005
108 0.76369
109 0.764489
110 0.765277
111 0.765951
112 0.766653
113 0.767325
114 0.76796
115 0.768648
116 0.769199
117 0.769747
118 0.770414
119 0.770923
120 0.771408
121 0.771885
122 0.772302
123 0.772761
124 0.773166
125 0.77352
126 0.773893
127 0.774052
128 0.774503
129 0.774884
130 0.774988
131 0.775318
132 0.775634
133 0.775889
134 0.77617
135 0.776475
136 0.776699
137 0.777036
138 0.777278
139 0.777534
140 0.777826
141 0.777999
142 0.778252
143 0.778492
144 0.778735
145 0.778958
146 0.779167
147 0.779379
148 0.779617
149 0.779808
150 0.779991
151 0.780183
152 0.780398
153 0.780553
154 0.780786
155 0.780918
156 0.781098
157 0.781266
158 0.781403
159 0.781565
160 0.781724
161 0.781873
162 0.782023
163 0.782141
164 0.782293
165 0.782458
166 0.782602
167 0.782768
168 0.782934
169 0.783075
170 0.783396
171 0.783192
172 0.783683
173 0.78378
174 0.783927
175 0.784169
176 0.784334
177 0.784548
178 0.784715
179 0.784911
180 0.785146
181 0.785363
182 0.78557
183 0.785767
184 0.786023
185 0.786263
186 0.786476
187 0.786728
188 0.78699
189 0.787231
190 0.78749
191 0.787724
192 0.788014
193 0.788272
194 0.788575
195 0.788783
196 0.789144
197 0.789364
198 0.789688
199 0.790034
200 0.7903
201 0.790595
202 0.790903
203 0.791234
204 0.791564
205 0.791932
206 0.792173
207 0.792473
208 0.792812
209 0.793161
210 0.793476
211 0.793808
212 0.794132
213 0.794465
214 0.794825
215 0.795185
216 0.79552
217 0.795844
218 0.796187
219 0.796522
220 0.79696
221 0.797255
222 0.797617
223 0.797949
224 0.798297
225 0.798646
226 0.799003
227 0.799383
228 0.799657
229 0.800058
230 0.800402
231 0.800735
232 0.801095
233 0.801416
234 0.801748
235 0.80209
236 0.802453
237 0.802794
238 0.803125
239 0.803437
240 0.803803
241 0.804209
242 0.804478
243 0.804826
244 0.805143
245 0.805478
246 0.805815
247 0.806155
248 0.806492
249 0.806825
250 0.807109
251 0.807433
252 0.807833
253 0.808087
254 0.808271
255 0.808933
256 0.809057
257 0.809168
258 0.809822
259 0.81002
260 0.810268
261 0.810606
262 0.810951
263 0.811232
264 0.811484
265 0.811826
266 0.812134
267 0.812428
268 0.812697
269 0.813013
270 0.813304
271 0.813612
272 0.813872
273 0.814101
274 0.814451
275 0.814737
276 0.815041
277 0.815299
278 0.815566
279 0.815858
280 0.816139
281 0.816397
282 0.816675
283 0.816939
284 0.817188
285 0.817511
286 0.817753
287 0.818028
288 0.818277
289 0.818548
290 0.818799
291 0.819068
292 0.819347
293 0.81957
294 0.819842
295 0.820091
296 0.820342
297 0.82058
298 0.820844
299 0.821103
300 0.821322
301 0.821581
302 0.821808
303 0.82207
304 0.822307
305 0.822527
306 0.822763
307 0.823084
308 0.823297
309 0.823472
310 0.823729
311 0.82397
312 0.824194
313 0.824403
314 0.824658
315 0.824812
316 0.825105
317 0.825316
318 0.825553
319 0.825782
320 0.826003
321 0.826217
322 0.826433
323 0.826653
324 0.826877
325 0.827107
326 0.827281
327 0.827534
328 0.827741
329 0.827975
330 0.828145
331 0.828362
332 0.828579
333 0.828765
334 0.828973
335 0.829192
336 0.829394
337 0.829601
338 0.829777
339 0.830028
340 0.830218
341 0.830281
342 0.830636
343 0.830783
344 0.831002
345 0.831203
346 0.831367
347 0.831593
348 0.831772
349 0.831979
350 0.832147
351 0.832347
352 0.832535
353 0.832727
354 0.832907
355 0.833108
356 0.833291
357 0.833477
358 0.83366
359 0.833847
360 0.834025
361 0.834217
362 0.834389
363 0.834565
364 0.834759
365 0.834916
366 0.835078
367 0.835285
368 0.835472
369 0.835631
370 0.835816
371 0.836001
372 0.836186
373 0.836336
374 0.836533
375 0.836697
376 0.836859
377 0.837037
378 0.837208
379 0.837386
380 0.837528
381 0.837673
382 0.837855
383 0.838029
384 0.838189
385 0.838338
386 0.838516
387 0.838669
388 0.83885
389 0.838993
390 0.839141
391 0.839334
392 0.839486
393 0.839643
394 0.839807
395 0.839946
396 0.840112
397 0.840278
398 0.840453
399 0.840585
400 0.840734
