1 0.333506
2 0.333506
3 0.333506
4 0.333506
5 0.333369
6 0.333506
7 0.389241
8 0.418421
9 0.419118
10 0.446722
11 0.461614
12 0.461383
13 0.485927
14 0.489402
15 0.503503
16 0.510641
17 0.522215
18 0.528219
19 0.537152
20 0.543027
21 0.551352
22 0.555525
23 0.561167
24 0.566643
25 0.571708
26 0.575862
27 0.581459
28 0.585675
29 0.589874
30 0.593204
31 0.598316
32 0.600855
33 0.604641
34 0.608049
35 0.612577
36 0.614613
37 0.618372
38 0.622104
39 0.624257
40 0.627073
41 0.629968
42 0.632186
43 0.634649
44 0.63744
45 0.640571
46 0.642761
47 0.645051
48 0.646785
49 0.649172
50 0.651974
51 0.6543
52 0.656436
53 0.658011
54 0.658866
55 0.661437
56 0.664753
57 0.666021
58 0.666894
59 0.669421
60 0.671354
61 0.672911
62 0.67463
63 0.676749
64 0.678315
65 0.680241
66 0.680694
67 0.682833
68 0.684388
69 0.68573
70 0.687004
71 0.688885
72 0.689716
73 0.691843
74 0.692362
75 0.695034
76 0.696041
77 0.697494
78 0.698319
79 0.69927
80 0.700439
81 0.701128
82 0.703334
83 0.705265
84 0.706215
85 0.707447
86 0.707378
87 0.709119
88 0.709964
89 0.710507
90 0.711753
91 0.713277
92 0.714412
93 0.715555
94 0.716767
95 0.717035
96 0.718726
97 0.719815
98 0.720556
99 0.720997
100 0.722192
101 0.723184
102 0.724012
103 0.725216
104 0.725899
105 0.726251
106 0.72787
107 0.728508
108 0.729738
109 0.72968
110 0.731022
111 0.731636
112 0.732701
113 0.733147
114 0.733904
115 0.734461
116 0.735534
117 0.736332
118 0.736994
119 0.738163
120 0.738621
121 0.740075
122 0.741227
123 0.740556
124 0.741919
125 0.742053
126 0.743437
127 0.743456
128 0.745518
129 0.745594
130 0.745943
131 0.74664
132 0.747044
133 0.747312
134 0.748212
135 0.748814
136 0.750846
137 0.750652
138 0.751208
139 0.75181
140 0.752946
141 0.752447
142 0.753612
143 0.754458
144 0.753686
145 0.754921
146 0.755578
147 0.755729
148 0.757492
149 0.757798
150 0.758114
151 0.759055
152 0.759234
153 0.759478
154 0.760669
155 0.760898
156 0.76093
157 0.762435
158 0.762412
159 0.763692
160 0.763989
161 0.764328
162 0.764325
163 0.764499
164 0.765586
165 0.767238
166 0.766402
167 0.767658
168 0.766769
169 0.768767
170 0.768289
171 0.76902
172 0.770071
173 0.770347
174 0.770164
175 0.77139
176 0.771077
177 0.772161
178 0.77251
179 0.773233
180 0.772564
181 0.773877
182 0.773665
183 0.774719
184 0.775174
185 0.775624
186 0.775805
187 0.776008
188 0.776454
189 0.776836
190 0.776854
191 0.777354
192 0.777425
193 0.778556
194 0.779272
195 0.77942
196 0.779368
197 0.780418
198 0.780828
199 0.781087
200 0.781227
201 0.781174
202 0.782564
203 0.783416
204 0.78267
205 0.783027
206 0.783297
207 0.783566
208 0.784536
209 0.784073
210 0.78507
211 0.785401
212 0.785953
213 0.786538
214 0.786341
215 0.786818
216 0.787078
217 0.787683
218 0.786885
219 0.788133
220 0.789026
221 0.789072
222 0.789294
223 0.789604
224 0.790762
225 0.790024
226 0.790923
227 0.790152
228 0.791456
229 0.792084
230 0.792385
231 0.792118
232 0.792348
233 0.79366
234 0.792991
235 0.793209
236 0.79385
237 0.794775
238 0.794313
239 0.795394
240 0.794772
241 0.795314
242 0.795776
243 0.796249
244 0.796383
245 0.796871
246 0.796982
247 0.797159
248 0.798018
249 0.798166
250 0.798431
251 0.798697
252 0.798922
253 0.799334
254 0.799511
255 0.799027
256 0.799813
257 0.800601
258 0.79987
259 0.800215
260 0.801369
261 0.801235
262 0.801653
263 0.801678
264 0.802113
265 0.801578
266 0.802403
267 0.802442
268 0.803
269 0.803695
270 0.803292
271 0.804123
272 0.803782
273 0.804616
274 0.805033
275 0.805418
276 0.805444
277 0.805464
278 0.806076
279 0.806574
280 0.806863
281 0.806899
282 0.806825
283 0.807474
284 0.807308
285 0.807956
286 0.80785
287 0.80824
288 0.808677
289 0.808392
290 0.808925
291 0.808345
292 0.809874
293 0.809068
294 0.809637
295 0.810108
296 0.809733
297 0.809971
298 0.810332
299 0.810521
300 0.81129
301 0.811601
302 0.810626
303 0.811426
304 0.811181
305 0.812043
306 0.812201
307 0.812836
308 0.812629
309 0.813097
310 0.813129
311 0.813828
312 0.813187
313 0.814588
314 0.814148
315 0.814368
316 0.81433
317 0.815109
318 0.815155
319 0.814913
320 0.815398
321 0.814849
322 0.81618
323 0.816286
324 0.816334
325 0.81625
326 0.816523
327 0.817047
328 0.817564
329 0.817269
330 0.817399
331 0.817732
332 0.81772
333 0.818268
334 0.818339
335 0.818799
336 0.81856
337 0.818889
338 0.819121
339 0.819001
340 0.819316
341 0.820164
342 0.819552
343 0.819986
344 0.819973
345 0.820589
346 0.820612
347 0.820793
348 0.820583
349 0.820979
350 0.821523
351 0.821768
352 0.821675
353 0.82212
354 0.821964
355 0.822459
356 0.822223
357 0.822202
358 0.822781
359 0.822918
360 0.823137
361 0.823335
362 0.824089
363 0.824039
364 0.823491
365 0.82428
366 0.824398
367 0.824627
368 0.824247
369 0.824705
370 0.824828
371 0.825679
372 0.824754
373 0.825131
374 0.825504
375 0.826064
376 0.82596
377 0.826384
378 0.826795
379 0.826507
380 0.827
381 0.826625
382 0.827123
383 0.827075
384 0.827503
385 0.827475
386 0.827872
387 0.827629
388 0.827977
389 0.82856
390 0.82758
391 0.828729
392 0.828992
393 0.828594
394 0.829386
395 0.828812
396 0.829121
397 0.829082
398 0.829594
399 0.830166
400 0.830012
