1 0.143026
2 0.218528
3 0.103849
4 0.100284
5 0.0898796
6 0.0705304
7 0.077639
8 0.091499
9 0.0749302
10 0.0739662
11 0.065162
12 0.0661871
13 0.0614043
14 0.0608691
15 0.0554059
16 0.0569555
17 0.0528076
18 0.0531133
19 0.0502932
20 0.0504579
21 0.0475892
22 0.0478773
23 0.0456217
24 0.0456083
25 0.0439438
26 0.0438419
27 0.0420993
28 0.0421012
29 0.0408069
30 0.0404964
31 0.0391516
32 0.0391393
33 0.0378645
34 0.0377211
35 0.0365602
36 0.0364439
37 0.0357096
38 0.0352938
39 0.0345991
40 0.0343046
41 0.0336544
42 0.033443
43 0.0327881
44 0.0325538
45 0.0318049
46 0.0317702
47 0.0310722
48 0.0308273
49 0.0303999
50 0.0301737
51 0.029649
52 0.0294641
53 0.0289904
54 0.0288879
55 0.028451
56 0.0280963
57 0.0276265
58 0.0276812
59 0.0271568
60 0.0269635
61 0.0266232
62 0.026371
63 0.0260555
64 0.0259294
65 0.025555
66 0.0255673
67 0.025103
68 0.0249196
69 0.0246972
70 0.0244922
71 0.0241975
72 0.0241088
73 0.0237895
74 0.0236019
75 0.0233402
76 0.0231775
77 0.0229632
78 0.0228208
79 0.0227244
80 0.0224297
81 0.022373
82 0.0221752
83 0.0218633
84 0.0217016
85 0.021506
86 0.0214931
87 0.0212679
88 0.0211519
89 0.0209468
90 0.0208795
91 0.0206804
92 0.0205616
93 0.0203534
94 0.0202755
95 0.0201266
96 0.0199308
97 0.0198029
98 0.0197287
99 0.0196126
100 0.0194433
101 0.0192668
102 0.0192757
103 0.019063
104 0.0189937
105 0.0188121
106 0.0187105
107 0.018594
108 0.018497
109 0.0184351
110 0.0182447
111 0.0181891
112 0.018089
113 0.0179631
114 0.0178377
115 0.0178047
116 0.0176782
117 0.017538
118 0.0174664
119 0.0173474
120 0.0172918
121 0.0171253
122 0.0170053
123 0.0170266
124 0.0168755
125 0.016855
126 0.0167266
127 0.01665
128 0.0164588
129 0.0163865
130 0.0163761
131 0.0162627
132 0.0162139
133 0.0162015
134 0.0160948
135 0.0160193
136 0.0158521
137 0.0157461
138 0.0157527
139 0.0156482
140 0.0155703
141 0.0155469
142 0.0153983
143 0.0153383
144 0.0153776
145 0.0152559
146 0.0152158
147 0.0151461
148 0.0149709
149 0.0148843
150 0.0148493
151 0.0147691
152 0.0147736
153 0.0146651
154 0.0145671
155 0.0145689
156 0.0145495
157 0.014354
158 0.0143832
159 0.0142411
160 0.0142262
161 0.0141423
162 0.0141536
163 0.0141134
164 0.0139897
165 0.0138754
166 0.0138896
167 0.0137554
168 0.0138122
169 0.0136851
170 0.0136965
171 0.0135889
172 0.013512
173 0.013472
174 0.0134763
175 0.0133577
176 0.0133652
177 0.0132581
178 0.0132105
179 0.0131878
180 0.0132
181 0.0130597
182 0.0131268
183 0.0130236
184 0.0129462
185 0.0128779
186 0.012851
187 0.012799
188 0.012766
189 0.0127375
190 0.012695
191 0.0126869
192 0.0126381
193 0.0124987
194 0.0124892
195 0.0124252
196 0.012411
197 0.0123504
198 0.0123167
199 0.0122823
200 0.0122339
201 0.012213
202 0.0121028
203 0.0120288
204 0.0121128
205 0.0120543
206 0.0120523
207 0.0119643
208 0.0118955
209 0.0118919
210 0.0118071
211 0.0117801
212 0.0117432
213 0.0116917
214 0.0117007
215 0.0116398
216 0.011587
217 0.011605
218 0.0115655
219 0.011492
220 0.0114025
221 0.0114144
222 0.0113803
223 0.0113475
224 0.0112533
225 0.0112667
226 0.0112047
227 0.0112167
228 0.0111238
229 0.011117
230 0.0110577
231 0.0110925
232 0.0110399
233 0.0109765
234 0.01102
235 0.010966
236 0.0108828
237 0.0108486
238 0.0108756
239 0.0107699
240 0.0108034
241 0.0107347
242 0.0106983
243 0.0107119
244 0.0106354
245 0.0106257
246 0.0106122
247 0.0105567
248 0.0105197
249 0.0105003
250 0.0104775
251 0.0104601
252 0.0104121
253 0.0103598
254 0.0103155
255 0.0103913
256 0.0103308
257 0.0102753
258 0.0102667
259 0.0102492
260 0.0101928
261 0.0101914
262 0.0101635
263 0.0101258
264 0.0100737
265 0.0100951
266 0.0100558
267 0.0100116
268 0.00997906
269 0.009947
270 0.00994365
271 0.00990561
272 0.00994853
273 0.00983924
274 0.00982216
275 0.0097707
276 0.0097537
277 0.00975282
278 0.00972927
279 0.00965582
280 0.00962333
281 0.00967531
282 0.00962648
283 0.00958679
284 0.00956963
285 0.00954959
286 0.00952495
287 0.00949041
288 0.00946724
289 0.00947511
290 0.00945154
291 0.00941629
292 0.00940389
293 0.00938616
294 0.00934619
295 0.00934142
296 0.00934617
297 0.00929521
298 0.00930071
299 0.00924928
300 0.00919866
301 0.00920236
302 0.00925711
303 0.00915583
304 0.00917961
305 0.00913035
306 0.0091388
307 0.00909091
308 0.00906257
309 0.00903719
310 0.00903508
311 0.00897123
312 0.0089846
313 0.00892348
314 0.00892959
315 0.00888138
316 0.00890409
317 0.00884921
318 0.00886393
319 0.00886623
320 0.00879673
321 0.00886984
322 0.00878551
323 0.00874834
324 0.00874216
325 0.00873142
326 0.00870895
327 0.00866227
328 0.00863544
329 0.0086623
330 0.00862282
331 0.00860712
332 0.0086049
333 0.00856913
334 0.00859517
335 0.00855514
336 0.00852975
337 0.00850097
338 0.00848284
339 0.00848686
340 0.00847465
341 0.00841978
342 0.00843521
343 0.00841511
344 0.00838084
345 0.00837053
346 0.00834073
347 0.00833583
348 0.00834803
349 0.00833816
350 0.00827686
351 0.00822566
352 0.00823609
353 0.00823029
354 0.00822016
355 0.00819068
356 0.00818288
357 0.00814303
358 0.008162
359 0.00815018
360 0.00815886
361 0.00812923
362 0.00806576
363 0.00803993
364 0.00805852
365 0.00804981
366 0.0080337
367 0.00797252
368 0.00802733
369 0.00800154
370 0.007964
371 0.00793682
372 0.00797978
373 0.00794043
374 0.00791736
375 0.00787715
376 0.00788327
377 0.00782447
378 0.00780413
379 0.00782953
380 0.00781669
381 0.00781245
382 0.00778742
383 0.00780604
384 0.0077444
385 0.00774276
386 0.00771634
387 0.00771912
388 0.00769117
389 0.007657
390 0.00769557
391 0.00764745
392 0.00763373
393 0.00765815
394 0.00761146
395 0.00760154
396 0.00760411
397 0.00757048
398 0.00754822
399 0.00752955
400 0.00753147
