1 0.110084
2 0.110084
3 0.110067
4 0.110096
5 0.110084
6 0.110083
7 0.107707
8 0.104883
9 0.102629
10 0.100156
11 0.0977282
12 0.0957395
13 0.0935029
14 0.0915978
15 0.0896046
16 0.0878486
17 0.0860223
18 0.0845164
19 0.0829373
20 0.0814406
21 0.0799524
22 0.078701
23 0.0775035
24 0.0762014
25 0.0750758
26 0.073994
27 0.0729191
28 0.0718149
29 0.0708838
30 0.069952
31 0.0689792
32 0.0682428
33 0.0673934
34 0.0666094
35 0.0657062
36 0.0649771
37 0.0642718
38 0.0634669
39 0.0628966
40 0.0622234
41 0.0616036
42 0.0609818
43 0.0603155
44 0.0597326
45 0.0591256
46 0.0585994
47 0.0580776
48 0.0575008
49 0.0570822
50 0.0565209
51 0.0559986
52 0.055586
53 0.0550941
54 0.0546317
55 0.0542242
56 0.0537098
57 0.0532656
58 0.0529905
59 0.0524141
60 0.0520601
61 0.0516568
62 0.0513034
63 0.0509527
64 0.0505326
65 0.0501906
66 0.0498567
67 0.0494467
68 0.0490784
69 0.0487969
70 0.0484469
71 0.048066
72 0.0478437
73 0.047432
74 0.0471526
75 0.0468316
76 0.046543
77 0.0462977
78 0.046046
79 0.0457509
80 0.045445
81 0.0452479
82 0.0449949
83 0.0445996
84 0.0443184
85 0.04408
86 0.0439209
87 0.0436344
88 0.0433986
89 0.043153
90 0.0428981
91 0.0426799
92 0.042472
93 0.0422006
94 0.0420231
95 0.0417752
96 0.0415086
97 0.0412955
98 0.04114
99 0.0409659
100 0.0407409
101 0.0405153
102 0.0403497
103 0.0401019
104 0.0400263
105 0.0397357
106 0.0395396
107 0.0393577
108 0.0391771
109 0.03902
110 0.0387732
111 0.0386726
112 0.0384656
113 0.0382599
114 0.0380774
115 0.0379937
116 0.0377723
117 0.0376337
118 0.0374637
119 0.0373059
120 0.037141
121 0.0368981
122 0.0367546
123 0.0367055
124 0.0364784
125 0.0363942
126 0.0362056
127 0.0360471
128 0.0358353
129 0.0357253
130 0.0356313
131 0.0354631
132 0.0352968
133 0.0352417
134 0.0350728
135 0.0349521
136 0.0347855
137 0.0346195
138 0.03454
139 0.0343827
140 0.034247
141 0.0341891
142 0.0339584
143 0.0338074
144 0.033809
145 0.0336705
146 0.0335156
147 0.0334132
148 0.033219
149 0.033112
150 0.033014
151 0.0328896
152 0.0328043
153 0.0327226
154 0.0325477
155 0.0324808
156 0.0324005
157 0.0321814
158 0.0321146
159 0.0319871
160 0.0318983
161 0.0317577
162 0.0317261
163 0.0316369
164 0.0314953
165 0.031341
166 0.0313001
167 0.0311559
168 0.031109
169 0.0309692
170 0.030896
171 0.0307696
172 0.0306713
173 0.0305457
174 0.0304753
175 0.0303908
176 0.0303251
177 0.0301529
178 0.0300799
179 0.0300319
180 0.0300024
181 0.0298079
182 0.0298237
183 0.0296957
184 0.0295896
185 0.0295043
186 0.0294219
187 0.0292985
188 0.0292318
189 0.029157
190 0.0290711
191 0.0290146
192 0.0289527
193 0.0288216
194 0.0287151
195 0.0286503
196 0.028593
197 0.0284724
198 0.0284224
199 0.0282956
200 0.0282538
201 0.028185
202 0.0280866
203 0.0279591
204 0.0279889
205 0.0278753
206 0.0278606
207 0.0277471
208 0.0276457
209 0.0276122
210 0.0274912
211 0.027425
212 0.0273595
213 0.0272653
214 0.0272609
215 0.0271196
216 0.0270687
217 0.0270213
218 0.026973
219 0.0268723
220 0.0267545
221 0.0266981
222 0.0266753
223 0.0265801
224 0.0264914
225 0.0264493
226 0.0263535
227 0.0263383
228 0.02623
229 0.0261658
230 0.0261058
231 0.0260627
232 0.0260079
233 0.0259221
234 0.0259118
235 0.0258157
236 0.0257304
237 0.0256707
238 0.0256729
239 0.0255468
240 0.0255199
241 0.0254488
242 0.0253724
243 0.0253543
244 0.025217
245 0.0252238
246 0.0251388
247 0.0251067
248 0.0250409
249 0.024994
250 0.0249197
251 0.0248642
252 0.0247993
253 0.0247201
254 0.0246737
255 0.024689
256 0.0246098
257 0.0245235
258 0.0244901
259 0.0244476
260 0.0243831
261 0.0243555
262 0.0242898
263 0.0242041
264 0.0241302
265 0.024131
266 0.0240785
267 0.0239908
268 0.0239475
269 0.0239065
270 0.0238501
271 0.0238112
272 0.0238157
273 0.0236891
274 0.0236488
275 0.0236039
276 0.0235417
277 0.0235079
278 0.0234572
279 0.0233636
280 0.0233345
281 0.0233613
282 0.0232909
283 0.0232068
284 0.0231578
285 0.0231305
286 0.0230443
287 0.0229972
288 0.022965
289 0.0229419
290 0.0229056
291 0.0228707
292 0.0228201
293 0.0227933
294 0.0227038
295 0.0226907
296 0.0226525
297 0.0225811
298 0.0225958
299 0.0224949
300 0.0224447
301 0.0224237
302 0.022443
303 0.0223255
304 0.0223103
305 0.0222647
306 0.0222349
307 0.0221862
308 0.0221208
309 0.0220849
310 0.0220328
311 0.0219878
312 0.0219558
313 0.0218572
314 0.0218516
315 0.0218285
316 0.0217849
317 0.0217155
318 0.0217336
319 0.0216842
320 0.0215888
321 0.0216134
322 0.0215654
323 0.0214981
324 0.0214581
325 0.0214417
326 0.0214053
327 0.021321
328 0.0212797
329 0.021286
330 0.0212229
331 0.0211966
332 0.0211708
333 0.0211253
334 0.021149
335 0.0210465
336 0.0210349
337 0.0210015
338 0.0209863
339 0.0209087
340 0.0208923
341 0.0208216
342 0.0208136
343 0.0207612
344 0.0207252
345 0.0207319
346 0.020641
347 0.0206132
348 0.0206141
349 0.0206039
350 0.0205169
351 0.02047
352 0.0204332
353 0.0204083
354 0.0203887
355 0.0203616
356 0.0203301
357 0.0202745
358 0.0202443
359 0.0202269
360 0.0202234
361 0.0201838
362 0.0201112
363 0.0200521
364 0.0200664
365 0.020038
366 0.0200051
367 0.0199349
368 0.0199625
369 0.0198951
370 0.0198809
371 0.0198345
372 0.0198384
373 0.0197887
374 0.0197588
375 0.0196857
376 0.0196904
377 0.0196013
378 0.0195756
379 0.0195793
380 0.0195533
381 0.0195434
382 0.0195035
383 0.0194809
384 0.019425
385 0.0194331
386 0.0193674
387 0.0193558
388 0.0192997
389 0.0192495
390 0.0192657
391 0.0192003
392 0.019192
393 0.0191844
394 0.0191192
395 0.0190886
396 0.0190791
397 0.0190337
398 0.0190058
399 0.0189907
400 0.0189714
