1 0.300258
2 0.300011
3 0.300002
4 0.299897
5 0.300123
6 0.300017
7 0.300416
8 0.300856
9 0.301531
10 0.302214
11 0.303024
12 0.303951
13 0.304868
14 0.305703
15 0.306551
16 0.307425
17 0.30834
18 0.309307
19 0.310232
20 0.311174
21 0.312123
22 0.313033
23 0.313952
24 0.314899
25 0.315897
26 0.316703
27 0.317591
28 0.318548
29 0.319423
30 0.320333
31 0.32114
32 0.32211
33 0.322858
34 0.323824
35 0.324657
36 0.32543
37 0.326197
38 0.326962
39 0.327822
40 0.328564
41 0.32939
42 0.330008
43 0.330743
44 0.331455
45 0.332162
46 0.332803
47 0.333484
48 0.334134
49 0.334782
50 0.335398
51 0.335973
52 0.336578
53 0.337154
54 0.337686
55 0.338341
56 0.338902
57 0.339411
58 0.340005
59 0.340564
60 0.341079
61 0.341638
62 0.34215
63 0.342687
64 0.343189
65 0.343705
66 0.34419
67 0.344706
68 0.345159
69 0.345659
70 0.346139
71 0.346637
72 0.347117
73 0.347671
74 0.348054
75 0.348535
76 0.348986
77 0.349454
78 0.34989
79 0.350363
80 0.35081
81 0.35126
82 0.351716
83 0.352105
84 0.352581
85 0.353013
86 0.353452
87 0.353882
88 0.354323
89 0.354763
90 0.355166
91 0.355625
92 0.356032
93 0.35633
94 0.356847
95 0.357263
96 0.35769
97 0.358088
98 0.358514
99 0.358914
100 0.359317
101 0.359729
102 0.360104
103 0.360523
104 0.360931
105 0.361343
106 0.361697
107 0.362134
108 0.362503
109 0.362903
110 0.363289
111 0.363662
112 0.36404
113 0.364415
114 0.364696
115 0.365171
116 0.365542
117 0.365936
118 0.366293
119 0.366658
120 0.367027
121 0.367395
122 0.367756
123 0.368126
124 0.368481
125 0.36884
126 0.369183
127 0.369559
128 0.369901
129 0.370262
130 0.370595
131 0.370948
132 0.371306
133 0.371648
134 0.371994
135 0.372344
136 0.372684
137 0.37303
138 0.373358
139 0.373705
140 0.374044
141 0.374369
142 0.37472
143 0.375046
144 0.375374
145 0.375698
146 0.376136
147 0.376363
148 0.3767
149 0.377011
150 0.377349
151 0.377674
152 0.37799
153 0.378301
154 0.378633
155 0.378944
156 0.379259
157 0.379575
158 0.379876
159 0.380193
160 0.380508
161 0.380816
162 0.381135
163 0.381428
164 0.381734
165 0.382041
166 0.382338
167 0.382642
168 0.382947
169 0.38324
170 0.383544
171 0.383755
172 0.384148
173 0.384444
174 0.384737
175 0.385031
176 0.385333
177 0.385622
178 0.385888
179 0.386203
180 0.386493
181 0.386781
182 0.387049
183 0.387357
184 0.387636
185 0.387919
186 0.388175
187 0.388485
188 0.388758
189 0.389035
190 0.38931
191 0.389591
192 0.389865
193 0.390139
194 0.390409
195 0.390695
196 0.390959
197 0.39121
198 0.3915
199 0.391765
200 0.392036
201 0.39231
202 0.392581
203 0.392845
204 0.393102
205 0.393495
206 0.393634
207 0.393885
208 0.394151
209 0.394414
210 0.394648
211 0.394926
212 0.395183
213 0.395445
214 0.395698
215 0.395942
216 0.396203
217 0.396459
218 0.396711
219 0.396949
220 0.397206
221 0.397459
222 0.397704
223 0.397954
224 0.398207
225 0.398452
226 0.398708
227 0.398954
228 0.399196
229 0.399441
230 0.39968
231 0.399916
232 0.400157
233 0.400392
234 0.40061
235 0.400867
236 0.401102
237 0.401342
238 0.401577
239 0.401797
240 0.402039
241 0.402261
242 0.402509
243 0.402733
244 0.402962
245 0.403185
246 0.403409
247 0.403638
248 0.403868
249 0.404088
250 0.404317
251 0.404537
252 0.404765
253 0.404995
254 0.405211
255 0.405457
256 0.405661
257 0.405868
258 0.406094
259 0.406323
260 0.406536
261 0.406747
262 0.406967
263 0.407195
264 0.407408
265 0.407625
266 0.407846
267 0.408055
268 0.408266
269 0.408483
270 0.408694
271 0.408911
272 0.409112
273 0.40933
274 0.409532
275 0.409736
276 0.409947
277 0.410154
278 0.410362
279 0.410554
280 0.410773
281 0.410973
282 0.411176
283 0.411384
284 0.411593
285 0.411793
286 0.411992
287 0.412195
288 0.412401
289 0.4126
290 0.412806
291 0.412995
292 0.413197
293 0.413379
294 0.413595
295 0.413787
296 0.413983
297 0.414175
298 0.414375
299 0.414569
300 0.414764
301 0.41495
302 0.415145
303 0.415339
304 0.415528
305 0.415717
306 0.415907
307 0.416115
308 0.416292
309 0.416481
310 0.416669
311 0.416857
312 0.417044
313 0.417228
314 0.417417
315 0.417605
316 0.417781
317 0.417962
318 0.418147
319 0.418332
320 0.418513
321 0.418698
322 0.418875
323 0.419056
324 0.41924
325 0.419418
326 0.419592
327 0.419777
328 0.419958
329 0.420137
330 0.420309
331 0.420488
332 0.420667
333 0.420846
334 0.421017
335 0.421195
336 0.421369
337 0.421544
338 0.421718
339 0.42189
340 0.422075
341 0.422148
342 0.422354
343 0.422581
344 0.422756
345 0.422927
346 0.423094
347 0.423267
348 0.423436
349 0.423606
350 0.423772
351 0.423946
352 0.42411
353 0.424279
354 0.424448
355 0.42461
356 0.424776
357 0.424943
358 0.425102
359 0.425268
360 0.425432
361 0.425595
362 0.425756
363 0.425915
364 0.426077
365 0.426239
366 0.426398
367 0.426563
368 0.426722
369 0.426883
370 0.427042
371 0.427195
372 0.427352
373 0.427516
374 0.427672
375 0.427827
376 0.427984
377 0.428141
378 0.428297
379 0.428451
380 0.428606
381 0.428764
382 0.428914
383 0.429072
384 0.429223
385 0.429372
386 0.429524
387 0.429681
388 0.429826
389 0.429976
390 0.430111
391 0.430283
392 0.430428
393 0.43058
394 0.430716
395 0.430876
396 0.431024
397 0.43117
398 0.431327
399 0.431468
400 0.431615
