1 0.0854859
2 0.0988753
3 0.108644
4 0.115616
5 0.120697
6 0.124498
7 0.127246
8 0.129876
9 0.13247
10 0.13498
11 0.13747
12 0.141702
13 0.1469
14 0.152713
15 0.159039
16 0.165561
17 0.171808
18 0.177888
19 0.183698
20 0.189447
21 0.195152
22 0.200677
23 0.205706
24 0.210851
25 0.216063
26 0.221252
27 0.226241
28 0.23098
29 0.235784
30 0.24024
31 0.244772
32 0.249201
33 0.253582
34 0.257959
35 0.26211
36 0.266098
37 0.270001
38 0.273989
39 0.277827
40 0.281746
41 0.285531
42 0.288909
43 0.292694
44 0.296283
45 0.299694
46 0.303187
47 0.306168
48 0.309349
49 0.312577
50 0.315455
51 0.318518
52 0.321508
53 0.324282
54 0.32733
55 0.329972
56 0.332605
57 0.335494
58 0.3383
59 0.340844
60 0.343785
61 0.346544
62 0.348945
63 0.351718
64 0.3543
65 0.356771
66 0.359373
67 0.36198
68 0.364144
69 0.366414
70 0.369091
71 0.371369
72 0.373812
73 0.376469
74 0.378642
75 0.380815
76 0.383241
77 0.385555
78 0.387774
79 0.389807
80 0.391831
81 0.393996
82 0.396563
83 0.398584
84 0.400749
85 0.402591
86 0.404892
87 0.406723
88 0.408565
89 0.410568
90 0.412839
91 0.414717
92 0.416838
93 0.418872
94 0.420713
95 0.422659
96 0.424584
97 0.426409
98 0.428313
99 0.430105
100 0.432003
101 0.433827
102 0.435705
103 0.43753
104 0.4392
105 0.440766
106 0.442716
107 0.444281
108 0.446403
109 0.448052
110 0.449809
111 0.451352
112 0.453233
113 0.454957
114 0.456573
115 0.458126
116 0.459841
117 0.461235
118 0.462861
119 0.464402
120 0.465879
121 0.467295
122 0.468699
123 0.470215
124 0.472007
125 0.473412
126 0.474993
127 0.476621
128 0.478149
129 0.479636
130 0.481143
131 0.48255
132 0.48418
133 0.485662
134 0.487189
135 0.488317
136 0.489957
137 0.491424
138 0.492755
139 0.494048
140 0.495373
141 0.49661
142 0.49812
143 0.499691
144 0.50076
145 0.502245
146 0.503483
147 0.504818
148 0.506121
149 0.507355
150 0.508409
151 0.509853
152 0.51104
153 0.512545
154 0.513555
155 0.515112
156 0.516214
157 0.51758
158 0.518804
159 0.520078
160 0.521338
161 0.522601
162 0.52377
163 0.524902
164 0.52606
165 0.52722
166 0.528406
167 0.529442
168 0.530479
169 0.531757
170 0.532781
171 0.533881
172 0.535035
173 0.535851
174 0.536819
175 0.538138
176 0.539343
177 0.54047
178 0.541474
179 0.542739
180 0.543643
181 0.544637
182 0.545774
183 0.546767
184 0.547867
185 0.54892
186 0.550099
187 0.551084
188 0.552199
189 0.553046
190 0.553714
191 0.554807
192 0.555901
193 0.556784
194 0.557657
195 0.558701
196 0.559712
197 0.560749
198 0.561619
199 0.562595
200 0.563289
201 0.56436
202 0.56525
203 0.566175
204 0.567207
205 0.568
206 0.568983
207 0.57005
208 0.570908
209 0.571715
210 0.572507
211 0.573435
212 0.574425
213 0.57551
214 0.576312
215 0.577215
216 0.578086
217 0.578599
218 0.579592
219 0.58048
220 0.581337
221 0.58225
222 0.58301
223 0.583946
224 0.584736
225 0.585561
226 0.586565
227 0.587055
228 0.587895
229 0.588738
230 0.589458
231 0.590216
232 0.591198
233 0.592134
234 0.592722
235 0.59372
236 0.594453
237 0.595389
238 0.59618
239 0.596866
240 0.597772
241 0.598355
242 0.599317
243 0.600063
244 0.600859
245 0.601604
246 0.602197
247 0.602952
248 0.603562
249 0.604398
250 0.605253
251 0.605998
252 0.606645
253 0.607409
254 0.608014
255 0.608673
256 0.609505
257 0.610152
258 0.610702
259 0.611348
260 0.612219
261 0.612816
262 0.613692
263 0.614505
264 0.615199
265 0.615792
266 0.616355
267 0.617147
268 0.61773
269 0.618473
270 0.619115
271 0.619901
272 0.620527
273 0.621319
274 0.621892
275 0.622539
276 0.623294
277 0.623842
278 0.624488
279 0.625331
280 0.626105
281 0.626727
282 0.62741
283 0.627916
284 0.628537
285 0.629128
286 0.629702
287 0.63022
288 0.630831
289 0.631475
290 0.632093
291 0.632697
292 0.633318
293 0.634171
294 0.634434
295 0.635041
296 0.635572
297 0.636174
298 0.636661
299 0.637239
300 0.637759
301 0.638366
302 0.63889
303 0.639568
304 0.640176
305 0.640754
306 0.641434
307 0.641905
308 0.642704
309 0.64308
310 0.643666
311 0.643975
312 0.644563
313 0.644986
314 0.645517
315 0.646132
316 0.646586
317 0.647159
318 0.647784
319 0.648241
320 0.648824
321 0.649309
322 0.649843
323 0.650441
324 0.650903
325 0.651359
326 0.651887
327 0.652509
328 0.653034
329 0.653478
330 0.654103
331 0.654538
332 0.655092
333 0.655613
334 0.656092
335 0.656658
336 0.657169
337 0.657722
338 0.658307
339 0.658755
340 0.659208
341 0.659678
342 0.659904
343 0.660261
344 0.660826
345 0.661243
346 0.661774
347 0.662451
348 0.662873
349 0.663251
350 0.663781
351 0.664235
352 0.664705
353 0.665213
354 0.665597
355 0.666241
356 0.666669
357 0.667068
358 0.667626
359 0.668152
360 0.668576
361 0.668999
362 0.669388
363 0.669856
364 0.670282
365 0.670801
366 0.671392
367 0.671788
368 0.67224
369 0.672486
370 0.67306
371 0.673589
372 0.673929
373 0.674415
374 0.674891
375 0.675231
376 0.675636
377 0.675954
378 0.676221
379 0.676528
380 0.677143
381 0.677562
382 0.67802
383 0.678454
384 0.678867
385 0.679305
386 0.679762
387 0.680192
388 0.680505
389 0.680914
390 0.681451
391 0.681857
392 0.682242
393 0.682754
394 0.683083
395 0.68351
396 0.683882
397 0.684211
398 0.68462
399 0.685047
400 0.685432
