1 0.066681
2 0.0667075
3 0.0668365
4 0.066743
5 0.0667312
6 0.0667463
7 0.0667304
8 0.0666809
9 0.0667065
10 0.0667221
11 0.0666951
12 0.0670179
13 0.0675039
14 0.0682208
15 0.0690022
16 0.0698758
17 0.0707775
18 0.0717102
19 0.0726646
20 0.0736741
21 0.0746286
22 0.075632
23 0.076663
24 0.077736
25 0.0788503
26 0.0799694
27 0.081112
28 0.0823165
29 0.0835071
30 0.0848032
31 0.0860676
32 0.0873673
33 0.088672
34 0.0900283
35 0.0913678
36 0.0927497
37 0.0940843
38 0.0954439
39 0.0967712
40 0.0981329
41 0.0994768
42 0.100773
43 0.102093
44 0.103323
45 0.104586
46 0.105827
47 0.107052
48 0.108263
49 0.109444
50 0.110632
51 0.111759
52 0.11289
53 0.113995
54 0.11509
55 0.116149
56 0.117208
57 0.118268
58 0.119281
59 0.120304
60 0.121306
61 0.122291
62 0.12326
63 0.124263
64 0.125229
65 0.126202
66 0.127133
67 0.128101
68 0.129033
69 0.129964
70 0.130908
71 0.131814
72 0.132727
73 0.133627
74 0.134538
75 0.135458
76 0.136363
77 0.137254
78 0.138154
79 0.139029
80 0.139911
81 0.140805
82 0.14171
83 0.142547
84 0.143442
85 0.144304
86 0.145178
87 0.146035
88 0.146906
89 0.14773
90 0.148631
91 0.149488
92 0.15033
93 0.15114
94 0.152015
95 0.15286
96 0.153711
97 0.154549
98 0.15538
99 0.156199
100 0.157044
101 0.157872
102 0.158689
103 0.15952
104 0.160344
105 0.16118
106 0.161983
107 0.162809
108 0.163632
109 0.164426
110 0.165233
111 0.166049
112 0.166848
113 0.167633
114 0.168468
115 0.169248
116 0.170055
117 0.170875
118 0.171645
119 0.172441
120 0.173226
121 0.174025
122 0.174813
123 0.175604
124 0.176382
125 0.177168
126 0.177957
127 0.178738
128 0.179495
129 0.180284
130 0.181051
131 0.181811
132 0.182577
133 0.183348
134 0.184107
135 0.184873
136 0.185629
137 0.186395
138 0.187154
139 0.187909
140 0.188672
141 0.189419
142 0.19018
143 0.190946
144 0.191689
145 0.192421
146 0.193168
147 0.193932
148 0.194668
149 0.1954
150 0.19615
151 0.196895
152 0.197625
153 0.198359
154 0.199088
155 0.19982
156 0.200558
157 0.201277
158 0.202018
159 0.202734
160 0.203458
161 0.20418
162 0.204901
163 0.205618
164 0.206327
165 0.207043
166 0.207754
167 0.208469
168 0.209182
169 0.209887
170 0.210591
171 0.211322
172 0.212008
173 0.212707
174 0.213411
175 0.214111
176 0.214805
177 0.215509
178 0.216211
179 0.216897
180 0.217588
181 0.218278
182 0.218975
183 0.219655
184 0.220338
185 0.221014
186 0.221692
187 0.222386
188 0.223063
189 0.223747
190 0.224418
191 0.225097
192 0.225771
193 0.22645
194 0.227113
195 0.227813
196 0.228449
197 0.229126
198 0.229782
199 0.23044
200 0.231104
201 0.231768
202 0.232426
203 0.233082
204 0.23373
205 0.234436
206 0.23505
207 0.235698
208 0.236348
209 0.236997
210 0.237653
211 0.238286
212 0.23893
213 0.239573
214 0.240218
215 0.240855
216 0.241495
217 0.242144
218 0.242772
219 0.243405
220 0.244037
221 0.244666
222 0.2453
223 0.245927
224 0.246556
225 0.247179
226 0.2478
227 0.248422
228 0.249052
229 0.249669
230 0.250286
231 0.250901
232 0.25152
233 0.252136
234 0.252758
235 0.253361
236 0.253968
237 0.254583
238 0.25519
239 0.255802
240 0.256404
241 0.25698
242 0.257611
243 0.258213
244 0.258814
245 0.259411
246 0.260011
247 0.260598
248 0.261197
249 0.261788
250 0.262385
251 0.262978
252 0.26357
253 0.26416
254 0.264747
255 0.265322
256 0.265914
257 0.266509
258 0.267082
259 0.267655
260 0.268239
261 0.26881
262 0.269393
263 0.269969
264 0.270541
265 0.271118
266 0.271687
267 0.272258
268 0.272827
269 0.273395
270 0.273964
271 0.274528
272 0.275097
273 0.275691
274 0.276221
275 0.276781
276 0.277344
277 0.277904
278 0.278461
279 0.27901
280 0.279571
281 0.280119
282 0.280673
283 0.281222
284 0.281774
285 0.282321
286 0.28287
287 0.283417
288 0.283963
289 0.284507
290 0.285048
291 0.285594
292 0.286135
293 0.286672
294 0.287215
295 0.287753
296 0.28829
297 0.288824
298 0.289356
299 0.289892
300 0.290425
301 0.290954
302 0.291489
303 0.292014
304 0.292544
305 0.293074
306 0.2936
307 0.294114
308 0.294647
309 0.295167
310 0.295688
311 0.296211
312 0.296731
313 0.29725
314 0.297767
315 0.298315
316 0.2988
317 0.299318
318 0.299828
319 0.300338
320 0.300847
321 0.301358
322 0.301866
323 0.302374
324 0.30288
325 0.303385
326 0.303889
327 0.304389
328 0.304892
329 0.305391
330 0.305895
331 0.306384
332 0.306892
333 0.307391
334 0.307883
335 0.308377
336 0.30887
337 0.309363
338 0.309855
339 0.310341
340 0.310827
341 0.31128
342 0.311835
343 0.312308
344 0.312787
345 0.313269
346 0.313753
347 0.314233
348 0.314716
349 0.315194
350 0.315676
351 0.316156
352 0.316631
353 0.317107
354 0.317581
355 0.318058
356 0.318538
357 0.319008
358 0.319483
359 0.319954
360 0.320425
361 0.320896
362 0.321365
363 0.321829
364 0.3223
365 0.322762
366 0.323231
367 0.323694
368 0.324156
369 0.324625
370 0.325082
371 0.325542
372 0.326008
373 0.326459
374 0.326919
375 0.327375
376 0.327834
377 0.328287
378 0.328745
379 0.329198
380 0.329652
381 0.330112
382 0.330554
383 0.331
384 0.331448
385 0.331897
386 0.332343
387 0.332788
388 0.333232
389 0.333677
390 0.334128
391 0.334566
392 0.335005
393 0.335447
394 0.335893
395 0.33633
396 0.336765
397 0.337202
398 0.337639
399 0.338077
400 0.338515
