1 0.300277
2 0.299374
3 0.299924
4 0.299643
5 0.299977
6 0.299954
7 0.300077
8 0.300058
9 0.300115
10 0.300138
11 0.299905
12 0.299919
13 0.299995
14 0.299986
15 0.30011
16 0.299966
17 0.299976
18 0.299934
19 0.300026
20 0.299973
21 0.299999
22 0.299945
23 0.299966
24 0.300042
25 0.300032
26 0.300725
27 0.301466
28 0.302359
29 0.303271
30 0.3044
31 0.305314
32 0.306543
33 0.307462
34 0.308535
35 0.309555
36 0.310568
37 0.311531
38 0.31256
39 0.313503
40 0.314486
41 0.315461
42 0.316299
43 0.31704
44 0.317889
45 0.318819
46 0.319478
47 0.320362
48 0.321059
49 0.32179
50 0.322539
51 0.323206
52 0.323949
53 0.324549
54 0.325275
55 0.325998
56 0.326574
57 0.32707
58 0.327668
59 0.328326
60 0.328827
61 0.329341
62 0.329878
63 0.330505
64 0.330997
65 0.331404
66 0.331878
67 0.332417
68 0.332845
69 0.333272
70 0.333739
71 0.334171
72 0.334576
73 0.335047
74 0.335398
75 0.335813
76 0.336209
77 0.336525
78 0.336977
79 0.337313
80 0.337681
81 0.337968
82 0.338338
83 0.338662
84 0.339011
85 0.339331
86 0.339669
87 0.339978
88 0.340238
89 0.340544
90 0.340875
91 0.341121
92 0.341394
93 0.341653
94 0.341945
95 0.342189
96 0.342498
97 0.342763
98 0.342999
99 0.343251
100 0.34357
101 0.343728
102 0.343978
103 0.34422
104 0.344406
105 0.344692
106 0.344881
107 0.345116
108 0.345306
109 0.345615
110 0.345704
111 0.345928
112 0.346169
113 0.346419
114 0.346555
115 0.346775
116 0.346974
117 0.347193
118 0.347322
119 0.347524
120 0.347711
121 0.34786
122 0.348049
123 0.348257
124 0.348429
125 0.348533
126 0.348725
127 0.348925
128 0.349144
129 0.349292
130 0.349371
131 0.349627
132 0.349776
133 0.349883
134 0.35001
135 0.350183
136 0.350228
137 0.350487
138 0.350601
139 0.350766
140 0.350876
141 0.351043
142 0.3512
143 0.351283
144 0.351385
145 0.351561
146 0.351734
147 0.351807
148 0.35197
149 0.352034
150 0.352229
151 0.352321
152 0.352476
153 0.35258
154 0.352659
155 0.352767
156 0.352897
157 0.35302
158 0.353145
159 0.353245
160 0.353324
161 0.35353
162 0.353589
163 0.353722
164 0.353822
165 0.353918
166 0.354022
167 0.354068
168 0.35421
169 0.354345
170 0.354455
171 0.354524
172 0.35459
173 0.354701
174 0.35484
175 0.354891
176 0.354997
177 0.355089
178 0.355156
179 0.355257
180 0.355407
181 0.355432
182 0.355579
183 0.355627
184 0.355726
185 0.355799
186 0.355902
187 0.356032
188 0.356086
189 0.356146
190 0.356266
191 0.35628
192 0.356403
193 0.356463
194 0.356491
195 0.356644
196 0.35673
197 0.356791
198 0.356863
199 0.356957
200 0.357032
201 0.357147
202 0.357173
203 0.357264
204 0.357344
205 0.357458
206 0.357432
207 0.357572
208 0.357628
209 0.357666
210 0.35776
211 0.357827
212 0.357859
213 0.357946
214 0.358035
215 0.35807
216 0.358188
217 0.358214
218 0.358325
219 0.358347
220 0.358408
221 0.358487
222 0.358543
223 0.358646
224 0.358655
225 0.358756
226 0.358772
227 0.358847
228 0.358961
229 0.358982
230 0.359088
231 0.359089
232 0.359154
233 0.359266
234 0.359257
235 0.359335
236 0.359415
237 0.359415
238 0.359503
239 0.359611
240 0.359628
241 0.359697
242 0.359761
243 0.359747
244 0.359801
245 0.359898
246 0.359969
247 0.360008
248 0.360034
249 0.360105
250 0.360167
251 0.360199
252 0.360284
253 0.360316
254 0.360362
255 0.360423
256 0.360453
257 0.36055
258 0.360562
259 0.360655
260 0.360687
261 0.360698
262 0.360766
263 0.360811
264 0.360842
265 0.360932
266 0.361007
267 0.36102
268 0.361081
269 0.361105
270 0.361137
271 0.361185
272 0.361257
273 0.36128
274 0.361309
275 0.361333
276 0.361384
277 0.361445
278 0.361476
279 0.361527
280 0.36156
281 0.361663
282 0.361634
283 0.36169
284 0.36173
285 0.361769
286 0.361839
287 0.361879
288 0.361923
289 0.361943
290 0.362035
291 0.362062
292 0.362063
293 0.362114
294 0.362175
295 0.36218
296 0.362236
297 0.362314
298 0.362286
299 0.362342
300 0.362375
301 0.362431
302 0.362443
303 0.362533
304 0.362498
305 0.362609
306 0.362634
307 0.362661
308 0.362662
309 0.362731
310 0.362718
311 0.362793
312 0.362841
313 0.362873
314 0.362905
315 0.362921
316 0.362948
317 0.363001
318 0.363067
319 0.363076
320 0.363117
321 0.363161
322 0.363174
323 0.363212
324 0.363261
325 0.36331
326 0.363299
327 0.363334
328 0.363368
329 0.363421
330 0.363447
331 0.363472
332 0.363517
333 0.363539
334 0.363565
335 0.363612
336 0.363644
337 0.363665
338 0.363705
339 0.363731
340 0.36377
341 0.363741
342 0.363764
343 0.363829
344 0.363875
345 0.363886
346 0.363959
347 0.364031
348 0.364003
349 0.364018
350 0.364031
351 0.36413
352 0.364138
353 0.364156
354 0.364179
355 0.364247
356 0.364238
357 0.364268
358 0.364326
359 0.364315
360 0.364315
361 0.364402
362 0.364407
363 0.364444
364 0.364448
365 0.364503
366 0.364513
367 0.364521
368 0.364543
369 0.364595
370 0.364637
371 0.364662
372 0.364661
373 0.364738
374 0.364745
375 0.364757
376 0.364758
377 0.364786
378 0.364801
379 0.364856
380 0.364911
381 0.364907
382 0.364931
383 0.36497
384 0.364984
385 0.364952
386 0.364992
387 0.365069
388 0.365058
389 0.365099
390 0.365135
391 0.365158
392 0.365153
393 0.365192
394 0.365211
395 0.365231
396 0.365263
397 0.365311
398 0.365332
399 0.365283
400 0.365347
