1 0.458379
2 0.338232
3 0.287617
4 0.239337
5 0.219323
6 0.205971
7 0.196279
8 0.184338
9 0.17544
10 0.170317
11 0.166096
12 0.160408
13 0.157186
14 0.152116
15 0.150513
16 0.147107
17 0.144202
18 0.142122
19 0.140837
20 0.138116
21 0.137113
22 0.135312
23 0.134134
24 0.132585
25 0.130964
26 0.130177
27 0.129515
28 0.128991
29 0.128658
30 0.128213
31 0.12799
32 0.127486
33 0.127394
34 0.127074
35 0.126733
36 0.126571
37 0.126458
38 0.126379
39 0.126157
40 0.126259
41 0.125921
42 0.126013
43 0.125986
44 0.125956
45 0.125911
46 0.12599
47 0.125856
48 0.125749
49 0.125834
50 0.125841
51 0.125804
52 0.125838
53 0.125879
54 0.125996
55 0.125885
56 0.125942
57 0.125862
58 0.125885
59 0.125949
60 0.125959
61 0.1259
62 0.1259
63 0.125833
64 0.125776
65 0.125874
66 0.125951
67 0.126003
68 0.126092
69 0.126075
70 0.1261
71 0.125999
72 0.126011
73 0.125997
74 0.126152
75 0.126134
76 0.12609
77 0.126214
78 0.126251
79 0.126171
80 0.12627
81 0.126352
82 0.126194
83 0.12633
84 0.126342
85 0.126228
86 0.126248
87 0.126363
88 0.126425
89 0.126394
90 0.126392
91 0.126387
92 0.126418
93 0.126633
94 0.126484
95 0.12647
96 0.126525
97 0.126545
98 0.126567
99 0.126486
100 0.126541
101 0.126566
102 0.126565
103 0.126588
104 0.126576
105 0.126452
106 0.126611
107 0.126595
108 0.126635
109 0.126743
110 0.126687
111 0.126689
112 0.12673
113 0.126752
114 0.12677
115 0.126745
116 0.12669
117 0.126632
118 0.126808
119 0.126719
120 0.126851
121 0.126817
122 0.126834
123 0.126727
124 0.12681
125 0.126781
126 0.126827
127 0.126818
128 0.126737
129 0.126842
130 0.126925
131 0.126877
132 0.126845
133 0.126825
134 0.126875
135 0.126919
136 0.126929
137 0.126912
138 0.127001
139 0.126943
140 0.126932
141 0.126939
142 0.126915
143 0.126963
144 0.126941
145 0.126955
146 0.126988
147 0.12692
148 0.12694
149 0.126971
150 0.127033
151 0.126996
152 0.127026
153 0.127062
154 0.127022
155 0.126986
156 0.127109
157 0.127058
158 0.127044
159 0.127079
160 0.127037
161 0.127053
162 0.127043
163 0.127031
164 0.127112
165 0.127052
166 0.127108
167 0.127083
168 0.127046
169 0.127184
170 0.127068
171 0.127131
172 0.127077
173 0.127142
174 0.127117
175 0.127079
176 0.127147
177 0.127158
178 0.127102
179 0.127101
180 0.127122
181 0.127051
182 0.127203
183 0.127117
184 0.127129
185 0.12717
186 0.1272
187 0.127166
188 0.127217
189 0.127101
190 0.127164
191 0.127159
192 0.127165
193 0.127113
194 0.127221
195 0.127162
196 0.127173
197 0.127204
198 0.127187
199 0.127152
200 0.127189
201 0.127104
202 0.127151
203 0.127182
204 0.127202
205 0.126943
206 0.127173
207 0.127189
208 0.127192
209 0.127246
210 0.12726
211 0.127129
212 0.127171
213 0.127258
214 0.127152
215 0.127174
216 0.127266
217 0.127169
218 0.127217
219 0.127158
220 0.127199
221 0.127198
222 0.127242
223 0.127215
224 0.12724
225 0.127277
226 0.12726
227 0.127208
228 0.127209
229 0.127266
230 0.127238
231 0.127153
232 0.127255
233 0.127197
234 0.127212
235 0.127188
236 0.127259
237 0.127289
238 0.127202
239 0.127245
240 0.127165
241 0.12729
242 0.127254
243 0.127155
244 0.127221
245 0.127241
246 0.127241
247 0.127256
248 0.127277
249 0.127262
250 0.12721
251 0.127236
252 0.127171
253 0.127208
254 0.127177
255 0.127199
256 0.127242
257 0.127262
258 0.127232
259 0.127257
260 0.127258
261 0.127281
262 0.12725
263 0.127265
264 0.127278
265 0.127225
266 0.127257
267 0.127289
268 0.127277
269 0.127244
270 0.127256
271 0.127208
272 0.127287
273 0.127222
274 0.127278
275 0.127293
276 0.12722
277 0.12726
278 0.127232
279 0.127269
280 0.127262
281 0.12726
282 0.12728
283 0.12723
284 0.127273
285 0.127162
286 0.12718
287 0.127238
288 0.127299
289 0.127177
290 0.127304
291 0.127293
292 0.127272
293 0.127244
294 0.127194
295 0.12729
296 0.127193
297 0.127292
298 0.127245
299 0.127186
300 0.127223
301 0.127247
302 0.127277
303 0.127231
304 0.127265
305 0.127252
306 0.127249
307 0.12724
308 0.127275
309 0.127245
310 0.127201
311 0.127222
312 0.127201
313 0.127246
314 0.127253
315 0.127101
316 0.12721
317 0.127224
318 0.127249
319 0.127204
320 0.127279
321 0.127268
322 0.127292
323 0.127232
324 0.127259
325 0.127252
326 0.127237
327 0.127247
328 0.127297
329 0.127233
330 0.127228
331 0.127275
332 0.127273
333 0.127261
334 0.127265
335 0.127226
336 0.127247
337 0.127213
338 0.127245
339 0.127258
340 0.127162
341 0.127436
342 0.12732
343 0.127263
344 0.127231
345 0.127234
346 0.127261
347 0.127264
348 0.127259
349 0.12729
350 0.127241
351 0.127229
352 0.127242
353 0.127242
354 0.127234
355 0.127234
356 0.127203
357 0.127187
358 0.12725
359 0.127222
360 0.127254
361 0.127237
362 0.127198
363 0.12727
364 0.127268
365 0.127215
366 0.127234
367 0.127184
368 0.127249
369 0.127213
370 0.127204
371 0.127268
372 0.127216
373 0.127193
374 0.127193
375 0.127227
376 0.127213
377 0.127249
378 0.127203
379 0.127261
380 0.127218
381 0.12719
382 0.127264
383 0.127192
384 0.127184
385 0.12723
386 0.12719
387 0.127249
388 0.127242
389 0.127187
390 0.127249
391 0.127122
392 0.12721
393 0.127213
394 0.127266
395 0.127151
396 0.127251
397 0.1272
398 0.127206
399 0.127169
400 0.127205
