1 0.0780356
2 0.0780356
3 0.0780356
4 0.0780197
5 0.0780228
6 0.078025
7 0.0780265
8 0.0780236
9 0.0780214
10 0.0780228
11 0.0780241
12 0.0780223
13 0.0780234
14 0.0780197
15 0.0780165
16 0.0780177
17 0.0780188
18 0.0780181
19 0.0780173
20 0.0780197
21 0.0780174
22 0.0780212
23 0.0780218
24 0.078021
25 0.0780204
26 0.0772833
27 0.0766001
28 0.0756356
29 0.0747119
30 0.0736426
31 0.0726446
32 0.0715251
33 0.0705171
34 0.0694688
35 0.0684716
36 0.0674187
37 0.0664687
38 0.0654624
39 0.0645434
40 0.0635881
41 0.0626839
42 0.061753
43 0.0609349
44 0.0600819
45 0.0592247
46 0.0584748
47 0.0577093
48 0.0569141
49 0.056208
50 0.0554536
51 0.054765
52 0.054028
53 0.0533908
54 0.0527289
55 0.0520939
56 0.0514514
57 0.0509096
58 0.0502921
59 0.0497141
60 0.0491427
61 0.0486095
62 0.0480931
63 0.0475465
64 0.0470206
65 0.046573
66 0.0461037
67 0.0455836
68 0.045151
69 0.0447034
70 0.0442408
71 0.0438147
72 0.0434109
73 0.0429424
74 0.0425692
75 0.0421857
76 0.0418022
77 0.0414414
78 0.0410243
79 0.04067
80 0.0403061
81 0.0399801
82 0.0396628
83 0.0393155
84 0.0389884
85 0.0386036
86 0.0383074
87 0.0380227
88 0.0377257
89 0.0374174
90 0.0371282
91 0.0368715
92 0.036604
93 0.0362632
94 0.0360156
95 0.0357768
96 0.0354903
97 0.0351988
98 0.0349708
99 0.0346932
100 0.0344458
101 0.0342178
102 0.0339705
103 0.0337222
104 0.0335289
105 0.0332939
106 0.0330497
107 0.0328569
108 0.0326585
109 0.0323905
110 0.0322267
111 0.0320192
112 0.0318206
113 0.0315639
114 0.0313783
115 0.0312175
116 0.0310168
117 0.0308258
118 0.0306502
119 0.0304465
120 0.0302925
121 0.0301079
122 0.0299552
123 0.0297441
124 0.0295515
125 0.0294201
126 0.0292317
127 0.0290599
128 0.0288793
129 0.0287481
130 0.0285981
131 0.0283955
132 0.0282668
133 0.028108
134 0.0279873
135 0.027828
136 0.0277137
137 0.0275291
138 0.0273876
139 0.0272338
140 0.027113
141 0.0269642
142 0.0268223
143 0.0267194
144 0.0265838
145 0.0264396
146 0.0262955
147 0.0261848
148 0.0260271
149 0.0259363
150 0.0257653
151 0.0256757
152 0.0255197
153 0.0253907
154 0.0253178
155 0.0252022
156 0.0250686
157 0.0249692
158 0.0248354
159 0.0247303
160 0.0246345
161 0.0244592
162 0.024389
163 0.0242697
164 0.0241687
165 0.0240773
166 0.0239471
167 0.0238949
168 0.0237565
169 0.0236655
170 0.0235392
171 0.0234274
172 0.023373
173 0.0232693
174 0.0231384
175 0.0230676
176 0.0229551
177 0.0228912
178 0.0227962
179 0.0227158
180 0.022575
181 0.022514
182 0.0223985
183 0.0223331
184 0.0222554
185 0.0221627
186 0.0220354
187 0.0219546
188 0.0218877
189 0.0218036
190 0.0217144
191 0.021664
192 0.0215718
193 0.0214774
194 0.0214162
195 0.0213297
196 0.0212293
197 0.0211659
198 0.0211048
199 0.0210212
200 0.0209394
201 0.0208494
202 0.0207778
203 0.020716
204 0.0206248
205 0.020558
206 0.0205187
207 0.0204227
208 0.0203635
209 0.0202929
210 0.0201827
211 0.0201256
212 0.0200818
213 0.0199981
214 0.0199246
215 0.0198482
216 0.0197815
217 0.0197348
218 0.019636
219 0.0195867
220 0.0195525
221 0.0194753
222 0.0194015
223 0.0192953
224 0.0192693
225 0.0192038
226 0.0191828
227 0.0191055
228 0.0190186
229 0.0189693
230 0.0188769
231 0.0188463
232 0.0187905
233 0.0187146
234 0.0186806
235 0.0186067
236 0.0185701
237 0.018532
238 0.0184406
239 0.0183657
240 0.0183054
241 0.0182392
242 0.0182
243 0.0181585
244 0.0181217
245 0.0180551
246 0.0180019
247 0.0179488
248 0.0179044
249 0.0178569
250 0.0177762
251 0.0177272
252 0.0176719
253 0.017636
254 0.017574
255 0.0175394
256 0.0174972
257 0.0174137
258 0.0173955
259 0.0173055
260 0.0172759
261 0.0172384
262 0.0171877
263 0.0171514
264 0.0171169
265 0.0170584
266 0.0169699
267 0.0169393
268 0.0168882
269 0.0168285
270 0.0168131
271 0.0167617
272 0.0167138
273 0.016701
274 0.0166394
275 0.0166012
276 0.0165575
277 0.016498
278 0.0164573
279 0.0164346
280 0.0163747
281 0.0163073
282 0.0162899
283 0.0162427
284 0.0162101
285 0.0161478
286 0.0161078
287 0.0160689
288 0.0160399
289 0.0160125
290 0.0159518
291 0.0158982
292 0.0158987
293 0.0158415
294 0.0157852
295 0.0157567
296 0.0157147
297 0.0156471
298 0.0156461
299 0.0156039
300 0.0155771
301 0.0155144
302 0.0155073
303 0.0154292
304 0.0154159
305 0.0153569
306 0.0153322
307 0.0153193
308 0.015274
309 0.0152133
310 0.015235
311 0.0151715
312 0.0151063
313 0.0150902
314 0.0150675
315 0.0150285
316 0.0149997
317 0.0149416
318 0.0149034
319 0.014874
320 0.0148359
321 0.0148095
322 0.0147834
323 0.0147206
324 0.0146837
325 0.0146568
326 0.0146474
327 0.0145976
328 0.0145902
329 0.0145556
330 0.0145255
331 0.0144783
332 0.0144185
333 0.0144214
334 0.0143987
335 0.0143632
336 0.0143263
337 0.0142955
338 0.0142633
339 0.0142199
340 0.0141793
341 0.0141336
342 0.0141482
343 0.0141099
344 0.0141042
345 0.0140421
346 0.0140156
347 0.0139585
348 0.0139532
349 0.0139436
350 0.0139063
351 0.0138546
352 0.0138278
353 0.0138029
354 0.0137692
355 0.0137343
356 0.0137237
357 0.0136968
358 0.0136534
359 0.0136396
360 0.0136246
361 0.0135752
362 0.0135673
363 0.0135257
364 0.0135215
365 0.0134708
366 0.0134366
367 0.013448
368 0.0134032
369 0.0133778
370 0.0133272
371 0.0133132
372 0.0132862
373 0.0132434
374 0.0132159
375 0.0131891
376 0.0131978
377 0.0131653
378 0.0131517
379 0.0131018
380 0.0130593
381 0.0130726
382 0.0130385
383 0.0129936
384 0.0129953
385 0.0129853
386 0.0129371
387 0.0128985
388 0.0128893
389 0.0128586
390 0.0128143
391 0.0128085
392 0.0127989
393 0.0127719
394 0.0127297
395 0.0127271
396 0.0127064
397 0.0126489
398 0.012634
399 0.0126592
400 0.0126088
