1 0.300277
2 0.299427
3 0.300019
4 0.300057
5 0.300057
6 0.300064
7 0.29994
8 0.29994
9 0.300509
10 0.300007
11 0.299653
12 0.299653
13 0.300136
14 0.300531
15 0.300081
16 0.300081
17 0.300136
18 0.299894
19 0.300293
20 0.299894
21 0.299406
22 0.300003
23 0.299871
24 0.299871
25 0.299406
26 0.319404
27 0.319211
28 0.329243
29 0.329361
30 0.334894
31 0.335243
32 0.340576
33 0.340044
34 0.34311
35 0.343742
36 0.346966
37 0.347085
38 0.348601
39 0.348763
40 0.351797
41 0.351811
42 0.353667
43 0.353371
44 0.354627
45 0.354634
46 0.356192
47 0.35547
48 0.356831
49 0.356494
50 0.357946
51 0.358398
52 0.359172
53 0.359761
54 0.360659
55 0.359576
56 0.360589
57 0.361431
58 0.361338
59 0.36124
60 0.361911
61 0.361358
62 0.362519
63 0.362825
64 0.363465
65 0.363544
66 0.363092
67 0.364787
68 0.363911
69 0.363679
70 0.364012
71 0.364802
72 0.363899
73 0.364826
74 0.365484
75 0.365307
76 0.365839
77 0.365588
78 0.365024
79 0.36625
80 0.365534
81 0.366087
82 0.365643
83 0.366479
84 0.365191
85 0.366476
86 0.367206
87 0.36715
88 0.366192
89 0.367279
90 0.367616
91 0.367226
92 0.368016
93 0.367907
94 0.367284
95 0.367464
96 0.367448
97 0.367568
98 0.367789
99 0.367101
100 0.367363
101 0.368708
102 0.367889
103 0.36866
104 0.368136
105 0.368571
106 0.368998
107 0.367993
108 0.368759
109 0.368479
110 0.368712
111 0.368312
112 0.369112
113 0.368662
114 0.368967
115 0.368494
116 0.369941
117 0.368424
118 0.369551
119 0.369096
120 0.369472
121 0.368994
122 0.370081
123 0.370432
124 0.369807
125 0.369839
126 0.370666
127 0.370616
128 0.370295
129 0.37009
130 0.368925
131 0.370772
132 0.369837
133 0.370624
134 0.370889
135 0.370894
136 0.370738
137 0.369915
138 0.371204
139 0.369989
140 0.370644
141 0.370373
142 0.370684
143 0.371146
144 0.371078
145 0.370864
146 0.371651
147 0.371326
148 0.370827
149 0.370639
150 0.371394
151 0.371268
152 0.370632
153 0.371392
154 0.371342
155 0.371551
156 0.370833
157 0.37144
158 0.371598
159 0.371314
160 0.372261
161 0.371503
162 0.371993
163 0.370879
164 0.371671
165 0.371126
166 0.371501
167 0.371122
168 0.37151
169 0.371435
170 0.371531
171 0.37201
172 0.371355
173 0.371507
174 0.37064
175 0.372311
176 0.371708
177 0.371266
178 0.372106
179 0.371491
180 0.372736
181 0.372083
182 0.372063
183 0.372147
184 0.371971
185 0.371995
186 0.37294
187 0.371063
188 0.372622
189 0.373345
190 0.372172
191 0.372264
192 0.371399
193 0.371945
194 0.372654
195 0.372178
196 0.372718
197 0.371749
198 0.372223
199 0.371658
200 0.37254
201 0.372969
202 0.372085
203 0.372608
204 0.373098
205 0.372293
206 0.372155
207 0.373133
208 0.37209
209 0.373698
210 0.372917
211 0.372498
212 0.373107
213 0.372485
214 0.37327
215 0.372182
216 0.373429
217 0.373292
218 0.372403
219 0.372703
220 0.373121
221 0.372159
222 0.373912
223 0.373558
224 0.373466
225 0.372475
226 0.372313
227 0.372937
228 0.373608
229 0.372075
230 0.372179
231 0.371631
232 0.373399
233 0.372749
234 0.372908
235 0.373335
236 0.373445
237 0.373505
238 0.373258
239 0.373807
240 0.373613
241 0.372899
242 0.373058
243 0.373636
244 0.373351
245 0.372827
246 0.373019
247 0.373987
248 0.373284
249 0.37305
250 0.372476
251 0.373832
252 0.373622
253 0.373856
254 0.372577
255 0.373557
256 0.373431
257 0.374303
258 0.373207
259 0.373778
260 0.37323
261 0.373673
262 0.373012
263 0.373708
264 0.373282
265 0.374205
266 0.374069
267 0.373775
268 0.373309
269 0.373932
270 0.373584
271 0.373229
272 0.374337
273 0.373564
274 0.373684
275 0.373172
276 0.373475
277 0.3728
278 0.373886
279 0.372763
280 0.373163
281 0.373547
282 0.372862
283 0.373592
284 0.373644
285 0.374463
286 0.374103
287 0.37299
288 0.37333
289 0.37319
290 0.373405
291 0.374097
292 0.373842
293 0.373277
294 0.373036
295 0.373929
296 0.373854
297 0.373909
298 0.373447
299 0.374549
300 0.373819
301 0.374357
302 0.37433
303 0.373654
304 0.373861
305 0.373669
306 0.374497
307 0.373658
308 0.374508
309 0.374079
310 0.3733
311 0.373866
312 0.37429
313 0.37493
314 0.374145
315 0.373534
316 0.373317
317 0.374377
318 0.374227
319 0.37362
320 0.374675
321 0.374809
322 0.373772
323 0.374551
324 0.373675
325 0.374566
326 0.374443
327 0.374347
328 0.374077
329 0.37417
330 0.374815
331 0.37402
332 0.374535
333 0.374296
334 0.374752
335 0.374116
336 0.374876
337 0.373603
338 0.373398
339 0.374604
340 0.375394
341 0.37444
342 0.373582
343 0.374374
344 0.374348
345 0.37415
346 0.373389
347 0.37458
348 0.374576
349 0.374208
350 0.374283
351 0.374893
352 0.373708
353 0.375041
354 0.373578
355 0.374651
356 0.373407
357 0.37432
358 0.37409
359 0.374276
360 0.374692
361 0.374365
362 0.374088
363 0.374871
364 0.37426
365 0.374075
366 0.37448
367 0.374385
368 0.374293
369 0.375336
370 0.374114
371 0.374361
372 0.375302
373 0.374686
374 0.374976
375 0.375491
376 0.3741
377 0.374666
378 0.374854
379 0.374075
380 0.3748
381 0.37409
382 0.37415
383 0.373655
384 0.374403
385 0.374556
386 0.375314
387 0.37477
388 0.375458
389 0.374958
390 0.375494
391 0.374462
392 0.374818
393 0.374663
394 0.375236
395 0.374106
396 0.374999
397 0.374979
398 0.374618
399 0.37467
400 0.374657
