1 0.500194
2 0.502362
3 0.50377
4 0.506856
5 0.508473
6 0.509375
7 0.510549
8 0.51358
9 0.516066
10 0.516778
11 0.51832
12 0.520489
13 0.522274
14 0.523186
15 0.527391
16 0.526914
17 0.528705
18 0.529836
19 0.532023
20 0.532881
21 0.534664
22 0.536884
23 0.537283
24 0.539584
25 0.540375
26 0.541081
27 0.542643
28 0.544113
29 0.544942
30 0.545928
31 0.546583
32 0.547572
33 0.547634
34 0.549885
35 0.550442
36 0.55138
37 0.552465
38 0.55444
39 0.554192
40 0.554013
41 0.555707
42 0.556836
43 0.556576
44 0.557649
45 0.558432
46 0.558511
47 0.559194
48 0.559859
49 0.56019
50 0.561316
51 0.561937
52 0.561943
53 0.562664
54 0.562568
55 0.563755
56 0.564434
57 0.564729
58 0.565057
59 0.565486
60 0.56559
61 0.566506
62 0.566982
63 0.567901
64 0.568161
65 0.568403
66 0.569839
67 0.569522
68 0.570752
69 0.570141
70 0.570186
71 0.570636
72 0.570856
73 0.572185
74 0.57222
75 0.573316
76 0.574261
77 0.575043
78 0.574652
79 0.574295
80 0.575387
81 0.575829
82 0.576265
83 0.576824
84 0.576538
85 0.57828
86 0.577871
87 0.578777
88 0.578285
89 0.579128
90 0.579744
91 0.580077
92 0.580876
93 0.581171
94 0.580392
95 0.58246
96 0.582142
97 0.583075
98 0.582481
99 0.583203
100 0.583728
101 0.584208
102 0.584588
103 0.585522
104 0.584909
105 0.585701
106 0.586815
107 0.586876
108 0.587056
109 0.587961
110 0.587862
111 0.587725
112 0.589716
113 0.58929
114 0.58914
115 0.589129
116 0.589768
117 0.590603
118 0.590272
119 0.591168
120 0.591862
121 0.591962
122 0.592001
123 0.592479
124 0.594054
125 0.594204
126 0.593902
127 0.593962
128 0.595232
129 0.594274
130 0.595249
131 0.595456
132 0.595892
133 0.596308
134 0.596555
135 0.596492
136 0.597863
137 0.598177
138 0.598637
139 0.598308
140 0.59933
141 0.599472
142 0.599376
143 0.59965
144 0.59923
145 0.600618
146 0.601436
147 0.600985
148 0.600943
149 0.60202
150 0.601367
151 0.6018
152 0.603013
153 0.603861
154 0.603665
155 0.602946
156 0.604731
157 0.604446
158 0.60464
159 0.604471
160 0.604818
161 0.605077
162 0.606251
163 0.605713
164 0.605757
165 0.605472
166 0.606066
167 0.606778
168 0.607286
169 0.606928
170 0.608041
171 0.608442
172 0.60816
173 0.609204
174 0.609782
175 0.609665
176 0.609575
177 0.609423
178 0.610526
179 0.61033
180 0.610578
181 0.610964
182 0.611399
183 0.610874
184 0.612887
185 0.611805
186 0.613456
187 0.612317
188 0.612859
189 0.612718
190 0.612474
191 0.613616
192 0.613479
193 0.61477
194 0.614605
195 0.615448
196 0.615786
197 0.615318
198 0.61587
199 0.615627
200 0.614778
201 0.61578
202 0.615866
203 0.617065
204 0.616872
205 0.617006
206 0.616613
207 0.61789
208 0.617686
209 0.618516
210 0.618392
211 0.618491
212 0.618571
213 0.618995
214 0.619064
215 0.620106
216 0.619471
217 0.620765
218 0.620332
219 0.620394
220 0.620487
221 0.621709
222 0.621931
223 0.621555
224 0.622784
225 0.621218
226 0.622202
227 0.623356
228 0.62265
229 0.622044
230 0.622739
231 0.623124
232 0.624221
233 0.623089
234 0.623644
235 0.624056
236 0.624037
237 0.624573
238 0.624136
239 0.624832
240 0.625527
241 0.625279
242 0.625999
243 0.626134
244 0.625715
245 0.626732
246 0.626344
247 0.625912
248 0.626066
249 0.627142
250 0.626796
251 0.627154
252 0.627544
253 0.626786
254 0.627156
255 0.627939
256 0.629058
257 0.628656
258 0.629572
259 0.628998
260 0.62962
261 0.628766
262 0.630285
263 0.630346
264 0.630826
265 0.62969
266 0.630681
267 0.630398
268 0.630351
269 0.630765
270 0.631347
271 0.631049
272 0.631462
273 0.631726
274 0.631939
275 0.631782
276 0.631686
277 0.632896
278 0.632714
279 0.63267
280 0.632479
281 0.633096
282 0.633317
283 0.633115
284 0.633331
285 0.633342
286 0.633571
287 0.634084
288 0.633738
289 0.634328
290 0.633664
291 0.63507
292 0.635466
293 0.635339
294 0.635107
295 0.635479
296 0.635275
297 0.635591
298 0.636052
299 0.635969
300 0.636902
301 0.636531
302 0.636644
303 0.636339
304 0.636996
305 0.636925
306 0.637879
307 0.637569
308 0.637453
309 0.63714
310 0.637394
311 0.638121
312 0.637249
313 0.638169
314 0.637749
315 0.638882
316 0.638542
317 0.638302
318 0.638934
319 0.640177
320 0.639848
321 0.638464
322 0.639985
323 0.640612
324 0.640275
325 0.640881
326 0.640659
327 0.6413
328 0.640516
329 0.64111
330 0.640636
331 0.640443
332 0.640726
333 0.641817
334 0.641348
335 0.641607
336 0.642151
337 0.643034
338 0.642015
339 0.642845
340 0.642583
341 0.643102
342 0.643117
343 0.642202
344 0.642655
345 0.644041
346 0.644274
347 0.643658
348 0.643796
349 0.643712
350 0.644955
351 0.643947
352 0.645033
353 0.644407
354 0.644546
355 0.644821
356 0.645904
357 0.644667
358 0.645431
359 0.645279
360 0.645428
361 0.645863
362 0.646107
363 0.645627
364 0.645636
365 0.645502
366 0.646185
367 0.646106
368 0.646705
369 0.646902
370 0.645882
371 0.646675
372 0.646574
373 0.647297
374 0.648253
375 0.647238
376 0.647883
377 0.647715
378 0.648035
379 0.648039
380 0.647399
381 0.647489
382 0.647945
383 0.648544
384 0.649173
385 0.648272
386 0.648338
387 0.648771
388 0.648366
389 0.648514
390 0.648986
391 0.649096
392 0.649505
393 0.64977
394 0.649737
395 0.64926
396 0.649532
397 0.650654
398 0.649786
399 0.650018
400 0.650061
