1 0.219941
2 0.21902
3 0.218063
4 0.217064
5 0.216113
6 0.215185
7 0.214228
8 0.213314
9 0.212373
10 0.211455
11 0.210532
12 0.20963
13 0.208737
14 0.20785
15 0.206976
16 0.206101
17 0.205239
18 0.204358
19 0.203517
20 0.202677
21 0.201857
22 0.20104
23 0.200236
24 0.199434
25 0.198653
26 0.197883
27 0.19712
28 0.196378
29 0.195643
30 0.194929
31 0.194231
32 0.19354
33 0.192858
34 0.19219
35 0.191538
36 0.190897
37 0.190271
38 0.189655
39 0.189051
40 0.188461
41 0.187884
42 0.187317
43 0.186765
44 0.186219
45 0.185684
46 0.185158
47 0.184638
48 0.18413
49 0.183635
50 0.183148
51 0.182667
52 0.182196
53 0.18173
54 0.181274
55 0.180823
56 0.18038
57 0.179945
58 0.179513
59 0.179089
60 0.178671
61 0.178256
62 0.177848
63 0.177446
64 0.177048
65 0.17666
66 0.176269
67 0.175886
68 0.175507
69 0.175133
70 0.174765
71 0.1744
72 0.174041
73 0.173682
74 0.173329
75 0.172978
76 0.172631
77 0.172286
78 0.171945
79 0.171608
80 0.171272
81 0.17094
82 0.170609
83 0.170285
84 0.169961
85 0.169638
86 0.16932
87 0.169002
88 0.168689
89 0.168376
90 0.168067
91 0.16776
92 0.167454
93 0.167149
94 0.166848
95 0.16655
96 0.166252
97 0.165957
98 0.16566
99 0.165368
100 0.165077
101 0.164789
102 0.164503
103 0.164218
104 0.163934
105 0.163651
106 0.16337
107 0.163092
108 0.162814
109 0.162538
110 0.162262
111 0.161988
112 0.161717
113 0.161445
114 0.161175
115 0.160907
116 0.16064
117 0.160375
118 0.16011
119 0.159847
120 0.159585
121 0.159325
122 0.159068
123 0.15881
124 0.158552
125 0.158296
126 0.158042
127 0.157789
128 0.157537
129 0.157285
130 0.157036
131 0.156787
132 0.156541
133 0.156294
134 0.156049
135 0.155804
136 0.155562
137 0.15532
138 0.155079
139 0.15484
140 0.154601
141 0.154362
142 0.154125
143 0.15389
144 0.153656
145 0.153422
146 0.15319
147 0.15296
148 0.152729
149 0.152499
150 0.15227
151 0.152042
152 0.151815
153 0.151589
154 0.151364
155 0.15114
156 0.150918
157 0.150696
158 0.150473
159 0.150253
160 0.150033
161 0.149813
162 0.149596
163 0.149378
164 0.149162
165 0.148947
166 0.148733
167 0.14852
168 0.148308
169 0.148095
170 0.147884
171 0.147675
172 0.147464
173 0.147254
174 0.147045
175 0.146836
176 0.146629
177 0.146423
178 0.146218
179 0.146012
180 0.145809
181 0.145607
182 0.145404
183 0.145202
184 0.145001
185 0.144801
186 0.144601
187 0.144402
188 0.144204
189 0.144006
190 0.143809
191 0.143613
192 0.143418
193 0.143223
194 0.143029
195 0.142835
196 0.142642
197 0.142451
198 0.142259
199 0.142069
200 0.14188
201 0.141692
202 0.141503
203 0.141314
204 0.141127
205 0.140941
206 0.140755
207 0.140569
208 0.140385
209 0.140201
210 0.140018
211 0.139835
212 0.139654
213 0.139473
214 0.139292
215 0.139112
216 0.138933
217 0.138753
218 0.138573
219 0.138396
220 0.138219
221 0.138042
222 0.137866
223 0.137689
224 0.137513
225 0.137339
226 0.137165
227 0.136992
228 0.136819
229 0.136647
230 0.136474
231 0.136303
232 0.136132
233 0.135963
234 0.135793
235 0.135624
236 0.135456
237 0.135288
238 0.135121
239 0.134954
240 0.134787
241 0.134622
242 0.134456
243 0.134291
244 0.134126
245 0.133961
246 0.133798
247 0.133635
248 0.133472
249 0.13331
250 0.133148
251 0.132987
252 0.132826
253 0.132666
254 0.132505
255 0.132346
256 0.132187
257 0.132029
258 0.131871
259 0.131713
260 0.131556
261 0.131399
262 0.131243
263 0.131087
264 0.130932
265 0.130778
266 0.130624
267 0.130471
268 0.130318
269 0.130165
270 0.130013
271 0.12986
272 0.129709
273 0.129558
274 0.129407
275 0.129257
276 0.129107
277 0.128958
278 0.128808
279 0.12866
280 0.128512
281 0.128365
282 0.128218
283 0.128071
284 0.127925
285 0.127779
286 0.127634
287 0.127489
288 0.127344
289 0.127199
290 0.127056
291 0.126912
292 0.126769
293 0.126626
294 0.126484
295 0.126342
296 0.126201
297 0.12606
298 0.125919
299 0.125778
300 0.125638
301 0.125498
302 0.125359
303 0.125221
304 0.125082
305 0.124944
306 0.124806
307 0.124669
308 0.124532
309 0.124394
310 0.124258
311 0.124122
312 0.123986
313 0.123851
314 0.123717
315 0.123582
316 0.123448
317 0.123314
318 0.123181
319 0.123047
320 0.122914
321 0.122782
322 0.12265
323 0.122518
324 0.122386
325 0.122255
326 0.122124
327 0.121994
328 0.121864
329 0.121734
330 0.121604
331 0.121475
332 0.121346
333 0.121218
334 0.12109
335 0.120963
336 0.120835
337 0.120707
338 0.12058
339 0.120454
340 0.120327
341 0.120202
342 0.120076
343 0.119951
344 0.119826
345 0.1197
346 0.119576
347 0.119452
348 0.119328
349 0.119204
350 0.119082
351 0.118958
352 0.118836
353 0.118714
354 0.118592
355 0.11847
356 0.118349
357 0.118228
358 0.118107
359 0.117987
360 0.117867
361 0.117747
362 0.117627
363 0.117508
364 0.117389
365 0.11727
366 0.117152
367 0.117034
368 0.116916
369 0.116798
370 0.116681
371 0.116564
372 0.116448
373 0.116332
374 0.116216
375 0.1161
376 0.115985
377 0.11587
378 0.115755
379 0.115641
380 0.115526
381 0.115412
382 0.115298
383 0.115184
384 0.115071
385 0.114958
386 0.114845
387 0.114732
388 0.11462
389 0.114508
390 0.114396
391 0.114284
392 0.114173
393 0.114062
394 0.113952
395 0.113841
396 0.113731
397 0.113621
398 0.113511
399 0.113402
400 0.113292
