1 0.0568293
2 0.0900623
3 0.0499146
4 0.0727383
5 0.045526
6 0.0632374
7 0.0425791
8 0.0569225
9 0.0401252
10 0.0524789
11 0.0384001
12 0.0489911
13 0.0367609
14 0.0462589
15 0.0354405
16 0.0438372
17 0.0344822
18 0.0420738
19 0.0334439
20 0.0404473
21 0.0326929
22 0.0391467
23 0.0320711
24 0.0379827
25 0.0313762
26 0.0331205
27 0.0296253
28 0.029807
29 0.0273659
30 0.0276405
31 0.0257473
32 0.0266631
33 0.0242998
34 0.0246182
35 0.023515
36 0.0235546
37 0.0225082
38 0.0224973
39 0.021268
40 0.0216088
41 0.0206856
42 0.0208004
43 0.0198274
44 0.02023
45 0.0190938
46 0.019042
47 0.018562
48 0.0184374
49 0.0176603
50 0.0183188
51 0.0170637
52 0.0175306
53 0.0167468
54 0.0168371
55 0.016206
56 0.0164891
57 0.0157046
58 0.0157061
59 0.0150261
60 0.0151892
61 0.0146743
62 0.0149102
63 0.0144796
64 0.0144243
65 0.0140241
66 0.0140499
67 0.0137823
68 0.0138064
69 0.0133078
70 0.0134094
71 0.01318
72 0.0131898
73 0.012733
74 0.0128907
75 0.0124963
76 0.0124818
77 0.012309
78 0.0122122
79 0.012022
80 0.0120549
81 0.0117437
82 0.0118635
83 0.0115897
84 0.0115426
85 0.0113596
86 0.0113382
87 0.0111243
88 0.0111437
89 0.0110345
90 0.0109259
91 0.0107028
92 0.0108962
93 0.010618
94 0.0105331
95 0.0104539
96 0.0103826
97 0.0102678
98 0.0103534
99 0.0100896
100 0.0100929
101 0.00999358
102 0.0100441
103 0.00979778
104 0.00988418
105 0.00973801
106 0.00962625
107 0.00954273
108 0.00953404
109 0.00936867
110 0.0093579
111 0.00919401
112 0.00920157
113 0.00915576
114 0.00909733
115 0.00900067
116 0.00905298
117 0.00892216
118 0.00884165
119 0.0087812
120 0.00871384
121 0.00862936
122 0.00868248
123 0.00855071
124 0.00852992
125 0.00847372
126 0.00846564
127 0.008347
128 0.00835737
129 0.00820461
130 0.00822935
131 0.0080993
132 0.00814605
133 0.00805734
134 0.00809438
135 0.00793925
136 0.00793077
137 0.00795416
138 0.00792597
139 0.00783129
140 0.00783328
141 0.00771862
142 0.00769542
143 0.00767561
144 0.00766178
145 0.00755806
146 0.00752684
147 0.00747105
148 0.00752158
149 0.00738574
150 0.00740318
151 0.00735143
152 0.00734969
153 0.00726533
154 0.00726312
155 0.00719951
156 0.00718895
157 0.00711694
158 0.00710363
159 0.00699937
160 0.00705805
161 0.00698678
162 0.00695076
163 0.00690186
164 0.00692483
165 0.00682957
166 0.00681577
167 0.00680592
168 0.00678122
169 0.00677097
170 0.00674126
171 0.00667791
172 0.0066809
173 0.00658591
174 0.00662246
175 0.00655287
176 0.0065268
177 0.00651841
178 0.00647005
179 0.00641717
180 0.00641768
181 0.00639028
182 0.00636862
183 0.00630655
184 0.00626921
185 0.00628897
186 0.0062643
187 0.00619671
188 0.00620613
189 0.00617958
190 0.00617086
191 0.00611395
192 0.00612912
193 0.00607339
194 0.00610816
195 0.00602644
196 0.00600467
197 0.00599845
198 0.00600913
199 0.00593229
200 0.00592234
201 0.00589297
202 0.00584926
203 0.00583047
204 0.00583879
205 0.00580146
206 0.00582171
207 0.0057634
208 0.00576273
209 0.00571959
210 0.00568743
211 0.00565733
212 0.00568032
213 0.00563706
214 0.00563374
215 0.00560203
216 0.00560127
217 0.005568
218 0.00552371
219 0.00553007
220 0.00548934
221 0.00550099
222 0.00545505
223 0.00543666
224 0.00541554
225 0.00541358
226 0.00536956
227 0.00538534
228 0.00534428
229 0.00532799
230 0.00530744
231 0.00527019
232 0.00530109
233 0.0052505
234 0.00524776
235 0.00523357
236 0.00522254
237 0.00515568
238 0.00518398
239 0.0051717
240 0.00515648
241 0.00510202
242 0.00511332
243 0.00508765
244 0.00509498
245 0.00509232
246 0.00508129
247 0.00500726
248 0.00500927
249 0.00498396
250 0.00499182
251 0.00498238
252 0.00496808
253 0.00493513
254 0.00490079
255 0.00488892
256 0.00487342
257 0.00491457
258 0.00489135
259 0.00486755
260 0.00486411
261 0.00480922
262 0.00481596
263 0.00480088
264 0.00477729
265 0.00476798
266 0.004745
267 0.00471284
268 0.00473314
269 0.00469651
270 0.00465297
271 0.00470969
272 0.00466316
273 0.00463095
274 0.00464487
275 0.0046397
276 0.00462086
277 0.00460324
278 0.00456328
279 0.00455775
280 0.00454131
281 0.00453919
282 0.00454635
283 0.00452355
284 0.00449206
285 0.00448866
286 0.0044943
287 0.00448489
288 0.00446504
289 0.00444925
290 0.00443967
291 0.0044234
292 0.00442038
293 0.00441339
294 0.00438161
295 0.004359
296 0.00437171
297 0.00437114
298 0.00433289
299 0.00434023
300 0.00434442
301 0.00431572
302 0.00430047
303 0.00427347
304 0.00427485
305 0.00427611
306 0.00425767
307 0.00427286
308 0.00426402
309 0.00424467
310 0.00422482
311 0.00420108
312 0.00420387
313 0.00418032
314 0.00418082
315 0.00414817
316 0.00413209
317 0.00415472
318 0.00416479
319 0.00412985
320 0.00414111
321 0.00410408
322 0.00410428
323 0.00409546
324 0.00408448
325 0.00406321
326 0.00403979
327 0.00405627
328 0.00403235
329 0.00398915
330 0.00402712
331 0.00400043
332 0.00402061
333 0.00399069
334 0.00400289
335 0.00397969
336 0.00398518
337 0.00393151
338 0.00393155
339 0.00394892
340 0.00394366
341 0.00390805
342 0.00389409
343 0.00389192
344 0.00388383
345 0.00388884
346 0.00388595
347 0.00388392
348 0.00387601
349 0.0038435
350 0.00385396
351 0.00383364
352 0.00381355
353 0.003779
354 0.00379028
355 0.00382726
356 0.0037637
357 0.00377709
358 0.00376575
359 0.00375395
360 0.00375245
361 0.00373953
362 0.00373157
363 0.00372617
364 0.0037263
365 0.00370728
366 0.0036947
367 0.00368869
368 0.00369474
369 0.00366817
370 0.00366921
371 0.00368424
372 0.00367808
373 0.0036578
374 0.00362535
375 0.00367152
376 0.0036386
377 0.00362648
378 0.00359271
379 0.00360656
380 0.00359087
381 0.00358899
382 0.00357505
383 0.0035974
384 0.00356842
385 0.00356303
386 0.00354422
387 0.00355307
388 0.00356791
389 0.00352188
390 0.00354512
391 0.00352181
392 0.00351121
393 0.00348988
394 0.0035317
395 0.00349124
396 0.00349934
397 0.00348782
398 0.00344954
399 0.00347639
400 0.00346538
