1 0.196785
2 0.188543
3 0.182995
4 0.178107
5 0.17408
6 0.170386
7 0.167225
8 0.163993
9 0.161276
10 0.158718
11 0.156195
12 0.153875
13 0.151646
14 0.149634
15 0.147637
16 0.145756
17 0.143891
18 0.142287
19 0.140626
20 0.139026
21 0.137623
22 0.136234
23 0.134738
24 0.133546
25 0.132196
26 0.130889
27 0.129741
28 0.12862
29 0.127426
30 0.126401
31 0.125316
32 0.124192
33 0.123102
34 0.122167
35 0.121267
36 0.120621
37 0.119401
38 0.118442
39 0.117674
40 0.116874
41 0.116035
42 0.115207
43 0.114356
44 0.113751
45 0.11283
46 0.112196
47 0.111491
48 0.110827
49 0.110086
50 0.109358
51 0.108655
52 0.108053
53 0.107338
54 0.106828
55 0.106225
56 0.105558
57 0.105012
58 0.104487
59 0.103833
60 0.103204
61 0.102718
62 0.102087
63 0.10177
64 0.101068
65 0.100478
66 0.100103
67 0.0995358
68 0.0992139
69 0.0985565
70 0.0981286
71 0.0977266
72 0.0971289
73 0.096703
74 0.096327
75 0.0959057
76 0.0955037
77 0.0950627
78 0.094555
79 0.0941985
80 0.093811
81 0.0932735
82 0.0928724
83 0.0925017
84 0.0921097
85 0.091798
86 0.0913128
87 0.0909719
88 0.0904873
89 0.0902475
90 0.0898382
91 0.0894018
92 0.0891821
93 0.0887764
94 0.0883826
95 0.0880434
96 0.0877079
97 0.087451
98 0.0871186
99 0.0867057
100 0.086412
101 0.0859057
102 0.0856235
103 0.0853514
104 0.0849703
105 0.0847158
106 0.0845333
107 0.0842195
108 0.0838393
109 0.0835665
110 0.0832437
111 0.0829813
112 0.0827695
113 0.0824127
114 0.0822582
115 0.0819343
116 0.0815791
117 0.0813459
118 0.0809657
119 0.0807518
120 0.0805035
121 0.0802761
122 0.079988
123 0.079648
124 0.0794771
125 0.0792731
126 0.0790417
127 0.0786926
128 0.0784944
129 0.0781322
130 0.0779279
131 0.0777306
132 0.0775303
133 0.0772892
134 0.0770584
135 0.0768403
136 0.0765006
137 0.0764214
138 0.0760379
139 0.0758843
140 0.0756111
141 0.0754623
142 0.0752547
143 0.0749808
144 0.0747335
145 0.0745764
146 0.0742215
147 0.0742635
148 0.0739253
149 0.0738093
150 0.0735762
151 0.0733657
152 0.0730918
153 0.0729302
154 0.0727464
155 0.0724433
156 0.0723151
157 0.0721618
158 0.071921
159 0.0718865
160 0.0715418
161 0.0714227
162 0.071203
163 0.0710069
164 0.0707903
165 0.0705656
166 0.0704995
167 0.0702425
168 0.0701293
169 0.0698821
170 0.0696803
171 0.0696233
172 0.0693652
173 0.0692364
174 0.0690389
175 0.0688324
176 0.0687073
177 0.0684961
178 0.068365
179 0.0681658
180 0.0680374
181 0.0678921
182 0.0677469
183 0.0675087
184 0.0674343
185 0.0672398
186 0.067114
187 0.0669489
188 0.0668364
189 0.0665353
190 0.0665806
191 0.0663592
192 0.0660574
193 0.0660708
194 0.0658635
195 0.0657421
196 0.0655711
197 0.0653841
198 0.0652557
199 0.0650847
200 0.0649664
201 0.0647578
202 0.0646446
203 0.0643234
204 0.0643909
205 0.0642849
206 0.063949
207 0.0639854
208 0.0638315
209 0.0637207
210 0.0635354
211 0.0633926
212 0.0632568
213 0.0631047
214 0.0630683
215 0.0627919
216 0.0627702
217 0.062577
218 0.0624951
219 0.0624289
220 0.0623003
221 0.0621826
222 0.0619732
223 0.0618877
224 0.0618317
225 0.0615701
226 0.061463
227 0.0612948
228 0.0612329
229 0.0611492
230 0.0611214
231 0.0609803
232 0.0608085
233 0.0606133
234 0.0605342
235 0.0604465
236 0.0602733
237 0.0601685
238 0.060046
239 0.0599639
240 0.0597608
241 0.0597126
242 0.0596017
243 0.0594579
244 0.0593403
245 0.0592307
246 0.0591439
247 0.0590581
248 0.0588797
249 0.0587715
250 0.0586812
251 0.0585849
252 0.0584489
253 0.0583638
254 0.0582039
255 0.0582026
256 0.0580438
257 0.0578919
258 0.0577074
259 0.0577114
260 0.0576455
261 0.057532
262 0.0574582
263 0.0572977
264 0.057187
265 0.0571568
266 0.0569676
267 0.0569006
268 0.0568328
269 0.0566837
270 0.0565641
271 0.0565429
272 0.0563902
273 0.0563566
274 0.0562657
275 0.0561197
276 0.0560087
277 0.0558911
278 0.0557931
279 0.0556978
280 0.0556524
281 0.0555713
282 0.0554497
283 0.0554146
284 0.0552722
285 0.0550388
286 0.0549987
287 0.0549757
288 0.0549011
289 0.0547291
290 0.0547123
291 0.0546551
292 0.0545504
293 0.0544869
294 0.0544456
295 0.0542289
296 0.0541512
297 0.0540599
298 0.0539661
299 0.0539859
300 0.0538219
301 0.0537583
302 0.0536361
303 0.0535603
304 0.0534705
305 0.0534328
306 0.053387
307 0.0532584
308 0.0531964
309 0.0530691
310 0.0529445
311 0.0528675
312 0.0528142
313 0.0527273
314 0.0526868
315 0.0524778
316 0.0524785
317 0.0524984
318 0.0522602
319 0.0522239
320 0.0521854
321 0.0520063
322 0.0519562
323 0.0519518
324 0.0518421
325 0.0517966
326 0.0516864
327 0.0516084
328 0.0515409
329 0.0513527
330 0.0513824
331 0.051282
332 0.0512619
333 0.0511333
334 0.0511074
335 0.0510895
336 0.050955
337 0.050817
338 0.0507894
339 0.0506561
340 0.050639
341 0.0505413
342 0.0504805
343 0.0503677
344 0.0503629
345 0.050199
346 0.0501429
347 0.0501871
348 0.0500858
349 0.049968
350 0.049909
351 0.0497791
352 0.0497833
353 0.0496882
354 0.0496187
355 0.0495438
356 0.0495045
357 0.0494727
358 0.0493509
359 0.0492777
360 0.0491861
361 0.0491315
362 0.0490734
363 0.0489635
364 0.0489063
365 0.04882
366 0.0488066
367 0.0487422
368 0.0487062
369 0.0485862
370 0.048502
371 0.0484756
372 0.0483953
373 0.0483707
374 0.0482967
375 0.048258
376 0.0481742
377 0.0481102
378 0.0480848
379 0.0479989
380 0.0478644
381 0.0478393
382 0.0478096
383 0.0477071
384 0.0476612
385 0.0474873
386 0.0475342
387 0.0474882
388 0.0473813
389 0.047389
390 0.0472886
391 0.0472289
392 0.0471649
393 0.0471188
394 0.0470572
395 0.0468966
396 0.0468765
397 0.0468424
398 0.0467599
399 0.0467115
400 0.0466137
