1 0.500001
2 0.365179
3 0.295147
4 0.254021
5 0.232346
6 0.212916
7 0.197582
8 0.187242
9 0.178805
10 0.171676
11 0.16618
12 0.161311
13 0.156848
14 0.153094
15 0.150191
16 0.14745
17 0.145265
18 0.142859
19 0.141223
20 0.139423
21 0.137719
22 0.136449
23 0.135016
24 0.133675
25 0.13268
26 0.131903
27 0.130681
28 0.129816
29 0.129181
30 0.128388
31 0.127418
32 0.126774
33 0.126004
34 0.125677
35 0.124832
36 0.124075
37 0.12349
38 0.123158
39 0.122714
40 0.122363
41 0.121772
42 0.121057
43 0.120902
44 0.120732
45 0.120242
46 0.119816
47 0.119245
48 0.118941
49 0.118655
50 0.118442
51 0.118154
52 0.117729
53 0.117501
54 0.116953
55 0.117038
56 0.116688
57 0.116621
58 0.116382
59 0.115905
60 0.115797
61 0.115562
62 0.115184
63 0.114847
64 0.114437
65 0.11468
66 0.114349
67 0.114373
68 0.114109
69 0.113781
70 0.113737
71 0.113454
72 0.113225
73 0.112762
74 0.112887
75 0.11261
76 0.112738
77 0.112481
78 0.112376
79 0.112349
80 0.111957
81 0.111894
82 0.111957
83 0.111644
84 0.111545
85 0.111545
86 0.111329
87 0.111116
88 0.11115
89 0.111036
90 0.110817
91 0.110827
92 0.110471
93 0.110257
94 0.110327
95 0.110231
96 0.110124
97 0.10998
98 0.109938
99 0.10988
100 0.109778
101 0.109647
102 0.109726
103 0.109429
104 0.10935
105 0.109233
106 0.109181
107 0.109185
108 0.108972
109 0.108767
110 0.10903
111 0.108723
112 0.108621
113 0.108567
114 0.108319
115 0.108448
116 0.108512
117 0.108393
118 0.108316
119 0.108162
120 0.107991
121 0.107977
122 0.107858
123 0.1078
124 0.107809
125 0.107618
126 0.10747
127 0.107528
128 0.107375
129 0.107438
130 0.10724
131 0.107223
132 0.107402
133 0.107113
134 0.107134
135 0.106994
136 0.107015
137 0.106896
138 0.106864
139 0.106526
140 0.1068
141 0.106654
142 0.106609
143 0.106612
144 0.106426
145 0.106458
146 0.106428
147 0.106231
148 0.106202
149 0.106236
150 0.106128
151 0.106058
152 0.105992
153 0.105961
154 0.10592
155 0.105954
156 0.105902
157 0.105789
158 0.105819
159 0.10577
160 0.105695
161 0.105517
162 0.10555
163 0.105522
164 0.105528
165 0.105558
166 0.105313
167 0.105539
168 0.105225
169 0.105197
170 0.105517
171 0.105469
172 0.105019
173 0.105043
174 0.104997
175 0.105052
176 0.104952
177 0.105022
178 0.104873
179 0.104991
180 0.104871
181 0.104715
182 0.104661
183 0.104716
184 0.104679
185 0.104596
186 0.104377
187 0.104817
188 0.104447
189 0.104464
190 0.104406
191 0.104398
192 0.104214
193 0.104456
194 0.104406
195 0.104464
196 0.104388
197 0.104299
198 0.104191
199 0.104178
200 0.104214
201 0.104142
202 0.104077
203 0.104008
204 0.103891
205 0.10428
206 0.103828
207 0.104023
208 0.103883
209 0.103804
210 0.1038
211 0.103797
212 0.10376
213 0.103608
214 0.10385
215 0.103707
216 0.103675
217 0.103637
218 0.103534
219 0.103565
220 0.103608
221 0.10356
222 0.103519
223 0.103454
224 0.103436
225 0.103307
226 0.103357
227 0.103434
228 0.103402
229 0.103318
230 0.10319
231 0.103178
232 0.103363
233 0.103295
234 0.10322
235 0.103078
236 0.103158
237 0.103162
238 0.103079
239 0.103105
240 0.103012
241 0.103019
242 0.103
243 0.102979
244 0.102985
245 0.103091
246 0.103002
247 0.102966
248 0.102907
249 0.102943
250 0.10285
251 0.102781
252 0.102781
253 0.102814
254 0.102744
255 0.103078
256 0.102882
257 0.102214
258 0.102627
259 0.102629
260 0.10255
261 0.102555
262 0.102509
263 0.102601
264 0.102604
265 0.102525
266 0.102512
267 0.102662
268 0.1026
269 0.102404
270 0.102302
271 0.102319
272 0.102396
273 0.102297
274 0.102405
275 0.102397
276 0.102345
277 0.102333
278 0.102081
279 0.102323
280 0.102264
281 0.102249
282 0.102224
283 0.102048
284 0.102157
285 0.10214
286 0.102205
287 0.101998
288 0.102049
289 0.102076
290 0.102239
291 0.101957
292 0.102063
293 0.101932
294 0.101914
295 0.1019
296 0.101954
297 0.101894
298 0.10187
299 0.102027
300 0.101942
301 0.101781
302 0.101823
303 0.101825
304 0.10173
305 0.101963
306 0.101743
307 0.101579
308 0.101765
309 0.101642
310 0.101776
311 0.101668
312 0.101731
313 0.101622
314 0.101712
315 0.101707
316 0.101669
317 0.101616
318 0.101544
319 0.101698
320 0.101513
321 0.101675
322 0.101525
323 0.101514
324 0.10156
325 0.101467
326 0.101491
327 0.101485
328 0.10162
329 0.101408
330 0.101549
331 0.101369
332 0.101462
333 0.101469
334 0.101393
335 0.101428
336 0.101279
337 0.101313
338 0.101363
339 0.101343
340 0.101344
341 0.101241
342 0.101234
343 0.101357
344 0.101317
345 0.101204
346 0.101243
347 0.101212
348 0.101152
349 0.101181
350 0.101178
351 0.101254
352 0.101172
353 0.101083
354 0.101211
355 0.101138
356 0.101166
357 0.101034
358 0.101129
359 0.101175
360 0.10111
361 0.101127
362 0.101042
363 0.101033
364 0.101016
365 0.101005
366 0.101001
367 0.100945
368 0.101001
369 0.100985
370 0.100864
371 0.101042
372 0.10091
373 0.100911
374 0.101021
375 0.100808
376 0.100887
377 0.101029
378 0.10077
379 0.100791
380 0.100884
381 0.100848
382 0.100734
383 0.100837
384 0.100748
385 0.10075
386 0.100833
387 0.100768
388 0.100768
389 0.100867
390 0.100626
391 0.100686
392 0.100733
393 0.100812
394 0.100701
395 0.100697
396 0.100732
397 0.100752
398 0.100704
399 0.100611
400 0.100642
