1 0.120018
2 0.119982
3 0.120198
4 0.119802
5 0.119938
6 0.120062
7 0.119884
8 0.120116
9 0.120166
10 0.119834
11 0.120129
12 0.119871
13 0.119852
14 0.120148
15 0.119921
16 0.120079
17 0.119804
18 0.120196
19 0.119817
20 0.120183
21 0.120028
22 0.119972
23 0.120037
24 0.119963
25 0.120169
26 0.120018
27 0.00851736
28 0.0715906
29 0.0120086
30 0.0571963
31 0.0129562
32 0.0466567
33 0.0127322
34 0.038407
35 0.0118687
36 0.0320544
37 0.0107688
38 0.0269227
39 0.00965424
40 0.0227676
41 0.00855864
42 0.0194616
43 0.00753528
44 0.016573
45 0.0066432
46 0.0141475
47 0.00582504
48 0.0121589
49 0.00511608
50 0.0105679
51 0.00694512
52 0.0100822
53 0.00750744
54 0.0096804
55 0.00801768
56 0.00960024
57 0.00826848
58 0.00978624
59 0.00872184
60 0.00983928
61 0.009834
62 0.00954768
63 0.00823704
64 0.010206
65 0.00949944
66 0.0087732
67 0.0100642
68 0.0100973
69 0.0100954
70 0.0109085
71 0.0106452
72 0.0108691
73 0.0109829
74 0.0109519
75 0.0123559
76 0.0120163
77 0.0113158
78 0.0132622
79 0.0127826
80 0.0118044
81 0.0120586
82 0.01365
83 0.0122683
84 0.0122594
85 0.0142838
86 0.0132583
87 0.0123943
88 0.0137712
89 0.0134933
90 0.0125162
91 0.0128779
92 0.014095
93 0.0129274
94 0.0125998
95 0.0128282
96 0.0131086
97 0.0129821
98 0.0133966
99 0.0135607
100 0.0128114
101 0.0133092
102 0.0135046
103 0.0127128
104 0.013657
105 0.0127466
106 0.0131414
107 0.0133025
108 0.012293
109 0.0133058
110 0.0118584
111 0.0119472
112 0.0128753
113 0.0119503
114 0.0131309
115 0.0127106
116 0.0115589
117 0.0129262
118 0.0119047
119 0.0120427
120 0.0126614
121 0.0117514
122 0.0118918
123 0.0126271
124 0.0112754
125 0.011514
126 0.0121978
127 0.0118094
128 0.0112267
129 0.011856
130 0.0114334
131 0.0115442
132 0.0118073
133 0.0111214
134 0.0115058
135 0.0119527
136 0.0109378
137 0.0126523
138 0.0121464
139 0.0103512
140 0.0121889
141 0.011555
142 0.0108662
143 0.0124579
144 0.0110275
145 0.0107414
146 0.0119525
147 0.0111444
148 0.0105396
149 0.0111526
150 0.0113326
151 0.0101604
152 0.0110278
153 0.0110335
154 0.0100714
155 0.0105946
156 0.0107988
157 0.00979104
158 0.0102523
159 0.010615
160 0.0106351
161 0.0107981
162 0.0103865
163 0.0101297
164 0.0106226
165 0.00996264
166 0.0100118
167 0.0102154
168 0.0095652
169 0.0102526
170 0.00998856
171 0.0093408
172 0.0102262
173 0.00988344
174 0.0105094
175 0.00952992
176 0.0098124
177 0.0102274
178 0.00929784
179 0.00954792
180 0.0101842
181 0.00922704
182 0.00942192
183 0.010097
184 0.00924264
185 0.010025
186 0.00911952
187 0.00891048
188 0.00982296
189 0.00875784
190 0.00875832
191 0.00958008
192 0.00869424
193 0.00855024
194 0.00946584
195 0.00845208
196 0.00964272
197 0.00927096
198 0.00835464
199 0.00918264
200 0.009102
201 0.00816432
202 0.00902832
203 0.0085332
204 0.008154
205 0.00877416
206 0.00837936
207 0.00861936
208 0.00881712
209 0.00822768
210 0.00780504
211 0.00845592
212 0.00812184
213 0.00821112
214 0.0083868
215 0.00855048
216 0.00883608
217 0.00820872
218 0.00811032
219 0.00873336
220 0.0077208
221 0.007806
222 0.00838704
223 0.00834216
224 0.00770256
225 0.00807312
226 0.00810672
227 0.00752592
228 0.00811944
229 0.00797616
230 0.00763968
231 0.00864552
232 0.00757272
233 0.00752112
234 0.008502
235 0.00758856
236 0.00744456
237 0.00800136
238 0.00752544
239 0.00774864
240 0.00735744
241 0.00724008
242 0.00747288
243 0.0073812
244 0.00769008
245 0.00726216
246 0.00732312
247 0.0080136
248 0.00709464
249 0.00693792
250 0.0074748
251 0.00731712
252 0.00729
253 0.00738192
254 0.00720168
255 0.0075396
256 0.00655944
257 0.00707568
258 0.00742512
259 0.00646992
260 0.00735336
261 0.00731016
262 0.00640872
263 0.00664656
264 0.00719808
265 0.00659832
266 0.00702288
267 0.00703728
268 0.00658008
269 0.00676896
270 0.00691824
271 0.00651384
272 0.00658128
273 0.00690168
274 0.00709248
275 0.00651072
276 0.0062328
277 0.00692184
278 0.006696
279 0.00606744
280 0.00668688
281 0.00665976
282 0.00599184
283 0.00640368
284 0.0066744
285 0.00627912
286 0.006564
287 0.0066024
288 0.0062688
289 0.00597672
290 0.0059508
291 0.00657096
292 0.0058512
293 0.00621672
294 0.00650304
295 0.00579816
296 0.0062868
297 0.00642816
298 0.00570816
299 0.0060312
300 0.00602616
301 0.00605616
302 0.00601128
303 0.00594672
304 0.00612816
305 0.00560304
306 0.005934
307 0.0059388
308 0.00562536
309 0.00604728
310 0.00579768
311 0.00547056
312 0.00628536
313 0.00548496
314 0.00560568
315 0.00639744
316 0.00546456
317 0.00571224
318 0.00627
319 0.00574584
320 0.00591528
321 0.00614208
322 0.00572472
323 0.00559536
324 0.00626496
325 0.0057816
326 0.00549816
327 0.00560208
328 0.00599568
329 0.00542568
330 0.0055452
331 0.0058488
332 0.00552936
333 0.00595824
334 0.00578808
335 0.00551064
336 0.00563208
337 0.00578352
338 0.00545232
339 0.00559152
340 0.00592296
341 0.00559392
342 0.00562944
343 0.00591576
344 0.00567456
345 0.00553848
346 0.00558
347 0.0056352
348 0.00543552
349 0.00573024
350 0.005598
351 0.00532896
352 0.00518952
353 0.00552912
354 0.00532752
355 0.00530688
356 0.00553608
357 0.0055176
358 0.0049824
359 0.00553848
360 0.00544608
361 0.00501072
362 0.00543552
363 0.00557352
364 0.00500736
365 0.00539664
366 0.00564576
367 0.00499248
368 0.00527736
369 0.0055776
370 0.00504744
371 0.00562728
372 0.0056364
373 0.005076
374 0.00558072
375 0.00517656
376 0.00519624
377 0.00585864
378 0.00532272
379 0.00518328
380 0.00600456
381 0.00529824
382 0.0051768
383 0.00611616
384 0.00520944
385 0.00508512
386 0.0053928
387 0.00523488
388 0.00518736
389 0.00538824
390 0.00526224
391 0.004878
392 0.00535416
393 0.0052788
394 0.00482064
395 0.00529464
396 0.00530208
397 0.0048828
398 0.0051504
399 0.0053244
400 0.00492096
