1 0.500138
2 0.499862
3 0.500138
4 0.499862
5 0.500138
6 0.499862
7 0.500138
8 0.499862
9 0.500138
10 0.499862
11 0.500138
12 0.499862
13 0.500138
14 0.499862
15 0.500138
16 0.499862
17 0.500138
18 0.499862
19 0.500138
20 0.499862
21 0.500138
22 0.499862
23 0.500138
24 0.499862
25 0.500138
26 0.665797
27 0.667616
28 0.733164
29 0.733622
30 0.771008
31 0.77154
32 0.796561
33 0.797271
34 0.815113
35 0.815262
36 0.829104
37 0.829507
38 0.841181
39 0.840074
40 0.849222
41 0.846277
42 0.854266
43 0.847604
44 0.86443
45 0.853901
46 0.866991
47 0.85506
48 0.874284
49 0.85805
