1 0.166478
2 0.166964
3 0.166478
4 0.166964
5 0.166478
6 0.166964
7 0.166478
8 0.166964
9 0.166478
10 0.166964
11 0.166478
12 0.166964
13 0.166478
14 0.166964
15 0.166478
16 0.166964
17 0.166478
18 0.166964
19 0.166478
20 0.166964
21 0.166478
22 0.166964
23 0.166478
24 0.166964
25 0.166478
26 0.0834979
27 0.0830163
28 0.0554734
29 0.0554888
30 0.041743
31 0.0416746
32 0.03335
33 0.0333502
34 0.0277974
35 0.0277609
36 0.0238271
37 0.0238159
38 0.0208015
39 0.0209609
40 0.0186883
41 0.0193955
42 0.0179383
43 0.0193962
44 0.0152438
45 0.0177681
46 0.0151121
47 0.0176784
48 0.0131735
49 0.0171786
