1 0.500502
2 0.500395
3 0.500417
4 0.500365
5 0.500459
6 0.500266
7 0.500361
8 0.500368
9 0.50037
10 0.500263
11 0.500314
12 0.500328
13 0.500304
14 0.500265
15 0.500337
16 0.50041
17 0.500382
18 0.500327
19 0.500428
20 0.500519
21 0.500491
22 0.50045
23 0.500545
24 0.500435
25 0.500309
26 0.503662
27 0.506601
28 0.510326
29 0.51393
30 0.517511
31 0.521058
32 0.524604
33 0.527967
34 0.531191
35 0.534163
36 0.537255
37 0.540114
38 0.542934
39 0.545606
40 0.548108
41 0.550565
42 0.552917
43 0.555141
44 0.557395
45 0.55939
46 0.561448
47 0.563193
48 0.565109
49 0.566914
