1 0.166478
2 0.166721
3 0.16664
4 0.166721
5 0.166672
6 0.166721
7 0.166686
8 0.166721
9 0.166694
10 0.166721
11 0.166699
12 0.166721
13 0.166702
14 0.166721
15 0.166705
16 0.166721
17 0.166706
18 0.166721
19 0.166708
20 0.166721
21 0.166709
22 0.166721
23 0.16671
24 0.166721
25 0.166711
26 0.163511
27 0.160524
28 0.156764
29 0.153306
30 0.149586
31 0.146089
32 0.142552
33 0.139249
34 0.135971
35 0.132882
36 0.129879
37 0.126987
38 0.124196
39 0.12155
40 0.119007
41 0.11657
42 0.114191
43 0.111988
44 0.109752
45 0.107744
46 0.105732
47 0.10386
48 0.101994
49 0.100274
