1 0.066637
2 0.0667525
3 0.0666931
4 0.0667285
5 0.0667662
6 0.0667389
7 0.0667279
8 0.0667385
9 0.0667583
10 0.0667816
11 0.0667277
12 0.0667214
13 0.0666998
14 0.0667085
15 0.0666546
16 0.0707106
17 0.0743165
18 0.0775049
19 0.0806657
20 0.0840696
21 0.08787
22 0.0919555
23 0.0961091
24 0.100263
25 0.104318
26 0.108282
27 0.112141
28 0.115688
29 0.118879
30 0.121791
31 0.12432
32 0.126655
33 0.128684
34 0.130524
35 0.13217
36 0.133584
37 0.134804
38 0.135944
39 0.136974
40 0.137836
41 0.138705
42 0.139458
43 0.140114
44 0.140672
45 0.141235
46 0.141689
47 0.142057
48 0.142424
49 0.142787
50 0.143084
51 0.14334
52 0.143633
53 0.14392
54 0.144252
55 0.144568
56 0.144914
57 0.145319
58 0.145752
59 0.146251
60 0.146806
61 0.1474
62 0.148063
63 0.148843
64 0.149651
65 0.150533
66 0.151424
67 0.152425
68 0.153452
69 0.154544
70 0.155713
71 0.156881
72 0.15811
73 0.159336
74 0.160606
75 0.161916
76 0.163228
77 0.164537
78 0.165893
79 0.167222
80 0.168554
81 0.169919
82 0.17127
83 0.172565
84 0.173917
85 0.175215
86 0.176532
87 0.177829
88 0.179128
89 0.180342
90 0.181657
91 0.182905
92 0.184131
93 0.185307
94 0.186531
95 0.187706
96 0.188886
97 0.190029
98 0.191183
99 0.192283
100 0.193402
101 0.194512
102 0.195579
103 0.196658
104 0.197687
105 0.198749
106 0.199752
107 0.200751
108 0.20176
109 0.202739
110 0.203708
111 0.204679
112 0.205639
113 0.206565
114 0.207537
115 0.208451
116 0.209375
117 0.210319
118 0.211194
119 0.212096
120 0.212978
121 0.213869
122 0.214736
123 0.215613
124 0.216474
125 0.217322
126 0.218187
127 0.219031
128 0.219864
129 0.220724
130 0.221553
131 0.222378
132 0.22322
133 0.224045
134 0.224878
135 0.225704
136 0.226514
137 0.227332
138 0.228145
139 0.228944
140 0.229761
141 0.230566
142 0.231369
143 0.23217
144 0.232961
145 0.233739
146 0.234532
147 0.235347
148 0.236131
149 0.2369
150 0.237683
151 0.238473
152 0.239239
153 0.240016
154 0.240793
155 0.241562
156 0.24233
157 0.24309
158 0.243855
159 0.244622
160 0.245378
161 0.246139
162 0.246906
163 0.247665
164 0.248416
165 0.249176
166 0.249934
167 0.250687
168 0.251439
169 0.252175
170 0.252921
171 0.253691
172 0.254423
173 0.255156
174 0.255889
175 0.256624
176 0.257353
177 0.258083
178 0.258825
179 0.259541
180 0.260267
181 0.26099
182 0.261714
183 0.262425
184 0.263135
185 0.263846
186 0.264564
187 0.265274
188 0.265983
189 0.266691
190 0.267393
191 0.2681
192 0.268802
193 0.269507
194 0.270205
195 0.270932
196 0.2716
197 0.272302
198 0.27299
199 0.273676
200 0.274369
201 0.275061
202 0.275744
203 0.276427
204 0.277104
205 0.277843
206 0.278485
207 0.279162
208 0.279836
209 0.280506
210 0.28119
211 0.281852
212 0.282515
213 0.28318
214 0.283847
215 0.284511
216 0.285172
217 0.28584
218 0.286494
219 0.287146
220 0.287805
221 0.288459
222 0.289103
223 0.289753
224 0.290398
225 0.291039
226 0.291681
227 0.292327
228 0.292959
229 0.293598
230 0.294233
231 0.294862
232 0.295492
233 0.296124
234 0.296759
235 0.297374
236 0.297994
237 0.298622
238 0.29924
239 0.299862
240 0.300479
241 0.301069
242 0.30171
243 0.302321
244 0.302938
245 0.303543
246 0.304152
247 0.304754
248 0.305366
249 0.305962
250 0.306567
251 0.307169
252 0.307772
253 0.308368
254 0.308963
255 0.309556
256 0.310157
257 0.310761
258 0.311348
259 0.31193
260 0.312518
261 0.313094
262 0.313684
263 0.314268
264 0.31485
265 0.315429
266 0.316008
267 0.31659
268 0.317166
269 0.31774
270 0.318316
271 0.318887
272 0.319462
273 0.320059
274 0.320606
275 0.321175
276 0.321747
277 0.32231
278 0.322873
279 0.323434
280 0.324002
281 0.324561
282 0.325124
283 0.325675
284 0.32623
285 0.326785
286 0.327339
287 0.32789
288 0.328437
289 0.328984
290 0.329528
291 0.330074
292 0.330619
293 0.331152
294 0.331696
295 0.332239
296 0.332775
297 0.333312
298 0.333846
299 0.334384
300 0.334918
301 0.335448
302 0.335984
303 0.336514
304 0.337038
305 0.337567
306 0.338086
307 0.338599
308 0.339129
309 0.339647
310 0.340161
311 0.340678
312 0.341193
313 0.341707
314 0.342219
315 0.342755
316 0.343242
317 0.343754
318 0.344261
319 0.344767
320 0.345271
321 0.345778
322 0.34628
323 0.346779
324 0.347278
325 0.347778
326 0.348276
327 0.34877
328 0.34926
329 0.349754
330 0.35025
331 0.350734
332 0.35123
333 0.35172
334 0.352204
335 0.352688
336 0.353171
337 0.353653
338 0.354133
339 0.35461
340 0.355089
341 0.355536
342 0.35607
343 0.356532
344 0.357006
345 0.357479
346 0.357951
347 0.358422
348 0.358891
349 0.35936
350 0.35983
351 0.3603
352 0.360767
353 0.361234
354 0.361695
355 0.36216
356 0.362627
357 0.363082
358 0.363545
359 0.364007
360 0.364467
361 0.364927
362 0.365381
363 0.365837
364 0.366295
365 0.366744
366 0.367201
367 0.367653
368 0.368103
369 0.368555
370 0.369001
371 0.369448
372 0.369898
373 0.370337
374 0.370781
375 0.371224
376 0.371668
377 0.372105
378 0.372547
379 0.372987
380 0.373422
381 0.373865
382 0.374293
383 0.374727
384 0.375164
385 0.3756
386 0.376031
387 0.376462
388 0.376891
389 0.377322
390 0.377754
391 0.378173
392 0.378597
393 0.379021
394 0.379448
395 0.379867
396 0.380289
397 0.380708
398 0.381128
399 0.381551
400 0.381968
