1 0.230785
2 0.230231
3 0.230416
4 0.230288
5 0.23072
6 0.230797
7 0.23047
8 0.230728
9 0.230346
10 0.230638
11 0.23061
12 0.230785
13 0.211518
14 0.198158
15 0.188616
16 0.182193
17 0.177563
18 0.174414
19 0.172363
20 0.170695
21 0.169686
22 0.169135
23 0.168716
24 0.168565
25 0.168155
26 0.168001
27 0.167809
28 0.167413
29 0.167127
30 0.166727
31 0.166738
32 0.166318
33 0.166643
34 0.16742
35 0.168456
36 0.16909
37 0.169718
38 0.170216
39 0.170931
40 0.171632
41 0.172674
42 0.17364
43 0.17485
44 0.177332
45 0.179189
46 0.181015
47 0.182347
48 0.183602
49 0.185111
50 0.186764
51 0.188981
52 0.190769
53 0.192456
54 0.194781
55 0.196816
56 0.202675
57 0.204283
58 0.205954
59 0.207517
60 0.209665
61 0.211267
62 0.213179
63 0.214781
64 0.216766
65 0.218242
66 0.219691
67 0.220716
68 0.222974
69 0.224249
70 0.225343
71 0.226872
72 0.228151
73 0.229626
74 0.231118
75 0.232385
76 0.233454
77 0.234709
78 0.235612
79 0.236388
80 0.237296
81 0.23793
82 0.238716
83 0.239425
84 0.240223
85 0.24091
86 0.241376
87 0.243667
88 0.24392
89 0.243735
90 0.243627
91 0.243709
92 0.243608
93 0.243469
94 0.243658
95 0.243277
96 0.242681
97 0.242068
98 0.240959
99 0.239702
100 0.238144
101 0.236581
102 0.235167
103 0.233488
104 0.231318
105 0.229126
106 0.226632
107 0.223971
108 0.220884
109 0.217449
110 0.214099
111 0.210174
112 0.205688
113 0.201414
114 0.196826
115 0.192117
116 0.187311
117 0.182512
118 0.177726
119 0.172934
120 0.16818
121 0.164634
122 0.159957
123 0.15496
124 0.149924
125 0.145196
126 0.140602
127 0.136387
128 0.13228
129 0.128627
130 0.125943
131 0.12292
132 0.119754
133 0.117992
134 0.115513
135 0.113453
136 0.111534
137 0.10997
138 0.108436
139 0.107102
140 0.105963
141 0.104878
142 0.103954
143 0.102843
144 0.101936
145 0.101059
146 0.100748
147 0.100105
148 0.0994809
149 0.0988249
150 0.0983285
151 0.097756
152 0.0975903
153 0.0971585
154 0.096787
155 0.0962235
156 0.0957055
157 0.0950337
158 0.0949169
159 0.0942167
160 0.0939025
161 0.093409
162 0.0930765
163 0.0926202
164 0.0920945
165 0.091664
166 0.0911996
167 0.0905782
168 0.0901187
169 0.0896658
170 0.0893255
171 0.0886911
172 0.0883223
173 0.0877096
174 0.0872101
175 0.0867241
176 0.0861075
177 0.085938
178 0.0857278
179 0.0848931
180 0.084725
181 0.0840603
182 0.0837314
183 0.0830423
184 0.0827355
185 0.0821876
186 0.081708
187 0.0812692
188 0.0805365
189 0.0801549
190 0.0798073
191 0.0793045
192 0.079064
193 0.0783553
194 0.0779926
195 0.077571
196 0.0770609
197 0.0766745
198 0.0764833
199 0.0762222
200 0.0757449
201 0.0752891
202 0.0749828
203 0.0746606
204 0.0742762
205 0.0739227
206 0.0735282
207 0.0731576
208 0.0729926
209 0.073366
210 0.0728703
211 0.0725339
212 0.0721012
213 0.0717482
214 0.0714158
215 0.0710971
216 0.0707396
217 0.0703809
218 0.0701907
219 0.0698813
220 0.069222
221 0.0690152
222 0.0686268
223 0.0683437
224 0.068061
225 0.0677368
226 0.0674099
227 0.0671601
228 0.0668305
229 0.0666161
230 0.0664683
231 0.0661844
232 0.0659277
233 0.0656927
234 0.0655298
235 0.0653819
236 0.0651208
237 0.0648837
238 0.0646174
239 0.0643157
240 0.0641202
241 0.0638604
242 0.0636515
243 0.0634301
244 0.0632915
245 0.0631012
246 0.0627909
247 0.0624267
248 0.0622242
249 0.0619
250 0.0617407
251 0.0615131
252 0.0613711
253 0.0610797
254 0.0608737
255 0.060642
256 0.0604095
257 0.0602215
258 0.0600184
259 0.0598247
260 0.0596792
261 0.0595273
262 0.0593548
263 0.0589936
264 0.0587807
265 0.0585586
266 0.0583747
267 0.0580503
268 0.0577943
269 0.057756
270 0.0575292
271 0.0574041
272 0.0572032
273 0.0570978
274 0.0569059
275 0.0567113
276 0.0565599
277 0.0564337
278 0.0563047
279 0.0561708
280 0.0559463
281 0.0557365
282 0.0555249
283 0.0554534
284 0.0552905
285 0.0551855
286 0.0549559
287 0.0548196
288 0.0546178
289 0.0545596
290 0.0543741
291 0.0541074
292 0.0539706
293 0.0538371
294 0.0536276
295 0.0534847
296 0.0533182
297 0.0531339
298 0.0530414
299 0.0530427
300 0.0528796
301 0.0527109
302 0.052686
303 0.0525051
304 0.052453
305 0.0522524
306 0.0522105
307 0.0520148
308 0.0518819
309 0.0516934
310 0.0515659
311 0.0514188
312 0.0513503
313 0.0512482
314 0.0510439
315 0.050764
316 0.0507016
317 0.0505485
318 0.0504012
319 0.0502425
320 0.050052
321 0.0499495
322 0.0498391
323 0.0497182
324 0.0496314
325 0.0495566
326 0.0494184
327 0.0493257
328 0.0492312
329 0.0490997
330 0.048983
331 0.0488474
332 0.0487035
333 0.0485607
334 0.0485362
335 0.0483596
336 0.0481975
337 0.0480664
338 0.0480089
339 0.0478269
340 0.0477289
341 0.0475742
342 0.0475338
343 0.0473715
344 0.047279
345 0.047058
346 0.0470412
347 0.0469813
348 0.0468326
349 0.0467713
350 0.0466711
351 0.0464859
352 0.0464374
353 0.0463691
354 0.04635
355 0.0462423
356 0.0461103
357 0.0459602
358 0.0458676
359 0.0457088
360 0.0455895
361 0.0455214
362 0.0454548
363 0.0453095
364 0.0451631
365 0.0450674
366 0.0450032
367 0.0448374
368 0.0447527
369 0.0446496
370 0.0445368
371 0.0444642
372 0.0443822
373 0.0442617
374 0.0441943
375 0.0441512
376 0.0440342
377 0.0439079
378 0.0437947
379 0.0436554
380 0.0434686
381 0.0434126
382 0.0433314
383 0.0432078
384 0.0431792
385 0.0430595
386 0.0429074
387 0.0427987
388 0.0427642
389 0.0425917
390 0.0424919
391 0.0424112
392 0.0423887
393 0.0422625
394 0.0422087
395 0.0421074
396 0.0420422
397 0.0418497
398 0.0417883
399 0.0416963
400 0.0416354
