1 0.662512
2 0.662512
3 0.662512
4 0.662512
5 0.662512
6 0.662512
7 0.662512
8 0.662512
9 0.662512
10 0.662512
11 0.662512
12 0.662512
13 0.662512
14 0.662512
15 0.662512
16 0.662512
17 0.662512
18 0.662512
19 0.662512
20 0.662512
21 0.662512
22 0.662512
23 0.662512
24 0.662512
25 0.662512
26 0.662512
27 0.662512
28 0.662512
29 0.662512
30 0.662512
31 0.662512
32 0.662512
33 0.662512
34 0.662512
35 0.662512
36 0.662512
37 0.662512
38 0.662512
39 0.662512
40 0.662512
41 0.662512
42 0.662512
43 0.662512
44 0.662512
45 0.662512
46 0.662512
47 0.662512
48 0.662512
49 0.662512
50 0.662512
51 0.662512
52 0.662512
53 0.662512
54 0.662512
55 0.662512
56 0.662512
57 0.662512
58 0.662512
59 0.662512
60 0.662512
61 0.662512
62 0.662512
63 0.662512
64 0.662512
65 0.662512
66 0.662512
67 0.662512
68 0.662512
69 0.662512
70 0.662512
71 0.662512
72 0.662512
73 0.662512
74 0.662512
75 0.662512
76 0.662512
77 0.662512
78 0.662512
79 0.662512
80 0.662512
81 0.662512
82 0.662512
83 0.662512
84 0.662512
85 0.662512
86 0.662512
87 0.662512
88 0.662512
89 0.662512
90 0.662512
91 0.662512
92 0.662512
93 0.662512
94 0.662512
95 0.662512
96 0.662512
97 0.662512
98 0.662512
99 0.662512
100 0.662512
101 0.662512
102 0.662512
103 0.662512
104 0.662512
105 0.662512
106 0.662512
107 0.662512
108 0.662512
109 0.662512
110 0.662512
111 0.662512
112 0.662512
113 0.662512
114 0.662512
115 0.662512
116 0.662512
117 0.662512
118 0.662512
119 0.662512
120 0.662512
121 0.662512
122 0.662512
123 0.662512
124 0.662512
125 0.662512
126 0.662512
127 0.662512
128 0.662512
129 0.662512
130 0.662512
131 0.662512
132 0.662512
133 0.662512
134 0.662512
135 0.662512
136 0.662512
137 0.662512
138 0.662512
139 0.662512
140 0.662512
141 0.662512
142 0.662512
143 0.662512
144 0.662512
145 0.662512
146 0.662512
147 0.662512
148 0.662512
149 0.662512
150 0.662512
151 0.662512
152 0.662512
153 0.662512
154 0.662512
155 0.662512
156 0.662512
157 0.662512
158 0.662512
159 0.662512
160 0.662512
161 0.662512
162 0.662512
163 0.662512
164 0.662512
165 0.662512
166 0.662512
167 0.662512
168 0.662512
169 0.662512
170 0.662512
171 0.662512
172 0.662512
173 0.662512
174 0.662512
175 0.662512
176 0.662512
177 0.662512
178 0.662512
179 0.662512
180 0.662512
181 0.662512
182 0.662512
183 0.662512
184 0.662512
185 0.662512
186 0.662512
187 0.662512
188 0.662512
189 0.662512
190 0.662512
191 0.662512
192 0.662512
193 0.662512
194 0.662512
195 0.662512
196 0.662512
197 0.662512
198 0.662512
199 0.662512
200 0.662512
201 0.662512
202 0.662512
203 0.662512
204 0.662512
205 0.662512
206 0.662512
207 0.662512
208 0.662512
209 0.662512
210 0.662512
211 0.662512
212 0.662512
213 0.662512
214 0.662512
215 0.662512
216 0.662512
217 0.662512
218 0.662512
219 0.662512
220 0.662512
221 0.662512
222 0.662512
223 0.662512
224 0.662512
225 0.662512
226 0.662512
227 0.662512
228 0.662512
229 0.662512
230 0.662512
231 0.662512
232 0.662512
233 0.662512
234 0.662512
235 0.662512
236 0.662512
237 0.662512
238 0.662512
239 0.662512
240 0.662512
241 0.662512
242 0.662512
243 0.662512
244 0.662512
245 0.662512
246 0.662512
247 0.662512
248 0.662512
249 0.662512
250 0.662512
251 0.662512
252 0.662512
253 0.662512
254 0.662512
255 0.662512
256 0.662512
257 0.662512
258 0.662512
259 0.662512
260 0.662512
261 0.662512
262 0.662512
263 0.662512
264 0.662512
265 0.662512
266 0.662512
267 0.662512
268 0.662512
269 0.662512
270 0.662512
271 0.662512
272 0.662512
273 0.662512
274 0.662512
275 0.662512
276 0.662512
277 0.662512
278 0.662512
279 0.662512
280 0.662512
281 0.662512
282 0.662512
283 0.662512
284 0.662512
285 0.662512
286 0.662512
287 0.662512
288 0.662512
289 0.662512
290 0.662512
291 0.662512
292 0.662512
293 0.662512
294 0.662512
295 0.662512
296 0.662512
297 0.662512
298 0.662512
299 0.662512
300 0.662512
301 0.662512
302 0.662512
303 0.662512
304 0.662512
305 0.662512
306 0.662512
307 0.662512
308 0.662512
309 0.662512
310 0.662512
311 0.662512
312 0.662512
313 0.662512
314 0.662512
315 0.662512
316 0.662512
317 0.662512
318 0.662512
319 0.662512
320 0.662512
321 0.662512
322 0.662512
323 0.662512
324 0.662512
325 0.662512
326 0.662512
327 0.662512
328 0.662512
329 0.662512
330 0.662512
331 0.662512
332 0.662512
333 0.662512
334 0.662512
335 0.662512
336 0.662512
337 0.662512
338 0.662512
339 0.662512
340 0.662512
341 0.662512
342 0.662512
343 0.662512
344 0.662512
345 0.662512
346 0.662512
347 0.662512
348 0.662512
349 0.662512
350 0.662512
351 0.662512
352 0.662512
353 0.662512
354 0.662512
355 0.662512
356 0.662512
357 0.662512
358 0.662512
359 0.662512
360 0.662512
361 0.662512
362 0.662512
363 0.662512
364 0.662512
365 0.662512
366 0.662512
367 0.662512
368 0.662512
369 0.662512
370 0.662512
371 0.662512
372 0.662512
373 0.662512
374 0.662512
375 0.662512
376 0.662512
377 0.662512
378 0.662512
379 0.662512
380 0.662512
381 0.662512
382 0.662512
383 0.662512
384 0.662512
385 0.662512
386 0.662512
387 0.662512
388 0.662512
389 0.662512
390 0.662512
391 0.662512
392 0.662512
393 0.662512
394 0.662512
395 0.662512
396 0.662512
397 0.662512
398 0.662512
399 0.662512
400 0.662512
