1 0.50009
2 0.499469
3 0.500001
4 0.499779
5 0.499779
6 0.49972
7 0.499741
8 0.510146
9 0.519785
10 0.52894
11 0.537322
12 0.544587
13 0.551262
14 0.557055
15 0.56236
16 0.566996
17 0.571139
18 0.574899
19 0.578166
20 0.581154
21 0.583863
22 0.586295
23 0.588515
24 0.59058
25 0.592524
26 0.594333
27 0.595976
28 0.597693
29 0.599246
30 0.600733
31 0.602009
32 0.603283
33 0.604456
34 0.605614
35 0.606635
36 0.607745
37 0.608789
38 0.609779
39 0.610713
40 0.611673
41 0.612589
42 0.613464
43 0.614291
44 0.615101
45 0.615839
46 0.61662
47 0.617335
48 0.618025
49 0.618697
50 0.619323
51 0.619977
52 0.620548
53 0.621115
54 0.621702
55 0.622239
56 0.62276
57 0.623207
58 0.623769
59 0.624276
60 0.624745
61 0.625187
62 0.625619
63 0.626038
64 0.626478
65 0.62686
66 0.627293
67 0.627705
68 0.628079
69 0.628451
70 0.628813
71 0.629188
72 0.62953
73 0.629926
74 0.630174
75 0.630511
76 0.630819
77 0.631134
78 0.63142
79 0.631723
80 0.632006
81 0.632277
82 0.632561
83 0.632811
84 0.63308
85 0.633355
86 0.633563
87 0.633818
88 0.634058
89 0.634251
90 0.63451
91 0.634725
92 0.634974
93 0.635183
94 0.635432
95 0.635645
96 0.635865
97 0.636069
98 0.636263
99 0.636461
100 0.636654
101 0.636847
102 0.637054
103 0.637182
104 0.637383
105 0.637544
106 0.63775
107 0.637923
108 0.638095
109 0.638276
110 0.638434
111 0.638607
112 0.638776
113 0.638949
114 0.63911
115 0.63926
116 0.639418
117 0.639538
118 0.639731
119 0.639867
120 0.640008
121 0.640156
122 0.640284
123 0.640431
124 0.640569
125 0.640715
126 0.640846
127 0.640989
128 0.641118
129 0.641219
130 0.641355
131 0.641478
132 0.641603
133 0.641735
134 0.64184
135 0.641951
136 0.642068
137 0.64219
138 0.642303
139 0.642426
140 0.642537
141 0.642654
142 0.642772
143 0.642873
144 0.642986
145 0.6431
146 0.643183
147 0.643303
148 0.6434
149 0.64351
150 0.643606
151 0.643697
152 0.643802
153 0.643899
154 0.643988
155 0.644091
156 0.644186
157 0.644286
158 0.644384
159 0.64447
160 0.644563
161 0.644651
162 0.644752
163 0.644833
164 0.644932
165 0.645011
166 0.645094
167 0.645181
168 0.645276
169 0.645353
170 0.64546
171 0.645429
172 0.645567
173 0.645654
174 0.645739
175 0.645814
176 0.645895
177 0.645983
178 0.64604
179 0.646134
180 0.646202
181 0.646276
182 0.646338
183 0.646412
184 0.646489
185 0.646561
186 0.646607
187 0.646699
188 0.646764
189 0.646828
190 0.646902
191 0.646971
192 0.64704
193 0.647108
194 0.647174
195 0.647212
196 0.647304
197 0.647356
198 0.647434
199 0.647505
200 0.647561
201 0.647625
202 0.647689
203 0.647752
204 0.647808
205 0.647898
206 0.647926
207 0.647983
208 0.648046
209 0.648112
210 0.648151
211 0.648209
212 0.648277
213 0.648337
214 0.648385
215 0.648441
216 0.648497
217 0.648542
218 0.648603
219 0.648664
220 0.648702
221 0.64876
222 0.648814
223 0.648867
224 0.648922
225 0.648973
226 0.649031
227 0.649076
228 0.649137
229 0.649178
230 0.649228
231 0.649274
232 0.649325
233 0.649363
234 0.64941
235 0.649464
236 0.64952
237 0.649572
238 0.649616
239 0.649656
240 0.649713
241 0.649787
242 0.649803
243 0.64986
244 0.649906
245 0.649947
246 0.649997
247 0.650045
248 0.65009
249 0.650136
250 0.650186
251 0.650226
252 0.650272
253 0.650322
254 0.650369
255 0.65043
256 0.650434
257 0.650437
258 0.650497
259 0.65055
260 0.650591
261 0.650631
262 0.650679
263 0.650716
264 0.650757
265 0.650798
266 0.650844
267 0.650868
268 0.650914
269 0.650955
270 0.650989
271 0.651033
272 0.65106
273 0.651068
274 0.651135
275 0.651175
276 0.651209
277 0.651246
278 0.651284
279 0.651322
280 0.651362
281 0.651395
282 0.651434
283 0.651472
284 0.65151
285 0.651542
286 0.65158
287 0.651616
288 0.65165
289 0.651683
290 0.651719
291 0.651747
292 0.651777
293 0.651828
294 0.651848
295 0.651879
296 0.651915
297 0.651942
298 0.651978
299 0.652006
300 0.652041
301 0.65207
302 0.652104
303 0.652138
304 0.652169
305 0.652193
306 0.652231
307 0.652287
308 0.652286
309 0.652318
310 0.652349
311 0.65238
312 0.652412
313 0.652438
314 0.65247
315 0.652473
316 0.652536
317 0.652558
318 0.652593
319 0.652624
320 0.652652
321 0.652681
322 0.65271
323 0.652735
324 0.652766
325 0.652794
326 0.652813
327 0.652848
328 0.652875
329 0.652909
330 0.652929
331 0.652964
332 0.652984
333 0.653011
334 0.653039
335 0.653068
336 0.653094
337 0.653115
338 0.653142
339 0.653168
340 0.65319
341 0.653191
342 0.653263
343 0.653278
344 0.653302
345 0.653329
346 0.653353
347 0.65338
348 0.653406
349 0.653434
350 0.653459
351 0.65348
352 0.653508
353 0.653528
354 0.653561
355 0.653586
356 0.653603
357 0.653638
358 0.653663
359 0.65368
360 0.653704
361 0.653725
362 0.653752
363 0.653774
364 0.653796
365 0.653827
366 0.653837
367 0.653867
368 0.653889
369 0.653906
370 0.653931
371 0.653951
372 0.653972
373 0.654002
374 0.654025
375 0.654048
376 0.654064
377 0.654085
378 0.654109
379 0.654132
380 0.654153
381 0.654168
382 0.654198
383 0.654223
384 0.654237
385 0.654249
386 0.654273
387 0.654299
388 0.654316
389 0.654338
390 0.654351
391 0.654382
392 0.654399
393 0.65442
394 0.654446
395 0.654459
396 0.654483
397 0.654505
398 0.654529
399 0.654543
400 0.654564
