1 0.300603
2 0.299934
3 0.299946
4 0.299787
5 0.299797
6 0.299871
7 0.299992
8 0.299931
9 0.300008
10 0.299911
11 0.299872
12 0.299894
13 0.299965
14 0.300007
15 0.299999
16 0.300037
17 0.300038
18 0.300047
19 0.300107
20 0.30012
21 0.300125
22 0.300111
23 0.300129
24 0.300169
25 0.300309
26 0.300451
27 0.30084
28 0.301444
29 0.302093
30 0.302876
31 0.303644
32 0.304607
33 0.305474
34 0.306513
35 0.307509
36 0.308465
37 0.309444
38 0.310437
39 0.311498
40 0.312478
41 0.313565
42 0.314468
43 0.315482
44 0.316464
45 0.31745
46 0.318379
47 0.319348
48 0.3203
49 0.321237
50 0.322172
51 0.323067
52 0.324025
53 0.324918
54 0.325814
55 0.326821
56 0.327737
57 0.328574
58 0.329507
59 0.330416
60 0.331274
61 0.332164
62 0.33301
63 0.33388
64 0.334699
65 0.335538
66 0.336318
67 0.337136
68 0.337865
69 0.33865
70 0.339406
71 0.340175
72 0.340896
73 0.341696
74 0.342319
75 0.343017
76 0.343699
77 0.344384
78 0.34503
79 0.345701
80 0.346336
81 0.346963
82 0.347599
83 0.348163
84 0.348814
85 0.349407
86 0.349994
87 0.350585
88 0.351166
89 0.351732
90 0.352277
91 0.352856
92 0.353384
93 0.353798
94 0.354445
95 0.354963
96 0.355499
97 0.355997
98 0.356521
99 0.357003
100 0.357502
101 0.358008
102 0.358474
103 0.358976
104 0.359469
105 0.359967
106 0.360395
107 0.360915
108 0.361358
109 0.361833
110 0.362292
111 0.362752
112 0.363222
113 0.363671
114 0.364027
115 0.364571
116 0.364999
117 0.365456
118 0.365878
119 0.366304
120 0.366733
121 0.367161
122 0.367578
123 0.36801
124 0.368426
125 0.368837
126 0.369236
127 0.369673
128 0.370076
129 0.370489
130 0.370868
131 0.371285
132 0.371698
133 0.372099
134 0.3725
135 0.372903
136 0.373286
137 0.373678
138 0.374056
139 0.374448
140 0.374829
141 0.375201
142 0.375592
143 0.375963
144 0.376342
145 0.376706
146 0.377182
147 0.37745
148 0.377823
149 0.378171
150 0.378554
151 0.378917
152 0.379273
153 0.379619
154 0.379992
155 0.380339
156 0.380689
157 0.381041
158 0.381384
159 0.381732
160 0.382083
161 0.382426
162 0.382783
163 0.383117
164 0.383459
165 0.383807
166 0.384136
167 0.384478
168 0.384809
169 0.385134
170 0.385468
171 0.385705
172 0.386128
173 0.386451
174 0.38678
175 0.387104
176 0.387432
177 0.387753
178 0.388044
179 0.38839
180 0.38871
181 0.389021
182 0.389315
183 0.389652
184 0.389957
185 0.390271
186 0.390557
187 0.390895
188 0.391198
189 0.391503
190 0.391803
191 0.392111
192 0.392412
193 0.392714
194 0.393011
195 0.393324
196 0.393611
197 0.393895
198 0.394211
199 0.3945
200 0.394796
201 0.395091
202 0.395383
203 0.395672
204 0.395956
205 0.396359
206 0.396528
207 0.396807
208 0.397091
209 0.397376
210 0.397636
211 0.397936
212 0.398217
213 0.398499
214 0.398782
215 0.399051
216 0.399329
217 0.399602
218 0.399877
219 0.40014
220 0.400415
221 0.400679
222 0.400943
223 0.401212
224 0.40148
225 0.401742
226 0.40202
227 0.402279
228 0.40254
229 0.402808
230 0.403067
231 0.403318
232 0.403581
233 0.403842
234 0.40408
235 0.404352
236 0.404612
237 0.40487
238 0.405119
239 0.405362
240 0.405621
241 0.405861
242 0.406125
243 0.406367
244 0.40661
245 0.406856
246 0.407101
247 0.407347
248 0.407592
249 0.40783
250 0.408083
251 0.408319
252 0.408561
253 0.408806
254 0.409032
255 0.409297
256 0.409511
257 0.409728
258 0.409973
259 0.410216
260 0.410446
261 0.410668
262 0.410903
263 0.411146
264 0.411374
265 0.411608
266 0.411837
267 0.412065
268 0.412292
269 0.412519
270 0.412744
271 0.412977
272 0.413195
273 0.413428
274 0.413645
275 0.413861
276 0.41408
277 0.414299
278 0.414517
279 0.414726
280 0.414958
281 0.415172
282 0.415388
283 0.415604
284 0.41582
285 0.416035
286 0.416246
287 0.416456
288 0.416671
289 0.416882
290 0.417098
291 0.417301
292 0.41751
293 0.417704
294 0.417933
295 0.418135
296 0.418343
297 0.418545
298 0.418752
299 0.418957
300 0.419159
301 0.419354
302 0.419559
303 0.419767
304 0.419968
305 0.420167
306 0.420363
307 0.420577
308 0.42076
309 0.420953
310 0.421154
311 0.421351
312 0.421545
313 0.421741
314 0.421938
315 0.422139
316 0.422325
317 0.422514
318 0.422709
319 0.422904
320 0.423091
321 0.423282
322 0.423467
323 0.423652
324 0.423843
325 0.42403
326 0.424208
327 0.424401
328 0.424585
329 0.424774
330 0.424955
331 0.425141
332 0.425326
333 0.425512
334 0.425688
335 0.425874
336 0.426051
337 0.426233
338 0.426413
339 0.426592
340 0.426784
341 0.426871
342 0.427082
343 0.427311
344 0.427489
345 0.427668
346 0.427839
347 0.428014
348 0.42819
349 0.428367
350 0.428542
351 0.428719
352 0.428887
353 0.429061
354 0.429235
355 0.429404
356 0.429573
357 0.429746
358 0.429914
359 0.430082
360 0.430252
361 0.430423
362 0.430589
363 0.430754
364 0.43092
365 0.431087
366 0.431248
367 0.43142
368 0.431583
369 0.431748
370 0.431911
371 0.43207
372 0.432232
373 0.432398
374 0.432561
375 0.432722
376 0.432881
377 0.433041
378 0.433199
379 0.43336
380 0.433519
381 0.433682
382 0.433834
383 0.433997
384 0.434152
385 0.434307
386 0.434459
387 0.434619
388 0.434772
389 0.434927
390 0.435066
391 0.435243
392 0.435393
393 0.435548
394 0.435689
395 0.435852
396 0.436004
397 0.436153
398 0.436313
399 0.436456
400 0.436606
