1 0.562146
2 0.562146
3 0.562146
4 0.562146
5 0.562146
6 0.562146
7 0.562146
8 0.562146
9 0.562146
10 0.562146
11 0.562146
12 0.562146
13 0.562146
14 0.562146
15 0.562146
16 0.562146
17 0.562146
18 0.562146
19 0.562146
20 0.562146
21 0.562146
22 0.562146
23 0.562146
24 0.562146
25 0.562146
26 0.562146
27 0.562146
28 0.562146
29 0.562146
30 0.562146
31 0.562146
32 0.562146
33 0.562146
34 0.562146
35 0.562146
36 0.562146
37 0.562146
38 0.562146
39 0.562146
40 0.562146
41 0.562146
42 0.562146
43 0.562146
44 0.562146
45 0.562146
46 0.562146
47 0.562146
48 0.562146
49 0.562146
50 0.562146
51 0.562146
52 0.562146
53 0.562146
54 0.562146
55 0.562146
56 0.562146
57 0.562146
58 0.562146
59 0.562146
60 0.562146
61 0.562146
62 0.562146
63 0.562146
64 0.562146
65 0.562146
66 0.562146
67 0.562146
68 0.562146
69 0.562146
70 0.562146
71 0.562146
72 0.562146
73 0.562146
74 0.562146
75 0.562146
76 0.562146
77 0.562146
78 0.562146
79 0.562146
80 0.562146
81 0.562146
82 0.562146
83 0.562146
84 0.562146
85 0.562146
86 0.562146
87 0.562146
88 0.562146
89 0.562146
90 0.562146
91 0.562146
92 0.562146
93 0.562146
94 0.562146
95 0.562146
96 0.562146
97 0.562146
98 0.562146
99 0.562146
100 0.562146
101 0.562146
102 0.562146
103 0.562146
104 0.562146
105 0.562146
106 0.562146
107 0.562146
108 0.562146
109 0.562146
110 0.562146
111 0.562146
112 0.562146
113 0.562146
114 0.562146
115 0.562146
116 0.562146
117 0.562146
118 0.562146
119 0.562146
120 0.562146
121 0.562146
122 0.562146
123 0.562146
124 0.562146
125 0.562146
126 0.562146
127 0.562146
128 0.562146
129 0.562146
130 0.562146
131 0.562146
132 0.562146
133 0.562146
134 0.562146
135 0.562146
136 0.562146
137 0.562146
138 0.562146
139 0.562146
140 0.562146
141 0.562146
142 0.562146
143 0.562146
144 0.562146
145 0.562146
146 0.562146
147 0.562146
148 0.562146
149 0.562146
150 0.562146
151 0.562146
152 0.562146
153 0.562146
154 0.562146
155 0.562146
156 0.562146
157 0.562146
158 0.562146
159 0.562146
160 0.562146
161 0.562146
162 0.562146
163 0.562146
164 0.562146
165 0.562146
166 0.562146
167 0.562146
168 0.562146
169 0.562146
170 0.562146
171 0.562146
172 0.562146
173 0.562146
174 0.562146
175 0.562146
176 0.562146
177 0.562146
178 0.562146
179 0.562146
180 0.562146
181 0.562146
182 0.562146
183 0.562146
184 0.562146
185 0.562146
186 0.562146
187 0.562146
188 0.562146
189 0.562146
190 0.562146
191 0.562146
192 0.562146
193 0.562146
194 0.562146
195 0.562146
196 0.562146
197 0.562146
198 0.562146
199 0.562146
200 0.562146
201 0.562146
202 0.562146
203 0.562146
204 0.562146
205 0.562146
206 0.562146
207 0.562146
208 0.562146
209 0.562146
210 0.562146
211 0.562146
212 0.562146
213 0.562146
214 0.562146
215 0.562146
216 0.562146
217 0.562146
218 0.562146
219 0.562146
220 0.562146
221 0.562146
222 0.562146
223 0.562146
224 0.562146
225 0.562146
226 0.562146
227 0.562146
228 0.562146
229 0.562146
230 0.562146
231 0.562146
232 0.562146
233 0.562146
234 0.562146
235 0.562146
236 0.562146
237 0.562146
238 0.562146
239 0.562146
240 0.562146
241 0.562146
242 0.562146
243 0.562146
244 0.562146
245 0.562146
246 0.562146
247 0.562146
248 0.562146
249 0.562146
250 0.562146
251 0.562146
252 0.562146
253 0.562146
254 0.562146
255 0.562146
256 0.562146
257 0.562146
258 0.562146
259 0.562146
260 0.562146
261 0.562146
262 0.562146
263 0.562146
264 0.562146
265 0.562146
266 0.562146
267 0.562146
268 0.562146
269 0.562146
270 0.562146
271 0.562146
272 0.562146
273 0.562146
274 0.562146
275 0.562146
276 0.562146
277 0.562146
278 0.562146
279 0.562146
280 0.562146
281 0.562146
282 0.562146
283 0.562146
284 0.562146
285 0.562146
286 0.562146
287 0.562146
288 0.562146
289 0.562146
290 0.562146
291 0.562146
292 0.562146
293 0.562146
294 0.562146
295 0.562146
296 0.562146
297 0.562146
298 0.562146
299 0.562146
300 0.562146
301 0.562146
302 0.562146
303 0.562146
304 0.562146
305 0.562146
306 0.562146
307 0.562146
308 0.562146
309 0.562146
310 0.562146
311 0.562146
312 0.562146
313 0.562146
314 0.562146
315 0.562146
316 0.562146
317 0.562146
318 0.562146
319 0.562146
320 0.562146
321 0.562146
322 0.562146
323 0.562146
324 0.562146
325 0.562146
326 0.562146
327 0.562146
328 0.562146
329 0.562146
330 0.562146
331 0.562146
332 0.562146
333 0.562146
334 0.562146
335 0.562146
336 0.562146
337 0.562146
338 0.562146
339 0.562146
340 0.562146
341 0.562146
342 0.562146
343 0.562146
344 0.562146
345 0.562146
346 0.562146
347 0.562146
348 0.562146
349 0.562146
350 0.562146
351 0.562146
352 0.562146
353 0.562146
354 0.562146
355 0.562146
356 0.562146
357 0.562146
358 0.562146
359 0.562146
360 0.562146
361 0.562146
362 0.562146
363 0.562146
364 0.562146
365 0.562146
366 0.562146
367 0.562146
368 0.562146
369 0.562146
370 0.562146
371 0.562146
372 0.562146
373 0.562146
374 0.562146
375 0.562146
376 0.562146
377 0.562146
378 0.562146
379 0.562146
380 0.562146
381 0.562146
382 0.562146
383 0.562146
384 0.562146
385 0.562146
386 0.562146
387 0.562146
388 0.562146
389 0.562146
390 0.562146
391 0.562146
392 0.562146
393 0.562146
394 0.562146
395 0.562146
396 0.562146
397 0.562146
398 0.562146
399 0.562146
400 0.562146
