1 0.0780356
2 0.0780356
3 0.078025
4 0.0780197
5 0.0780165
6 0.0780197
7 0.075282
8 0.0732617
9 0.0705514
10 0.068406
11 0.0660728
12 0.0640947
13 0.0620977
14 0.0604016
15 0.0586316
16 0.0570753
17 0.0556076
18 0.0543217
19 0.053076
20 0.0518537
21 0.0507047
22 0.0497685
23 0.0487099
24 0.0477321
25 0.0468355
26 0.0460387
27 0.0451478
28 0.044446
29 0.0437682
30 0.0429656
31 0.0423198
32 0.0416844
33 0.0410953
34 0.040512
35 0.0399276
36 0.0393974
37 0.0389134
38 0.0383293
39 0.037884
40 0.0374019
41 0.0369188
42 0.0364427
43 0.0360724
44 0.0355949
45 0.035271
46 0.034836
47 0.0344765
48 0.0341284
49 0.0337139
50 0.0334215
51 0.0330322
52 0.0326972
53 0.0323859
54 0.0320654
55 0.0317378
56 0.0314435
57 0.0312118
58 0.0308396
59 0.0306196
60 0.0302946
61 0.0300505
62 0.0298371
63 0.0295866
64 0.0293559
65 0.029073
66 0.0288706
67 0.0285485
68 0.0283589
69 0.0281655
70 0.0279578
71 0.0277695
72 0.0275202
73 0.0273224
74 0.0270754
75 0.0269056
76 0.0266707
77 0.0265527
78 0.0262936
79 0.0261757
80 0.0259314
81 0.0257804
82 0.0256355
83 0.025447
84 0.0252778
85 0.0251201
86 0.0249553
87 0.0247968
88 0.0246551
89 0.0244489
90 0.0244022
91 0.0241874
92 0.0240402
93 0.0238764
94 0.0237794
95 0.0235826
96 0.0234869
97 0.0233381
98 0.0231675
99 0.0230935
100 0.0229244
101 0.0228012
102 0.0226969
103 0.0225797
104 0.0224697
105 0.0223511
106 0.0221593
107 0.0220376
108 0.021979
109 0.0218884
110 0.0217385
111 0.0216375
112 0.021499
113 0.0213939
114 0.0212999
115 0.0211931
116 0.0211209
117 0.020971
118 0.0208995
119 0.0207781
120 0.0206917
121 0.0205549
122 0.0204887
123 0.0204367
124 0.0202604
125 0.0202109
126 0.0200884
127 0.0200302
128 0.0199973
129 0.0198839
130 0.019774
131 0.0196864
132 0.0195619
133 0.0194973
134 0.0193992
135 0.0193142
136 0.0192468
137 0.0191566
138 0.0191056
139 0.0189653
140 0.0189309
141 0.0188355
142 0.0187713
143 0.0186607
144 0.0186745
145 0.0185477
146 0.0185074
147 0.0183684
148 0.0183151
149 0.0182856
150 0.0181663
151 0.0180945
152 0.0180247
153 0.0179511
154 0.0178966
155 0.0178189
156 0.017788
157 0.0176732
158 0.0176395
159 0.017592
160 0.0175249
161 0.0174328
162 0.0174025
163 0.0173309
164 0.0172465
165 0.0171748
166 0.0171162
167 0.0170406
168 0.017039
169 0.0168961
170 0.016876
171 0.0168201
172 0.0167605
173 0.016718
174 0.0166674
175 0.0165978
176 0.0165094
177 0.0165209
178 0.0164392
179 0.0163626
180 0.0162944
181 0.0162674
182 0.0161994
183 0.016129
184 0.0161309
185 0.0160688
186 0.0159777
187 0.0159232
188 0.0159024
189 0.0158586
190 0.0157753
191 0.015747
192 0.0156696
193 0.0156566
194 0.0156165
195 0.0155553
196 0.015497
197 0.0154582
198 0.0154119
199 0.0153803
200 0.0153263
201 0.0152606
202 0.0152552
203 0.0151557
204 0.0151381
205 0.0150715
206 0.0150504
207 0.015007
208 0.0149572
209 0.0149069
210 0.0148903
211 0.0148428
212 0.014764
213 0.0147766
214 0.0147208
215 0.0146518
216 0.0146245
217 0.0145641
218 0.0145537
219 0.0145272
220 0.0144951
221 0.0144292
222 0.0144071
223 0.0143268
224 0.0143086
225 0.0142759
226 0.0142214
227 0.0142045
228 0.0141191
229 0.01413
230 0.0140732
231 0.014025
232 0.0140162
233 0.0139669
234 0.0139211
235 0.0139383
236 0.0138756
237 0.0138539
238 0.0137949
239 0.0137636
240 0.013717
241 0.0136724
242 0.013645
243 0.0135973
244 0.0135741
245 0.0135834
246 0.0135013
247 0.0134639
248 0.0134595
249 0.0134142
250 0.0133933
251 0.0133856
252 0.0133034
253 0.0132861
254 0.0132383
255 0.0132358
256 0.0131844
257 0.0131698
258 0.0131225
259 0.0130974
260 0.0130821
261 0.0130253
262 0.0130031
263 0.0129634
264 0.0129665
265 0.0129026
266 0.012899
267 0.0128756
268 0.0128323
269 0.0128168
270 0.0127959
271 0.0127521
272 0.0127359
273 0.0126666
274 0.0126452
275 0.0126205
276 0.0125971
277 0.0125914
278 0.012553
279 0.0125294
280 0.0124714
281 0.0124637
282 0.0124143
283 0.0124209
284 0.0124031
285 0.012367
286 0.012334
287 0.0122967
288 0.0122738
289 0.0122362
290 0.0122317
291 0.0121852
292 0.0121505
293 0.0121289
294 0.012121
295 0.0121117
296 0.0120624
297 0.0120543
298 0.0120126
299 0.0119872
300 0.0119523
301 0.0119795
302 0.0119232
303 0.0118737
304 0.0118635
305 0.0118337
306 0.0117811
307 0.0117825
308 0.0117906
309 0.0117684
310 0.0117453
311 0.0117054
312 0.0116757
313 0.0116552
314 0.0116297
315 0.0116212
316 0.0115972
317 0.0115702
318 0.0115193
319 0.0115214
320 0.0114928
321 0.0114626
322 0.011445
323 0.0114484
324 0.0113823
325 0.011377
326 0.0113568
327 0.0113665
328 0.0113274
329 0.0113135
330 0.0112818
331 0.0112375
332 0.0112455
333 0.0112126
334 0.0111939
335 0.011181
336 0.0111613
337 0.0111109
338 0.0111167
339 0.0111109
340 0.0110515
341 0.0110544
342 0.0110271
343 0.0109908
344 0.0110039
345 0.0109461
346 0.0109577
347 0.0109393
348 0.0109128
349 0.0108971
350 0.0108817
351 0.0108381
352 0.0108128
353 0.0108324
354 0.0107902
355 0.0107941
356 0.0107506
357 0.0107315
358 0.0107229
359 0.0107044
360 0.0106796
361 0.0106557
362 0.0106337
363 0.0106189
364 0.0106226
365 0.0105848
366 0.0106062
367 0.010564
368 0.0105346
369 0.0105404
370 0.0104731
371 0.0104825
372 0.0104586
373 0.0104393
374 0.0104282
375 0.0104235
376 0.0103876
377 0.0103462
378 0.0103759
379 0.0103334
380 0.0103214
381 0.0102885
382 0.0102849
383 0.0102967
384 0.010302
385 0.0102256
386 0.0102093
387 0.0101857
388 0.0101906
389 0.0101574
390 0.0101532
391 0.0101328
392 0.0101233
393 0.0100923
394 0.0100854
395 0.0100615
396 0.0100866
397 0.0100567
398 0.0100274
399 0.0100034
400 0.00999261
