1 0.300277
2 0.299427
3 0.299427
4 0.300057
5 0.298691
6 0.300019
7 0.319114
8 0.319526
9 0.329083
10 0.329614
11 0.335351
12 0.3358
13 0.339953
14 0.341099
15 0.343515
16 0.343509
17 0.345888
18 0.346389
19 0.347992
20 0.347453
21 0.349278
22 0.350035
23 0.3513
24 0.352686
25 0.354093
26 0.353722
27 0.353838
28 0.355699
29 0.355524
30 0.355035
31 0.355156
32 0.356546
33 0.357333
34 0.357341
35 0.357139
36 0.358465
37 0.358788
38 0.359062
39 0.359746
40 0.359726
41 0.360035
42 0.359844
43 0.360386
44 0.360899
45 0.3603
46 0.360432
47 0.361061
48 0.362029
49 0.362193
50 0.36243
51 0.362024
52 0.362608
53 0.363143
54 0.362696
55 0.362803
56 0.363702
57 0.363589
58 0.36284
59 0.364201
60 0.363532
61 0.363341
62 0.364822
63 0.364798
64 0.364028
65 0.364765
66 0.364633
67 0.365263
68 0.365751
69 0.365643
70 0.366358
71 0.36585
72 0.365092
73 0.366237
74 0.36593
75 0.365887
76 0.366205
77 0.366311
78 0.366331
79 0.366761
80 0.366848
81 0.366992
82 0.366498
83 0.36657
84 0.367128
85 0.366748
86 0.366899
87 0.366421
88 0.367878
89 0.367973
90 0.368534
91 0.367134
92 0.367287
93 0.367448
94 0.367708
95 0.367704
96 0.368037
97 0.367564
98 0.368096
99 0.367964
100 0.368151
101 0.368384
102 0.36919
103 0.369315
104 0.368471
105 0.368327
106 0.368744
107 0.369441
108 0.368918
109 0.369212
110 0.368663
111 0.368882
112 0.368789
113 0.369394
114 0.368643
115 0.36933
116 0.368637
117 0.369182
118 0.368926
119 0.369484
120 0.369989
121 0.368981
122 0.36972
123 0.368993
124 0.369519
125 0.369498
126 0.369862
127 0.369789
128 0.369073
129 0.369568
130 0.369748
131 0.370211
132 0.370218
133 0.369641
134 0.370037
135 0.369677
136 0.370797
137 0.370978
138 0.369717
139 0.371023
140 0.370605
141 0.370174
142 0.370895
143 0.370439
144 0.370704
145 0.370387
146 0.369937
147 0.371024
148 0.370223
149 0.370438
150 0.371297
151 0.370188
152 0.369678
153 0.371355
154 0.371203
155 0.371282
156 0.371273
157 0.371308
158 0.371064
159 0.370967
160 0.371599
161 0.370985
162 0.370744
163 0.371682
164 0.370789
165 0.370989
166 0.371072
167 0.37156
168 0.371598
169 0.371993
170 0.371082
171 0.371294
172 0.371273
173 0.370961
174 0.371617
175 0.37127
176 0.371821
177 0.37144
178 0.371179
179 0.370901
180 0.372214
181 0.371229
182 0.37162
183 0.371515
184 0.370231
185 0.371852
186 0.371236
187 0.371404
188 0.371967
189 0.371737
190 0.372065
191 0.372163
192 0.371304
193 0.37125
194 0.371892
195 0.371128
196 0.372166
197 0.372409
198 0.372379
199 0.372073
200 0.371516
201 0.371396
202 0.37154
203 0.372384
204 0.372325
205 0.371256
206 0.371372
207 0.372859
208 0.372724
209 0.372471
210 0.371552
211 0.37151
212 0.372284
213 0.372199
214 0.371702
215 0.372697
216 0.373306
217 0.371808
218 0.371666
219 0.372333
220 0.371745
221 0.372542
222 0.372037
223 0.372062
224 0.371879
225 0.371523
226 0.372611
227 0.372205
228 0.373146
229 0.372058
230 0.373537
231 0.372656
232 0.371873
233 0.372318
234 0.372722
235 0.37184
236 0.372578
237 0.372442
238 0.373103
239 0.37225
240 0.372256
241 0.372952
242 0.37334
243 0.373321
244 0.373573
245 0.373308
246 0.373171
247 0.372869
248 0.372812
249 0.372888
250 0.37236
251 0.372981
252 0.373657
253 0.373833
254 0.372344
255 0.372992
256 0.372809
257 0.372504
258 0.372397
259 0.372877
260 0.373819
261 0.373547
262 0.371794
263 0.373172
264 0.37225
265 0.373049
266 0.373137
267 0.372785
268 0.372458
269 0.373392
270 0.372577
271 0.37355
272 0.37302
273 0.372161
274 0.373401
275 0.373161
276 0.372953
277 0.373521
278 0.374172
279 0.373612
280 0.373724
281 0.372509
282 0.373628
283 0.373129
284 0.373725
285 0.37305
286 0.373116
287 0.373148
288 0.372872
289 0.372459
290 0.373674
291 0.372998
292 0.372859
293 0.372684
294 0.373317
295 0.373371
296 0.373298
297 0.373346
298 0.373806
299 0.373717
300 0.372875
301 0.373337
302 0.373843
303 0.373532
304 0.373709
305 0.373717
306 0.373245
307 0.373324
308 0.373164
309 0.373442
310 0.373501
311 0.373348
312 0.373122
313 0.373694
314 0.372903
315 0.373167
316 0.374173
317 0.373356
318 0.374104
319 0.373094
320 0.373359
321 0.373231
322 0.374303
323 0.373981
324 0.373018
325 0.37396
326 0.373505
327 0.373925
328 0.37352
329 0.373991
330 0.373962
331 0.373409
332 0.374373
333 0.373774
334 0.374482
335 0.37326
336 0.374758
337 0.373516
338 0.373286
339 0.372896
340 0.373869
341 0.374397
342 0.373678
343 0.372952
344 0.373471
345 0.374019
346 0.374866
347 0.373764
348 0.374333
349 0.373199
350 0.373783
351 0.373648
352 0.373849
353 0.373876
354 0.373581
355 0.374441
356 0.3739
357 0.37405
358 0.373723
359 0.374144
360 0.373916
361 0.37414
362 0.373906
363 0.37408
364 0.373808
365 0.373343
366 0.374388
367 0.374057
368 0.373641
369 0.374355
370 0.374066
371 0.373618
372 0.373274
373 0.373453
374 0.373601
375 0.374169
376 0.373786
377 0.374082
378 0.374819
379 0.374364
380 0.373663
381 0.374709
382 0.374293
383 0.374082
384 0.374277
385 0.374378
386 0.374685
387 0.37387
388 0.374301
389 0.373258
390 0.374559
391 0.374544
392 0.37421
393 0.374051
394 0.374173
395 0.375043
396 0.37439
397 0.373835
398 0.374376
399 0.374819
400 0.374151
