1 0.300277
2 0.299374
3 0.299777
4 0.299643
5 0.299785
6 0.29996
7 0.302498
8 0.304791
9 0.30757
10 0.30961
11 0.31196
12 0.314007
13 0.31591
14 0.317644
15 0.319329
16 0.320919
17 0.32237
18 0.323576
19 0.324927
20 0.32603
21 0.327436
22 0.328192
23 0.329297
24 0.33042
25 0.331253
26 0.331944
27 0.332831
28 0.33354
29 0.334191
30 0.335165
31 0.335575
32 0.336343
33 0.336888
34 0.337539
35 0.338093
36 0.338541
37 0.339092
38 0.339724
39 0.340214
40 0.340575
41 0.341168
42 0.341564
43 0.341953
44 0.342441
45 0.342787
46 0.343143
47 0.343587
48 0.343821
49 0.344279
50 0.344549
51 0.344976
52 0.345288
53 0.345511
54 0.345908
55 0.346236
56 0.346545
57 0.34677
58 0.347123
59 0.347386
60 0.347672
61 0.347857
62 0.34808
63 0.34843
64 0.348662
65 0.348983
66 0.349121
67 0.349411
68 0.349623
69 0.349775
70 0.35008
71 0.350213
72 0.350425
73 0.35068
74 0.350889
75 0.351099
76 0.351289
77 0.351405
78 0.35165
79 0.351778
80 0.352026
81 0.352224
82 0.352341
83 0.352544
84 0.352661
85 0.352832
86 0.353039
87 0.353174
88 0.353312
89 0.353557
90 0.353567
91 0.353809
92 0.353948
93 0.35404
94 0.35423
95 0.354342
96 0.3545
97 0.354626
98 0.354822
99 0.354877
100 0.355018
101 0.355189
102 0.355293
103 0.355415
104 0.3555
105 0.355633
106 0.35582
107 0.355967
108 0.355974
109 0.3561
110 0.356241
111 0.356341
112 0.356417
113 0.356581
114 0.356681
115 0.356751
116 0.356872
117 0.356985
118 0.357045
119 0.357188
120 0.357277
121 0.357452
122 0.357477
123 0.35756
124 0.357744
125 0.357849
126 0.357838
127 0.357975
128 0.357978
129 0.358112
130 0.358182
131 0.358289
132 0.358392
133 0.358525
134 0.358652
135 0.35868
136 0.35874
137 0.35884
138 0.358908
139 0.359006
140 0.359039
141 0.35912
142 0.359203
143 0.359326
144 0.35932
145 0.35945
146 0.359528
147 0.359659
148 0.359659
149 0.359708
150 0.359845
151 0.359901
152 0.359943
153 0.36002
154 0.360091
155 0.360206
156 0.360204
157 0.360315
158 0.360332
159 0.360402
160 0.360471
161 0.360543
162 0.360597
163 0.360652
164 0.360757
165 0.360803
166 0.360863
167 0.360948
168 0.360971
169 0.361083
170 0.361098
171 0.361116
172 0.361217
173 0.361243
174 0.361307
175 0.361355
176 0.361471
177 0.361467
178 0.361511
179 0.361595
180 0.361693
181 0.361685
182 0.361784
183 0.361824
184 0.361809
185 0.361882
186 0.362006
187 0.362087
188 0.36209
189 0.362112
190 0.362173
191 0.362191
192 0.3623
193 0.362318
194 0.36234
195 0.362408
196 0.362461
197 0.36249
198 0.362546
199 0.362567
200 0.362633
201 0.362683
202 0.362684
203 0.362833
204 0.362812
205 0.362947
206 0.362932
207 0.362997
208 0.362989
209 0.363066
210 0.363072
211 0.363106
212 0.36318
213 0.363148
214 0.363215
215 0.363305
216 0.363318
217 0.363365
218 0.363363
219 0.36342
220 0.363461
221 0.363525
222 0.363533
223 0.363614
224 0.363651
225 0.36365
226 0.363742
227 0.363759
228 0.363841
229 0.363826
230 0.363883
231 0.363962
232 0.36394
233 0.363984
234 0.364015
235 0.364003
236 0.36408
237 0.364102
238 0.364167
239 0.364184
240 0.364222
241 0.364257
242 0.364299
243 0.36436
244 0.364331
245 0.364391
246 0.364445
247 0.36447
248 0.364508
249 0.364545
250 0.364574
251 0.36455
252 0.364642
253 0.364669
254 0.364722
255 0.364705
256 0.364773
257 0.364804
258 0.364827
259 0.364843
260 0.364875
261 0.364928
262 0.364959
263 0.364993
264 0.364996
265 0.365042
266 0.365051
267 0.365085
268 0.365123
269 0.365137
270 0.365123
271 0.365217
272 0.365225
273 0.365334
274 0.36532
275 0.365332
276 0.365361
277 0.365359
278 0.365389
279 0.365438
280 0.365488
281 0.365481
282 0.365535
283 0.365531
284 0.365551
285 0.365565
286 0.365609
287 0.365651
288 0.36567
289 0.365707
290 0.365731
291 0.365776
292 0.365753
293 0.365814
294 0.365854
295 0.365812
296 0.365891
297 0.36588
298 0.365936
299 0.365968
300 0.366013
301 0.365971
302 0.366031
303 0.366099
304 0.366097
305 0.366123
306 0.366189
307 0.36621
308 0.366159
309 0.366174
310 0.366213
311 0.366259
312 0.366273
313 0.366302
314 0.366333
315 0.366334
316 0.366351
317 0.366383
318 0.366438
319 0.366445
320 0.366464
321 0.366482
322 0.366531
323 0.366506
324 0.366577
325 0.366594
326 0.366631
327 0.36659
328 0.366648
329 0.366632
330 0.366666
331 0.366721
332 0.366738
333 0.366754
334 0.366768
335 0.366791
336 0.36682
337 0.366855
338 0.366848
339 0.36684
340 0.366903
341 0.366818
342 0.366913
343 0.366953
344 0.36697
345 0.367002
346 0.36698
347 0.367031
348 0.367033
349 0.367074
350 0.36707
351 0.367106
352 0.367134
353 0.36713
354 0.36717
355 0.367163
356 0.367217
357 0.367209
358 0.367244
359 0.367247
360 0.367286
361 0.367316
362 0.367316
363 0.367341
364 0.36733
365 0.367398
366 0.36736
367 0.367415
368 0.367435
369 0.367427
370 0.367509
371 0.367478
372 0.367498
373 0.36752
374 0.367529
375 0.367533
376 0.367582
377 0.367613
378 0.367584
379 0.367626
380 0.367628
381 0.367663
382 0.36766
383 0.367673
384 0.367647
385 0.367729
386 0.367743
387 0.367774
388 0.36775
389 0.36782
390 0.367792
391 0.367837
392 0.367828
393 0.367873
394 0.367854
395 0.367897
396 0.367884
397 0.367917
398 0.367944
399 0.367947
400 0.367968
