1 0.577817
2 0.606904
3 0.620815
4 0.620557
5 0.649112
6 0.649457
7 0.671755
8 0.674277
9 0.686885
10 0.691108
11 0.700434
12 0.704463
13 0.711164
14 0.715037
15 0.719899
16 0.724539
17 0.730123
18 0.732302
19 0.736041
20 0.739763
21 0.74358
22 0.74627
23 0.749713
24 0.752171
25 0.755055
26 0.757486
27 0.761011
28 0.76253
29 0.765011
30 0.767587
31 0.769312
32 0.772533
33 0.77383
34 0.776394
35 0.777946
36 0.779657
37 0.781358
38 0.784155
39 0.785552
40 0.787199
41 0.788945
42 0.791198
43 0.792429
44 0.793741
45 0.794665
46 0.79666
47 0.798054
48 0.799571
49 0.800803
50 0.801391
51 0.804368
52 0.805066
53 0.806078
54 0.807083
55 0.808189
56 0.810128
57 0.810518
58 0.812259
59 0.812649
60 0.814093
61 0.81487
62 0.816213
63 0.816982
64 0.817966
65 0.8195
66 0.819589
67 0.821412
68 0.821765
69 0.823287
70 0.823433
71 0.824294
72 0.825122
73 0.826168
74 0.827686
75 0.827163
76 0.829104
77 0.829274
78 0.83028
79 0.83067
80 0.831737
81 0.832715
82 0.83283
83 0.834251
84 0.835339
85 0.834903
86 0.835899
87 0.836254
88 0.837285
89 0.838352
90 0.838212
91 0.838992
92 0.839421
93 0.840501
94 0.840742
95 0.841672
96 0.84287
97 0.8428
98 0.84437
99 0.843965
100 0.845285
101 0.845217
102 0.845518
103 0.846618
104 0.846715
105 0.847148
106 0.848187
107 0.848637
108 0.848229
109 0.849108
110 0.850236
111 0.849782
112 0.851045
113 0.851812
114 0.851976
115 0.852248
116 0.852244
117 0.85349
118 0.853742
119 0.854045
120 0.854764
121 0.854828
122 0.85518
123 0.855443
124 0.85684
125 0.856715
126 0.857333
127 0.857736
128 0.857004
129 0.857696
130 0.858953
131 0.859321
132 0.859583
133 0.859863
134 0.860312
135 0.861077
136 0.861313
137 0.861925
138 0.86095
139 0.862868
140 0.862414
141 0.862842
142 0.863542
143 0.863498
144 0.863485
145 0.863768
146 0.864115
147 0.865117
148 0.865466
149 0.86542
150 0.865821
151 0.866405
152 0.866207
153 0.866983
154 0.866974
155 0.867386
156 0.867199
157 0.867921
158 0.868708
159 0.868697
160 0.868973
161 0.869399
162 0.869515
163 0.86986
164 0.870463
165 0.871013
166 0.870687
167 0.871397
168 0.871077
169 0.871833
170 0.87188
171 0.872172
172 0.872077
173 0.872587
174 0.873006
175 0.873322
176 0.873955
177 0.873588
178 0.874062
179 0.874498
180 0.874725
181 0.874963
182 0.875576
183 0.875614
184 0.875256
185 0.875664
186 0.876283
187 0.876904
188 0.876484
189 0.876708
190 0.877506
191 0.877078
192 0.8777
193 0.877488
194 0.878003
195 0.878721
196 0.878613
197 0.87861
198 0.878857
199 0.879129
200 0.87944
201 0.879756
202 0.879988
203 0.880035
204 0.880401
205 0.880816
206 0.880527
207 0.880649
208 0.881178
209 0.881751
210 0.881148
211 0.881593
212 0.882221
213 0.882396
214 0.882538
215 0.883133
216 0.882717
217 0.882856
218 0.883186
219 0.883099
220 0.882926
221 0.883725
222 0.88406
223 0.884238
224 0.884286
225 0.884303
226 0.884696
227 0.885128
228 0.885564
229 0.885249
230 0.885346
231 0.885545
232 0.88584
233 0.886154
234 0.886523
235 0.885934
236 0.886685
237 0.88667
238 0.887165
239 0.887502
240 0.886847
241 0.887432
242 0.887709
243 0.888329
244 0.887977
245 0.887682
246 0.888556
247 0.88859
248 0.888385
249 0.88879
250 0.889126
251 0.88865
252 0.889944
253 0.889024
254 0.889822
255 0.889828
256 0.889941
257 0.890362
258 0.891011
259 0.890413
260 0.890536
261 0.890784
262 0.890983
263 0.891247
264 0.890983
265 0.891066
266 0.891522
267 0.891621
268 0.891792
269 0.892103
270 0.891891
271 0.892312
272 0.892409
273 0.892805
274 0.892819
275 0.892847
276 0.892753
277 0.892984
278 0.893148
279 0.893332
280 0.894219
281 0.893817
282 0.894378
283 0.893997
284 0.894359
285 0.894351
286 0.89453
287 0.894413
288 0.895131
289 0.895375
290 0.894942
291 0.895663
292 0.895342
293 0.895545
294 0.895255
295 0.895693
296 0.896172
297 0.895831
298 0.89633
299 0.896314
300 0.896752
301 0.896573
302 0.896577
303 0.896727
304 0.896651
305 0.897249
306 0.897492
307 0.897466
308 0.897467
309 0.897228
310 0.89708
311 0.897936
312 0.897804
313 0.89824
314 0.897922
315 0.898112
316 0.898398
317 0.898216
318 0.899217
319 0.898873
320 0.89883
321 0.89939
322 0.899378
323 0.8995
324 0.899545
325 0.899767
326 0.899571
327 0.899344
328 0.899696
329 0.89989
330 0.900357
331 0.900318
332 0.900247
333 0.900251
334 0.900733
335 0.900494
336 0.901119
337 0.901215
338 0.901017
339 0.901147
340 0.9013
341 0.901354
342 0.901479
343 0.9018
344 0.90178
345 0.901596
346 0.901945
347 0.901618
348 0.902035
349 0.901883
350 0.902485
351 0.902759
352 0.902933
353 0.902205
354 0.902689
355 0.902833
356 0.902784
357 0.903211
358 0.902906
359 0.903115
360 0.903497
361 0.903436
362 0.903639
363 0.903666
364 0.903341
365 0.904011
366 0.902967
367 0.904248
368 0.903907
369 0.903831
370 0.904387
371 0.904428
372 0.904776
373 0.904615
374 0.904688
375 0.90479
376 0.905171
377 0.905165
378 0.905196
379 0.905198
380 0.905132
381 0.905433
382 0.905385
383 0.905619
384 0.904983
385 0.906506
386 0.906298
387 0.906205
388 0.905897
389 0.906398
390 0.906217
391 0.906789
392 0.906353
393 0.906727
394 0.906935
395 0.906955
396 0.906163
397 0.907056
398 0.906684
399 0.90715
400 0.907529
