1 0.196708
2 0.196813
3 0.19686
4 0.196829
5 0.196854
6 0.19681
7 0.196804
8 0.196834
9 0.196813
10 0.196803
11 0.196785
12 0.196788
13 0.196792
14 0.196802
15 0.196802
16 0.196804
17 0.196807
18 0.196817
19 0.196817
20 0.196803
21 0.196793
22 0.196799
23 0.196794
24 0.196798
25 0.196795
26 0.196792
27 0.19618
28 0.195316
29 0.194361
30 0.193402
31 0.192472
32 0.191574
33 0.190734
34 0.189938
35 0.189177
36 0.188419
37 0.187656
38 0.186882
39 0.186097
40 0.185297
41 0.184469
42 0.183611
43 0.182718
44 0.181778
45 0.180788
46 0.179807
47 0.178846
48 0.177897
49 0.17696
50 0.176033
51 0.175127
52 0.174239
53 0.173371
54 0.172531
55 0.171698
56 0.170875
57 0.170064
58 0.169257
59 0.168451
60 0.167649
61 0.166856
62 0.166091
63 0.165331
64 0.164578
65 0.163868
66 0.16315
67 0.162466
68 0.161786
69 0.161115
70 0.16046
71 0.159818
72 0.159188
73 0.158575
74 0.157981
75 0.157394
76 0.156814
77 0.156257
78 0.155716
79 0.155189
80 0.15468
81 0.154186
82 0.153707
83 0.153239
84 0.152788
85 0.15235
86 0.151922
87 0.151503
88 0.151091
89 0.150682
90 0.150279
91 0.14988
92 0.149486
93 0.149094
94 0.148705
95 0.148317
96 0.147928
97 0.147543
98 0.147155
99 0.14677
100 0.146385
101 0.146001
102 0.145617
103 0.145238
104 0.144857
105 0.144481
106 0.144105
107 0.143732
108 0.143358
109 0.142985
110 0.142612
111 0.142241
112 0.141868
113 0.141496
114 0.141125
115 0.140755
116 0.140384
117 0.140016
118 0.139647
119 0.139281
120 0.138917
121 0.138557
122 0.138199
123 0.137844
124 0.137488
125 0.137136
126 0.136787
127 0.13644
128 0.136097
129 0.135755
130 0.135416
131 0.13508
132 0.134746
133 0.134414
134 0.134084
135 0.133756
136 0.13343
137 0.133106
138 0.132785
139 0.132465
140 0.132147
141 0.131833
142 0.13152
143 0.131207
144 0.130898
145 0.130591
146 0.130286
147 0.129982
148 0.129681
149 0.129382
150 0.129084
151 0.128787
152 0.128491
153 0.128198
154 0.127906
155 0.127615
156 0.127326
157 0.127038
158 0.126752
159 0.126468
160 0.126185
161 0.125902
162 0.125622
163 0.125343
164 0.125065
165 0.124789
166 0.124515
167 0.124242
168 0.123971
169 0.123701
170 0.123433
171 0.123167
172 0.122902
173 0.122638
174 0.122376
175 0.122115
176 0.121856
177 0.121598
178 0.121342
179 0.121087
180 0.120832
181 0.120579
182 0.120327
183 0.120077
184 0.119828
185 0.11958
186 0.119333
187 0.119088
188 0.118843
189 0.1186
190 0.118358
191 0.118117
192 0.117878
193 0.11764
194 0.117403
195 0.117167
196 0.116933
197 0.1167
198 0.116468
199 0.116237
200 0.116008
201 0.11578
202 0.115552
203 0.115326
204 0.115101
205 0.114878
206 0.114655
207 0.114433
208 0.114212
209 0.113992
210 0.113774
211 0.113557
212 0.11334
213 0.113125
214 0.112911
215 0.112698
216 0.112486
217 0.112275
218 0.112066
219 0.111857
220 0.111649
221 0.111443
222 0.111238
223 0.111034
224 0.110831
225 0.110629
226 0.110428
227 0.110228
228 0.110028
229 0.109829
230 0.109632
231 0.109435
232 0.10924
233 0.109046
234 0.108853
235 0.10866
236 0.108469
237 0.108278
238 0.108088
239 0.107899
240 0.107711
241 0.107524
242 0.107338
243 0.107152
244 0.106968
245 0.106784
246 0.106602
247 0.10642
248 0.10624
249 0.10606
250 0.105881
251 0.105702
252 0.105525
253 0.105349
254 0.105173
255 0.104998
256 0.104824
257 0.104651
258 0.104478
259 0.104307
260 0.104136
261 0.103966
262 0.103797
263 0.103629
264 0.103461
265 0.103294
266 0.103128
267 0.102962
268 0.102797
269 0.102633
270 0.10247
271 0.102308
272 0.102146
273 0.101985
274 0.101825
275 0.101665
276 0.101506
277 0.101347
278 0.101189
279 0.101032
280 0.100875
281 0.100719
282 0.100564
283 0.10041
284 0.100256
285 0.100103
286 0.0999505
287 0.0997986
288 0.0996477
289 0.0994974
290 0.0993474
291 0.0991978
292 0.0990493
293 0.0989012
294 0.0987536
295 0.0986063
296 0.0984595
297 0.0983138
298 0.0981687
299 0.0980237
300 0.0978796
301 0.0977359
302 0.0975922
303 0.0974494
304 0.0973076
305 0.0971663
306 0.0970247
307 0.0968839
308 0.0967439
309 0.0966043
310 0.0964653
311 0.0963273
312 0.0961894
313 0.096052
314 0.0959153
315 0.095779
316 0.095643
317 0.0955078
318 0.0953729
319 0.0952385
320 0.0951049
321 0.0949716
322 0.0948388
323 0.0947067
324 0.0945749
325 0.0944431
326 0.0943119
327 0.0941813
328 0.094051
329 0.0939214
330 0.093792
331 0.0936633
332 0.0935349
333 0.0934069
334 0.0932794
335 0.0931524
336 0.0930258
337 0.0928997
338 0.092774
339 0.0926489
340 0.0925242
341 0.0923994
342 0.0922751
343 0.0921511
344 0.0920276
345 0.0919045
346 0.0917821
347 0.0916598
348 0.0915383
349 0.091417
350 0.091296
351 0.0911758
352 0.0910556
353 0.0909359
354 0.0908166
355 0.0906979
356 0.0905791
357 0.0904607
358 0.0903426
359 0.0902253
360 0.0901085
361 0.0899918
362 0.0898754
363 0.0897594
364 0.0896438
365 0.0895285
366 0.089414
367 0.0892991
368 0.089185
369 0.0890709
370 0.0889573
371 0.0888441
372 0.0887315
373 0.0886188
374 0.0885071
375 0.0883952
376 0.0882839
377 0.0881727
378 0.088062
379 0.0879518
380 0.0878417
381 0.087732
382 0.0876226
383 0.0875136
384 0.087405
385 0.0872968
386 0.087189
387 0.0870814
388 0.0869741
389 0.0868666
390 0.0867599
391 0.0866536
392 0.0865473
393 0.0864411
394 0.0863354
395 0.0862303
396 0.0861254
397 0.0860209
398 0.0859166
399 0.0858127
400 0.0857092
