1 0.121951
2 0.13315
3 0.139226
4 0.142361
5 0.144
6 0.144936
7 0.145346
8 0.145351
9 0.145468
10 0.145536
11 0.159586
12 0.169937
13 0.177556
14 0.183196
15 0.187463
16 0.190539
17 0.192661
18 0.194029
19 0.194618
20 0.194607
21 0.203421
22 0.210638
23 0.216681
24 0.221569
25 0.225289
26 0.228741
27 0.233796
28 0.239543
29 0.244653
30 0.250097
31 0.255126
32 0.259976
33 0.264434
34 0.268569
35 0.272487
36 0.276174
37 0.280492
38 0.285
39 0.289124
40 0.293315
41 0.297372
42 0.301298
43 0.305432
44 0.30931
45 0.3133
46 0.317217
47 0.321175
48 0.32492
49 0.3284
50 0.331685
51 0.334742
52 0.337815
53 0.340876
54 0.344269
55 0.347225
56 0.35015
57 0.353108
58 0.35608
59 0.358798
60 0.361952
61 0.364815
62 0.367806
63 0.371096
64 0.373782
65 0.376768
66 0.379643
67 0.382298
68 0.384978
69 0.38774
70 0.390244
71 0.393033
72 0.395729
73 0.398004
74 0.400132
75 0.402348
76 0.404865
77 0.407235
78 0.409409
79 0.411712
80 0.413968
81 0.416236
82 0.4182
83 0.420317
84 0.422399
85 0.424484
86 0.426835
87 0.428716
88 0.430856
89 0.432686
90 0.434871
91 0.436706
92 0.438714
93 0.44034
94 0.442313
95 0.444125
96 0.44604
97 0.447899
98 0.4497
99 0.45165
100 0.453489
101 0.455411
102 0.457283
103 0.45883
104 0.460565
105 0.462213
106 0.464266
107 0.465773
108 0.467663
109 0.469094
110 0.471043
111 0.472657
112 0.474134
113 0.475624
114 0.477045
115 0.478818
116 0.480181
117 0.481698
118 0.483405
119 0.484958
120 0.486386
121 0.488089
122 0.489646
123 0.491115
124 0.492539
125 0.494131
126 0.495687
127 0.496969
128 0.49855
129 0.500013
130 0.501387
131 0.502652
132 0.504093
133 0.505247
134 0.506781
135 0.50803
136 0.509329
137 0.510619
138 0.511889
139 0.513481
140 0.514936
141 0.516431
142 0.517689
143 0.518909
144 0.520464
145 0.52145
146 0.522799
147 0.523875
148 0.52507
149 0.526394
150 0.527361
151 0.52869
152 0.530037
153 0.531439
154 0.532593
155 0.5338
156 0.535
157 0.535872
158 0.536733
159 0.538178
160 0.539444
161 0.540481
162 0.541839
163 0.543004
164 0.544311
165 0.545425
166 0.546639
167 0.547761
168 0.548665
169 0.549817
170 0.550841
171 0.551901
172 0.553023
173 0.554061
174 0.555073
175 0.556096
176 0.557339
177 0.558366
178 0.559302
179 0.560357
180 0.561372
181 0.56216
182 0.563266
183 0.564098
184 0.565108
185 0.566221
186 0.567093
187 0.568103
188 0.569175
189 0.569845
190 0.570876
191 0.571901
192 0.572708
193 0.573683
194 0.574512
195 0.575357
196 0.576131
197 0.57718
198 0.578186
199 0.579014
200 0.579881
201 0.580695
202 0.58161
203 0.582524
204 0.583321
205 0.584192
206 0.585015
207 0.585942
208 0.586833
209 0.5878
210 0.588701
211 0.589475
212 0.590416
213 0.591118
214 0.59192
215 0.592737
216 0.593658
217 0.594505
218 0.5952
219 0.595973
220 0.596761
221 0.597573
222 0.598282
223 0.599028
224 0.599764
225 0.600668
226 0.601398
227 0.602184
228 0.602961
229 0.603706
230 0.604455
231 0.605259
232 0.606144
233 0.60689
234 0.607596
235 0.608562
236 0.609252
237 0.610161
238 0.610841
239 0.611504
240 0.612053
241 0.612841
242 0.61361
243 0.614135
244 0.614796
245 0.615619
246 0.616239
247 0.617012
248 0.617654
249 0.618526
250 0.619274
251 0.619972
252 0.620481
253 0.621023
254 0.621895
255 0.622451
256 0.623119
257 0.623838
258 0.624617
259 0.625318
260 0.625941
261 0.626473
262 0.627035
263 0.62775
264 0.628356
265 0.628883
266 0.629425
267 0.630083
268 0.630588
269 0.631147
270 0.631821
271 0.632376
272 0.633305
273 0.633827
274 0.634424
275 0.634996
276 0.635566
277 0.636252
278 0.636852
279 0.637601
280 0.638095
281 0.63885
282 0.639482
283 0.640292
284 0.640714
285 0.641366
286 0.641996
287 0.642396
288 0.643131
289 0.64347
290 0.644106
291 0.644768
292 0.645139
293 0.645795
294 0.646444
295 0.647077
296 0.647512
297 0.648067
298 0.648682
299 0.649228
300 0.649778
301 0.650313
302 0.65065
303 0.651071
304 0.651681
305 0.6522
306 0.652967
307 0.653444
308 0.654041
309 0.654516
310 0.65506
311 0.655628
312 0.656135
313 0.656637
314 0.657119
315 0.657636
316 0.658148
317 0.658633
318 0.659211
319 0.659887
320 0.660361
321 0.660855
322 0.661325
323 0.661955
324 0.662483
325 0.663007
326 0.663329
327 0.663834
328 0.664317
329 0.664778
330 0.665408
331 0.665967
332 0.666416
333 0.666992
334 0.667406
335 0.667858
336 0.668331
337 0.66883
338 0.669127
339 0.669608
340 0.670012
341 0.67038
342 0.670833
343 0.6713
344 0.671848
345 0.672355
346 0.672819
347 0.673482
348 0.673732
349 0.67425
350 0.674676
351 0.675268
352 0.67574
353 0.676066
354 0.676695
355 0.676986
356 0.677495
357 0.677765
358 0.678182
359 0.678655
360 0.67904
361 0.679585
362 0.679975
363 0.680404
364 0.680748
365 0.68129
366 0.681714
367 0.682271
368 0.682542
369 0.683004
370 0.683574
371 0.683945
372 0.684323
373 0.684634
374 0.685116
375 0.685459
376 0.685866
377 0.686205
378 0.686599
379 0.68695
380 0.687324
381 0.687617
382 0.688253
383 0.688506
384 0.688878
385 0.689294
386 0.689556
387 0.689989
388 0.690455
389 0.690862
390 0.691336
391 0.691617
392 0.691969
393 0.692351
394 0.692807
395 0.693154
396 0.693515
397 0.693703
398 0.694145
399 0.69453
400 0.694827
