1 0.5
2 0.5
3 0.5
4 0.5
5 0.5
6 0.5
7 0.499999
8 0.5
9 0.5
10 0.5
11 0.5
12 0.5
13 0.5
14 0.5
15 0.5
16 0.494953
17 0.494876
18 0.494774
19 0.494697
20 0.49449
21 0.493576
22 0.492185
23 0.489932
24 0.487211
25 0.484482
26 0.481822
27 0.479603
28 0.477458
29 0.476108
30 0.474606
31 0.473088
32 0.471964
33 0.470754
34 0.470936
35 0.470893
36 0.470163
37 0.469864
38 0.470169
39 0.470299
40 0.472167
41 0.472309
42 0.472352
43 0.473071
44 0.473201
45 0.473785
46 0.474557
47 0.474944
48 0.474843
49 0.47483
50 0.476722
51 0.475935
52 0.475516
53 0.474904
54 0.476526
55 0.475492
56 0.475538
57 0.475325
58 0.474905
59 0.474449
60 0.475348
61 0.474754
62 0.474006
63 0.473666
64 0.473181
65 0.472654
66 0.472096
67 0.472712
68 0.472707
69 0.472383
70 0.471657
71 0.471684
72 0.471272
73 0.471428
74 0.471735
75 0.471827
76 0.471052
77 0.47161
78 0.47165
79 0.471835
80 0.471802
81 0.471938
82 0.472471
83 0.47201
84 0.472306
85 0.471507
86 0.471849
87 0.472156
88 0.472244
89 0.472255
90 0.472337
91 0.47207
92 0.472302
93 0.472026
94 0.472062
95 0.471877
96 0.47218
97 0.471895
98 0.47218
99 0.472353
100 0.473852
101 0.473608
102 0.473294
103 0.472892
104 0.472145
105 0.471715
106 0.47123
107 0.470836
108 0.469893
109 0.469578
110 0.468951
111 0.468355
112 0.467808
113 0.468081
114 0.467446
115 0.467133
116 0.467082
117 0.466877
118 0.466421
119 0.466079
120 0.465407
121 0.465331
122 0.464786
123 0.464366
124 0.463646
125 0.463843
126 0.463783
127 0.463611
128 0.463874
129 0.464
130 0.463458
131 0.461993
132 0.461462
133 0.460483
134 0.460172
135 0.458774
136 0.458112
137 0.456937
138 0.456669
139 0.456047
140 0.455471
141 0.454513
142 0.454286
143 0.453758
144 0.453052
145 0.452673
146 0.452213
147 0.45191
148 0.451379
149 0.450984
150 0.450381
151 0.450437
152 0.44984
153 0.449665
154 0.449362
155 0.449055
156 0.448339
157 0.448244
158 0.447935
159 0.447788
160 0.447447
161 0.447035
162 0.448585
163 0.447666
164 0.447033
165 0.446532
166 0.445813
167 0.445753
168 0.444866
169 0.44502
170 0.444739
171 0.444133
172 0.444235
173 0.444365
174 0.443988
175 0.443722
176 0.443207
177 0.442693
178 0.442527
179 0.442608
180 0.4424
181 0.442236
182 0.442444
183 0.441598
184 0.441527
185 0.441464
186 0.441498
187 0.441015
188 0.441306
189 0.4413
190 0.441589
191 0.440755
192 0.441054
193 0.440454
194 0.43994
195 0.44007
196 0.43994
197 0.439674
198 0.439811
199 0.439524
200 0.43913
201 0.43959
202 0.4392
203 0.439304
204 0.438995
205 0.438832
206 0.438689
207 0.438604
208 0.438262
209 0.438454
210 0.438467
211 0.438206
212 0.437929
213 0.438162
214 0.438192
215 0.437524
216 0.437858
217 0.437493
218 0.437348
219 0.436959
220 0.436279
221 0.436846
222 0.436765
223 0.436872
224 0.436319
225 0.43671
226 0.436422
227 0.435972
228 0.435981
229 0.435532
230 0.435626
231 0.435925
232 0.435462
233 0.435709
234 0.4354
235 0.435485
236 0.434817
237 0.434748
238 0.435
239 0.434548
240 0.434881
241 0.434501
242 0.434781
243 0.434529
244 0.434596
245 0.434229
246 0.433777
247 0.434199
248 0.434006
249 0.433588
250 0.433807
251 0.433591
252 0.433294
253 0.433082
254 0.433401
255 0.433128
256 0.432449
257 0.432471
258 0.43282
259 0.4325
260 0.432789
261 0.432538
262 0.432503
263 0.432102
264 0.431908
265 0.432155
266 0.432057
267 0.431779
268 0.431808
269 0.431787
270 0.431808
271 0.431592
272 0.431909
273 0.43163
274 0.43177
275 0.431534
276 0.431735
277 0.430784
278 0.431216
279 0.431169
280 0.430732
281 0.431024
282 0.430634
283 0.431195
284 0.430165
285 0.430704
286 0.430278
287 0.430206
288 0.430375
289 0.430207
290 0.430253
291 0.430145
292 0.429817
293 0.429886
294 0.429697
295 0.429334
296 0.429384
297 0.429738
298 0.430043
299 0.429443
300 0.429601
301 0.429479
302 0.429132
303 0.428731
304 0.429149
305 0.42912
306 0.428795
307 0.42911
308 0.428793
309 0.428838
310 0.428875
311 0.428699
312 0.428462
313 0.428348
314 0.428446
315 0.427878
316 0.428192
317 0.428238
318 0.428372
319 0.427668
320 0.427859
321 0.42749
322 0.427981
323 0.427572
324 0.427636
325 0.427512
326 0.427664
327 0.427517
328 0.427108
329 0.426776
330 0.427116
331 0.427618
332 0.427225
333 0.427487
334 0.42684
335 0.426899
336 0.426841
337 0.426512
338 0.426357
339 0.426448
340 0.426755
341 0.426426
342 0.42616
343 0.426794
344 0.42627
345 0.425984
346 0.426576
347 0.425779
348 0.425914
349 0.426217
350 0.426
351 0.425612
352 0.426143
353 0.425856
354 0.425893
355 0.425797
356 0.425635
357 0.425906
358 0.425607
359 0.425427
360 0.425191
361 0.425251
362 0.425309
363 0.425294
364 0.425273
365 0.42514
366 0.425106
367 0.42479
368 0.424382
369 0.424176
370 0.42479
371 0.424974
372 0.424547
373 0.424429
374 0.424314
375 0.424413
376 0.424349
377 0.424599
378 0.424256
379 0.424741
380 0.424456
381 0.423948
382 0.424307
383 0.424151
384 0.423962
385 0.424919
386 0.423755
387 0.423608
388 0.423788
389 0.423563
390 0.423875
391 0.423316
392 0.42369
393 0.423649
394 0.423749
395 0.423191
396 0.422933
397 0.423075
398 0.423008
399 0.423328
400 0.422848
