1 0.100222
2 0.100222
3 0.099831
4 0.100222
5 0.100222
6 0.100317
7 0.099707
8 0.099722
9 0.100222
10 0.100222
11 0.100222
12 0.12524
13 0.144116
14 0.157249
15 0.167122
16 0.173839
17 0.178868
18 0.182125
19 0.184198
20 0.186914
21 0.187397
22 0.198267
23 0.215517
24 0.224668
25 0.230987
26 0.244473
27 0.257789
28 0.264785
29 0.276968
30 0.28039
31 0.289928
32 0.29666
33 0.304063
34 0.308507
35 0.314379
36 0.320917
37 0.325573
38 0.32989
39 0.335286
40 0.340448
41 0.344093
42 0.34826
43 0.351588
44 0.356123
45 0.359391
46 0.364145
47 0.366492
48 0.369962
49 0.373389
50 0.376648
51 0.37958
52 0.382389
53 0.386195
54 0.388331
55 0.391517
56 0.394264
57 0.39655
58 0.399586
59 0.401774
60 0.405064
61 0.406893
62 0.409577
63 0.412539
64 0.41419
65 0.416325
66 0.418272
67 0.420758
68 0.424599
69 0.425509
70 0.427367
71 0.429485
72 0.43115
73 0.434121
74 0.436288
75 0.437623
76 0.439697
77 0.442023
78 0.443258
79 0.446204
80 0.448046
81 0.449811
82 0.451501
83 0.453826
84 0.456317
85 0.456645
86 0.458507
87 0.46059
88 0.461696
89 0.463685
90 0.465686
91 0.467115
92 0.469127
93 0.470255
94 0.471392
95 0.47415
96 0.475528
97 0.476696
98 0.478115
99 0.478634
100 0.480728
101 0.482409
102 0.484738
103 0.484923
104 0.486283
105 0.488761
106 0.48973
107 0.489931
108 0.492726
109 0.493278
110 0.49518
111 0.496862
112 0.497673
113 0.499322
114 0.499856
115 0.502147
116 0.502097
117 0.503584
118 0.505211
119 0.506139
120 0.508292
121 0.508933
122 0.510666
123 0.511836
124 0.512694
125 0.513558
126 0.51532
127 0.516094
128 0.517292
129 0.518311
130 0.518868
131 0.519896
132 0.521959
133 0.523105
134 0.524232
135 0.524804
136 0.526016
137 0.526998
138 0.527501
139 0.529191
140 0.529424
141 0.530447
142 0.531496
143 0.532383
144 0.534295
145 0.533916
146 0.535473
147 0.536602
148 0.536919
149 0.538913
150 0.540842
151 0.540641
152 0.541085
153 0.543031
154 0.543732
155 0.543822
156 0.54573
157 0.545508
158 0.54737
159 0.547603
160 0.549023
161 0.549077
162 0.550027
163 0.55125
164 0.552406
165 0.553514
166 0.554053
167 0.554732
168 0.555828
169 0.556333
170 0.556973
171 0.559245
172 0.558192
173 0.559794
174 0.560794
175 0.561072
176 0.562589
177 0.563456
178 0.563096
179 0.564441
180 0.564808
181 0.566072
182 0.567248
183 0.56663
184 0.568176
185 0.569304
186 0.57004
187 0.571235
188 0.571282
189 0.57163
190 0.572842
191 0.573628
192 0.574075
193 0.57536
194 0.5761
195 0.575518
196 0.5771
197 0.57846
198 0.579979
199 0.579214
200 0.580391
201 0.580015
202 0.581787
203 0.581076
204 0.582128
205 0.583454
206 0.583305
207 0.584164
208 0.585239
209 0.586014
210 0.58605
211 0.587097
212 0.587917
213 0.587264
214 0.589007
215 0.589382
216 0.590409
217 0.590165
218 0.590989
219 0.59143
220 0.590893
221 0.593092
222 0.592889
223 0.59433
224 0.594547
225 0.59549
226 0.595393
227 0.596274
228 0.596808
229 0.598158
230 0.598432
231 0.599032
232 0.598793
233 0.599682
234 0.600222
235 0.600891
236 0.602181
237 0.602259
238 0.602376
239 0.60287
240 0.60378
241 0.603442
242 0.605655
243 0.606078
244 0.605586
245 0.605695
246 0.607575
247 0.607186
248 0.607839
249 0.608176
250 0.607987
251 0.609484
252 0.609662
253 0.61083
254 0.610814
255 0.611776
256 0.612245
257 0.61213
258 0.613127
259 0.613813
260 0.614527
261 0.615113
262 0.61525
263 0.615071
264 0.61677
265 0.616314
266 0.617441
267 0.617638
268 0.618351
269 0.61877
270 0.618628
271 0.619658
272 0.61927
273 0.619884
274 0.619991
275 0.621378
276 0.62098
277 0.622743
278 0.622826
279 0.623178
280 0.624179
281 0.624509
282 0.625132
283 0.625049
284 0.625218
285 0.626284
286 0.626795
287 0.62597
288 0.627508
289 0.62793
290 0.628208
291 0.62842
292 0.629325
293 0.629379
294 0.630155
295 0.630523
296 0.630748
297 0.630548
298 0.632242
299 0.6315
300 0.632671
301 0.633582
302 0.632716
303 0.633273
304 0.634019
305 0.634312
306 0.635241
307 0.635151
308 0.635355
309 0.635905
310 0.63695
311 0.636816
312 0.637249
313 0.638481
314 0.638665
315 0.638898
316 0.63814
317 0.639807
318 0.638387
319 0.639935
320 0.640393
321 0.640603
322 0.6415
323 0.640646
324 0.642456
325 0.642654
326 0.642657
327 0.643462
328 0.643429
329 0.643051
330 0.643577
331 0.645036
332 0.644203
333 0.645624
334 0.645382
335 0.645935
336 0.64657
337 0.647354
338 0.646678
339 0.647931
340 0.647342
341 0.648309
342 0.648563
343 0.649442
344 0.649952
345 0.650281
346 0.650247
347 0.651026
348 0.650333
349 0.651131
350 0.65188
351 0.651439
352 0.652558
353 0.652468
354 0.652858
355 0.653085
356 0.653312
357 0.653174
358 0.654513
359 0.653924
360 0.654972
361 0.654876
362 0.655659
363 0.655622
364 0.656369
365 0.656392
366 0.656637
367 0.657546
368 0.658057
369 0.658061
370 0.658724
371 0.658353
372 0.658936
373 0.659246
374 0.659703
375 0.659658
376 0.660017
377 0.66097
378 0.660446
379 0.660911
380 0.661367
381 0.660968
382 0.66149
383 0.663107
384 0.662975
385 0.663189
386 0.663294
387 0.662487
388 0.664816
389 0.663807
390 0.664634
391 0.665037
392 0.665002
393 0.665395
394 0.665173
395 0.665642
396 0.666788
397 0.666816
398 0.666927
399 0.666861
400 0.667602
