1 0.299699
2 0.299603
3 0.299667
4 0.299603
5 0.299603
6 0.300683
7 0.300141
8 0.300695
9 0.299603
10 0.299603
11 0.299603
12 0.318884
13 0.332857
14 0.341666
15 0.348434
16 0.352522
17 0.355474
18 0.358154
19 0.360046
20 0.360894
21 0.360444
22 0.36698
23 0.375465
24 0.379159
25 0.382944
26 0.389112
27 0.395328
28 0.399048
29 0.404061
30 0.40506
31 0.409381
32 0.412493
33 0.414838
34 0.417265
35 0.418784
36 0.421636
37 0.424538
38 0.425088
39 0.427267
40 0.429239
41 0.431029
42 0.43182
43 0.433508
44 0.434654
45 0.435995
46 0.437764
47 0.438348
48 0.438886
49 0.441396
50 0.441594
51 0.44362
52 0.443985
53 0.444667
54 0.445726
55 0.447005
56 0.447567
57 0.4479
58 0.450305
59 0.450592
60 0.450046
61 0.452707
62 0.452078
63 0.45425
64 0.455035
65 0.455457
66 0.456285
67 0.456528
68 0.457278
69 0.457952
70 0.45817
71 0.460195
72 0.459728
73 0.460516
74 0.460982
75 0.461864
76 0.462861
77 0.462509
78 0.463091
79 0.464057
80 0.464425
81 0.46482
82 0.46567
83 0.465483
84 0.466899
85 0.466274
86 0.467255
87 0.468441
88 0.467904
89 0.470125
90 0.468594
91 0.469861
92 0.469914
93 0.470786
94 0.470585
95 0.471769
96 0.471616
97 0.472149
98 0.472437
99 0.472752
100 0.474395
101 0.474061
102 0.474299
103 0.474914
104 0.47467
105 0.475686
106 0.475997
107 0.476333
108 0.476527
109 0.475667
110 0.477011
111 0.477088
112 0.477104
113 0.478529
114 0.477471
115 0.479683
116 0.479164
117 0.479682
118 0.479772
119 0.480229
120 0.480394
121 0.479883
122 0.480825
123 0.480677
124 0.481269
125 0.481211
126 0.482109
127 0.48225
128 0.482476
129 0.482996
130 0.482485
131 0.483403
132 0.482434
133 0.483193
134 0.483939
135 0.484263
136 0.484717
137 0.485232
138 0.484645
139 0.484442
140 0.485662
141 0.48473
142 0.485299
143 0.485379
144 0.485565
145 0.48641
146 0.486462
147 0.486525
148 0.486284
149 0.486318
150 0.487401
151 0.488299
152 0.486753
153 0.487792
154 0.486964
155 0.488075
156 0.487888
157 0.487964
158 0.488254
159 0.488664
160 0.489276
161 0.488973
162 0.489287
163 0.489966
164 0.489863
165 0.490079
166 0.490105
167 0.490125
168 0.490118
169 0.491207
170 0.490432
171 0.490159
172 0.491723
173 0.490887
174 0.491406
175 0.492434
176 0.491413
177 0.492856
178 0.491761
179 0.492242
180 0.492853
181 0.493181
182 0.492305
183 0.492529
184 0.491929
185 0.493124
186 0.492762
187 0.493635
188 0.493525
189 0.492875
190 0.493941
191 0.494268
192 0.493
193 0.49426
194 0.493543
195 0.494742
196 0.493702
197 0.494112
198 0.49481
199 0.49494
200 0.494863
201 0.49472
202 0.495597
203 0.495649
204 0.494907
205 0.495796
206 0.496062
207 0.495329
208 0.496278
209 0.496619
210 0.496401
211 0.496739
212 0.49725
213 0.49674
214 0.496667
215 0.497081
216 0.497108
217 0.497177
218 0.49792
219 0.497057
220 0.496744
221 0.497224
222 0.497418
223 0.497169
224 0.497565
225 0.497495
226 0.497738
227 0.49769
228 0.497721
229 0.498692
230 0.498029
231 0.498291
232 0.498352
233 0.498237
234 0.497513
235 0.497999
236 0.499165
237 0.498775
238 0.499336
239 0.498516
240 0.50053
241 0.499915
242 0.499151
243 0.499546
244 0.499014
245 0.499801
246 0.500709
247 0.499122
248 0.499581
249 0.499583
250 0.499675
251 0.50024
252 0.499918
253 0.500333
254 0.500735
255 0.500778
256 0.501287
257 0.500513
258 0.50121
259 0.501319
260 0.500717
261 0.501065
262 0.500767
263 0.500965
264 0.500911
265 0.501097
266 0.500852
267 0.501583
268 0.502556
269 0.502098
270 0.502113
271 0.501674
272 0.50206
273 0.501771
274 0.5013
275 0.501668
276 0.502689
277 0.50261
278 0.501941
279 0.502262
280 0.502302
281 0.503051
282 0.502234
283 0.502874
284 0.502721
285 0.503402
286 0.50235
287 0.50256
288 0.502893
289 0.503284
290 0.503115
291 0.502836
292 0.503226
293 0.503663
294 0.503534
295 0.503108
296 0.503821
297 0.502706
298 0.504371
299 0.502459
300 0.503112
301 0.50399
302 0.503416
303 0.503953
304 0.504521
305 0.505111
306 0.503475
307 0.504922
308 0.504328
309 0.504009
310 0.504038
311 0.50441
312 0.504392
313 0.503207
314 0.505259
315 0.503763
316 0.503397
317 0.504597
318 0.504472
319 0.505234
320 0.50438
321 0.505084
322 0.504699
323 0.505997
324 0.504838
325 0.504423
326 0.505099
327 0.50503
328 0.504893
329 0.504339
330 0.505525
331 0.505638
332 0.505592
333 0.50594
334 0.506355
335 0.50657
336 0.50475
337 0.505917
338 0.505667
339 0.506688
340 0.506494
341 0.506736
342 0.506108
343 0.506739
344 0.506549
345 0.507206
346 0.50629
347 0.507223
348 0.506579
349 0.505801
350 0.507084
351 0.50677
352 0.505757
353 0.506472
354 0.506412
355 0.506109
356 0.506871
357 0.505388
358 0.5064
359 0.506969
360 0.506455
361 0.506631
362 0.50716
363 0.506143
364 0.506936
365 0.50702
366 0.507002
367 0.507115
368 0.50756
369 0.507204
370 0.507595
371 0.507828
372 0.50725
373 0.507526
374 0.507559
375 0.507219
376 0.507521
377 0.506598
378 0.507583
379 0.508313
380 0.507353
381 0.507789
382 0.508403
383 0.508612
384 0.508439
385 0.50877
386 0.508153
387 0.508044
388 0.507698
389 0.508248
390 0.507443
391 0.508251
392 0.507838
393 0.508325
394 0.508514
395 0.509028
396 0.508565
397 0.509292
398 0.508772
399 0.507463
400 0.508301
