1 0.178311
6 0.137574
11 0.064038
16 0.05472
21 0.0462471
26 0.0424238
31 0.0381562
36 0.0346777
41 0.0316998
46 0.0298874
51 0.0280442
56 0.0262098
61 0.0248079
66 0.0237126
71 0.0224735
76 0.0215929
81 0.0207089
86 0.0198654
91 0.0192119
96 0.0184871
101 0.0179253
106 0.0173187
111 0.0168267
116 0.0163365
121 0.0158395
126 0.0154285
131 0.0150537
136 0.0146742
141 0.0142897
146 0.0139456
151 0.0136288
156 0.0133019
161 0.0129935
166 0.0128206
171 0.0124983
176 0.0122436
181 0.0120546
186 0.0118007
191 0.0115977
196 0.0113993
200 0.0112516
