1 0.299581
6 0.299747
11 0.315558
16 0.327831
21 0.337186
26 0.344085
31 0.349683
36 0.354231
41 0.358132
46 0.361263
51 0.364128
56 0.366735
61 0.368985
66 0.370884
71 0.372787
76 0.374377
81 0.375877
86 0.377286
91 0.378553
96 0.379718
101 0.380777
106 0.381794
111 0.382728
116 0.38363
121 0.384524
126 0.385323
131 0.386057
136 0.386753
141 0.387437
146 0.388126
151 0.388679
156 0.38927
161 0.389845
166 0.390291
171 0.390801
176 0.391318
181 0.391797
186 0.392232
191 0.392703
196 0.393066
200 0.393367
