1 0.333334
6 0.332992
11 0.488928
16 0.541642
21 0.581413
26 0.607805
31 0.629192
36 0.646733
41 0.661379
46 0.673732
51 0.685746
56 0.695543
61 0.704185
66 0.712416
71 0.719595
76 0.72542
81 0.731732
86 0.737861
91 0.74219
96 0.747486
101 0.751802
106 0.755566
111 0.759379
116 0.763577
121 0.767119
126 0.770876
131 0.773338
136 0.776579
141 0.779704
146 0.782556
151 0.785686
156 0.788161
161 0.790684
166 0.791881
171 0.795001
176 0.796672
181 0.798384
186 0.800876
191 0.803077
196 0.80481
200 0.805737
