1 0.5
2 0.38163
3 0.334654
4 0.309539
5 0.294389
6 0.284276
7 0.277143
8 0.272132
9 0.268236
10 0.265107
11 0.262663
12 0.260532
13 0.259049
14 0.257423
15 0.256267
16 0.255192
17 0.254213
18 0.253424
19 0.252913
20 0.252228
21 0.251569
22 0.251235
23 0.250826
24 0.250265
25 0.249824
26 0.249556
27 0.249377
28 0.248841
29 0.248722
30 0.24832
31 0.24816
32 0.24779
33 0.247736
34 0.247433
35 0.247261
36 0.246986
37 0.246893
38 0.246668
39 0.246587
40 0.246361
41 0.246178
42 0.246041
43 0.245959
44 0.245874
45 0.24577
46 0.245622
47 0.245513
48 0.245354
49 0.245231
50 0.245106
51 0.244963
52 0.244944
53 0.244872
54 0.244731
55 0.244667
56 0.244572
57 0.244645
58 0.244443
59 0.24432
60 0.24426
61 0.244241
62 0.244132
63 0.244035
64 0.243752
65 0.244
66 0.243922
67 0.243777
68 0.24375
69 0.243661
70 0.243598
71 0.243496
72 0.243436
73 0.243271
74 0.243386
75 0.243274
76 0.243269
77 0.243188
78 0.243164
79 0.2431
80 0.243053
81 0.243036
82 0.242915
83 0.242943
84 0.242824
85 0.242692
86 0.242801
87 0.242783
88 0.24274
89 0.242744
90 0.242642
91 0.242666
92 0.242579
93 0.242553
94 0.242451
95 0.242405
96 0.242333
97 0.242383
98 0.242285
99 0.242303
100 0.242234
101 0.242158
102 0.242098
103 0.242191
104 0.24213
105 0.242135
106 0.242039
107 0.241991
108 0.241981
109 0.241909
110 0.241952
111 0.24192
112 0.241881
113 0.241806
114 0.241763
115 0.241829
116 0.241778
117 0.241835
118 0.24171
119 0.241668
120 0.241662
121 0.241615
122 0.241655
123 0.241547
124 0.241571
125 0.241492
126 0.24146
127 0.241449
128 0.241453
129 0.241472
130 0.241442
131 0.241409
132 0.241372
133 0.241317
134 0.241314
135 0.241351
136 0.241295
137 0.241242
138 0.241239
139 0.241195
140 0.241191
141 0.241197
142 0.241152
143 0.241118
144 0.241116
145 0.241102
146 0.241132
147 0.240992
148 0.240996
149 0.240998
150 0.240949
151 0.240941
152 0.240959
153 0.240931
154 0.240898
155 0.240916
156 0.240849
157 0.240876
158 0.240829
159 0.240866
160 0.240803
161 0.24081
162 0.24079
163 0.240766
164 0.240738
165 0.240743
166 0.240725
167 0.240738
168 0.240646
169 0.240599
170 0.24054
171 0.240793
172 0.240633
173 0.240622
174 0.240594
175 0.24057
176 0.240562
177 0.240545
178 0.240591
179 0.240541
180 0.240518
181 0.240434
182 0.240505
183 0.240505
184 0.24047
185 0.240415
186 0.240465
187 0.240409
188 0.240382
189 0.240379
190 0.240348
191 0.240369
192 0.240246
193 0.240346
194 0.240346
195 0.240392
196 0.240282
197 0.240344
198 0.240305
199 0.240244
200 0.240242
201 0.240207
202 0.240204
203 0.240201
204 0.240203
205 0.240082
206 0.240149
207 0.240161
208 0.240128
209 0.24011
210 0.240127
211 0.2401
212 0.240053
213 0.240065
214 0.240065
215 0.240057
216 0.240039
217 0.240035
218 0.240007
219 0.240015
220 0.240022
221 0.239995
222 0.239982
223 0.239994
224 0.23996
225 0.23996
226 0.23994
227 0.239986
228 0.239906
229 0.239932
230 0.239894
231 0.239879
232 0.239889
233 0.239911
234 0.239882
235 0.239844
236 0.239872
237 0.239798
238 0.239796
239 0.239836
240 0.239803
241 0.239734
242 0.239779
243 0.23978
244 0.239753
245 0.239747
246 0.239707
247 0.239711
248 0.239747
249 0.239736
250 0.239706
251 0.239683
252 0.239681
253 0.23966
254 0.239653
255 0.239564
256 0.239702
257 0.239738
258 0.239683
259 0.239646
260 0.239619
261 0.239634
262 0.23959
263 0.239618
264 0.239598
265 0.239568
266 0.239566
267 0.239589
268 0.239567
269 0.239525
270 0.239553
271 0.239492
272 0.239531
273 0.239593
274 0.239484
275 0.239491
276 0.23948
277 0.239491
278 0.239465
279 0.239452
280 0.239457
281 0.239458
282 0.239459
283 0.239426
284 0.239429
285 0.239395
286 0.239412
287 0.239381
288 0.239389
289 0.239368
290 0.239383
291 0.239381
292 0.23941
293 0.239325
294 0.239312
295 0.239328
296 0.2393
297 0.239338
298 0.239335
299 0.239297
300 0.239293
301 0.239292
302 0.239269
303 0.239279
304 0.239284
305 0.239279
306 0.239261
307 0.239173
308 0.239243
309 0.239245
310 0.239249
311 0.239207
312 0.239198
313 0.239226
314 0.239221
315 0.239266
316 0.239187
317 0.239203
318 0.239202
319 0.239169
320 0.239108
321 0.23917
322 0.239161
323 0.239159
324 0.239154
325 0.239139
326 0.239127
327 0.239086
328 0.239105
329 0.239086
330 0.239104
331 0.239071
332 0.239113
333 0.23911
334 0.239102
335 0.239078
336 0.239071
337 0.239064
338 0.239042
339 0.239053
340 0.239059
341 0.239139
342 0.23897
343 0.239007
344 0.239012
345 0.239038
346 0.238986
347 0.239011
348 0.238976
349 0.238974
350 0.238971
351 0.23901
352 0.238958
353 0.238967
354 0.23897
355 0.238959
356 0.238984
357 0.238921
358 0.238948
359 0.238928
360 0.23893
361 0.238951
362 0.238894
363 0.23891
364 0.238892
365 0.238903
366 0.238924
367 0.238885
368 0.238905
369 0.238864
370 0.238881
371 0.238885
372 0.238887
373 0.23885
374 0.238875
375 0.238827
376 0.238834
377 0.238871
378 0.238831
379 0.238825
380 0.23884
381 0.238843
382 0.238792
383 0.238804
384 0.238831
385 0.238826
386 0.238811
387 0.238815
388 0.238775
389 0.238777
390 0.23882
391 0.238785
392 0.238781
393 0.238766
394 0.238771
395 0.238778
396 0.238764
397 0.238735
398 0.23873
399 0.238721
400 0.238747
