1 0.499912
2 0.499936
3 0.499997
4 0.500113
5 0.500081
6 0.500052
7 0.499854
8 0.499889
9 0.499889
10 0.499856
11 0.499811
12 0.499803
13 0.499743
14 0.499764
15 0.499779
16 0.499735
17 0.499765
18 0.499798
19 0.49984
20 0.499838
21 0.49982
22 0.49983
23 0.499888
24 0.499886
25 0.499849
26 0.500338
27 0.501111
28 0.502091
29 0.503162
30 0.504372
31 0.505643
32 0.506919
33 0.508211
34 0.509505
35 0.510826
36 0.512099
37 0.513411
38 0.514663
39 0.515913
40 0.517134
41 0.518323
42 0.51951
43 0.520658
44 0.521782
45 0.522876
46 0.523944
47 0.524998
48 0.526021
49 0.527008
50 0.527999
51 0.528943
52 0.529902
53 0.530813
54 0.531723
55 0.532603
56 0.533448
57 0.534257
58 0.535086
59 0.535874
60 0.53666
61 0.537419
62 0.53816
63 0.53888
64 0.53959
65 0.540282
66 0.540982
67 0.541636
68 0.542289
69 0.542923
70 0.54354
71 0.544145
72 0.544732
73 0.545355
74 0.545885
75 0.546431
76 0.54698
77 0.547518
78 0.548044
79 0.548551
80 0.54906
81 0.549549
82 0.550016
83 0.550514
84 0.550979
85 0.551431
86 0.551905
87 0.552357
88 0.55279
89 0.553207
90 0.553649
91 0.554058
92 0.554474
93 0.554892
94 0.555282
95 0.555671
96 0.556056
97 0.556433
98 0.556795
99 0.557165
100 0.557521
101 0.557878
102 0.558206
103 0.558566
104 0.558895
105 0.559215
106 0.559554
107 0.559874
108 0.560189
109 0.560504
110 0.560809
111 0.561112
112 0.561414
113 0.561719
114 0.562005
115 0.562296
116 0.562584
117 0.56285
118 0.563125
119 0.563394
120 0.56366
121 0.563937
122 0.564198
123 0.56444
124 0.564696
125 0.564937
126 0.565185
127 0.56542
128 0.565663
129 0.565906
130 0.566144
131 0.566365
132 0.566607
133 0.566837
134 0.567062
135 0.567284
136 0.567502
137 0.567722
138 0.567933
139 0.568139
140 0.568345
141 0.568545
142 0.568755
143 0.568957
144 0.569156
145 0.56936
146 0.569549
147 0.569744
148 0.569931
149 0.570115
150 0.570301
151 0.570476
152 0.570656
153 0.570835
154 0.571009
155 0.571183
156 0.571351
157 0.571523
158 0.571692
159 0.571863
160 0.572032
161 0.572196
162 0.57236
163 0.572528
164 0.57269
165 0.572845
166 0.573006
167 0.57316
168 0.573314
169 0.573464
170 0.573594
171 0.573706
172 0.573914
173 0.574055
174 0.574198
175 0.574338
176 0.574483
177 0.574623
178 0.574767
179 0.574898
180 0.57504
181 0.575175
182 0.57531
183 0.575442
184 0.57557
185 0.575699
186 0.575835
187 0.575954
188 0.576079
189 0.576204
190 0.57633
191 0.576454
192 0.576582
193 0.576701
194 0.576823
195 0.576926
196 0.577059
197 0.577162
198 0.577291
199 0.577406
200 0.577518
201 0.577632
202 0.577742
203 0.57785
204 0.577963
205 0.578059
206 0.578178
207 0.578285
208 0.578392
209 0.578502
210 0.578608
211 0.578708
212 0.57881
213 0.578912
214 0.579013
215 0.579118
216 0.579219
217 0.579313
218 0.579412
219 0.579508
220 0.579605
221 0.5797
222 0.579791
223 0.579884
224 0.579979
225 0.580073
226 0.58016
227 0.580252
228 0.580339
229 0.580428
230 0.580524
231 0.580611
232 0.5807
233 0.580785
234 0.580873
235 0.580953
236 0.581043
237 0.581127
238 0.58121
239 0.581283
240 0.581374
241 0.581474
242 0.581542
243 0.58163
244 0.581711
245 0.581794
246 0.581873
247 0.581954
248 0.582031
249 0.582114
250 0.582192
251 0.582269
252 0.582348
253 0.582421
254 0.582499
255 0.582554
256 0.582649
257 0.582744
258 0.582802
259 0.582875
260 0.582946
261 0.583016
262 0.583085
263 0.583155
264 0.583227
265 0.583299
266 0.583366
267 0.583437
268 0.583504
269 0.583577
270 0.583646
271 0.58372
272 0.583781
273 0.583837
274 0.583915
275 0.58398
276 0.58404
277 0.584102
278 0.584173
279 0.584234
280 0.584299
281 0.584365
282 0.584426
283 0.584489
284 0.584548
285 0.58461
286 0.584669
287 0.584729
288 0.584791
289 0.584853
290 0.584913
291 0.584977
292 0.585038
293 0.585095
294 0.585156
295 0.585211
296 0.585272
297 0.585333
298 0.585386
299 0.585444
300 0.585499
301 0.585554
302 0.58561
303 0.585667
304 0.585719
305 0.585771
306 0.585829
307 0.585905
308 0.585936
309 0.585991
310 0.586044
311 0.586096
312 0.586152
313 0.586209
314 0.586262
315 0.586297
316 0.586364
317 0.586409
318 0.586466
319 0.586517
320 0.586568
321 0.586616
322 0.586668
323 0.58672
324 0.586769
325 0.58682
326 0.586871
327 0.586918
328 0.586966
329 0.587014
330 0.587064
331 0.587113
332 0.587161
333 0.587207
334 0.587256
335 0.587301
336 0.587348
337 0.587394
338 0.587444
339 0.587489
340 0.587539
341 0.587591
342 0.587627
343 0.587673
344 0.587721
345 0.587765
346 0.587811
347 0.587855
348 0.5879
349 0.587942
350 0.587984
351 0.588025
352 0.58807
353 0.58811
354 0.588152
355 0.588197
356 0.588237
357 0.588281
358 0.588321
359 0.588361
360 0.588403
361 0.588443
362 0.588484
363 0.588525
364 0.588567
365 0.588612
366 0.588653
367 0.58869
368 0.588731
369 0.588767
370 0.58881
371 0.588849
372 0.588889
373 0.588926
374 0.588966
375 0.589008
376 0.589045
377 0.589084
378 0.58912
379 0.589161
380 0.589199
381 0.589232
382 0.589277
383 0.58931
384 0.589349
385 0.589384
386 0.589422
387 0.589457
388 0.589493
389 0.58953
390 0.58957
391 0.589603
392 0.589639
393 0.589675
394 0.589709
395 0.589742
396 0.58978
397 0.589816
398 0.589848
399 0.589884
400 0.589919
