1 0.166478
2 0.166478
3 0.166478
4 0.166478
5 0.166478
6 0.166478
7 0.0832207
8 0.0833535
9 0.0667725
10 0.0668641
11 0.0596843
12 0.0594047
13 0.0485805
14 0.0415541
15 0.0368435
16 0.0332609
17 0.0297477
18 0.0284478
19 0.025788
20 0.0235139
21 0.0216123
22 0.0207177
23 0.0194684
24 0.0188177
25 0.0180122
26 0.0174775
27 0.0166713
28 0.0163064
29 0.0156744
30 0.0151807
31 0.0145178
32 0.0141448
33 0.0138165
34 0.0133685
35 0.013021
36 0.0125717
37 0.0123522
38 0.0121253
39 0.011854
40 0.0114562
41 0.0112962
42 0.0110225
43 0.0107996
44 0.0105122
45 0.0102132
46 0.0100687
47 0.0100062
48 0.00975085
49 0.00956543
50 0.00937594
51 0.00920009
52 0.00896766
53 0.0088624
54 0.00863508
55 0.00858305
56 0.00843057
57 0.00831516
58 0.00821281
59 0.00802899
60 0.00801879
61 0.00781721
62 0.00768039
63 0.00762775
64 0.00757649
65 0.00741784
66 0.00733309
67 0.00726387
68 0.00716726
69 0.00706563
70 0.0070286
71 0.00687342
72 0.00676567
73 0.00676461
74 0.00670283
75 0.00663979
76 0.00653784
77 0.00647937
78 0.00639081
79 0.00634233
80 0.00628647
81 0.00620427
82 0.00612773
83 0.00612324
84 0.00602492
85 0.00595445
86 0.0059028
87 0.0058504
88 0.00581698
89 0.00572555
90 0.00572789
91 0.0056891
92 0.005647
93 0.00556404
94 0.00551826
95 0.00550947
96 0.00543647
97 0.00535406
98 0.00534976
99 0.00531264
100 0.00526848
101 0.00517518
102 0.00516262
103 0.00514765
104 0.00509949
105 0.00506372
106 0.00501628
107 0.00499063
108 0.00492917
109 0.00491991
110 0.00488068
111 0.00482502
112 0.00480859
113 0.00477948
114 0.00472161
115 0.00469403
116 0.00464752
117 0.00464773
118 0.00461238
119 0.00455862
120 0.00450435
121 0.00450046
122 0.0045265
123 0.00444928
124 0.00444108
125 0.00435394
126 0.00439785
127 0.00433583
128 0.00434423
129 0.00426445
130 0.00427936
131 0.00422157
132 0.00421065
133 0.00418174
134 0.00413603
135 0.0041484
136 0.00409398
137 0.0040538
138 0.00408375
139 0.004107
140 0.00404765
141 0.00396864
142 0.00400559
143 0.00396451
144 0.00392906
145 0.00391245
146 0.00386867
147 0.00388816
148 0.00385529
149 0.00382489
150 0.00379594
151 0.00375612
152 0.00375503
153 0.00372998
154 0.00373178
155 0.00369977
156 0.00370106
157 0.00370698
158 0.00365283
159 0.00365675
160 0.00362562
161 0.00359652
162 0.0036226
163 0.00354259
164 0.00353365
165 0.0035542
166 0.00350273
167 0.00347466
168 0.00347976
169 0.00344674
170 0.0034567
171 0.00343115
172 0.00342785
173 0.00339673
174 0.00339533
175 0.00338552
176 0.00336757
177 0.00337766
178 0.00332742
179 0.0032858
180 0.00329284
181 0.00332016
182 0.00329577
183 0.00327064
184 0.00321809
185 0.00324156
186 0.00320002
187 0.00323419
188 0.00318495
189 0.00319247
190 0.00315925
191 0.00315885
192 0.00312037
193 0.0031445
194 0.00310964
195 0.00308338
196 0.00312355
197 0.0030685
198 0.00306897
199 0.00308671
200 0.00305913
201 0.00300275
202 0.00303218
203 0.00302256
204 0.00302614
205 0.00298476
206 0.00301334
207 0.00298172
208 0.00296378
209 0.002945
210 0.00295527
211 0.00291766
212 0.00290768
213 0.00290931
214 0.00289988
215 0.00286594
216 0.0028792
217 0.00287057
218 0.00285415
219 0.00282976
220 0.00284791
221 0.00282583
222 0.00281659
223 0.00279713
224 0.00276657
225 0.0027594
226 0.0027929
227 0.00277962
228 0.00275892
229 0.00273901
230 0.00274093
231 0.00273754
232 0.00273421
233 0.002705
234 0.0026858
235 0.00271731
236 0.00269753
237 0.00266914
238 0.00267256
239 0.00266552
240 0.00266154
241 0.00263153
242 0.00261836
243 0.00263248
244 0.00259534
245 0.00261309
246 0.00260392
247 0.00256995
248 0.0025797
249 0.00256735
250 0.0025646
251 0.00254268
252 0.0025452
253 0.00254889
254 0.00255049
255 0.002514
256 0.00250777
257 0.00250548
258 0.00248895
259 0.00249661
260 0.00248585
261 0.00247227
262 0.00249011
263 0.00249262
264 0.00246934
265 0.00244968
266 0.00242928
267 0.00245074
268 0.00246165
269 0.00243335
270 0.00244147
271 0.00241867
272 0.00239114
273 0.00240365
274 0.0023891
275 0.00235848
276 0.00238383
277 0.00234248
278 0.00236114
279 0.00235986
280 0.00235897
281 0.00233861
282 0.00231594
283 0.00231471
284 0.0023369
285 0.00230557
286 0.00232672
287 0.00230798
288 0.00229315
289 0.0023056
290 0.00227739
291 0.0022725
292 0.00226422
293 0.00224864
294 0.00225643
295 0.00225246
296 0.00225399
297 0.00223984
298 0.00223908
299 0.00224086
300 0.00223415
301 0.00222225
302 0.00221831
303 0.00220292
304 0.00223592
305 0.00221484
306 0.00221611
307 0.00218266
308 0.00220862
309 0.00219181
310 0.00218338
311 0.00216659
312 0.00216322
313 0.00214749
314 0.0021471
315 0.00217165
316 0.00214832
317 0.00213721
318 0.0021444
319 0.0021239
320 0.00215139
321 0.00212104
322 0.00212885
323 0.0021049
324 0.00208831
325 0.00208193
326 0.00210625
327 0.0020936
328 0.00210076
329 0.00206202
330 0.00206222
331 0.0020487
332 0.00206591
333 0.00206863
334 0.00207269
335 0.00204866
336 0.00205026
337 0.00202582
338 0.00203338
339 0.00204146
340 0.00202121
341 0.00202101
342 0.00200594
343 0.00201673
344 0.00199058
345 0.00201171
346 0.00200645
347 0.00199024
348 0.00199597
349 0.00197903
350 0.00200742
351 0.00197468
352 0.00196952
353 0.00197379
354 0.00195356
355 0.00198605
356 0.00195716
357 0.00196872
358 0.00194405
359 0.00195177
360 0.00194806
361 0.00193742
362 0.00195327
363 0.00194834
364 0.00191534
365 0.00191649
366 0.00192877
367 0.00194007
368 0.00191933
369 0.0019031
370 0.00189345
371 0.00191307
372 0.00189664
373 0.00188609
374 0.00187446
375 0.00187403
376 0.00187888
377 0.00188092
378 0.00188737
379 0.00186662
380 0.00186818
381 0.00186996
382 0.00186542
383 0.00183902
384 0.00185013
385 0.00184273
386 0.00181896
387 0.00183694
388 0.00182668
389 0.00182416
390 0.0018422
391 0.00182137
392 0.00180569
393 0.00179632
394 0.00180997
395 0.00181726
396 0.0018107
397 0.00180628
398 0.00180158
399 0.00179445
400 0.0017854
