1 0.500502
2 0.500481
3 0.500599
4 0.500681
5 0.500624
6 0.500655
7 0.512804
8 0.521409
9 0.530182
10 0.537309
11 0.543579
12 0.548759
13 0.554237
14 0.558426
15 0.563007
16 0.567339
17 0.571307
18 0.575198
19 0.578235
20 0.580687
21 0.583004
22 0.585818
23 0.588305
24 0.590657
25 0.593113
26 0.59503
27 0.597113
28 0.598988
29 0.600412
30 0.60217
31 0.60342
32 0.604912
33 0.60646
34 0.607691
35 0.609082
36 0.610196
37 0.611254
38 0.61247
39 0.61346
40 0.614536
41 0.61547
42 0.616466
43 0.617285
44 0.617923
45 0.618676
46 0.619664
47 0.620266
48 0.62113
49 0.621856
50 0.622475
51 0.623264
52 0.623563
53 0.624079
54 0.624802
55 0.625307
56 0.62584
57 0.626413
58 0.626997
59 0.627539
60 0.627972
61 0.628503
62 0.628935
63 0.629322
64 0.629789
65 0.630219
66 0.630658
67 0.631051
68 0.631493
69 0.631941
70 0.632296
71 0.63269
72 0.633059
73 0.633412
74 0.633742
75 0.634038
76 0.634369
77 0.634746
78 0.635035
79 0.635335
80 0.635656
81 0.635949
82 0.636341
83 0.636514
84 0.636796
85 0.637138
86 0.6373
87 0.637544
88 0.637826
89 0.638112
90 0.638345
91 0.638564
92 0.638806
93 0.63901
94 0.639265
95 0.639406
96 0.639655
97 0.639937
98 0.640113
99 0.640267
100 0.640502
101 0.640746
102 0.641
103 0.641144
104 0.641351
105 0.641444
106 0.641694
107 0.641801
108 0.641992
109 0.642145
110 0.642328
111 0.642589
112 0.642719
113 0.642881
114 0.643049
115 0.643218
116 0.643443
117 0.643464
118 0.64366
119 0.643826
120 0.643835
121 0.643964
122 0.644066
123 0.644325
124 0.644392
125 0.6446
126 0.644667
127 0.644788
128 0.644961
129 0.645143
130 0.645243
131 0.645395
132 0.645519
133 0.645618
134 0.645824
135 0.645805
136 0.646015
137 0.646187
138 0.646205
139 0.646263
140 0.646459
141 0.646602
142 0.646664
143 0.646742
144 0.646923
145 0.646989
146 0.647102
147 0.647139
148 0.647269
149 0.647405
150 0.647518
151 0.647644
152 0.64772
153 0.647836
154 0.647902
155 0.648043
156 0.648114
157 0.648163
158 0.648287
159 0.648377
160 0.648507
161 0.64854
162 0.648595
163 0.648733
164 0.648878
165 0.648886
166 0.649009
167 0.649088
168 0.649185
169 0.649305
170 0.649334
171 0.649336
172 0.649417
173 0.649546
174 0.649686
175 0.649678
176 0.649823
177 0.649818
178 0.649892
179 0.650009
180 0.65006
181 0.650145
182 0.650153
183 0.650259
184 0.65041
185 0.650423
186 0.650507
187 0.650503
188 0.650639
189 0.650697
190 0.65075
191 0.650785
192 0.650862
193 0.650943
194 0.650961
195 0.65103
196 0.651068
197 0.651174
198 0.651243
199 0.651271
200 0.651353
201 0.651457
202 0.65149
203 0.651546
204 0.651563
205 0.651716
206 0.651688
207 0.651763
208 0.651838
209 0.651911
210 0.651951
211 0.652006
212 0.652089
213 0.652132
214 0.652185
215 0.652231
216 0.652265
217 0.652313
218 0.652389
219 0.652414
220 0.652462
221 0.652507
222 0.652564
223 0.652632
224 0.652738
225 0.652758
226 0.652771
227 0.652805
228 0.652866
229 0.652945
230 0.652928
231 0.653018
232 0.653056
233 0.653107
234 0.653169
235 0.653158
236 0.653242
237 0.653281
238 0.653321
239 0.653362
240 0.653432
241 0.653539
242 0.653449
243 0.65351
244 0.653556
245 0.653582
246 0.653643
247 0.653678
248 0.653695
249 0.653739
250 0.653833
251 0.653858
252 0.65388
253 0.653922
254 0.65393
255 0.654033
256 0.654025
257 0.654041
258 0.654088
259 0.65413
260 0.65418
261 0.654208
262 0.654249
263 0.654287
264 0.654351
265 0.65439
266 0.654426
267 0.654436
268 0.654489
269 0.654507
270 0.654516
271 0.654614
272 0.654623
273 0.654625
274 0.65471
275 0.654733
276 0.654746
277 0.654794
278 0.65483
279 0.654842
280 0.654868
281 0.65495
282 0.654989
283 0.654998
284 0.655036
285 0.65507
286 0.655097
287 0.655101
288 0.655185
289 0.655142
290 0.655242
291 0.655212
292 0.65527
293 0.655352
294 0.655333
295 0.65536
296 0.655373
297 0.655406
298 0.655465
299 0.65546
300 0.655553
301 0.655549
302 0.655566
303 0.655573
304 0.655635
305 0.655643
306 0.655695
307 0.65578
308 0.655767
309 0.655765
310 0.655825
311 0.655853
312 0.65585
313 0.65591
314 0.655929
315 0.655885
316 0.655984
317 0.655966
318 0.656002
319 0.656062
320 0.656044
321 0.65611
322 0.656106
323 0.656134
324 0.656207
325 0.656211
326 0.656229
327 0.656268
328 0.656263
329 0.656356
330 0.656351
331 0.656365
332 0.656405
333 0.656408
334 0.656421
335 0.656448
336 0.656444
337 0.656511
338 0.656562
339 0.656554
340 0.656609
341 0.65655
342 0.656655
343 0.656653
344 0.656677
345 0.656677
346 0.656706
347 0.656747
348 0.656781
349 0.656814
350 0.656799
351 0.656813
352 0.656885
353 0.656875
354 0.656919
355 0.656932
356 0.65696
357 0.656957
358 0.656973
359 0.657011
360 0.657057
361 0.657022
362 0.657068
363 0.657109
364 0.657119
365 0.657124
366 0.657163
367 0.657181
368 0.657208
369 0.657235
370 0.65728
371 0.65724
372 0.657322
373 0.657294
374 0.657326
375 0.657363
376 0.657371
377 0.657361
378 0.657364
379 0.657413
380 0.657449
381 0.657437
382 0.657471
383 0.657523
384 0.657498
385 0.657522
386 0.657562
387 0.6576
388 0.65759
389 0.657621
390 0.657604
391 0.657665
392 0.657695
393 0.657719
394 0.657697
395 0.657704
396 0.657718
397 0.657751
398 0.657785
399 0.657798
400 0.65783
