1 0.500138
2 0.500138
3 0.500138
4 0.500138
5 0.500138
6 0.500138
7 0.666589
8 0.666323
9 0.699318
10 0.698855
11 0.713959
12 0.714346
13 0.745913
14 0.769441
15 0.782785
16 0.795471
17 0.806382
18 0.810577
19 0.820275
20 0.828721
21 0.836625
22 0.839959
23 0.844547
24 0.847345
25 0.850771
26 0.852712
27 0.856135
28 0.857944
29 0.860502
30 0.862829
31 0.866145
32 0.86781
33 0.869608
34 0.871579
35 0.873411
36 0.87575
37 0.877131
38 0.877987
39 0.879313
40 0.88137
41 0.882175
42 0.883797
43 0.885229
44 0.886885
45 0.888262
46 0.889423
47 0.889355
48 0.89084
49 0.892189
50 0.892815
51 0.893885
52 0.896105
53 0.896429
54 0.897819
55 0.897981
56 0.898891
57 0.899954
58 0.900584
59 0.901437
60 0.901125
61 0.902568
62 0.90382
63 0.90394
64 0.904198
65 0.905576
66 0.90577
67 0.906394
68 0.90708
69 0.907707
70 0.907839
71 0.909221
72 0.909902
73 0.910022
74 0.910456
75 0.911022
76 0.911165
77 0.911651
78 0.91272
79 0.912904
80 0.913002
81 0.913648
82 0.914351
83 0.914492
84 0.915302
85 0.915526
86 0.916109
87 0.916316
88 0.916691
89 0.917091
90 0.917373
91 0.917549
92 0.917991
93 0.918487
94 0.919023
95 0.918911
96 0.919439
97 0.920293
98 0.920182
99 0.920499
100 0.920711
101 0.921704
102 0.921694
103 0.921701
104 0.922244
105 0.92265
106 0.922879
107 0.923334
108 0.923701
109 0.923588
110 0.92394
111 0.924299
112 0.924397
113 0.925101
114 0.92537
115 0.925432
116 0.925817
117 0.925791
118 0.926163
119 0.926844
120 0.927133
121 0.927197
122 0.926831
123 0.927817
124 0.927857
125 0.928463
126 0.928088
127 0.92865
128 0.928442
129 0.929267
130 0.929374
131 0.929609
132 0.929502
133 0.929867
134 0.930479
135 0.930032
136 0.93074
137 0.930975
138 0.930877
139 0.930601
140 0.931063
141 0.93181
142 0.931516
143 0.93202
144 0.932014
145 0.932462
146 0.932751
147 0.93253
148 0.932871
149 0.933119
150 0.933355
151 0.93398
152 0.933712
153 0.934008
154 0.934221
155 0.934458
156 0.93442
157 0.934191
158 0.934977
159 0.934712
160 0.934821
161 0.935527
162 0.93523
163 0.935738
164 0.935816
165 0.935475
166 0.936083
167 0.936299
168 0.936259
169 0.936907
170 0.936631
171 0.936943
172 0.937027
173 0.937397
174 0.937158
175 0.937419
176 0.937576
177 0.937592
178 0.937895
179 0.938307
180 0.938298
181 0.938023
182 0.938362
183 0.93871
184 0.938813
185 0.93881
186 0.939211
187 0.938699
188 0.939458
189 0.939202
190 0.939375
191 0.939584
192 0.940136
193 0.939581
194 0.940364
195 0.94015
196 0.940195
197 0.940624
198 0.94053
199 0.940385
200 0.94072
201 0.941371
202 0.940831
203 0.941123
204 0.941021
205 0.941456
206 0.940984
207 0.94133
208 0.941798
209 0.941713
210 0.941611
211 0.942029
212 0.942272
213 0.94237
214 0.942368
215 0.942645
216 0.942522
217 0.942592
218 0.942597
219 0.943164
220 0.942841
221 0.943374
222 0.943147
223 0.943163
224 0.943767
225 0.943868
226 0.943398
227 0.943516
228 0.943735
229 0.943991
230 0.943873
231 0.944085
232 0.944005
233 0.944301
234 0.944641
235 0.944269
236 0.944652
237 0.944622
238 0.944647
239 0.944962
240 0.944932
241 0.945245
242 0.945261
243 0.945163
244 0.945523
245 0.945369
246 0.945296
247 0.945944
248 0.945786
249 0.945842
250 0.945824
251 0.945968
252 0.946488
253 0.945997
254 0.946053
255 0.946466
256 0.94639
257 0.946603
258 0.946826
259 0.946682
260 0.946678
261 0.946971
262 0.94681
263 0.946917
264 0.947127
265 0.947149
266 0.947357
267 0.947233
268 0.946892
269 0.947408
270 0.947429
271 0.947414
272 0.947927
273 0.94794
274 0.947819
275 0.948123
276 0.947881
277 0.94856
278 0.948329
279 0.948111
280 0.948362
281 0.948402
282 0.948699
283 0.948687
284 0.948659
285 0.948908
286 0.948706
287 0.948956
288 0.949248
289 0.948866
290 0.949259
291 0.949258
292 0.949405
293 0.9497
294 0.949451
295 0.949537
296 0.949428
297 0.949702
298 0.949496
299 0.949557
300 0.94966
301 0.949834
302 0.949981
303 0.950087
304 0.949778
305 0.950044
306 0.949944
307 0.95046
308 0.950152
309 0.950121
310 0.950568
311 0.950459
312 0.950513
313 0.950907
314 0.950808
315 0.950628
316 0.950844
317 0.950888
318 0.950759
319 0.951011
320 0.950868
321 0.951092
322 0.950775
323 0.951155
324 0.951492
325 0.951673
326 0.951115
327 0.951713
328 0.951292
329 0.951924
330 0.952072
331 0.952143
332 0.95184
333 0.951699
334 0.951744
335 0.952027
336 0.952086
337 0.952241
338 0.952232
339 0.95205
340 0.952348
341 0.95226
342 0.952499
343 0.952548
344 0.952702
345 0.952501
346 0.952575
347 0.952655
348 0.952768
349 0.952795
350 0.952574
351 0.952976
352 0.952994
353 0.953112
354 0.953108
355 0.953081
356 0.953435
357 0.953028
358 0.953294
359 0.953439
360 0.953079
361 0.953217
362 0.953145
363 0.953466
364 0.953657
365 0.953699
366 0.953684
367 0.953588
368 0.953729
369 0.953998
370 0.953802
371 0.953896
372 0.954077
373 0.954119
374 0.954041
375 0.954108
376 0.954098
377 0.953947
378 0.954063
379 0.954307
380 0.954321
381 0.954284
382 0.954236
383 0.954594
384 0.954651
385 0.95478
386 0.954944
387 0.954736
388 0.954817
389 0.954986
390 0.954762
391 0.954737
392 0.954997
393 0.955303
394 0.955093
395 0.955157
396 0.955103
397 0.955112
398 0.955439
399 0.95524
400 0.955416
