1 0.166478
2 0.166478
3 0.166478
4 0.166478
5 0.166478
6 0.166478
7 0.154584
8 0.145703
9 0.136953
10 0.129915
11 0.123578
12 0.118212
13 0.112832
14 0.108645
15 0.104123
16 0.0998221
17 0.0957598
18 0.0920435
19 0.0888729
20 0.0864132
21 0.0841001
22 0.0812555
23 0.0787934
24 0.0763724
25 0.0740623
26 0.0720485
27 0.0699247
28 0.0680933
29 0.0665725
30 0.064922
31 0.0636552
32 0.0621897
33 0.0607403
34 0.0593737
35 0.0581192
36 0.0569273
37 0.0558322
38 0.0547226
39 0.0536311
40 0.0526426
41 0.0517219
42 0.0506999
43 0.0498301
44 0.0492222
45 0.0483528
46 0.0475082
47 0.046838
48 0.0460504
49 0.0453346
50 0.0446243
51 0.0439531
52 0.0436022
53 0.0429851
54 0.042368
55 0.0418047
56 0.0412337
57 0.0406533
58 0.0401312
59 0.0396114
60 0.0391403
61 0.0386176
62 0.0381719
63 0.0377407
64 0.0373094
65 0.0368672
66 0.0364551
67 0.0360434
68 0.0356577
69 0.0351922
70 0.0348775
71 0.0344252
72 0.0340938
73 0.0337513
74 0.0333956
75 0.0330881
76 0.0327288
77 0.0323933
78 0.0320828
79 0.0317824
80 0.0314653
81 0.0311813
82 0.0308589
83 0.0306077
84 0.0302964
85 0.0300392
86 0.0297814
87 0.0295516
88 0.0292964
89 0.0290008
90 0.0287562
91 0.0285232
92 0.0283328
93 0.028065
94 0.0278403
95 0.0277021
96 0.0274583
97 0.0272227
98 0.0270237
99 0.0268147
100 0.0266121
101 0.0263984
102 0.0261841
103 0.0259865
104 0.0258022
105 0.0256357
106 0.0254372
107 0.025286
108 0.0250906
109 0.0249265
110 0.0247475
111 0.0245543
112 0.0243978
113 0.0242556
114 0.0240998
115 0.0239465
116 0.023735
117 0.0236237
118 0.0234739
119 0.0232966
120 0.0232756
121 0.0231332
122 0.0230113
123 0.0228273
124 0.0227105
125 0.0225259
126 0.0224372
127 0.0223205
128 0.0221741
129 0.0219765
130 0.0218875
131 0.0217583
132 0.0216146
133 0.0214942
134 0.0213664
135 0.0212755
136 0.0211245
137 0.0209859
138 0.020916
139 0.0208338
140 0.0206999
141 0.0205256
142 0.0204447
143 0.020364
144 0.0202026
145 0.0201251
146 0.0199863
147 0.0199339
148 0.0198534
149 0.0197227
150 0.0195853
151 0.0194784
152 0.0194023
153 0.0193167
154 0.0192154
155 0.0191001
156 0.0190307
157 0.018954
158 0.0188358
159 0.0187737
160 0.0186482
161 0.0185799
162 0.0185159
163 0.0183652
164 0.0182715
165 0.0182618
166 0.0181091
167 0.0180269
168 0.0179616
169 0.0178471
170 0.0178088
171 0.0177187
172 0.0176453
173 0.0175728
174 0.0174734
175 0.0174063
176 0.0173249
177 0.0172925
178 0.0171838
179 0.0171032
180 0.0170294
181 0.0169785
182 0.0169176
183 0.0168277
184 0.0167178
185 0.0166749
186 0.0165928
187 0.0165539
188 0.0164807
189 0.0164046
190 0.0163551
191 0.0163039
192 0.016222
193 0.0161713
194 0.0161262
195 0.0160308
196 0.0160091
197 0.0159064
198 0.0158488
199 0.0158343
200 0.0157518
201 0.0156405
202 0.0156115
203 0.0155519
204 0.0155182
205 0.0154241
206 0.0153926
207 0.0153317
208 0.0152652
209 0.0151877
210 0.0151669
211 0.0150928
212 0.0150324
213 0.0149905
214 0.0149333
215 0.0148595
216 0.0148326
217 0.0147732
218 0.0147172
219 0.0146649
220 0.0146188
221 0.0145865
222 0.0145245
223 0.0144594
224 0.0143928
225 0.0143369
226 0.0143212
227 0.0142798
228 0.0142115
229 0.0141635
230 0.0141373
231 0.014089
232 0.0140357
233 0.0139845
234 0.0139315
235 0.0139135
236 0.0138574
237 0.0138067
238 0.0137577
239 0.0137274
240 0.0136748
241 0.0136212
242 0.013653
243 0.013617
244 0.0135535
245 0.0135204
246 0.0134679
247 0.0134246
248 0.0133997
249 0.0133559
250 0.0132996
251 0.0132581
252 0.013237
253 0.0132047
254 0.013168
255 0.0130961
256 0.0130695
257 0.0130233
258 0.0129721
259 0.0129478
260 0.0129135
261 0.0128671
262 0.0128435
263 0.0128168
264 0.0127537
265 0.0127121
266 0.0126788
267 0.0126611
268 0.012634
269 0.0125818
270 0.0125747
271 0.012496
272 0.0124647
273 0.0124412
274 0.012407
275 0.0123526
276 0.012341
277 0.0122868
278 0.0122616
279 0.0122486
280 0.0122249
281 0.0121563
282 0.0121076
283 0.0120921
284 0.0120755
285 0.0120212
286 0.012012
287 0.0119854
288 0.0119431
289 0.0119344
290 0.011884
291 0.0118638
292 0.0118125
293 0.0117546
294 0.0117623
295 0.0117221
296 0.0117112
297 0.0116703
298 0.0116391
299 0.0116141
300 0.0115777
301 0.0115489
302 0.0115256
303 0.0114884
304 0.0114764
305 0.0114451
306 0.0114222
307 0.0113628
308 0.011361
309 0.0113192
310 0.0112828
311 0.0112665
312 0.0112323
313 0.0112003
314 0.011169
315 0.0111767
316 0.0111206
317 0.0110935
318 0.0110842
319 0.0110425
320 0.0110432
321 0.0109896
322 0.0109813
323 0.0109402
324 0.0109034
325 0.0108679
326 0.0108567
327 0.0108343
328 0.0108246
329 0.0107647
330 0.0107456
331 0.0107158
332 0.0106901
333 0.0106903
334 0.0106748
335 0.010633
336 0.0106046
337 0.010569
338 0.010555
339 0.0105351
340 0.0105014
341 0.0104881
342 0.0104501
343 0.0104415
344 0.0104132
345 0.0104043
346 0.0103733
347 0.0103402
348 0.0103301
349 0.010287
350 0.0102991
351 0.0102503
352 0.0102254
353 0.0102132
354 0.0101769
355 0.0101879
356 0.0101381
357 0.0101357
358 0.0100965
359 0.0100834
360 0.0100585
361 0.010035
362 0.0100301
363 0.010018
364 0.00996862
365 0.00994385
366 0.00993577
367 0.00993586
368 0.00990106
369 0.0098693
370 0.0098371
371 0.00984644
372 0.00979691
373 0.00978935
374 0.00976355
375 0.00972544
376 0.00971768
377 0.00971164
378 0.00971199
379 0.00966876
380 0.00965622
381 0.00963425
382 0.00961609
383 0.00958986
384 0.0095746
385 0.00955687
386 0.00951302
387 0.00951048
388 0.00948914
389 0.00946697
390 0.00947512
391 0.00942892
392 0.00940967
393 0.00938632
394 0.00939009
395 0.00937457
396 0.00934862
397 0.00933213
398 0.00931331
399 0.00928504
400 0.00927281
