1 0.250242
2 0.250242
3 0.250242
4 0.250242
5 0.250242
6 0.250242
7 0.250242
8 0.250242
9 0.250242
10 0.250242
11 0.250242
12 0.166402
13 0.166691
14 0.149832
15 0.149784
16 0.142767
17 0.142768
18 0.138808
19 0.138797
20 0.136289
21 0.136155
22 0.134546
23 0.0992
24 0.0887165
25 0.0774573
26 0.0751851
27 0.0707226
28 0.0684659
29 0.0661331
30 0.0648832
31 0.063466
32 0.0625815
33 0.0615774
34 0.0548693
35 0.0475966
36 0.0415983
37 0.0382761
38 0.0356157
39 0.0332495
40 0.0313998
41 0.0298579
42 0.0284869
43 0.0272315
44 0.0263086
45 0.025089
46 0.0241882
47 0.0231547
48 0.0225012
49 0.0217397
50 0.021112
51 0.0203646
52 0.0198293
53 0.0193026
54 0.018736
55 0.0184692
56 0.0179083
57 0.0173895
58 0.0170852
59 0.0166757
60 0.0163232
61 0.0159101
62 0.0155941
63 0.0152183
64 0.0149628
65 0.0147809
66 0.0144352
67 0.01423
68 0.0138367
69 0.0136472
70 0.0133938
71 0.0131509
72 0.0129782
73 0.0127001
74 0.0124885
75 0.0124277
76 0.0121497
77 0.0120052
78 0.0118244
79 0.0116282
80 0.0115175
81 0.011311
82 0.0111496
83 0.0110083
84 0.0108848
85 0.0106983
86 0.0106186
87 0.0104211
88 0.0103543
89 0.0102492
90 0.0101469
91 0.00992401
92 0.00986461
93 0.00977673
94 0.00966036
95 0.0095217
96 0.00937209
97 0.00936383
98 0.00923653
99 0.00913132
100 0.00903386
101 0.00892987
102 0.0088306
103 0.00868052
104 0.00863896
105 0.00855373
106 0.00844328
107 0.00843812
108 0.00829236
109 0.00827783
110 0.00822214
111 0.00811283
112 0.00801714
113 0.00797003
114 0.00791353
115 0.00782167
116 0.0077454
117 0.00770106
118 0.00760161
119 0.00755661
120 0.00750638
121 0.00744071
122 0.00734547
123 0.00728592
124 0.00728987
125 0.00720573
126 0.00716008
127 0.00709344
128 0.00705797
129 0.00703241
130 0.00695522
131 0.00686571
132 0.00679613
133 0.0067615
134 0.00673297
135 0.00666096
136 0.00659116
137 0.00662576
138 0.0065466
139 0.00647418
140 0.00642741
141 0.00639312
142 0.00632922
143 0.00633251
144 0.00631168
145 0.00621181
146 0.00619134
147 0.00617505
148 0.00617086
149 0.00609304
150 0.0060264
151 0.00595452
152 0.00598799
153 0.00593549
154 0.00589319
155 0.00586714
156 0.0057854
157 0.00580272
158 0.00573185
159 0.00569393
160 0.00568261
161 0.00567189
162 0.00561167
163 0.00559714
164 0.00550491
165 0.00553995
166 0.00545373
167 0.00540657
168 0.00540877
169 0.005434
170 0.00538471
171 0.00533489
172 0.00530205
173 0.00529998
174 0.00526052
175 0.00522109
176 0.00522125
177 0.00513379
178 0.00518719
179 0.00515052
180 0.00509003
181 0.00509812
182 0.00507095
183 0.00502014
184 0.00504108
185 0.00498222
186 0.0049888
187 0.00494862
188 0.00489775
189 0.00491229
190 0.00490189
191 0.0048576
192 0.00482643
193 0.00481789
194 0.00475849
195 0.00477514
196 0.00476724
197 0.00472264
198 0.00473388
199 0.00468994
200 0.0046323
201 0.00463185
202 0.00460882
203 0.00459615
204 0.00456658
205 0.00456222
206 0.00450249
207 0.00455604
208 0.00448648
209 0.00447548
210 0.00447134
211 0.00439905
212 0.00440858
213 0.00441195
214 0.00437471
215 0.00438285
216 0.00436366
217 0.00435097
218 0.00431922
219 0.00429644
220 0.0042721
221 0.00426881
222 0.00425969
223 0.0042309
224 0.00422913
225 0.00421244
226 0.00419428
227 0.00414883
228 0.00418802
229 0.00411864
230 0.00410965
231 0.00411834
232 0.00410717
233 0.00405751
234 0.0040738
235 0.0040444
236 0.00401993
237 0.00404318
238 0.00397719
239 0.00395719
240 0.00395594
241 0.00399477
242 0.00394349
243 0.0038982
244 0.00391417
245 0.00388964
246 0.00389489
247 0.00384905
248 0.00387809
249 0.00381314
250 0.0038086
251 0.00381615
252 0.00382319
253 0.00375294
254 0.00376554
255 0.0037691
256 0.00376066
257 0.00374647
258 0.00371919
259 0.00369143
260 0.00368808
261 0.00368748
262 0.00365999
263 0.00366803
264 0.00366898
265 0.00364441
266 0.00363376
267 0.00358922
268 0.00360976
269 0.00358901
270 0.00358432
271 0.00356302
272 0.00356685
273 0.00355117
274 0.00354211
275 0.00354106
276 0.00351906
277 0.0034685
278 0.00351113
279 0.00347841
280 0.00348538
281 0.00344233
282 0.00341893
283 0.00342487
284 0.00344858
285 0.003429
286 0.00341041
287 0.00341878
288 0.00339453
289 0.0033901
290 0.00336771
291 0.00338028
292 0.00335027
293 0.00335395
294 0.00334193
295 0.00333107
296 0.00332544
297 0.00331197
298 0.00331133
299 0.00329129
300 0.00329494
301 0.00327328
302 0.00325166
303 0.00325079
304 0.00326194
305 0.00323599
306 0.00323644
307 0.00320549
308 0.00320132
309 0.00317929
310 0.00319684
311 0.00318228
312 0.0032028
313 0.00315587
314 0.00314014
315 0.00315488
316 0.00314958
317 0.00315722
318 0.00312496
319 0.00310653
320 0.00312008
321 0.00308641
322 0.00310205
323 0.00310645
324 0.0030748
325 0.0030872
326 0.00307164
327 0.0030189
328 0.00306605
329 0.00303299
330 0.00303846
331 0.00299817
332 0.00299288
333 0.0030371
334 0.00299668
335 0.00300503
336 0.00297423
337 0.00298679
338 0.00297889
339 0.00294291
340 0.00295637
341 0.00295586
342 0.00295574
343 0.0029346
344 0.00292448
345 0.00291115
346 0.00290991
347 0.00293907
348 0.00289458
349 0.002908
350 0.00289442
351 0.00288797
352 0.00289182
353 0.00285353
354 0.00286795
355 0.00285219
356 0.00285331
357 0.00284316
358 0.00283976
359 0.00282044
360 0.00283137
361 0.00282266
362 0.00281288
363 0.00279225
364 0.00279276
365 0.00278492
366 0.00278551
367 0.00278591
368 0.00277172
369 0.00277286
370 0.00274293
371 0.00275255
372 0.00272496
373 0.00272327
374 0.00273865
375 0.00272561
376 0.0027034
377 0.00270832
378 0.00270922
379 0.00270856
380 0.00269436
381 0.0026799
382 0.00267737
383 0.00268056
384 0.00268914
385 0.00266735
386 0.00266719
387 0.00265988
388 0.00266239
389 0.0026455
390 0.00262547
391 0.00263935
392 0.00261993
393 0.00260579
394 0.00261569
395 0.0026144
396 0.00261242
397 0.00261995
398 0.00258731
399 0.00257972
400 0.00257832
