1 0.250242
2 0.250242
3 0.250242
4 0.250242
5 0.250242
6 0.250242
7 0.250242
8 0.250242
9 0.250242
10 0.250242
11 0.250242
12 0.243255
13 0.237366
14 0.23112
15 0.225695
16 0.220518
17 0.215933
18 0.211697
19 0.208442
20 0.205212
21 0.201874
22 0.199006
23 0.194788
24 0.191335
25 0.187837
26 0.18428
27 0.180589
28 0.177194
29 0.173694
30 0.170426
31 0.167599
32 0.164533
33 0.161749
34 0.159358
35 0.15684
36 0.154857
37 0.152335
38 0.149746
39 0.147245
40 0.144757
41 0.142651
42 0.140382
43 0.138043
44 0.135642
45 0.133795
46 0.131686
47 0.129801
48 0.127844
49 0.126522
50 0.124688
51 0.122923
52 0.121285
53 0.119615
54 0.117874
55 0.116277
56 0.11469
57 0.1134
58 0.111935
59 0.110586
60 0.109446
61 0.108061
62 0.106717
63 0.105432
64 0.104127
65 0.102936
66 0.101718
67 0.100797
68 0.0996943
69 0.0985814
70 0.0976229
71 0.0965331
72 0.0954226
73 0.0944135
74 0.093439
75 0.0925237
76 0.0915114
77 0.090601
78 0.0897296
79 0.0888504
80 0.0879971
81 0.087186
82 0.0863536
83 0.0854909
84 0.0847505
85 0.0839475
86 0.083151
87 0.0823683
88 0.0816371
89 0.0809149
90 0.0803849
91 0.0796808
92 0.0790156
93 0.0783417
94 0.0776772
95 0.0769791
96 0.076352
97 0.075734
98 0.0751161
99 0.0744913
100 0.073887
101 0.0733948
102 0.0728047
103 0.0722507
104 0.0717019
105 0.0711198
106 0.0705755
107 0.0700267
108 0.0695184
109 0.069012
110 0.0684998
111 0.0679901
112 0.0675274
113 0.0670274
114 0.0665776
115 0.0660549
116 0.0656688
117 0.0652146
118 0.0648421
119 0.0643639
120 0.0638777
121 0.0635006
122 0.0630445
123 0.0626147
124 0.0622957
125 0.0619716
126 0.0615931
127 0.0611951
128 0.0608339
129 0.0604818
130 0.0601173
131 0.0597493
132 0.0593397
133 0.0590247
134 0.0586384
135 0.0583389
136 0.0580097
137 0.0577089
138 0.057337
139 0.0569895
140 0.0566467
141 0.0563315
142 0.0559777
143 0.0556649
144 0.055357
145 0.0550168
146 0.0547243
147 0.0544702
148 0.0541633
149 0.0538317
150 0.0535013
151 0.0532285
152 0.0529592
153 0.0527401
154 0.052435
155 0.0521385
156 0.0518451
157 0.0516322
158 0.0513245
159 0.0510526
160 0.0508251
161 0.0505743
162 0.0503308
163 0.0500947
164 0.0498317
165 0.0496485
166 0.0493766
167 0.0490815
168 0.0488904
169 0.048651
170 0.0484145
171 0.0481796
172 0.0479277
173 0.0477343
174 0.0474805
175 0.0472746
176 0.0470414
177 0.0467841
178 0.0466112
179 0.0463866
180 0.0461806
181 0.0459635
182 0.0457604
183 0.0455222
184 0.0453466
185 0.045133
186 0.0449921
187 0.0447445
188 0.0445426
189 0.0443593
190 0.0441767
191 0.0439783
192 0.0437876
193 0.0436109
194 0.0433751
195 0.0432634
196 0.0430755
197 0.0428762
198 0.0427341
199 0.0425246
200 0.0423307
201 0.0421773
202 0.0420084
203 0.0418198
204 0.041667
205 0.0414868
206 0.0413407
207 0.041195
208 0.0410264
209 0.0408711
210 0.0407238
211 0.0405109
212 0.0403929
213 0.0402414
214 0.0400821
215 0.0399415
216 0.0397666
217 0.0396395
218 0.0394708
219 0.0393105
220 0.0391499
221 0.0390053
222 0.03888
223 0.0387247
224 0.0385831
225 0.0384403
226 0.0383144
227 0.0381377
228 0.038027
229 0.0378665
230 0.0377142
231 0.0375936
232 0.0374787
233 0.0373086
234 0.0372047
235 0.0370593
236 0.0369351
237 0.0368328
238 0.0366775
239 0.0365256
240 0.0364143
241 0.0363466
242 0.0361632
243 0.0360105
244 0.0359555
245 0.0358121
246 0.0356995
247 0.0355968
248 0.0355158
249 0.0353706
250 0.0352366
251 0.0351582
252 0.0350431
253 0.0349033
254 0.0348255
255 0.0347237
256 0.0346236
257 0.0344869
258 0.0343871
259 0.0342891
260 0.0341836
261 0.0340725
262 0.0339675
263 0.033867
264 0.0337822
265 0.0336397
266 0.0335669
267 0.0334462
268 0.0333561
269 0.0332266
270 0.0331428
271 0.033028
272 0.0329351
273 0.0328388
274 0.0327325
275 0.0326486
276 0.0325239
277 0.0324134
278 0.0323467
279 0.0322264
280 0.0321574
281 0.0320536
282 0.031928
283 0.0318464
284 0.0317567
285 0.0316652
286 0.0315753
287 0.0315005
288 0.0313929
289 0.0313184
290 0.0312112
291 0.0311453
292 0.0310206
293 0.0309364
294 0.0308627
295 0.0307728
296 0.0306946
297 0.0306045
298 0.030533
299 0.0304128
300 0.0303529
301 0.0302414
302 0.030179
303 0.030095
304 0.0300175
305 0.0299118
306 0.0298308
307 0.0297449
308 0.0296671
309 0.0295746
310 0.0295407
311 0.0294311
312 0.0293836
313 0.0292985
314 0.0292096
315 0.0291521
316 0.02907
317 0.0290055
318 0.0289185
319 0.0288207
320 0.0287741
321 0.0286871
322 0.0286105
323 0.0285515
324 0.0284502
325 0.0284067
326 0.0283153
327 0.0282104
328 0.0281767
329 0.0280998
330 0.0280323
331 0.0279361
332 0.0278737
333 0.0278464
334 0.0277574
335 0.0276885
336 0.0275862
337 0.0275518
338 0.027472
339 0.0273898
340 0.0273309
341 0.0272732
342 0.0272046
343 0.027143
344 0.0270751
345 0.0270001
346 0.0269474
347 0.0269115
348 0.0268092
349 0.0267689
350 0.0266706
351 0.0266365
352 0.0265554
353 0.0264854
354 0.0264368
355 0.0263715
356 0.0263171
357 0.026235
358 0.0261896
359 0.0261242
360 0.0260776
361 0.026005
362 0.0259374
363 0.0258741
364 0.025812
365 0.0257719
366 0.0256962
367 0.0256527
368 0.0255939
369 0.0255382
370 0.0254521
371 0.0254315
372 0.0253288
373 0.0252789
374 0.0252505
375 0.0251813
376 0.0251062
377 0.0250622
378 0.0250329
379 0.0249834
380 0.024914
381 0.0248613
382 0.0248027
383 0.0247391
384 0.0247153
385 0.0246429
386 0.0245969
387 0.0245387
388 0.0244883
389 0.0244256
390 0.0243736
391 0.0243248
392 0.0242674
393 0.0242213
394 0.0241877
395 0.0241338
396 0.0240805
397 0.0240443
398 0.0239693
399 0.0239203
400 0.0238791
