1 0.5
2 0.36979
3 0.314797
4 0.284001
5 0.264185
6 0.250033
7 0.239645
8 0.231621
9 0.225145
10 0.219895
11 0.215435
12 0.211669
13 0.208557
14 0.205692
15 0.203417
16 0.201152
17 0.199331
18 0.197489
19 0.195991
20 0.194628
21 0.193243
22 0.192186
23 0.191141
24 0.190092
25 0.189218
26 0.188535
27 0.187538
28 0.186786
29 0.186293
30 0.185687
31 0.185147
32 0.184695
33 0.184352
34 0.184255
35 0.183868
36 0.183629
37 0.183506
38 0.18341
39 0.183456
40 0.183388
41 0.183396
42 0.183243
43 0.183366
44 0.183553
45 0.183573
46 0.1836
47 0.18363
48 0.183679
49 0.183871
50 0.183968
51 0.184043
52 0.184155
53 0.184236
54 0.184224
55 0.184495
56 0.184588
57 0.184935
58 0.184875
59 0.184928
60 0.185074
61 0.185256
62 0.185335
63 0.185439
64 0.18535
65 0.185815
66 0.185869
67 0.186004
68 0.186164
69 0.186281
70 0.186368
71 0.186461
72 0.18661
73 0.186424
74 0.186896
75 0.186958
76 0.187176
77 0.187224
78 0.18738
79 0.187541
80 0.187602
81 0.187696
82 0.187797
83 0.187945
84 0.187981
85 0.187975
86 0.188162
87 0.18833
88 0.188473
89 0.188636
90 0.188631
91 0.188782
92 0.188822
93 0.188925
94 0.18899
95 0.188977
96 0.189087
97 0.189243
98 0.189283
99 0.189419
100 0.189517
101 0.189513
102 0.189524
103 0.189708
104 0.189752
105 0.18992
106 0.189896
107 0.189915
108 0.190074
109 0.190065
110 0.190189
111 0.190249
112 0.190301
113 0.190329
114 0.190388
115 0.190575
116 0.190579
117 0.190758
118 0.190625
119 0.190646
120 0.190797
121 0.190834
122 0.19096
123 0.190919
124 0.190993
125 0.190994
126 0.191069
127 0.191218
128 0.191232
129 0.191313
130 0.191326
131 0.19144
132 0.191376
133 0.191408
134 0.191495
135 0.191635
136 0.191604
137 0.191623
138 0.191662
139 0.19171
140 0.191748
141 0.191841
142 0.191864
143 0.191886
144 0.191955
145 0.191942
146 0.192066
147 0.191955
148 0.192033
149 0.192146
150 0.192138
151 0.19215
152 0.192254
153 0.192287
154 0.192235
155 0.19232
156 0.192279
157 0.192362
158 0.192412
159 0.192518
160 0.192463
161 0.192542
162 0.192572
163 0.192577
164 0.192604
165 0.192638
166 0.192681
167 0.192734
168 0.192698
169 0.192694
170 0.192531
171 0.193202
172 0.192795
173 0.192797
174 0.192818
175 0.192859
176 0.192887
177 0.192902
178 0.192994
179 0.192997
180 0.193026
181 0.192917
182 0.193055
183 0.193098
184 0.193128
185 0.193051
186 0.193178
187 0.193138
188 0.193174
189 0.193166
190 0.193163
191 0.193271
192 0.193125
193 0.193259
194 0.193324
195 0.193428
196 0.193309
197 0.193464
198 0.193412
199 0.193357
200 0.193402
201 0.193354
202 0.193403
203 0.19342
204 0.193473
205 0.193296
206 0.193508
207 0.193533
208 0.193511
209 0.193531
210 0.193578
211 0.193555
212 0.193575
213 0.193617
214 0.19361
215 0.19363
216 0.193683
217 0.193653
218 0.193687
219 0.193689
220 0.193745
221 0.193733
222 0.193731
223 0.193801
224 0.193754
225 0.193833
226 0.193796
227 0.193859
228 0.193828
229 0.193861
230 0.193876
231 0.193838
232 0.193926
233 0.19394
234 0.193893
235 0.193933
236 0.193946
237 0.193877
238 0.193906
239 0.194028
240 0.193957
241 0.193839
242 0.194001
243 0.194015
244 0.194001
245 0.194006
246 0.193991
247 0.194013
248 0.194095
249 0.19412
250 0.194089
251 0.194083
252 0.194104
253 0.194107
254 0.194104
255 0.193923
256 0.194208
257 0.194354
258 0.194241
259 0.194152
260 0.194137
261 0.194186
262 0.194133
263 0.194209
264 0.194211
265 0.194194
266 0.194202
267 0.194288
268 0.194263
269 0.194221
270 0.194334
271 0.194197
272 0.1943
273 0.194464
274 0.194275
275 0.194304
276 0.194279
277 0.194365
278 0.194335
279 0.194321
280 0.194372
281 0.19438
282 0.194417
283 0.194374
284 0.194421
285 0.194347
286 0.194416
287 0.194362
288 0.194415
289 0.194383
290 0.194416
291 0.194463
292 0.194497
293 0.194446
294 0.194432
295 0.19449
296 0.19442
297 0.194498
298 0.194533
299 0.194447
300 0.194512
301 0.194496
302 0.194468
303 0.19453
304 0.194564
305 0.194563
306 0.194571
307 0.19437
308 0.194531
309 0.194551
310 0.194588
311 0.194524
312 0.194528
313 0.194613
314 0.194605
315 0.194719
316 0.194569
317 0.19464
318 0.194676
319 0.194607
320 0.194526
321 0.194623
322 0.194624
323 0.194657
324 0.194684
325 0.194666
326 0.194657
327 0.194557
328 0.194622
329 0.194628
330 0.19466
331 0.194623
332 0.194727
333 0.19473
334 0.194704
335 0.194683
336 0.194687
337 0.194686
338 0.19467
339 0.194704
340 0.194724
341 0.194948
342 0.194651
343 0.194724
344 0.194743
345 0.194801
346 0.194717
347 0.194779
348 0.194722
349 0.194732
350 0.194743
351 0.194813
352 0.194738
353 0.194786
354 0.194794
355 0.194767
356 0.194826
357 0.194744
358 0.1948
359 0.194782
360 0.194799
361 0.194831
362 0.19477
363 0.194809
364 0.194785
365 0.194808
366 0.19487
367 0.194794
368 0.194851
369 0.194798
370 0.194842
371 0.194819
372 0.194859
373 0.194829
374 0.194882
375 0.194788
376 0.194832
377 0.194875
378 0.194858
379 0.194843
380 0.194873
381 0.194929
382 0.19482
383 0.194848
384 0.194906
385 0.194935
386 0.194883
387 0.194925
388 0.194852
389 0.194852
390 0.194929
391 0.194886
392 0.194908
393 0.19487
394 0.194913
395 0.194923
396 0.194915
397 0.194888
398 0.194897
399 0.194866
400 0.194934
