1 0.0778653
2 0.0779556
3 0.0779558
4 0.0779706
5 0.0779703
6 0.0779835
7 0.0780031
8 0.077984
9 0.0779741
10 0.0779685
11 0.0779646
12 0.0774356
13 0.0766179
14 0.0756385
15 0.0745651
16 0.0734435
17 0.0722993
18 0.0711622
19 0.0700386
20 0.0689399
21 0.0678515
22 0.0667959
23 0.0657739
24 0.0647768
25 0.06382
26 0.0628937
27 0.0620007
28 0.0611414
29 0.0603137
30 0.0595127
31 0.0587368
32 0.0579919
33 0.057271
34 0.05657
35 0.0558954
36 0.0552375
37 0.0546028
38 0.0539852
39 0.0533865
40 0.0528062
41 0.0522452
42 0.0516969
43 0.0511633
44 0.0506446
45 0.0501402
46 0.0496496
47 0.0491688
48 0.0487033
49 0.0482477
50 0.0478043
51 0.0473718
52 0.0469481
53 0.0465355
54 0.0461319
55 0.045738
56 0.0453525
57 0.0449749
58 0.0446057
59 0.0442446
60 0.0438918
61 0.0435454
62 0.0432064
63 0.0428743
64 0.0425505
65 0.0422316
66 0.0419184
67 0.041612
68 0.0413111
69 0.0410149
70 0.0407242
71 0.0404392
72 0.0401595
73 0.0398852
74 0.0396149
75 0.0393501
76 0.0390895
77 0.0388334
78 0.0385809
79 0.0383335
80 0.0380909
81 0.0378515
82 0.0376154
83 0.037384
84 0.0371565
85 0.036932
86 0.0367104
87 0.0364928
88 0.0362784
89 0.0360672
90 0.035859
91 0.0356546
92 0.0354533
93 0.0352538
94 0.0350575
95 0.0348645
96 0.0346743
97 0.0344864
98 0.0343017
99 0.0341192
100 0.0339392
101 0.0337616
102 0.0335856
103 0.0334123
104 0.0332412
105 0.0330724
106 0.0329057
107 0.0327421
108 0.03258
109 0.0324197
110 0.032262
111 0.0321064
112 0.0319522
113 0.0317996
114 0.0316489
115 0.0315006
116 0.0313542
117 0.0312089
118 0.0310657
119 0.030924
120 0.0307845
121 0.0306459
122 0.0305091
123 0.0303739
124 0.03024
125 0.0301079
126 0.0299772
127 0.0298472
128 0.0297198
129 0.0295933
130 0.0294686
131 0.0293455
132 0.0292229
133 0.029102
134 0.0289819
135 0.0288631
136 0.0287456
137 0.0286293
138 0.0285142
139 0.0284006
140 0.0282874
141 0.0281757
142 0.0280653
143 0.0279558
144 0.0278479
145 0.0277409
146 0.0276346
147 0.0275295
148 0.0274251
149 0.0273219
150 0.0272199
151 0.0271186
152 0.0270185
153 0.0269195
154 0.026821
155 0.0267234
156 0.026627
157 0.0265313
158 0.0264363
159 0.0263429
160 0.0262499
161 0.0261574
162 0.026066
163 0.0259754
164 0.0258855
165 0.0257965
166 0.025708
167 0.0256205
168 0.025534
169 0.025448
170 0.0253629
171 0.0252784
172 0.0251945
173 0.0251114
174 0.025029
175 0.024947
176 0.0248658
177 0.0247852
178 0.0247055
179 0.0246265
180 0.0245482
181 0.0244704
182 0.0243935
183 0.0243169
184 0.0242406
185 0.0241649
186 0.02409
187 0.0240158
188 0.0239422
189 0.0238691
190 0.0237965
191 0.0237246
192 0.0236531
193 0.0235821
194 0.0235116
195 0.0234415
196 0.0233723
197 0.0233034
198 0.023235
199 0.0231673
200 0.0231001
201 0.0230331
202 0.0229668
203 0.0229009
204 0.0228353
205 0.0227703
206 0.0227057
207 0.0226417
208 0.0225781
209 0.0225153
210 0.0224526
211 0.0223902
212 0.0223283
213 0.022267
214 0.0222061
215 0.0221455
216 0.0220852
217 0.0220254
218 0.0219661
219 0.0219072
220 0.0218486
221 0.0217903
222 0.0217327
223 0.0216753
224 0.0216185
225 0.0215617
226 0.0215053
227 0.0214493
228 0.021394
229 0.021339
230 0.021284
231 0.0212297
232 0.0211755
233 0.0211219
234 0.0210684
235 0.0210153
236 0.0209625
237 0.0209101
238 0.020858
239 0.0208063
240 0.0207547
241 0.0207035
242 0.0206528
243 0.0206025
244 0.0205524
245 0.0205025
246 0.0204528
247 0.0204035
248 0.0203545
249 0.020306
250 0.0202575
251 0.0202096
252 0.0201617
253 0.020114
254 0.0200667
255 0.0200197
256 0.0199729
257 0.0199264
258 0.0198802
259 0.0198342
260 0.0197885
261 0.0197429
262 0.0196978
263 0.0196531
264 0.0196084
265 0.0195641
266 0.0195199
267 0.019476
268 0.0194324
269 0.019389
270 0.0193459
271 0.019303
272 0.0192604
273 0.0192182
274 0.0191759
275 0.019134
276 0.0190923
277 0.0190509
278 0.0190096
279 0.0189686
280 0.0189279
281 0.0188872
282 0.018847
283 0.0188067
284 0.0187667
285 0.018727
286 0.0186874
287 0.018648
288 0.0186089
289 0.0185699
290 0.0185311
291 0.0184925
292 0.0184543
293 0.0184161
294 0.0183783
295 0.0183406
296 0.0183029
297 0.0182656
298 0.0182285
299 0.0181915
300 0.0181548
301 0.0181184
302 0.0180819
303 0.0180456
304 0.0180096
305 0.0179738
306 0.0179382
307 0.0179028
308 0.0178675
309 0.0178322
310 0.0177972
311 0.0177622
312 0.0177275
313 0.017693
314 0.0176587
315 0.0176245
316 0.0175905
317 0.0175566
318 0.0175229
319 0.0174894
320 0.0174559
321 0.0174227
322 0.0173896
323 0.0173567
324 0.017324
325 0.0172914
326 0.0172589
327 0.0172266
328 0.0171944
329 0.0171623
330 0.0171306
331 0.0170989
332 0.0170674
333 0.0170361
334 0.0170049
335 0.0169739
336 0.0169431
337 0.0169123
338 0.0168817
339 0.0168512
340 0.0168206
341 0.0167903
342 0.0167602
343 0.0167302
344 0.0167003
345 0.0166707
346 0.016641
347 0.0166115
348 0.0165821
349 0.0165529
350 0.0165238
351 0.0164949
352 0.0164661
353 0.0164373
354 0.0164088
355 0.0163802
356 0.016352
357 0.0163238
358 0.0162957
359 0.0162677
360 0.0162399
361 0.0162121
362 0.0161846
363 0.0161572
364 0.0161298
365 0.0161024
366 0.0160753
367 0.0160482
368 0.0160212
369 0.0159944
370 0.0159676
371 0.015941
372 0.0159144
373 0.0158879
374 0.0158617
375 0.0158355
376 0.0158094
377 0.0157834
378 0.0157576
379 0.0157319
380 0.0157063
381 0.0156808
382 0.0156555
383 0.0156301
384 0.0156049
385 0.0155797
386 0.0155546
387 0.0155296
388 0.0155049
389 0.0154801
390 0.0154555
391 0.0154309
392 0.0154064
393 0.015382
394 0.0153577
395 0.0153335
396 0.0153093
397 0.0152853
398 0.0152615
399 0.0152376
400 0.0152139
