1 0.500804
2 0.500194
3 0.500376
4 0.499946
5 0.500025
6 0.500025
7 0.500025
8 0.500025
9 0.500025
10 0.46581
11 0.53721
12 0.463845
13 0.465905
14 0.466768
15 0.466011
16 0.467439
17 0.467631
18 0.468401
19 0.469358
20 0.468313
21 0.470162
22 0.469392
23 0.47099
24 0.470001
25 0.471182
26 0.471173
27 0.472458
28 0.471697
29 0.472636
30 0.47184
31 0.473841
32 0.473361
33 0.473739
34 0.474148
35 0.474324
36 0.475566
37 0.474908
38 0.474882
39 0.475672
40 0.475286
41 0.474665
42 0.475863
43 0.476207
44 0.475942
45 0.476632
46 0.476188
47 0.476787
48 0.476942
49 0.477409
50 0.477347
51 0.477517
52 0.476737
53 0.478595
54 0.478367
55 0.47792
56 0.477398
57 0.477828
58 0.477859
59 0.479003
60 0.478514
61 0.478665
62 0.479559
63 0.479495
64 0.479745
65 0.479319
66 0.479084
67 0.479126
68 0.479507
69 0.479357
70 0.479958
71 0.47972
72 0.479438
73 0.4792
74 0.480504
75 0.480715
76 0.480541
77 0.481099
78 0.480714
79 0.480361
80 0.481244
81 0.480851
82 0.479983
83 0.480961
84 0.481315
85 0.481704
86 0.481068
87 0.481727
88 0.481697
89 0.481536
90 0.48181
91 0.481059
92 0.482449
93 0.481646
94 0.481517
95 0.482166
96 0.482108
97 0.481742
98 0.48227
99 0.482567
100 0.481367
101 0.481713
102 0.482721
103 0.482006
104 0.481445
105 0.48244
106 0.482236
107 0.48267
108 0.482794
109 0.482108
110 0.482149
111 0.482631
112 0.482397
113 0.483262
114 0.482645
115 0.482463
116 0.482893
117 0.483118
118 0.484129
119 0.482849
120 0.484011
121 0.484124
122 0.482761
123 0.483117
124 0.482606
125 0.483854
126 0.483568
127 0.483266
128 0.483879
129 0.483304
130 0.483277
131 0.482971
132 0.484328
133 0.483128
134 0.482855
135 0.4841
136 0.483634
137 0.482941
138 0.48468
139 0.483655
140 0.484446
141 0.484019
142 0.484373
143 0.483912
144 0.482078
145 0.484308
146 0.483978
147 0.484336
148 0.484113
149 0.484637
150 0.484254
151 0.483589
152 0.484213
153 0.483984
154 0.483752
155 0.484426
156 0.48468
157 0.484217
158 0.484568
159 0.484494
160 0.484368
161 0.4845
162 0.484394
163 0.48422
164 0.483681
165 0.484474
166 0.48403
167 0.484555
168 0.48361
169 0.4831
170 0.48411
171 0.484719
172 0.48418
173 0.484164
174 0.484738
175 0.485069
176 0.484598
177 0.484133
178 0.484915
179 0.483358
180 0.484158
181 0.484529
182 0.484905
183 0.484942
184 0.484318
185 0.484063
186 0.485112
187 0.485561
188 0.485588
189 0.484179
190 0.484748
191 0.48483
192 0.485062
193 0.484518
194 0.484428
195 0.484662
196 0.485127
197 0.485196
198 0.485596
199 0.484381
200 0.484961
201 0.484762
202 0.484748
203 0.485157
204 0.485127
205 0.485976
206 0.485446
207 0.48479
208 0.485718
209 0.485406
210 0.485807
211 0.485082
212 0.484504
213 0.485168
214 0.484369
215 0.48536
216 0.486323
217 0.485143
218 0.485818
219 0.485699
220 0.485358
221 0.484852
222 0.484755
223 0.484879
224 0.485721
225 0.48517
226 0.485596
227 0.485604
228 0.485608
229 0.485622
230 0.485571
231 0.486049
232 0.484576
233 0.484677
234 0.486177
235 0.485615
236 0.485009
237 0.486227
238 0.485582
239 0.485631
240 0.48625
241 0.485498
242 0.485536
243 0.48572
244 0.485889
245 0.485681
246 0.485486
247 0.485576
248 0.48515
249 0.486503
250 0.485571
251 0.485123
252 0.485178
253 0.485304
254 0.485889
255 0.485552
256 0.485591
257 0.485322
258 0.485975
259 0.485304
260 0.485513
261 0.484932
262 0.485892
263 0.485515
264 0.485779
265 0.48545
266 0.485969
267 0.485908
268 0.485644
269 0.486273
270 0.485841
271 0.485488
272 0.486478
273 0.485983
274 0.486228
275 0.485674
276 0.485508
277 0.485289
278 0.486179
279 0.485654
280 0.485401
281 0.48561
282 0.486238
283 0.486223
284 0.485438
285 0.485869
286 0.485623
287 0.486946
288 0.485472
289 0.48563
290 0.485566
291 0.486499
292 0.485388
293 0.48561
294 0.485442
295 0.486246
296 0.485953
297 0.486774
298 0.486096
299 0.485324
300 0.48554
301 0.485316
302 0.485948
303 0.485767
304 0.485913
305 0.484743
306 0.485746
307 0.485246
308 0.486028
309 0.485646
310 0.487194
311 0.485875
312 0.48687
313 0.485998
314 0.485956
315 0.486313
316 0.486821
317 0.486393
318 0.486697
319 0.485963
320 0.486739
321 0.486438
322 0.485514
323 0.48544
324 0.485592
325 0.486606
326 0.4864
327 0.485782
328 0.486983
329 0.485814
330 0.486266
331 0.486762
332 0.487038
333 0.486045
334 0.486058
335 0.486862
336 0.486465
337 0.486892
338 0.487029
339 0.4864
340 0.48639
341 0.486152
342 0.486731
343 0.485953
344 0.48695
345 0.486592
346 0.486339
347 0.48601
348 0.485477
349 0.486154
350 0.485322
351 0.486093
352 0.48678
353 0.487305
354 0.485894
355 0.485623
356 0.486368
357 0.485251
358 0.485641
359 0.485893
360 0.486524
361 0.487119
362 0.486346
363 0.486781
364 0.486336
365 0.48598
366 0.486042
367 0.4866
368 0.487072
369 0.48648
370 0.486686
371 0.486792
372 0.485684
373 0.487289
374 0.486456
375 0.486479
376 0.485884
377 0.485306
378 0.486215
379 0.486761
380 0.486115
381 0.486711
382 0.48708
383 0.487366
384 0.487029
385 0.486825
386 0.487095
387 0.48621
388 0.487184
389 0.485792
390 0.486154
391 0.485835
392 0.486186
393 0.486615
394 0.487236
395 0.485556
396 0.486481
397 0.487227
398 0.48589
399 0.487133
400 0.485958
