1 0.0733145
2 0.0733145
3 0.0733145
4 0.0733145
5 0.0733145
6 0.0733562
7 0.0733859
8 0.0734083
9 0.0734256
10 0.0734395
11 0.0700832
12 0.0734395
13 0.0705908
14 0.0679954
15 0.0657404
16 0.0636009
17 0.0617617
18 0.0600819
19 0.0584818
20 0.0570605
21 0.0556752
22 0.0543518
23 0.0532228
24 0.0520836
25 0.051052
26 0.0501033
27 0.0491254
28 0.0482944
29 0.0474509
30 0.0466647
31 0.0458906
32 0.0451449
33 0.0444737
34 0.043821
35 0.0431621
36 0.0426122
37 0.0419969
38 0.0414546
39 0.0409136
40 0.0403917
41 0.0399332
42 0.0394583
43 0.038971
44 0.0385553
45 0.0381308
46 0.0376236
47 0.0373174
48 0.0369008
49 0.0365109
50 0.0361267
51 0.0357818
52 0.0354102
53 0.0350953
54 0.0347719
55 0.034485
56 0.0341448
57 0.0338407
58 0.033494
59 0.0332512
60 0.0330015
61 0.0327359
62 0.0324797
63 0.0322399
64 0.0319329
65 0.0316882
66 0.0314773
67 0.0312343
68 0.0309691
69 0.0307848
70 0.030616
71 0.030461
72 0.0301889
73 0.0299225
74 0.0297385
75 0.029591
76 0.0293114
77 0.0291395
78 0.0289442
79 0.0287555
80 0.0285965
81 0.0284439
82 0.0282634
83 0.0281463
84 0.0279157
85 0.0277562
86 0.0276026
87 0.0274894
88 0.0272257
89 0.0271039
90 0.0270121
91 0.0268582
92 0.0267568
93 0.0266216
94 0.0263779
95 0.026257
96 0.0262352
97 0.026025
98 0.0258457
99 0.0257603
100 0.0256578
101 0.0254721
102 0.0254062
103 0.0253017
104 0.0251641
105 0.0250421
106 0.0249453
107 0.0248059
108 0.0247593
109 0.0245429
110 0.0244966
111 0.0243215
112 0.0242392
113 0.0241455
114 0.0240761
115 0.0240253
116 0.023821
117 0.0237678
118 0.0236535
119 0.0235896
120 0.0234644
121 0.0233854
122 0.0232572
123 0.0231626
124 0.0231117
125 0.0230445
126 0.0229204
127 0.0228717
128 0.0227313
129 0.0227187
130 0.022623
131 0.0225552
132 0.0223898
133 0.0223417
134 0.0222958
135 0.022166
136 0.0221103
137 0.0220018
138 0.0220163
139 0.0218822
140 0.0217836
141 0.0217772
142 0.0216864
143 0.0215511
144 0.021508
145 0.0214662
146 0.0213243
147 0.0213114
148 0.0212209
149 0.0211765
150 0.0210924
151 0.0209956
152 0.0210158
153 0.0209329
154 0.0208193
155 0.02077
156 0.0207443
157 0.0207137
158 0.0206402
159 0.0205307
160 0.0204981
161 0.0204018
162 0.020354
163 0.0202609
164 0.0202176
165 0.0201585
166 0.0201599
167 0.0200966
168 0.0200162
169 0.0199413
170 0.0199137
171 0.0199034
172 0.019794
173 0.0197707
174 0.0197356
175 0.0196911
176 0.019602
177 0.0195645
178 0.0194888
179 0.019433
180 0.0193809
181 0.0193592
182 0.0193116
183 0.0192917
184 0.0192309
185 0.0191321
186 0.0191074
187 0.0190808
188 0.0190872
189 0.0189667
190 0.018898
191 0.018878
192 0.0188153
193 0.0188518
194 0.0187661
195 0.0187193
196 0.0186852
197 0.0186436
198 0.0186219
199 0.0185949
200 0.0184962
201 0.0184852
202 0.0184285
203 0.0183709
204 0.018357
205 0.0182755
206 0.0182433
207 0.0182456
208 0.0182069
209 0.0181571
210 0.0180882
211 0.0180782
212 0.0180639
213 0.0179312
214 0.01802
215 0.0179353
216 0.0178583
217 0.0178548
218 0.0178148
219 0.017808
220 0.0177548
221 0.0177174
222 0.0176759
223 0.017611
224 0.0175857
225 0.017592
226 0.0174741
227 0.0175116
228 0.0174663
229 0.0174366
230 0.0173766
231 0.0173812
232 0.0172934
233 0.017279
234 0.0172035
235 0.0172758
236 0.0172548
237 0.0172281
238 0.0171384
239 0.0171343
240 0.0170651
241 0.0170076
242 0.0170321
243 0.0170469
244 0.016955
245 0.0169551
246 0.0169306
247 0.0168798
248 0.0168799
249 0.0167819
250 0.0167868
251 0.0168192
252 0.0167545
253 0.0167105
254 0.0166936
255 0.0166367
256 0.0166358
257 0.0165845
258 0.0165106
259 0.0165361
260 0.016515
261 0.016464
262 0.0165045
263 0.0164726
264 0.0164064
265 0.0163808
266 0.0163443
267 0.0163672
268 0.0162891
269 0.016254
270 0.0162557
271 0.0162171
272 0.0162342
273 0.0161687
274 0.0161292
275 0.0161535
276 0.0161058
277 0.0160785
278 0.0160693
279 0.0160288
280 0.0160151
281 0.0159443
282 0.0159425
283 0.0159395
284 0.0159283
285 0.0158325
286 0.0159133
287 0.0158308
288 0.0158162
289 0.0157755
290 0.0158126
291 0.0157578
292 0.0157619
293 0.0157259
294 0.0156669
295 0.0156776
296 0.0156533
297 0.0156564
298 0.0156487
299 0.0155785
300 0.0155678
301 0.0155548
302 0.0155423
303 0.0154466
304 0.0155132
305 0.0154961
306 0.0154384
307 0.0154609
308 0.0153924
309 0.0153661
310 0.015342
311 0.0153435
312 0.0153416
313 0.0152806
314 0.0152505
315 0.0152714
316 0.0152861
317 0.0152558
318 0.0151749
319 0.0152011
320 0.0151642
321 0.015186
322 0.0151852
323 0.0150954
324 0.0150834
325 0.0150563
326 0.0150608
327 0.015108
328 0.0149988
329 0.0150512
330 0.0150534
331 0.0148754
332 0.0149218
333 0.0149473
334 0.014867
335 0.0148833
336 0.0149023
337 0.0148455
338 0.0148332
339 0.0148127
340 0.0148211
341 0.0147664
342 0.0147982
343 0.0147707
344 0.0147478
345 0.0147499
346 0.0147218
347 0.0147301
348 0.0147034
349 0.0146771
350 0.0146302
351 0.0146388
352 0.014595
353 0.0146685
354 0.0145787
355 0.0145637
356 0.0145492
357 0.0145207
358 0.014539
359 0.0144837
360 0.0144843
361 0.0145065
362 0.0144629
363 0.0144554
364 0.0144437
365 0.0144701
366 0.0143718
367 0.0144437
368 0.0143716
369 0.0143727
370 0.0143356
371 0.0142811
372 0.0142864
373 0.0142436
374 0.0143042
375 0.0143048
376 0.0142383
377 0.0142463
378 0.0142462
379 0.0141825
380 0.0141848
381 0.0141807
382 0.0141617
383 0.0141883
384 0.014134
385 0.0141331
386 0.0141221
387 0.0140885
388 0.0141411
389 0.0140572
390 0.0140721
391 0.0139906
392 0.0140502
393 0.0139948
394 0.0139731
395 0.0140081
396 0.013962
397 0.0139442
398 0.0139741
399 0.0139246
400 0.0139232
