1 0.50031
2 0.50031
3 0.50031
4 0.50031
5 0.50031
6 0.50031
7 0.50031
8 0.50031
9 0.50031
10 0.346734
11 0.668981
12 0.338214
13 0.341967
14 0.348705
15 0.347426
16 0.35471
17 0.353655
18 0.358704
19 0.359694
20 0.363453
21 0.365117
22 0.367199
23 0.367703
24 0.372762
25 0.373489
26 0.375361
27 0.377283
28 0.379762
29 0.382227
30 0.383523
31 0.387077
32 0.388472
33 0.390894
34 0.391913
35 0.393401
36 0.394799
37 0.396258
38 0.398499
39 0.399155
40 0.401467
41 0.40243
42 0.403048
43 0.405006
44 0.406482
45 0.407503
46 0.408517
47 0.409429
48 0.411191
49 0.411992
50 0.413905
51 0.414951
52 0.416003
53 0.417044
54 0.419414
55 0.417972
56 0.419794
57 0.421152
58 0.421136
59 0.422537
60 0.422936
61 0.424733
62 0.42513
63 0.42597
64 0.426978
65 0.42778
66 0.428294
67 0.429078
68 0.429774
69 0.430403
70 0.431616
71 0.432564
72 0.432847
73 0.432815
74 0.43515
75 0.435076
76 0.435127
77 0.435862
78 0.437184
79 0.43634
80 0.438496
81 0.43829
82 0.438603
83 0.440909
84 0.43971
85 0.441338
86 0.442305
87 0.442065
88 0.442252
89 0.44299
90 0.442869
91 0.443386
92 0.445144
93 0.445704
94 0.445457
95 0.445973
96 0.447065
97 0.446819
98 0.447179
99 0.447814
100 0.448451
101 0.447559
102 0.449419
103 0.449509
104 0.449837
105 0.450938
106 0.450454
107 0.451115
108 0.451383
109 0.451178
110 0.452528
111 0.45293
112 0.453206
113 0.453115
114 0.454458
115 0.454114
116 0.45444
117 0.455447
118 0.455859
119 0.455538
120 0.456087
121 0.456639
122 0.457058
123 0.456424
124 0.457406
125 0.457697
126 0.458435
127 0.458365
128 0.459432
129 0.459668
130 0.458936
131 0.459762
132 0.459403
133 0.460218
134 0.460922
135 0.460709
136 0.460566
137 0.460469
138 0.460842
139 0.461601
140 0.462573
141 0.462226
142 0.463153
143 0.462133
144 0.462359
145 0.462902
146 0.463595
147 0.463227
148 0.464396
149 0.464773
150 0.464382
151 0.464089
152 0.465207
153 0.464564
154 0.464971
155 0.46578
156 0.465604
157 0.466453
158 0.466924
159 0.466773
160 0.466266
161 0.4674
162 0.466999
163 0.467117
164 0.46759
165 0.467741
166 0.468228
167 0.468309
168 0.46828
169 0.468145
170 0.469445
171 0.468741
172 0.46953
173 0.468909
174 0.469554
175 0.469917
176 0.470661
177 0.471576
178 0.469853
179 0.470017
180 0.47022
181 0.471206
182 0.470408
183 0.471416
184 0.470777
185 0.472094
186 0.470753
187 0.471603
188 0.471854
189 0.47179
190 0.471794
191 0.472448
192 0.472608
193 0.472465
194 0.472843
195 0.472613
196 0.473617
197 0.472362
198 0.472994
199 0.474185
200 0.473517
201 0.473772
202 0.474736
203 0.474627
204 0.474981
205 0.474506
206 0.474736
207 0.47468
208 0.474325
209 0.475182
210 0.474937
211 0.475074
212 0.47616
213 0.475314
214 0.475569
215 0.475842
216 0.475852
217 0.475678
218 0.47653
219 0.476428
220 0.476914
221 0.476512
222 0.476922
223 0.476704
224 0.476759
225 0.477295
226 0.476766
227 0.477373
228 0.476926
229 0.477621
230 0.477948
231 0.477489
232 0.476893
233 0.478253
234 0.477767
235 0.478237
236 0.478888
237 0.47879
238 0.477942
239 0.479029
240 0.478578
241 0.478938
242 0.47858
243 0.479726
244 0.479876
245 0.479093
246 0.479681
247 0.479354
248 0.480318
249 0.47953
250 0.479695
251 0.480203
252 0.480011
253 0.479564
254 0.479514
255 0.479963
256 0.480196
257 0.47968
258 0.478312
259 0.480337
260 0.47995
261 0.480527
262 0.480241
263 0.481636
264 0.481196
265 0.481285
266 0.481168
267 0.481212
268 0.48105
269 0.480456
270 0.482128
271 0.481779
272 0.483268
273 0.481964
274 0.481487
275 0.482914
276 0.481316
277 0.482361
278 0.482135
279 0.482544
280 0.482408
281 0.482088
282 0.482621
283 0.482435
284 0.482636
285 0.483154
286 0.483034
287 0.482844
288 0.483984
289 0.482906
290 0.483901
291 0.48369
292 0.482818
293 0.484047
294 0.482937
295 0.483228
296 0.48415
297 0.484544
298 0.483579
299 0.483027
300 0.483816
301 0.48433
302 0.483294
303 0.483922
304 0.484521
305 0.484587
306 0.483634
307 0.483659
308 0.485044
309 0.483973
310 0.483888
311 0.484522
312 0.48451
313 0.485621
314 0.484952
315 0.484427
316 0.485235
317 0.485512
318 0.48443
319 0.48558
320 0.486141
321 0.484129
322 0.485145
323 0.485443
324 0.485301
325 0.486728
326 0.485244
327 0.485213
328 0.486314
329 0.486001
330 0.486135
331 0.485366
332 0.486431
333 0.486097
334 0.486101
335 0.485381
336 0.487088
337 0.48597
338 0.486475
339 0.486971
340 0.486814
341 0.485953
342 0.486219
343 0.486109
344 0.487062
345 0.486616
346 0.485443
347 0.48681
348 0.486891
349 0.487555
350 0.48614
351 0.487947
352 0.487099
353 0.487524
354 0.487026
355 0.486493
356 0.487157
357 0.486815
358 0.487742
359 0.487387
360 0.48701
361 0.487381
362 0.487376
363 0.487614
364 0.487533
365 0.487837
366 0.487926
367 0.487716
368 0.487499
369 0.487124
370 0.488256
371 0.488611
372 0.487121
373 0.487815
374 0.487792
375 0.488654
376 0.48877
377 0.488387
378 0.488262
379 0.487957
380 0.48869
381 0.487757
382 0.488679
383 0.488844
384 0.488795
385 0.489379
386 0.489403
387 0.488807
388 0.488866
389 0.489047
390 0.488723
391 0.489219
392 0.488603
393 0.489838
394 0.489595
395 0.488784
396 0.489584
397 0.489426
398 0.489461
399 0.48912
400 0.488609
