1 0.0733145
2 0.0733145
3 0.0733145
4 0.0733145
5 0.0733145
6 0.0733145
7 0.0733145
8 0.0733145
9 0.0733145
10 0.107134
11 0.0365196
12 0.108836
13 0.108231
14 0.106801
15 0.107092
16 0.105819
17 0.105937
18 0.105064
19 0.104851
20 0.104208
21 0.103859
22 0.103543
23 0.103467
24 0.102603
25 0.102378
26 0.102138
27 0.101831
28 0.101404
29 0.100967
30 0.100786
31 0.100214
32 0.0999333
33 0.0995899
34 0.0993807
35 0.0992395
36 0.0989439
37 0.098791
38 0.0983991
39 0.0983863
40 0.0979935
41 0.0978678
42 0.0976862
43 0.0974799
44 0.0971875
45 0.0970034
46 0.0968298
47 0.096724
48 0.0965137
49 0.09642
50 0.0961528
51 0.0960261
52 0.0958297
53 0.0957584
54 0.095288
55 0.0955125
56 0.0953395
57 0.0950516
58 0.0951143
59 0.0948976
60 0.0948368
61 0.0945681
62 0.0944905
63 0.0943568
64 0.0942202
65 0.0941742
66 0.0940648
67 0.0939964
68 0.0938456
69 0.0938483
70 0.0936499
71 0.0934642
72 0.0934927
73 0.0934861
74 0.0932086
75 0.0930922
76 0.0930888
77 0.0930815
78 0.0928992
79 0.0929348
80 0.0926796
81 0.0927875
82 0.0927296
83 0.0923574
84 0.0925434
85 0.0923155
86 0.0922963
87 0.0921903
88 0.092241
89 0.0921049
90 0.0922408
91 0.0921822
92 0.0918363
93 0.0917807
94 0.091904
95 0.0916889
96 0.091676
97 0.0917116
98 0.0916123
99 0.0915056
100 0.0915348
101 0.0915696
102 0.09135
103 0.0912728
104 0.0913206
105 0.0911953
106 0.0912351
107 0.0910916
108 0.0911035
109 0.0911989
110 0.0909851
111 0.0909081
112 0.090867
113 0.0908482
114 0.0906998
115 0.0907394
116 0.0906925
117 0.0906625
118 0.090483
119 0.0905364
120 0.0904489
121 0.090483
122 0.0904046
123 0.0905277
124 0.0904177
125 0.0903207
126 0.0901984
127 0.0902155
128 0.0900957
129 0.090121
130 0.0901315
131 0.0901417
132 0.0900591
133 0.0901141
134 0.089898
135 0.0899835
136 0.0899571
137 0.0900259
138 0.0899528
139 0.0899214
140 0.0896725
141 0.0898406
142 0.0896805
143 0.089853
144 0.0898445
145 0.0897279
146 0.0896132
147 0.0897487
148 0.0895788
149 0.0894447
150 0.0895853
151 0.0896687
152 0.0894684
153 0.0894236
154 0.0895001
155 0.0893918
156 0.0894778
157 0.0893254
158 0.0893066
159 0.0893063
160 0.0893478
161 0.0892388
162 0.0892284
163 0.0891134
164 0.0891056
165 0.0891392
166 0.0891538
167 0.0890696
168 0.0890729
169 0.0891373
170 0.0889019
171 0.0891037
172 0.0890128
173 0.0890394
174 0.0889444
175 0.0888547
176 0.0888158
177 0.0887762
178 0.0889435
179 0.0889622
180 0.0888952
181 0.088794
182 0.0889613
183 0.0887795
184 0.0889
185 0.0886826
186 0.0888769
187 0.0887412
188 0.0886814
189 0.0887086
190 0.0887385
191 0.0886936
192 0.088679
193 0.0886515
194 0.0886497
195 0.0886623
196 0.0885934
197 0.0887024
198 0.0887708
199 0.0884108
200 0.0885399
201 0.0885387
202 0.0884979
203 0.0884265
204 0.088326
205 0.0884738
206 0.0884275
207 0.088374
208 0.0884425
209 0.0883742
210 0.0883822
211 0.0883743
212 0.0882163
213 0.0883962
214 0.0883106
215 0.0883212
216 0.0883256
217 0.0883232
218 0.088159
219 0.0882304
220 0.0881804
221 0.088223
222 0.0881476
223 0.0882383
224 0.0882118
225 0.0881459
226 0.088246
227 0.088136
228 0.0881375
229 0.0881265
230 0.0880676
231 0.0880922
232 0.0881675
233 0.0880275
234 0.0881541
235 0.08804
236 0.0879693
237 0.0879675
238 0.0880662
239 0.0878743
240 0.087944
241 0.0879709
242 0.0879888
243 0.0878661
244 0.0879713
245 0.0879844
246 0.0878735
247 0.0879065
248 0.0878073
249 0.0879502
250 0.0878371
251 0.0879124
252 0.0878869
253 0.0878844
254 0.0879186
255 0.0878586
256 0.0878244
257 0.0878827
258 0.0881356
259 0.0878359
260 0.0879319
261 0.0878284
262 0.0878512
263 0.0876147
264 0.087731
265 0.0877194
266 0.0877368
267 0.0876989
268 0.0878023
269 0.0879016
270 0.0877155
271 0.0876863
272 0.0875071
273 0.0876575
274 0.0877336
275 0.0875031
276 0.0877636
277 0.087616
278 0.087655
279 0.0875612
280 0.0876404
281 0.0876902
282 0.0876413
283 0.0876612
284 0.0876164
285 0.0875632
286 0.0875627
287 0.0875315
288 0.0873832
289 0.0876189
290 0.0874355
291 0.0874559
292 0.0875777
293 0.0874102
294 0.0875262
295 0.087641
296 0.087452
297 0.0874706
298 0.0875126
299 0.0876409
300 0.0875089
301 0.0874588
302 0.087551
303 0.0875635
304 0.0874456
305 0.08747
306 0.0875089
307 0.0875409
308 0.0872877
309 0.0874644
310 0.0875093
311 0.0874967
312 0.087446
313 0.0872669
314 0.0873965
315 0.0874111
316 0.0872878
317 0.0873177
318 0.0874021
319 0.0872818
320 0.0872133
321 0.087576
322 0.0873327
323 0.0873328
324 0.0873941
325 0.08718
326 0.0873875
327 0.0873073
328 0.0871542
329 0.0872975
330 0.0872817
331 0.0873918
332 0.0871647
333 0.0873249
334 0.087231
335 0.087305
336 0.0871233
337 0.0873491
338 0.0872771
339 0.0872073
340 0.0872024
341 0.0873136
342 0.0873008
343 0.0872804
344 0.0870921
345 0.0872954
346 0.0873598
347 0.0872281
348 0.0871522
349 0.0871421
350 0.0872671
351 0.0870474
352 0.0872069
353 0.0871043
354 0.0871286
355 0.0871923
356 0.0870646
357 0.0871845
358 0.0870198
359 0.0871018
360 0.0872318
361 0.0871291
362 0.0872448
363 0.0870766
364 0.0871171
365 0.0871603
366 0.0870975
367 0.0870592
368 0.0871925
369 0.0871815
370 0.0870967
371 0.0870355
372 0.0871441
373 0.0870765
374 0.0871284
375 0.0870563
376 0.0870835
377 0.0870142
378 0.0869735
379 0.0870929
380 0.086961
381 0.0872104
382 0.0869888
383 0.0870046
384 0.0869325
385 0.0868498
386 0.0869216
387 0.0870198
388 0.0869392
389 0.0869556
390 0.0870529
391 0.0869703
392 0.0869912
393 0.0869266
394 0.0869153
395 0.0870896
396 0.0869151
397 0.0869336
398 0.0869735
399 0.0869943
400 0.0871362
