1 0.5
2 0.365017
3 0.307548
4 0.273792
5 0.251844
6 0.225678
7 0.207651
8 0.195052
9 0.18532
10 0.178048
11 0.172016
12 0.166591
13 0.162016
14 0.158088
15 0.155055
16 0.152141
17 0.149909
18 0.147425
19 0.145602
20 0.143943
21 0.142014
22 0.14078
23 0.139677
24 0.138173
25 0.137521
26 0.136464
27 0.13527
28 0.134364
29 0.133899
30 0.133069
31 0.132284
32 0.131516
33 0.130818
34 0.130544
35 0.129956
36 0.129214
37 0.128621
38 0.128334
39 0.127999
40 0.127593
41 0.127067
42 0.126533
43 0.12619
44 0.126159
45 0.125574
46 0.12527
47 0.124916
48 0.124629
49 0.124376
50 0.124002
51 0.123874
52 0.12356
53 0.123314
54 0.122886
55 0.122837
56 0.122618
57 0.122464
58 0.122214
59 0.121873
60 0.121743
61 0.121479
62 0.121202
63 0.120929
64 0.12062
65 0.120792
66 0.120659
67 0.120423
68 0.120177
69 0.120038
70 0.120042
71 0.119826
72 0.119386
73 0.119361
74 0.119324
75 0.119145
76 0.119184
77 0.119008
78 0.118856
79 0.118829
80 0.118569
81 0.118394
82 0.118488
83 0.118373
84 0.118134
85 0.118209
86 0.118064
87 0.117774
88 0.117842
89 0.117622
90 0.117505
91 0.117431
92 0.117388
93 0.11716
94 0.117163
95 0.117106
96 0.116956
97 0.116906
98 0.116907
99 0.116774
100 0.116732
101 0.116555
102 0.116656
103 0.116464
104 0.116409
105 0.116285
106 0.116299
107 0.116179
108 0.116085
109 0.115958
110 0.116042
111 0.115833
112 0.115785
113 0.115657
114 0.115569
115 0.115646
116 0.115633
117 0.11563
118 0.115506
119 0.115399
120 0.115303
121 0.115153
122 0.115239
123 0.115146
124 0.115119
125 0.114968
126 0.114833
127 0.114956
128 0.114846
129 0.11486
130 0.114715
131 0.114702
132 0.11479
133 0.114565
134 0.114543
135 0.114577
136 0.114463
137 0.114412
138 0.114346
139 0.11415
140 0.114363
141 0.114252
142 0.114257
143 0.114203
144 0.114077
145 0.114172
146 0.114067
147 0.114014
148 0.113965
149 0.11381
150 0.113831
151 0.113937
152 0.113709
153 0.11375
154 0.11367
155 0.113742
156 0.113565
157 0.113577
158 0.113614
159 0.113557
160 0.113482
161 0.113433
162 0.113332
163 0.113408
164 0.113377
165 0.113415
166 0.113247
167 0.11325
168 0.113237
169 0.113095
170 0.113313
171 0.113326
172 0.11295
173 0.113058
174 0.113048
175 0.113046
176 0.113013
177 0.112945
178 0.112965
179 0.112985
180 0.112805
181 0.112781
182 0.11275
183 0.112771
184 0.112805
185 0.112696
186 0.112535
187 0.112783
188 0.11258
189 0.112577
190 0.112609
191 0.112504
192 0.112421
193 0.112584
194 0.112526
195 0.112487
196 0.112496
197 0.112392
198 0.112376
199 0.112326
200 0.112326
201 0.112275
202 0.112222
203 0.112344
204 0.112215
205 0.112439
206 0.112152
207 0.112222
208 0.112166
209 0.112058
210 0.112121
211 0.112093
212 0.112046
213 0.111928
214 0.112105
215 0.111991
216 0.111967
217 0.111991
218 0.111924
219 0.111982
220 0.111966
221 0.111918
222 0.111812
223 0.111857
224 0.111876
225 0.111695
226 0.111756
227 0.111895
228 0.11173
229 0.111743
230 0.111675
231 0.1117
232 0.111747
233 0.111676
234 0.111605
235 0.111519
236 0.111583
237 0.111644
238 0.111545
239 0.111543
240 0.111541
241 0.111478
242 0.111439
243 0.11152
244 0.111449
245 0.111594
246 0.111458
247 0.111502
248 0.11141
249 0.111469
250 0.11136
251 0.111294
252 0.111298
253 0.111325
254 0.111254
255 0.111508
256 0.111324
257 0.111046
258 0.111293
259 0.111216
260 0.11116
261 0.111196
262 0.111113
263 0.111223
264 0.111199
265 0.111089
266 0.111161
267 0.111228
268 0.111149
269 0.111096
270 0.111071
271 0.110947
272 0.111039
273 0.11098
274 0.111134
275 0.111073
276 0.110945
277 0.111007
278 0.110797
279 0.110922
280 0.110982
281 0.110938
282 0.110945
283 0.110831
284 0.110893
285 0.110863
286 0.110901
287 0.11081
288 0.110758
289 0.110874
290 0.110868
291 0.110723
292 0.110775
293 0.110819
294 0.110717
295 0.110691
296 0.110725
297 0.110687
298 0.110679
299 0.110738
300 0.110712
301 0.110593
302 0.11064
303 0.110678
304 0.11057
305 0.110716
306 0.110611
307 0.110526
308 0.11062
309 0.110458
310 0.110576
311 0.110545
312 0.110516
313 0.11046
314 0.110532
315 0.11053
316 0.110551
317 0.110465
318 0.110471
319 0.11048
320 0.110372
321 0.110561
322 0.110417
323 0.110422
324 0.110409
325 0.110339
326 0.110362
327 0.110312
328 0.110443
329 0.110335
330 0.110414
331 0.110292
332 0.110362
333 0.110428
334 0.110291
335 0.110274
336 0.110272
337 0.110278
338 0.110252
339 0.110296
340 0.110197
341 0.110257
342 0.110115
343 0.110339
344 0.110243
345 0.110252
346 0.110159
347 0.110226
348 0.110177
349 0.110167
350 0.110194
351 0.11023
352 0.110112
353 0.110064
354 0.110213
355 0.110167
356 0.110147
357 0.110069
358 0.110094
359 0.110128
360 0.110092
361 0.110139
362 0.110016
363 0.110076
364 0.110034
365 0.110064
366 0.109997
367 0.109939
368 0.110049
369 0.110048
370 0.109949
371 0.110063
372 0.109981
373 0.10997
374 0.110034
375 0.109927
376 0.109904
377 0.110013
378 0.109873
379 0.109897
380 0.109921
381 0.109899
382 0.109893
383 0.10993
384 0.109958
385 0.109905
386 0.109858
387 0.10994
388 0.109855
389 0.109938
390 0.109822
391 0.109844
392 0.109847
393 0.109825
394 0.109831
395 0.109822
396 0.109799
397 0.109835
398 0.109811
399 0.109731
400 0.109779
