1 3.17509
2 1.84467
3 1.2563
4 0.972712
5 0.825055
6 0.736985
7 0.668177
8 0.607261
9 0.55132
10 0.501296
11 0.456016
12 0.416366
13 0.382322
14 0.352591
15 0.326274
16 0.303122
17 0.282081
18 0.263747
19 0.246897
20 0.231475
21 0.217959
22 0.205489
23 0.194101
24 0.183564
25 0.173971
26 0.164933
27 0.156678
28 0.14902
29 0.14204
30 0.1355
31 0.129324
32 0.123699
33 0.118222
34 0.113438
35 0.10884
36 0.104616
37 0.100498
38 0.0967354
39 0.0930409
40 0.0896591
41 0.0864482
42 0.0833443
43 0.0804247
44 0.0777716
45 0.0751564
46 0.0727768
47 0.070422
48 0.0681861
49 0.0661177
50 0.0640999
51 0.0623051
52 0.0605658
53 0.058825
54 0.0572447
55 0.0556812
56 0.0541745
57 0.0527621
58 0.0515057
59 0.050218
60 0.0489345
61 0.0477589
62 0.0466259
63 0.0455533
64 0.0445232
65 0.0434962
66 0.0425285
67 0.0415757
68 0.040716
69 0.0398757
70 0.0390463
71 0.0383007
72 0.0375156
73 0.0367548
74 0.0360454
75 0.0354338
76 0.0347366
77 0.0340675
78 0.0334638
79 0.0329041
80 0.0323455
81 0.031773
82 0.0312399
83 0.0307557
84 0.0302417
85 0.029773
86 0.0292732
87 0.0287863
88 0.0283686
89 0.0279441
90 0.0274868
91 0.0270584
92 0.0266764
93 0.0262719
94 0.025917
95 0.025562
96 0.0252015
97 0.024832
98 0.0244857
99 0.0241297
100 0.0238196
101 0.0235149
102 0.0232139
103 0.0229378
104 0.0226387
105 0.0223709
106 0.0220794
107 0.0217866
108 0.0215077
109 0.0212736
110 0.0210024
111 0.0207469
112 0.0205127
113 0.0202667
114 0.0200224
115 0.0198382
116 0.0196186
117 0.0194145
118 0.0192076
119 0.0189985
120 0.0188108
121 0.0185821
122 0.018395
123 0.0181939
124 0.0179914
125 0.017816
126 0.0176062
127 0.0174348
128 0.0172587
129 0.0170996
130 0.0169318
131 0.0167664
132 0.0166188
133 0.016474
134 0.0163104
135 0.0161408
136 0.0159884
137 0.0158443
138 0.0156931
139 0.0155469
140 0.0154031
141 0.0152647
142 0.0151392
143 0.0149924
144 0.0148716
145 0.0147362
146 0.0146203
147 0.0144945
148 0.0143876
149 0.0142356
150 0.0141188
151 0.0139919
152 0.0138848
153 0.0137635
154 0.0136635
155 0.0135521
156 0.0134625
157 0.013369
158 0.0132751
159 0.0131705
160 0.0130698
161 0.0129515
162 0.0128671
163 0.0127831
164 0.0126892
165 0.012596
166 0.0124961
167 0.0124095
168 0.0123154
169 0.0122249
170 0.0121425
171 0.0120504
172 0.0119609
173 0.0118904
174 0.0118046
175 0.0117411
176 0.0116585
177 0.0115794
178 0.0114958
179 0.0114208
180 0.0113423
181 0.011273
182 0.0112041
183 0.0111158
184 0.0110348
185 0.0109648
186 0.0108846
187 0.0108238
188 0.0107498
189 0.0106845
190 0.0106207
191 0.0105595
192 0.0104929
193 0.0104332
194 0.0103613
195 0.0102934
196 0.0102337
197 0.0101777
198 0.0101015
199 0.0100338
200 0.00998293
201 0.00991411
202 0.00985493
203 0.00980585
204 0.00975041
205 0.00970019
206 0.00963461
207 0.00957808
208 0.00952706
209 0.00947574
210 0.00943059
211 0.00937225
212 0.00932505
213 0.00927479
214 0.0092257
215 0.00917613
216 0.00911923
217 0.00906564
218 0.00900579
219 0.00895988
220 0.00891756
221 0.00886449
222 0.00882362
223 0.00877273
224 0.00872754
225 0.0086703
226 0.00863522
227 0.00858873
228 0.00854247
229 0.00850682
230 0.00846096
231 0.0084065
232 0.00836713
233 0.00832697
234 0.00828077
235 0.00822962
236 0.00819689
237 0.00815792
238 0.00811764
239 0.00807024
240 0.00803257
241 0.00798696
242 0.00795665
243 0.00792352
244 0.0078859
245 0.00784842
246 0.0078148
247 0.00777474
248 0.0077341
249 0.00769364
250 0.00765756
251 0.00762481
252 0.00759195
253 0.00755503
254 0.0075244
255 0.00749724
256 0.00745511
257 0.00742851
258 0.00740026
259 0.00737098
260 0.00733619
261 0.00729602
262 0.00726859
263 0.00723902
264 0.00720675
265 0.00717453
266 0.00713486
267 0.00711371
268 0.00708636
269 0.00706043
270 0.00702319
271 0.00699217
272 0.00695535
273 0.0069294
274 0.00689657
275 0.00687417
276 0.00684174
277 0.00681273
278 0.00679579
279 0.00676422
280 0.00673502
281 0.00670483
282 0.00668303
283 0.00666089
284 0.0066348
285 0.00661185
286 0.00657715
287 0.0065487
288 0.00652369
289 0.00649836
290 0.006478
291 0.00645112
292 0.00642242
293 0.00639955
294 0.00637253
295 0.0063509
296 0.00632728
297 0.0062955
298 0.00627171
299 0.00624825
300 0.0062217
301 0.00619581
302 0.00617013
303 0.00615544
304 0.00612691
305 0.00609999
306 0.00607844
307 0.00605359
308 0.00604002
309 0.00601608
310 0.00599985
311 0.00597977
312 0.00595201
313 0.0059327
314 0.00591082
315 0.00589667
316 0.00587572
317 0.00585965
318 0.00584134
319 0.00581858
320 0.00579455
321 0.00577638
322 0.00575262
323 0.00573523
324 0.005719
325 0.00569347
326 0.00566919
327 0.00565525
328 0.0056279
329 0.00561365
330 0.00558977
331 0.00557247
332 0.0055602
333 0.0055375
334 0.00552166
335 0.00549943
336 0.00547432
337 0.00545569
338 0.00543412
339 0.00540827
340 0.00539418
341 0.00537206
342 0.00535979
343 0.00534461
344 0.00532328
345 0.00530901
346 0.00529285
347 0.00526905
348 0.00525257
349 0.00523514
350 0.00522113
351 0.00520345
352 0.00518163
353 0.00516133
354 0.00514228
355 0.00512233
356 0.00510678
357 0.00508491
358 0.00507568
359 0.00505169
360 0.00504157
361 0.00502676
362 0.00501515
363 0.00499479
364 0.00496763
365 0.00495105
366 0.00493924
367 0.00492811
368 0.00491341
369 0.00489656
370 0.00488025
371 0.0048675
372 0.0048481
373 0.00483935
374 0.00482705
375 0.00481387
376 0.00480424
377 0.00479134
378 0.00477346
379 0.00476307
380 0.00475302
381 0.00474171
382 0.00473385
383 0.00471124
384 0.00469895
385 0.00468502
386 0.00467158
387 0.00465907
388 0.00464632
389 0.00462892
390 0.0046195
391 0.00460366
392 0.00459055
393 0.00457465
394 0.00456189
395 0.00454432
396 0.00453789
397 0.00452517
398 0.00451807
399 0.00450191
400 0.00448722
