1 0.5
2 0.35744
3 0.295179
4 0.258387
5 0.233435
6 0.215003
7 0.201012
8 0.19005
9 0.180802
10 0.173225
11 0.166654
12 0.160862
13 0.155975
14 0.151245
15 0.147538
16 0.14378
17 0.140624
18 0.137337
19 0.134801
20 0.132298
21 0.129518
22 0.127613
23 0.125491
24 0.123361
25 0.121725
26 0.120202
27 0.118508
28 0.116581
29 0.115685
30 0.11432
31 0.112518
32 0.111263
33 0.1099
34 0.109609
35 0.107838
36 0.106419
37 0.105554
38 0.104553
39 0.104124
40 0.10325
41 0.102388
42 0.100781
43 0.100548
44 0.100208
45 0.0993435
46 0.0984097
47 0.0979549
48 0.0971411
49 0.0966738
50 0.0963372
51 0.0961607
52 0.0951541
53 0.0947621
54 0.0940586
55 0.0938655
56 0.0934399
57 0.0940602
58 0.0927183
59 0.0923289
60 0.092024
61 0.0914977
62 0.0912163
63 0.0910456
64 0.0901553
65 0.0906941
66 0.0901692
67 0.0902218
68 0.0898182
69 0.0898355
70 0.0894683
71 0.0890491
72 0.0890186
73 0.0871527
74 0.0887445
75 0.088289
76 0.0883445
77 0.0884559
78 0.0880637
79 0.0881532
80 0.0878747
81 0.0875669
82 0.0876084
83 0.0876744
84 0.0874654
85 0.0871291
86 0.0872221
87 0.0871572
88 0.0872204
89 0.0876186
90 0.0869072
91 0.0872088
92 0.0869761
93 0.086829
94 0.0868623
95 0.0862283
96 0.0863437
97 0.0864665
98 0.0862245
99 0.0863982
100 0.0866947
101 0.0858563
102 0.0857153
103 0.0852939
104 0.0858685
105 0.0864306
106 0.0860186
107 0.0855245
108 0.0861595
109 0.0858032
110 0.0857038
111 0.0856182
112 0.0857278
113 0.0858414
114 0.0854227
115 0.0857903
116 0.0853438
117 0.086021
118 0.0852998
119 0.0849255
120 0.0856036
121 0.0854402
122 0.0855493
123 0.0850125
124 0.0850854
125 0.0849743
126 0.0848581
127 0.0860695
128 0.0852401
129 0.0845453
130 0.0853082
131 0.0853951
132 0.0849178
133 0.0847115
134 0.0850945
135 0.0852474
136 0.0848746
137 0.0846693
138 0.0847643
139 0.0849006
140 0.0846376
141 0.0853533
142 0.0853498
143 0.0851071
144 0.0852051
145 0.0844233
146 0.0847544
147 0.0844917
148 0.0843886
149 0.0847639
150 0.0848953
151 0.0845009
152 0.0844973
153 0.0845827
154 0.0840745
155 0.0843706
156 0.0841035
157 0.0842221
158 0.0844557
159 0.0846285
160 0.0843692
161 0.0845086
162 0.0845093
163 0.0845256
164 0.084448
165 0.084401
166 0.0845566
167 0.0844596
168 0.0838974
169 0.0845915
170 0.0824136
171 0.0857952
172 0.0832226
173 0.0841028
174 0.0839901
175 0.0836437
176 0.08381
177 0.0840961
178 0.0837947
179 0.0840475
180 0.0839922
181 0.0833507
182 0.083961
183 0.0838473
184 0.0839769
185 0.0833761
186 0.0838967
187 0.0834122
188 0.0835592
189 0.0834989
190 0.0834397
191 0.083495
192 0.0832358
193 0.083459
194 0.0832895
195 0.0838764
196 0.0833328
197 0.0838469
198 0.0833825
199 0.0830189
200 0.0833864
201 0.0830502
202 0.0831843
203 0.0829335
204 0.0829798
205 0.0819189
206 0.0831742
207 0.0828659
208 0.0827504
209 0.0830613
210 0.0831656
211 0.0827489
212 0.0829873
213 0.0830315
214 0.0825748
215 0.0828479
216 0.0832219
217 0.0826426
218 0.0827399
219 0.0825715
220 0.0826238
221 0.0827511
222 0.0823594
223 0.083039
224 0.0822834
225 0.0828551
226 0.0824014
227 0.0823192
228 0.0826011
229 0.0820523
230 0.0826166
231 0.0820294
232 0.0827673
233 0.082452
234 0.0823482
235 0.0825163
236 0.0822084
237 0.0820676
238 0.0820374
239 0.0823076
240 0.0821623
241 0.081293
242 0.0820084
243 0.0819095
244 0.0818869
245 0.0819506
246 0.0818676
247 0.0818072
248 0.0819338
249 0.0819004
250 0.0815656
251 0.0817886
252 0.082057
253 0.0822316
254 0.0815024
255 0.0796449
256 0.0818953
257 0.0836491
258 0.0822526
259 0.0811781
260 0.0811421
261 0.0815521
262 0.0812856
263 0.0814995
264 0.081457
265 0.0812959
266 0.0809992
267 0.0815532
268 0.081231
269 0.081202
270 0.0815689
271 0.0809601
272 0.0812559
273 0.0820559
274 0.0810484
275 0.0812633
276 0.0808795
277 0.081378
278 0.0811168
279 0.0809495
280 0.0810628
281 0.0809988
282 0.0812919
283 0.0807792
284 0.0812064
285 0.0806359
286 0.0811803
287 0.0805816
288 0.0810885
289 0.0805231
290 0.0806987
291 0.0808518
292 0.0807821
293 0.0807733
294 0.08062
295 0.0809314
296 0.0804916
297 0.0805816
298 0.0808541
299 0.0803045
300 0.0809082
301 0.0805072
302 0.0801295
303 0.0808128
304 0.0804213
305 0.0804565
306 0.0811829
307 0.0798627
308 0.0800119
309 0.0801774
310 0.08075
311 0.0801581
312 0.0798034
313 0.0805468
314 0.0805453
315 0.0808644
316 0.0798982
317 0.080099
318 0.0804379
319 0.0802246
320 0.0797929
321 0.07984
322 0.0799582
323 0.0801849
324 0.080173
325 0.079897
326 0.0799981
327 0.0795846
328 0.0798706
329 0.0797417
330 0.0798941
331 0.0795048
332 0.0799075
333 0.0800398
334 0.0799153
335 0.079723
336 0.0796239
337 0.0796104
338 0.0794782
339 0.0793607
340 0.0794793
341 0.0810867
342 0.0789307
343 0.0796423
344 0.079564
345 0.0795786
346 0.0793108
347 0.0794913
348 0.0793288
349 0.0791264
350 0.0791825
351 0.0796202
352 0.0791377
353 0.0793412
354 0.0794471
355 0.0789326
356 0.0793066
357 0.0791121
358 0.0790782
359 0.0791449
360 0.0791803
361 0.0791095
362 0.0790786
363 0.07893
364 0.0790216
365 0.0789911
366 0.0793705
367 0.0788208
368 0.0789979
369 0.0789492
370 0.0789775
371 0.0788914
372 0.0788053
373 0.0788223
374 0.078764
375 0.0785393
376 0.078868
377 0.078823
378 0.0788846
379 0.0786925
380 0.078658
381 0.079269
382 0.0786148
383 0.078162
384 0.0789092
385 0.0791818
386 0.0786322
387 0.0787739
388 0.0784676
389 0.078387
390 0.0786796
391 0.0783665
392 0.0784094
393 0.0781376
394 0.0783752
395 0.0784535
396 0.0783608
397 0.0783429
398 0.0781719
399 0.0780437
400 0.0783859
