1 0.300178
2 0.299724
3 0.300156
4 0.300283
5 0.299979
6 0.299
7 0.30015
8 0.300211
9 0.29987
10 0.300026
11 0.299968
12 0.300703
13 0.300303
14 0.300296
15 0.300504
16 0.362219
17 0.361465
18 0.363094
19 0.362439
20 0.362666
21 0.363802
22 0.363389
23 0.362844
24 0.363355
25 0.363321
26 0.362583
27 0.36422
28 0.363504
29 0.363723
30 0.365088
31 0.363227
32 0.363294
33 0.362415
34 0.365361
35 0.366036
36 0.367493
37 0.3663
38 0.364289
39 0.364068
40 0.367308
41 0.367797
42 0.368758
43 0.366708
44 0.36428
45 0.361542
46 0.362535
47 0.363253
48 0.365447
49 0.364243
50 0.360674
51 0.356651
52 0.35662
53 0.356434
54 0.356307
55 0.35359
56 0.347228
57 0.343184
58 0.342447
59 0.339779
60 0.336493
61 0.334111
62 0.333409
63 0.329101
64 0.326873
65 0.323821
66 0.322308
67 0.319563
68 0.315521
69 0.312841
70 0.31141
71 0.308825
72 0.307224
73 0.305973
74 0.303981
75 0.303136
76 0.300776
77 0.298956
78 0.297726
79 0.296233
80 0.29547
81 0.295071
82 0.292664
83 0.292254
84 0.291474
85 0.291203
86 0.290162
87 0.28881
88 0.287948
89 0.288759
90 0.287774
91 0.287516
92 0.287243
93 0.286169
94 0.286079
95 0.285348
96 0.285761
97 0.284861
98 0.285454
99 0.284648
100 0.285269
101 0.284394
102 0.284519
103 0.284498
104 0.285163
105 0.284293
106 0.285652
107 0.286736
108 0.288818
109 0.291006
110 0.295984
111 0.30052
112 0.305466
113 0.310378
114 0.317753
115 0.324192
116 0.330551
117 0.337791
118 0.345475
119 0.353064
120 0.360116
121 0.366495
122 0.373632
123 0.380831
124 0.386269
125 0.393611
126 0.398788
127 0.403653
128 0.408138
129 0.411978
130 0.417724
131 0.420561
132 0.424199
133 0.427495
134 0.431116
135 0.432953
136 0.435384
137 0.437671
138 0.439165
139 0.441833
140 0.4427
141 0.444007
142 0.444901
143 0.446011
144 0.446038
145 0.447424
146 0.447148
147 0.448447
148 0.44887
149 0.449519
150 0.450553
151 0.450419
152 0.450487
153 0.452838
154 0.452562
155 0.451675
156 0.452439
157 0.452502
158 0.452865
159 0.453366
160 0.453259
161 0.454774
162 0.454502
163 0.454144
164 0.454796
165 0.455775
166 0.455451
167 0.455711
168 0.455031
169 0.455037
170 0.45653
171 0.456656
172 0.456804
173 0.456289
174 0.45725
175 0.456567
176 0.455842
177 0.457436
178 0.456699
179 0.457824
180 0.457237
181 0.458876
182 0.459116
183 0.458743
184 0.458798
185 0.458717
186 0.459307
187 0.460427
188 0.461146
189 0.460738
190 0.461607
191 0.461754
192 0.461199
193 0.462659
194 0.461221
195 0.46211
196 0.463
197 0.461384
198 0.463388
199 0.462852
200 0.464245
201 0.463744
202 0.463473
203 0.464309
204 0.464464
205 0.46471
206 0.465566
207 0.464675
208 0.465748
209 0.465617
210 0.465127
211 0.465552
212 0.466669
213 0.466156
214 0.467414
215 0.46648
216 0.467971
217 0.468332
218 0.467782
219 0.468753
220 0.468194
221 0.468975
222 0.468115
223 0.469136
224 0.468716
225 0.469379
226 0.469439
227 0.469726
228 0.469724
229 0.470917
230 0.470794
231 0.469901
232 0.471456
233 0.470942
234 0.471385
235 0.471311
236 0.472582
237 0.472511
238 0.472306
239 0.472737
240 0.472781
241 0.473568
242 0.473527
243 0.473999
244 0.473933
245 0.474404
246 0.474336
247 0.474641
248 0.475114
249 0.475707
250 0.476242
251 0.475696
252 0.476246
253 0.477218
254 0.476214
255 0.477175
256 0.476996
257 0.477387
258 0.476898
259 0.477588
260 0.477236
261 0.478323
262 0.478177
263 0.477718
264 0.478404
265 0.478361
266 0.477956
267 0.479031
268 0.479569
269 0.479549
270 0.479817
271 0.479383
272 0.479509
273 0.479151
274 0.480192
275 0.480828
276 0.481631
277 0.481651
278 0.482225
279 0.48258
280 0.482496
281 0.481738
282 0.48183
283 0.481639
284 0.483015
285 0.482416
286 0.483013
287 0.483301
288 0.48342
289 0.483682
290 0.484289
291 0.484265
292 0.48529
293 0.48584
294 0.485671
295 0.484845
296 0.485367
297 0.48592
298 0.485443
299 0.485711
300 0.48567
301 0.485219
302 0.485889
303 0.485865
304 0.485807
305 0.487107
306 0.486979
307 0.487345
308 0.487642
309 0.487274
310 0.488132
311 0.488554
312 0.48856
313 0.487038
314 0.487849
315 0.487843
316 0.489244
317 0.488755
318 0.489644
319 0.488808
320 0.489249
321 0.489607
322 0.489665
323 0.488733
324 0.489347
325 0.491085
326 0.490177
327 0.490695
328 0.490438
329 0.491023
330 0.490432
331 0.491818
332 0.492181
333 0.491259
334 0.491543
335 0.491869
336 0.492256
337 0.491922
338 0.492542
339 0.492617
340 0.492704
341 0.492713
342 0.493272
343 0.492612
344 0.493217
345 0.491878
346 0.49359
347 0.493681
348 0.49405
349 0.494386
350 0.494919
351 0.493553
352 0.494818
353 0.494359
354 0.494933
355 0.494851
356 0.494459
357 0.496263
358 0.494989
359 0.495558
360 0.496036
361 0.495876
362 0.495787
363 0.495594
364 0.496147
365 0.496401
366 0.495419
367 0.496383
368 0.495449
369 0.496853
370 0.497858
371 0.497088
372 0.497754
373 0.498231
374 0.497074
375 0.497454
376 0.497767
377 0.497365
378 0.498412
379 0.497776
380 0.498042
381 0.497634
382 0.499001
383 0.498781
384 0.499459
385 0.49911
386 0.499904
387 0.499078
388 0.499079
389 0.499303
390 0.499568
391 0.500669
392 0.499331
393 0.500061
394 0.501737
395 0.50039
396 0.500417
397 0.500354
398 0.5004
399 0.500003
400 0.500544
