1 0.066714
2 0.075995
3 0.0835717
4 0.0898177
5 0.0955768
6 0.100515
7 0.105661
8 0.110398
9 0.114882
10 0.118966
11 0.124089
12 0.127842
13 0.131688
14 0.13543
15 0.139237
16 0.143126
17 0.146329
18 0.150305
19 0.152958
20 0.15684
21 0.159102
22 0.162273
23 0.165339
24 0.168423
25 0.171327
26 0.174306
27 0.176411
28 0.179361
29 0.182005
30 0.184083
31 0.187108
32 0.189218
33 0.191674
34 0.194126
35 0.196324
36 0.198759
37 0.200956
38 0.203155
39 0.205314
40 0.207156
41 0.209461
42 0.211392
43 0.213864
44 0.216267
45 0.21791
46 0.220133
47 0.222479
48 0.224246
49 0.225646
50 0.227198
51 0.229552
52 0.23132
53 0.233143
54 0.234581
55 0.236861
56 0.23906
57 0.240214
58 0.242388
59 0.243596
60 0.245994
61 0.247841
62 0.249283
63 0.250509
64 0.251677
65 0.2539
66 0.25582
67 0.257453
68 0.257989
69 0.260067
70 0.260986
71 0.263292
72 0.264319
73 0.266069
74 0.266832
75 0.268697
76 0.270775
77 0.271554
78 0.2727
79 0.273831
80 0.275872
81 0.276797
82 0.278261
83 0.279496
84 0.280702
85 0.28148
86 0.283399
87 0.28467
88 0.285743
89 0.286781
90 0.288815
91 0.289698
92 0.290988
93 0.292669
94 0.293665
95 0.294289
96 0.29612
97 0.296879
98 0.298995
99 0.299479
100 0.300663
101 0.301476
102 0.302855
103 0.303956
104 0.304569
105 0.306667
106 0.306996
107 0.308102
108 0.309302
109 0.310492
110 0.311836
111 0.31317
112 0.313616
113 0.315332
114 0.3161
115 0.317212
116 0.317641
117 0.318844
118 0.319885
119 0.320801
120 0.321936
121 0.322693
122 0.324344
123 0.324417
124 0.326051
125 0.327206
126 0.328737
127 0.328618
128 0.330604
129 0.33022
130 0.331437
131 0.332607
132 0.333154
133 0.334606
134 0.335827
135 0.335992
136 0.337246
137 0.338301
138 0.33885
139 0.340476
140 0.340728
141 0.341318
142 0.342298
143 0.343424
144 0.344888
145 0.345412
146 0.345907
147 0.346724
148 0.347676
149 0.348743
150 0.349556
151 0.350245
152 0.351218
153 0.351844
154 0.352977
155 0.353627
156 0.354402
157 0.355658
158 0.355529
159 0.35695
160 0.357978
161 0.358964
162 0.359648
163 0.360288
164 0.360754
165 0.361006
166 0.362721
167 0.362674
168 0.364058
169 0.363975
170 0.364997
171 0.366368
172 0.367071
173 0.367626
174 0.368927
175 0.370207
176 0.370173
177 0.370635
178 0.371348
179 0.372172
180 0.372846
181 0.373639
182 0.37428
183 0.375432
184 0.375521
185 0.376385
186 0.377194
187 0.378614
188 0.378301
189 0.379807
190 0.379925
191 0.379761
192 0.381309
193 0.382019
194 0.382926
195 0.382698
196 0.384226
197 0.38419
198 0.385138
199 0.386034
200 0.386715
201 0.38716
202 0.388171
203 0.38842
204 0.388489
205 0.390385
206 0.390546
207 0.391554
208 0.391525
209 0.392876
210 0.393552
211 0.393867
212 0.394247
213 0.394592
214 0.395502
215 0.396363
216 0.396868
217 0.39794
218 0.398523
219 0.398403
220 0.399898
221 0.399543
222 0.400336
223 0.401704
224 0.401716
225 0.402119
226 0.403132
227 0.404007
228 0.404235
229 0.404383
230 0.405599
231 0.406653
232 0.406506
233 0.40693
234 0.408477
235 0.407885
236 0.408839
237 0.409708
238 0.410034
239 0.410581
240 0.410404
241 0.412324
242 0.411378
243 0.412759
244 0.413545
245 0.41374
246 0.414624
247 0.415289
248 0.415318
249 0.416781
250 0.417282
251 0.41711
252 0.417746
253 0.418798
254 0.419351
255 0.419053
256 0.420292
257 0.420203
258 0.420656
259 0.421464
260 0.4217
261 0.422685
262 0.423153
263 0.424047
264 0.424247
265 0.423936
266 0.425588
267 0.425189
268 0.426403
269 0.426711
270 0.427605
271 0.427979
272 0.428149
273 0.428447
274 0.429316
275 0.430624
276 0.430655
277 0.430487
278 0.431183
279 0.431422
280 0.433012
281 0.432179
282 0.433192
283 0.433621
284 0.434675
285 0.434361
286 0.434848
287 0.435114
288 0.435494
289 0.436524
290 0.437621
291 0.437404
292 0.437632
293 0.438685
294 0.438543
295 0.438938
296 0.439977
297 0.440384
298 0.440401
299 0.440252
300 0.441246
301 0.442166
302 0.442658
303 0.442855
304 0.442966
305 0.44379
306 0.443976
307 0.44505
308 0.445312
309 0.444984
310 0.446565
311 0.446588
312 0.446541
313 0.446889
314 0.448679
315 0.44855
316 0.447906
317 0.448987
318 0.449671
319 0.449555
320 0.449981
321 0.451069
322 0.451049
323 0.451355
324 0.451849
325 0.452512
326 0.453207
327 0.453052
328 0.4532
329 0.454628
330 0.454086
331 0.455095
332 0.455029
333 0.455735
334 0.45707
335 0.456275
336 0.458151
337 0.457117
338 0.45749
339 0.458145
340 0.458437
341 0.458715
342 0.459786
343 0.459457
344 0.459951
345 0.460539
346 0.460959
347 0.461609
348 0.462488
349 0.462513
350 0.462545
351 0.463635
352 0.463666
353 0.463835
354 0.464691
355 0.464474
356 0.465496
357 0.465584
358 0.466684
359 0.466578
360 0.466413
361 0.466509
362 0.466749
363 0.467883
364 0.467886
365 0.468548
366 0.469368
367 0.469321
368 0.469779
369 0.470115
370 0.469764
371 0.470007
372 0.470703
373 0.471311
374 0.471791
375 0.472537
376 0.472536
377 0.472488
378 0.473397
379 0.474007
380 0.474082
381 0.474589
382 0.475552
383 0.475551
384 0.475533
385 0.475869
386 0.476342
387 0.475822
388 0.477266
389 0.477578
390 0.477782
391 0.477802
392 0.47928
393 0.478524
394 0.479201
395 0.479354
396 0.480167
397 0.48015
398 0.480822
399 0.4805
400 0.481472
