1 0.300107
2 0.318343
3 0.331968
4 0.341288
5 0.349703
6 0.356353
7 0.36329
8 0.368035
9 0.373863
10 0.378446
11 0.382964
12 0.386643
13 0.391663
14 0.394916
15 0.397329
16 0.401968
17 0.403983
18 0.408327
19 0.410702
20 0.413322
21 0.414145
22 0.416763
23 0.420078
24 0.421952
25 0.423565
26 0.42634
27 0.426925
28 0.429393
29 0.431894
30 0.433804
31 0.434458
32 0.436255
33 0.43829
34 0.439051
35 0.440682
36 0.442046
37 0.442596
38 0.444354
39 0.445237
40 0.447437
41 0.447204
42 0.448451
43 0.450311
44 0.451611
45 0.451941
46 0.453399
47 0.454398
48 0.455671
49 0.457207
50 0.456948
51 0.458664
52 0.458441
53 0.459011
54 0.459698
55 0.461191
56 0.462329
57 0.46353
58 0.463791
59 0.464488
60 0.465596
61 0.466481
62 0.467094
63 0.467648
64 0.468462
65 0.469008
66 0.469631
67 0.470818
68 0.470097
69 0.470662
70 0.472393
71 0.473134
72 0.474442
73 0.474431
74 0.475042
75 0.475189
76 0.476566
77 0.47582
78 0.47706
79 0.476629
80 0.478397
81 0.478287
82 0.478739
83 0.479823
84 0.480182
85 0.480231
86 0.481048
87 0.481618
88 0.482522
89 0.48227
90 0.482887
91 0.483812
92 0.483463
93 0.484853
94 0.484549
95 0.485165
96 0.486459
97 0.486359
98 0.487093
99 0.485963
100 0.486614
101 0.486362
102 0.48829
103 0.487674
104 0.488411
105 0.488998
106 0.489265
107 0.489597
108 0.48981
109 0.490453
110 0.49025
111 0.491573
112 0.491209
113 0.492168
114 0.492103
115 0.492373
116 0.492766
117 0.492759
118 0.493418
119 0.493785
120 0.494676
121 0.494055
122 0.495085
123 0.494006
124 0.496432
125 0.495498
126 0.496431
127 0.495678
128 0.496542
129 0.496756
130 0.497023
131 0.497111
132 0.497698
133 0.49805
134 0.498037
135 0.497704
136 0.498482
137 0.498654
138 0.498666
139 0.499644
140 0.498818
141 0.499745
142 0.49921
143 0.499495
144 0.500513
145 0.500754
146 0.500193
147 0.501379
148 0.501681
149 0.501295
150 0.500659
151 0.501963
152 0.502484
153 0.502034
154 0.5021
155 0.503709
156 0.503539
157 0.50382
158 0.50297
159 0.503486
160 0.504425
161 0.505487
162 0.503781
163 0.504122
164 0.504741
165 0.504706
166 0.50453
167 0.505751
168 0.504924
169 0.506659
170 0.505739
171 0.505687
172 0.505957
173 0.506281
174 0.506568
175 0.507333
176 0.50753
177 0.507344
178 0.507586
179 0.508485
180 0.507872
181 0.507983
182 0.508038
183 0.509525
184 0.508043
185 0.509066
186 0.509332
187 0.508943
188 0.508799
189 0.509536
190 0.509862
191 0.510107
192 0.510932
193 0.509581
194 0.510651
195 0.509372
196 0.510741
197 0.510881
198 0.511133
199 0.5105
200 0.511594
201 0.510927
202 0.511145
203 0.511716
204 0.511342
205 0.512306
206 0.511802
207 0.51314
208 0.512127
209 0.513211
210 0.512687
211 0.512511
212 0.512489
213 0.513119
214 0.513324
215 0.513335
216 0.513609
217 0.513006
218 0.513746
219 0.513351
220 0.51484
221 0.514195
222 0.514424
223 0.514254
224 0.513421
225 0.514954
226 0.514811
227 0.515562
228 0.516306
229 0.515516
230 0.515587
231 0.514387
232 0.515663
233 0.516369
234 0.516368
235 0.515743
236 0.516046
237 0.516311
238 0.516586
239 0.516146
240 0.516824
241 0.516524
242 0.5172
243 0.517444
244 0.516374
245 0.517605
246 0.517936
247 0.517165
248 0.517435
249 0.518098
250 0.517725
251 0.518517
252 0.51769
253 0.51726
254 0.518189
255 0.518622
256 0.51725
257 0.518549
258 0.517916
259 0.518745
260 0.517513
261 0.518831
262 0.519392
263 0.51849
264 0.519355
265 0.519282
266 0.519793
267 0.520295
268 0.520055
269 0.519343
270 0.520203
271 0.519756
272 0.519888
273 0.519703
274 0.520017
275 0.52096
276 0.520573
277 0.520025
278 0.520325
279 0.520778
280 0.520222
281 0.520973
282 0.521042
283 0.521474
284 0.520631
285 0.521123
286 0.521137
287 0.522579
288 0.521746
289 0.521905
290 0.52195
291 0.521833
292 0.521682
293 0.521666
294 0.5227
295 0.521641
296 0.522014
297 0.522121
298 0.522377
299 0.522681
300 0.523109
301 0.524169
302 0.52281
303 0.522566
304 0.523034
305 0.522876
306 0.523777
307 0.522917
308 0.523292
309 0.523051
310 0.523511
311 0.522833
312 0.523654
313 0.523185
314 0.523697
315 0.524471
316 0.522892
317 0.523363
318 0.523775
319 0.524093
320 0.524867
321 0.524357
322 0.524778
323 0.524441
324 0.523344
325 0.524814
326 0.524606
327 0.524251
328 0.524882
329 0.525024
330 0.52498
331 0.526168
332 0.52514
333 0.525246
334 0.525184
335 0.524274
336 0.525161
337 0.525886
338 0.524879
339 0.525
340 0.525841
341 0.524837
342 0.525095
343 0.525982
344 0.525357
345 0.526037
346 0.526383
347 0.525394
348 0.526195
349 0.526185
350 0.526304
351 0.52655
352 0.525651
353 0.526294
354 0.526383
355 0.526659
356 0.525657
357 0.526935
358 0.527153
359 0.52764
360 0.526434
361 0.526308
362 0.52727
363 0.526857
364 0.526711
365 0.527093
366 0.527539
367 0.527752
368 0.527666
369 0.527354
370 0.527307
371 0.527721
372 0.5275
373 0.527891
374 0.527874
375 0.528053
376 0.528839
377 0.527986
378 0.528018
379 0.52769
380 0.527391
381 0.528761
382 0.528314
383 0.528329
384 0.528483
385 0.527902
386 0.52813
387 0.528067
388 0.528154
389 0.528703
390 0.529115
391 0.52944
392 0.529076
393 0.528227
394 0.52896
395 0.529649
396 0.529383
397 0.529486
398 0.528862
399 0.529462
400 0.528845
