5 0.965197
6 0.793313
7 0.754048
8 0.683245
9 0.594586
10 0.557517
11 0.503651
12 0.444989
13 0.386549
14 0.357645
15 0.342584
16 0.302909
17 0.281013
18 0.260201
19 0.261843
20 0.24355
21 0.230743
22 0.213486
23 0.219511
24 0.209025
25 0.195504
26 0.187662
27 0.194866
28 0.184006
29 0.17074
30 0.172555
31 0.173648
32 0.162076
33 0.152795
34 0.156534
35 0.153088
36 0.144386
37 0.140227
38 0.144346
39 0.13863
40 0.132488
41 0.131552
42 0.133243
43 0.127984
44 0.123201
45 0.124169
46 0.122924
47 0.118992
48 0.116919
49 0.117064
50 0.115448
51 0.112837
52 0.111847
53 0.110554
54 0.109426
55 0.107664
56 0.106572
57 0.105175
58 0.104693
59 0.10349
60 0.101994
61 0.100507
62 0.100381
63 0.0991777
64 0.0978935
65 0.096966
66 0.0966215
67 0.0954924
68 0.0946423
69 0.0934565
70 0.0935543
71 0.0922835
72 0.0914205
73 0.0905967
74 0.0905558
75 0.0895476
76 0.0886151
77 0.088071
78 0.0876652
79 0.0868823
80 0.0862092
81 0.0855836
82 0.085422
83 0.0845416
84 0.0840008
85 0.0833234
86 0.083081
87 0.0824533
88 0.0818531
89 0.0813055
90 0.0808043
91 0.0801311
92 0.0797357
93 0.079129
94 0.0788441
95 0.0782394
96 0.0777305
97 0.0774585
98 0.0767711
99 0.0764778
100 0.0759277
101 0.0756281
102 0.0751947
103 0.0748085
104 0.0744754
105 0.0738797
106 0.0735749
107 0.0732465
108 0.0728171
109 0.0724437
110 0.0720801
111 0.0716388
112 0.0713395
113 0.0709059
114 0.07055
115 0.0703422
116 0.0700491
117 0.0696453
118 0.0692461
119 0.0689534
120 0.0686697
121 0.0683608
122 0.0680296
123 0.06775
124 0.0674234
125 0.0670408
126 0.0667816
127 0.0665293
128 0.0660495
129 0.065994
130 0.0656249
131 0.0655125
132 0.0652944
133 0.0648158
134 0.0644772
135 0.0642236
136 0.0640167
137 0.0637771
138 0.0635363
139 0.0631873
140 0.062998
141 0.062746
142 0.0626109
143 0.0621694
144 0.0618413
145 0.0617703
146 0.0615726
147 0.0612414
148 0.0610005
149 0.0607059
150 0.0604749
151 0.060272
152 0.0599928
153 0.0597605
154 0.059637
155 0.0592964
156 0.0591123
157 0.0588896
158 0.0589155
159 0.0585045
160 0.0582307
161 0.0579169
162 0.0578732
163 0.0575337
164 0.0574375
165 0.0572517
166 0.0568444
167 0.056878
168 0.0565379
169 0.0564972
170 0.0563554
171 0.0559468
172 0.0557442
173 0.0556381
174 0.0554055
175 0.0551016
176 0.0549994
177 0.0548837
178 0.0546544
179 0.0545064
180 0.0542438
181 0.0541048
182 0.0540051
183 0.0537624
184 0.0536015
185 0.0534156
186 0.0533229
187 0.0529959
188 0.0528826
189 0.0526051
190 0.0525244
191 0.052531
192 0.0521868
193 0.0520469
194 0.0518643
195 0.0517905
196 0.0515321
197 0.0514719
198 0.0512473
199 0.051113
200 0.0509672
201 0.0508487
202 0.0506481
203 0.0505793
204 0.0503766
205 0.0500772
206 0.0501195
207 0.0498878
208 0.0497692
209 0.049558
210 0.0494147
211 0.0492795
212 0.0492456
213 0.0491186
214 0.0488542
215 0.0486156
216 0.0485847
217 0.0485118
218 0.0482461
219 0.0482457
220 0.0480342
221 0.0479982
222 0.0478753
223 0.0477006
224 0.0475191
225 0.0474298
226 0.0471758
227 0.047099
228 0.0470247
229 0.0468443
230 0.0467848
231 0.0465102
232 0.0465854
233 0.0463524
234 0.0461163
235 0.046154
236 0.0459987
237 0.0458684
238 0.0458071
239 0.0456238
240 0.0455603
241 0.0453313
242 0.0453448
243 0.0451171
244 0.04499
245 0.0449405
246 0.0447336
247 0.0445777
248 0.044574
249 0.04441
250 0.0442437
251 0.0442713
252 0.0441918
253 0.0439638
254 0.0438904
255 0.043808
256 0.0435848
257 0.0436451
258 0.0435081
259 0.0433543
260 0.0433554
261 0.0431513
262 0.0430401
263 0.0428643
264 0.0427541
265 0.042798
266 0.0425623
267 0.0425587
268 0.042384
269 0.0422772
270 0.0421782
271 0.0421091
272 0.042015
273 0.041954
274 0.0417951
275 0.0416473
276 0.0415618
277 0.0416132
278 0.041511
279 0.0413867
280 0.0411761
281 0.0412706
282 0.0410159
283 0.0410533
284 0.0407869
285 0.0408215
286 0.0407487
287 0.0406628
288 0.0406047
289 0.0404375
290 0.0402918
291 0.0402887
292 0.0401666
293 0.0400521
294 0.0400458
295 0.0399953
296 0.039862
297 0.0397738
298 0.0396079
299 0.0396778
300 0.0394322
301 0.0393725
302 0.0393395
303 0.0392565
304 0.0392226
305 0.0390729
306 0.0389959
307 0.0387936
308 0.0388273
309 0.0387985
310 0.0385762
311 0.0385252
312 0.0384849
313 0.0384666
314 0.0382665
315 0.0381821
316 0.038206
317 0.038103
318 0.0380158
319 0.0379901
320 0.0379447
321 0.0377825
322 0.0376633
323 0.0376423
324 0.0375411
325 0.0374792
326 0.0373519
327 0.0373753
328 0.0373266
329 0.0371675
330 0.037186
331 0.0370387
332 0.0369775
333 0.0368952
334 0.0367818
335 0.0367657
336 0.0366105
337 0.0366312
338 0.0366471
339 0.0365019
340 0.0364235
341 0.0363631
342 0.0362423
343 0.0362632
344 0.0361299
345 0.0360316
346 0.0360285
347 0.0358983
348 0.0358159
349 0.0357816
350 0.0357321
351 0.0355866
352 0.0355006
353 0.0355606
354 0.0354351
355 0.0354129
356 0.0352325
357 0.0352502
358 0.0350586
359 0.035038
360 0.0350267
361 0.0350615
362 0.0349774
363 0.0348309
364 0.0348215
365 0.0347292
366 0.0345897
367 0.0346588
368 0.0345601
369 0.0344225
370 0.0344739
371 0.0344147
372 0.0343421
373 0.0342962
374 0.0342004
375 0.0340194
376 0.0340677
377 0.034014
378 0.0339334
379 0.0338348
380 0.0338295
381 0.0337083
382 0.033632
383 0.0336386
384 0.0336219
385 0.0335343
386 0.0334513
387 0.0334915
388 0.0333393
389 0.033241
390 0.0331665
391 0.0331784
392 0.0330213
393 0.0330743
394 0.03303
395 0.0328899
396 0.0328229
397 0.032813
398 0.0327003
399 0.0327397
400 0.0326863
