1 0.500804
2 0.499759
3 0.500307
4 0.500189
5 0.500274
6 0.500461
7 0.500352
8 0.500322
9 0.500255
10 0.500395
11 0.500282
12 0.50173
13 0.502751
14 0.504273
15 0.505531
16 0.506398
17 0.507154
18 0.508042
19 0.508931
20 0.509388
21 0.510149
22 0.510693
23 0.511404
24 0.51236
25 0.513019
26 0.513691
27 0.51447
28 0.515418
29 0.516213
30 0.517037
31 0.51781
32 0.518741
33 0.519494
34 0.520217
35 0.521025
36 0.521741
37 0.52245
38 0.523052
39 0.523697
40 0.524326
41 0.524882
42 0.525646
43 0.526211
44 0.526784
45 0.527327
46 0.527828
47 0.528365
48 0.528953
49 0.529391
50 0.529875
51 0.530378
52 0.530858
53 0.531256
54 0.531777
55 0.532173
56 0.532692
57 0.53294
58 0.53339
59 0.533746
60 0.534166
61 0.534541
62 0.534914
63 0.535228
64 0.535547
65 0.5359
66 0.53622
67 0.53659
68 0.536908
69 0.53726
70 0.537545
71 0.537731
72 0.538054
73 0.53851
74 0.538648
75 0.538932
76 0.539111
77 0.539399
78 0.539716
79 0.539967
80 0.540213
81 0.540452
82 0.540589
83 0.540938
84 0.541148
85 0.541348
86 0.541567
87 0.541755
88 0.54203
89 0.542204
90 0.542376
91 0.54256
92 0.542761
93 0.543059
94 0.543214
95 0.543372
96 0.543536
97 0.543673
98 0.543952
99 0.544061
100 0.544237
101 0.544483
102 0.544635
103 0.544773
104 0.544945
105 0.545166
106 0.545313
107 0.54542
108 0.545623
109 0.545736
110 0.545794
111 0.546033
112 0.54615
113 0.546327
114 0.546494
115 0.546587
116 0.546684
117 0.546884
118 0.547018
119 0.547134
120 0.547241
121 0.547381
122 0.547539
123 0.5476
124 0.547777
125 0.54787
126 0.547998
127 0.548158
128 0.54824
129 0.548417
130 0.548476
131 0.548647
132 0.548703
133 0.548832
134 0.548903
135 0.549006
136 0.54911
137 0.549242
138 0.549335
139 0.549412
140 0.549515
141 0.549691
142 0.54979
143 0.549821
144 0.549954
145 0.550007
146 0.55013
147 0.550234
148 0.550337
149 0.55041
150 0.550521
151 0.550598
152 0.550608
153 0.550707
154 0.550797
155 0.550906
156 0.550943
157 0.551069
158 0.551162
159 0.551255
160 0.551352
161 0.551394
162 0.551482
163 0.551511
164 0.551609
165 0.551659
166 0.551775
167 0.551883
168 0.551915
169 0.552029
170 0.55202
171 0.552099
172 0.552211
173 0.552248
174 0.55236
175 0.552365
176 0.552477
177 0.55255
178 0.552616
179 0.552711
180 0.552767
181 0.552889
182 0.552916
183 0.552928
184 0.553062
185 0.553069
186 0.553163
187 0.553181
188 0.553274
189 0.55325
190 0.553389
191 0.553434
192 0.553454
193 0.553519
194 0.553606
195 0.553697
196 0.553686
197 0.553763
198 0.553846
199 0.55389
200 0.553963
201 0.554004
202 0.554121
203 0.554158
204 0.554164
205 0.554191
206 0.554245
207 0.554348
208 0.554378
209 0.554422
210 0.554522
211 0.554489
212 0.554586
213 0.554591
214 0.554672
215 0.554697
216 0.554796
217 0.554812
218 0.554847
219 0.554931
220 0.554929
221 0.554976
222 0.555039
223 0.555093
224 0.555153
225 0.555197
226 0.555228
227 0.555307
228 0.555235
229 0.555389
230 0.55535
231 0.55541
232 0.555481
233 0.555549
234 0.555594
235 0.55557
236 0.55569
237 0.555715
238 0.555718
239 0.555784
240 0.555821
241 0.555871
242 0.555856
243 0.555933
244 0.556012
245 0.556019
246 0.556095
247 0.556088
248 0.55619
249 0.556211
250 0.556246
251 0.556272
252 0.556279
253 0.556318
254 0.556344
255 0.556377
256 0.556459
257 0.556523
258 0.556488
259 0.556584
260 0.556615
261 0.556593
262 0.556649
263 0.556682
264 0.556696
265 0.556771
266 0.556789
267 0.556773
268 0.556865
269 0.556852
270 0.556957
271 0.556952
272 0.556989
273 0.557001
274 0.557137
275 0.557109
276 0.557073
277 0.557132
278 0.557201
279 0.557185
280 0.557254
281 0.557331
282 0.557282
283 0.55734
284 0.557318
285 0.557393
286 0.557442
287 0.557403
288 0.557509
289 0.557551
290 0.557533
291 0.557574
292 0.557576
293 0.55761
294 0.557678
295 0.557653
296 0.557691
297 0.557727
298 0.557768
299 0.557732
300 0.557855
301 0.557812
302 0.557835
303 0.557884
304 0.557929
305 0.557969
306 0.557956
307 0.558026
308 0.558064
309 0.558051
310 0.558084
311 0.558122
312 0.558142
313 0.55821
314 0.558209
315 0.558241
316 0.558209
317 0.55824
318 0.558291
319 0.558304
320 0.558351
321 0.558363
322 0.558378
323 0.558384
324 0.55846
325 0.558415
326 0.558452
327 0.558504
328 0.558506
329 0.558509
330 0.558581
331 0.558577
332 0.55861
333 0.558635
334 0.558634
335 0.558694
336 0.558665
337 0.558733
338 0.55874
339 0.558767
340 0.558788
341 0.558792
342 0.558831
343 0.558846
344 0.558899
345 0.558865
346 0.558901
347 0.558941
348 0.558966
349 0.55894
350 0.558989
351 0.559022
352 0.558972
353 0.559007
354 0.55903
355 0.559098
356 0.559147
357 0.55915
358 0.559169
359 0.559199
360 0.559185
361 0.559267
362 0.559251
363 0.559278
364 0.559252
365 0.559332
366 0.559343
367 0.559376
368 0.559346
369 0.559357
370 0.559397
371 0.559419
372 0.559408
373 0.559459
374 0.559496
375 0.559435
376 0.559494
377 0.559523
378 0.559521
379 0.559615
380 0.559624
381 0.559556
382 0.559609
383 0.559642
384 0.559614
385 0.559693
386 0.559667
387 0.559717
388 0.559712
389 0.55974
390 0.559807
391 0.559793
392 0.559799
393 0.559804
394 0.559807
395 0.559796
396 0.559849
397 0.55984
398 0.559922
399 0.559919
400 0.559874
