1 0.5
2 0.5
3 0.5
4 0.5
5 0.500001
6 0.5
7 0.5
8 0.5
9 0.5
10 0.5
11 0.5
12 0.49969
13 0.499727
14 0.499441
15 0.499409
16 0.499566
17 0.499705
18 0.499335
19 0.49952
20 0.499625
21 0.499337
22 0.499482
23 0.499351
24 0.498972
25 0.499008
26 0.498913
27 0.498757
28 0.498518
29 0.49845
30 0.498394
31 0.498164
32 0.498076
33 0.498075
34 0.497901
35 0.497887
36 0.497818
37 0.497852
38 0.497701
39 0.497665
40 0.497591
41 0.497468
42 0.497364
43 0.497384
44 0.497323
45 0.49733
46 0.497338
47 0.497281
48 0.497125
49 0.497136
50 0.497105
51 0.497012
52 0.497066
53 0.497007
54 0.496894
55 0.496897
56 0.496865
57 0.496929
58 0.496699
59 0.49679
60 0.496826
61 0.49672
62 0.496716
63 0.496713
64 0.496786
65 0.496684
66 0.496662
67 0.496688
68 0.496589
69 0.4965
70 0.496578
71 0.496609
72 0.496523
73 0.496532
74 0.496458
75 0.496536
76 0.496541
77 0.496581
78 0.496443
79 0.496484
80 0.496415
81 0.496411
82 0.49648
83 0.496293
84 0.496348
85 0.496319
86 0.49639
87 0.49632
88 0.496435
89 0.496398
90 0.496288
91 0.496258
92 0.496393
93 0.496314
94 0.496194
95 0.496234
96 0.496211
97 0.49633
98 0.49626
99 0.49617
100 0.496274
101 0.496116
102 0.496092
103 0.496134
104 0.496179
105 0.496241
106 0.49614
107 0.496159
108 0.496101
109 0.496005
110 0.496225
111 0.496147
112 0.496097
113 0.496107
114 0.496084
115 0.496125
116 0.496046
117 0.496136
118 0.496058
119 0.496036
120 0.496219
121 0.496066
122 0.495996
123 0.495969
124 0.495942
125 0.495972
126 0.49597
127 0.496067
128 0.496045
129 0.495908
130 0.49595
131 0.495976
132 0.496013
133 0.496023
134 0.495956
135 0.496016
136 0.496053
137 0.495958
138 0.49603
139 0.495958
140 0.496053
141 0.496032
142 0.496044
143 0.495999
144 0.49586
145 0.496037
146 0.495953
147 0.495908
148 0.495943
149 0.49596
150 0.495876
151 0.495853
152 0.495951
153 0.495909
154 0.495852
155 0.495978
156 0.495881
157 0.495772
158 0.495842
159 0.495817
160 0.495908
161 0.495887
162 0.495785
163 0.495845
164 0.495885
165 0.49587
166 0.495839
167 0.495923
168 0.495714
169 0.49579
170 0.495865
171 0.495796
172 0.495803
173 0.495916
174 0.495817
175 0.495828
176 0.495648
177 0.495833
178 0.495787
179 0.495818
180 0.495735
181 0.495949
182 0.495921
183 0.495714
184 0.4958
185 0.495841
186 0.495778
187 0.495805
188 0.495814
189 0.495804
190 0.495719
191 0.495782
192 0.495789
193 0.49563
194 0.495686
195 0.495781
196 0.495826
197 0.495755
198 0.495732
199 0.495794
200 0.495837
201 0.49584
202 0.495781
203 0.49577
204 0.495805
205 0.495799
206 0.495711
207 0.495753
208 0.49589
209 0.495813
210 0.495784
211 0.495866
212 0.495686
213 0.495691
214 0.49573
215 0.495818
216 0.495679
217 0.495781
218 0.495679
219 0.495795
220 0.495658
221 0.495686
222 0.495756
223 0.495791
224 0.495772
225 0.49577
226 0.495728
227 0.495752
228 0.495724
229 0.495674
230 0.495694
231 0.495675
232 0.495786
233 0.495722
234 0.495736
235 0.495674
236 0.495747
237 0.495719
238 0.495764
239 0.495685
240 0.495707
241 0.495664
242 0.495662
243 0.495793
244 0.49558
245 0.495641
246 0.495822
247 0.495592
248 0.495636
249 0.495745
250 0.495667
251 0.495739
252 0.495703
253 0.495564
254 0.495663
255 0.495734
256 0.495716
257 0.495611
258 0.495718
259 0.495616
260 0.495661
261 0.495659
262 0.49577
263 0.495835
264 0.495616
265 0.495735
266 0.495692
267 0.495751
268 0.495618
269 0.495639
270 0.495685
271 0.495655
272 0.495654
273 0.495782
274 0.495599
275 0.495699
276 0.495693
277 0.495587
278 0.495551
279 0.495645
280 0.495664
281 0.495597
282 0.495712
283 0.49563
284 0.495635
285 0.495586
286 0.495636
287 0.495648
288 0.49566
289 0.495579
290 0.495606
291 0.495617
292 0.495705
293 0.495622
294 0.495674
295 0.495657
296 0.495678
297 0.495663
298 0.495654
299 0.495646
300 0.495672
301 0.49579
302 0.495589
303 0.495697
304 0.495572
305 0.495639
306 0.495683
307 0.495602
308 0.495593
309 0.49565
310 0.495675
311 0.495587
312 0.495616
313 0.495613
314 0.495614
315 0.495619
316 0.495553
317 0.495602
318 0.495609
319 0.495663
320 0.495674
321 0.495562
322 0.495618
323 0.495663
324 0.49559
325 0.495562
326 0.495675
327 0.495536
328 0.495629
329 0.495633
330 0.495631
331 0.495527
332 0.495519
333 0.495528
334 0.495585
335 0.495667
336 0.495497
337 0.495613
338 0.495495
339 0.495672
340 0.495662
341 0.495685
342 0.495638
343 0.495759
344 0.495476
345 0.495602
346 0.495623
347 0.495557
348 0.495538
349 0.495721
350 0.495631
351 0.495632
352 0.495635
353 0.495574
354 0.49553
355 0.495608
356 0.495527
357 0.495387
358 0.495575
359 0.495594
360 0.495581
361 0.495532
362 0.495566
363 0.495598
364 0.495564
365 0.49568
366 0.495553
367 0.495651
368 0.495679
369 0.495674
370 0.495578
371 0.495668
372 0.495711
373 0.495607
374 0.49569
375 0.495571
376 0.495528
377 0.495645
378 0.49564
379 0.495617
380 0.495651
381 0.495546
382 0.495533
383 0.495687
384 0.495581
385 0.495494
386 0.495576
387 0.49564
388 0.495658
389 0.495535
390 0.495537
391 0.495533
392 0.495495
393 0.495497
394 0.495584
395 0.495585
396 0.495581
397 0.495545
398 0.495637
399 0.495498
400 0.49556
