1 0.50031
2 0.50031
3 0.50031
4 0.50031
5 0.50031
6 0.50031
7 0.50031
8 0.50031
9 0.50031
10 0.50031
11 0.50031
12 0.50638
13 0.511576
14 0.518134
15 0.523785
16 0.528165
17 0.530941
18 0.535324
19 0.538787
20 0.540776
21 0.544415
22 0.547094
23 0.549812
24 0.553867
25 0.557278
26 0.560696
27 0.564314
28 0.568351
29 0.572156
30 0.576228
31 0.580075
32 0.584417
33 0.587994
34 0.592133
35 0.595474
36 0.59886
37 0.602471
38 0.605583
39 0.608944
40 0.612545
41 0.614932
42 0.618563
43 0.621261
44 0.624453
45 0.627324
46 0.629977
47 0.632723
48 0.635558
49 0.637819
50 0.640506
51 0.642953
52 0.645745
53 0.647656
54 0.650372
55 0.652472
56 0.655174
57 0.656793
58 0.659297
59 0.661007
60 0.662944
61 0.664922
62 0.666886
63 0.668493
64 0.670867
65 0.671792
66 0.674103
67 0.675524
68 0.678006
69 0.679194
70 0.680847
71 0.682202
72 0.683952
73 0.686071
74 0.687131
75 0.689182
76 0.69032
77 0.691348
78 0.692986
79 0.694283
80 0.695383
81 0.69723
82 0.698172
83 0.699941
84 0.700858
85 0.702086
86 0.703387
87 0.704548
88 0.706077
89 0.706987
90 0.707639
91 0.709506
92 0.710054
93 0.71143
94 0.712824
95 0.713609
96 0.714724
97 0.715655
98 0.717092
99 0.718053
100 0.718854
101 0.720055
102 0.720957
103 0.721752
104 0.723016
105 0.723714
106 0.725084
107 0.72565
108 0.726589
109 0.727638
110 0.727921
111 0.72892
112 0.729485
113 0.730779
114 0.731849
115 0.732376
116 0.732858
117 0.734256
118 0.734764
119 0.735579
120 0.736595
121 0.736962
122 0.73833
123 0.738334
124 0.739126
125 0.739784
126 0.740576
127 0.74179
128 0.742017
129 0.743036
130 0.743463
131 0.74464
132 0.745065
133 0.745582
134 0.746538
135 0.746423
136 0.747607
137 0.74826
138 0.748631
139 0.749501
140 0.749716
141 0.750911
142 0.751351
143 0.75178
144 0.752699
145 0.75287
146 0.753345
147 0.754285
148 0.754554
149 0.754717
150 0.755591
151 0.756516
152 0.756491
153 0.757162
154 0.75792
155 0.758304
156 0.758467
157 0.759593
158 0.7598
159 0.760454
160 0.761124
161 0.761621
162 0.762018
163 0.7617
164 0.763052
165 0.763021
166 0.763403
167 0.764735
168 0.764437
169 0.76534
170 0.765509
171 0.765826
172 0.765813
173 0.767265
174 0.767534
175 0.768112
176 0.768098
177 0.768626
178 0.769292
179 0.769665
180 0.770192
181 0.770928
182 0.77064
183 0.770889
184 0.771853
185 0.772228
186 0.77267
187 0.772908
188 0.773026
189 0.773393
190 0.773831
191 0.774092
192 0.774338
193 0.774651
194 0.775333
195 0.775977
196 0.776556
197 0.776495
198 0.777335
199 0.77738
200 0.777916
201 0.77826
202 0.779292
203 0.778978
204 0.778855
205 0.779456
206 0.77976
207 0.780322
208 0.780209
209 0.780974
210 0.781572
211 0.781438
212 0.781666
213 0.782098
214 0.782706
215 0.782788
216 0.783503
217 0.783398
218 0.783401
219 0.784098
220 0.784549
221 0.784736
222 0.784904
223 0.785261
224 0.785569
225 0.785789
226 0.786556
227 0.786439
228 0.7861
229 0.787196
230 0.787136
231 0.787485
232 0.788055
233 0.788322
234 0.788196
235 0.78869
236 0.789401
237 0.78889
238 0.789331
239 0.789511
240 0.790385
241 0.790299
242 0.790392
243 0.791095
244 0.791252
245 0.791413
246 0.792058
247 0.792201
248 0.792232
249 0.792771
250 0.792722
251 0.793099
252 0.793133
253 0.793487
254 0.793586
255 0.793598
256 0.794185
257 0.794278
258 0.794213
259 0.795123
260 0.794981
261 0.795222
262 0.795424
263 0.795832
264 0.795995
265 0.796399
266 0.796394
267 0.796637
268 0.79706
269 0.796827
270 0.797979
271 0.797181
272 0.797734
273 0.798022
274 0.798839
275 0.79865
276 0.798659
277 0.798732
278 0.799136
279 0.799052
280 0.799662
281 0.799887
282 0.800014
283 0.800453
284 0.800061
285 0.800787
286 0.800672
287 0.800325
288 0.801231
289 0.801467
290 0.801703
291 0.801674
292 0.801679
293 0.802124
294 0.802469
295 0.802247
296 0.802752
297 0.80284
298 0.803118
299 0.803074
300 0.803817
301 0.803684
302 0.803421
303 0.803862
304 0.804108
305 0.804542
306 0.804524
307 0.804829
308 0.80513
309 0.805021
310 0.805385
311 0.805594
312 0.805659
313 0.806444
314 0.806113
315 0.806594
316 0.805892
317 0.806166
318 0.806747
319 0.806786
320 0.807609
321 0.807461
322 0.807537
323 0.807335
324 0.807755
325 0.807915
326 0.80771
327 0.808173
328 0.808415
329 0.808892
330 0.808518
331 0.808914
332 0.808797
333 0.809387
334 0.809629
335 0.809847
336 0.809561
337 0.809849
338 0.809742
339 0.810341
340 0.810233
341 0.810343
342 0.810793
343 0.810896
344 0.811224
345 0.810862
346 0.811014
347 0.811308
348 0.811301
349 0.81148
350 0.81167
351 0.812123
352 0.811789
353 0.811914
354 0.811907
355 0.812108
356 0.812994
357 0.812473
358 0.812729
359 0.813114
360 0.812832
361 0.813535
362 0.813905
363 0.813522
364 0.813797
365 0.814368
366 0.813911
367 0.814501
368 0.814133
369 0.814012
370 0.814551
371 0.814754
372 0.81455
373 0.815086
374 0.8155
375 0.815094
376 0.815506
377 0.815714
378 0.815521
379 0.816025
380 0.816364
381 0.815804
382 0.816034
383 0.81633
384 0.816325
385 0.816873
386 0.816604
387 0.816701
388 0.817168
389 0.817104
390 0.817455
391 0.817539
392 0.817417
393 0.817655
394 0.817457
395 0.817404
396 0.817741
397 0.817845
398 0.818704
399 0.81791
400 0.818107
