1 0.500804
2 0.500194
3 0.500376
4 0.499946
5 0.500025
6 0.500108
7 0.500445
8 0.500232
9 0.499529
10 0.499834
11 0.500819
12 0.51761
13 0.51655
14 0.523649
15 0.52431
16 0.520832
17 0.51718
18 0.525794
19 0.52191
20 0.519386
21 0.525752
22 0.522761
23 0.525472
24 0.532047
25 0.531487
26 0.532956
27 0.535237
28 0.538472
29 0.53935
30 0.540044
31 0.542817
32 0.543824
33 0.543842
34 0.545767
35 0.545927
36 0.54667
37 0.546302
38 0.547896
39 0.548267
40 0.549028
41 0.550257
42 0.551279
43 0.551081
44 0.551677
45 0.551609
46 0.551533
47 0.552075
48 0.553549
49 0.553447
50 0.553733
51 0.554588
52 0.55409
53 0.554627
54 0.555653
55 0.555626
56 0.55591
57 0.55534
58 0.557363
59 0.556566
60 0.556255
61 0.557183
62 0.557217
63 0.557247
64 0.556605
65 0.557492
66 0.55768
67 0.557455
68 0.558306
69 0.559061
70 0.558406
71 0.558141
72 0.558868
73 0.558791
74 0.559414
75 0.55876
76 0.558718
77 0.558378
78 0.559538
79 0.559199
80 0.559768
81 0.559809
82 0.559226
83 0.560773
84 0.560324
85 0.560568
86 0.559981
87 0.560552
88 0.559606
89 0.559913
90 0.560821
91 0.561066
92 0.559953
93 0.560602
94 0.561583
95 0.561253
96 0.561445
97 0.560477
98 0.561045
99 0.561769
100 0.560935
101 0.562206
102 0.5624
103 0.562065
104 0.561702
105 0.561202
106 0.562015
107 0.561859
108 0.562324
109 0.563081
110 0.56133
111 0.561955
112 0.562357
113 0.562278
114 0.562461
115 0.562135
116 0.56276
117 0.562044
118 0.562668
119 0.562839
120 0.561375
121 0.562606
122 0.563153
123 0.563364
124 0.563579
125 0.563346
126 0.563362
127 0.562592
128 0.562766
129 0.563844
130 0.563515
131 0.563313
132 0.56302
133 0.562945
134 0.563468
135 0.563
136 0.562709
137 0.563451
138 0.562889
139 0.563453
140 0.562708
141 0.56287
142 0.562776
143 0.563134
144 0.564217
145 0.56283
146 0.563495
147 0.563841
148 0.563566
149 0.563436
150 0.56409
151 0.564271
152 0.563508
153 0.563834
154 0.564274
155 0.563298
156 0.564053
157 0.564893
158 0.564354
159 0.564544
160 0.56384
161 0.564008
162 0.564787
163 0.564326
164 0.564022
165 0.564138
166 0.564374
167 0.563726
168 0.565334
169 0.564754
170 0.564176
171 0.564707
172 0.564654
173 0.563781
174 0.564547
175 0.564459
176 0.565833
177 0.564421
178 0.564776
179 0.564541
180 0.565171
181 0.56352
182 0.563744
183 0.565335
184 0.564673
185 0.564359
186 0.564846
187 0.564634
188 0.564566
189 0.564649
190 0.565293
191 0.564812
192 0.564759
193 0.565965
194 0.565544
195 0.564824
196 0.564473
197 0.565022
198 0.565195
199 0.564722
200 0.564394
201 0.564367
202 0.564822
203 0.564908
204 0.564634
205 0.564683
206 0.565354
207 0.565033
208 0.563982
209 0.564574
210 0.564795
211 0.564169
212 0.565542
213 0.565508
214 0.565209
215 0.564534
216 0.565593
217 0.564819
218 0.5656
219 0.56471
220 0.565754
221 0.565544
222 0.565009
223 0.564747
224 0.564893
225 0.564905
226 0.565223
227 0.565043
228 0.565259
229 0.565631
230 0.565484
231 0.565629
232 0.564783
233 0.56527
234 0.565167
235 0.565634
236 0.565079
237 0.565296
238 0.564948
239 0.56555
240 0.565384
241 0.565706
242 0.565728
243 0.564727
244 0.56634
245 0.565882
246 0.564504
247 0.566253
248 0.56592
249 0.565095
250 0.565685
251 0.565142
252 0.565415
253 0.566458
254 0.565718
255 0.565176
256 0.565319
257 0.566105
258 0.565303
259 0.566073
260 0.565735
261 0.565745
262 0.564906
263 0.564404
264 0.56607
265 0.565175
266 0.565501
267 0.565047
268 0.566055
269 0.5659
270 0.565551
271 0.565781
272 0.565788
273 0.564813
274 0.566196
275 0.565445
276 0.565493
277 0.566286
278 0.566557
279 0.565855
280 0.565708
281 0.566216
282 0.565349
283 0.565969
284 0.565926
285 0.566292
286 0.565924
287 0.565833
288 0.565739
289 0.566345
290 0.566145
291 0.566063
292 0.565401
293 0.566024
294 0.565635
295 0.565766
296 0.565605
297 0.565716
298 0.565787
299 0.565846
300 0.565652
301 0.564755
302 0.56627
303 0.565463
304 0.5664
305 0.565897
306 0.565566
307 0.566174
308 0.566243
309 0.565818
310 0.565626
311 0.566287
312 0.566068
313 0.56609
314 0.566087
315 0.566049
316 0.566539
317 0.566176
318 0.566123
319 0.56572
320 0.565633
321 0.566478
322 0.566058
323 0.565717
324 0.566263
325 0.566477
326 0.565628
327 0.566665
328 0.565976
329 0.565941
330 0.565955
331 0.566735
332 0.566791
333 0.566727
334 0.566302
335 0.565685
336 0.56696
337 0.56609
338 0.566975
339 0.56565
340 0.565725
341 0.565549
342 0.565907
343 0.564987
344 0.567112
345 0.566172
346 0.566016
347 0.566512
348 0.56665
349 0.565275
350 0.565959
351 0.565949
352 0.565927
353 0.566386
354 0.566715
355 0.566134
356 0.566732
357 0.567764
358 0.566374
359 0.566236
360 0.566332
361 0.566695
362 0.566447
363 0.566208
364 0.56646
365 0.565587
366 0.566539
367 0.565804
368 0.5656
369 0.565636
370 0.566357
371 0.565681
372 0.565352
373 0.566139
374 0.56551
375 0.56641
376 0.566731
377 0.56585
378 0.565894
379 0.566063
380 0.565809
381 0.566594
382 0.566693
383 0.565538
384 0.566336
385 0.566978
386 0.566368
387 0.565888
388 0.565753
389 0.566672
390 0.566658
391 0.566693
392 0.566972
393 0.566958
394 0.566311
395 0.566301
396 0.566335
397 0.566604
398 0.565915
399 0.566948
400 0.566488
