1 0.100204
2 0.100603
3 0.100559
4 0.1004
5 0.100192
6 0.100107
7 0.100841
8 0.10203
9 0.103491
10 0.105123
11 0.106835
12 0.108729
13 0.110703
14 0.112782
15 0.114868
16 0.117065
17 0.119307
18 0.121557
19 0.123906
20 0.12625
21 0.128653
22 0.131107
23 0.133578
24 0.136139
25 0.138689
26 0.141249
27 0.143794
28 0.146352
29 0.148956
30 0.151569
31 0.154136
32 0.15676
33 0.159326
34 0.16193
35 0.164549
36 0.167094
37 0.169603
38 0.17214
39 0.174673
40 0.177131
41 0.179635
42 0.182069
43 0.184506
44 0.186888
45 0.189281
46 0.191618
47 0.193929
48 0.196264
49 0.198558
50 0.200818
51 0.203025
52 0.205251
53 0.207444
54 0.209628
55 0.211753
56 0.213885
57 0.21599
58 0.218039
59 0.220091
60 0.222132
61 0.224136
62 0.226121
63 0.22814
64 0.230054
65 0.232009
66 0.233884
67 0.235797
68 0.237652
69 0.239517
70 0.241367
71 0.243177
72 0.244981
73 0.246742
74 0.248522
75 0.250274
76 0.252019
77 0.25375
78 0.255467
79 0.257163
80 0.258831
81 0.260502
82 0.262148
83 0.263772
84 0.265411
85 0.267017
86 0.268624
87 0.2702
88 0.271777
89 0.273332
90 0.274879
91 0.276429
92 0.27793
93 0.279396
94 0.280948
95 0.282431
96 0.28391
97 0.285362
98 0.286828
99 0.288265
100 0.289699
101 0.291128
102 0.292531
103 0.293948
104 0.295339
105 0.296749
106 0.298106
107 0.29947
108 0.300818
109 0.302169
110 0.303503
111 0.304833
112 0.30615
113 0.307445
114 0.308784
115 0.31006
116 0.311342
117 0.312643
118 0.313883
119 0.315142
120 0.316401
121 0.31764
122 0.318881
123 0.320116
124 0.321338
125 0.322543
126 0.323748
127 0.324951
128 0.326134
129 0.327329
130 0.3285
131 0.32967
132 0.330827
133 0.331974
134 0.333121
135 0.334263
136 0.335395
137 0.336524
138 0.337651
139 0.338765
140 0.339875
141 0.340977
142 0.342073
143 0.343164
144 0.344246
145 0.345319
146 0.346389
147 0.347481
148 0.348539
149 0.349584
150 0.350635
151 0.351687
152 0.35272
153 0.353751
154 0.354782
155 0.355808
156 0.356825
157 0.357839
158 0.358848
159 0.359848
160 0.360847
161 0.361834
162 0.36282
163 0.363802
164 0.36477
165 0.365745
166 0.366714
167 0.367673
168 0.368625
169 0.369573
170 0.370517
171 0.371484
172 0.372403
173 0.373335
174 0.37426
175 0.375181
176 0.376097
177 0.377007
178 0.37793
179 0.378826
180 0.379729
181 0.38063
182 0.381528
183 0.382414
184 0.383298
185 0.38418
186 0.38507
187 0.385936
188 0.386802
189 0.387669
190 0.388528
191 0.389384
192 0.390236
193 0.391086
194 0.391931
195 0.392789
196 0.393605
197 0.394442
198 0.395265
199 0.396082
200 0.396903
201 0.397723
202 0.398532
203 0.399345
204 0.400146
205 0.400974
206 0.401757
207 0.402553
208 0.403345
209 0.404131
210 0.404928
211 0.405703
212 0.406478
213 0.407253
214 0.408025
215 0.408796
216 0.409558
217 0.410323
218 0.411078
219 0.411832
220 0.412591
221 0.413341
222 0.414089
223 0.414831
224 0.415569
225 0.416306
226 0.417036
227 0.41777
228 0.41849
229 0.419219
230 0.419942
231 0.420659
232 0.421374
233 0.422091
234 0.422809
235 0.423511
236 0.42421
237 0.424913
238 0.425611
239 0.426309
240 0.427002
241 0.427681
242 0.428382
243 0.429069
244 0.429754
245 0.430434
246 0.431109
247 0.431785
248 0.432458
249 0.433123
250 0.433791
251 0.434459
252 0.43512
253 0.435777
254 0.436432
255 0.437077
256 0.437743
257 0.438405
258 0.439046
259 0.439689
260 0.440332
261 0.440969
262 0.441605
263 0.442239
264 0.442872
265 0.4435
266 0.444125
267 0.444755
268 0.445375
269 0.445995
270 0.446616
271 0.44723
272 0.447848
273 0.448469
274 0.449068
275 0.449679
276 0.450285
277 0.450889
278 0.451492
279 0.452087
280 0.452687
281 0.453282
282 0.453879
283 0.454468
284 0.455056
285 0.455645
286 0.45623
287 0.456812
288 0.457394
289 0.457974
290 0.458551
291 0.459129
292 0.459704
293 0.460262
294 0.460839
295 0.461406
296 0.461972
297 0.462538
298 0.463098
299 0.463658
300 0.464214
301 0.46477
302 0.46533
303 0.465881
304 0.466431
305 0.46698
306 0.467527
307 0.46807
308 0.468617
309 0.469158
310 0.469697
311 0.470234
312 0.47077
313 0.471306
314 0.471838
315 0.472374
316 0.472896
317 0.473425
318 0.473952
319 0.474476
320 0.474997
321 0.475519
322 0.476038
323 0.476555
324 0.477068
325 0.477582
326 0.478096
327 0.478604
328 0.47911
329 0.479614
330 0.480125
331 0.480627
332 0.481131
333 0.481628
334 0.482132
335 0.482628
336 0.483124
337 0.48362
338 0.484114
339 0.484604
340 0.485093
341 0.485598
342 0.486076
343 0.486561
344 0.487045
345 0.487529
346 0.488013
347 0.488493
348 0.488971
349 0.489447
350 0.489924
351 0.490401
352 0.490871
353 0.491345
354 0.491808
355 0.492277
356 0.492746
357 0.493208
358 0.493672
359 0.494139
360 0.4946
361 0.49506
362 0.495518
363 0.495975
364 0.496435
365 0.496889
366 0.497346
367 0.497795
368 0.49825
369 0.4987
370 0.49915
371 0.499598
372 0.500047
373 0.500485
374 0.500927
375 0.501369
376 0.501812
377 0.50225
378 0.502691
379 0.503126
380 0.503562
381 0.503995
382 0.50443
383 0.504858
384 0.505294
385 0.505727
386 0.506153
387 0.50658
388 0.507007
389 0.507431
390 0.507861
391 0.508278
392 0.508702
393 0.509123
394 0.509542
395 0.50996
396 0.510378
397 0.510794
398 0.511207
399 0.511623
400 0.512034
