1 0.5
2 0.355873
3 0.29264
4 0.255158
5 0.230036
6 0.211218
7 0.196729
8 0.185427
9 0.175867
10 0.16808
11 0.161273
12 0.15534
13 0.150256
14 0.145437
15 0.141715
16 0.137913
17 0.134761
18 0.131588
19 0.129104
20 0.126717
21 0.124114
22 0.122302
23 0.120374
24 0.118499
25 0.117064
26 0.115727
27 0.114265
28 0.112806
29 0.112113
30 0.110984
31 0.109685
32 0.108756
33 0.107829
34 0.107623
35 0.106511
36 0.105518
37 0.104921
38 0.104468
39 0.104152
40 0.103703
41 0.103373
42 0.102368
43 0.102207
44 0.102255
45 0.101727
46 0.101136
47 0.100848
48 0.100616
49 0.100606
50 0.100449
51 0.100321
52 0.0999022
53 0.0997792
54 0.0992204
55 0.0994471
56 0.0992245
57 0.0994531
58 0.099168
59 0.0988445
60 0.0986759
61 0.0985704
62 0.0982969
63 0.0982453
64 0.0978498
65 0.0983778
66 0.0980127
67 0.0981255
68 0.097969
69 0.0979617
70 0.0977994
71 0.0976999
72 0.0975107
73 0.0968342
74 0.0975474
75 0.0973431
76 0.0975789
77 0.097535
78 0.0975912
79 0.0976138
80 0.0974997
81 0.0973797
82 0.0977641
83 0.0974077
84 0.0972276
85 0.0978882
86 0.0973344
87 0.0973507
88 0.0974713
89 0.0973599
90 0.0971965
91 0.0973451
92 0.0971864
93 0.0970334
94 0.0972771
95 0.0971281
96 0.097071
97 0.0971494
98 0.0973221
99 0.0971595
100 0.097197
101 0.0970805
102 0.0977811
103 0.0971595
104 0.0972783
105 0.0971114
106 0.0971074
107 0.097275
108 0.097121
109 0.0969858
110 0.0973405
111 0.0971408
112 0.0972164
113 0.0969521
114 0.0970606
115 0.0971879
116 0.0973489
117 0.0974656
118 0.0975101
119 0.0971229
120 0.0972707
121 0.0971897
122 0.0971269
123 0.097216
124 0.0973071
125 0.0971893
126 0.0969833
127 0.0972544
128 0.0972233
129 0.0973448
130 0.0971605
131 0.0973547
132 0.0973604
133 0.0971278
134 0.097393
135 0.0973873
136 0.097299
137 0.0973019
138 0.0973315
139 0.0971068
140 0.0973832
141 0.0973795
142 0.0973073
143 0.0974222
144 0.0972815
145 0.0974037
146 0.0973642
147 0.0972497
148 0.0973307
149 0.09735
150 0.0972451
151 0.0973269
152 0.0973388
153 0.097307
154 0.0973964
155 0.097424
156 0.0973784
157 0.097383
158 0.0974272
159 0.0974514
160 0.0974219
161 0.097424
162 0.0974147
163 0.0973927
164 0.0974771
165 0.0975022
166 0.097378
167 0.0974507
168 0.0974508
169 0.0974167
170 0.0981427
171 0.0986005
172 0.0974872
173 0.0974569
174 0.0974577
175 0.0976331
176 0.0975286
177 0.0974724
178 0.0974191
179 0.0976054
180 0.0975598
181 0.097415
182 0.0974643
183 0.0975236
184 0.0976178
185 0.0975715
186 0.0973165
187 0.0977662
188 0.0975728
189 0.0975592
190 0.0974529
191 0.0976756
192 0.0973832
193 0.0976273
194 0.097619
195 0.0977557
196 0.0976236
197 0.0979687
198 0.0976643
199 0.097707
200 0.0976257
201 0.0976198
202 0.0976385
203 0.0976663
204 0.097555
205 0.0977392
206 0.0976124
207 0.0978067
208 0.097697
209 0.0975324
210 0.0975417
211 0.0976163
212 0.0976781
213 0.0976707
214 0.0978029
215 0.0977313
216 0.0976292
217 0.0976295
218 0.0976277
219 0.0976672
220 0.0977357
221 0.0976828
222 0.0976955
223 0.097706
224 0.0977894
225 0.0976689
226 0.0977424
227 0.097846
228 0.0977343
229 0.0978153
230 0.09776
231 0.0978037
232 0.0977773
233 0.0978622
234 0.0976895
235 0.0977031
236 0.0977836
237 0.0976881
238 0.0975902
239 0.0978987
240 0.0977603
241 0.0976941
242 0.0977967
243 0.0978038
244 0.0977412
245 0.0977421
246 0.0977196
247 0.0977392
248 0.097843
249 0.097831
250 0.0978549
251 0.0977093
252 0.0977578
253 0.0978404
254 0.0977816
255 0.0983813
256 0.0978911
257 0.0971908
258 0.0978297
259 0.0977218
260 0.0977051
261 0.0977421
262 0.0977808
263 0.097759
264 0.0978259
265 0.0976877
266 0.097736
267 0.097906
268 0.0978497
269 0.0976665
270 0.0978057
271 0.0976225
272 0.0978232
273 0.0980034
274 0.0977241
275 0.0977595
276 0.0977199
277 0.0978148
278 0.0976578
279 0.0976765
280 0.0978364
281 0.0977305
282 0.097866
283 0.0977311
284 0.0978072
285 0.0976308
286 0.0977604
287 0.0976506
288 0.0976948
289 0.0977136
290 0.0978054
291 0.0977589
292 0.0978431
293 0.0978453
294 0.0976532
295 0.0976552
296 0.0976356
297 0.0977833
298 0.0977958
299 0.0977282
300 0.0977089
301 0.0976668
302 0.0976402
303 0.0977145
304 0.0977514
305 0.0977386
306 0.0976518
307 0.0972158
308 0.0976886
309 0.0976743
310 0.0977083
311 0.0976152
312 0.0976569
313 0.0976778
314 0.0976854
315 0.0978147
316 0.0976933
317 0.0978354
318 0.0977618
319 0.0976588
320 0.0975361
321 0.0977769
322 0.0977019
323 0.0975584
324 0.097693
325 0.0976521
326 0.0975633
327 0.0975092
328 0.097636
329 0.0976683
330 0.0976015
331 0.0974409
332 0.097679
333 0.0976752
334 0.0974731
335 0.0976099
336 0.0976537
337 0.0975601
338 0.0975743
339 0.0976598
340 0.0975698
341 0.0977224
342 0.0976685
343 0.0975747
344 0.0976561
345 0.097806
346 0.0974997
347 0.0976556
348 0.097511
349 0.0975459
350 0.0976366
351 0.0976048
352 0.0974721
353 0.097615
354 0.0975929
355 0.0976033
356 0.0976089
357 0.0973729
358 0.097588
359 0.0975917
360 0.097576
361 0.0976092
362 0.0974418
363 0.0976001
364 0.0974372
365 0.0976115
366 0.0974542
367 0.0974658
368 0.0976747
369 0.097386
370 0.0975526
371 0.0974507
372 0.0975349
373 0.0975304
374 0.0976302
375 0.0974334
376 0.0974821
377 0.0975208
378 0.0974638
379 0.0974614
380 0.0974756
381 0.0975854
382 0.0973703
383 0.0975653
384 0.0974964
385 0.0975314
386 0.0973936
387 0.097543
388 0.0973631
389 0.0974704
390 0.0973916
391 0.097473
392 0.0974768
393 0.0974667
394 0.0974698
395 0.0974745
396 0.0974838
397 0.0973174
398 0.0974976
399 0.0972918
400 0.0974517
