1 0.783933
2 0.783933
3 0.783933
4 0.783933
5 0.783933
6 0.783933
7 0.783933
8 0.783933
9 0.783933
10 0.783933
11 0.783933
12 0.783933
13 0.783933
14 0.783933
15 0.783933
16 0.783933
17 0.783933
18 0.783933
19 0.783933
20 0.783933
21 0.783933
22 0.783933
23 0.783933
24 0.783933
25 0.783933
26 0.783933
27 0.783933
28 0.783933
29 0.783933
30 0.783933
31 0.783933
32 0.783933
33 0.783933
34 0.783933
35 0.783933
36 0.783933
37 0.783933
38 0.783933
39 0.783933
40 0.783933
41 0.783933
42 0.783933
43 0.783933
44 0.783933
45 0.783933
46 0.783933
47 0.783933
48 0.783933
49 0.783933
50 0.783933
51 0.783933
52 0.783933
53 0.783933
54 0.783933
55 0.783933
56 0.783933
57 0.783933
58 0.783933
59 0.783933
60 0.783933
61 0.783933
62 0.783933
63 0.783933
64 0.783933
65 0.783933
66 0.783933
67 0.783933
68 0.783933
69 0.783933
70 0.783933
71 0.783933
72 0.783933
73 0.783933
74 0.783933
75 0.783933
76 0.783933
77 0.783933
78 0.783933
79 0.783933
80 0.783933
81 0.783933
82 0.783933
83 0.783933
84 0.783933
85 0.783933
86 0.783933
87 0.783933
88 0.783933
89 0.783933
90 0.783933
91 0.783933
92 0.783933
93 0.783933
94 0.783933
95 0.783933
96 0.783933
97 0.783933
98 0.783933
99 0.783933
100 0.783933
101 0.783933
102 0.783933
103 0.783933
104 0.783933
105 0.783933
106 0.783933
107 0.783933
108 0.783933
109 0.783933
110 0.783933
111 0.783933
112 0.783933
113 0.783933
114 0.783933
115 0.783933
116 0.783933
117 0.783933
118 0.783933
119 0.783933
120 0.783933
121 0.783933
122 0.783933
123 0.783933
124 0.783933
125 0.783933
126 0.783933
127 0.783933
128 0.783933
129 0.783933
130 0.783933
131 0.783933
132 0.783933
133 0.783933
134 0.783933
135 0.783933
136 0.783933
137 0.783933
138 0.783933
139 0.783933
140 0.783933
141 0.783933
142 0.783933
143 0.783933
144 0.783933
145 0.783933
146 0.783933
147 0.783933
148 0.783933
149 0.783933
150 0.783933
151 0.783933
152 0.783933
153 0.783933
154 0.783933
155 0.783933
156 0.783933
157 0.783933
158 0.783933
159 0.783933
160 0.783933
161 0.783933
162 0.783933
163 0.783933
164 0.783933
165 0.783933
166 0.783933
167 0.783933
168 0.783933
169 0.783933
170 0.783933
171 0.783933
172 0.783933
173 0.783933
174 0.783933
175 0.783933
176 0.783933
177 0.783933
178 0.783933
179 0.783933
180 0.783933
181 0.783933
182 0.783933
183 0.783933
184 0.783933
185 0.783933
186 0.783933
187 0.783933
188 0.783933
189 0.783933
190 0.783933
191 0.783933
192 0.783933
193 0.783933
194 0.783933
195 0.783933
196 0.783933
197 0.783933
198 0.783933
199 0.783933
200 0.783933
201 0.783933
202 0.783933
203 0.783933
204 0.783933
205 0.783933
206 0.783933
207 0.783933
208 0.783933
209 0.783933
210 0.783933
211 0.783933
212 0.783933
213 0.783933
214 0.783933
215 0.783933
216 0.783933
217 0.783933
218 0.783933
219 0.783933
220 0.783933
221 0.783933
222 0.783933
223 0.783933
224 0.783933
225 0.783933
226 0.783933
227 0.783933
228 0.783933
229 0.783933
230 0.783933
231 0.783933
232 0.783933
233 0.783933
234 0.783933
235 0.783933
236 0.783933
237 0.783933
238 0.783933
239 0.783933
240 0.783933
241 0.783933
242 0.783933
243 0.783933
244 0.783933
245 0.783933
246 0.783933
247 0.783933
248 0.783933
249 0.783933
250 0.783933
251 0.783933
252 0.783933
253 0.783933
254 0.783933
255 0.783933
256 0.783933
257 0.783933
258 0.783933
259 0.783933
260 0.783933
261 0.783933
262 0.783933
263 0.783933
264 0.783933
265 0.783933
266 0.783933
267 0.783933
268 0.783933
269 0.783933
270 0.783933
271 0.783933
272 0.783933
273 0.783933
274 0.783933
275 0.783933
276 0.783933
277 0.783933
278 0.783933
279 0.783933
280 0.783933
281 0.783933
282 0.783933
283 0.783933
284 0.783933
285 0.783933
286 0.783933
287 0.783933
288 0.783933
289 0.783933
290 0.783933
291 0.783933
292 0.783933
293 0.783933
294 0.783933
295 0.783933
296 0.783933
297 0.783933
298 0.783933
299 0.783933
300 0.783933
301 0.783933
302 0.783933
303 0.783933
304 0.783933
305 0.783933
306 0.783933
307 0.783933
308 0.783933
309 0.783933
310 0.783933
311 0.783933
312 0.783933
313 0.783933
314 0.783933
315 0.783933
316 0.783933
317 0.783933
318 0.783933
319 0.783933
320 0.783933
321 0.783933
322 0.783933
323 0.783933
324 0.783933
325 0.783933
326 0.783933
327 0.783933
328 0.783933
329 0.783933
330 0.783933
331 0.783933
332 0.783933
333 0.783933
334 0.783933
335 0.783933
336 0.783933
337 0.783933
338 0.783933
339 0.783933
340 0.783933
341 0.783933
342 0.783933
343 0.783933
344 0.783933
345 0.783933
346 0.783933
347 0.783933
348 0.783933
349 0.783933
350 0.783933
351 0.783933
352 0.783933
353 0.783933
354 0.783933
355 0.783933
356 0.783933
357 0.783933
358 0.783933
359 0.783933
360 0.783933
361 0.783933
362 0.783933
363 0.783933
364 0.783933
365 0.783933
366 0.783933
367 0.783933
368 0.783933
369 0.783933
370 0.783933
371 0.783933
372 0.783933
373 0.783933
374 0.783933
375 0.783933
376 0.783933
377 0.783933
378 0.783933
379 0.783933
380 0.783933
381 0.783933
382 0.783933
383 0.783933
384 0.783933
385 0.783933
386 0.783933
387 0.783933
388 0.783933
389 0.783933
390 0.783933
391 0.783933
392 0.783933
393 0.783933
394 0.783933
395 0.783933
396 0.783933
397 0.783933
398 0.783933
399 0.783933
400 0.783933
