1 0.5
2 0.353545
3 0.288792
4 0.250242
5 0.223919
6 0.20408
7 0.188824
8 0.176773
9 0.166659
10 0.158201
11 0.151766
12 0.146121
13 0.141454
14 0.136966
15 0.133492
16 0.129979
17 0.127095
18 0.12427
19 0.122037
20 0.120054
21 0.117874
22 0.11644
23 0.114743
24 0.113025
25 0.111573
26 0.110179
27 0.108515
28 0.106988
29 0.105917
30 0.104481
31 0.10303
32 0.101717
33 0.100513
34 0.0996934
35 0.0984031
36 0.0970658
37 0.0959384
38 0.0951599
39 0.0942644
40 0.093316
41 0.0925388
42 0.0913102
43 0.0905472
44 0.0901264
45 0.0892647
46 0.0882703
47 0.0875061
48 0.0869694
49 0.0865099
50 0.0859236
51 0.0852811
52 0.0846168
53 0.084255
54 0.0833478
55 0.0831846
56 0.0826397
57 0.0822884
58 0.08192
59 0.0812803
60 0.0809169
61 0.0805259
62 0.0800154
63 0.0796181
64 0.0790462
65 0.0793632
66 0.0790173
67 0.0787599
68 0.0785232
69 0.0781811
70 0.0780857
71 0.0778129
72 0.0773465
73 0.0770416
74 0.0771368
75 0.0770526
76 0.0771689
77 0.0768268
78 0.0767552
79 0.0768727
80 0.0765722
81 0.0764831
82 0.0766747
83 0.0763885
84 0.0762122
85 0.0764616
86 0.0759428
87 0.0760767
88 0.0760109
89 0.0758745
90 0.0758309
91 0.0757133
92 0.0754539
93 0.0753618
94 0.0753527
95 0.0753649
96 0.0751321
97 0.0749536
98 0.07516
99 0.0749124
100 0.0748362
101 0.0745921
102 0.0747499
103 0.0743537
104 0.0742527
105 0.0741064
106 0.0739583
107 0.0739587
108 0.0735994
109 0.0732831
110 0.0734005
111 0.0728857
112 0.0728198
113 0.0726207
114 0.0722473
115 0.0721143
116 0.0720066
117 0.0717373
118 0.071444
119 0.0711533
120 0.070717
121 0.0703782
122 0.0701638
123 0.0698991
124 0.0694562
125 0.0690001
126 0.0686278
127 0.0684311
128 0.0679053
129 0.0675149
130 0.0670752
131 0.066952
132 0.0666305
133 0.0660363
134 0.0657008
135 0.0652842
136 0.0648656
137 0.0646078
138 0.0639569
139 0.0634108
140 0.0634904
141 0.0629317
142 0.0628495
143 0.0624167
144 0.0619069
145 0.0619319
146 0.0613456
147 0.0611556
148 0.0609032
149 0.0604757
150 0.0605045
151 0.0601872
152 0.060008
153 0.0597546
154 0.0594992
155 0.0595578
156 0.0591398
157 0.0590651
158 0.0591204
159 0.059083
160 0.0588072
161 0.0585838
162 0.0584942
163 0.0583223
164 0.0586398
165 0.0582852
166 0.0581265
167 0.0582415
168 0.0580752
169 0.0576655
170 0.0586479
171 0.0584815
172 0.0572964
173 0.0579894
174 0.0579483
175 0.058115
176 0.0580223
177 0.0580649
178 0.0578317
179 0.0581649
180 0.0578304
181 0.0578186
182 0.0578778
183 0.0579681
184 0.0579815
185 0.0578144
186 0.057532
187 0.0584162
188 0.0580126
189 0.057974
190 0.0580962
191 0.058011
192 0.0579272
193 0.0583693
194 0.05818
195 0.058456
196 0.0584998
197 0.0584348
198 0.0583963
199 0.0584626
200 0.0584667
201 0.058442
202 0.058429
203 0.0587083
204 0.0584343
205 0.0594007
206 0.0583757
207 0.0587829
208 0.0587258
209 0.0585703
210 0.0585551
211 0.0588668
212 0.0588878
213 0.0586903
214 0.0591473
215 0.0589272
216 0.0588267
217 0.0590911
218 0.0589785
219 0.0587799
220 0.0591398
221 0.0592407
222 0.0590189
223 0.0591597
224 0.0593191
225 0.0590921
226 0.0593533
227 0.0596963
228 0.0596466
229 0.05942
230 0.0593485
231 0.0594604
232 0.0597077
233 0.059789
234 0.0595278
235 0.0595618
236 0.0596401
237 0.0596431
238 0.0596798
239 0.0598105
240 0.0597442
241 0.0599362
242 0.0599307
243 0.0599985
244 0.0599883
245 0.0603279
246 0.060207
247 0.0601303
248 0.0602154
249 0.0602093
250 0.0603255
251 0.0602251
252 0.0600802
253 0.0602958
254 0.0607398
255 0.0613238
256 0.0604654
257 0.0591914
258 0.0598254
259 0.060326
260 0.0603188
261 0.0604057
262 0.0603859
263 0.0608383
264 0.0607071
265 0.060587
266 0.0607368
267 0.0610212
268 0.0608662
269 0.0606482
270 0.060588
271 0.0604971
272 0.06079
273 0.0608417
274 0.0609724
275 0.0610374
276 0.060792
277 0.0609538
278 0.0606307
279 0.0610093
280 0.0611322
281 0.0611393
282 0.0611135
283 0.060978
284 0.0612182
285 0.0611793
286 0.0612973
287 0.0610781
288 0.0610234
289 0.0613544
290 0.061589
291 0.0611257
292 0.0610954
293 0.0611179
294 0.0612686
295 0.061094
296 0.0614202
297 0.0613835
298 0.0613534
299 0.061513
300 0.0615246
301 0.0613867
302 0.0615024
303 0.0614311
304 0.0613651
305 0.0617362
306 0.0614982
307 0.0612048
308 0.0614975
309 0.0614643
310 0.0617941
311 0.0615893
312 0.0617492
313 0.0616599
314 0.061797
315 0.0618216
316 0.0617903
317 0.0619576
318 0.0617492
319 0.0620124
320 0.0617613
321 0.0621334
322 0.0618177
323 0.0619692
324 0.0619454
325 0.0619473
326 0.0619011
327 0.0619434
328 0.0621996
329 0.0619846
330 0.0621457
331 0.0619677
332 0.0621082
333 0.0621799
334 0.0620336
335 0.0621792
336 0.0620617
337 0.0621701
338 0.0621874
339 0.0622262
340 0.0622702
341 0.0618652
342 0.0622834
343 0.0624683
344 0.0623355
345 0.0624406
346 0.0622903
347 0.0624046
348 0.0623663
349 0.0623955
350 0.0624671
351 0.0626793
352 0.0624673
353 0.0624377
354 0.0626866
355 0.0625486
356 0.0625953
357 0.0625196
358 0.0626046
359 0.062656
360 0.0625424
361 0.0627365
362 0.0625772
363 0.0626476
364 0.0626669
365 0.062625
366 0.0625689
367 0.0625653
368 0.0627878
369 0.0627923
370 0.0626079
371 0.0629511
372 0.0626027
373 0.0627615
374 0.0630998
375 0.0627085
376 0.0627833
377 0.0631027
378 0.0627589
379 0.0628391
380 0.0629516
381 0.0628981
382 0.0628279
383 0.0632711
384 0.0629864
385 0.0628025
386 0.0631265
387 0.063072
388 0.0630136
389 0.0633153
390 0.0628877
391 0.0630864
392 0.0631024
393 0.0633257
394 0.0631952
395 0.0631065
396 0.063211
397 0.0632798
398 0.0633638
399 0.0630377
400 0.0632397
