1 0.262183
2 0.262177
3 0.262168
4 0.262188
5 0.262159
6 0.26216
7 0.261762
8 0.261126
9 0.260338
10 0.259464
11 0.258566
12 0.257621
13 0.25666
14 0.255683
15 0.254675
16 0.253626
17 0.252581
18 0.251516
19 0.250443
20 0.249371
21 0.2483
22 0.247227
23 0.246152
24 0.245084
25 0.244029
26 0.242981
27 0.241953
28 0.240927
29 0.23993
30 0.23895
31 0.238003
32 0.237084
33 0.236193
34 0.235327
35 0.234483
36 0.233669
37 0.232881
38 0.232113
39 0.231362
40 0.230638
41 0.229929
42 0.229241
43 0.228569
44 0.227914
45 0.227268
46 0.226643
47 0.226027
48 0.225432
49 0.224844
50 0.224265
51 0.223688
52 0.223117
53 0.222559
54 0.222006
55 0.221455
56 0.220915
57 0.220381
58 0.21985
59 0.219327
60 0.218808
61 0.218288
62 0.217778
63 0.217275
64 0.216775
65 0.216279
66 0.215785
67 0.215293
68 0.214806
69 0.214325
70 0.213843
71 0.213365
72 0.21289
73 0.212419
74 0.211949
75 0.211481
76 0.211017
77 0.210557
78 0.2101
79 0.209642
80 0.209188
81 0.208737
82 0.208291
83 0.20785
84 0.207409
85 0.20697
86 0.206532
87 0.206096
88 0.205663
89 0.205233
90 0.204805
91 0.20438
92 0.203958
93 0.203537
94 0.20312
95 0.202703
96 0.20229
97 0.201878
98 0.201466
99 0.201059
100 0.200653
101 0.200247
102 0.199846
103 0.199445
104 0.199048
105 0.198652
106 0.198255
107 0.197863
108 0.197473
109 0.197084
110 0.196697
111 0.196312
112 0.195929
113 0.195545
114 0.195166
115 0.194789
116 0.194412
117 0.194037
118 0.193665
119 0.193294
120 0.192924
121 0.192555
122 0.192189
123 0.191825
124 0.191463
125 0.1911
126 0.190738
127 0.190381
128 0.190022
129 0.18967
130 0.189315
131 0.188962
132 0.188612
133 0.188261
134 0.187911
135 0.187564
136 0.187217
137 0.186872
138 0.186529
139 0.186188
140 0.185847
141 0.185508
142 0.18517
143 0.184835
144 0.184498
145 0.184165
146 0.183833
147 0.183502
148 0.183173
149 0.182844
150 0.182517
151 0.182193
152 0.181868
153 0.181546
154 0.181225
155 0.180905
156 0.180586
157 0.180268
158 0.17995
159 0.179637
160 0.179323
161 0.179011
162 0.178699
163 0.178388
164 0.178079
165 0.177772
166 0.177465
167 0.17716
168 0.176854
169 0.176551
170 0.176249
171 0.175948
172 0.175648
173 0.175349
174 0.175052
175 0.174756
176 0.17446
177 0.174166
178 0.173873
179 0.173581
180 0.173291
181 0.173001
182 0.172713
183 0.172425
184 0.172137
185 0.171852
186 0.171567
187 0.171282
188 0.171
189 0.170718
190 0.170438
191 0.170159
192 0.169881
193 0.169602
194 0.169327
195 0.169051
196 0.168777
197 0.168504
198 0.168232
199 0.167961
200 0.16769
201 0.16742
202 0.167152
203 0.166884
204 0.166617
205 0.166352
206 0.166087
207 0.165823
208 0.165561
209 0.165299
210 0.165038
211 0.164779
212 0.164519
213 0.164262
214 0.164004
215 0.163748
216 0.163493
217 0.163239
218 0.162985
219 0.162732
220 0.16248
221 0.162229
222 0.161978
223 0.161729
224 0.161481
225 0.161233
226 0.160986
227 0.160741
228 0.160496
229 0.160252
230 0.160008
231 0.159766
232 0.159525
233 0.159284
234 0.159044
235 0.158805
236 0.158567
237 0.158329
238 0.158092
239 0.157856
240 0.15762
241 0.157385
242 0.157151
243 0.156917
244 0.156685
245 0.156454
246 0.156224
247 0.155994
248 0.155765
249 0.155537
250 0.155309
251 0.155082
252 0.154856
253 0.154631
254 0.154406
255 0.154183
256 0.153959
257 0.153737
258 0.153516
259 0.153295
260 0.153075
261 0.152855
262 0.152637
263 0.152419
264 0.152202
265 0.151985
266 0.151768
267 0.151553
268 0.151339
269 0.151125
270 0.150912
271 0.150699
272 0.150488
273 0.150276
274 0.150066
275 0.149855
276 0.149646
277 0.149438
278 0.14923
279 0.149023
280 0.148816
281 0.148611
282 0.148404
283 0.1482
284 0.147996
285 0.147793
286 0.147589
287 0.147386
288 0.147185
289 0.146984
290 0.146783
291 0.146583
292 0.146384
293 0.146185
294 0.145987
295 0.14579
296 0.145592
297 0.145397
298 0.1452
299 0.145005
300 0.144811
301 0.144617
302 0.144424
303 0.144231
304 0.144038
305 0.143847
306 0.143655
307 0.143465
308 0.143274
309 0.143086
310 0.142897
311 0.14271
312 0.142522
313 0.142335
314 0.142149
315 0.141964
316 0.141779
317 0.141594
318 0.14141
319 0.141226
320 0.141043
321 0.14086
322 0.140678
323 0.140497
324 0.140316
325 0.140136
326 0.139955
327 0.139776
328 0.139598
329 0.139419
330 0.139242
331 0.139064
332 0.138887
333 0.13871
334 0.138535
335 0.13836
336 0.138185
337 0.138011
338 0.137837
339 0.137664
340 0.137491
341 0.137319
342 0.137147
343 0.136975
344 0.136805
345 0.136634
346 0.136465
347 0.136296
348 0.136127
349 0.135959
350 0.135791
351 0.135624
352 0.135457
353 0.135291
354 0.135125
355 0.134959
356 0.134794
357 0.13463
358 0.134466
359 0.134302
360 0.134139
361 0.133976
362 0.133814
363 0.133652
364 0.13349
365 0.133329
366 0.133169
367 0.133009
368 0.13285
369 0.13269
370 0.132532
371 0.132373
372 0.132215
373 0.132058
374 0.131901
375 0.131745
376 0.131589
377 0.131433
378 0.131278
379 0.131123
380 0.130969
381 0.130814
382 0.13066
383 0.130507
384 0.130354
385 0.130202
386 0.13005
387 0.129898
388 0.129746
389 0.129595
390 0.129445
391 0.129294
392 0.129145
393 0.128996
394 0.128847
395 0.128698
396 0.12855
397 0.128402
398 0.128255
399 0.128108
400 0.127962
