1 0.066666
2 0.066393
3 0.066522
4 0.066669
5 0.066675
6 0.066585
7 0.069478
8 0.072159
9 0.07466
10 0.077086
11 0.078594
12 0.081515
13 0.084036
14 0.086033
15 0.088952
16 0.092333
17 0.094592
18 0.097446
19 0.100121
20 0.103161
21 0.106053
22 0.109271
23 0.112364
24 0.11598
25 0.11835
26 0.121321
27 0.123572
28 0.127819
29 0.129626
30 0.131512
31 0.134029
32 0.136103
33 0.138217
34 0.13958
35 0.141395
36 0.14352
37 0.144232
38 0.145629
39 0.147821
40 0.148392
41 0.150741
42 0.151189
43 0.152839
44 0.15432
45 0.156167
46 0.157047
47 0.158122
48 0.158987
49 0.160062
50 0.16203
51 0.163656
52 0.165368
53 0.166745
54 0.168076
55 0.169864
56 0.17122
57 0.172867
58 0.173753
59 0.175437
60 0.177175
61 0.178466
62 0.179893
63 0.181448
64 0.182215
65 0.184136
66 0.1856
67 0.186985
68 0.188837
69 0.189991
70 0.19189
71 0.192898
72 0.194786
73 0.196545
74 0.197751
75 0.199699
76 0.20115
77 0.202152
78 0.203443
79 0.205502
80 0.207282
81 0.208464
82 0.209959
83 0.210601
84 0.212813
85 0.214282
86 0.2154
87 0.217328
88 0.21841
89 0.220574
90 0.221206
91 0.222614
92 0.224351
93 0.225716
94 0.226821
95 0.228623
96 0.229314
97 0.23093
98 0.233078
99 0.233803
100 0.235378
101 0.237279
102 0.238411
103 0.239588
104 0.241285
105 0.24265
106 0.244752
107 0.245041
108 0.246822
109 0.248312
110 0.249504
111 0.251013
112 0.252334
113 0.254144
114 0.254528
115 0.255788
116 0.257328
117 0.258658
118 0.260298
119 0.261254
120 0.262515
121 0.264573
122 0.265836
123 0.266917
124 0.267859
125 0.269326
126 0.270722
127 0.272168
128 0.274208
129 0.274015
130 0.27586
131 0.277971
132 0.278048
133 0.27986
134 0.281188
135 0.282755
136 0.283836
137 0.285047
138 0.286121
139 0.287239
140 0.288941
141 0.289989
142 0.290813
143 0.291974
144 0.293601
145 0.294612
146 0.29661
147 0.297414
148 0.298374
149 0.299434
150 0.301367
151 0.301462
152 0.303705
153 0.30431
154 0.305784
155 0.306935
156 0.307905
157 0.309186
158 0.310484
159 0.311173
160 0.311901
161 0.313479
162 0.315285
163 0.316255
164 0.31777
165 0.318058
166 0.32016
167 0.32094
168 0.321943
169 0.322407
170 0.324172
171 0.324741
172 0.326321
173 0.327886
174 0.328203
175 0.329555
176 0.331549
177 0.332218
178 0.332935
179 0.334069
180 0.334828
181 0.336539
182 0.336722
183 0.339097
184 0.340314
185 0.340744
186 0.341436
187 0.343068
188 0.343706
189 0.344866
190 0.345721
191 0.347318
192 0.347896
193 0.349685
194 0.349311
195 0.351182
196 0.352354
197 0.3531
198 0.354261
199 0.355447
200 0.356466
201 0.357556
202 0.357886
203 0.359546
204 0.360634
205 0.361165
206 0.36258
207 0.363165
208 0.364361
209 0.365549
210 0.365982
211 0.36623
212 0.368727
213 0.3688
214 0.37068
215 0.371013
216 0.372259
217 0.372424
218 0.374343
219 0.375231
220 0.375252
221 0.376951
222 0.377685
223 0.37834
224 0.379167
225 0.380357
226 0.38208
227 0.381796
228 0.383301
229 0.383703
230 0.385071
231 0.385879
232 0.387088
233 0.387297
234 0.388816
235 0.389333
236 0.390066
237 0.391621
238 0.392872
239 0.392429
240 0.394284
241 0.395215
242 0.39627
243 0.397077
244 0.397319
245 0.398295
246 0.399685
247 0.400212
248 0.400556
249 0.401546
250 0.402727
251 0.403732
252 0.40396
253 0.405174
254 0.40596
255 0.406701
256 0.407624
257 0.408037
258 0.409282
259 0.410078
260 0.411483
261 0.411471
262 0.412189
263 0.413661
264 0.41389
265 0.415893
266 0.416276
267 0.416851
268 0.417069
269 0.418386
270 0.418748
271 0.420005
272 0.420078
273 0.421979
274 0.422435
275 0.424223
276 0.42407
277 0.424561
278 0.424972
279 0.426506
280 0.427428
281 0.427479
282 0.429177
283 0.429497
284 0.430442
285 0.431178
286 0.432234
287 0.433223
288 0.433327
289 0.433998
290 0.43506
291 0.436074
292 0.43598
293 0.437118
294 0.438459
295 0.438555
296 0.440218
297 0.439676
298 0.441134
299 0.441519
300 0.442979
301 0.44378
302 0.444035
303 0.444262
304 0.445605
305 0.446546
306 0.447232
307 0.447887
308 0.448768
309 0.447928
310 0.449487
311 0.450113
312 0.450953
313 0.451582
314 0.452235
315 0.452663
316 0.45323
317 0.454201
318 0.455081
319 0.456037
320 0.456602
321 0.457313
322 0.457771
323 0.458179
324 0.45921
325 0.460188
326 0.460966
327 0.461344
328 0.461429
329 0.462131
330 0.463089
331 0.463756
332 0.464704
333 0.465088
334 0.466103
335 0.466039
336 0.466879
337 0.467394
338 0.468135
339 0.469482
340 0.46908
341 0.470434
342 0.471206
343 0.471203
344 0.471495
345 0.472908
346 0.472718
347 0.474109
348 0.474106
349 0.475273
350 0.47602
351 0.476193
352 0.4772
353 0.477968
354 0.478733
355 0.479472
356 0.479974
357 0.480449
358 0.480997
359 0.481514
360 0.48271
361 0.482579
362 0.483002
363 0.484391
364 0.484631
365 0.485138
366 0.485468
367 0.486087
368 0.486502
369 0.487166
370 0.488068
371 0.488644
372 0.489148
373 0.490005
374 0.490316
375 0.489776
376 0.492365
377 0.492075
378 0.492498
379 0.493337
380 0.493498
381 0.494077
382 0.495797
383 0.495858
384 0.495976
385 0.49655
386 0.496936
387 0.498121
388 0.498668
389 0.499313
390 0.499859
391 0.500508
392 0.500664
393 0.500511
394 0.502481
395 0.502103
396 0.502873
397 0.503291
398 0.503611
399 0.504954
400 0.50513
