1 0.562113
2 0.562113
3 0.562113
4 0.562113
5 0.562113
6 0.562113
7 0.562113
8 0.562113
9 0.562113
10 0.562113
11 0.562113
12 0.562113
13 0.562113
14 0.562113
15 0.562113
16 0.562113
17 0.562113
18 0.562113
19 0.562113
20 0.562113
21 0.562113
22 0.562113
23 0.562113
24 0.562113
25 0.562113
26 0.562113
27 0.562113
28 0.562113
29 0.562113
30 0.562113
31 0.562113
32 0.562113
33 0.562113
34 0.562113
35 0.562113
36 0.562113
37 0.562113
38 0.562113
39 0.562113
40 0.562113
41 0.562113
42 0.562113
43 0.562113
44 0.562113
45 0.562113
46 0.562113
47 0.562113
48 0.562113
49 0.562113
50 0.562113
51 0.562113
52 0.562113
53 0.562113
54 0.562113
55 0.562113
56 0.562113
57 0.562113
58 0.562113
59 0.562113
60 0.562113
61 0.562113
62 0.562113
63 0.562113
64 0.562113
65 0.562113
66 0.562113
67 0.562113
68 0.562113
69 0.562113
70 0.562113
71 0.562113
72 0.562113
73 0.562113
74 0.562113
75 0.562113
76 0.562113
77 0.562113
78 0.562113
79 0.562113
80 0.562113
81 0.562113
82 0.562113
83 0.562113
84 0.562113
85 0.562113
86 0.562113
87 0.562113
88 0.562113
89 0.562113
90 0.562113
91 0.562113
92 0.562113
93 0.562113
94 0.562113
95 0.562113
96 0.562113
97 0.562113
98 0.562113
99 0.562113
100 0.562113
101 0.562113
102 0.562113
103 0.562113
104 0.562113
105 0.562113
106 0.562113
107 0.562113
108 0.562113
109 0.562113
110 0.562113
111 0.562113
112 0.562113
113 0.562113
114 0.562113
115 0.562113
116 0.562113
117 0.562113
118 0.562113
119 0.562113
120 0.562113
121 0.562113
122 0.562113
123 0.562113
124 0.562113
125 0.562113
126 0.562113
127 0.562113
128 0.562113
129 0.562113
130 0.562113
131 0.562113
132 0.562113
133 0.562113
134 0.562113
135 0.562113
136 0.562113
137 0.562113
138 0.562113
139 0.562113
140 0.562113
141 0.562113
142 0.562113
143 0.562113
144 0.562113
145 0.562113
146 0.562113
147 0.562113
148 0.562113
149 0.562113
150 0.562113
151 0.562113
152 0.562113
153 0.562113
154 0.562113
155 0.562113
156 0.562113
157 0.562113
158 0.562113
159 0.562113
160 0.562113
161 0.562113
162 0.562113
163 0.562113
164 0.562113
165 0.562113
166 0.562113
167 0.562113
168 0.562113
169 0.562113
170 0.562113
171 0.562113
172 0.562113
173 0.562113
174 0.562113
175 0.562113
176 0.562113
177 0.562113
178 0.562113
179 0.562113
180 0.562113
181 0.562113
182 0.562113
183 0.562113
184 0.562113
185 0.562113
186 0.562113
187 0.562113
188 0.562113
189 0.562113
190 0.562113
191 0.562113
192 0.562113
193 0.562113
194 0.562113
195 0.562113
196 0.562113
197 0.562113
198 0.562113
199 0.562113
200 0.562113
201 0.562113
202 0.562113
203 0.562113
204 0.562113
205 0.562113
206 0.562113
207 0.562113
208 0.562113
209 0.562113
210 0.562113
211 0.562113
212 0.562113
213 0.562113
214 0.562113
215 0.562113
216 0.562113
217 0.562113
218 0.562113
219 0.562113
220 0.562113
221 0.562113
222 0.562113
223 0.562113
224 0.562113
225 0.562113
226 0.562113
227 0.562113
228 0.562113
229 0.562113
230 0.562113
231 0.562113
232 0.562113
233 0.562113
234 0.562113
235 0.562113
236 0.562113
237 0.562113
238 0.562113
239 0.562113
240 0.562113
241 0.562113
242 0.562113
243 0.562113
244 0.562113
245 0.562113
246 0.562113
247 0.562113
248 0.562113
249 0.562113
250 0.562113
251 0.562113
252 0.562113
253 0.562113
254 0.562113
255 0.562113
256 0.562113
257 0.562113
258 0.562113
259 0.562113
260 0.562113
261 0.562113
262 0.562113
263 0.562113
264 0.562113
265 0.562113
266 0.562113
267 0.562113
268 0.562113
269 0.562113
270 0.562113
271 0.562113
272 0.562113
273 0.562113
274 0.562113
275 0.562113
276 0.562113
277 0.562113
278 0.562113
279 0.562113
280 0.562113
281 0.562113
282 0.562113
283 0.562113
284 0.562113
285 0.562113
286 0.562113
287 0.562113
288 0.562113
289 0.562113
290 0.562113
291 0.562113
292 0.562113
293 0.562113
294 0.562113
295 0.562113
296 0.562113
297 0.562113
298 0.562113
299 0.562113
300 0.562113
301 0.562113
302 0.562113
303 0.562113
304 0.562113
305 0.562113
306 0.562113
307 0.562113
308 0.562113
309 0.562113
310 0.562113
311 0.562113
312 0.562113
313 0.562113
314 0.562113
315 0.562113
316 0.562113
317 0.562113
318 0.562113
319 0.562113
320 0.562113
321 0.562113
322 0.562113
323 0.562113
324 0.562113
325 0.562113
326 0.562113
327 0.562113
328 0.562113
329 0.562113
330 0.562113
331 0.562113
332 0.562113
333 0.562113
334 0.562113
335 0.562113
336 0.562113
337 0.562113
338 0.562113
339 0.562113
340 0.562113
341 0.562113
342 0.562113
343 0.562113
344 0.562113
345 0.562113
346 0.562113
347 0.562113
348 0.562113
349 0.562113
350 0.562113
351 0.562113
352 0.562113
353 0.562113
354 0.562113
355 0.562113
356 0.562113
357 0.562113
358 0.562113
359 0.562113
360 0.562113
361 0.562113
362 0.562113
363 0.562113
364 0.562113
365 0.562113
366 0.562113
367 0.562113
368 0.562113
369 0.562113
370 0.562113
371 0.562113
372 0.562113
373 0.562113
374 0.562113
375 0.562113
376 0.562113
377 0.562113
378 0.562113
379 0.562113
380 0.562113
381 0.562113
382 0.562113
383 0.562113
384 0.562113
385 0.562113
386 0.562113
387 0.562113
388 0.562113
389 0.562113
390 0.562113
391 0.562113
392 0.562113
393 0.562113
394 0.562113
395 0.562113
396 0.562113
397 0.562113
398 0.562113
399 0.562113
400 0.562113
