1 0.4998
2 0.500445
3 0.500555
4 0.49915
5 0.500486
6 0.500112
7 0.499941
8 0.500383
9 0.499805
10 0.499433
11 0.499467
12 0.499624
13 0.500107
14 0.499785
15 0.500067
16 0.531176
17 0.532476
18 0.534057
19 0.532554
20 0.532627
21 0.533765
22 0.5333
23 0.534459
24 0.532764
25 0.533593
26 0.533204
27 0.534688
28 0.535916
29 0.539741
30 0.541963
31 0.545062
32 0.547451
33 0.550011
34 0.553176
35 0.5579
36 0.563234
37 0.570544
38 0.572267
39 0.575262
40 0.578552
41 0.580663
42 0.58325
43 0.585698
44 0.5872
45 0.588518
46 0.590356
47 0.591016
48 0.590688
49 0.590261
50 0.589666
51 0.589232
52 0.588579
53 0.586713
54 0.584665
55 0.584487
56 0.582071
57 0.58067
58 0.579048
59 0.578098
60 0.576639
61 0.576408
62 0.574999
63 0.573449
64 0.573459
65 0.572595
66 0.571768
67 0.57141
68 0.570656
69 0.56887
70 0.568734
71 0.568611
72 0.567473
73 0.566802
74 0.566001
75 0.565724
76 0.564936
77 0.565139
78 0.564428
79 0.564403
80 0.563361
81 0.563406
82 0.56287
83 0.562382
84 0.562176
85 0.562181
86 0.561573
87 0.560621
88 0.561238
89 0.561079
90 0.560877
91 0.560569
92 0.56077
93 0.561306
94 0.561017
95 0.56262
96 0.561372
97 0.56421
98 0.562438
99 0.564579
100 0.563847
101 0.564971
102 0.56515
103 0.566517
104 0.566072
105 0.567907
106 0.56901
107 0.570515
108 0.570962
109 0.572559
110 0.574046
111 0.573996
112 0.575667
113 0.576768
114 0.578722
115 0.579188
116 0.580505
117 0.582561
118 0.583302
119 0.584694
120 0.586698
121 0.587518
122 0.589973
123 0.590241
124 0.592241
125 0.592969
126 0.593948
127 0.595819
128 0.596399
129 0.597726
130 0.599704
131 0.600341
132 0.600443
133 0.601907
134 0.603466
135 0.604317
136 0.605017
137 0.604836
138 0.606633
139 0.607491
140 0.609043
141 0.608675
142 0.610012
143 0.611636
144 0.61211
145 0.611073
146 0.613369
147 0.613566
148 0.614429
149 0.614539
150 0.614145
151 0.615195
152 0.616311
153 0.616633
154 0.617008
155 0.618321
156 0.617782
157 0.618911
158 0.619535
159 0.618841
160 0.61924
161 0.61948
162 0.621023
163 0.620562
164 0.621388
165 0.621858
166 0.621723
167 0.622106
168 0.622003
169 0.62201
170 0.622408
171 0.622994
172 0.623088
173 0.623621
174 0.62374
175 0.624505
176 0.62355
177 0.624568
178 0.624324
179 0.624926
180 0.625278
181 0.625821
182 0.625123
183 0.625295
184 0.625877
185 0.626332
186 0.62589
187 0.627044
188 0.627034
189 0.626769
190 0.627714
191 0.627184
192 0.627917
193 0.627157
194 0.628458
195 0.627391
196 0.629146
197 0.6284
198 0.627984
199 0.628922
200 0.629577
201 0.629196
202 0.629572
203 0.62938
204 0.629523
205 0.630004
206 0.630281
207 0.630553
208 0.63068
209 0.631097
210 0.630503
211 0.631
212 0.631075
213 0.630661
214 0.631683
215 0.630997
216 0.631729
217 0.6318
218 0.63189
219 0.632011
220 0.631464
221 0.631894
222 0.63174
223 0.632145
224 0.632522
225 0.632531
226 0.632515
227 0.633153
228 0.632745
229 0.632463
230 0.63325
231 0.633199
232 0.633594
233 0.633809
234 0.63329
235 0.633383
236 0.632752
237 0.633987
238 0.634208
239 0.633909
240 0.633871
241 0.634193
242 0.633971
243 0.633989
244 0.634412
245 0.634126
246 0.634091
247 0.634787
248 0.634093
249 0.634909
250 0.634436
251 0.634641
252 0.633684
253 0.635101
254 0.634466
255 0.634406
256 0.635172
257 0.63528
258 0.635807
259 0.635456
260 0.634823
261 0.634739
262 0.6358
263 0.635544
264 0.635396
265 0.635757
266 0.635253
267 0.636532
268 0.637087
269 0.636258
270 0.636481
271 0.636519
272 0.636459
273 0.636817
274 0.637258
275 0.636814
276 0.636579
277 0.637429
278 0.636292
279 0.637802
280 0.636913
281 0.636876
282 0.637229
283 0.637182
284 0.638173
285 0.63865
286 0.637874
287 0.637964
288 0.637907
289 0.637543
290 0.638563
291 0.638042
292 0.638433
293 0.638787
294 0.639827
295 0.638209
296 0.638422
297 0.638834
298 0.638759
299 0.639826
300 0.639733
301 0.639913
302 0.638903
303 0.639574
304 0.639708
305 0.638274
306 0.639991
307 0.639488
308 0.639069
309 0.639482
310 0.640752
311 0.640795
312 0.642091
313 0.639782
314 0.639685
315 0.640831
316 0.640762
317 0.640614
318 0.641123
319 0.641507
320 0.640913
321 0.641123
322 0.641773
323 0.641956
324 0.640725
325 0.642328
326 0.642133
327 0.641947
328 0.642649
329 0.642197
330 0.644028
331 0.642883
332 0.643191
333 0.642929
334 0.643345
335 0.643229
336 0.643486
337 0.643034
338 0.643274
339 0.643113
340 0.643422
341 0.643875
342 0.644509
343 0.64429
344 0.644163
345 0.644505
346 0.644876
347 0.645351
348 0.645173
349 0.645588
350 0.644248
351 0.644828
352 0.645301
353 0.644903
354 0.645547
355 0.645585
356 0.64635
357 0.645532
358 0.646124
359 0.645909
360 0.646591
361 0.646651
362 0.646436
363 0.646742
364 0.647093
365 0.647714
366 0.647182
367 0.647596
368 0.647837
369 0.648008
370 0.648402
371 0.648301
372 0.647028
373 0.648839
374 0.648419
375 0.648016
376 0.649264
377 0.648977
378 0.648294
379 0.64824
380 0.649181
381 0.6487
382 0.649112
383 0.649057
384 0.650449
385 0.649588
386 0.649566
387 0.650095
388 0.64966
389 0.650862
390 0.651074
391 0.651088
392 0.649936
393 0.650317
394 0.650442
395 0.652528
396 0.650866
397 0.651806
398 0.651457
399 0.650584
400 0.652584
