1 1.62261
2 0.891223
3 0.603587
4 0.523688
5 0.537563
6 0.595415
7 0.673102
8 0.760307
9 0.851473
10 0.94437
11 1.0381
12 1.13224
13 1.22648
14 1.32091
15 1.41534
16 0.665437
17 0.426337
18 0.354932
19 0.353826
20 0.35362
21 0.358691
22 0.354621
23 0.351364
24 0.343643
25 0.339315
26 0.335371
27 0.298053
28 0.268764
29 0.268446
30 0.260385
31 0.258718
32 0.245661
33 0.232052
34 0.215076
35 0.19966
36 0.186669
37 0.176019
38 0.167223
39 0.159851
40 0.152849
41 0.146652
42 0.140262
43 0.13495
44 0.129973
45 0.125704
46 0.121738
47 0.118228
48 0.11502
49 0.112198
50 0.10967
51 0.107426
52 0.105323
53 0.103409
54 0.101725
55 0.100069
56 0.0986453
57 0.0973242
58 0.0961331
59 0.094906
60 0.0937148
61 0.0926274
62 0.0916222
63 0.0906622
64 0.0895823
65 0.0885997
66 0.0876269
67 0.0866881
68 0.0858245
69 0.0850541
70 0.0842457
71 0.0836045
72 0.0828298
73 0.0821452
74 0.0815228
75 0.0809016
76 0.0802909
77 0.0796925
78 0.0791143
79 0.0785934
80 0.0779907
81 0.0774613
82 0.0768646
83 0.0763121
84 0.075822
85 0.0753704
86 0.0748512
87 0.0743345
88 0.0738216
89 0.0733877
90 0.0728626
91 0.0723727
92 0.0718586
93 0.0714039
94 0.0709458
95 0.0704194
96 0.0699304
97 0.0694714
98 0.068974
99 0.0685481
100 0.068134
101 0.0676753
102 0.0672271
103 0.0667784
104 0.0664204
105 0.0659657
106 0.0655117
107 0.0651078
108 0.0646724
109 0.064244
110 0.0638267
111 0.0634124
112 0.0629726
113 0.0626011
114 0.0622213
115 0.0618138
116 0.0613875
117 0.0609916
118 0.0606118
119 0.0601917
120 0.0597894
121 0.059404
122 0.0590156
123 0.0586802
124 0.0582957
125 0.0578939
126 0.0574954
127 0.0571252
128 0.0567058
129 0.0563719
130 0.055991
131 0.0556579
132 0.0552756
133 0.054971
134 0.0546274
135 0.0542219
136 0.0538845
137 0.05357
138 0.0532273
139 0.0528737
140 0.0525131
141 0.052178
142 0.051907
143 0.0515887
144 0.0512737
145 0.0509531
146 0.050638
147 0.0503407
148 0.0500299
149 0.04977
150 0.0494153
151 0.04913
152 0.0488533
153 0.0485517
154 0.0482303
155 0.048005
156 0.0476746
157 0.0474262
158 0.0471329
159 0.0469075
160 0.0465988
161 0.046316
162 0.046119
163 0.0458657
164 0.0456442
165 0.0453929
166 0.0451287
167 0.044856
168 0.0446038
169 0.0443591
170 0.0441409
171 0.0438961
172 0.0436517
173 0.0434494
174 0.0432026
175 0.0429856
176 0.0427608
177 0.0425406
178 0.0423092
179 0.0421341
180 0.0419191
181 0.0416744
182 0.0414722
183 0.0412654
184 0.041042
185 0.0408948
186 0.040685
187 0.0404667
188 0.0402528
189 0.0400698
190 0.0398626
191 0.0396905
192 0.0395052
193 0.0393215
194 0.0391455
195 0.0389752
196 0.0388074
197 0.038615
198 0.0384659
199 0.0382588
200 0.0380975
201 0.0379231
202 0.0377665
203 0.0375592
204 0.037407
205 0.0372527
206 0.0370989
207 0.0369187
208 0.0367411
209 0.0365718
210 0.0364154
211 0.0362447
212 0.0360995
213 0.0359342
214 0.0357983
215 0.0356644
216 0.035515
217 0.0353101
218 0.035193
219 0.0350623
220 0.0348945
221 0.034752
222 0.0345962
223 0.0344398
224 0.0342802
225 0.03414
226 0.0339917
227 0.0338664
228 0.033747
229 0.0336294
230 0.0334642
231 0.0333304
232 0.0331981
233 0.0330539
234 0.0329052
235 0.0327503
236 0.0326449
237 0.0324934
238 0.0323656
239 0.0322579
240 0.0321242
241 0.0319722
242 0.0318714
243 0.0317333
244 0.0316236
245 0.0314996
246 0.0314097
247 0.0312798
248 0.0311674
249 0.031015
250 0.0309026
251 0.0307828
252 0.0306882
253 0.0305481
254 0.030426
255 0.0303229
256 0.0302054
257 0.0301029
258 0.0299921
259 0.0298997
260 0.0297739
261 0.0297003
262 0.0295838
263 0.0294686
264 0.0293622
265 0.0292533
266 0.0291202
267 0.0290306
268 0.0289084
269 0.0288203
270 0.0286838
271 0.0286086
272 0.028533
273 0.0284215
274 0.0283319
275 0.0282345
276 0.0281259
277 0.0280143
278 0.0279097
279 0.027811
280 0.0277194
281 0.0276652
282 0.027552
283 0.0274496
284 0.027368
285 0.0272686
286 0.0271736
287 0.0271005
288 0.0269949
289 0.0269078
290 0.0268246
291 0.026745
292 0.0266566
293 0.0265539
294 0.0264723
295 0.0263873
296 0.0263025
297 0.0262203
298 0.0261481
299 0.0260571
300 0.0259665
301 0.0259101
302 0.0258157
303 0.0257264
304 0.0256542
305 0.0255745
306 0.0254804
307 0.0254188
308 0.0253351
309 0.0252435
310 0.025156
311 0.0250972
312 0.0250012
313 0.0248927
314 0.0248436
315 0.0247787
316 0.0246975
317 0.0246272
318 0.0245465
319 0.0244734
320 0.0243829
321 0.02431
322 0.0242421
323 0.0241742
324 0.0241051
325 0.0240123
326 0.0239544
327 0.0238608
328 0.0238037
329 0.0237326
330 0.0236612
331 0.0235751
332 0.0235058
333 0.0234401
334 0.0233781
335 0.0232949
336 0.0232145
337 0.0231324
338 0.0230676
339 0.0230185
340 0.022944
341 0.0228778
342 0.0228179
343 0.0227618
344 0.022685
345 0.0226142
346 0.0225562
347 0.0225057
348 0.0224081
349 0.0223396
350 0.0222686
351 0.0222158
352 0.0221389
353 0.0220767
354 0.0220074
355 0.0219542
356 0.0218806
357 0.0218282
358 0.0217693
359 0.0216801
360 0.0216133
361 0.0215707
362 0.0215077
363 0.0214458
364 0.0213914
365 0.021338
366 0.0212777
367 0.0212147
368 0.0211574
369 0.0211012
370 0.0210281
371 0.0209877
372 0.020923
373 0.0208615
374 0.0208057
375 0.0207488
376 0.0206871
377 0.0206366
378 0.0205824
379 0.0205093
380 0.0204498
381 0.0203935
382 0.0203299
383 0.020263
384 0.0202076
385 0.0201433
386 0.0201047
387 0.0200502
388 0.0199961
389 0.019952
390 0.0198964
391 0.0198574
392 0.0197942
393 0.0197458
394 0.0196842
395 0.0196305
396 0.0195856
397 0.0195335
398 0.0194926
399 0.019437
400 0.0193867
