1 0.219828
2 0.219871
3 0.220196
4 0.220095
5 0.220137
6 0.220083
7 0.219917
8 0.220026
9 0.220146
10 0.220205
11 0.219996
12 0.220242
13 0.220183
14 0.220334
15 0.220132
16 0.188896
17 0.187836
18 0.187241
19 0.187121
20 0.186858
21 0.186777
22 0.186811
23 0.186837
24 0.1868
25 0.186898
26 0.186884
27 0.185751
28 0.183092
29 0.181084
30 0.178066
31 0.175641
32 0.173076
33 0.169751
34 0.166067
35 0.161978
36 0.156525
37 0.150238
38 0.147435
39 0.144802
40 0.141808
41 0.139362
42 0.136817
43 0.134631
44 0.132642
45 0.131212
46 0.130303
47 0.129678
48 0.129503
49 0.129589
50 0.130108
51 0.130931
52 0.131751
53 0.132519
54 0.134776
55 0.135679
56 0.138495
57 0.139476
58 0.141328
59 0.142103
60 0.142764
61 0.143991
62 0.145035
63 0.146206
64 0.146526
65 0.147977
66 0.147855
67 0.148967
68 0.150024
69 0.150747
70 0.151146
71 0.151462
72 0.152471
73 0.152938
74 0.153427
75 0.154403
76 0.155236
77 0.155435
78 0.155832
79 0.155808
80 0.156342
81 0.156465
82 0.157639
83 0.157719
84 0.15807
85 0.158093
86 0.158339
87 0.159184
88 0.159156
89 0.159342
90 0.159286
91 0.158841
92 0.158913
93 0.158654
94 0.158508
95 0.157812
96 0.157921
97 0.157152
98 0.156634
99 0.156248
100 0.156296
101 0.155517
102 0.154689
103 0.153714
104 0.153126
105 0.151961
106 0.150691
107 0.149607
108 0.148606
109 0.147208
110 0.146024
111 0.145274
112 0.14391
113 0.142866
114 0.141923
115 0.14048
116 0.139189
117 0.137624
118 0.136279
119 0.134776
120 0.133474
121 0.132137
122 0.130775
123 0.129332
124 0.128143
125 0.126913
126 0.12582
127 0.124598
128 0.123423
129 0.122295
130 0.120888
131 0.120131
132 0.119051
133 0.118179
134 0.117129
135 0.116094
136 0.115115
137 0.114468
138 0.113609
139 0.112635
140 0.111782
141 0.110977
142 0.109891
143 0.109208
144 0.108772
145 0.10811
146 0.107464
147 0.106719
148 0.106156
149 0.105768
150 0.105077
151 0.104472
152 0.103926
153 0.103435
154 0.102908
155 0.10257
156 0.102129
157 0.101862
158 0.101218
159 0.100922
160 0.100646
161 0.100092
162 0.0996231
163 0.0992775
164 0.0988101
165 0.0984282
166 0.0981351
167 0.0978839
168 0.0978243
169 0.0975047
170 0.0972102
171 0.0969767
172 0.0965019
173 0.0963706
174 0.0959772
175 0.0956155
176 0.0955574
177 0.0951326
178 0.0950426
179 0.0949774
180 0.0947398
181 0.094428
182 0.0943903
183 0.0942182
184 0.0939577
185 0.0936556
186 0.093444
187 0.0932324
188 0.0930197
189 0.0927709
190 0.0926936
191 0.092475
192 0.0923489
193 0.0920373
194 0.091954
195 0.091933
196 0.0916504
197 0.0916065
198 0.0914199
199 0.091057
200 0.091002
201 0.0907478
202 0.0906822
203 0.0904098
204 0.0901782
205 0.0901091
206 0.0899303
207 0.0897997
208 0.0896946
209 0.0894184
210 0.0893244
211 0.0892468
212 0.0890546
213 0.0890552
214 0.0888667
215 0.0886091
216 0.0886038
217 0.0883527
218 0.0883035
219 0.0881699
220 0.0880953
221 0.0879619
222 0.0878602
223 0.0877815
224 0.0877474
225 0.0875402
226 0.0873996
227 0.0873642
228 0.0872285
229 0.0871057
230 0.0870579
231 0.0869906
232 0.0868999
233 0.0868698
234 0.0867642
235 0.0866685
236 0.0868362
237 0.0866175
238 0.0865028
239 0.0864371
240 0.0861189
241 0.0861982
242 0.0860399
243 0.0858611
244 0.085912
245 0.0859477
246 0.085816
247 0.0857163
248 0.0857065
249 0.0855586
250 0.0855498
251 0.0851735
252 0.0852679
253 0.0852103
254 0.0849522
255 0.0848676
256 0.084708
257 0.0847396
258 0.0845835
259 0.0845182
260 0.0844271
261 0.0845634
262 0.0842878
263 0.0841663
264 0.0841573
265 0.0840286
266 0.0838417
267 0.0838298
268 0.0835368
269 0.0835816
270 0.083465
271 0.0834473
272 0.0834846
273 0.0834428
274 0.0832696
275 0.0830632
276 0.0829838
277 0.083037
278 0.0829535
279 0.0829038
280 0.0827577
281 0.0826021
282 0.0824999
283 0.0826106
284 0.0823772
285 0.0824477
286 0.0822429
287 0.0822261
288 0.0820688
289 0.081956
290 0.0819013
291 0.0818419
292 0.0816267
293 0.0814005
294 0.0813499
295 0.081274
296 0.081245
297 0.0810931
298 0.0810129
299 0.0809139
300 0.0807996
301 0.0807196
302 0.0807555
303 0.0806403
304 0.0805972
305 0.0803701
306 0.0802103
307 0.0800069
308 0.0800809
309 0.080047
310 0.0799133
311 0.0796366
312 0.0795554
313 0.0797349
314 0.0795158
315 0.079467
316 0.079242
317 0.0790982
318 0.0790396
319 0.0788566
320 0.0787549
321 0.0787307
322 0.0786347
323 0.0784345
324 0.0783725
325 0.0782457
326 0.0783233
327 0.0780948
328 0.0779174
329 0.0776767
330 0.0775725
331 0.0773837
332 0.0773557
333 0.0773678
334 0.0770384
335 0.0771775
336 0.0769261
337 0.0767402
338 0.0766862
339 0.0764874
340 0.0762699
341 0.0761251
342 0.0759485
343 0.0760264
344 0.0759639
345 0.0757139
346 0.0756306
347 0.0753425
348 0.0752103
349 0.0752724
350 0.0750409
351 0.07497
352 0.074834
353 0.0746525
354 0.074528
355 0.0743701
356 0.0741332
357 0.0740609
358 0.0740078
359 0.0738293
360 0.0737683
361 0.0735185
362 0.0734813
363 0.0732916
364 0.0731381
365 0.0730529
366 0.0727719
367 0.0727428
368 0.0725725
369 0.0725379
370 0.0724484
371 0.0721257
372 0.0721681
373 0.0719224
374 0.0717321
375 0.0715326
376 0.07136
377 0.0712981
378 0.0712669
379 0.0710277
380 0.0710472
381 0.0710265
382 0.0706867
383 0.0706639
384 0.0703739
385 0.0702913
386 0.0701523
387 0.069892
388 0.069806
389 0.0695714
390 0.0694358
391 0.069358
392 0.0693495
393 0.069096
394 0.0689928
395 0.0688842
396 0.0688118
397 0.0687143
398 0.0683295
399 0.0682551
400 0.0681063
