1 0.131691
2 0.148064
3 0.157008
4 0.161828
5 0.164369
6 0.165443
7 0.166114
8 0.166677
9 0.166811
10 0.166865
11 0.20862
12 0.220703
13 0.228196
14 0.240794
15 0.241783
16 0.252709
17 0.271922
18 0.27984
19 0.286193
20 0.295573
21 0.299195
22 0.306691
23 0.321223
24 0.32754
25 0.333706
26 0.341725
27 0.345829
28 0.350779
29 0.360878
30 0.366217
31 0.371662
32 0.378321
33 0.38251
34 0.386286
35 0.393809
36 0.398474
37 0.403516
38 0.408947
39 0.413113
40 0.416678
41 0.422954
42 0.427085
43 0.431845
44 0.436594
45 0.44051
46 0.443757
47 0.449049
48 0.453321
49 0.457888
50 0.461657
51 0.465597
52 0.469334
53 0.473625
54 0.47769
55 0.481333
56 0.485026
57 0.488596
58 0.491843
59 0.495517
60 0.498685
61 0.501967
62 0.504867
63 0.508009
64 0.510887
65 0.513936
66 0.516788
67 0.519585
68 0.521874
69 0.524734
70 0.527275
71 0.529782
72 0.532147
73 0.534355
74 0.536657
75 0.538812
76 0.541039
77 0.542924
78 0.544925
79 0.547068
80 0.548868
81 0.550796
82 0.552692
83 0.554435
84 0.556178
85 0.558144
86 0.560097
87 0.56193
88 0.563745
89 0.565705
90 0.567329
91 0.568846
92 0.570545
93 0.572314
94 0.573887
95 0.575558
96 0.577203
97 0.578873
98 0.580467
99 0.582209
100 0.583919
101 0.58537
102 0.587033
103 0.588407
104 0.589926
105 0.591482
106 0.593234
107 0.594874
108 0.596323
109 0.597924
110 0.599585
111 0.600904
112 0.602563
113 0.60429
114 0.60593
115 0.607293
116 0.608839
117 0.610311
118 0.611916
119 0.613439
120 0.61494
121 0.616566
122 0.618228
123 0.619996
124 0.621371
125 0.62294
126 0.624194
127 0.625551
128 0.62699
129 0.628654
130 0.629853
131 0.631149
132 0.63276
133 0.634208
134 0.635647
135 0.636814
136 0.638554
137 0.639803
138 0.641187
139 0.642459
140 0.644026
141 0.645421
142 0.646706
143 0.648232
144 0.649613
145 0.650913
146 0.651825
147 0.653335
148 0.654689
149 0.655874
150 0.657218
151 0.658395
152 0.659834
153 0.660989
154 0.662217
155 0.663489
156 0.664746
157 0.665902
158 0.667138
159 0.668303
160 0.669602
161 0.670754
162 0.672099
163 0.673108
164 0.674151
165 0.675282
166 0.676492
167 0.677486
168 0.678586
169 0.679637
170 0.680616
171 0.681817
172 0.682875
173 0.683884
174 0.684895
175 0.686148
176 0.687073
177 0.687969
178 0.689001
179 0.690123
180 0.691191
181 0.691986
182 0.692894
183 0.694013
184 0.694919
185 0.695704
186 0.696639
187 0.697545
188 0.698685
189 0.699575
190 0.70019
191 0.700906
192 0.701963
193 0.702833
194 0.703712
195 0.704521
196 0.705401
197 0.706187
198 0.707087
199 0.707757
200 0.70851
201 0.709481
202 0.71019
203 0.711133
204 0.711896
205 0.712681
206 0.713417
207 0.71425
208 0.714952
209 0.715843
210 0.716586
211 0.71726
212 0.718226
213 0.718705
214 0.719478
215 0.72024
216 0.72095
217 0.721677
218 0.722425
219 0.723014
220 0.72377
221 0.724497
222 0.725223
223 0.725744
224 0.726488
225 0.727496
226 0.728042
227 0.728551
228 0.729245
229 0.729984
230 0.730658
231 0.731405
232 0.732047
233 0.732762
234 0.733397
235 0.734106
236 0.73463
237 0.735353
238 0.735873
239 0.736523
240 0.737153
241 0.73768
242 0.738212
243 0.738909
244 0.739544
245 0.739796
246 0.740489
247 0.740998
248 0.741469
249 0.742077
250 0.742674
251 0.743169
252 0.743924
253 0.744328
254 0.745018
255 0.745555
256 0.74595
257 0.746452
258 0.746919
259 0.747539
260 0.748038
261 0.748641
262 0.749061
263 0.749563
264 0.750075
265 0.750758
266 0.751181
267 0.751635
268 0.752262
269 0.752743
270 0.753348
271 0.753983
272 0.754381
273 0.754778
274 0.755275
275 0.755595
276 0.756121
277 0.756752
278 0.757295
279 0.757831
280 0.758375
281 0.758851
282 0.759347
283 0.759669
284 0.760263
285 0.760792
286 0.761268
287 0.761658
288 0.762196
289 0.762494
290 0.762721
291 0.763197
292 0.763784
293 0.764278
294 0.764766
295 0.765237
296 0.765912
297 0.766375
298 0.766584
299 0.767082
300 0.767659
301 0.768137
302 0.768575
303 0.768959
304 0.76938
305 0.769824
306 0.770218
307 0.770547
308 0.770872
309 0.771368
310 0.771866
311 0.772282
312 0.772648
313 0.773237
314 0.773579
315 0.77403
316 0.774364
317 0.774795
318 0.775133
319 0.775545
320 0.775911
321 0.776342
322 0.776744
323 0.777102
324 0.777458
325 0.777835
326 0.778337
327 0.77853
328 0.778961
329 0.779336
330 0.779615
331 0.779857
332 0.780286
333 0.780593
334 0.781004
335 0.781421
336 0.781618
337 0.782108
338 0.782529
339 0.782986
340 0.783496
341 0.783891
342 0.78423
343 0.784727
344 0.785089
345 0.785531
346 0.785852
347 0.78613
348 0.786506
349 0.786895
350 0.787096
351 0.78742
352 0.787755
353 0.788122
354 0.788382
355 0.788754
356 0.789123
357 0.78943
358 0.789749
359 0.790029
360 0.790267
361 0.790686
362 0.790945
363 0.791388
364 0.791838
365 0.792
366 0.792339
367 0.792724
368 0.792953
369 0.793203
370 0.793555
371 0.793755
372 0.794081
373 0.794317
374 0.794625
375 0.794845
376 0.795126
377 0.795457
378 0.795753
379 0.796185
380 0.796518
381 0.796714
382 0.796996
383 0.79718
384 0.797444
385 0.797874
386 0.798039
387 0.798381
388 0.798522
389 0.798783
390 0.799057
391 0.799492
392 0.799842
393 0.800145
394 0.8003
395 0.800599
396 0.800968
397 0.801236
398 0.801462
399 0.8018
400 0.801899
