1 1.3644
2 0.764706
3 0.560197
4 0.533397
5 0.583978
6 0.668785
7 0.768344
8 0.873191
9 0.980901
10 1.09207
11 0.466181
12 0.548948
13 0.39189
14 0.425382
15 0.343859
16 0.363007
17 0.238456
18 0.252665
19 0.210681
20 0.219563
21 0.192235
22 0.204358
23 0.156814
24 0.16112
25 0.14555
26 0.1465
27 0.136852
28 0.146961
29 0.127133
30 0.128735
31 0.122157
32 0.120136
33 0.116734
34 0.125261
35 0.113993
36 0.114071
37 0.110062
38 0.107311
39 0.105478
40 0.111674
41 0.10281
42 0.102321
43 0.0985062
44 0.0959128
45 0.0940145
46 0.0970581
47 0.0903249
48 0.0889512
49 0.0856373
50 0.0836779
51 0.0816276
52 0.0822031
53 0.0777944
54 0.0763954
55 0.074034
56 0.0726588
57 0.070778
58 0.0701729
59 0.067711
60 0.0665961
61 0.0650142
62 0.0641795
63 0.0628396
64 0.0620859
65 0.0606885
66 0.0598963
67 0.0588847
68 0.0583151
69 0.0573228
70 0.0566968
71 0.05588
72 0.0552353
73 0.0545486
74 0.0539448
75 0.053278
76 0.0526883
77 0.0520652
78 0.0514846
79 0.0508506
80 0.0503715
81 0.0497209
82 0.0491891
83 0.0486946
84 0.0481875
85 0.0476343
86 0.0471568
87 0.0466842
88 0.0462415
89 0.0457517
90 0.0453242
91 0.0449147
92 0.0445057
93 0.0440892
94 0.0436754
95 0.0432832
96 0.0429241
97 0.0425284
98 0.0421526
99 0.0417451
100 0.0413417
101 0.0410024
102 0.0406247
103 0.0402741
104 0.039886
105 0.0395707
106 0.039162
107 0.038778
108 0.0384267
109 0.038101
110 0.0377123
111 0.0373696
112 0.0370228
113 0.0366517
114 0.0363077
115 0.0359861
116 0.0356431
117 0.0352866
118 0.0349696
119 0.0346269
120 0.0342966
121 0.0339421
122 0.033594
123 0.0332575
124 0.0329812
125 0.0326262
126 0.0323638
127 0.0320679
128 0.0317836
129 0.0314561
130 0.031183
131 0.0309425
132 0.0306349
133 0.0303247
134 0.0300755
135 0.0298207
136 0.0295147
137 0.0292969
138 0.0290136
139 0.0287622
140 0.0285064
141 0.0282425
142 0.0280215
143 0.0277632
144 0.0275126
145 0.0272782
146 0.0271015
147 0.0268118
148 0.0265831
149 0.0263812
150 0.0261479
151 0.0259796
152 0.0257316
153 0.0255365
154 0.0253098
155 0.0251326
156 0.0249279
157 0.024734
158 0.0245128
159 0.0243198
160 0.0241043
161 0.0239464
162 0.0237123
163 0.0235444
164 0.023381
165 0.0232031
166 0.0230168
167 0.0228645
168 0.0226994
169 0.0225233
170 0.0223539
171 0.0222
172 0.0220519
173 0.0218741
174 0.0217287
175 0.0215482
176 0.0214027
177 0.0212602
178 0.0211212
179 0.0209507
180 0.0207897
181 0.020671
182 0.0205334
183 0.0203895
184 0.0202354
185 0.0201246
186 0.0199996
187 0.0198759
188 0.0197192
189 0.0195955
190 0.0194858
191 0.0193903
192 0.0192558
193 0.0191008
194 0.0189959
195 0.0188674
196 0.0187514
197 0.0186501
198 0.0185352
199 0.0184317
200 0.0183308
201 0.0182005
202 0.018108
203 0.0179826
204 0.0178832
205 0.0177801
206 0.0176782
207 0.0175629
208 0.0174552
209 0.0173563
210 0.017253
211 0.0171732
212 0.0170643
213 0.0169895
214 0.0168877
215 0.016779
216 0.0166783
217 0.0166001
218 0.016495
219 0.0164224
220 0.0163208
221 0.0162285
222 0.0161371
223 0.0160657
224 0.0159777
225 0.0158661
226 0.0157889
227 0.0157209
228 0.0156507
229 0.015549
230 0.0154612
231 0.0153781
232 0.0153093
233 0.0152305
234 0.0151409
235 0.0150537
236 0.0149784
237 0.0148864
238 0.0148183
239 0.0147346
240 0.0146632
241 0.0145777
242 0.0145124
243 0.0144446
244 0.0143677
245 0.0143274
246 0.0142483
247 0.0141816
248 0.0141143
249 0.014045
250 0.0139846
251 0.0139228
252 0.0138374
253 0.0137824
254 0.0137099
255 0.0136542
256 0.013602
257 0.013533
258 0.0134724
259 0.0134144
260 0.0133634
261 0.013297
262 0.0132407
263 0.0131907
264 0.0131281
265 0.013058
266 0.013008
267 0.0129489
268 0.0128771
269 0.0128226
270 0.0127511
271 0.0126928
272 0.0126391
273 0.0125922
274 0.0125425
275 0.0124962
276 0.012436
277 0.0123837
278 0.0123235
279 0.0122683
280 0.0122165
281 0.0121639
282 0.0121072
283 0.0120762
284 0.0120126
285 0.011961
286 0.0119045
287 0.0118566
288 0.0118114
289 0.0117706
290 0.0117362
291 0.0116921
292 0.0116317
293 0.0115871
294 0.0115299
295 0.011473
296 0.0114111
297 0.0113718
298 0.0113492
299 0.0112923
300 0.0112381
301 0.0111909
302 0.0111403
303 0.0111067
304 0.0110566
305 0.0110115
306 0.0109676
307 0.0109328
308 0.010891
309 0.0108379
310 0.0107915
311 0.0107543
312 0.0107113
313 0.0106672
314 0.0106211
315 0.0105832
316 0.0105368
317 0.0104995
318 0.0104644
319 0.0104215
320 0.0103971
321 0.0103494
322 0.0103102
323 0.0102747
324 0.010227
325 0.010198
326 0.0101625
327 0.0101353
328 0.0101
329 0.0100578
330 0.0100311
331 0.0100025
332 0.0099669
333 0.0099245
334 0.00989024
335 0.00986031
336 0.009834
337 0.00978987
338 0.0097614
339 0.00971119
340 0.00967044
341 0.00963239
342 0.00960575
343 0.00956286
344 0.00952648
345 0.00948641
346 0.00946338
347 0.00943237
348 0.00939333
349 0.0093698
350 0.00934253
351 0.00931056
352 0.00927935
353 0.00923616
354 0.0092164
355 0.00917036
356 0.00914513
357 0.00911745
358 0.00908753
359 0.00905501
360 0.00902792
361 0.00899975
362 0.00897865
363 0.00894967
364 0.00891434
365 0.00889358
366 0.00886689
367 0.0088373
368 0.00881348
369 0.00878468
370 0.00875591
371 0.00873992
372 0.00871364
373 0.00868692
374 0.00865771
375 0.00862621
376 0.00860776
377 0.00857666
378 0.00854966
379 0.00851597
380 0.00848838
381 0.00846639
382 0.0084479
383 0.00842905
384 0.00840689
385 0.00837383
386 0.00835566
387 0.00832968
388 0.00831386
389 0.00829637
390 0.00827432
391 0.00823612
392 0.00821375
393 0.00818364
394 0.00816571
395 0.00813802
396 0.00811365
397 0.00808867
398 0.00806543
399 0.00804128
400 0.00802686
