1 0.955472
2 0.548222
3 0.413498
4 0.401673
5 0.444209
6 0.510426
7 0.586737
8 0.667289
9 0.749502
10 0.834188
11 0.5802
12 0.424278
13 0.333973
14 0.28811
15 0.272765
16 0.278371
17 0.298679
18 0.330374
19 0.371894
20 0.424032
21 0.333963
22 0.272296
23 0.232078
24 0.208875
25 0.199144
26 0.192186
27 0.177602
28 0.167638
29 0.158943
30 0.152427
31 0.146634
32 0.142384
33 0.138845
34 0.135748
35 0.132952
36 0.130316
37 0.128299
38 0.126259
39 0.123986
40 0.122022
41 0.119931
42 0.1178
43 0.115533
44 0.113026
45 0.110642
46 0.108109
47 0.106406
48 0.104828
49 0.103343
50 0.101981
51 0.100678
52 0.0991419
53 0.0977634
54 0.0963395
55 0.0950744
56 0.0938899
57 0.0928373
58 0.0918024
59 0.0907323
60 0.0897992
61 0.0888755
62 0.0880675
63 0.0870946
64 0.0863854
65 0.0856056
66 0.0848394
67 0.0840843
68 0.0833193
69 0.0824348
70 0.0816131
71 0.0805823
72 0.0797759
73 0.0788613
74 0.0781881
75 0.077373
76 0.0765387
77 0.0756963
78 0.0748371
79 0.0740402
80 0.073287
81 0.0724946
82 0.0718012
83 0.0711422
84 0.0705305
85 0.0698796
86 0.0692968
87 0.0688225
88 0.0682601
89 0.0677757
90 0.0672436
91 0.0668111
92 0.0663608
93 0.0659027
94 0.0654321
95 0.0648843
96 0.0643799
97 0.0638208
98 0.0633842
99 0.062919
100 0.0624546
101 0.0619811
102 0.061529
103 0.0610035
104 0.0605788
105 0.0601551
106 0.0596909
107 0.0592878
108 0.0589025
109 0.0584883
110 0.0581347
111 0.0577615
112 0.0574079
113 0.0570542
114 0.0567436
115 0.0564107
116 0.0561522
117 0.0559203
118 0.0555588
119 0.0552923
120 0.0550038
121 0.0546837
122 0.0543771
123 0.054102
124 0.0538069
125 0.0535133
126 0.0532458
127 0.0529546
128 0.0526855
129 0.0524456
130 0.0522183
131 0.0519253
132 0.0516406
133 0.0513646
134 0.0510845
135 0.0507636
136 0.0505509
137 0.0502908
138 0.0500281
139 0.049783
140 0.0495636
141 0.0493527
142 0.0491307
143 0.0489095
144 0.0487422
145 0.0485189
146 0.0482608
147 0.0480928
148 0.0479181
149 0.047695
150 0.0474846
151 0.0472526
152 0.0470501
153 0.0468123
154 0.0465918
155 0.0463844
156 0.0462002
157 0.0459974
158 0.0457684
159 0.0456061
160 0.0454057
161 0.0452019
162 0.0450019
163 0.0448157
164 0.0446123
165 0.0444531
166 0.0442706
167 0.044081
168 0.043883
169 0.0437258
170 0.043511
171 0.0433601
172 0.0431955
173 0.0430441
174 0.0428822
175 0.0427085
176 0.0425173
177 0.0423333
178 0.0421409
179 0.0419876
180 0.0418207
181 0.0416612
182 0.0414805
183 0.0413141
184 0.0411257
185 0.0409297
186 0.0407541
187 0.04062
188 0.0404462
189 0.0402723
190 0.0401188
191 0.0399454
192 0.039805
193 0.0396624
194 0.039507
195 0.0393647
196 0.0391802
197 0.0390506
198 0.0389177
199 0.0387618
200 0.0386309
201 0.0384686
202 0.0383192
203 0.038183
204 0.0380156
205 0.0378423
206 0.0376969
207 0.0375633
208 0.0374018
209 0.0372422
210 0.0370719
211 0.0369277
212 0.0367881
213 0.0366576
214 0.0365218
215 0.0363625
216 0.0362265
217 0.0360667
218 0.0359037
219 0.035769
220 0.0356433
221 0.0354869
222 0.0353512
223 0.0352447
224 0.0350825
225 0.034956
226 0.0348349
227 0.0347047
228 0.0345505
229 0.0343914
230 0.0342415
231 0.0341217
232 0.0339598
233 0.033853
234 0.0336901
235 0.0335299
236 0.0333721
237 0.0332394
238 0.0330973
239 0.0329554
240 0.0328066
241 0.0326302
242 0.0325025
243 0.0323804
244 0.0322038
245 0.0321111
246 0.0319661
247 0.0318347
248 0.0317051
249 0.0315614
250 0.0314426
251 0.0312968
252 0.0311909
253 0.0310303
254 0.0308854
255 0.0307493
256 0.0306188
257 0.0304816
258 0.0303296
259 0.0301929
260 0.0300423
261 0.0299271
262 0.0297989
263 0.029645
264 0.0295219
265 0.029391
266 0.0292502
267 0.0291369
268 0.0290193
269 0.0288996
270 0.0287723
271 0.0286474
272 0.0284981
273 0.0283503
274 0.0282335
275 0.0281179
276 0.0279966
277 0.0278641
278 0.0277468
279 0.0276376
280 0.027494
281 0.0273642
282 0.0272424
283 0.0271203
284 0.027008
285 0.0269077
286 0.0267581
287 0.0266384
288 0.0265217
289 0.0263987
290 0.0262971
291 0.0261758
292 0.0260955
293 0.025986
294 0.0258558
295 0.0257238
296 0.0256369
297 0.0255314
298 0.0254187
299 0.0252974
300 0.0252069
301 0.0250772
302 0.0249638
303 0.0248748
304 0.0247481
305 0.0246459
306 0.0245434
307 0.024449
308 0.0243426
309 0.0242469
310 0.0241332
311 0.0240367
312 0.0239761
313 0.0238589
314 0.0237704
315 0.0236616
316 0.0235695
317 0.0234857
318 0.0233886
319 0.0232742
320 0.0232005
321 0.0230892
322 0.0230205
323 0.022922
324 0.0228316
325 0.0227445
326 0.0226376
327 0.0225596
328 0.022474
329 0.0223883
330 0.0222854
331 0.0221984
332 0.0221261
333 0.0220298
334 0.0219529
335 0.0218576
336 0.0217879
337 0.0217212
338 0.0216123
339 0.0215362
340 0.0214441
341 0.0213718
342 0.021309
343 0.0212273
344 0.0211363
345 0.0210652
346 0.0209912
347 0.020916
348 0.0208273
349 0.0207578
350 0.0206952
351 0.020607
352 0.0205464
353 0.02048
354 0.0204073
355 0.020333
356 0.0202714
357 0.0201914
358 0.0201113
359 0.0200402
360 0.0199681
361 0.0199078
362 0.0198491
363 0.0197886
364 0.0197273
365 0.019654
366 0.0195803
367 0.0194957
368 0.0194302
369 0.0193647
370 0.0193042
371 0.0192296
372 0.0191637
373 0.0190996
374 0.019047
375 0.0189815
376 0.0189033
377 0.018839
378 0.018785
379 0.0187238
380 0.0186758
381 0.0186123
382 0.0185395
383 0.0184897
384 0.0184115
385 0.0183432
386 0.0182951
387 0.0182324
388 0.018165
389 0.0181059
390 0.0180412
391 0.0179733
392 0.0179258
393 0.0178718
394 0.0178126
395 0.0177411
396 0.0177078
397 0.0176438
398 0.0175986
399 0.0175466
400 0.0174885
