1 0.332797
6 0.333195
11 0.430271
16 0.505538
21 0.55989
26 0.598732
31 0.628638
36 0.652254
41 0.672219
46 0.688345
51 0.702123
56 0.714121
61 0.724496
66 0.734337
71 0.742893
76 0.749873
81 0.757218
86 0.762852
91 0.768993
96 0.774549
101 0.779633
106 0.783391
111 0.788212
116 0.791859
121 0.796292
126 0.799814
131 0.802816
136 0.806385
141 0.808926
146 0.812209
151 0.815018
156 0.817023
161 0.8198
166 0.822585
171 0.824362
176 0.826663
181 0.828801
186 0.830502
191 0.832502
196 0.834888
200 0.835963
