1 0.499857
6 0.499552
11 0.667172
16 0.697899
21 0.712616
26 0.719654
31 0.723574
36 0.727221
41 0.730408
46 0.73148
51 0.732844
56 0.734446
61 0.734922
66 0.735312
71 0.737448
76 0.737886
81 0.738705
86 0.738419
91 0.739909
96 0.739781
101 0.739222
106 0.740148
111 0.741057
116 0.740418
121 0.741201
126 0.741223
131 0.742252
136 0.742213
141 0.741955
146 0.742496
151 0.74273
156 0.743189
161 0.742712
166 0.74376
171 0.743428
176 0.743943
181 0.743307
186 0.743742
191 0.744244
196 0.744024
200 0.743691
