1 0.499857
6 0.499995
11 0.559455
16 0.598831
21 0.62488
26 0.642217
31 0.655063
36 0.664793
41 0.672708
46 0.678952
51 0.684115
56 0.688552
61 0.692251
66 0.695575
71 0.698466
76 0.700991
81 0.703333
86 0.705356
91 0.707095
96 0.708851
101 0.710446
106 0.711729
111 0.713087
116 0.714257
121 0.715442
126 0.716401
131 0.717309
136 0.718214
141 0.719097
146 0.719866
151 0.720684
156 0.721343
161 0.721971
166 0.722698
171 0.72315
176 0.723793
181 0.724382
186 0.724824
191 0.725396
196 0.725904
200 0.726221
