1 0.162576
2 0.162523
3 0.162534
4 0.16258
5 0.162585
6 0.162536
7 0.160793
8 0.158272
9 0.15535
10 0.152305
11 0.14924
12 0.146176
13 0.143197
14 0.140304
15 0.137514
16 0.134838
17 0.132279
18 0.129823
19 0.127476
20 0.125232
21 0.123079
22 0.121013
23 0.119041
24 0.117143
25 0.11533
26 0.113587
27 0.111908
28 0.110294
29 0.108741
30 0.107239
31 0.105793
32 0.1044
33 0.103052
34 0.101751
35 0.100495
36 0.0992762
37 0.0980972
38 0.0969568
39 0.0958497
40 0.0947744
41 0.0937305
42 0.0927147
43 0.0917317
44 0.0907721
45 0.0898362
46 0.0889267
47 0.0880414
48 0.087179
49 0.0863387
50 0.0855218
51 0.0847256
52 0.0839491
53 0.0831883
54 0.0824447
55 0.0817167
56 0.0810032
57 0.0803074
58 0.0796278
59 0.0789629
60 0.0783115
61 0.0776749
62 0.0770532
63 0.0764434
64 0.0758461
65 0.0752597
66 0.0746851
67 0.0741199
68 0.073567
69 0.0730232
70 0.0724904
71 0.0719682
72 0.0714567
73 0.0709533
74 0.0704615
75 0.0699775
76 0.0695019
77 0.0690327
78 0.068574
79 0.0681218
80 0.0676781
81 0.0672402
82 0.0668098
83 0.0663868
84 0.0659712
85 0.0655615
86 0.0651579
87 0.0647607
88 0.0643688
89 0.063983
90 0.0636034
91 0.06323
92 0.062861
93 0.0624976
94 0.06214
95 0.0617888
96 0.0614411
97 0.0610988
98 0.060762
99 0.0604297
100 0.0601008
101 0.0597772
102 0.0594569
103 0.0591412
104 0.0588308
105 0.058524
106 0.0582215
107 0.0579227
108 0.0576274
109 0.0573366
110 0.057049
111 0.0567644
112 0.0564829
113 0.0562048
114 0.0559306
115 0.0556609
116 0.0553942
117 0.0551301
118 0.0548698
119 0.0546126
120 0.0543592
121 0.0541082
122 0.0538595
123 0.0536141
124 0.0533715
125 0.0531312
126 0.0528939
127 0.0526594
128 0.0524279
129 0.0521984
130 0.0519719
131 0.0517468
132 0.0515252
133 0.051306
134 0.0510887
135 0.0508733
136 0.0506606
137 0.0504497
138 0.0502407
139 0.0500336
140 0.0498288
141 0.0496269
142 0.0494268
143 0.0492286
144 0.0490326
145 0.0488383
146 0.0486455
147 0.0484558
148 0.0482668
149 0.0480798
150 0.0478943
151 0.0477109
152 0.0475297
153 0.04735
154 0.0471718
155 0.0469957
156 0.0468213
157 0.0466484
158 0.0464771
159 0.0463066
160 0.0461383
161 0.0459719
162 0.0458068
163 0.0456433
164 0.0454805
165 0.0453193
166 0.0451595
167 0.045001
168 0.0448439
169 0.0446884
170 0.0445343
171 0.0443816
172 0.0442299
173 0.0440802
174 0.0439314
175 0.043784
176 0.0436378
177 0.043493
178 0.043349
179 0.043206
180 0.0430643
181 0.0429238
182 0.0427845
183 0.0426463
184 0.0425088
185 0.042373
186 0.0422376
187 0.0421042
188 0.0419715
189 0.0418398
190 0.0417089
191 0.0415791
192 0.0414502
193 0.0413222
194 0.0411958
195 0.0410701
196 0.0409449
197 0.040821
198 0.0406973
199 0.0405749
200 0.0404535
201 0.0403332
202 0.0402137
203 0.0400956
204 0.0399776
205 0.0398607
206 0.0397446
207 0.0396295
208 0.0395149
209 0.0394009
210 0.0392879
211 0.0391758
212 0.0390643
213 0.0389534
214 0.0388438
215 0.0387353
216 0.038627
217 0.0385194
218 0.0384127
219 0.0383067
220 0.0382016
221 0.038097
222 0.0379931
223 0.0378897
224 0.0377875
225 0.0376858
226 0.0375845
227 0.0374839
228 0.0373841
229 0.0372854
230 0.0371873
231 0.0370894
232 0.0369922
233 0.0368956
234 0.0367995
235 0.0367038
236 0.036609
237 0.0365147
238 0.0364211
239 0.0363278
240 0.0362352
241 0.0361434
242 0.036052
243 0.0359612
244 0.0358707
245 0.0357808
246 0.0356923
247 0.0356036
248 0.0355158
249 0.0354285
250 0.0353414
251 0.0352553
252 0.0351694
253 0.035084
254 0.0349993
255 0.0349149
256 0.0348309
257 0.0347476
258 0.0346647
259 0.0345824
260 0.0345004
261 0.034419
262 0.0343382
263 0.0342573
264 0.0341771
265 0.0340978
266 0.0340185
267 0.0339399
268 0.0338619
269 0.0337838
270 0.0337063
271 0.0336291
272 0.0335526
273 0.0334766
274 0.0334008
275 0.0333257
276 0.0332508
277 0.0331766
278 0.0331026
279 0.0330289
280 0.0329557
281 0.0328828
282 0.0328107
283 0.0327386
284 0.032667
285 0.0325959
286 0.0325252
287 0.0324547
288 0.0323847
289 0.0323149
290 0.0322453
291 0.0321762
292 0.0321076
293 0.0320393
294 0.0319713
295 0.0319036
296 0.0318362
297 0.0317695
298 0.0317031
299 0.031637
300 0.0315711
301 0.0315056
302 0.0314404
303 0.0313754
304 0.0313108
305 0.0312467
306 0.0311825
307 0.031119
308 0.0310555
309 0.0309925
310 0.0309299
311 0.0308676
312 0.0308054
313 0.0307436
314 0.0306822
315 0.0306208
316 0.0305599
317 0.0304994
318 0.0304393
319 0.0303792
320 0.0303196
321 0.0302602
322 0.030201
323 0.0301421
324 0.0300837
325 0.0300255
326 0.0299675
327 0.0299099
328 0.0298524
329 0.0297953
330 0.0297384
331 0.0296818
332 0.0296254
333 0.0295693
334 0.0295134
335 0.0294577
336 0.0294023
337 0.0293472
338 0.0292923
339 0.0292376
340 0.0291832
341 0.029129
342 0.0290749
343 0.0290213
344 0.0289679
345 0.0289148
346 0.0288618
347 0.0288093
348 0.0287569
349 0.0287046
350 0.0286527
351 0.028601
352 0.0285495
353 0.0284983
354 0.0284471
355 0.0283962
356 0.0283456
357 0.0282951
358 0.0282448
359 0.0281948
360 0.0281449
361 0.0280952
362 0.0280458
363 0.0279967
364 0.0279479
365 0.0278992
366 0.0278507
367 0.0278023
368 0.0277541
369 0.0277061
370 0.0276583
371 0.0276108
372 0.0275635
373 0.0275164
374 0.0274694
375 0.0274227
376 0.0273761
377 0.0273297
378 0.0272834
379 0.0272376
380 0.027192
381 0.0271464
382 0.0271009
383 0.0270556
384 0.0270104
385 0.0269654
386 0.0269206
387 0.0268761
388 0.0268318
389 0.0267878
390 0.0267438
391 0.0267001
392 0.0266567
393 0.0266131
394 0.0265698
395 0.0265269
396 0.0264838
397 0.0264412
398 0.0263986
399 0.0263561
400 0.0263138
