1 0.196314
2 0.193203
3 0.157199
4 0.1356
5 0.114477
6 0.105996
7 0.0945405
8 0.0885759
9 0.0817185
10 0.0768303
11 0.0713655
12 0.0681566
13 0.0638715
14 0.0608156
15 0.0578524
16 0.0554377
17 0.0529056
18 0.0509775
19 0.0485828
20 0.0467141
21 0.0448298
22 0.0433151
23 0.0417295
24 0.0405432
25 0.0392581
26 0.0381352
27 0.0370436
28 0.0359981
29 0.0348509
30 0.0340496
31 0.0330715
32 0.0322173
33 0.0313888
34 0.0306705
35 0.0298757
36 0.0293038
37 0.0286271
38 0.0279518
39 0.0273227
40 0.0267996
41 0.0262215
42 0.025794
43 0.025239
44 0.0247932
45 0.024344
46 0.0238926
47 0.0234502
48 0.022988
49 0.0225928
50 0.0222498
51 0.0218499
52 0.0215098
53 0.0211664
54 0.0208492
55 0.0205287
56 0.0202024
57 0.0199084
58 0.0195987
59 0.0193124
60 0.019023
61 0.0187611
62 0.0184876
63 0.0182033
64 0.0179768
65 0.0177536
66 0.0175421
67 0.0172939
68 0.0170823
69 0.0168569
70 0.0166586
71 0.0164412
72 0.0162657
73 0.0160611
74 0.0159036
75 0.0157079
76 0.015525
77 0.0153427
78 0.0151512
79 0.0149647
80 0.0148142
81 0.0146093
82 0.0144766
83 0.0143264
84 0.0141741
85 0.0140291
86 0.0138782
87 0.0137567
88 0.0136172
89 0.0134453
90 0.0132965
91 0.0131723
92 0.0130653
93 0.0129368
94 0.0128121
95 0.0126711
96 0.0125749
97 0.012462
98 0.0123415
99 0.0122212
100 0.0121273
101 0.0119914
102 0.0119113
103 0.0117931
104 0.0117104
105 0.0116169
106 0.011507
107 0.011411
108 0.0113023
109 0.0112222
110 0.0111301
111 0.0110265
112 0.0109581
113 0.0108571
114 0.0107807
115 0.0106966
116 0.0105967
117 0.0105109
118 0.0104402
119 0.0103565
120 0.0102698
121 0.010206
122 0.0101187
123 0.0100332
124 0.0099454
125 0.00986829
126 0.00979836
127 0.00971844
128 0.00965885
129 0.00961038
130 0.009542
131 0.00946161
132 0.00940317
133 0.00933786
134 0.00929712
135 0.0092287
136 0.0091626
137 0.00909439
138 0.00903222
139 0.00896701
140 0.00890661
141 0.00884152
142 0.0087868
143 0.00873741
144 0.00866995
145 0.00862475
146 0.00857331
147 0.00850488
148 0.00844909
149 0.00841278
150 0.00835274
151 0.00831067
152 0.00826247
153 0.00823177
154 0.0081687
155 0.00811563
156 0.00807118
157 0.0080296
158 0.00797887
159 0.0079423
160 0.00789679
161 0.00784248
162 0.00780398
163 0.00776234
164 0.00770448
165 0.0076689
166 0.00762497
167 0.00759589
168 0.00755046
169 0.00751066
170 0.00747218
171 0.00743288
172 0.00738493
173 0.00734811
174 0.00731025
175 0.00727076
176 0.00722485
177 0.00719229
178 0.00715718
179 0.00710469
180 0.00708654
181 0.00703959
182 0.00700732
183 0.00697151
184 0.00694077
185 0.00690505
186 0.00687682
187 0.00684914
188 0.006811
189 0.00677388
190 0.00673511
191 0.00671148
192 0.00667379
193 0.0066422
194 0.00660794
195 0.00658342
196 0.00653934
197 0.00651299
198 0.0064574
199 0.00643912
200 0.00639961
201 0.00636972
202 0.00635475
203 0.00631862
204 0.00629064
205 0.00626779
206 0.00624236
207 0.00621317
208 0.00618874
209 0.00616072
210 0.00612937
211 0.00610648
212 0.00607906
213 0.00604559
214 0.0060226
215 0.0059973
216 0.00597079
217 0.00594355
218 0.00592302
219 0.00589629
220 0.00586767
221 0.00584654
222 0.00581918
223 0.00580174
224 0.00577105
225 0.00575235
226 0.00572963
227 0.00570736
228 0.00567519
229 0.00565109
230 0.00563679
231 0.00561113
232 0.00559452
233 0.00556876
234 0.00556173
235 0.00552996
236 0.00550628
237 0.00548658
238 0.00546523
239 0.00544112
240 0.00542195
241 0.00540827
242 0.00538683
243 0.00537068
244 0.00533733
245 0.00531379
246 0.00530218
247 0.00528108
248 0.00526777
249 0.00524709
250 0.00523659
251 0.00521336
252 0.00518898
253 0.00517462
254 0.00515011
255 0.00514485
256 0.00512482
257 0.00510853
258 0.0050922
259 0.00507684
260 0.00505557
261 0.00503435
262 0.00501938
263 0.0049969
264 0.00497529
265 0.00495987
266 0.0049393
267 0.0049283
268 0.00490284
269 0.0048835
270 0.00486996
271 0.00484649
272 0.00483264
273 0.00481975
274 0.00479904
275 0.00478627
276 0.00476588
277 0.00474381
278 0.00473738
279 0.00471905
280 0.00470017
281 0.00467631
282 0.00466839
283 0.00465186
284 0.00463592
285 0.0046168
286 0.00459729
287 0.00458351
288 0.00457453
289 0.00455669
290 0.0045408
291 0.00453732
292 0.00452042
293 0.00450517
294 0.00448987
295 0.00447348
296 0.00446082
297 0.0044542
298 0.00442454
299 0.00441145
300 0.00439784
301 0.00438786
302 0.00436963
303 0.0043572
304 0.00434203
305 0.00433179
306 0.00431084
307 0.00430143
308 0.00428673
309 0.00427771
310 0.00426436
311 0.00424566
312 0.00424318
313 0.00422429
314 0.00421726
315 0.00420119
316 0.00419768
317 0.00417534
318 0.00416636
319 0.00415189
320 0.0041442
321 0.00413344
322 0.00411856
323 0.00411151
324 0.00410051
325 0.00408241
326 0.00407004
327 0.00406121
328 0.00404745
329 0.00403972
330 0.00402326
331 0.00401803
332 0.00400881
333 0.00399572
334 0.00397908
335 0.00397157
336 0.00396775
337 0.00395178
338 0.00394895
339 0.00392882
340 0.00392258
341 0.00391857
342 0.00390113
343 0.00389304
344 0.00388792
345 0.00387877
346 0.00387223
347 0.00385649
348 0.00384604
349 0.00383356
350 0.00382451
351 0.00381231
352 0.00380179
353 0.00378446
354 0.00377877
355 0.00377157
356 0.00376781
357 0.00375314
358 0.00374387
359 0.00373128
360 0.00372305
361 0.00371775
362 0.00370449
363 0.00369435
364 0.00368533
365 0.00367778
366 0.00367489
367 0.0036569
368 0.00364872
369 0.0036444
370 0.00363594
371 0.00362815
372 0.00362342
373 0.00360623
374 0.00360292
375 0.00359396
376 0.00358246
377 0.00357594
378 0.0035605
379 0.00354942
380 0.00353613
381 0.00352609
382 0.00352331
383 0.00351673
384 0.00350033
385 0.00348849
386 0.00347969
387 0.00346979
388 0.00346324
389 0.00345989
390 0.00344772
391 0.00343997
392 0.00342487
393 0.00342458
394 0.00341736
395 0.00340824
396 0.00339401
397 0.00338835
398 0.00338086
399 0.0033735
400 0.00336121
