1 0.498981
2 0.527424
3 0.550721
4 0.570315
5 0.587153
6 0.601859
7 0.614827
8 0.626354
9 0.636633
10 0.646156
11 0.654612
12 0.662487
13 0.669732
14 0.676489
15 0.682803
16 0.688635
17 0.694188
18 0.699245
19 0.703986
20 0.70865
21 0.712943
22 0.71707
23 0.720946
24 0.724771
25 0.728403
26 0.731774
27 0.734903
28 0.738148
29 0.741143
30 0.744168
31 0.746778
32 0.74954
33 0.752049
34 0.754747
35 0.756991
36 0.759421
37 0.761598
38 0.763909
39 0.765947
40 0.768009
41 0.770105
42 0.771921
43 0.773742
44 0.775617
45 0.777361
46 0.779138
47 0.780786
48 0.782489
49 0.784114
50 0.785713
51 0.787273
52 0.788611
53 0.790067
54 0.791579
55 0.792889
56 0.794291
57 0.795477
58 0.796912
59 0.798215
60 0.79937
61 0.80059
62 0.801745
63 0.802958
64 0.80414
65 0.805157
66 0.806295
67 0.807458
68 0.808482
69 0.809545
70 0.810532
71 0.811623
72 0.812628
73 0.813653
74 0.814422
75 0.815471
76 0.816422
77 0.817262
78 0.818129
79 0.819104
80 0.819911
81 0.820744
82 0.821687
83 0.82238
84 0.823293
85 0.824151
86 0.824698
87 0.825513
88 0.826339
89 0.826972
90 0.827832
91 0.828496
92 0.829279
93 0.829867
94 0.830728
95 0.831382
96 0.832084
97 0.832727
98 0.833454
99 0.834054
100 0.834782
101 0.835424
102 0.836071
103 0.836516
104 0.83717
105 0.837732
106 0.838474
107 0.83903
108 0.83968
109 0.840228
110 0.840717
111 0.84132
112 0.841871
113 0.842407
114 0.843085
115 0.843523
116 0.844074
117 0.844486
118 0.84511
119 0.845577
120 0.846082
121 0.846656
122 0.847111
123 0.847659
124 0.848082
125 0.848649
126 0.849109
127 0.849628
128 0.849983
129 0.8503
130 0.850775
131 0.851285
132 0.851716
133 0.852234
134 0.852693
135 0.853085
136 0.853504
137 0.854016
138 0.854382
139 0.854828
140 0.855205
141 0.85561
142 0.856073
143 0.85646
144 0.856837
145 0.857226
146 0.857505
147 0.858081
148 0.858412
149 0.858819
150 0.859182
151 0.859515
152 0.859943
153 0.8603
154 0.860596
155 0.860964
156 0.861327
157 0.861658
158 0.862121
159 0.862418
160 0.862762
161 0.863089
162 0.863483
163 0.863775
164 0.864186
165 0.864454
166 0.864777
167 0.865139
168 0.865494
169 0.865819
170 0.866129
171 0.866371
172 0.866641
173 0.866947
174 0.867277
175 0.867599
176 0.86791
177 0.868242
178 0.868457
179 0.868851
180 0.86911
181 0.869467
182 0.869706
183 0.86999
184 0.870293
185 0.870557
186 0.870755
187 0.871205
188 0.871441
189 0.871704
190 0.872006
191 0.872297
192 0.872531
193 0.87276
194 0.87304
195 0.873238
196 0.873597
197 0.873862
198 0.874101
199 0.8744
200 0.874643
201 0.874891
202 0.87513
203 0.875357
204 0.875551
205 0.876081
206 0.876215
207 0.876424
208 0.876652
209 0.876915
210 0.877085
211 0.877351
212 0.877634
213 0.877861
214 0.878052
215 0.878271
216 0.878567
217 0.878755
218 0.879012
219 0.879228
220 0.879428
221 0.879651
222 0.879876
223 0.880124
224 0.880333
225 0.880537
226 0.880744
227 0.880914
228 0.8813
229 0.881465
230 0.881665
231 0.881849
232 0.882076
233 0.882265
234 0.882443
235 0.882664
236 0.88286
237 0.883142
238 0.883315
239 0.883527
240 0.883715
241 0.884028
242 0.884147
243 0.884359
244 0.884574
245 0.884745
246 0.884977
247 0.885148
248 0.885343
249 0.88555
250 0.885764
251 0.885959
252 0.886144
253 0.886352
254 0.886529
255 0.886701
256 0.886769
257 0.886831
258 0.886994
259 0.887182
260 0.887359
261 0.887545
262 0.887755
263 0.887927
264 0.888099
265 0.888293
266 0.888493
267 0.888626
268 0.888851
269 0.889008
270 0.889207
271 0.889368
272 0.889529
273 0.88963
274 0.889915
275 0.89007
276 0.890228
277 0.890403
278 0.890549
279 0.890681
280 0.89093
281 0.891072
282 0.891224
283 0.8914
284 0.891558
285 0.891707
286 0.891874
287 0.892039
288 0.89218
289 0.892333
290 0.892485
291 0.892606
292 0.892713
293 0.893083
294 0.893176
295 0.893304
296 0.893446
297 0.893587
298 0.893757
299 0.893866
300 0.894022
301 0.894145
302 0.894332
303 0.89446
304 0.894631
305 0.894755
306 0.894912
307 0.895037
308 0.895186
309 0.895317
310 0.895459
311 0.895606
312 0.895765
313 0.895882
314 0.896012
315 0.896092
316 0.896357
317 0.896478
318 0.896621
319 0.89676
320 0.896868
321 0.896978
322 0.897123
323 0.897236
324 0.897416
325 0.897535
326 0.89767
327 0.897799
328 0.897956
329 0.898077
330 0.898176
331 0.898327
332 0.89843
333 0.898557
334 0.898691
335 0.898811
336 0.898935
337 0.899042
338 0.899157
339 0.899265
340 0.899351
341 0.899399
342 0.899899
343 0.899966
344 0.900059
345 0.900165
346 0.900267
347 0.900379
348 0.900496
349 0.900617
350 0.90073
351 0.900826
352 0.90096
353 0.901055
354 0.901203
355 0.901313
356 0.9014
357 0.901561
358 0.901676
359 0.901753
360 0.901874
361 0.901973
362 0.902138
363 0.902238
364 0.902342
365 0.902471
366 0.902579
367 0.902682
368 0.902797
369 0.902913
370 0.903008
371 0.903109
372 0.903187
373 0.90342
374 0.903509
375 0.90361
376 0.903703
377 0.903803
378 0.90393
379 0.904031
380 0.904154
381 0.904248
382 0.904378
383 0.904482
384 0.904546
385 0.904608
386 0.90471
387 0.904818
388 0.904925
389 0.905033
390 0.905106
391 0.905268
392 0.905356
393 0.905453
394 0.905612
395 0.90569
396 0.905777
397 0.905887
398 0.905982
399 0.906083
400 0.906184
