1 0.0835145
2 0.141507
3 0.0612136
4 0.075896
5 0.0578565
6 0.0547825
7 0.0399914
8 0.0519446
9 0.0348165
10 0.0366479
11 0.0355291
12 0.0339242
13 0.0284186
14 0.0311614
15 0.0254039
16 0.0274205
17 0.0253807
18 0.0237251
19 0.0221022
20 0.0241012
21 0.0211281
22 0.0209193
23 0.0205896
24 0.019997
25 0.0183976
26 0.0189897
27 0.0173542
28 0.0175847
29 0.0171257
30 0.0166919
31 0.0163272
32 0.0163733
33 0.0152747
34 0.015358
35 0.0150539
36 0.0149838
37 0.0143121
38 0.0144947
39 0.0137784
40 0.0137333
41 0.0135955
42 0.0131483
43 0.0127955
44 0.0129884
45 0.0124352
46 0.0124364
47 0.0122005
48 0.0120972
49 0.0116901
50 0.0117355
51 0.0114362
52 0.0115027
53 0.0112021
54 0.0110823
55 0.0107714
56 0.0109359
57 0.0105095
58 0.0105076
59 0.0104001
60 0.0102546
61 0.0100981
62 0.0100403
63 0.0098894
64 0.00983543
65 0.0096762
66 0.0096381
67 0.00948447
68 0.00941082
69 0.0092981
70 0.00918781
71 0.00910935
72 0.00903518
73 0.00891115
74 0.00891464
75 0.00872714
76 0.00871316
77 0.00853153
78 0.00859227
79 0.00840203
80 0.00841818
81 0.00825893
82 0.00823556
83 0.00810378
84 0.00808046
85 0.00793337
86 0.00803947
87 0.00783709
88 0.00784022
89 0.0077467
90 0.00762951
91 0.00759627
92 0.00758314
93 0.00746315
94 0.00748528
95 0.00745694
96 0.00732437
97 0.00726358
98 0.00722587
99 0.00708796
100 0.00720629
101 0.00713216
102 0.00697888
103 0.0068966
104 0.00696086
105 0.0068486
106 0.00684061
107 0.00672642
108 0.00673001
109 0.00659992
110 0.00665131
111 0.00662895
112 0.0065986
113 0.0065323
114 0.0064397
115 0.00636055
116 0.0063898
117 0.00629141
118 0.00631615
119 0.00629676
120 0.00620303
121 0.00620208
122 0.00615114
123 0.00609228
124 0.00607367
125 0.00607033
126 0.00599469
127 0.00593774
128 0.00596467
129 0.00593715
130 0.00586649
131 0.0058321
132 0.005802
133 0.00576446
134 0.00574636
135 0.00568136
136 0.00572292
137 0.00562641
138 0.0055892
139 0.00555029
140 0.00556968
141 0.00553865
142 0.00551446
143 0.00546491
144 0.00546408
145 0.00543061
146 0.00541253
147 0.00537271
148 0.00534079
149 0.005359
150 0.00527878
151 0.00524839
152 0.00522581
153 0.00523107
154 0.00517385
155 0.00517875
156 0.00516482
157 0.00509582
158 0.00510315
159 0.00504515
160 0.00504319
161 0.00503216
162 0.00497314
163 0.00494436
164 0.00495806
165 0.00487746
166 0.00491638
167 0.00487641
168 0.00482484
169 0.00481596
170 0.00478499
171 0.00480321
172 0.0047542
173 0.00472489
174 0.00472875
175 0.004695
176 0.00469276
177 0.00468341
178 0.00467019
179 0.0046184
180 0.00464927
181 0.00461056
182 0.00456974
183 0.00457622
184 0.00454305
185 0.00452037
186 0.00451919
187 0.00447887
188 0.00446149
189 0.00444871
190 0.0044573
191 0.00442685
192 0.00439762
193 0.00437247
194 0.00436976
195 0.00432734
196 0.00434894
197 0.00433315
198 0.00432874
199 0.00427073
200 0.00428183
201 0.00421582
202 0.00427844
203 0.00421697
204 0.00422586
205 0.00419172
206 0.00417253
207 0.00417931
208 0.00413735
209 0.00414474
210 0.00409479
211 0.00410436
212 0.00408363
213 0.0041002
214 0.00403273
215 0.00405245
216 0.0040732
217 0.00399956
218 0.00399683
219 0.00398048
220 0.0039963
221 0.00398534
222 0.00396742
223 0.00395624
224 0.00391866
225 0.00391754
226 0.0039521
227 0.00389399
228 0.00386337
229 0.00381679
230 0.00385985
231 0.00383832
232 0.00382584
233 0.00381824
234 0.0037928
235 0.00379721
236 0.0037759
237 0.00377379
238 0.00375447
239 0.0037548
240 0.00372807
241 0.00375151
242 0.00367632
243 0.00367053
244 0.00369378
245 0.00362226
246 0.00364245
247 0.00362208
248 0.0036215
249 0.0036094
250 0.00363872
251 0.00356918
252 0.00358585
253 0.00356515
254 0.00357814
255 0.00357096
256 0.0035456
257 0.00351806
258 0.00354955
259 0.0035085
260 0.00352188
261 0.00348933
262 0.00349821
263 0.00353436
264 0.00348593
265 0.0034405
266 0.00346451
267 0.00343561
268 0.00338341
269 0.00343913
270 0.00342477
271 0.00340614
272 0.00339698
273 0.00337571
274 0.00336007
275 0.00333658
276 0.00336531
277 0.00335768
278 0.00333061
279 0.00335155
280 0.00331339
281 0.00330144
282 0.00330161
283 0.00330173
284 0.00328417
285 0.00326274
286 0.00325346
287 0.00324735
288 0.00326277
289 0.00323014
290 0.00324069
291 0.00323252
292 0.00318292
293 0.00316332
294 0.00320262
295 0.00322733
296 0.00319338
297 0.00314112
298 0.00318129
299 0.00314178
300 0.00317754
301 0.00316126
302 0.00313987
303 0.00312284
304 0.00311472
305 0.00309888
306 0.00309367
307 0.00308883
308 0.00307991
309 0.00305028
310 0.0030674
311 0.00305369
312 0.00305757
313 0.00305062
314 0.00304308
315 0.00302356
316 0.00306214
317 0.003019
318 0.0030005
319 0.00300444
320 0.00299137
321 0.0029964
322 0.00297915
323 0.0030029
324 0.00298181
325 0.00298328
326 0.00294809
327 0.00296541
328 0.00294773
329 0.00293058
330 0.00289583
331 0.0029354
332 0.0028901
333 0.00292181
334 0.00291076
335 0.00290257
336 0.00288247
337 0.00289029
338 0.00285716
339 0.00290494
340 0.0028421
341 0.00285705
342 0.00286054
343 0.00285037
344 0.00285942
345 0.00284203
346 0.00281856
347 0.0028415
348 0.00280696
349 0.00282247
350 0.00280574
351 0.00280598
352 0.00281271
353 0.00278641
354 0.0027602
355 0.00278448
356 0.00275097
357 0.00276886
358 0.00276161
359 0.00274747
360 0.00272138
361 0.00273313
362 0.00273981
363 0.00271906
364 0.0027182
365 0.00270852
366 0.00269534
367 0.00270604
368 0.00270188
369 0.00269228
370 0.00268921
371 0.0026855
372 0.00267119
373 0.00268454
374 0.00267019
375 0.00266021
376 0.00264591
377 0.00266218
378 0.00262994
379 0.00262097
380 0.00261391
381 0.00260433
382 0.00257448
383 0.00261399
384 0.00264878
385 0.00261818
386 0.00258903
387 0.00259962
388 0.00260605
389 0.00258143
390 0.00259049
391 0.00257995
392 0.00257572
393 0.00253618
394 0.00254747
395 0.00255482
396 0.00252307
397 0.00254554
398 0.00255981
399 0.00253466
400 0.00252321
