1 0.12173
2 0.135555
3 0.145693
4 0.157594
5 0.166383
6 0.175792
7 0.183739
8 0.192158
9 0.199077
10 0.206206
11 0.2129
12 0.220185
13 0.225665
14 0.231276
15 0.237053
16 0.241908
17 0.246492
18 0.251096
19 0.255301
20 0.259409
21 0.26325
22 0.2662
23 0.271229
24 0.274585
25 0.278018
26 0.28168
27 0.284555
28 0.287403
29 0.291145
30 0.294439
31 0.296642
32 0.300917
33 0.30371
34 0.306037
35 0.308242
36 0.310449
37 0.314532
38 0.317423
39 0.318888
40 0.321969
41 0.324218
42 0.326588
43 0.32892
44 0.330465
45 0.333886
46 0.33581
47 0.337186
48 0.339556
49 0.342005
50 0.344093
51 0.34623
52 0.34793
53 0.350407
54 0.35209
55 0.353948
56 0.355424
57 0.357375
58 0.35851
59 0.36156
60 0.363682
61 0.36527
62 0.366421
63 0.367922
64 0.370461
65 0.372151
66 0.373378
67 0.375125
68 0.375667
69 0.378007
70 0.379352
71 0.380936
72 0.383178
73 0.384955
74 0.386151
75 0.38746
76 0.388603
77 0.389824
78 0.391375
79 0.392928
80 0.394399
81 0.396273
82 0.398209
83 0.398357
84 0.400091
85 0.401253
86 0.401961
87 0.403824
88 0.405382
89 0.40696
90 0.408706
91 0.409544
92 0.410543
93 0.412155
94 0.412955
95 0.414736
96 0.416111
97 0.416472
98 0.418126
99 0.419247
100 0.421163
101 0.423426
102 0.423372
103 0.42422
104 0.426016
105 0.426778
106 0.428059
107 0.429013
108 0.429669
109 0.430845
110 0.432422
111 0.433319
112 0.434243
113 0.435244
114 0.436232
115 0.437291
116 0.438868
117 0.439514
118 0.441654
119 0.441586
120 0.442024
121 0.442819
122 0.44532
123 0.445656
124 0.446719
125 0.446806
126 0.448118
127 0.450188
128 0.450091
129 0.452685
130 0.452504
131 0.45385
132 0.453779
133 0.455316
134 0.455853
135 0.45674
136 0.458459
137 0.458721
138 0.460347
139 0.46087
140 0.46172
141 0.461942
142 0.46322
143 0.464552
144 0.465775
145 0.465396
146 0.466806
147 0.4666
148 0.468867
149 0.469168
150 0.468922
151 0.470923
152 0.472233
153 0.472333
154 0.473679
155 0.473527
156 0.475009
157 0.475916
158 0.476778
159 0.476018
160 0.478403
161 0.478137
162 0.479743
163 0.480459
164 0.481361
165 0.482363
166 0.482352
167 0.483738
168 0.483874
169 0.485403
170 0.486188
171 0.486351
172 0.487652
173 0.487647
174 0.48901
175 0.489431
176 0.489986
177 0.491228
178 0.491953
179 0.491901
180 0.49273
181 0.494158
182 0.493989
183 0.494806
184 0.495391
185 0.495751
186 0.496608
187 0.497504
188 0.497932
189 0.499503
190 0.499268
191 0.500315
192 0.501824
193 0.500773
194 0.502617
195 0.502708
196 0.503913
197 0.504708
198 0.505002
199 0.50591
200 0.506777
201 0.507271
202 0.507737
203 0.509593
204 0.509194
205 0.509366
206 0.510863
207 0.510539
208 0.510911
209 0.511686
210 0.512569
211 0.513698
212 0.514088
213 0.514923
214 0.514495
215 0.516548
216 0.516106
217 0.517299
218 0.516333
219 0.517705
220 0.517726
221 0.518425
222 0.519731
223 0.51953
224 0.519909
225 0.521661
226 0.52223
227 0.523052
228 0.523014
229 0.523265
230 0.522735
231 0.523927
232 0.525191
233 0.525653
234 0.525711
235 0.526459
236 0.527172
237 0.528042
238 0.528236
239 0.529056
240 0.529627
241 0.529616
242 0.530055
243 0.530995
244 0.531998
245 0.532181
246 0.532366
247 0.532606
248 0.534187
249 0.534329
250 0.53451
251 0.534496
252 0.535413
253 0.536362
254 0.536941
255 0.536694
256 0.537829
257 0.538352
258 0.539407
259 0.539421
260 0.539638
261 0.540134
262 0.540498
263 0.540486
264 0.541552
265 0.541729
266 0.542189
267 0.542579
268 0.54343
269 0.543803
270 0.544955
271 0.544409
272 0.545731
273 0.545461
274 0.545276
275 0.546985
276 0.547353
277 0.547918
278 0.547721
279 0.548794
280 0.548348
281 0.54889
282 0.549596
283 0.549992
284 0.551607
285 0.551693
286 0.551944
287 0.552327
288 0.551759
289 0.553821
290 0.553443
291 0.553414
292 0.554079
293 0.554358
294 0.555116
295 0.555274
296 0.555238
297 0.556485
298 0.556973
299 0.556933
300 0.557817
301 0.557972
302 0.558193
303 0.558364
304 0.559312
305 0.559285
306 0.559571
307 0.560461
308 0.56004
309 0.561512
310 0.562604
311 0.562997
312 0.562739
313 0.562909
314 0.563721
315 0.564308
316 0.565198
317 0.563945
318 0.5652
319 0.565625
320 0.565565
321 0.565612
322 0.566746
323 0.567375
324 0.567498
325 0.567731
326 0.568444
327 0.568419
328 0.56874
329 0.570072
330 0.569795
331 0.570308
332 0.570917
333 0.571463
334 0.570653
335 0.571368
336 0.571617
337 0.572736
338 0.57284
339 0.573251
340 0.573479
341 0.573856
342 0.574182
343 0.575364
344 0.575085
345 0.57561
346 0.576565
347 0.576064
348 0.575532
349 0.576019
350 0.577682
351 0.577681
352 0.578068
353 0.578085
354 0.579284
355 0.578618
356 0.579403
357 0.579641
358 0.580164
359 0.58006
360 0.58081
361 0.581123
362 0.58143
363 0.582681
364 0.582584
365 0.582803
366 0.583403
367 0.583294
368 0.582843
369 0.584351
370 0.58498
371 0.584668
372 0.585151
373 0.585161
374 0.585433
375 0.584971
376 0.586097
377 0.587324
378 0.586931
379 0.587517
380 0.588465
381 0.587643
382 0.587684
383 0.588451
384 0.588942
385 0.589381
386 0.589232
387 0.590185
388 0.590034
389 0.590283
390 0.590451
391 0.591289
392 0.591625
393 0.592233
394 0.591552
395 0.592968
396 0.592932
397 0.593164
398 0.594272
399 0.593754
400 0.594669
