1 0.499676
2 0.508274
3 0.513747
4 0.518605
5 0.522606
6 0.526141
7 0.529547
8 0.532859
9 0.535397
10 0.537992
11 0.540551
12 0.542821
13 0.545222
14 0.547211
15 0.549247
16 0.55116
17 0.552849
18 0.554392
19 0.556145
20 0.557915
21 0.559117
22 0.560576
23 0.561971
24 0.5632
25 0.564539
26 0.56594
27 0.567014
28 0.568221
29 0.569301
30 0.570417
31 0.571499
32 0.572606
33 0.573684
34 0.574527
35 0.57552
36 0.576205
37 0.577351
38 0.578265
39 0.579083
40 0.579789
41 0.580665
42 0.581631
43 0.582424
44 0.583066
45 0.583959
46 0.584651
47 0.585294
48 0.585951
49 0.586726
50 0.587445
51 0.58808
52 0.588735
53 0.589403
54 0.590003
55 0.590568
56 0.591231
57 0.591694
58 0.592319
59 0.592969
60 0.593629
61 0.594114
62 0.594755
63 0.595055
64 0.595758
65 0.596349
66 0.596738
67 0.597225
68 0.597608
69 0.598271
70 0.598705
71 0.599027
72 0.599653
73 0.600179
74 0.600463
75 0.600913
76 0.601313
77 0.601719
78 0.602258
79 0.602596
80 0.60298
81 0.603531
82 0.603918
83 0.604263
84 0.604748
85 0.604976
86 0.605515
87 0.605836
88 0.606389
89 0.606586
90 0.607027
91 0.607406
92 0.607687
93 0.608122
94 0.608447
95 0.608809
96 0.609111
97 0.609318
98 0.609708
99 0.610105
100 0.610474
101 0.610919
102 0.611117
103 0.611444
104 0.611854
105 0.6121
106 0.612307
107 0.612616
108 0.612971
109 0.613236
110 0.613614
111 0.61386
112 0.614047
113 0.614398
114 0.614552
115 0.614869
116 0.61526
117 0.615473
118 0.615807
119 0.616019
120 0.616321
121 0.61653
122 0.61687
123 0.617155
124 0.617343
125 0.617531
126 0.617783
127 0.618121
128 0.61833
129 0.618667
130 0.618906
131 0.619108
132 0.619284
133 0.619542
134 0.619757
135 0.619977
136 0.620348
137 0.620392
138 0.62077
139 0.620965
140 0.621184
141 0.621341
142 0.621583
143 0.621853
144 0.622109
145 0.622208
146 0.622627
147 0.622551
148 0.622915
149 0.622994
150 0.623225
151 0.623444
152 0.623736
153 0.623895
154 0.624068
155 0.624393
156 0.624504
157 0.624647
158 0.62489
159 0.624914
160 0.625274
161 0.625374
162 0.625593
163 0.625838
164 0.626044
165 0.626263
166 0.626326
167 0.626559
168 0.626689
169 0.626937
170 0.627026
171 0.627043
172 0.627411
173 0.627574
174 0.627757
175 0.627924
176 0.628113
177 0.628325
178 0.628452
179 0.628622
180 0.628747
181 0.628928
182 0.629074
183 0.62933
184 0.629379
185 0.629555
186 0.629709
187 0.629866
188 0.629951
189 0.630251
190 0.630254
191 0.630439
192 0.630747
193 0.630721
194 0.630948
195 0.631024
196 0.631229
197 0.631388
198 0.631529
199 0.631709
200 0.631834
201 0.632043
202 0.632158
203 0.63245
204 0.632381
205 0.632471
206 0.632844
207 0.6328
208 0.632984
209 0.633085
210 0.63327
211 0.633386
212 0.633535
213 0.633677
214 0.633725
215 0.633987
216 0.63403
217 0.634197
218 0.634307
219 0.634367
220 0.634486
221 0.634609
222 0.634786
223 0.634929
224 0.63496
225 0.635217
226 0.635332
227 0.635488
228 0.635546
229 0.635651
230 0.635664
231 0.635788
232 0.635977
233 0.636157
234 0.636291
235 0.636312
236 0.636522
237 0.636617
238 0.636752
239 0.636803
240 0.637034
241 0.637106
242 0.637205
243 0.637324
244 0.637451
245 0.637536
246 0.637637
247 0.637713
248 0.637884
249 0.638027
250 0.638082
251 0.638203
252 0.638327
253 0.638416
254 0.638573
255 0.638426
256 0.638734
257 0.639002
258 0.639088
259 0.639095
260 0.639131
261 0.639255
262 0.639331
263 0.639447
264 0.639586
265 0.639623
266 0.639795
267 0.639897
268 0.639983
269 0.640093
270 0.640263
271 0.640254
272 0.640394
273 0.640418
274 0.640538
275 0.640681
276 0.640789
277 0.640922
278 0.641015
279 0.641083
280 0.641143
281 0.641236
282 0.641344
283 0.641387
284 0.641516
285 0.641761
286 0.641816
287 0.641826
288 0.641876
289 0.642073
290 0.642073
291 0.642163
292 0.642261
293 0.642336
294 0.642377
295 0.642558
296 0.642658
297 0.642718
298 0.642835
299 0.64281
300 0.642964
301 0.643051
302 0.643161
303 0.643242
304 0.643321
305 0.643352
306 0.643429
307 0.643578
308 0.643615
309 0.64376
310 0.643864
311 0.643927
312 0.643987
313 0.644089
314 0.644126
315 0.644308
316 0.644313
317 0.644281
318 0.644549
319 0.64459
320 0.644627
321 0.64479
322 0.644863
323 0.64487
324 0.644949
325 0.645027
326 0.645133
327 0.645197
328 0.645252
329 0.645446
330 0.645427
331 0.645519
332 0.645563
333 0.645654
334 0.645718
335 0.645731
336 0.64585
337 0.645982
338 0.646036
339 0.646153
340 0.646161
341 0.646303
342 0.646313
343 0.646435
344 0.646441
345 0.64658
346 0.64667
347 0.646602
348 0.646689
349 0.646807
350 0.646903
351 0.64703
352 0.647033
353 0.647099
354 0.647169
355 0.647247
356 0.64729
357 0.647331
358 0.647477
359 0.647515
360 0.647631
361 0.647665
362 0.647741
363 0.647823
364 0.647906
365 0.648002
366 0.64801
367 0.648052
368 0.648103
369 0.648209
370 0.648293
371 0.648341
372 0.6484
373 0.648439
374 0.648512
375 0.648543
376 0.648637
377 0.648689
378 0.648733
379 0.648809
380 0.648913
381 0.648967
382 0.649001
383 0.649096
384 0.649129
385 0.649311
386 0.649281
387 0.649317
388 0.649418
389 0.649441
390 0.649544
391 0.649566
392 0.649634
393 0.649703
394 0.649743
395 0.649914
396 0.649929
397 0.649941
398 0.65004
399 0.650092
400 0.650196
