1 0.125368
2 0.143973
3 0.158096
4 0.1706
5 0.182424
6 0.193059
7 0.203049
8 0.212302
9 0.221634
10 0.228923
11 0.237486
12 0.243729
13 0.249974
14 0.25578
15 0.263199
16 0.267579
17 0.273838
18 0.27992
19 0.283876
20 0.289197
21 0.293148
22 0.297798
23 0.302376
24 0.305326
25 0.309063
26 0.312803
27 0.317238
28 0.319711
29 0.323881
30 0.327472
31 0.329213
32 0.333614
33 0.336606
34 0.339358
35 0.342975
36 0.345616
37 0.349286
38 0.351819
39 0.354808
40 0.357646
41 0.36049
42 0.363291
43 0.365205
44 0.366826
45 0.369788
46 0.372989
47 0.374421
48 0.378637
49 0.380771
50 0.38356
51 0.385338
52 0.387435
53 0.390667
54 0.392356
55 0.393847
56 0.396783
57 0.399036
58 0.399673
59 0.402698
60 0.404849
61 0.407338
62 0.408852
63 0.409943
64 0.412691
65 0.413749
66 0.416037
67 0.417742
68 0.419575
69 0.420817
70 0.422943
71 0.425298
72 0.425838
73 0.428343
74 0.429929
75 0.43229
76 0.432057
77 0.434313
78 0.436214
79 0.437738
80 0.439815
81 0.441671
82 0.442494
83 0.443207
84 0.445333
85 0.447206
86 0.447682
87 0.449396
88 0.451661
89 0.452377
90 0.453659
91 0.455731
92 0.456818
93 0.458488
94 0.45921
95 0.461815
96 0.463632
97 0.463811
98 0.464841
99 0.466232
100 0.466822
101 0.469405
102 0.4714
103 0.471558
104 0.473026
105 0.473645
106 0.474319
107 0.475608
108 0.477531
109 0.478393
110 0.478969
111 0.481988
112 0.48309
113 0.483645
114 0.484111
115 0.485469
116 0.486899
117 0.488156
118 0.489343
119 0.489426
120 0.490996
121 0.491775
122 0.493646
123 0.494719
124 0.494828
125 0.49656
126 0.49708
127 0.498719
128 0.498913
129 0.500473
130 0.501007
131 0.502859
132 0.503368
133 0.504487
134 0.504841
135 0.505829
136 0.507469
137 0.507885
138 0.509334
139 0.509951
140 0.51069
141 0.512122
142 0.512846
143 0.51351
144 0.514512
145 0.516108
146 0.516866
147 0.518101
148 0.518332
149 0.520029
150 0.521096
151 0.521705
152 0.52221
153 0.521539
154 0.523475
155 0.524878
156 0.525559
157 0.526294
158 0.526409
159 0.528935
160 0.528618
161 0.529308
162 0.529905
163 0.529738
164 0.531712
165 0.533126
166 0.533485
167 0.534513
168 0.534795
169 0.536107
170 0.537088
171 0.538115
172 0.538572
173 0.539149
174 0.539192
175 0.540193
176 0.540767
177 0.542279
178 0.543216
179 0.543994
180 0.54391
181 0.544799
182 0.545334
183 0.546646
184 0.546785
185 0.547192
186 0.54908
187 0.548237
188 0.549977
189 0.550199
190 0.551395
191 0.553126
192 0.55315
193 0.553795
194 0.552949
195 0.554477
196 0.555341
197 0.556272
198 0.556772
199 0.557745
200 0.557648
201 0.558511
202 0.559205
203 0.559742
204 0.560402
205 0.56051
206 0.561271
207 0.562496
208 0.563925
209 0.562829
210 0.564137
211 0.565762
212 0.565705
213 0.56627
214 0.566898
215 0.567505
216 0.567339
217 0.568408
218 0.569337
219 0.569426
220 0.570184
221 0.571758
222 0.571935
223 0.57206
224 0.572027
225 0.57346
226 0.573445
227 0.574238
228 0.575036
229 0.575614
230 0.576369
231 0.576437
232 0.577785
233 0.578038
234 0.578393
235 0.579125
236 0.578879
237 0.580455
238 0.580804
239 0.580821
240 0.582158
241 0.581911
242 0.582491
243 0.583564
244 0.584376
245 0.584772
246 0.585146
247 0.585504
248 0.586181
249 0.585546
250 0.587116
251 0.587614
252 0.588301
253 0.587881
254 0.589488
255 0.589493
256 0.590284
257 0.590507
258 0.592014
259 0.591386
260 0.592087
261 0.592831
262 0.59353
263 0.593284
264 0.593989
265 0.594385
266 0.595101
267 0.596809
268 0.596516
269 0.596465
270 0.596874
271 0.596772
272 0.597505
273 0.598752
274 0.59893
275 0.59979
276 0.599739
277 0.599901
278 0.600648
279 0.601317
280 0.601572
281 0.601669
282 0.602216
283 0.602867
284 0.602913
285 0.603858
286 0.604286
287 0.60353
288 0.604184
289 0.606041
290 0.605495
291 0.606205
292 0.606462
293 0.607502
294 0.606963
295 0.60788
296 0.608653
297 0.609157
298 0.609343
299 0.609935
300 0.610648
301 0.610444
302 0.610859
303 0.611954
304 0.612294
305 0.611345
306 0.613038
307 0.6131
308 0.613124
309 0.614045
310 0.615166
311 0.614736
312 0.614977
313 0.614914
314 0.614938
315 0.616089
316 0.616624
317 0.616423
318 0.617968
319 0.617872
320 0.618957
321 0.619305
322 0.619064
323 0.618605
324 0.619966
325 0.620024
326 0.620067
327 0.620465
328 0.620751
329 0.621502
330 0.622514
331 0.622611
332 0.622153
333 0.62376
334 0.622871
335 0.623585
336 0.623774
337 0.625748
338 0.624144
339 0.624484
340 0.626286
341 0.626631
342 0.626847
343 0.627517
344 0.626895
345 0.627933
346 0.627555
347 0.628549
348 0.62914
349 0.629062
350 0.629469
351 0.630044
352 0.630072
353 0.630248
354 0.631269
355 0.630825
356 0.631565
357 0.632106
358 0.631949
359 0.632332
360 0.632672
361 0.632758
362 0.634552
363 0.633342
364 0.635079
365 0.634081
366 0.634541
367 0.635707
368 0.634822
369 0.636247
370 0.636368
371 0.636796
372 0.637494
373 0.637728
374 0.638127
375 0.637968
376 0.637814
377 0.638708
378 0.639118
379 0.63822
380 0.639079
381 0.640205
382 0.640635
383 0.640366
384 0.640828
385 0.640051
386 0.641753
387 0.642033
388 0.641898
389 0.642148
390 0.642774
391 0.642716
392 0.643536
393 0.644352
394 0.643727
395 0.644239
396 0.644405
397 0.644483
398 0.644904
399 0.645343
400 0.645858
