2 0.963553
3 0.640926
4 0.59959
5 0.508817
6 0.410853
7 0.38786
8 0.345271
9 0.295467
10 0.338005
11 0.289336
12 0.24571
13 0.213716
14 0.24566
15 0.211567
16 0.191953
17 0.173679
18 0.195245
19 0.177799
20 0.165817
21 0.162791
22 0.167938
23 0.154965
24 0.145599
25 0.149166
26 0.148285
27 0.134836
28 0.13148
29 0.136492
30 0.130975
31 0.12148
32 0.123849
33 0.124974
34 0.116971
35 0.110119
36 0.115796
37 0.113961
38 0.107372
39 0.102656
40 0.109018
41 0.104892
42 0.0997504
43 0.0974532
44 0.10175
45 0.0973368
46 0.0938301
47 0.0931495
48 0.0947537
49 0.0911595
50 0.0892067
51 0.0883984
52 0.0892739
53 0.0865731
54 0.0855119
55 0.084079
56 0.0842441
57 0.0828239
58 0.0816483
59 0.0799653
60 0.0804546
61 0.0791725
62 0.0781512
63 0.0769536
64 0.0772393
65 0.0763283
66 0.0753524
67 0.0741746
68 0.0742393
69 0.0734951
70 0.0726416
71 0.0717745
72 0.0718165
73 0.0708132
74 0.0701695
75 0.0694232
76 0.0693582
77 0.0686706
78 0.0681269
79 0.0673832
80 0.0670472
81 0.0664515
82 0.0659838
83 0.0656029
84 0.0651213
85 0.0644581
86 0.0643126
87 0.0639304
88 0.0632121
89 0.0630049
90 0.0626374
91 0.0620609
92 0.0618566
93 0.0613243
94 0.06102
95 0.0605096
96 0.0601085
97 0.0597925
98 0.0594787
99 0.0591519
100 0.0590199
101 0.0583542
102 0.0580154
103 0.0578041
104 0.0574562
105 0.0573171
106 0.0568523
107 0.0566158
108 0.0562449
109 0.0559184
110 0.0557384
111 0.0552835
112 0.0549095
113 0.0547521
114 0.0545064
115 0.0542542
116 0.0539315
117 0.0535545
118 0.0533148
119 0.0531488
120 0.0528886
121 0.0527021
122 0.0523081
123 0.0520522
124 0.0518531
125 0.0515536
126 0.0513482
127 0.051082
128 0.0509316
129 0.0506897
130 0.0504476
131 0.0501499
132 0.0499195
133 0.0496919
134 0.0495433
135 0.0492732
136 0.0489559
137 0.0488163
138 0.0485586
139 0.0483336
140 0.0481671
141 0.0479737
142 0.0478186
143 0.0476465
144 0.0473154
145 0.0471254
146 0.0469376
147 0.0467913
148 0.0465324
149 0.0462689
150 0.0461332
151 0.0459839
152 0.0458525
153 0.0459158
154 0.0455114
155 0.0452148
156 0.0450496
157 0.0448703
158 0.0447929
159 0.0444461
160 0.0444342
161 0.0442593
162 0.0441077
163 0.0440809
164 0.0436604
165 0.0435336
166 0.0433624
167 0.0432453
168 0.0430899
169 0.0429153
170 0.0426291
171 0.0425553
172 0.0424006
173 0.042231
174 0.0422019
175 0.0419291
176 0.0418366
177 0.0416003
178 0.0414391
179 0.0412302
180 0.0412692
181 0.0410298
182 0.0410099
183 0.0408142
184 0.0407253
185 0.0406327
186 0.0403022
187 0.0403488
188 0.0400732
189 0.0399782
190 0.0398001
191 0.039482
192 0.0394857
193 0.0394634
194 0.0393787
195 0.0392141
196 0.039052
197 0.0389667
198 0.0387949
199 0.0386224
200 0.0386182
201 0.0383716
202 0.0383934
203 0.0381838
204 0.0381073
205 0.0380061
206 0.0379189
207 0.0377007
208 0.0375067
209 0.0375263
210 0.0374239
211 0.0372063
212 0.0371487
213 0.0370142
214 0.0368758
215 0.0367933
216 0.0367662
217 0.0365667
218 0.0364413
219 0.0364062
220 0.0362351
221 0.0360156
222 0.0360528
223 0.0359407
224 0.0359079
225 0.0356552
226 0.0356348
227 0.0355282
228 0.0354397
229 0.0354008
230 0.0352187
231 0.0352277
232 0.0349499
233 0.0349407
234 0.0348533
235 0.0347848
236 0.0346605
237 0.0344878
238 0.0344367
239 0.0343849
240 0.034209
241 0.0341984
242 0.034048
243 0.033945
244 0.0338884
245 0.033749
246 0.0337203
247 0.0336228
248 0.0335314
249 0.0335203
250 0.033319
251 0.0332289
252 0.0332092
253 0.0331245
254 0.0329849
255 0.0329048
256 0.0328044
257 0.0327895
258 0.0325161
259 0.0325926
260 0.0324862
261 0.0324799
262 0.0322727
263 0.0322711
264 0.0321392
265 0.0320796
266 0.0320118
267 0.0317493
268 0.0317787
269 0.0317766
270 0.0316869
271 0.0316661
272 0.0315409
273 0.0315217
274 0.0313542
275 0.031274
276 0.0312502
277 0.0311714
278 0.0310991
279 0.0309412
280 0.0309366
281 0.0308976
282 0.030788
283 0.0306836
284 0.0307535
285 0.0305821
286 0.0304474
287 0.0305413
288 0.0304381
289 0.0302781
290 0.0303366
291 0.030112
292 0.030112
293 0.030061
294 0.0300456
295 0.0298636
296 0.029835
297 0.029736
298 0.0296882
299 0.0295799
300 0.0294885
301 0.0294911
302 0.0295101
303 0.0293038
304 0.0292456
305 0.0292628
306 0.0291393
307 0.0291296
308 0.0290797
309 0.0290318
310 0.0288261
311 0.0288555
312 0.0288088
313 0.0287832
314 0.0287459
315 0.0286213
316 0.0285321
317 0.0285185
318 0.02838
319 0.0283027
320 0.028241
321 0.0282138
322 0.0281941
323 0.0281878
324 0.0280564
325 0.0279858
326 0.0279786
327 0.0279338
328 0.0278314
329 0.0278076
330 0.0276446
331 0.0277038
332 0.0276683
333 0.0275081
334 0.0276312
335 0.0274535
336 0.0273994
337 0.0272025
338 0.027351
339 0.0272655
340 0.0271378
341 0.027039
342 0.0269492
343 0.0269268
344 0.0269701
345 0.0267981
346 0.0268869
347 0.0268245
348 0.0267635
349 0.0267302
350 0.0266017
351 0.0265561
352 0.0265611
353 0.0264593
354 0.0264191
355 0.0264503
356 0.0262816
357 0.0262484
358 0.026285
359 0.0262112
360 0.0261186
361 0.0261147
362 0.0259358
363 0.0260398
364 0.0258813
365 0.0259322
366 0.0258629
367 0.025738
368 0.0257859
369 0.0256179
370 0.0256379
371 0.0256026
372 0.0254889
373 0.0255143
374 0.0253821
375 0.0253746
376 0.02537
377 0.0253084
378 0.0252208
379 0.0252759
380 0.0252174
381 0.0250716
382 0.0250688
383 0.0250347
384 0.0250071
385 0.0250226
386 0.0248552
387 0.0248304
388 0.0248303
389 0.0248198
390 0.0246872
391 0.0247548
392 0.0246425
393 0.0246017
394 0.0245531
395 0.0244892
396 0.0244989
397 0.0244694
398 0.0243951
399 0.0243473
400 0.0242643
