1 0.230347
2 0.220828
3 0.213116
4 0.207121
5 0.201877
6 0.197108
7 0.192922
8 0.189071
9 0.185407
10 0.182186
11 0.178867
12 0.176276
13 0.173256
14 0.170844
15 0.16835
16 0.165944
17 0.163789
18 0.161505
19 0.159477
20 0.157484
21 0.155865
22 0.153951
23 0.152283
24 0.150828
25 0.149142
26 0.147693
27 0.14607
28 0.14477
29 0.143313
30 0.141925
31 0.140848
32 0.13956
33 0.138391
34 0.137089
35 0.135859
36 0.134901
37 0.133827
38 0.132643
39 0.131575
40 0.130597
41 0.129675
42 0.128585
43 0.127707
44 0.126868
45 0.125992
46 0.124944
47 0.124245
48 0.123166
49 0.122321
50 0.121558
51 0.120774
52 0.120067
53 0.11908
54 0.11845
55 0.11786
56 0.117026
57 0.116179
58 0.115687
59 0.114798
60 0.114114
61 0.113459
62 0.112879
63 0.11235
64 0.111561
65 0.111077
66 0.110449
67 0.109774
68 0.109221
69 0.108712
70 0.108087
71 0.107499
72 0.107025
73 0.106405
74 0.105914
75 0.105217
76 0.104935
77 0.104402
78 0.103855
79 0.103369
80 0.102838
81 0.102277
82 0.101835
83 0.101462
84 0.100902
85 0.100449
86 0.100177
87 0.0996563
88 0.0990084
89 0.098803
90 0.0983562
91 0.0977659
92 0.0975078
93 0.0969418
94 0.0965386
95 0.0960894
96 0.0956386
97 0.0952982
98 0.0948963
99 0.0946242
100 0.0942881
101 0.0937542
102 0.0933525
103 0.0930555
104 0.0926716
105 0.0924113
106 0.0920153
107 0.0917226
108 0.0912657
109 0.0909505
110 0.0906612
111 0.0901862
112 0.089818
113 0.0894873
114 0.089254
115 0.0890327
116 0.0885449
117 0.0881706
118 0.0878929
119 0.0876787
120 0.0873484
121 0.087086
122 0.0867047
123 0.0864254
124 0.08618
125 0.0858166
126 0.0855286
127 0.085217
128 0.0850368
129 0.0847772
130 0.084438
131 0.0841114
132 0.0837802
133 0.0835135
134 0.0833246
135 0.0830588
136 0.0825956
137 0.0824424
138 0.0821454
139 0.0819121
140 0.081756
141 0.0814118
142 0.0812367
143 0.0809759
144 0.0806361
145 0.0804027
146 0.0801947
147 0.0800182
148 0.0796909
149 0.0794003
150 0.0791846
151 0.0790209
152 0.0788307
153 0.07875
154 0.078313
155 0.0781038
156 0.0778591
157 0.0775116
158 0.0774419
159 0.0771356
160 0.0770106
161 0.0767893
162 0.0766136
163 0.0765287
164 0.076093
165 0.0759095
166 0.075681
167 0.0754852
168 0.0752693
169 0.0750843
170 0.0747582
171 0.0746469
172 0.0743863
173 0.0742383
174 0.074176
175 0.0738336
176 0.0736595
177 0.0733885
178 0.0732233
179 0.0729677
180 0.0729327
181 0.0726871
182 0.0725555
183 0.0723004
184 0.0722273
185 0.0721003
186 0.0717437
187 0.0716981
188 0.0714126
189 0.0711976
190 0.0711021
191 0.0706899
192 0.0706697
193 0.0705216
194 0.0704406
195 0.070287
196 0.0700854
197 0.0698567
198 0.0696856
199 0.069493
200 0.0693961
201 0.0691815
202 0.0691089
203 0.0689086
204 0.0687888
205 0.0686429
206 0.0684476
207 0.06824
208 0.0680141
209 0.0679232
210 0.0678151
211 0.0675556
212 0.0674577
213 0.0672704
214 0.067129
215 0.0670234
216 0.0669249
217 0.0667033
218 0.0665402
219 0.0664274
220 0.0662142
221 0.066017
222 0.0658984
223 0.0658402
224 0.0657201
225 0.0654477
226 0.0653807
227 0.0652185
228 0.06512
229 0.0650051
230 0.0647981
231 0.0647696
232 0.0644598
233 0.0644404
234 0.0642791
235 0.064135
236 0.0640124
237 0.0638551
238 0.0637739
239 0.0636105
240 0.0634654
241 0.0633508
242 0.0631747
243 0.0630649
244 0.0629703
245 0.0627764
246 0.0627258
247 0.0625788
248 0.0624393
249 0.0623973
250 0.0621424
251 0.0620752
252 0.0619759
253 0.0618924
254 0.061691
255 0.0615751
256 0.0614415
257 0.0614349
258 0.0610851
259 0.0611136
260 0.0609428
261 0.0609345
262 0.0606717
263 0.0606629
264 0.0605142
265 0.0604286
266 0.0602825
267 0.0600346
268 0.0600361
269 0.0599855
270 0.0598893
271 0.0597677
272 0.0596084
273 0.0596031
274 0.0593389
275 0.0592474
276 0.0592196
277 0.0591099
278 0.058957
279 0.0587723
280 0.0587943
281 0.0586963
282 0.0585287
283 0.0584105
284 0.0584266
285 0.0582046
286 0.0580482
287 0.0581151
288 0.0579747
289 0.0578556
290 0.0577991
291 0.0575664
292 0.0575451
293 0.0574323
294 0.0573571
295 0.0572231
296 0.0570764
297 0.0569959
298 0.0568574
299 0.056797
300 0.0566395
301 0.056592
302 0.056631
303 0.0563981
304 0.0562939
305 0.0562632
306 0.0561425
307 0.0560519
308 0.0559849
309 0.0559199
310 0.0556947
311 0.0556883
312 0.0555854
313 0.0555356
314 0.0554302
315 0.0553376
316 0.0552548
317 0.0551477
318 0.0549866
319 0.0549312
320 0.0548223
321 0.0547267
322 0.0547336
323 0.0546293
324 0.0544886
325 0.0543831
326 0.0543564
327 0.0542922
328 0.0541403
329 0.0540672
330 0.0539051
331 0.0539443
332 0.0538316
333 0.0536868
334 0.0537883
335 0.0535544
336 0.0535058
337 0.0532862
338 0.0533874
339 0.0532982
340 0.0530915
341 0.053027
342 0.0528768
343 0.0528183
344 0.0528499
345 0.0526321
346 0.0526786
347 0.0526285
348 0.0525541
349 0.0524762
350 0.0522968
351 0.0522627
352 0.052208
353 0.0521348
354 0.0520248
355 0.0520426
356 0.051828
357 0.0518121
358 0.0517526
359 0.0516887
360 0.0515619
361 0.0515225
362 0.0513233
363 0.051443
364 0.0512168
365 0.0512324
366 0.051176
367 0.050972
368 0.0510279
369 0.0508247
370 0.0508289
371 0.0507524
372 0.0506454
373 0.0506456
374 0.0504775
375 0.0504061
376 0.0503904
377 0.0503135
378 0.050215
379 0.0501935
380 0.0501265
381 0.0499882
382 0.0499858
383 0.049901
384 0.0498476
385 0.049809
386 0.0496467
387 0.0495568
388 0.0495518
389 0.0495462
390 0.0493894
391 0.0494103
392 0.049285
393 0.0491923
394 0.0491208
395 0.0490536
396 0.049083
397 0.0490155
398 0.0489002
399 0.0487784
400 0.0487176
