1 1.48393
2 0.981443
3 0.685933
4 0.52113
5 0.440561
6 0.412428
7 0.417569
8 0.442816
9 0.480186
10 0.585986
11 0.320653
12 0.23895
13 0.217914
14 0.214381
15 0.18772
16 0.176032
17 0.158501
18 0.157577
19 0.150764
20 0.154114
21 0.149108
22 0.148802
23 0.144541
24 0.143107
25 0.134934
26 0.132299
27 0.123855
28 0.122054
29 0.117398
30 0.117216
31 0.112834
32 0.11257
33 0.108755
34 0.10753
35 0.104052
36 0.103259
37 0.0994823
38 0.0989977
39 0.0961817
40 0.0949859
41 0.0924505
42 0.0921276
43 0.0893333
44 0.0888047
45 0.0863697
46 0.0857042
47 0.0833048
48 0.0828531
49 0.0806073
50 0.0799383
51 0.0781577
52 0.0775792
53 0.0756266
54 0.0753812
55 0.0736842
56 0.0733015
57 0.0718002
58 0.07134
59 0.0699207
60 0.0694596
61 0.0682585
62 0.0677069
63 0.0665549
64 0.0660372
65 0.0649704
66 0.0644919
67 0.0635153
68 0.0630789
69 0.0619573
70 0.0616541
71 0.0605146
72 0.0601541
73 0.0591407
74 0.0587084
75 0.0578019
76 0.0573759
77 0.0565384
78 0.0561213
79 0.0553393
80 0.0549756
81 0.0541702
82 0.053814
83 0.0531603
84 0.0527272
85 0.0521059
86 0.051699
87 0.0510914
88 0.0507869
89 0.0501932
90 0.0498559
91 0.0492574
92 0.048958
93 0.0483538
94 0.0479948
95 0.0474844
96 0.0471421
97 0.0466279
98 0.0463379
99 0.0458417
100 0.0454633
101 0.0450673
102 0.0446667
103 0.0442152
104 0.0438478
105 0.043448
106 0.0431009
107 0.0427028
108 0.0424049
109 0.0420019
110 0.0417368
111 0.041326
112 0.0409942
113 0.040691
114 0.0403485
115 0.0400154
116 0.0397253
117 0.0393704
118 0.0390949
119 0.0387968
120 0.0384993
121 0.0381744
122 0.0379483
123 0.0376287
124 0.0373618
125 0.0370729
126 0.0368303
127 0.0365583
128 0.0362722
129 0.0360462
130 0.035803
131 0.0355001
132 0.0352921
133 0.0350085
134 0.0348004
135 0.0345496
136 0.0343251
137 0.0340758
138 0.0338475
139 0.0336537
140 0.0334418
141 0.0331892
142 0.0329635
143 0.0327327
144 0.032521
145 0.0323413
146 0.0321183
147 0.031924
148 0.0317291
149 0.031491
150 0.031301
151 0.0311026
152 0.0308975
153 0.0306745
154 0.0305012
155 0.0302879
156 0.0301281
157 0.0299503
158 0.029773
159 0.0295749
160 0.0294179
161 0.0292405
162 0.0290408
163 0.0288769
164 0.0287245
165 0.0285401
166 0.0283807
167 0.0282163
168 0.0280558
169 0.0278816
170 0.0277256
171 0.0275694
172 0.0274407
173 0.027264
174 0.0271118
175 0.0269696
176 0.0268001
177 0.0266429
178 0.0265057
179 0.0263766
180 0.0262103
181 0.026088
182 0.0259435
183 0.0258165
184 0.0256522
185 0.0254933
186 0.025392
187 0.0252633
188 0.025142
189 0.0250255
190 0.024888
191 0.0247409
192 0.024644
193 0.0244978
194 0.0243766
195 0.0242533
196 0.024125
197 0.0240093
198 0.0238934
199 0.0237722
200 0.023668
201 0.0235707
202 0.0234428
203 0.0233637
204 0.0232608
205 0.0231347
206 0.0230049
207 0.0229117
208 0.0227859
209 0.0226753
210 0.0225621
211 0.0224578
212 0.0223595
213 0.0222509
214 0.0221487
215 0.0220404
216 0.02195
217 0.0218293
218 0.0217482
219 0.0216387
220 0.0215346
221 0.0214319
222 0.0213176
223 0.0212154
224 0.0211382
225 0.0210521
226 0.0209676
227 0.020861
228 0.0207847
229 0.0206899
230 0.0206059
231 0.0204984
232 0.0204331
233 0.0203163
234 0.020268
235 0.0201692
236 0.020079
237 0.0199971
238 0.0199062
239 0.0198276
240 0.019731
241 0.0196456
242 0.0195771
243 0.0194829
244 0.0193959
245 0.0193346
246 0.0192508
247 0.0191608
248 0.0190892
249 0.0189909
250 0.01892
251 0.0188479
252 0.0187518
253 0.0186946
254 0.0186051
255 0.0185383
256 0.0184693
257 0.0183999
258 0.0183108
259 0.0182435
260 0.0181759
261 0.0181089
262 0.0180444
263 0.0179649
264 0.0179095
265 0.0178171
266 0.0177522
267 0.0176825
268 0.0176172
269 0.017549
270 0.0174758
271 0.0173893
272 0.0173344
273 0.0172573
274 0.0172055
275 0.0171378
276 0.0170539
277 0.0170016
278 0.0169188
279 0.0168796
280 0.0168194
281 0.0167486
282 0.0166838
283 0.016626
284 0.0165642
285 0.0165058
286 0.0164274
287 0.01639
288 0.0163124
289 0.0162786
290 0.0162126
291 0.0161414
292 0.0161008
293 0.0160338
294 0.015983
295 0.0159122
296 0.0158726
297 0.0158121
298 0.0157543
299 0.0157105
300 0.0156546
301 0.0156072
302 0.0155474
303 0.0154974
304 0.01546
305 0.0153995
306 0.0153377
307 0.0152967
308 0.0152361
309 0.0151869
310 0.0151381
311 0.0150788
312 0.0150274
313 0.0149816
314 0.0149405
315 0.0148879
316 0.0148413
317 0.014797
318 0.0147426
319 0.0146915
320 0.0146259
321 0.0145752
322 0.0145452
323 0.0144857
324 0.0144312
325 0.0143917
326 0.0143506
327 0.0143165
328 0.0142517
329 0.0142198
330 0.0141627
331 0.0141404
332 0.01409
333 0.014051
334 0.0139953
335 0.0139586
336 0.0139091
337 0.0138778
338 0.0138297
339 0.0137818
340 0.0137268
341 0.0136893
342 0.013645
343 0.0136085
344 0.0135654
345 0.0135143
346 0.0134612
347 0.0134231
348 0.0133819
349 0.0133394
350 0.0133087
351 0.0132698
352 0.0132261
353 0.0131922
354 0.0131569
355 0.0131054
356 0.0130654
357 0.0130324
358 0.0129861
359 0.0129579
360 0.0129138
361 0.012875
362 0.0128305
363 0.0127923
364 0.0127624
365 0.0127192
366 0.012687
367 0.0126513
368 0.012623
369 0.0125774
370 0.0125541
371 0.0125141
372 0.0124774
373 0.0124332
374 0.0124114
375 0.0123732
376 0.0123456
377 0.0123096
378 0.0122749
379 0.0122387
380 0.0122083
381 0.0121743
382 0.0121455
383 0.0121106
384 0.0120809
385 0.0120538
386 0.0120145
387 0.0119911
388 0.0119421
389 0.0119118
390 0.0118776
391 0.0118431
392 0.0117946
393 0.0117747
394 0.0117488
395 0.0117223
396 0.0116927
397 0.011664
398 0.0116323
399 0.011586
400 0.011577
