1 0.120584
2 0.120416
3 0.120613
4 0.101348
5 0.0883299
6 0.0881992
7 0.0783749
8 0.0732924
9 0.0727538
10 0.068375
11 0.0650565
12 0.0629093
13 0.0617558
14 0.0592191
15 0.0574392
16 0.0555422
17 0.0539087
18 0.0521436
19 0.0509287
20 0.0499522
21 0.0478469
22 0.0466968
23 0.0463695
24 0.044976
25 0.0439176
26 0.0429999
27 0.0424275
28 0.0413306
29 0.0406264
30 0.0398513
31 0.0390436
32 0.0384713
33 0.0379635
34 0.0371731
35 0.0366479
36 0.0360791
37 0.0354002
38 0.0349565
39 0.0345366
40 0.0339699
41 0.0335983
42 0.0329512
43 0.0324717
44 0.0322416
45 0.0319016
46 0.0314288
47 0.0310841
48 0.0307233
49 0.030303
50 0.0300176
51 0.0297498
52 0.0294278
53 0.0291543
54 0.0289685
55 0.0285402
56 0.0281492
57 0.0279933
58 0.0276908
59 0.027624
60 0.027245
61 0.0270005
62 0.0267934
63 0.0265153
64 0.0262914
65 0.0260463
66 0.0259337
67 0.0256436
68 0.0255825
69 0.0253082
70 0.0251516
71 0.0249138
72 0.024748
73 0.024543
74 0.024357
75 0.0242749
76 0.0241373
77 0.0240036
78 0.023761
79 0.023684
80 0.023456
81 0.0233413
82 0.0231534
83 0.0231279
84 0.022925
85 0.0228954
86 0.0226754
87 0.0226725
88 0.022373
89 0.0223419
90 0.0222591
91 0.0220815
92 0.0221164
93 0.021913
94 0.0217688
95 0.0216668
96 0.0216442
97 0.0214174
98 0.0214221
99 0.0212703
100 0.0211684
101 0.0211282
102 0.0209942
103 0.0209111
104 0.020778
105 0.020727
106 0.0206734
107 0.0205937
108 0.0205848
109 0.0204248
110 0.0203689
111 0.0202541
112 0.0202562
113 0.0202286
114 0.0200502
115 0.0200343
116 0.0198903
117 0.0199255
118 0.0197508
119 0.0196754
120 0.019712
121 0.0196135
122 0.0196112
123 0.0193853
124 0.0194548
125 0.0193246
126 0.0192641
127 0.0192182
128 0.0192064
129 0.0192055
130 0.0190876
131 0.0189874
132 0.0190133
133 0.018898
134 0.0188409
135 0.0188455
136 0.0187536
137 0.0186787
138 0.0187392
139 0.0186005
140 0.0185449
141 0.0184585
142 0.018554
143 0.0183961
144 0.0183507
145 0.0183365
146 0.0183047
147 0.0182812
148 0.0183049
149 0.0181838
150 0.0181592
151 0.0181218
152 0.0180521
153 0.0180365
154 0.0179742
155 0.0180093
156 0.0179315
157 0.0178868
158 0.0178645
159 0.0177401
160 0.0177954
161 0.0176795
162 0.0177303
163 0.0176356
164 0.0176863
165 0.0175881
166 0.0175209
167 0.0175223
168 0.0175057
169 0.0175012
170 0.0174863
171 0.0174447
172 0.0173168
173 0.0173661
174 0.0173153
175 0.0172508
176 0.0172515
177 0.0172821
178 0.0172404
179 0.0172361
180 0.0171577
181 0.0171858
182 0.0170766
183 0.0170654
184 0.0170025
185 0.0169902
186 0.0169576
187 0.0169629
188 0.0169215
189 0.016895
190 0.0168793
191 0.0168413
192 0.0168153
193 0.0168665
194 0.016788
195 0.0167616
196 0.0167567
197 0.0167087
198 0.0167446
199 0.0166771
200 0.0166687
201 0.0166029
202 0.0165674
203 0.016585
204 0.0165898
205 0.0165107
206 0.0165202
207 0.0164692
208 0.0164766
209 0.016494
210 0.0164586
211 0.0164079
212 0.0164874
213 0.0163976
214 0.0163446
215 0.0163502
216 0.0163702
217 0.0163688
218 0.0163357
219 0.0162374
220 0.0162504
221 0.0162079
222 0.0162937
223 0.0162541
224 0.0161517
225 0.0162483
226 0.0161716
227 0.0161928
228 0.0161546
229 0.0160695
230 0.0160964
231 0.0160589
232 0.0160083
233 0.0160956
234 0.0160045
235 0.0160168
236 0.0160806
237 0.0160613
238 0.015925
239 0.0159936
240 0.0159699
241 0.0159161
242 0.0158901
243 0.0160025
244 0.0158894
245 0.0159098
246 0.015927
247 0.0158785
248 0.0158158
249 0.0159165
250 0.0158536
251 0.015801
252 0.0157854
253 0.015819
254 0.0157636
255 0.015729
256 0.0157598
257 0.0157539
258 0.0157839
259 0.0156647
260 0.015737
261 0.0157885
262 0.0156034
263 0.0156015
264 0.0156688
265 0.0156474
266 0.0156145
267 0.0156164
268 0.0156695
269 0.0155484
270 0.0155711
271 0.0155117
272 0.0155585
273 0.0154854
274 0.0155539
275 0.0155395
276 0.0154763
277 0.0155299
278 0.0154409
279 0.0155315
280 0.0154671
281 0.015426
282 0.0154722
283 0.0154497
284 0.0155098
285 0.0154719
286 0.0153602
287 0.0154263
288 0.0154318
289 0.0154526
290 0.0154893
291 0.015368
292 0.0152783
293 0.0153602
294 0.0153805
295 0.0153802
296 0.0153411
297 0.0153084
298 0.015293
299 0.0153681
300 0.0153909
301 0.0152537
302 0.0152511
303 0.0152458
304 0.0152033
305 0.0152375
306 0.0152613
307 0.0152409
308 0.0152264
309 0.0151582
310 0.0152237
311 0.0151727
312 0.0152333
313 0.0151239
314 0.0151711
315 0.0151409
316 0.015123
317 0.0151392
318 0.0150733
319 0.0151284
320 0.0151891
321 0.015114
322 0.0151282
323 0.0151366
324 0.0150626
325 0.0150659
326 0.0150638
327 0.0151034
328 0.0150277
329 0.0150478
330 0.0150057
331 0.0150264
332 0.015017
333 0.0150805
334 0.0151065
335 0.0149835
336 0.0149723
337 0.015017
338 0.0150022
339 0.0149996
340 0.0149842
341 0.0150308
342 0.0149221
343 0.0150372
344 0.0149575
345 0.0149502
346 0.0149245
347 0.0149076
348 0.0148941
349 0.0149615
350 0.0149358
351 0.0148824
352 0.0149812
353 0.0148962
354 0.0149561
355 0.0149099
356 0.0148493
357 0.0149056
358 0.014848
359 0.0148635
360 0.0148743
361 0.0148421
362 0.0148617
363 0.0148778
364 0.0148473
365 0.0147843
366 0.0148344
367 0.0148192
368 0.0147816
369 0.0147692
370 0.0147839
371 0.0147526
372 0.0148059
373 0.0148114
374 0.0148155
375 0.0146661
376 0.0147795
377 0.014749
378 0.0147644
379 0.0147446
380 0.0147608
381 0.0147532
382 0.0147021
383 0.0147002
384 0.0146889
385 0.0147246
386 0.0147305
387 0.0147028
388 0.0146799
389 0.0147199
390 0.0147502
391 0.0145956
392 0.0146655
393 0.0147229
394 0.0146892
395 0.0146106
396 0.0147095
397 0.0146823
398 0.0146524
399 0.0146364
400 0.0146538
