1 0.333334
2 0.333504
3 0.333238
4 0.348618
5 0.366432
6 0.378446
7 0.391664
8 0.40406
9 0.414219
10 0.423887
11 0.432461
12 0.44063
13 0.448575
14 0.45501
15 0.461387
16 0.468255
17 0.474121
18 0.480101
19 0.485372
20 0.490415
21 0.495567
22 0.500213
23 0.504055
24 0.508764
25 0.51254
26 0.516929
27 0.520876
28 0.524156
29 0.52808
30 0.531134
31 0.534479
32 0.537892
33 0.540519
34 0.543989
35 0.547055
36 0.550041
37 0.553062
38 0.554906
39 0.557421
40 0.560754
41 0.56319
42 0.565113
43 0.5683
44 0.570598
45 0.572528
46 0.574321
47 0.576599
48 0.579144
49 0.580616
50 0.582696
51 0.584667
52 0.586363
53 0.588691
54 0.589747
55 0.592256
56 0.594468
57 0.595463
58 0.597298
59 0.598454
60 0.600928
61 0.601892
62 0.603628
63 0.605565
64 0.606675
65 0.608665
66 0.609704
67 0.611037
68 0.612339
69 0.614125
70 0.615216
71 0.61704
72 0.61745
73 0.619481
74 0.620804
75 0.621866
76 0.623005
77 0.623712
78 0.62517
79 0.626114
80 0.627768
81 0.628859
82 0.629844
83 0.630721
84 0.632501
85 0.633114
86 0.634063
87 0.63468
88 0.636363
89 0.637302
90 0.637794
91 0.638776
92 0.639415
93 0.640468
94 0.642232
95 0.643154
96 0.643933
97 0.644941
98 0.645852
99 0.646673
100 0.647754
101 0.648454
102 0.649007
103 0.650056
104 0.650951
105 0.652411
106 0.651839
107 0.653479
108 0.653764
109 0.654159
110 0.655341
111 0.656487
112 0.656931
113 0.657233
114 0.65823
115 0.658714
116 0.660079
117 0.660521
118 0.661511
119 0.662006
120 0.662719
121 0.663106
122 0.663806
123 0.664862
124 0.664935
125 0.666305
126 0.666669
127 0.667355
128 0.668027
129 0.66816
130 0.668846
131 0.669544
132 0.6706
133 0.670794
134 0.672021
135 0.671837
136 0.67241
137 0.673641
138 0.673087
139 0.674264
140 0.675426
141 0.67577
142 0.675588
143 0.676746
144 0.67741
145 0.677815
146 0.678119
147 0.678394
148 0.678723
149 0.67956
150 0.680392
151 0.680471
152 0.680705
153 0.681267
154 0.682171
155 0.682144
156 0.682563
157 0.68329
158 0.683497
159 0.68439
160 0.684701
161 0.685742
162 0.686355
163 0.686305
164 0.686337
165 0.687105
166 0.687855
167 0.688051
168 0.688601
169 0.688736
170 0.689517
171 0.689048
172 0.690135
173 0.690154
174 0.690659
175 0.691858
176 0.691514
177 0.691617
178 0.692037
179 0.692452
180 0.693214
181 0.69348
182 0.69435
183 0.694474
184 0.694936
185 0.695634
186 0.695595
187 0.696076
188 0.696357
189 0.696801
190 0.697314
191 0.697699
192 0.697938
193 0.697838
194 0.698487
195 0.698869
196 0.698973
197 0.699797
198 0.699377
199 0.700114
200 0.700427
201 0.701118
202 0.700787
203 0.701688
204 0.701648
205 0.702238
206 0.702916
207 0.702814
208 0.703114
209 0.702949
210 0.703373
211 0.703704
212 0.703528
213 0.704265
214 0.704926
215 0.704877
216 0.705055
217 0.705285
218 0.70561
219 0.706816
220 0.706763
221 0.707213
222 0.707091
223 0.707353
224 0.707692
225 0.707714
226 0.707856
227 0.707859
228 0.708649
229 0.709987
230 0.709154
231 0.709907
232 0.710156
233 0.709739
234 0.710824
235 0.710382
236 0.710125
237 0.710918
238 0.711564
239 0.71115
240 0.712019
241 0.712554
242 0.712618
243 0.711983
244 0.71307
245 0.713205
246 0.713212
247 0.713564
248 0.714265
249 0.713396
250 0.714037
251 0.714022
252 0.714623
253 0.714234
254 0.715323
255 0.715691
256 0.715699
257 0.715861
258 0.715513
259 0.716578
260 0.716766
261 0.715972
262 0.717719
263 0.717864
264 0.71764
265 0.717974
266 0.718242
267 0.717939
268 0.717634
269 0.718791
270 0.718997
271 0.719405
272 0.719573
273 0.7199
274 0.719574
275 0.719913
276 0.720437
277 0.720165
278 0.720838
279 0.719749
280 0.720917
281 0.721216
282 0.720652
283 0.72106
284 0.721001
285 0.721292
286 0.722899
287 0.721967
288 0.72202
289 0.722545
290 0.721782
291 0.722651
292 0.723422
293 0.723191
294 0.723159
295 0.723761
296 0.724089
297 0.723948
298 0.724664
299 0.72427
300 0.723877
301 0.724857
302 0.725129
303 0.725676
304 0.725762
305 0.725858
306 0.725582
307 0.726143
308 0.725945
309 0.726379
310 0.726581
311 0.726622
312 0.726326
313 0.727267
314 0.726706
315 0.727483
316 0.727913
317 0.727409
318 0.728001
319 0.727961
320 0.727692
321 0.728211
322 0.728215
323 0.727997
324 0.729092
325 0.729033
326 0.729003
327 0.729207
328 0.729369
329 0.729694
330 0.729589
331 0.730126
332 0.729865
333 0.729808
334 0.729912
335 0.730815
336 0.730776
337 0.730545
338 0.730862
339 0.731011
340 0.73096
341 0.730855
342 0.731179
343 0.730799
344 0.731507
345 0.731507
346 0.731668
347 0.732173
348 0.732665
349 0.732024
350 0.732606
351 0.732652
352 0.732131
353 0.733215
354 0.732838
355 0.733131
356 0.733053
357 0.733429
358 0.733625
359 0.733521
360 0.733591
361 0.734101
362 0.733943
363 0.733428
364 0.734546
365 0.734628
366 0.734704
367 0.734448
368 0.734875
369 0.735349
370 0.735119
371 0.73568
372 0.735303
373 0.735323
374 0.735177
375 0.736333
376 0.735913
377 0.735922
378 0.73626
379 0.736395
380 0.735879
381 0.736319
382 0.737169
383 0.737339
384 0.73684
385 0.73709
386 0.736973
387 0.73726
388 0.737231
389 0.736884
390 0.737121
391 0.738397
392 0.737988
393 0.737611
394 0.738113
395 0.738665
396 0.737855
397 0.738567
398 0.738644
399 0.738895
400 0.738887
