1 0.299581
2 0.299916
3 0.299939
4 0.318867
5 0.331733
6 0.33229
7 0.342095
8 0.347841
9 0.347331
10 0.352231
11 0.355985
12 0.358223
13 0.357928
14 0.360512
15 0.362416
16 0.36515
17 0.366068
18 0.368051
19 0.36888
20 0.370558
21 0.371963
22 0.374194
23 0.373935
24 0.375597
25 0.376351
26 0.377669
27 0.377757
28 0.3787
29 0.38005
30 0.381135
31 0.381633
32 0.381863
33 0.382411
34 0.383764
35 0.38429
36 0.385005
37 0.384541
38 0.385632
39 0.385543
40 0.3859
41 0.385897
42 0.387454
43 0.387774
44 0.388317
45 0.388726
46 0.389065
47 0.389508
48 0.38998
49 0.389592
50 0.390441
51 0.390985
52 0.390446
53 0.390968
54 0.391099
55 0.391896
56 0.392272
57 0.392976
58 0.391971
59 0.392562
60 0.393181
61 0.392897
62 0.394034
63 0.392973
64 0.39399
65 0.395273
66 0.393723
67 0.395202
68 0.394707
69 0.395405
70 0.395464
71 0.395696
72 0.394952
73 0.396239
74 0.396087
75 0.39721
76 0.397166
77 0.396812
78 0.396531
79 0.396968
80 0.397903
81 0.396609
82 0.397765
83 0.397641
84 0.397272
85 0.397125
86 0.397497
87 0.397579
88 0.398608
89 0.398358
90 0.398363
91 0.398409
92 0.398684
93 0.398086
94 0.399529
95 0.398846
96 0.398738
97 0.400002
98 0.398698
99 0.398157
100 0.399991
101 0.399625
102 0.400321
103 0.399455
104 0.39947
105 0.400045
106 0.400257
107 0.399419
108 0.400276
109 0.400087
110 0.400492
111 0.400626
112 0.400708
113 0.400774
114 0.400322
115 0.400331
116 0.401145
117 0.401143
118 0.400847
119 0.400446
120 0.400115
121 0.400855
122 0.401292
123 0.401127
124 0.400975
125 0.401388
126 0.400541
127 0.400402
128 0.401719
129 0.401233
130 0.401863
131 0.401484
132 0.402347
133 0.401868
134 0.401366
135 0.402009
136 0.401844
137 0.401521
138 0.402069
139 0.401827
140 0.402361
141 0.40189
142 0.401879
143 0.402148
144 0.402187
145 0.401916
146 0.402662
147 0.402417
148 0.402717
149 0.403064
150 0.403074
151 0.402837
152 0.402873
153 0.402454
154 0.402416
155 0.402097
156 0.402676
157 0.403076
158 0.403069
159 0.402882
160 0.403065
161 0.402619
162 0.402853
163 0.402514
164 0.40301
165 0.402564
166 0.402947
167 0.402837
168 0.403494
169 0.40299
170 0.402036
171 0.402966
172 0.402854
173 0.403094
174 0.402529
175 0.403618
176 0.403052
177 0.402725
178 0.403921
179 0.402647
180 0.40355
181 0.404476
182 0.403196
183 0.402783
184 0.403083
185 0.403792
186 0.403992
187 0.403493
188 0.403918
189 0.403975
190 0.404056
191 0.403866
192 0.404448
193 0.40439
194 0.403982
195 0.403085
196 0.403441
197 0.403395
198 0.403682
199 0.403457
200 0.404509
201 0.403591
202 0.403737
203 0.403625
204 0.403977
205 0.404745
206 0.40366
207 0.403344
208 0.404297
209 0.404339
210 0.404616
211 0.404118
212 0.404498
213 0.403824
214 0.405054
215 0.403999
216 0.404334
217 0.404481
218 0.403917
219 0.404378
220 0.403577
221 0.404611
222 0.403761
223 0.404932
224 0.403825
225 0.404486
226 0.404148
227 0.404633
228 0.404697
229 0.403697
230 0.405065
231 0.404698
232 0.405117
233 0.404198
234 0.404357
235 0.404889
236 0.404315
237 0.404382
238 0.404971
239 0.40417
240 0.403483
241 0.404784
242 0.404783
243 0.404697
244 0.40434
245 0.404854
246 0.404645
247 0.404076
248 0.405133
249 0.404711
250 0.404461
251 0.404571
252 0.404166
253 0.405179
254 0.404152
255 0.405157
256 0.404977
257 0.404657
258 0.4053
259 0.404638
260 0.404482
261 0.405162
262 0.405636
263 0.405505
264 0.40537
265 0.404635
266 0.404556
267 0.405059
268 0.404969
269 0.404116
270 0.404096
271 0.404933
272 0.405071
273 0.405329
274 0.405179
275 0.404864
276 0.405287
277 0.404783
278 0.405306
279 0.404595
280 0.405985
281 0.405678
282 0.404956
283 0.405147
284 0.404637
285 0.405794
286 0.404425
287 0.405381
288 0.404878
289 0.404755
290 0.405153
291 0.405153
292 0.405504
293 0.405046
294 0.405354
295 0.404086
296 0.40619
297 0.40483
298 0.405894
299 0.40479
300 0.404766
301 0.405584
302 0.405276
303 0.405519
304 0.404729
305 0.405942
306 0.405366
307 0.405526
308 0.404864
309 0.404775
310 0.405159
311 0.405446
312 0.40465
313 0.404516
314 0.405662
315 0.405972
316 0.405394
317 0.404834
318 0.405606
319 0.405034
320 0.405212
321 0.404843
322 0.40489
323 0.4048
324 0.405189
325 0.404908
326 0.404956
327 0.404683
328 0.405894
329 0.405802
330 0.406386
331 0.405666
332 0.405872
333 0.405658
334 0.405591
335 0.4045
336 0.405217
337 0.405779
338 0.405349
339 0.405361
340 0.405489
341 0.405017
342 0.405288
343 0.404745
344 0.404945
345 0.404854
346 0.405781
347 0.405241
348 0.405412
349 0.404988
350 0.406008
351 0.405739
352 0.405948
353 0.405195
354 0.405405
355 0.405621
356 0.405646
357 0.405976
358 0.405317
359 0.405651
360 0.405219
361 0.405294
362 0.405788
363 0.405957
364 0.405015
365 0.405236
366 0.404652
367 0.405324
368 0.405569
369 0.4064
370 0.405393
371 0.405366
372 0.40561
373 0.405472
374 0.405323
375 0.405336
376 0.405752
377 0.406023
378 0.406003
379 0.405519
380 0.404783
381 0.405999
382 0.405902
383 0.406087
384 0.405908
385 0.405489
386 0.405075
387 0.405684
388 0.406904
389 0.405528
390 0.405516
391 0.405146
392 0.405043
393 0.405762
394 0.405643
395 0.405596
396 0.405465
397 0.405709
398 0.405689
399 0.405427
400 0.406337
