1 0.500502
2 0.500786
3 0.49999
4 0.500498
5 0.500368
6 0.499847
7 0.500392
8 0.500984
9 0.499871
10 0.500502
11 0.501153
12 0.584027
13 0.583341
14 0.600195
15 0.599858
16 0.595267
17 0.589782
18 0.603952
19 0.599916
20 0.595598
21 0.607058
22 0.602706
23 0.610827
24 0.625375
25 0.626947
26 0.630426
27 0.63386
28 0.641755
29 0.641861
30 0.642867
31 0.645367
32 0.646221
33 0.646551
34 0.64901
35 0.64933
36 0.649121
37 0.650195
38 0.651105
39 0.652391
40 0.652249
41 0.652991
42 0.653668
43 0.653134
44 0.653853
45 0.654188
46 0.654626
47 0.654528
48 0.655101
49 0.656008
50 0.655468
51 0.655805
52 0.657235
53 0.656759
54 0.655957
55 0.657358
56 0.656649
57 0.657047
58 0.65751
59 0.656804
60 0.657463
61 0.657752
62 0.657152
63 0.658685
64 0.657842
65 0.658822
66 0.658476
67 0.658614
68 0.658994
69 0.657975
70 0.658808
71 0.658762
72 0.659484
73 0.658549
74 0.658902
75 0.658832
76 0.658454
77 0.659392
78 0.659187
79 0.659972
80 0.65982
81 0.658724
82 0.659464
83 0.660343
84 0.65997
85 0.659356
86 0.659139
87 0.659931
88 0.659806
89 0.660003
90 0.659949
91 0.660535
92 0.660784
93 0.660252
94 0.6601
95 0.659545
96 0.659769
97 0.660664
98 0.66024
99 0.660348
100 0.660832
101 0.660618
102 0.661322
103 0.660197
104 0.661183
105 0.66113
106 0.661372
107 0.660253
108 0.662115
109 0.660172
110 0.660553
111 0.660611
112 0.660353
113 0.660889
114 0.66127
115 0.661637
116 0.660892
117 0.661317
118 0.66094
119 0.661268
120 0.661281
121 0.661685
122 0.661253
123 0.661082
124 0.661097
125 0.661182
126 0.661513
127 0.661798
128 0.661376
129 0.662105
130 0.662147
131 0.661054
132 0.661023
133 0.660667
134 0.66167
135 0.661595
136 0.661451
137 0.662171
138 0.661223
139 0.662131
140 0.662011
141 0.661442
142 0.661644
143 0.661892
144 0.662006
145 0.660701
146 0.661361
147 0.661662
148 0.662258
149 0.661691
150 0.661561
151 0.661806
152 0.661711
153 0.661837
154 0.661888
155 0.662087
156 0.661243
157 0.662386
158 0.661682
159 0.661809
160 0.662045
161 0.661972
162 0.662443
163 0.662446
164 0.662141
165 0.662299
166 0.661643
167 0.662089
168 0.661697
169 0.661536
170 0.662049
171 0.661829
172 0.661881
173 0.662231
174 0.661734
175 0.661406
176 0.662154
177 0.66201
178 0.662065
179 0.663346
180 0.662769
181 0.662371
182 0.661643
183 0.662405
184 0.661559
185 0.662441
186 0.662058
187 0.662308
188 0.663349
189 0.66203
190 0.662138
191 0.662361
192 0.661982
193 0.66289
194 0.663222
195 0.661871
196 0.662312
197 0.662278
198 0.662139
199 0.661617
200 0.662679
201 0.661779
202 0.662541
203 0.661595
204 0.662341
205 0.662455
206 0.662913
207 0.661968
208 0.662261
209 0.66225
210 0.662312
211 0.661987
212 0.662074
213 0.663166
214 0.662913
215 0.662388
216 0.661999
217 0.662428
218 0.662025
219 0.662002
220 0.662831
221 0.661882
222 0.662432
223 0.662067
224 0.66228
225 0.662493
226 0.662091
227 0.662829
228 0.663206
229 0.662981
230 0.66212
231 0.662459
232 0.662458
233 0.662136
234 0.662246
235 0.662514
236 0.662353
237 0.662562
238 0.662659
239 0.662501
240 0.661602
241 0.663333
242 0.662848
243 0.661807
244 0.663041
245 0.662077
246 0.662166
247 0.663034
248 0.662912
249 0.662941
250 0.661954
251 0.661729
252 0.662693
253 0.661981
254 0.66198
255 0.662879
256 0.662389
257 0.662318
258 0.662953
259 0.662516
260 0.662743
261 0.6624
262 0.662904
263 0.662827
264 0.662399
265 0.663015
266 0.662739
267 0.662511
268 0.663276
269 0.663318
270 0.662455
271 0.662362
272 0.662242
273 0.663502
274 0.662264
275 0.663023
276 0.662169
277 0.662842
278 0.662476
279 0.662668
280 0.662756
281 0.662232
282 0.662021
283 0.662979
284 0.663384
285 0.662657
286 0.662538
287 0.662827
288 0.662384
289 0.662484
290 0.662572
291 0.663154
292 0.663233
293 0.66263
294 0.662861
295 0.662542
296 0.662712
297 0.662503
298 0.662077
299 0.662196
300 0.662394
301 0.663151
302 0.662933
303 0.661951
304 0.662955
305 0.66295
306 0.662707
307 0.66308
308 0.66301
309 0.662817
310 0.662659
311 0.663213
312 0.662425
313 0.662847
314 0.661966
315 0.663174
316 0.662914
317 0.66291
318 0.662705
319 0.662462
320 0.662917
321 0.663559
322 0.662999
323 0.662469
324 0.662931
325 0.663668
326 0.662751
327 0.662712
328 0.662459
329 0.663428
330 0.663443
331 0.662752
332 0.663566
333 0.662511
334 0.663843
335 0.66208
336 0.66242
337 0.662852
338 0.662449
339 0.663368
340 0.662744
341 0.662758
342 0.663472
343 0.663069
344 0.662597
345 0.662727
346 0.663443
347 0.662966
348 0.662729
349 0.662991
350 0.663123
351 0.662862
352 0.662779
353 0.662779
354 0.662364
355 0.662613
356 0.662895
357 0.663431
358 0.663061
359 0.662334
360 0.663079
361 0.662171
362 0.662991
363 0.663105
364 0.662935
365 0.66294
366 0.663128
367 0.663208
368 0.663634
369 0.662637
370 0.662859
371 0.662538
372 0.662848
373 0.663142
374 0.66294
375 0.662342
376 0.66293
377 0.66292
378 0.662847
379 0.663284
380 0.662759
381 0.662843
382 0.662399
383 0.662722
384 0.662551
385 0.6632
386 0.662987
387 0.663615
388 0.662551
389 0.662622
390 0.663127
391 0.663185
392 0.663363
393 0.662789
394 0.662328
395 0.663375
396 0.662646
397 0.662427
398 0.662913
399 0.66233
400 0.663211
