1 0.500138
2 0.500138
3 0.500138
4 0.500138
5 0.500138
6 0.500138
7 0.500138
8 0.500138
9 0.500138
10 0.500138
11 0.500138
12 0.513986
13 0.525739
14 0.538107
15 0.548966
16 0.55772
17 0.564768
18 0.572599
19 0.579385
20 0.584903
21 0.590991
22 0.596158
23 0.601983
24 0.60879
25 0.61549
26 0.622115
27 0.628797
28 0.636054
29 0.64265
30 0.648538
31 0.655014
32 0.6612
33 0.666593
34 0.671998
35 0.677381
36 0.682291
37 0.687278
38 0.691893
39 0.69647
40 0.700496
41 0.70486
42 0.708989
43 0.712328
44 0.716453
45 0.720363
46 0.723386
47 0.726745
48 0.73018
49 0.7331
50 0.736116
51 0.739241
52 0.74192
53 0.744765
54 0.747089
55 0.749916
56 0.752435
57 0.754645
58 0.75717
59 0.759564
60 0.761656
61 0.763678
62 0.765886
63 0.768081
64 0.769994
65 0.771667
66 0.773862
67 0.775407
68 0.777282
69 0.779125
70 0.781153
71 0.782572
72 0.784389
73 0.78582
74 0.78716
75 0.78893
76 0.790535
77 0.791844
78 0.793543
79 0.794849
80 0.796126
81 0.797443
82 0.798525
83 0.799827
84 0.801285
85 0.802723
86 0.803754
87 0.805108
88 0.806104
89 0.807285
90 0.808088
91 0.80928
92 0.810565
93 0.811424
94 0.812433
95 0.81366
96 0.814814
97 0.816056
98 0.816834
99 0.817344
100 0.818417
101 0.819536
102 0.820208
103 0.82089
104 0.822263
105 0.822941
106 0.823868
107 0.824662
108 0.825461
109 0.82638
110 0.827346
111 0.827942
112 0.828808
113 0.829215
114 0.830163
115 0.83092
116 0.831638
117 0.832536
118 0.833268
119 0.833787
120 0.834278
121 0.834919
122 0.836216
123 0.836282
124 0.837185
125 0.837899
126 0.838227
127 0.839392
128 0.839674
129 0.839935
130 0.840974
131 0.841241
132 0.842412
133 0.842802
134 0.843314
135 0.843652
136 0.84419
137 0.845103
138 0.845259
139 0.845682
140 0.846529
141 0.84689
142 0.847514
143 0.84776
144 0.848601
145 0.84889
146 0.849278
147 0.850208
148 0.850161
149 0.850718
150 0.851209
151 0.852129
152 0.852497
153 0.85275
154 0.853174
155 0.85364
156 0.85447
157 0.854469
158 0.854476
159 0.855421
160 0.855569
161 0.856125
162 0.856622
163 0.856878
164 0.857986
165 0.857701
166 0.857578
167 0.858467
168 0.85885
169 0.85932
170 0.859992
171 0.860041
172 0.860573
173 0.860619
174 0.861151
175 0.8618
176 0.861972
177 0.862458
178 0.862553
179 0.862817
180 0.863368
181 0.863553
182 0.8639
183 0.86426
184 0.86434
185 0.865069
186 0.865143
187 0.865496
188 0.86561
189 0.865885
190 0.866753
191 0.866954
192 0.867192
193 0.867327
194 0.867619
195 0.867774
196 0.868341
197 0.868558
198 0.868896
199 0.869095
200 0.869678
201 0.869967
202 0.869779
203 0.870096
204 0.870488
205 0.871046
206 0.87121
207 0.871473
208 0.871863
209 0.872259
210 0.872234
211 0.872331
212 0.872698
213 0.872859
214 0.873257
215 0.873559
216 0.87366
217 0.873837
218 0.874094
219 0.874146
220 0.874509
221 0.874812
222 0.874916
223 0.875288
224 0.875534
225 0.875654
226 0.87594
227 0.87617
228 0.876312
229 0.876802
230 0.877074
231 0.876969
232 0.877668
233 0.877817
234 0.877478
235 0.87769
236 0.877985
237 0.878038
238 0.878767
239 0.87873
240 0.879336
241 0.879544
242 0.879668
243 0.879635
244 0.879837
245 0.880277
246 0.880115
247 0.880388
248 0.880887
249 0.880611
250 0.881132
251 0.881088
252 0.881523
253 0.881864
254 0.881851
255 0.882247
256 0.881965
257 0.88209
258 0.88243
259 0.882391
260 0.882577
261 0.88264
262 0.883529
263 0.883533
264 0.883746
265 0.883528
266 0.884115
267 0.884164
268 0.884157
269 0.884558
270 0.884599
271 0.884732
272 0.884809
273 0.885173
274 0.885069
275 0.885801
276 0.885592
277 0.885595
278 0.88581
279 0.886247
280 0.885986
281 0.886259
282 0.886336
283 0.886699
284 0.886669
285 0.886648
286 0.886602
287 0.887184
288 0.887086
289 0.887477
290 0.887609
291 0.887635
292 0.887853
293 0.88797
294 0.888419
295 0.888465
296 0.88832
297 0.888744
298 0.888927
299 0.889114
300 0.88879
301 0.889243
302 0.889413
303 0.889568
304 0.889524
305 0.890013
306 0.889953
307 0.88995
308 0.890147
309 0.890409
310 0.89078
311 0.890565
312 0.890837
313 0.89103
314 0.891085
315 0.89092
316 0.891017
317 0.890994
318 0.891332
319 0.891726
320 0.891558
321 0.89165
322 0.892144
323 0.89216
324 0.892005
325 0.892343
326 0.892479
327 0.892502
328 0.892604
329 0.892646
330 0.893165
331 0.893116
332 0.892969
333 0.893334
334 0.893491
335 0.893415
336 0.893837
337 0.893867
338 0.894081
339 0.894022
340 0.893913
341 0.893968
342 0.894403
343 0.894379
344 0.894473
345 0.894378
346 0.894391
347 0.894945
348 0.89495
349 0.895339
350 0.895115
351 0.895426
352 0.895353
353 0.895367
354 0.895666
355 0.895685
356 0.895639
357 0.896019
358 0.895964
359 0.895781
360 0.896304
361 0.895816
362 0.896323
363 0.896225
364 0.8967
365 0.89648
366 0.897048
367 0.89683
368 0.896719
369 0.896977
370 0.897245
371 0.897412
372 0.897281
373 0.897525
374 0.897401
375 0.897887
376 0.897541
377 0.89812
378 0.89773
379 0.897994
380 0.898212
381 0.898526
382 0.898323
383 0.898371
384 0.89826
385 0.898385
386 0.898382
387 0.89852
388 0.898706
389 0.898575
390 0.899185
391 0.899028
392 0.899074
393 0.899204
394 0.89931
395 0.899232
396 0.899485
397 0.899626
398 0.899783
399 0.899835
400 0.900018
