1 0.5
2 0.408163
3 0.372509
4 0.353454
5 0.341501
6 0.333094
7 0.327024
8 0.322658
9 0.318931
10 0.316068
11 0.313577
12 0.301129
13 0.289972
14 0.282235
15 0.27587
16 0.270688
17 0.266531
18 0.263459
19 0.261019
20 0.259181
21 0.257917
22 0.256868
23 0.255804
24 0.254499
25 0.253242
26 0.25223
27 0.251184
28 0.250166
29 0.249366
30 0.248291
31 0.247489
32 0.246857
33 0.246148
34 0.245518
35 0.244887
36 0.24445
37 0.243978
38 0.243467
39 0.24313
40 0.242764
41 0.242438
42 0.242026
43 0.241763
44 0.241644
45 0.241326
46 0.241174
47 0.240873
48 0.240678
49 0.240522
50 0.240327
51 0.240162
52 0.240045
53 0.239812
54 0.239722
55 0.239702
56 0.239502
57 0.239484
58 0.239349
59 0.239148
60 0.239046
61 0.23908
62 0.238887
63 0.238768
64 0.238561
65 0.238794
66 0.238658
67 0.238549
68 0.23849
69 0.238338
70 0.238364
71 0.23822
72 0.238227
73 0.238103
74 0.238179
75 0.238088
76 0.238074
77 0.238022
78 0.238023
79 0.237965
80 0.237924
81 0.237915
82 0.237714
83 0.237827
84 0.237677
85 0.237623
86 0.237726
87 0.237666
88 0.237659
89 0.237636
90 0.237552
91 0.237619
92 0.237531
93 0.237573
94 0.237446
95 0.237432
96 0.237367
97 0.237443
98 0.237363
99 0.237385
100 0.237313
101 0.237254
102 0.237185
103 0.237374
104 0.23721
105 0.237275
106 0.237248
107 0.23716
108 0.237167
109 0.237132
110 0.237184
111 0.237149
112 0.237062
113 0.237063
114 0.237005
115 0.237152
116 0.237016
117 0.237135
118 0.237054
119 0.237036
120 0.236931
121 0.236941
122 0.236986
123 0.236913
124 0.236986
125 0.236859
126 0.236894
127 0.236838
128 0.236895
129 0.236889
130 0.236946
131 0.236876
132 0.236851
133 0.236828
134 0.236822
135 0.236817
136 0.236833
137 0.236788
138 0.236773
139 0.236794
140 0.236743
141 0.236807
142 0.236747
143 0.236723
144 0.236693
145 0.236848
146 0.236831
147 0.236635
148 0.236736
149 0.236733
150 0.236641
151 0.236616
152 0.23666
153 0.236602
154 0.236595
155 0.236693
156 0.236624
157 0.236641
158 0.236646
159 0.236731
160 0.236615
161 0.236596
162 0.236663
163 0.23659
164 0.236542
165 0.236571
166 0.236628
167 0.236659
168 0.236519
169 0.236547
170 0.236413
171 0.236745
172 0.2366
173 0.236597
174 0.23657
175 0.236503
176 0.236444
177 0.236529
178 0.236581
179 0.236493
180 0.236529
181 0.236431
182 0.23652
183 0.236571
184 0.236544
185 0.236458
186 0.236557
187 0.236468
188 0.236459
189 0.236446
190 0.236467
191 0.236442
192 0.236381
193 0.236458
194 0.236498
195 0.236515
196 0.236387
197 0.236496
198 0.23644
199 0.236425
200 0.236389
201 0.23639
202 0.23635
203 0.236429
204 0.236416
205 0.236258
206 0.236384
207 0.236383
208 0.23638
209 0.23633
210 0.23632
211 0.236325
212 0.23633
213 0.236379
214 0.236334
215 0.236316
216 0.236344
217 0.236356
218 0.236316
219 0.236337
220 0.236348
221 0.236331
222 0.236343
223 0.236373
224 0.23629
225 0.236343
226 0.236285
227 0.236342
228 0.236286
229 0.236287
230 0.236314
231 0.236286
232 0.236299
233 0.236269
234 0.236297
235 0.236249
236 0.236346
237 0.236211
238 0.236241
239 0.236273
240 0.236241
241 0.236195
242 0.236219
243 0.236251
244 0.236243
245 0.236244
246 0.236216
247 0.236216
248 0.236302
249 0.236241
250 0.23623
251 0.236228
252 0.23624
253 0.236228
254 0.236241
255 0.236144
256 0.236269
257 0.236275
258 0.236255
259 0.236256
260 0.236194
261 0.236215
262 0.236156
263 0.236234
264 0.236206
265 0.236158
266 0.236166
267 0.236249
268 0.236169
269 0.236174
270 0.236221
271 0.236127
272 0.23618
273 0.23625
274 0.236155
275 0.236155
276 0.236126
277 0.236192
278 0.236139
279 0.236148
280 0.23621
281 0.236165
282 0.236223
283 0.236136
284 0.236089
285 0.236072
286 0.236162
287 0.236139
288 0.236141
289 0.236146
290 0.236126
291 0.236112
292 0.23618
293 0.236128
294 0.236076
295 0.236157
296 0.236096
297 0.236189
298 0.236122
299 0.236119
300 0.236132
301 0.236128
302 0.236102
303 0.236122
304 0.236134
305 0.236154
306 0.236117
307 0.236004
308 0.236124
309 0.236108
310 0.236088
311 0.236093
312 0.236037
313 0.236102
314 0.236111
315 0.236114
316 0.23611
317 0.23615
318 0.236083
319 0.23605
320 0.236003
321 0.236128
322 0.236084
323 0.23607
324 0.236121
325 0.236122
326 0.236069
327 0.236001
328 0.236078
329 0.236032
330 0.23602
331 0.236009
332 0.236104
333 0.236076
334 0.23604
335 0.236065
336 0.236033
337 0.23606
338 0.236045
339 0.236053
340 0.23606
341 0.236154
342 0.235944
343 0.236012
344 0.23603
345 0.236063
346 0.236016
347 0.236039
348 0.236093
349 0.235975
350 0.235977
351 0.236039
352 0.236
353 0.235995
354 0.235983
355 0.236017
356 0.236073
357 0.235997
358 0.235982
359 0.236005
360 0.235991
361 0.236025
362 0.236014
363 0.236009
364 0.235982
365 0.235978
366 0.236024
367 0.235969
368 0.236023
369 0.235963
370 0.235972
371 0.235976
372 0.236026
373 0.236006
374 0.236003
375 0.235996
376 0.235985
377 0.236033
378 0.236007
379 0.235985
380 0.235995
381 0.235962
382 0.23595
383 0.235978
384 0.236031
385 0.236023
386 0.235991
387 0.235968
388 0.235959
389 0.23597
390 0.236022
391 0.235981
392 0.235964
393 0.235959
394 0.235944
395 0.235989
396 0.235953
397 0.235914
398 0.235934
399 0.235955
400 0.236024
