1 0.5
2 0.353663
3 0.295141
4 0.258195
5 0.235321
6 0.217206
7 0.204233
8 0.193509
9 0.185306
10 0.177944
11 0.172065
12 0.16657
13 0.162173
14 0.157834
15 0.154661
16 0.151257
17 0.148557
18 0.145767
19 0.143592
20 0.141435
21 0.13928
22 0.13755
23 0.135904
24 0.134226
25 0.132854
26 0.131614
27 0.130274
28 0.129064
29 0.128288
30 0.127235
31 0.126361
32 0.125491
33 0.124859
34 0.124325
35 0.123656
36 0.122976
37 0.122394
38 0.122016
39 0.121617
40 0.121163
41 0.120813
42 0.120286
43 0.11998
44 0.119825
45 0.119424
46 0.11905
47 0.118617
48 0.118444
49 0.118302
50 0.11807
51 0.117816
52 0.117588
53 0.117442
54 0.117032
55 0.117057
56 0.116776
57 0.116602
58 0.11651
59 0.116192
60 0.116056
61 0.11591
62 0.11566
63 0.115435
64 0.115089
65 0.115361
66 0.115199
67 0.115052
68 0.114892
69 0.11476
70 0.114714
71 0.114512
72 0.114303
73 0.11418
74 0.114154
75 0.114004
76 0.114049
77 0.113913
78 0.113876
79 0.113879
80 0.113685
81 0.113556
82 0.11363
83 0.113493
84 0.113345
85 0.11338
86 0.113214
87 0.113146
88 0.113104
89 0.11302
90 0.112983
91 0.112898
92 0.112767
93 0.11267
94 0.112618
95 0.112622
96 0.112492
97 0.112453
98 0.112487
99 0.11241
100 0.11235
101 0.112239
102 0.112327
103 0.112077
104 0.112144
105 0.112045
106 0.112031
107 0.112058
108 0.111925
109 0.111802
110 0.111948
111 0.111745
112 0.111735
113 0.111663
114 0.111573
115 0.111607
116 0.111651
117 0.111633
118 0.11157
119 0.111519
120 0.111424
121 0.111365
122 0.111371
123 0.111351
124 0.111285
125 0.111189
126 0.111116
127 0.111138
128 0.111072
129 0.111134
130 0.111024
131 0.111052
132 0.11113
133 0.110958
134 0.110971
135 0.110937
136 0.110879
137 0.110918
138 0.110785
139 0.110641
140 0.110849
141 0.110711
142 0.110764
143 0.110712
144 0.110619
145 0.110709
146 0.110654
147 0.110547
148 0.110587
149 0.110513
150 0.110489
151 0.110473
152 0.110433
153 0.110411
154 0.110403
155 0.110465
156 0.110375
157 0.110364
158 0.11039
159 0.110348
160 0.110304
161 0.110254
162 0.110205
163 0.110213
164 0.110263
165 0.110231
166 0.110143
167 0.110189
168 0.110101
169 0.110078
170 0.110258
171 0.110183
172 0.109978
173 0.109993
174 0.110003
175 0.110042
176 0.109996
177 0.110012
178 0.109981
179 0.109999
180 0.109911
181 0.109849
182 0.109917
183 0.109918
184 0.109869
185 0.109782
186 0.109719
187 0.10996
188 0.109762
189 0.109734
190 0.109772
191 0.10975
192 0.109611
193 0.10982
194 0.109745
195 0.109799
196 0.10978
197 0.109702
198 0.10969
199 0.109642
200 0.109676
201 0.109627
202 0.109607
203 0.109683
204 0.109541
205 0.109782
206 0.109494
207 0.109632
208 0.109553
209 0.109478
210 0.109524
211 0.109509
212 0.10949
213 0.109398
214 0.109539
215 0.109464
216 0.109471
217 0.10946
218 0.109414
219 0.109456
220 0.109488
221 0.109418
222 0.109381
223 0.109395
224 0.109387
225 0.109297
226 0.109372
227 0.109436
228 0.109362
229 0.109323
230 0.109287
231 0.109326
232 0.109378
233 0.109341
234 0.109315
235 0.109269
236 0.109284
237 0.10928
238 0.109248
239 0.109258
240 0.109231
241 0.109223
242 0.109215
243 0.109234
244 0.109222
245 0.109315
246 0.109257
247 0.109229
248 0.109236
249 0.109201
250 0.109227
251 0.109179
252 0.109149
253 0.109174
254 0.109135
255 0.109324
256 0.109197
257 0.108894
258 0.109109
259 0.109099
260 0.109059
261 0.109051
262 0.109022
263 0.109136
264 0.109139
265 0.109032
266 0.109089
267 0.109141
268 0.109086
269 0.108983
270 0.108973
271 0.108977
272 0.10901
273 0.108996
274 0.109052
275 0.10905
276 0.108967
277 0.108996
278 0.108836
279 0.108987
280 0.109021
281 0.108991
282 0.10896
283 0.108884
284 0.108981
285 0.108955
286 0.10894
287 0.108868
288 0.108871
289 0.108942
290 0.108983
291 0.10884
292 0.10893
293 0.108906
294 0.108833
295 0.108801
296 0.108887
297 0.108837
298 0.108817
299 0.108924
300 0.108849
301 0.108799
302 0.10884
303 0.108802
304 0.108761
305 0.108898
306 0.108795
307 0.108716
308 0.108813
309 0.108707
310 0.108811
311 0.108753
312 0.10875
313 0.108762
314 0.108772
315 0.108742
316 0.108793
317 0.10873
318 0.108719
319 0.108756
320 0.108653
321 0.10882
322 0.10867
323 0.108724
324 0.108708
325 0.108668
326 0.108702
327 0.108656
328 0.108757
329 0.108602
330 0.108717
331 0.108624
332 0.108683
333 0.1087
334 0.10865
335 0.108678
336 0.108603
337 0.108632
338 0.108639
339 0.108663
340 0.108628
341 0.108631
342 0.108554
343 0.108691
344 0.108623
345 0.108629
346 0.108585
347 0.108626
348 0.10858
349 0.108569
350 0.108621
351 0.108662
352 0.108588
353 0.108535
354 0.108656
355 0.108585
356 0.108643
357 0.108547
358 0.108565
359 0.108602
360 0.10856
361 0.108616
362 0.108521
363 0.108553
364 0.108581
365 0.108557
366 0.108542
367 0.108507
368 0.108561
369 0.108529
370 0.10846
371 0.108579
372 0.108484
373 0.108493
374 0.108599
375 0.108457
376 0.108477
377 0.108565
378 0.108446
379 0.108469
380 0.108496
381 0.108447
382 0.108451
383 0.108517
384 0.108477
385 0.108441
386 0.108493
387 0.10849
388 0.108472
389 0.108531
390 0.108448
391 0.108445
392 0.108466
393 0.108496
394 0.108452
395 0.108449
396 0.108456
397 0.108458
398 0.108442
399 0.108412
400 0.108431
