1 0.073324
2 0.0734088
3 0.0734481
4 0.0732848
5 0.073365
6 0.0733678
7 0.0733809
8 0.0733519
9 0.0732698
10 0.073463
11 0.0733362
12 0.0733967
13 0.0735638
14 0.073169
15 0.073258
16 0.0734748
17 0.0732467
18 0.0734862
19 0.0733792
20 0.0733536
21 0.0733729
22 0.0733599
23 0.0734211
24 0.0733117
25 0.0734482
26 0.073324
27 0.0567866
28 0.0530018
29 0.0491603
30 0.0448295
31 0.0437082
32 0.0400665
33 0.0398038
34 0.0365708
35 0.0364813
36 0.034282
37 0.0337704
38 0.0317152
39 0.0314474
40 0.02962
41 0.0295517
42 0.0278639
43 0.0278305
44 0.0263343
45 0.0263358
46 0.0250271
47 0.0250212
48 0.0238133
49 0.0238537
50 0.0226928
51 0.0226694
52 0.0218587
53 0.0217602
54 0.0212622
55 0.0210417
56 0.0208174
57 0.0205868
58 0.0202846
59 0.0202454
60 0.0203722
61 0.0202755
62 0.0199413
63 0.0199451
64 0.0201623
65 0.0197764
66 0.0198362
67 0.0201447
68 0.0198588
69 0.0199871
70 0.0201884
71 0.0199803
72 0.0199312
73 0.02013
74 0.020371
75 0.0200902
76 0.0204239
77 0.0201808
78 0.0203937
79 0.0201919
80 0.0206139
81 0.0201037
82 0.0202108
83 0.0202932
84 0.0203169
85 0.0203057
86 0.0201034
87 0.0202207
88 0.020011
89 0.0200295
90 0.0199529
91 0.0199439
92 0.019891
93 0.0196906
94 0.0197579
95 0.0192162
96 0.0193109
97 0.0193414
98 0.0190491
99 0.0189992
100 0.0189951
101 0.018772
102 0.0188989
103 0.018525
104 0.0184807
105 0.0183007
106 0.0182365
107 0.0180612
108 0.0179129
109 0.0180629
110 0.0175544
111 0.017459
112 0.0174802
113 0.0173992
114 0.0171568
115 0.0171535
116 0.0167817
117 0.0167414
118 0.0167437
119 0.0165298
120 0.0164126
121 0.016499
122 0.0162316
123 0.016088
124 0.0161688
125 0.015875
126 0.0158472
127 0.0156652
128 0.01556
129 0.0156362
130 0.0154286
131 0.0151506
132 0.0153356
133 0.0150211
134 0.0149578
135 0.0150404
136 0.0148585
137 0.01492
138 0.0146419
139 0.0146459
140 0.0145398
141 0.0145607
142 0.0143195
143 0.0142523
144 0.0143091
145 0.0140473
146 0.013953
147 0.0139674
148 0.0139258
149 0.0137227
150 0.0137338
151 0.0135622
152 0.0135524
153 0.0135077
154 0.0134138
155 0.0134118
156 0.0132545
157 0.0131242
158 0.0131841
159 0.0130677
160 0.0129421
161 0.0130271
162 0.0128638
163 0.0127713
164 0.0127067
165 0.0126721
166 0.0126524
167 0.0127092
168 0.0124368
169 0.012481
170 0.012487
171 0.0123675
172 0.0123613
173 0.012258
174 0.0121385
175 0.0122004
176 0.0121641
177 0.0119807
178 0.012075
179 0.0120427
180 0.0117558
181 0.0118448
182 0.0118877
183 0.011732
184 0.0116506
185 0.01163
186 0.0116137
187 0.0116106
188 0.0115014
189 0.0114383
190 0.0114332
191 0.0113716
192 0.0113775
193 0.0111638
194 0.0112197
195 0.0112128
196 0.0111408
197 0.0110968
198 0.0111531
199 0.0110519
200 0.0108549
201 0.0109912
202 0.0109234
203 0.0108516
204 0.0107997
205 0.0107582
206 0.0107838
207 0.0107234
208 0.0106244
209 0.0106554
210 0.0105906
211 0.01056
212 0.0105953
213 0.0105842
214 0.0104591
215 0.0104999
216 0.0103989
217 0.0103284
218 0.0103814
219 0.0103307
220 0.0102394
221 0.0101969
222 0.0102033
223 0.0101672
224 0.0101143
225 0.0100953
226 0.0100863
227 0.0100979
228 0.0100437
229 0.0100094
230 0.00993688
231 0.00992342
232 0.00992676
233 0.00979047
234 0.00987123
235 0.00981948
236 0.00978937
237 0.00975493
238 0.00974267
239 0.00966548
240 0.00970962
241 0.00961639
242 0.00956033
243 0.00951252
244 0.00953366
245 0.00953047
246 0.00942908
247 0.00944485
248 0.00950176
249 0.00939196
250 0.0093348
251 0.00936066
252 0.00930749
253 0.00937186
254 0.00925202
255 0.00923354
256 0.0091564
257 0.00916858
258 0.00919559
259 0.00907046
260 0.00911145
261 0.00905511
262 0.00904962
263 0.00895255
264 0.00898135
265 0.00888905
266 0.00894263
267 0.00887094
268 0.00887308
269 0.00885447
270 0.00886635
271 0.00884257
272 0.00880507
273 0.00878935
274 0.00880052
275 0.00874639
276 0.0087458
277 0.00872075
278 0.00858376
279 0.0086635
280 0.00866018
281 0.00858768
282 0.00861371
283 0.00863754
284 0.00859509
285 0.00849498
286 0.00854085
287 0.0084681
288 0.00848494
289 0.00838043
290 0.00843252
291 0.00840593
292 0.00835772
293 0.00837568
294 0.00837066
295 0.0083388
296 0.00830653
297 0.0083076
298 0.0081826
299 0.00824906
300 0.00820109
301 0.00817304
302 0.00819088
303 0.00818527
304 0.008119
305 0.00810926
306 0.00815578
307 0.00809171
308 0.00807993
309 0.00804214
310 0.00806279
311 0.0079833
312 0.00798547
313 0.00796463
314 0.00796494
315 0.00793935
316 0.00792154
317 0.00793605
318 0.00787821
319 0.00784114
320 0.00783401
321 0.00780744
322 0.00776223
323 0.00779368
324 0.00780526
325 0.00775405
326 0.00772585
327 0.00771782
328 0.00771611
329 0.0076898
330 0.00767576
331 0.00763927
332 0.00766228
333 0.00766597
334 0.00756326
335 0.00755662
336 0.00751642
337 0.00752441
338 0.00749438
339 0.00746699
340 0.00748057
341 0.00744186
342 0.0074247
343 0.00742567
344 0.00744458
345 0.00741612
346 0.00736704
347 0.00740813
348 0.00738171
349 0.00733268
350 0.00735255
351 0.00734101
352 0.00729263
353 0.00726701
354 0.0072739
355 0.00729706
356 0.00723734
357 0.00718752
358 0.00715336
359 0.00718196
360 0.00711406
361 0.00712927
362 0.00710494
363 0.00711362
364 0.00713734
365 0.00709736
366 0.00705318
367 0.00707929
368 0.00707773
369 0.00701837
370 0.00702057
371 0.00704925
372 0.00699093
373 0.00698449
374 0.00702855
375 0.00696489
376 0.0069307
377 0.00698278
378 0.00696775
379 0.0069508
380 0.00692451
381 0.00691136
382 0.00690983
383 0.00686559
384 0.00691279
385 0.00681175
386 0.00684626
387 0.00682557
388 0.00679824
389 0.00677365
390 0.00677541
391 0.00677455
392 0.00674427
393 0.00675261
394 0.00672905
395 0.00670865
396 0.00668168
397 0.00668754
398 0.00666563
399 0.0066192
400 0.0065869
