1 0.099402
2 0.099504
3 0.0996711
4 0.0998492
5 0.0999567
6 0.100066
7 0.100007
8 0.100009
9 0.0999626
10 0.100041
11 0.100011
12 0.0999732
13 0.101625
14 0.103933
15 0.106285
16 0.108564
17 0.110638
18 0.112569
19 0.11428
20 0.115821
21 0.117221
22 0.118556
23 0.119871
24 0.121225
25 0.122663
26 0.124114
27 0.125678
28 0.127349
29 0.129172
30 0.131273
31 0.133554
32 0.136243
33 0.138943
34 0.141711
35 0.144498
36 0.147236
37 0.149918
38 0.152589
39 0.155175
40 0.157648
41 0.160063
42 0.162294
43 0.16439
44 0.166334
45 0.168155
46 0.169861
47 0.171435
48 0.172957
49 0.174428
50 0.175775
51 0.177053
52 0.178285
53 0.179455
54 0.180554
55 0.18159
56 0.182607
57 0.183579
58 0.184501
59 0.185428
60 0.186345
61 0.187239
62 0.188115
63 0.189009
64 0.189836
65 0.190679
66 0.191468
67 0.192288
68 0.193057
69 0.193828
70 0.194616
71 0.195364
72 0.196104
73 0.196842
74 0.197585
75 0.198353
76 0.199089
77 0.199828
78 0.200586
79 0.201313
80 0.202031
81 0.202784
82 0.203525
83 0.204231
84 0.205002
85 0.205747
86 0.206519
87 0.207271
88 0.208056
89 0.208798
90 0.209656
91 0.210472
92 0.211282
93 0.212085
94 0.212965
95 0.213817
96 0.214692
97 0.215564
98 0.216469
99 0.217351
100 0.218278
101 0.219205
102 0.220118
103 0.221064
104 0.222002
105 0.222987
106 0.223925
107 0.224882
108 0.225848
109 0.22683
110 0.227795
111 0.228783
112 0.229773
113 0.230742
114 0.231768
115 0.232757
116 0.233743
117 0.234767
118 0.235738
119 0.236733
120 0.237732
121 0.238732
122 0.239724
123 0.240718
124 0.241712
125 0.242696
126 0.243687
127 0.244675
128 0.245653
129 0.246656
130 0.247624
131 0.248587
132 0.249553
133 0.250505
134 0.251467
135 0.252415
136 0.253364
137 0.254313
138 0.255257
139 0.256178
140 0.257111
141 0.258031
142 0.25894
143 0.259856
144 0.260756
145 0.261641
146 0.262542
147 0.263451
148 0.264334
149 0.2652
150 0.266078
151 0.266954
152 0.267803
153 0.268662
154 0.26952
155 0.270363
156 0.271208
157 0.272045
158 0.272878
159 0.273708
160 0.274526
161 0.275335
162 0.276149
163 0.276955
164 0.27774
165 0.278542
166 0.279337
167 0.280124
168 0.280903
169 0.281676
170 0.282452
171 0.283241
172 0.283996
173 0.284749
174 0.2855
175 0.286249
176 0.286987
177 0.287723
178 0.288467
179 0.289183
180 0.289913
181 0.290642
182 0.291364
183 0.292075
184 0.292783
185 0.293489
186 0.294198
187 0.294891
188 0.295587
189 0.296283
190 0.296967
191 0.297652
192 0.298328
193 0.299007
194 0.299679
195 0.300374
196 0.301005
197 0.30167
198 0.302324
199 0.30297
200 0.303622
201 0.304272
202 0.304913
203 0.305555
204 0.306191
205 0.306882
206 0.307471
207 0.308098
208 0.308722
209 0.309337
210 0.309963
211 0.310577
212 0.311181
213 0.311794
214 0.312405
215 0.313013
216 0.313609
217 0.314217
218 0.314812
219 0.315407
220 0.316005
221 0.316597
222 0.317186
223 0.317773
224 0.318356
225 0.31894
226 0.319519
227 0.320103
228 0.320667
229 0.321244
230 0.321813
231 0.322381
232 0.322945
233 0.323513
234 0.324077
235 0.324634
236 0.325189
237 0.325748
238 0.326301
239 0.326854
240 0.327401
241 0.32792
242 0.328488
243 0.32903
244 0.329574
245 0.330113
246 0.330644
247 0.331179
248 0.331719
249 0.332248
250 0.33278
251 0.333306
252 0.333832
253 0.334357
254 0.334879
255 0.335404
256 0.335927
257 0.336453
258 0.33697
259 0.337482
260 0.338
261 0.338509
262 0.339024
263 0.339536
264 0.340045
265 0.340553
266 0.341057
267 0.341563
268 0.342055
269 0.342557
270 0.343059
271 0.343554
272 0.344054
273 0.344572
274 0.34504
275 0.345533
276 0.346027
277 0.346516
278 0.347003
279 0.347488
280 0.347977
281 0.348461
282 0.348945
283 0.349424
284 0.349905
285 0.350384
286 0.350861
287 0.351339
288 0.351817
289 0.352293
290 0.352765
291 0.35324
292 0.353712
293 0.354166
294 0.354638
295 0.355105
296 0.355572
297 0.356035
298 0.356499
299 0.356964
300 0.357422
301 0.357883
302 0.358345
303 0.358801
304 0.359255
305 0.359713
306 0.360162
307 0.360612
308 0.36107
309 0.361521
310 0.361969
311 0.362419
312 0.362865
313 0.363314
314 0.363761
315 0.364225
316 0.364646
317 0.365092
318 0.365533
319 0.365974
320 0.36641
321 0.366849
322 0.367285
323 0.367722
324 0.368149
325 0.368585
326 0.36902
327 0.369452
328 0.369883
329 0.370314
330 0.370747
331 0.371173
332 0.371606
333 0.372032
334 0.372456
335 0.372881
336 0.373306
337 0.373732
338 0.374155
339 0.374577
340 0.374999
341 0.37539
342 0.37586
343 0.376272
344 0.376691
345 0.377109
346 0.377526
347 0.377943
348 0.378357
349 0.37877
350 0.379185
351 0.3796
352 0.38001
353 0.380424
354 0.380833
355 0.381243
356 0.381658
357 0.382062
358 0.38247
359 0.382876
360 0.383283
361 0.38369
362 0.384085
363 0.384489
364 0.384895
365 0.385293
366 0.385698
367 0.3861
368 0.3865
369 0.386901
370 0.387296
371 0.387691
372 0.38809
373 0.388479
374 0.388876
375 0.389271
376 0.389666
377 0.390057
378 0.390451
379 0.390843
380 0.391232
381 0.391627
382 0.392008
383 0.392395
384 0.392783
385 0.393172
386 0.393557
387 0.393943
388 0.394326
389 0.39471
390 0.395097
391 0.395474
392 0.395854
393 0.396235
394 0.396619
395 0.396996
396 0.397376
397 0.39775
398 0.398128
399 0.398507
400 0.398881
