1 0.500242
2 0.499222
3 0.500111
4 0.498873
5 0.500822
6 0.50006
7 0.499311
8 0.500434
9 0.499525
10 0.500519
11 0.498559
12 0.499049
13 0.515718
14 0.524733
15 0.529804
16 0.53105
17 0.532275
18 0.532729
19 0.532721
20 0.533472
21 0.534105
22 0.533839
23 0.53553
24 0.537177
25 0.539986
26 0.541476
27 0.544293
28 0.547899
29 0.551538
30 0.556403
31 0.562117
32 0.569565
33 0.572871
34 0.575947
35 0.577404
36 0.579413
37 0.581493
38 0.580912
39 0.582309
40 0.581903
41 0.581042
42 0.581356
43 0.58035
44 0.579698
45 0.577934
46 0.576243
47 0.574098
48 0.575525
49 0.575409
50 0.573288
51 0.571882
52 0.572749
53 0.571721
54 0.571455
55 0.571701
56 0.56932
57 0.569845
58 0.569297
59 0.569786
60 0.570649
61 0.570712
62 0.571272
63 0.570689
64 0.570744
65 0.569956
66 0.571364
67 0.570823
68 0.570684
69 0.571348
70 0.571789
71 0.572304
72 0.572317
73 0.574055
74 0.57299
75 0.574197
76 0.574085
77 0.575421
78 0.575442
79 0.575449
80 0.577233
81 0.577858
82 0.579106
83 0.579059
84 0.580814
85 0.580962
86 0.580744
87 0.58313
88 0.583236
89 0.584652
90 0.585624
91 0.587105
92 0.587381
93 0.589235
94 0.590103
95 0.591166
96 0.592687
97 0.593332
98 0.594233
99 0.594067
100 0.59666
101 0.596797
102 0.597463
103 0.597824
104 0.600419
105 0.601124
106 0.601718
107 0.60271
108 0.603575
109 0.604241
110 0.604662
111 0.604892
112 0.607395
113 0.607014
114 0.608483
115 0.609154
116 0.609281
117 0.61015
118 0.610687
119 0.611291
120 0.611143
121 0.612207
122 0.612859
123 0.612219
124 0.613925
125 0.613834
126 0.615352
127 0.614883
128 0.615895
129 0.616042
130 0.615669
131 0.616955
132 0.616774
133 0.617069
134 0.617555
135 0.618611
136 0.61872
137 0.618548
138 0.619703
139 0.618768
140 0.618855
141 0.61891
142 0.620013
143 0.620266
144 0.620184
145 0.620465
146 0.620331
147 0.620653
148 0.620795
149 0.62168
150 0.621331
151 0.621199
152 0.621711
153 0.622514
154 0.622204
155 0.622931
156 0.623003
157 0.622537
158 0.622295
159 0.623311
160 0.62261
161 0.622335
162 0.622487
163 0.623163
164 0.624054
165 0.623631
166 0.624489
167 0.624566
168 0.623678
169 0.625026
170 0.62469
171 0.62486
172 0.625543
173 0.625004
174 0.625009
175 0.6259
176 0.625903
177 0.625019
178 0.624817
179 0.626242
180 0.626443
181 0.62666
182 0.626527
183 0.62605
184 0.626336
185 0.627097
186 0.626305
187 0.626795
188 0.626758
189 0.627258
190 0.627496
191 0.627256
192 0.62769
193 0.627081
194 0.627792
195 0.628346
196 0.628419
197 0.628722
198 0.628686
199 0.627869
200 0.628431
201 0.629157
202 0.629544
203 0.628925
204 0.629436
205 0.629393
206 0.629146
207 0.629198
208 0.630058
209 0.629122
210 0.629782
211 0.630276
212 0.629728
213 0.631021
214 0.630372
215 0.630363
216 0.630805
217 0.631001
218 0.631185
219 0.630608
220 0.631738
221 0.631487
222 0.63218
223 0.632592
224 0.631926
225 0.632254
226 0.63193
227 0.632026
228 0.631986
229 0.633216
230 0.632547
231 0.632721
232 0.63339
233 0.633075
234 0.633395
235 0.633612
236 0.632921
237 0.633426
238 0.634136
239 0.634068
240 0.634161
241 0.634065
242 0.634965
243 0.634759
244 0.634422
245 0.633965
246 0.635292
247 0.634714
248 0.635354
249 0.634706
250 0.635461
251 0.635468
252 0.635884
253 0.635325
254 0.63644
255 0.636167
256 0.635484
257 0.637098
258 0.636144
259 0.636264
260 0.636273
261 0.63736
262 0.637304
263 0.636958
264 0.637053
265 0.637308
266 0.637453
267 0.636552
268 0.63748
269 0.638196
270 0.638471
271 0.637811
272 0.638211
273 0.638103
274 0.638593
275 0.638816
276 0.638967
277 0.639508
278 0.638757
279 0.639403
280 0.6393
281 0.640051
282 0.639371
283 0.639973
284 0.639742
285 0.640625
286 0.640296
287 0.641327
288 0.640356
289 0.640791
290 0.641293
291 0.64099
292 0.641158
293 0.641454
294 0.64152
295 0.641883
296 0.64148
297 0.642018
298 0.641922
299 0.641441
300 0.641354
301 0.642393
302 0.641935
303 0.642382
304 0.642396
305 0.642291
306 0.643073
307 0.642565
308 0.643108
309 0.643412
310 0.643436
311 0.642977
312 0.643613
313 0.643752
314 0.643445
315 0.64417
316 0.643162
317 0.64329
318 0.643815
319 0.644201
320 0.643633
321 0.644067
322 0.645501
323 0.645253
324 0.644275
325 0.644123
326 0.6451
327 0.645263
328 0.645406
329 0.646575
330 0.645506
331 0.645003
332 0.645729
333 0.645443
334 0.646263
335 0.64586
336 0.646506
337 0.64621
338 0.64681
339 0.647563
340 0.646263
341 0.647651
342 0.647522
343 0.646425
344 0.647532
345 0.646656
346 0.647032
347 0.648023
348 0.647441
349 0.646729
350 0.647953
351 0.647867
352 0.648232
353 0.648226
354 0.648027
355 0.647616
356 0.64866
357 0.648344
358 0.647783
359 0.649349
360 0.649461
361 0.649237
362 0.649282
363 0.64915
364 0.648903
365 0.649893
366 0.649573
367 0.649147
368 0.649077
369 0.649578
370 0.649718
371 0.649593
372 0.649391
373 0.650624
374 0.650339
375 0.650863
376 0.650093
377 0.651081
378 0.651744
379 0.651133
380 0.650964
381 0.651293
382 0.650955
383 0.650905
384 0.650938
385 0.650276
386 0.651406
387 0.65116
388 0.651179
389 0.651687
390 0.651484
391 0.651257
392 0.651805
393 0.652758
394 0.651948
395 0.652481
396 0.652101
397 0.652617
398 0.65226
399 0.652282
400 0.6527
