1 0.197105
2 0.196956
3 0.196848
4 0.19687
5 0.196849
6 0.19679
7 0.196796
8 0.196798
9 0.196809
10 0.196796
11 0.196778
12 0.196805
13 0.195538
14 0.193841
15 0.192089
16 0.190436
17 0.188914
18 0.187531
19 0.186276
20 0.185143
21 0.18411
22 0.183134
23 0.182197
24 0.181277
25 0.180336
26 0.179374
27 0.178386
28 0.177357
29 0.176263
30 0.175089
31 0.173798
32 0.172342
33 0.170887
34 0.169446
35 0.168025
36 0.16663
37 0.165273
38 0.163958
39 0.162698
40 0.161492
41 0.160354
42 0.159298
43 0.158307
44 0.157384
45 0.156533
46 0.155743
47 0.155009
48 0.154315
49 0.15366
50 0.153056
51 0.152479
52 0.151938
53 0.151426
54 0.150945
55 0.15048
56 0.150064
57 0.149659
58 0.149274
59 0.148895
60 0.148519
61 0.148154
62 0.147795
63 0.147451
64 0.147115
65 0.146789
66 0.146463
67 0.146153
68 0.145857
69 0.145567
70 0.145279
71 0.144993
72 0.144711
73 0.144424
74 0.14414
75 0.143856
76 0.143574
77 0.143291
78 0.143007
79 0.142723
80 0.142437
81 0.14215
82 0.141861
83 0.141568
84 0.141271
85 0.140973
86 0.140671
87 0.140366
88 0.140059
89 0.139745
90 0.139428
91 0.139105
92 0.138777
93 0.138443
94 0.138106
95 0.137763
96 0.137417
97 0.137067
98 0.136717
99 0.136362
100 0.136004
101 0.135644
102 0.135283
103 0.13492
104 0.134554
105 0.134187
106 0.133817
107 0.133448
108 0.133078
109 0.132706
110 0.132334
111 0.131962
112 0.131589
113 0.131215
114 0.130843
115 0.130472
116 0.130101
117 0.129732
118 0.129363
119 0.128996
120 0.128632
121 0.128271
122 0.127911
123 0.127551
124 0.127193
125 0.126838
126 0.126484
127 0.126131
128 0.12578
129 0.125432
130 0.125086
131 0.124742
132 0.124403
133 0.124066
134 0.123732
135 0.1234
136 0.12307
137 0.122744
138 0.122419
139 0.122098
140 0.12178
141 0.121465
142 0.121152
143 0.120842
144 0.120533
145 0.12023
146 0.119928
147 0.119628
148 0.11933
149 0.119036
150 0.118745
151 0.118456
152 0.118169
153 0.117885
154 0.117605
155 0.117326
156 0.11705
157 0.116777
158 0.116505
159 0.116236
160 0.115971
161 0.115707
162 0.115446
163 0.115186
164 0.114929
165 0.114673
166 0.11442
167 0.114168
168 0.113918
169 0.113671
170 0.113425
171 0.113182
172 0.112942
173 0.112704
174 0.112468
175 0.112233
176 0.112
177 0.11177
178 0.111542
179 0.111314
180 0.111088
181 0.110864
182 0.110642
183 0.110422
184 0.110203
185 0.109987
186 0.109771
187 0.109558
188 0.109345
189 0.109135
190 0.108926
191 0.108718
192 0.108513
193 0.108309
194 0.108106
195 0.107905
196 0.107704
197 0.107506
198 0.107309
199 0.107113
200 0.106918
201 0.106725
202 0.106532
203 0.106342
204 0.106152
205 0.105964
206 0.105776
207 0.10559
208 0.105405
209 0.105222
210 0.105039
211 0.104858
212 0.104678
213 0.104498
214 0.104319
215 0.104142
216 0.103966
217 0.103791
218 0.103616
219 0.103443
220 0.103271
221 0.103099
222 0.102928
223 0.102757
224 0.102588
225 0.102419
226 0.102251
227 0.102085
228 0.101919
229 0.101755
230 0.101591
231 0.101428
232 0.101267
233 0.101106
234 0.100946
235 0.100786
236 0.100627
237 0.100468
238 0.100311
239 0.100155
240 0.0999988
241 0.0998441
242 0.09969
243 0.0995363
244 0.0993841
245 0.0992326
246 0.0990814
247 0.0989307
248 0.0987808
249 0.0986316
250 0.098483
251 0.0983351
252 0.098188
253 0.0980417
254 0.0978951
255 0.0977491
256 0.0976043
257 0.0974599
258 0.0973163
259 0.0971733
260 0.0970306
261 0.0968885
262 0.0967468
263 0.0966059
264 0.0964657
265 0.0963261
266 0.096187
267 0.0960484
268 0.0959103
269 0.0957723
270 0.0956352
271 0.0954988
272 0.0953627
273 0.0952269
274 0.0950918
275 0.0949568
276 0.0948225
277 0.0946887
278 0.0945557
279 0.0944231
280 0.0942909
281 0.0941593
282 0.0940279
283 0.0938972
284 0.0937668
285 0.0936368
286 0.0935074
287 0.0933783
288 0.0932492
289 0.0931208
290 0.0929934
291 0.0928659
292 0.0927392
293 0.0926128
294 0.0924868
295 0.0923617
296 0.0922367
297 0.0921122
298 0.091988
299 0.0918639
300 0.0917404
301 0.0916175
302 0.0914951
303 0.0913733
304 0.0912517
305 0.0911306
306 0.0910102
307 0.0908895
308 0.0907693
309 0.0906497
310 0.0905305
311 0.0904116
312 0.0902931
313 0.090175
314 0.090057
315 0.0899398
316 0.0898227
317 0.0897059
318 0.0895899
319 0.089474
320 0.0893588
321 0.089244
322 0.0891289
323 0.0890144
324 0.0889003
325 0.0887861
326 0.0886722
327 0.088559
328 0.0884461
329 0.0883335
330 0.0882209
331 0.088109
332 0.0879977
333 0.0878864
334 0.0877753
335 0.0876646
336 0.0875541
337 0.0874441
338 0.0873342
339 0.0872249
340 0.0871156
341 0.0870067
342 0.0868983
343 0.0867901
344 0.0866821
345 0.0865745
346 0.0864672
347 0.0863599
348 0.086253
349 0.0861468
350 0.0860406
351 0.0859347
352 0.0858289
353 0.0857234
354 0.0856185
355 0.0855139
356 0.0854092
357 0.0853049
358 0.0852014
359 0.0850979
360 0.0849945
361 0.0848913
362 0.0847886
363 0.0846861
364 0.0845837
365 0.0844817
366 0.0843801
367 0.0842787
368 0.0841775
369 0.0840767
370 0.0839766
371 0.0838767
372 0.0837774
373 0.083678
374 0.0835785
375 0.0834793
376 0.0833805
377 0.0832818
378 0.0831835
379 0.0830852
380 0.0829876
381 0.0828905
382 0.0827936
383 0.0826971
384 0.0826008
385 0.0825042
386 0.0824082
387 0.0823122
388 0.0822166
389 0.0821213
390 0.0820262
391 0.0819313
392 0.081837
393 0.0817424
394 0.0816483
395 0.0815544
396 0.0814607
397 0.0813673
398 0.0812742
399 0.0811811
400 0.0810885
