1 0.500574
2 0.499426
3 0.499685
4 0.500315
5 0.499428
6 0.500572
7 0.499782
8 0.500218
9 0.499101
10 0.500899
11 0.500521
12 0.500574
13 0.666147
14 0.699812
15 0.732922
16 0.759472
17 0.771929
18 0.789572
19 0.797065
20 0.808437
21 0.815852
22 0.822613
23 0.82846
24 0.829493
25 0.8373
26 0.835109
27 0.841991
28 0.841252
29 0.843358
30 0.848503
31 0.849442
32 0.851667
33 0.85416
34 0.850288
35 0.856429
36 0.859215
37 0.859121
38 0.860998
39 0.865175
40 0.861419
41 0.864191
42 0.867689
43 0.868231
44 0.870961
45 0.870194
46 0.869931
47 0.873599
48 0.874135
49 0.877523
50 0.876141
51 0.876757
52 0.879167
53 0.878859
54 0.881833
55 0.880774
56 0.880924
57 0.882348
58 0.883093
59 0.886039
60 0.883798
61 0.887505
62 0.886514
63 0.887907
64 0.887509
65 0.890352
66 0.889893
67 0.890003
68 0.89035
69 0.890637
70 0.893535
71 0.891713
72 0.893163
73 0.894859
74 0.895403
75 0.893023
76 0.895871
77 0.894165
78 0.895522
79 0.896955
80 0.897587
81 0.896885
82 0.899605
83 0.899284
84 0.899004
85 0.899812
86 0.900726
87 0.900137
88 0.90096
89 0.900191
90 0.90301
91 0.901949
92 0.901247
93 0.902714
94 0.904379
95 0.903492
96 0.904617
97 0.904878
98 0.905939
99 0.903767
100 0.906236
101 0.905213
102 0.90697
103 0.906641
104 0.906921
105 0.906723
106 0.908902
107 0.907343
108 0.907361
109 0.908766
110 0.908135
111 0.909363
112 0.910386
113 0.909892
114 0.909836
115 0.911813
116 0.909574
117 0.911437
118 0.91168
119 0.912082
120 0.912868
121 0.913
122 0.912418
123 0.914259
124 0.913838
125 0.913984
126 0.913283
127 0.913169
128 0.914999
129 0.914841
130 0.915219
131 0.914941
132 0.91618
133 0.916229
134 0.915919
135 0.91598
136 0.916357
137 0.917368
138 0.916241
139 0.917624
140 0.917144
141 0.918197
142 0.918054
143 0.918353
144 0.917816
145 0.918927
146 0.919475
147 0.919246
148 0.91929
149 0.919757
150 0.918812
151 0.920619
152 0.920079
153 0.920587
154 0.920154
155 0.920807
156 0.921202
157 0.9211
158 0.921372
159 0.920915
160 0.921726
161 0.921456
162 0.922444
163 0.922509
164 0.922663
165 0.92246
166 0.922858
167 0.923315
168 0.922452
169 0.923879
170 0.923548
171 0.923451
172 0.923469
173 0.924022
174 0.924582
175 0.924423
176 0.924685
177 0.925331
178 0.924908
179 0.925056
180 0.925892
181 0.9252
182 0.925049
183 0.925267
184 0.92582
185 0.925677
186 0.925616
187 0.926579
188 0.925856
189 0.926837
190 0.926436
191 0.92738
192 0.926695
193 0.92675
194 0.926677
195 0.927442
196 0.92713
197 0.927492
198 0.927606
199 0.927918
200 0.927838
201 0.928143
202 0.928116
203 0.928218
204 0.928326
205 0.928879
206 0.928165
207 0.928811
208 0.929011
209 0.929364
210 0.929021
211 0.928936
212 0.929253
213 0.929658
214 0.929515
215 0.929982
216 0.930091
217 0.929956
218 0.929943
219 0.93055
220 0.930455
221 0.931093
222 0.930321
223 0.930163
224 0.930981
225 0.931107
226 0.930983
227 0.931449
228 0.93161
229 0.931077
230 0.931602
231 0.93148
232 0.931972
233 0.931797
234 0.931924
235 0.932139
236 0.932027
237 0.931954
238 0.93217
239 0.932551
240 0.932955
241 0.932442
242 0.93275
243 0.932867
244 0.932026
245 0.933204
246 0.93267
247 0.933231
248 0.93344
249 0.932874
250 0.933503
251 0.934371
252 0.93336
253 0.934196
254 0.933521
255 0.9342
256 0.933846
257 0.934872
258 0.934782
259 0.934156
260 0.934467
261 0.934476
262 0.934635
263 0.934845
264 0.934845
265 0.934938
266 0.935188
267 0.934988
268 0.935503
269 0.935135
270 0.935295
271 0.935792
272 0.936003
273 0.935934
274 0.935991
275 0.935796
276 0.936191
277 0.93661
278 0.936721
279 0.936424
280 0.936368
281 0.936962
282 0.93704
283 0.937179
284 0.937283
285 0.936818
286 0.936814
287 0.937352
288 0.937593
289 0.93745
290 0.93753
291 0.936973
292 0.937944
293 0.93715
294 0.937618
295 0.93838
296 0.938236
297 0.938072
298 0.938236
299 0.938683
300 0.937769
301 0.937941
302 0.938101
303 0.938563
304 0.9383
305 0.938598
306 0.938536
307 0.938849
308 0.938817
309 0.939147
310 0.939075
311 0.938621
312 0.938942
313 0.939159
314 0.939013
315 0.93917
316 0.939504
317 0.939019
318 0.939468
319 0.939061
320 0.939789
321 0.939994
322 0.939576
323 0.939208
324 0.939523
325 0.939586
326 0.939907
327 0.939905
328 0.940295
329 0.93955
330 0.940165
331 0.939997
332 0.940329
333 0.940184
334 0.939897
335 0.940095
336 0.939955
337 0.940428
338 0.940668
339 0.9404
340 0.940719
341 0.940668
342 0.940769
343 0.940763
344 0.940711
345 0.941179
346 0.941114
347 0.941715
348 0.941159
349 0.942171
350 0.941421
351 0.941661
352 0.941624
353 0.941799
354 0.942032
355 0.941279
356 0.941749
357 0.942292
358 0.942424
359 0.942286
360 0.94209
361 0.942059
362 0.942519
363 0.942042
364 0.94243
365 0.942379
366 0.942324
367 0.942499
368 0.942537
369 0.942586
370 0.942614
371 0.942272
372 0.94254
373 0.943173
374 0.942736
375 0.942721
376 0.943384
377 0.942902
378 0.943003
379 0.943055
380 0.943565
381 0.943018
382 0.943157
383 0.943667
384 0.943672
385 0.943893
386 0.943742
387 0.943326
388 0.943751
389 0.943732
390 0.944116
391 0.943661
392 0.943963
393 0.943756
394 0.943807
395 0.944095
396 0.94381
397 0.944589
398 0.94399
399 0.943867
400 0.94403
