1 0.500424
2 0.500103
3 0.500053
4 0.499848
5 0.499823
6 0.499805
7 0.499838
8 0.499887
9 0.499851
10 0.499938
11 0.499931
12 0.499917
13 0.506359
14 0.512803
15 0.519279
16 0.525622
17 0.531499
18 0.537031
19 0.542066
20 0.546775
21 0.551112
22 0.555176
23 0.558948
24 0.562457
25 0.56575
26 0.568757
27 0.571561
28 0.574259
29 0.576751
30 0.579131
31 0.581333
32 0.583409
33 0.585375
34 0.587223
35 0.588985
36 0.590715
37 0.592315
38 0.593833
39 0.595285
40 0.596696
41 0.598024
42 0.599286
43 0.60052
44 0.601708
45 0.602796
46 0.603872
47 0.604919
48 0.605933
49 0.606922
50 0.607849
51 0.608759
52 0.60961
53 0.610429
54 0.611263
55 0.612041
56 0.612801
57 0.613463
58 0.614241
59 0.614937
60 0.615594
61 0.616238
62 0.616883
63 0.617491
64 0.618105
65 0.618667
66 0.619247
67 0.619801
68 0.620328
69 0.620836
70 0.621347
71 0.621852
72 0.622334
73 0.622884
74 0.62326
75 0.623716
76 0.624154
77 0.62458
78 0.624981
79 0.625386
80 0.625778
81 0.626162
82 0.626553
83 0.626908
84 0.627278
85 0.627649
86 0.627951
87 0.6283
88 0.628638
89 0.628939
90 0.629291
91 0.629583
92 0.629908
93 0.630187
94 0.630507
95 0.630793
96 0.631083
97 0.631359
98 0.631643
99 0.631912
100 0.632176
101 0.632445
102 0.632724
103 0.632923
104 0.633188
105 0.633407
106 0.633679
107 0.633914
108 0.634138
109 0.634365
110 0.634575
111 0.634798
112 0.635024
113 0.635249
114 0.635454
115 0.635654
116 0.635857
117 0.636023
118 0.636263
119 0.636446
120 0.636639
121 0.636835
122 0.637011
123 0.637198
124 0.637374
125 0.63756
126 0.637727
127 0.637908
128 0.638075
129 0.638222
130 0.638402
131 0.63856
132 0.638729
133 0.6389
134 0.639048
135 0.639193
136 0.639344
137 0.639491
138 0.639636
139 0.639782
140 0.639928
141 0.640073
142 0.640219
143 0.640352
144 0.64049
145 0.64064
146 0.640757
147 0.640906
148 0.641035
149 0.641172
150 0.6413
151 0.641424
152 0.641555
153 0.641675
154 0.641797
155 0.641926
156 0.642043
157 0.642167
158 0.642281
159 0.642391
160 0.642506
161 0.642617
162 0.642732
163 0.642837
164 0.642957
165 0.643052
166 0.643156
167 0.643263
168 0.643379
169 0.643487
170 0.643615
171 0.643605
172 0.643769
173 0.643871
174 0.64398
175 0.644076
176 0.644175
177 0.644276
178 0.644353
179 0.644457
180 0.644549
181 0.644644
182 0.644724
183 0.644813
184 0.64491
185 0.644995
186 0.645063
187 0.645168
188 0.64525
189 0.64533
190 0.645419
191 0.645501
192 0.645586
193 0.645665
194 0.64575
195 0.645803
196 0.645909
197 0.645969
198 0.646058
199 0.646142
200 0.646211
201 0.646287
202 0.646362
203 0.646438
204 0.646502
205 0.64661
206 0.646653
207 0.646718
208 0.646793
209 0.646873
210 0.646921
211 0.646993
212 0.647068
213 0.647138
214 0.6472
215 0.647265
216 0.647333
217 0.647389
218 0.647462
219 0.647535
220 0.647587
221 0.647658
222 0.647722
223 0.647784
224 0.647846
225 0.647904
226 0.647969
227 0.648019
228 0.64809
229 0.648144
230 0.648205
231 0.648263
232 0.648327
233 0.648376
234 0.648434
235 0.648491
236 0.648551
237 0.648611
238 0.648664
239 0.648711
240 0.648775
241 0.648862
242 0.648883
243 0.648945
244 0.648993
245 0.649037
246 0.649093
247 0.649149
248 0.649198
249 0.649255
250 0.64931
251 0.649358
252 0.649414
253 0.64947
254 0.649522
255 0.649588
256 0.649603
257 0.649613
258 0.649686
259 0.649744
260 0.649793
261 0.649845
262 0.649902
263 0.649948
264 0.649995
265 0.65004
266 0.65009
267 0.650126
268 0.650179
269 0.650223
270 0.650262
271 0.650316
272 0.650352
273 0.650365
274 0.650439
275 0.650482
276 0.650519
277 0.650563
278 0.650607
279 0.650647
280 0.650693
281 0.65073
282 0.650777
283 0.650817
284 0.650864
285 0.650896
286 0.650939
287 0.65098
288 0.651019
289 0.65106
290 0.651102
291 0.651136
292 0.651169
293 0.65123
294 0.651255
295 0.651288
296 0.651328
297 0.651363
298 0.651405
299 0.651438
300 0.651475
301 0.651508
302 0.651545
303 0.651582
304 0.651615
305 0.651643
306 0.651686
307 0.651747
308 0.651751
309 0.651789
310 0.651825
311 0.65186
312 0.651898
313 0.651929
314 0.651967
315 0.651972
316 0.652037
317 0.652063
318 0.652099
319 0.652134
320 0.652168
321 0.652199
322 0.652234
323 0.652264
324 0.652299
325 0.652335
326 0.65236
327 0.6524
328 0.652431
329 0.652467
330 0.65249
331 0.652528
332 0.65255
333 0.652581
334 0.652613
335 0.652646
336 0.652676
337 0.652702
338 0.652733
339 0.652762
340 0.652787
341 0.652789
342 0.652863
343 0.65288
344 0.652908
345 0.652934
346 0.652959
347 0.652989
348 0.653018
349 0.653047
350 0.653074
351 0.653094
352 0.653125
353 0.653148
354 0.653181
355 0.653206
356 0.653226
357 0.653259
358 0.653285
359 0.653305
360 0.653334
361 0.653359
362 0.653388
363 0.653412
364 0.653436
365 0.653471
366 0.653483
367 0.653515
368 0.653542
369 0.653565
370 0.653593
371 0.653618
372 0.653639
373 0.653671
374 0.653694
375 0.653722
376 0.653742
377 0.653768
378 0.653795
379 0.65382
380 0.653845
381 0.653861
382 0.653895
383 0.653923
384 0.653942
385 0.653957
386 0.653984
387 0.654009
388 0.654034
389 0.654056
390 0.654071
391 0.654106
392 0.654126
393 0.654149
394 0.654174
395 0.654191
396 0.654217
397 0.654242
398 0.654269
399 0.654283
400 0.654306
