1 0.573362
2 0.573434
3 0.603893
4 0.604089
5 0.624943
6 0.624592
7 0.642371
8 0.644244
9 0.660225
10 0.663526
11 0.674185
12 0.676733
13 0.687261
14 0.688385
15 0.69656
16 0.698402
17 0.704087
18 0.7076
19 0.711838
20 0.715046
21 0.719601
22 0.721927
23 0.725223
24 0.727876
25 0.730981
26 0.73433
27 0.737538
28 0.73978
29 0.742937
30 0.744096
31 0.747964
32 0.749466
33 0.753005
34 0.753802
35 0.75604
36 0.758176
37 0.759929
38 0.762241
39 0.763754
40 0.765825
41 0.768032
42 0.76866
43 0.77038
44 0.772397
45 0.774491
46 0.775472
47 0.776832
48 0.779585
49 0.780136
50 0.78038
51 0.782518
52 0.784187
53 0.785755
54 0.786864
55 0.788072
56 0.787998
57 0.790471
58 0.790792
59 0.793245
60 0.794092
61 0.79473
62 0.795982
63 0.796845
64 0.798008
65 0.799447
66 0.799654
67 0.800964
68 0.802532
69 0.80289
70 0.803842
71 0.805732
72 0.805224
73 0.80711
74 0.807505
75 0.808294
76 0.809034
77 0.810543
78 0.81104
79 0.811316
80 0.812611
81 0.813691
82 0.814254
83 0.815215
84 0.815205
85 0.816272
86 0.817165
87 0.817975
88 0.818681
89 0.819517
90 0.819869
91 0.820686
92 0.821784
93 0.822366
94 0.82295
95 0.823555
96 0.823813
97 0.82473
98 0.825351
99 0.826861
100 0.826957
101 0.82732
102 0.827914
103 0.828655
104 0.828645
105 0.829539
106 0.830233
107 0.830623
108 0.831123
109 0.831734
110 0.832259
111 0.832594
112 0.833763
113 0.833963
114 0.834201
115 0.835429
116 0.834503
117 0.836321
118 0.836923
119 0.83713
120 0.837775
121 0.837691
122 0.838566
123 0.838323
124 0.83967
125 0.839434
126 0.839786
127 0.840948
128 0.840833
129 0.841889
130 0.842196
131 0.842718
132 0.842596
133 0.842956
134 0.843368
135 0.843671
136 0.844776
137 0.844896
138 0.844859
139 0.845879
140 0.846103
141 0.846139
142 0.846831
143 0.847284
144 0.847426
145 0.847986
146 0.848298
147 0.849
148 0.848968
149 0.849719
150 0.849392
151 0.849883
152 0.850456
153 0.851005
154 0.851245
155 0.8514
156 0.852125
157 0.852023
158 0.853145
159 0.853048
160 0.853722
161 0.85402
162 0.854123
163 0.854379
164 0.854448
165 0.854834
166 0.855747
167 0.855528
168 0.856241
169 0.856657
170 0.856481
171 0.857363
172 0.856834
173 0.857035
174 0.85812
175 0.85828
176 0.858649
177 0.858987
178 0.859103
179 0.859358
180 0.85987
181 0.859914
182 0.860023
183 0.86041
184 0.860885
185 0.860869
186 0.861066
187 0.861217
188 0.862395
189 0.861321
190 0.862761
191 0.862278
192 0.86285
193 0.863598
194 0.863253
195 0.863598
196 0.864082
197 0.864178
198 0.865148
199 0.864919
200 0.864865
201 0.865281
202 0.865547
203 0.865913
204 0.86637
205 0.866052
206 0.866429
207 0.866926
208 0.866713
209 0.867063
210 0.867076
211 0.867385
212 0.868138
213 0.868052
214 0.868706
215 0.868299
216 0.868816
217 0.869305
218 0.86976
219 0.869276
220 0.869427
221 0.869935
222 0.870034
223 0.8702
224 0.870295
225 0.871032
226 0.871043
227 0.871295
228 0.871316
229 0.871554
230 0.871915
231 0.872319
232 0.872199
233 0.872841
234 0.873076
235 0.872485
236 0.87329
237 0.87276
238 0.87323
239 0.87431
240 0.874156
241 0.873775
242 0.874735
243 0.874915
244 0.874794
245 0.874789
246 0.875262
247 0.875005
248 0.875067
249 0.875961
250 0.875886
251 0.8761
252 0.876172
253 0.87602
254 0.876774
255 0.876744
256 0.877056
257 0.877217
258 0.877127
259 0.877384
260 0.877785
261 0.877822
262 0.877415
263 0.877936
264 0.878306
265 0.878377
266 0.878088
267 0.87891
268 0.878874
269 0.879189
270 0.878905
271 0.87918
272 0.87971
273 0.880355
274 0.87985
275 0.87973
276 0.880382
277 0.880363
278 0.880861
279 0.880762
280 0.880963
281 0.880956
282 0.881462
283 0.881376
284 0.881742
285 0.881692
286 0.881965
287 0.882115
288 0.88203
289 0.882097
290 0.882282
291 0.882394
292 0.883198
293 0.88285
294 0.883001
295 0.883076
296 0.883339
297 0.883365
298 0.883431
299 0.883774
300 0.883838
301 0.884482
302 0.884501
303 0.884449
304 0.884683
305 0.88434
306 0.884815
307 0.884989
308 0.885149
309 0.885636
310 0.885153
311 0.886063
312 0.88589
313 0.885776
314 0.886092
315 0.885923
316 0.88589
317 0.886598
318 0.886177
319 0.886162
320 0.886542
321 0.887133
322 0.887114
323 0.887188
324 0.887829
325 0.887239
326 0.887574
327 0.88811
328 0.88754
329 0.888286
330 0.888562
331 0.88849
332 0.888103
333 0.888543
334 0.888511
335 0.888883
336 0.888806
337 0.888642
338 0.889053
339 0.889554
340 0.889288
341 0.889799
342 0.889065
343 0.890171
344 0.889876
345 0.889684
346 0.890028
347 0.890141
348 0.8899
349 0.890409
350 0.890417
351 0.89051
352 0.890613
353 0.89085
354 0.89098
355 0.890778
356 0.891271
357 0.891698
358 0.891447
359 0.89142
360 0.891716
361 0.892177
362 0.891646
363 0.891948
364 0.8919
365 0.892375
366 0.892615
367 0.893048
368 0.892547
369 0.893426
370 0.892931
371 0.892753
372 0.893149
373 0.893275
374 0.8934
375 0.893619
376 0.894081
377 0.893584
378 0.893487
379 0.894164
380 0.893651
381 0.894253
382 0.894348
383 0.894572
384 0.894473
385 0.8945
386 0.894831
387 0.894794
388 0.894948
389 0.895143
390 0.895264
391 0.895203
392 0.895132
393 0.895752
394 0.894831
395 0.895477
396 0.895786
397 0.895585
398 0.89558
399 0.896131
400 0.895944
