1 0.5
2 0.365017
3 0.307548
4 0.273792
5 0.251844
6 0.235604
7 0.218685
8 0.207226
9 0.195449
10 0.187854
11 0.181281
12 0.175615
13 0.171498
14 0.16708
15 0.163915
16 0.160427
17 0.157858
18 0.155281
19 0.153127
20 0.151183
21 0.149139
22 0.14759
23 0.146148
24 0.144715
25 0.143274
26 0.142292
27 0.141006
28 0.139995
29 0.139294
30 0.138314
31 0.137386
32 0.136444
33 0.135652
34 0.135104
35 0.134314
36 0.133616
37 0.132924
38 0.132405
39 0.132015
40 0.131371
41 0.131094
42 0.130308
43 0.130073
44 0.129734
45 0.129181
46 0.128703
47 0.128278
48 0.127914
49 0.127703
50 0.127405
51 0.127052
52 0.126754
53 0.126397
54 0.126017
55 0.125933
56 0.125533
57 0.125258
58 0.125096
59 0.124777
60 0.124527
61 0.124277
62 0.123961
63 0.123677
64 0.123281
65 0.123441
66 0.123297
67 0.123026
68 0.12279
69 0.122637
70 0.122485
71 0.122308
72 0.121939
73 0.121626
74 0.121621
75 0.121388
76 0.121422
77 0.121295
78 0.121151
79 0.121138
80 0.120986
81 0.120728
82 0.120692
83 0.120456
84 0.120338
85 0.120297
86 0.120131
87 0.120074
88 0.119961
89 0.119738
90 0.119656
91 0.119624
92 0.119396
93 0.119234
94 0.119247
95 0.119145
96 0.118944
97 0.118849
98 0.118902
99 0.118765
100 0.118614
101 0.11845
102 0.118507
103 0.11827
104 0.11839
105 0.118147
106 0.118121
107 0.118191
108 0.117891
109 0.117737
110 0.117879
111 0.117715
112 0.117613
113 0.11744
114 0.117385
115 0.117288
116 0.117548
117 0.117395
118 0.117264
119 0.117103
120 0.117082
121 0.116904
122 0.116952
123 0.116915
124 0.116782
125 0.116644
126 0.116536
127 0.116577
128 0.116477
129 0.116593
130 0.116383
131 0.116371
132 0.116458
133 0.116241
134 0.116243
135 0.116207
136 0.116136
137 0.11609
138 0.115915
139 0.115788
140 0.116004
141 0.115826
142 0.115837
143 0.115759
144 0.115696
145 0.115726
146 0.115662
147 0.115479
148 0.115604
149 0.115372
150 0.115372
151 0.115363
152 0.115373
153 0.115266
154 0.115219
155 0.115321
156 0.115137
157 0.11517
158 0.115099
159 0.115054
160 0.114975
161 0.114986
162 0.114886
163 0.11495
164 0.114879
165 0.114897
166 0.114753
167 0.11472
168 0.114619
169 0.114627
170 0.114902
171 0.114733
172 0.114522
173 0.114461
174 0.114482
175 0.114513
176 0.114455
177 0.114388
178 0.114438
179 0.114405
180 0.114247
181 0.114174
182 0.114285
183 0.114235
184 0.114137
185 0.114057
186 0.114033
187 0.114211
188 0.114028
189 0.113941
190 0.113913
191 0.113917
192 0.113809
193 0.114008
194 0.113941
195 0.113894
196 0.113939
197 0.113809
198 0.113777
199 0.113775
200 0.1137
201 0.113642
202 0.113664
203 0.113744
204 0.113552
205 0.113835
206 0.113547
207 0.113615
208 0.113522
209 0.113394
210 0.113432
211 0.113458
212 0.113442
213 0.113234
214 0.1135
215 0.113355
216 0.113316
217 0.113382
218 0.113295
219 0.113264
220 0.11331
221 0.113182
222 0.11322
223 0.113123
224 0.113166
225 0.113078
226 0.113068
227 0.113167
228 0.113057
229 0.113026
230 0.112959
231 0.113053
232 0.113085
233 0.112992
234 0.112954
235 0.112889
236 0.112944
237 0.112885
238 0.112874
239 0.112835
240 0.11282
241 0.112806
242 0.112804
243 0.112799
244 0.112719
245 0.112852
246 0.112742
247 0.112745
248 0.112739
249 0.112673
250 0.112668
251 0.11263
252 0.112593
253 0.112617
254 0.112553
255 0.112662
256 0.112581
257 0.112339
258 0.112464
259 0.112502
260 0.112467
261 0.112435
262 0.112399
263 0.112482
264 0.112469
265 0.112396
266 0.112416
267 0.112436
268 0.112386
269 0.112287
270 0.112291
271 0.112209
272 0.112239
273 0.112258
274 0.112328
275 0.112346
276 0.11224
277 0.112166
278 0.111998
279 0.112241
280 0.112217
281 0.112118
282 0.112127
283 0.112026
284 0.112099
285 0.112126
286 0.11205
287 0.112009
288 0.111974
289 0.112064
290 0.112095
291 0.111891
292 0.111972
293 0.112005
294 0.111871
295 0.111864
296 0.111898
297 0.111865
298 0.111854
299 0.111963
300 0.111818
301 0.111817
302 0.111858
303 0.111787
304 0.11176
305 0.111871
306 0.11174
307 0.111645
308 0.111783
309 0.111642
310 0.111775
311 0.111714
312 0.111676
313 0.111702
314 0.111684
315 0.111655
316 0.111667
317 0.111694
318 0.111624
319 0.111617
320 0.111541
321 0.111704
322 0.111541
323 0.111634
324 0.111591
325 0.11152
326 0.111552
327 0.111437
328 0.111602
329 0.111419
330 0.111486
331 0.111448
332 0.111492
333 0.111488
334 0.111402
335 0.111428
336 0.111386
337 0.11138
338 0.111388
339 0.111399
340 0.111369
341 0.111371
342 0.111309
343 0.11139
344 0.111318
345 0.111355
346 0.111288
347 0.111355
348 0.111269
349 0.111241
350 0.111304
351 0.111326
352 0.111274
353 0.111183
354 0.111308
355 0.111256
356 0.111255
357 0.111217
358 0.111193
359 0.111254
360 0.11117
361 0.111196
362 0.111089
363 0.11115
364 0.111178
365 0.111156
366 0.111194
367 0.111073
368 0.111105
369 0.111061
370 0.111036
371 0.111152
372 0.111026
373 0.111041
374 0.111151
375 0.110992
376 0.111037
377 0.111085
378 0.111001
379 0.110984
380 0.111054
381 0.110927
382 0.110929
383 0.110974
384 0.110951
385 0.110884
386 0.110959
387 0.110956
388 0.110921
389 0.110977
390 0.110881
391 0.11088
392 0.110895
393 0.110957
394 0.11092
395 0.110885
396 0.110824
397 0.110909
398 0.11088
399 0.110813
400 0.110826
