1 0.120705
2 0.120373
3 0.120866
4 0.120881
5 0.120389
6 0.120674
7 0.120437
8 0.120858
9 0.120649
10 0.120514
11 0.120765
12 0.120665
13 0.120598
14 0.120698
15 0.120648
16 0.120735
17 0.120648
18 0.120561
19 0.120539
20 0.120721
21 0.120684
22 0.120372
23 0.120831
24 0.12074
25 0.120412
26 0.120705
27 0.101416
28 0.0880222
29 0.0831162
30 0.0782022
31 0.0738898
32 0.0688512
33 0.0657063
34 0.0645156
35 0.060642
36 0.0582083
37 0.0574792
38 0.0547216
39 0.0528825
40 0.0521304
41 0.0505316
42 0.0487984
43 0.0475629
44 0.0470954
45 0.0460156
46 0.0444642
47 0.0442781
48 0.0436406
49 0.0436381
50 0.0421538
51 0.0414868
52 0.0412223
53 0.0407581
54 0.040161
55 0.0397066
56 0.039272
57 0.0389576
58 0.0385863
59 0.0381955
60 0.0377907
61 0.0375548
62 0.0371853
63 0.0367099
64 0.0365188
65 0.0364133
66 0.0361318
67 0.0356857
68 0.0353158
69 0.0351261
70 0.0347995
71 0.0344487
72 0.0341204
73 0.0337874
74 0.0334739
75 0.0332018
76 0.0328281
77 0.0323916
78 0.0320587
79 0.0317245
80 0.0313668
81 0.0311617
82 0.0307883
83 0.030515
84 0.0300929
85 0.0298071
86 0.0294802
87 0.0292624
88 0.0288652
89 0.0285896
90 0.0283331
91 0.028117
92 0.0278642
93 0.027567
94 0.0273717
95 0.0271547
96 0.0269494
97 0.0266894
98 0.0265062
99 0.0262856
100 0.0260733
101 0.0258311
102 0.0256177
103 0.0254433
104 0.0252801
105 0.0250041
106 0.024809
107 0.0247483
108 0.0244995
109 0.0243259
110 0.024219
111 0.0241082
112 0.0239305
113 0.0237183
114 0.0235038
115 0.0234143
116 0.0231626
117 0.0230836
118 0.0229436
119 0.0228011
120 0.0225763
121 0.0224945
122 0.0223729
123 0.022238
124 0.0219982
125 0.021981
126 0.0218558
127 0.0217705
128 0.0216134
129 0.0215147
130 0.0213487
131 0.0212368
132 0.0211238
133 0.0210015
134 0.020852
135 0.0207406
136 0.0206571
137 0.0204813
138 0.020421
139 0.0202514
140 0.0201782
141 0.0200695
142 0.0200071
143 0.0198808
144 0.0197926
145 0.019634
146 0.0195259
147 0.0194662
148 0.0193639
149 0.0192868
150 0.0191807
151 0.0190799
152 0.0190477
153 0.0189458
154 0.0188469
155 0.0187971
156 0.0186847
157 0.0185224
158 0.0184953
159 0.0184036
160 0.018315
161 0.0182333
162 0.0181724
163 0.0180972
164 0.0179942
165 0.0179479
166 0.0178462
167 0.0177642
168 0.0177158
169 0.0175685
170 0.0175047
171 0.0173956
172 0.0173346
173 0.0172636
174 0.0172203
175 0.0171573
176 0.0170699
177 0.016999
178 0.0169757
179 0.0168491
180 0.0168005
181 0.0167525
182 0.0166727
183 0.0166341
184 0.0165484
185 0.0165341
186 0.0164637
187 0.0163722
188 0.0163288
189 0.0162529
190 0.0162347
191 0.0161731
192 0.0160796
193 0.0161004
194 0.0159721
195 0.0159739
196 0.0158637
197 0.0158079
198 0.015738
199 0.0157525
200 0.0156521
201 0.0155923
202 0.0154957
203 0.0155473
204 0.0154172
205 0.015301
206 0.0152351
207 0.0152305
208 0.0151896
209 0.0151212
210 0.0150945
211 0.0150046
212 0.0149648
213 0.0149065
214 0.0148856
215 0.0148505
216 0.0147427
217 0.0146896
218 0.0146748
219 0.0146762
220 0.0145614
221 0.0145469
222 0.0145401
223 0.0144776
224 0.0144281
225 0.0143492
226 0.0143337
227 0.0142943
228 0.0142269
229 0.0141998
230 0.0141897
231 0.0141829
232 0.0141121
233 0.0140929
234 0.0140175
235 0.0139892
236 0.0139713
237 0.0138948
238 0.0138506
239 0.0138222
240 0.0137827
241 0.0137626
242 0.0136816
243 0.0136211
244 0.0136011
245 0.0136224
246 0.0134942
247 0.0134707
248 0.0134274
249 0.0134592
250 0.0133558
251 0.0133366
252 0.0132795
253 0.0132856
254 0.013193
255 0.0131545
256 0.0131461
257 0.0130964
258 0.0130754
259 0.0130046
260 0.01299
261 0.0129847
262 0.0129196
263 0.0129014
264 0.0128275
265 0.0128009
266 0.0127988
267 0.0127598
268 0.0127157
269 0.0127287
270 0.0127008
271 0.0126498
272 0.0126092
273 0.012565
274 0.0125551
275 0.0125427
276 0.0124476
277 0.0124279
278 0.0123966
279 0.0123283
280 0.0123207
281 0.012336
282 0.0122837
283 0.012286
284 0.0122471
285 0.0122346
286 0.0121963
287 0.0121769
288 0.0122045
289 0.0121281
290 0.0121042
291 0.012071
292 0.0120278
293 0.0120175
294 0.0119742
295 0.0119174
296 0.0119012
297 0.0118904
298 0.011868
299 0.0118515
300 0.0117912
301 0.0117403
302 0.0117532
303 0.0116994
304 0.0116778
305 0.0116604
306 0.0116498
307 0.0116055
308 0.0115843
309 0.011552
310 0.0115268
311 0.0114882
312 0.0114293
313 0.0114226
314 0.0114092
315 0.0113436
316 0.0113777
317 0.0113598
318 0.0113299
319 0.0113085
320 0.0112489
321 0.0112458
322 0.011187
323 0.011209
324 0.0111644
325 0.0111565
326 0.0111051
327 0.0111118
328 0.0110715
329 0.011021
330 0.0109865
331 0.0110279
332 0.0110116
333 0.011012
334 0.0110041
335 0.0109803
336 0.01091
337 0.0109371
338 0.0108837
339 0.0108799
340 0.0108525
341 0.0108357
342 0.0107906
343 0.0107392
344 0.0107532
345 0.0107305
346 0.0106964
347 0.0106564
348 0.0106621
349 0.0106368
350 0.0105876
351 0.0105698
352 0.0105708
353 0.0105799
354 0.0105243
355 0.0104951
356 0.01049
357 0.0104948
358 0.0104616
359 0.0104941
360 0.010377
361 0.0104233
362 0.01038
363 0.0103574
364 0.0103897
365 0.0103165
366 0.0103054
367 0.0103337
368 0.010265
369 0.0102389
370 0.0102529
371 0.0102171
372 0.0102145
373 0.0101726
374 0.0101437
375 0.0101515
376 0.0100809
377 0.0100707
378 0.0100768
379 0.0100698
380 0.0100376
381 0.0100477
382 0.0100111
383 0.00999156
384 0.00997593
385 0.00996419
386 0.00996272
387 0.00991908
388 0.00988651
389 0.00987048
390 0.00982028
391 0.00981291
392 0.00976316
393 0.00978057
394 0.00975057
395 0.00972852
396 0.00973419
397 0.00970826
398 0.00971596
399 0.00970608
400 0.00971207
