1 0.333715
2 0.333827
3 0.333238
4 0.333138
5 0.33349
6 0.333238
7 0.333521
8 0.333303
9 0.333238
10 0.333292
11 0.333214
12 0.333238
13 0.333337
14 0.333426
15 0.333238
16 0.333332
17 0.333195
18 0.333238
19 0.333247
20 0.333222
21 0.333238
22 0.33343
23 0.333331
24 0.333238
25 0.333457
26 0.333286
27 0.335545
28 0.339336
29 0.343343
30 0.34763
31 0.35214
32 0.35711
33 0.361896
34 0.366794
35 0.371706
36 0.376597
37 0.381287
38 0.386032
39 0.390796
40 0.395357
41 0.399911
42 0.404319
43 0.408719
44 0.412944
45 0.4171
46 0.421202
47 0.425165
48 0.429015
49 0.43271
50 0.436395
51 0.440003
52 0.443492
53 0.44689
54 0.450222
55 0.453445
56 0.4566
57 0.459701
58 0.462676
59 0.465602
60 0.468486
61 0.471273
62 0.474004
63 0.476692
64 0.479304
65 0.481858
66 0.484358
67 0.486815
68 0.489232
69 0.491581
70 0.4939
71 0.496184
72 0.49843
73 0.500627
74 0.502811
75 0.504938
76 0.507047
77 0.509114
78 0.511173
79 0.513198
80 0.515189
81 0.517158
82 0.519089
83 0.521025
84 0.522904
85 0.524771
86 0.526637
87 0.52846
88 0.530264
89 0.532054
90 0.533825
91 0.535545
92 0.537274
93 0.538986
94 0.540651
95 0.542303
96 0.543934
97 0.545546
98 0.547133
99 0.548711
100 0.550265
101 0.551815
102 0.553315
103 0.554854
104 0.556309
105 0.557769
106 0.559232
107 0.560674
108 0.562088
109 0.563503
110 0.564894
111 0.566253
112 0.567607
113 0.568957
114 0.570281
115 0.571603
116 0.572902
117 0.574181
118 0.575466
119 0.576736
120 0.577977
121 0.579221
122 0.580438
123 0.581642
124 0.582856
125 0.584028
126 0.585223
127 0.586335
128 0.587514
129 0.588675
130 0.589763
131 0.590896
132 0.592
133 0.593102
134 0.594177
135 0.595268
136 0.596315
137 0.597392
138 0.598441
139 0.599475
140 0.600519
141 0.601517
142 0.602524
143 0.60353
144 0.604527
145 0.605514
146 0.606494
147 0.607459
148 0.608421
149 0.609364
150 0.610308
151 0.61124
152 0.612172
153 0.613084
154 0.614006
155 0.6149
156 0.615797
157 0.616686
158 0.617555
159 0.618437
160 0.619296
161 0.620162
162 0.62101
163 0.621844
164 0.622691
165 0.623516
166 0.624334
167 0.625166
168 0.625974
169 0.626744
170 0.627602
171 0.62828
172 0.629173
173 0.629953
174 0.6307
175 0.631476
176 0.63226
177 0.633013
178 0.633756
179 0.634515
180 0.635266
181 0.635995
182 0.636727
183 0.637453
184 0.638179
185 0.638893
186 0.639597
187 0.640312
188 0.641013
189 0.641707
190 0.642387
191 0.64307
192 0.643759
193 0.644431
194 0.645102
195 0.645741
196 0.64644
197 0.647076
198 0.64775
199 0.648407
200 0.649042
201 0.649692
202 0.650322
203 0.65096
204 0.651592
205 0.652234
206 0.652838
207 0.653452
208 0.654069
209 0.654684
210 0.655282
211 0.655887
212 0.656493
213 0.657091
214 0.657688
215 0.658274
216 0.658858
217 0.659437
218 0.660018
219 0.660596
220 0.661167
221 0.661726
222 0.662293
223 0.662847
224 0.663412
225 0.663958
226 0.66451
227 0.665065
228 0.665599
229 0.666155
230 0.666677
231 0.66721
232 0.667733
233 0.668255
234 0.668782
235 0.66931
236 0.669836
237 0.670347
238 0.670858
239 0.671349
240 0.671871
241 0.67242
242 0.672889
243 0.67339
244 0.673873
245 0.67436
246 0.674858
247 0.675364
248 0.675855
249 0.676337
250 0.676809
251 0.677266
252 0.67773
253 0.678219
254 0.678701
255 0.679227
256 0.679635
257 0.680035
258 0.680554
259 0.681036
260 0.681506
261 0.681939
262 0.682379
263 0.682821
264 0.683268
265 0.683712
266 0.684169
267 0.68461
268 0.685054
269 0.685489
270 0.685912
271 0.686351
272 0.686765
273 0.687159
274 0.687623
275 0.68805
276 0.688474
277 0.688887
278 0.689303
279 0.689721
280 0.690132
281 0.690544
282 0.690959
283 0.691363
284 0.691769
285 0.69217
286 0.692573
287 0.692975
288 0.693364
289 0.693762
290 0.694151
291 0.694548
292 0.694936
293 0.695335
294 0.695707
295 0.6961
296 0.69648
297 0.696864
298 0.697241
299 0.697619
300 0.698001
301 0.698376
302 0.698741
303 0.69913
304 0.699494
305 0.699845
306 0.70022
307 0.70063
308 0.700947
309 0.701326
310 0.701674
311 0.702032
312 0.702392
313 0.702746
314 0.7031
315 0.703413
316 0.703804
317 0.704147
318 0.704503
319 0.704851
320 0.705201
321 0.70555
322 0.705883
323 0.706227
324 0.70657
325 0.706905
326 0.707239
327 0.707591
328 0.70792
329 0.708268
330 0.708593
331 0.708931
332 0.709253
333 0.709572
334 0.709897
335 0.710226
336 0.710555
337 0.710872
338 0.711194
339 0.711524
340 0.711837
341 0.712096
342 0.712486
343 0.712776
344 0.71309
345 0.713409
346 0.713714
347 0.714029
348 0.714347
349 0.714655
350 0.714955
351 0.715257
352 0.715562
353 0.715862
354 0.716173
355 0.716475
356 0.716764
357 0.717071
358 0.717366
359 0.717653
360 0.717952
361 0.718244
362 0.718536
363 0.718831
364 0.719113
365 0.719414
366 0.719677
367 0.719984
368 0.720271
369 0.720546
370 0.720836
371 0.72112
372 0.721398
373 0.721686
374 0.721972
375 0.722248
376 0.722524
377 0.722804
378 0.723081
379 0.72336
380 0.723624
381 0.72388
382 0.724167
383 0.724455
384 0.724715
385 0.724969
386 0.72525
387 0.725526
388 0.725786
389 0.726048
390 0.726301
391 0.726585
392 0.726846
393 0.72711
394 0.727373
395 0.727623
396 0.727894
397 0.728146
398 0.728426
399 0.728671
400 0.728921
