1 0.166478
2 0.166721
3 0.16664
4 0.166721
5 0.166672
6 0.166721
7 0.166686
8 0.166721
9 0.166694
10 0.166721
11 0.166699
12 0.159742
13 0.153834
14 0.146859
15 0.140737
16 0.134553
17 0.129068
18 0.123743
19 0.119068
20 0.114454
21 0.11043
22 0.1064
23 0.102913
24 0.0994451
25 0.0962626
26 0.0933225
27 0.0905307
28 0.0879752
29 0.0855334
30 0.0832503
31 0.0809976
32 0.0790032
33 0.0770106
34 0.0751665
35 0.0734084
36 0.0717357
37 0.0701633
38 0.06868
39 0.0671599
40 0.0658438
41 0.0645283
42 0.0632201
43 0.0620223
44 0.0608765
45 0.0597725
46 0.0586919
47 0.0576809
48 0.0567054
49 0.0557197
50 0.0548278
51 0.0538897
52 0.0530616
53 0.0522406
54 0.051392
55 0.0506017
56 0.0498614
57 0.0491586
58 0.0484212
59 0.0477855
60 0.047153
61 0.0464659
62 0.04586
63 0.0452553
64 0.0446608
65 0.0441066
66 0.0435483
67 0.0430074
68 0.0425017
69 0.0419601
70 0.0414706
71 0.0409534
72 0.0404943
73 0.0400465
74 0.0395724
75 0.0391197
76 0.0387075
77 0.0383068
78 0.0379598
79 0.0375107
80 0.0371114
81 0.0367558
82 0.0363515
83 0.0359921
84 0.0356618
85 0.0352844
86 0.0350129
87 0.0346492
88 0.0342994
89 0.0340071
90 0.0336606
91 0.0333904
92 0.0330825
93 0.032795
94 0.0325192
95 0.0322214
96 0.0319772
97 0.0316667
98 0.0313966
99 0.0311148
100 0.0308773
101 0.0306192
102 0.0303987
103 0.030146
104 0.0299195
105 0.0296644
106 0.0294785
107 0.0292156
108 0.0290632
109 0.0287664
110 0.0285619
111 0.02832
112 0.0282115
113 0.0279417
114 0.0277011
115 0.0275812
116 0.0273435
117 0.0272004
118 0.0270181
119 0.0268138
120 0.0265911
121 0.0264322
122 0.0263036
123 0.0260754
124 0.0259418
125 0.0257047
126 0.0255958
127 0.0254235
128 0.02526
129 0.0251226
130 0.024957
131 0.0247882
132 0.0246385
133 0.0244911
134 0.0243286
135 0.0242318
136 0.0240666
137 0.0239009
138 0.0237935
139 0.0236366
140 0.0234761
141 0.0234003
142 0.0232542
143 0.0230913
144 0.0229547
145 0.0228457
146 0.0227014
147 0.0225988
148 0.0224568
149 0.0223436
150 0.0222395
151 0.0220782
152 0.0220332
153 0.0219009
154 0.0217638
155 0.021647
156 0.0215644
157 0.0214499
158 0.0213657
159 0.0212289
160 0.021143
161 0.0210171
162 0.0209199
163 0.0208401
164 0.0207347
165 0.0206004
166 0.0204975
167 0.0204443
168 0.0203142
169 0.0202491
170 0.0201146
171 0.0200237
172 0.0199892
173 0.0198714
174 0.0197683
175 0.0196664
176 0.0195953
177 0.0194747
178 0.0193923
179 0.0193491
180 0.0192479
181 0.0191476
182 0.0190649
183 0.0190001
184 0.0189156
185 0.0188441
186 0.0187526
187 0.0186865
188 0.0185873
189 0.0185347
190 0.0184711
191 0.0183898
192 0.0183447
193 0.0182077
194 0.0181723
195 0.0180533
196 0.0180013
197 0.017933
198 0.0178738
199 0.017822
200 0.0177246
201 0.0176618
202 0.0175819
203 0.0175447
204 0.017458
205 0.0173964
206 0.0173179
207 0.0172455
208 0.0171937
209 0.0171637
210 0.0170702
211 0.016968
212 0.0169469
213 0.0169091
214 0.0167914
215 0.0167619
216 0.0167059
217 0.0166767
218 0.0166277
219 0.0165537
220 0.0165152
221 0.0164313
222 0.0163736
223 0.0163018
224 0.0162493
225 0.0162167
226 0.0161328
227 0.0161015
228 0.0160663
229 0.0159574
230 0.0159355
231 0.0159078
232 0.0158294
233 0.0158021
234 0.015735
235 0.015641
236 0.0156299
237 0.0155749
238 0.0154828
239 0.0154625
240 0.0154565
241 0.0153779
242 0.0153266
243 0.0153045
244 0.01521
245 0.015156
246 0.0151111
247 0.0150822
248 0.0150243
249 0.0150079
250 0.0149363
251 0.0148909
252 0.0148981
253 0.0148372
254 0.0147792
255 0.0147673
256 0.0146881
257 0.0146391
258 0.0146007
259 0.0145662
260 0.0145432
261 0.0144851
262 0.0144464
263 0.0144339
264 0.014356
265 0.0143294
266 0.0143011
267 0.014246
268 0.0141901
269 0.0141625
270 0.0141079
271 0.0140968
272 0.0140698
273 0.0140316
274 0.013978
275 0.0139292
276 0.0139109
277 0.0138749
278 0.0138198
279 0.0137988
280 0.0137526
281 0.0137266
282 0.0136786
283 0.0136606
284 0.0135957
285 0.0135625
286 0.0135572
287 0.0135294
288 0.0134996
289 0.0134454
290 0.0134115
291 0.0133572
292 0.0133444
293 0.0133125
294 0.0132648
295 0.0132527
296 0.0131931
297 0.0131605
298 0.01313
299 0.0131357
300 0.0130846
301 0.0130731
302 0.0129736
303 0.0130057
304 0.012967
305 0.0129209
306 0.0129206
307 0.0128807
308 0.0128524
309 0.012797
310 0.0127372
311 0.0127353
312 0.0127467
313 0.0126756
314 0.0126474
315 0.012615
316 0.0126232
317 0.0125959
318 0.0125249
319 0.0125102
320 0.0124725
321 0.0125067
322 0.0124494
323 0.012392
324 0.0123653
325 0.012377
326 0.0123077
327 0.0122578
328 0.0122441
329 0.0122674
330 0.0121974
331 0.0121801
332 0.0121479
333 0.0121061
334 0.012127
335 0.0120957
336 0.0120796
337 0.0120317
338 0.0120219
339 0.0120213
340 0.0119607
341 0.0119377
342 0.0119062
343 0.0118574
344 0.0118601
345 0.0118592
346 0.0118299
347 0.0118123
348 0.0117774
349 0.0117292
350 0.0117291
351 0.011715
352 0.0116572
353 0.011628
354 0.0116353
355 0.0116258
356 0.0115681
357 0.0115826
358 0.011541
359 0.0115273
360 0.0115164
361 0.0114996
362 0.0114411
363 0.0114359
364 0.011386
365 0.0114179
366 0.0113461
367 0.011339
368 0.0113278
369 0.0112717
370 0.0112797
371 0.011281
372 0.0112394
373 0.0112137
374 0.0111899
375 0.0111899
376 0.0111687
377 0.0111035
378 0.0111448
379 0.0110853
380 0.0110686
381 0.0110783
382 0.011039
383 0.0110078
384 0.0110014
385 0.0109773
386 0.0109629
387 0.0109425
388 0.0109009
389 0.0108945
390 0.0108424
391 0.0108717
392 0.0108387
393 0.0107964
394 0.0107992
395 0.0107555
396 0.010792
397 0.0107583
398 0.0107296
399 0.010711
400 0.0106998
