1 0.166478
2 0.166964
3 0.166478
4 0.166964
5 0.166478
6 0.166964
7 0.166478
8 0.166964
9 0.166478
10 0.166964
11 0.166478
12 0.0832207
13 0.082856
14 0.0557054
15 0.055407
16 0.0415742
17 0.0417277
18 0.0332177
19 0.0335491
20 0.0276991
21 0.0280101
22 0.0240838
23 0.0235128
24 0.0212773
25 0.0206364
26 0.0193573
27 0.0187329
28 0.0178486
29 0.0171776
30 0.0164953
31 0.0158084
32 0.0153808
33 0.0148746
34 0.0142014
35 0.0139754
36 0.0134503
37 0.0130903
38 0.0128343
39 0.0124181
40 0.0121647
41 0.0118109
42 0.0114994
43 0.0112536
44 0.0110524
45 0.0107743
46 0.0105191
47 0.0103773
48 0.0100587
49 0.00987156
50 0.00976552
51 0.00956635
52 0.00934809
53 0.00920196
54 0.00903661
55 0.0088222
56 0.00870628
57 0.00859463
58 0.00847911
59 0.00833146
60 0.00823248
61 0.00810911
62 0.00797151
63 0.00787109
64 0.00773946
65 0.00769516
66 0.0075787
67 0.00748836
68 0.00739145
69 0.00733239
70 0.0072461
71 0.00707878
72 0.00703369
73 0.00697
74 0.00682889
75 0.00682293
76 0.00673504
77 0.00666403
78 0.00666361
79 0.0065292
80 0.00647513
81 0.00646993
82 0.00635066
83 0.00632515
84 0.00633445
85 0.00620451
86 0.00618636
87 0.00614919
88 0.00605532
89 0.00604964
90 0.00596211
91 0.0059523
92 0.00594285
93 0.00585134
94 0.00582363
95 0.00575246
96 0.00575991
97 0.00567512
98 0.00562218
99 0.0055698
100 0.00558409
101 0.00551875
102 0.00553862
103 0.00545417
104 0.0054471
105 0.00540981
106 0.00538996
107 0.00536906
108 0.00537185
109 0.00527593
110 0.00524868
111 0.00520174
112 0.00525943
113 0.00517713
114 0.00510476
115 0.00518116
116 0.00510356
117 0.00509507
118 0.00507022
119 0.00505351
120 0.00497601
121 0.0049982
122 0.00498265
123 0.00492415
124 0.00492424
125 0.00488989
126 0.00488664
127 0.00486678
128 0.00484089
129 0.00483872
130 0.00482656
131 0.00478999
132 0.00476761
133 0.00476267
134 0.00472347
135 0.00478012
136 0.00469884
137 0.00468887
138 0.00469845
139 0.00464432
140 0.00464919
141 0.00462715
142 0.00463284
143 0.00457529
144 0.00456537
145 0.00454031
146 0.00455585
147 0.00453267
148 0.00449613
149 0.00450203
150 0.0045144
151 0.00446161
152 0.00450364
153 0.00446798
154 0.00443241
155 0.004414
156 0.00443009
157 0.00443631
158 0.00441759
159 0.00438283
160 0.00439073
161 0.00436196
162 0.00437349
163 0.0043631
164 0.00437008
165 0.00431619
166 0.00430631
167 0.0042997
168 0.00427712
169 0.00427753
170 0.0042739
171 0.00423168
172 0.00428929
173 0.00425661
174 0.00420115
175 0.00422519
176 0.00421318
177 0.00416355
178 0.00418373
179 0.00421265
180 0.00418855
181 0.00414574
182 0.00413803
183 0.00414496
184 0.00414344
185 0.00414977
186 0.00412741
187 0.00412563
188 0.00409865
189 0.0040984
190 0.00412863
191 0.00410942
192 0.00410825
193 0.00406717
194 0.00408181
195 0.00404635
196 0.00402673
197 0.00403518
198 0.00403797
199 0.00406138
200 0.00403605
201 0.00403653
202 0.00399678
203 0.00404149
204 0.00399176
205 0.00400819
206 0.00397441
207 0.00395019
208 0.00399113
209 0.00399472
210 0.00395474
211 0.00391751
212 0.00393655
213 0.00395785
214 0.00390771
215 0.00394188
216 0.00391862
217 0.00395281
218 0.00394973
219 0.00393272
220 0.00395795
221 0.00392297
222 0.00391972
223 0.00388937
224 0.00388522
225 0.00389142
226 0.0038567
227 0.00388856
228 0.00388141
229 0.003829
230 0.0038641
231 0.00387688
232 0.00384612
233 0.00386696
234 0.00385757
235 0.00380207
236 0.00384516
237 0.00383659
238 0.00378973
239 0.00379882
240 0.00385535
241 0.00381491
242 0.00379401
243 0.00383613
244 0.00377683
245 0.00377242
246 0.00375597
247 0.00375216
248 0.00375761
249 0.00377809
250 0.00374832
251 0.00374246
252 0.00378409
253 0.00377226
254 0.00372922
255 0.00376649
256 0.00374452
257 0.00373803
258 0.00372435
259 0.00372236
260 0.00375461
261 0.0037436
262 0.00373864
263 0.00373574
264 0.00371082
265 0.00370127
266 0.00371642
267 0.0037119
268 0.00369301
269 0.0036884
270 0.003682
271 0.00369975
272 0.00369824
273 0.00371048
274 0.00367597
275 0.00367395
276 0.00369495
277 0.00368159
278 0.0036638
279 0.00368011
280 0.00366449
281 0.00367063
282 0.00365987
283 0.00365718
284 0.0036349
285 0.00363987
286 0.00368558
287 0.00368428
288 0.00367282
289 0.00365784
290 0.00362994
291 0.00362209
292 0.00363936
293 0.00365152
294 0.0036239
295 0.0036405
296 0.00360144
297 0.00360814
298 0.00361298
299 0.00363198
300 0.00361776
301 0.00365362
302 0.00358658
303 0.00363321
304 0.00362161
305 0.00362189
306 0.00360123
307 0.0036181
308 0.00359236
309 0.00359962
310 0.00355372
311 0.00357233
312 0.00362096
313 0.00358116
314 0.00359654
315 0.00357417
316 0.00360047
317 0.00358538
318 0.00354735
319 0.00355618
320 0.00354378
321 0.00361261
322 0.0035755
323 0.00353524
324 0.0035581
325 0.00358737
326 0.00354467
327 0.00350699
328 0.00353358
329 0.00357743
330 0.00352326
331 0.0035319
332 0.00352421
333 0.00352228
334 0.00355266
335 0.00353972
336 0.00355323
337 0.00353683
338 0.00354553
339 0.00356092
340 0.00351988
341 0.00353105
342 0.00350975
343 0.00348982
344 0.00351137
345 0.00354157
346 0.00352546
347 0.00353496
348 0.00351398
349 0.0034997
350 0.00352707
351 0.00353035
352 0.00348815
353 0.00347978
354 0.00351606
355 0.00352534
356 0.00347653
357 0.00352954
358 0.00349102
359 0.0035117
360 0.00351798
361 0.00352025
362 0.00349446
363 0.00349453
364 0.0034602
365 0.00351746
366 0.00347052
367 0.00348362
368 0.00348809
369 0.00345848
370 0.00348756
371 0.00348593
372 0.00346101
373 0.00347444
374 0.00345917
375 0.00347656
376 0.00348789
377 0.00343873
378 0.00349862
379 0.00346406
380 0.00346127
381 0.00349888
382 0.00347325
383 0.00347897
384 0.00346875
385 0.00344439
386 0.00345602
387 0.00347599
388 0.00345812
389 0.00344949
390 0.00341679
391 0.00345086
392 0.00344529
393 0.00342768
394 0.00343908
395 0.00341812
396 0.00346712
397 0.00344324
398 0.0034498
399 0.00343514
400 0.00345473
