1 0.5
2 0.5
3 0.5
4 0.5
5 0.5
6 0.5
7 0.5
8 0.5
9 0.5
10 0.5
11 0.5
12 0.493062
13 0.492774
14 0.487567
15 0.487314
16 0.483912
17 0.484112
18 0.481828
19 0.481718
20 0.480322
21 0.480129
22 0.479016
23 0.478773
24 0.478244
25 0.478204
26 0.477526
27 0.477445
28 0.477236
29 0.476769
30 0.477096
31 0.476644
32 0.476296
33 0.47617
34 0.476062
35 0.476118
36 0.475893
37 0.475926
38 0.475553
39 0.475324
40 0.475272
41 0.475089
42 0.475045
43 0.474955
44 0.474803
45 0.474934
46 0.474657
47 0.474978
48 0.474562
49 0.47462
50 0.474577
51 0.474332
52 0.474465
53 0.47456
54 0.4744
55 0.47429
56 0.474383
57 0.47407
58 0.474081
59 0.473994
60 0.473924
61 0.473952
62 0.473956
63 0.47407
64 0.473954
65 0.47387
66 0.473892
67 0.473716
68 0.473963
69 0.473863
70 0.473794
71 0.4737
72 0.473858
73 0.473871
74 0.473552
75 0.47375
76 0.473714
77 0.473466
78 0.473577
79 0.473448
80 0.473675
81 0.473496
82 0.473495
83 0.473468
84 0.473649
85 0.473187
86 0.473341
87 0.473427
88 0.473208
89 0.4732
90 0.473118
91 0.473361
92 0.473137
93 0.473157
94 0.47323
95 0.473254
96 0.473306
97 0.473075
98 0.473202
99 0.472976
100 0.473382
101 0.473153
102 0.473141
103 0.472791
104 0.473361
105 0.473228
106 0.473334
107 0.472866
108 0.473038
109 0.473223
110 0.472953
111 0.473036
112 0.473225
113 0.473203
114 0.47294
115 0.472949
116 0.472999
117 0.47301
118 0.473252
119 0.472961
120 0.473009
121 0.472925
122 0.473196
123 0.473084
124 0.473155
125 0.473102
126 0.472925
127 0.473025
128 0.473095
129 0.472974
130 0.47281
131 0.472833
132 0.472738
133 0.473095
134 0.472677
135 0.473032
136 0.472858
137 0.472786
138 0.473004
139 0.472822
140 0.472915
141 0.47297
142 0.472969
143 0.472828
144 0.473214
145 0.472776
146 0.472834
147 0.47288
148 0.472784
149 0.472797
150 0.472932
151 0.473076
152 0.472901
153 0.472541
154 0.472808
155 0.472671
156 0.472883
157 0.472705
158 0.47277
159 0.472612
160 0.472793
161 0.472604
162 0.472643
163 0.472587
164 0.47269
165 0.472745
166 0.472692
167 0.472686
168 0.472579
169 0.472775
170 0.472982
171 0.47265
172 0.4727
173 0.472653
174 0.47286
175 0.472707
176 0.472642
177 0.472878
178 0.472467
179 0.472629
180 0.472812
181 0.472743
182 0.472871
183 0.472836
184 0.47255
185 0.472458
186 0.472606
187 0.472666
188 0.472811
189 0.472385
190 0.472595
191 0.472681
192 0.472775
193 0.472492
194 0.472538
195 0.472791
196 0.472583
197 0.472365
198 0.472626
199 0.472658
200 0.47263
201 0.472793
202 0.472407
203 0.472499
204 0.472336
205 0.472493
206 0.472787
207 0.472576
208 0.472522
209 0.472626
210 0.472931
211 0.472738
212 0.472702
213 0.472641
214 0.472721
215 0.472705
216 0.472676
217 0.4727
218 0.472663
219 0.472544
220 0.472627
221 0.472626
222 0.472826
223 0.472496
224 0.472647
225 0.472551
226 0.472627
227 0.472529
228 0.472689
229 0.472378
230 0.47251
231 0.472614
232 0.472576
233 0.472735
234 0.472566
235 0.47287
236 0.472483
237 0.472876
238 0.472434
239 0.472625
240 0.472618
241 0.472317
242 0.472584
243 0.472595
244 0.472702
245 0.47238
246 0.472599
247 0.472738
248 0.472608
249 0.472561
250 0.472703
251 0.472564
252 0.472652
253 0.472269
254 0.472548
255 0.472488
256 0.472878
257 0.472568
258 0.472388
259 0.472504
260 0.472546
261 0.472362
262 0.472544
263 0.472324
264 0.472775
265 0.472423
266 0.47256
267 0.472224
268 0.472653
269 0.472501
270 0.472393
271 0.472615
272 0.472488
273 0.472643
274 0.472657
275 0.472523
276 0.472678
277 0.47263
278 0.472571
279 0.472716
280 0.472319
281 0.472499
282 0.472399
283 0.472789
284 0.472571
285 0.472496
286 0.472615
287 0.472436
288 0.472591
289 0.472387
290 0.472833
291 0.472683
292 0.472707
293 0.47242
294 0.472115
295 0.472563
296 0.472502
297 0.472798
298 0.472549
299 0.472364
300 0.472583
301 0.472842
302 0.472732
303 0.472471
304 0.472655
305 0.472535
306 0.472643
307 0.472507
308 0.472459
309 0.472719
310 0.472481
311 0.472228
312 0.472551
313 0.472376
314 0.472548
315 0.472588
316 0.472832
317 0.472658
318 0.472374
319 0.472417
320 0.472389
321 0.472534
322 0.472833
323 0.472461
324 0.472502
325 0.472653
326 0.47244
327 0.472377
328 0.472393
329 0.472508
330 0.472726
331 0.472277
332 0.472364
333 0.472595
334 0.472513
335 0.472598
336 0.472576
337 0.472611
338 0.472592
339 0.47255
340 0.472411
341 0.472416
342 0.472426
343 0.472396
344 0.472574
345 0.472329
346 0.472715
347 0.472465
348 0.472332
349 0.472559
350 0.472514
351 0.472501
352 0.472322
353 0.472339
354 0.472542
355 0.472409
356 0.472542
357 0.472686
358 0.472435
359 0.472732
360 0.472445
361 0.472497
362 0.472711
363 0.472434
364 0.472845
365 0.472601
366 0.472445
367 0.472692
368 0.47252
369 0.472525
370 0.472453
371 0.472652
372 0.4725
373 0.472541
374 0.472355
375 0.472372
376 0.472481
377 0.472351
378 0.472364
379 0.472261
380 0.472431
381 0.472719
382 0.472532
383 0.472601
384 0.47249
385 0.472589
386 0.472398
387 0.47258
388 0.472366
389 0.472517
390 0.472613
391 0.472412
392 0.472474
393 0.472377
394 0.472502
395 0.472279
396 0.472339
397 0.472481
398 0.472477
399 0.472657
400 0.4723
