53 0.991592
55 0.922937
56 0.939041
57 0.888392
58 0.898407
59 0.858236
60 0.875842
61 0.846713
62 0.860486
63 0.836047
64 0.846692
65 0.828533
66 0.840405
67 0.822356
68 0.834043
69 0.821075
70 0.831175
71 0.818841
72 0.831126
73 0.817091
74 0.829014
75 0.818419
76 0.669375
77 0.637457
78 0.561325
79 0.545509
80 0.513652
81 0.50893
82 0.489849
83 0.487758
84 0.471522
85 0.473371
86 0.46309
87 0.465829
88 0.456549
89 0.458507
90 0.44976
91 0.454004
92 0.448502
93 0.449526
94 0.447182
95 0.449435
96 0.443351
97 0.447092
98 0.443687
99 0.445354
100 0.443286
101 0.389647
102 0.366646
103 0.332307
104 0.317923
105 0.303678
106 0.297072
107 0.288318
108 0.285128
109 0.278133
110 0.277019
111 0.272374
112 0.272168
113 0.268585
114 0.267473
115 0.264439
116 0.264245
117 0.262994
118 0.262264
119 0.261007
120 0.260817
121 0.25886
122 0.259645
123 0.258419
124 0.257861
125 0.257495
126 0.238338
127 0.226077
128 0.209832
129 0.20167
130 0.19467
131 0.189387
132 0.184001
133 0.182458
134 0.178698
135 0.177199
136 0.175075
137 0.174117
138 0.172054
139 0.17173
140 0.169698
141 0.169198
142 0.167423
143 0.167406
144 0.166362
145 0.165803
146 0.164522
147 0.165336
148 0.164662
149 0.164054
150 0.162958
151 0.156703
152 0.150998
153 0.143923
154 0.138775
155 0.134919
156 0.131798
157 0.129367
158 0.127296
159 0.125681
160 0.124305
161 0.123235
162 0.122215
163 0.121514
164 0.120078
165 0.119254
166 0.118506
167 0.117572
168 0.117237
169 0.116865
170 0.116667
171 0.11585
172 0.1148
173 0.114831
174 0.114326
175 0.113858
176 0.111692
177 0.108929
178 0.106203
179 0.102907
180 0.101022
181 0.0990066
182 0.0978857
183 0.0966106
184 0.0954099
185 0.0945145
186 0.093471
187 0.0927702
188 0.0922035
189 0.0914821
190 0.0908573
191 0.0901578
192 0.0895116
193 0.089089
194 0.088925
195 0.0879624
196 0.0879465
197 0.0875441
198 0.0868129
199 0.087076
200 0.086455
201 0.0853886
202 0.0839725
203 0.0827299
204 0.0812216
205 0.0797342
206 0.0787844
207 0.07816
208 0.0770533
209 0.0762466
210 0.0757626
211 0.0752505
212 0.0747631
213 0.0741733
214 0.0736551
215 0.0733876
216 0.0727006
217 0.0723332
218 0.0717815
219 0.0713942
220 0.0709603
221 0.0707735
222 0.0702432
223 0.0699563
224 0.0696522
225 0.0693704
226 0.0689538
227 0.0681779
228 0.0675503
229 0.0667537
230 0.0660655
231 0.0652308
232 0.0646259
233 0.0641395
234 0.0636899
235 0.0631122
236 0.0625276
237 0.0622991
238 0.0618123
239 0.0614642
240 0.0611079
241 0.0607043
242 0.0602595
243 0.0599962
244 0.059676
245 0.0593076
246 0.0591642
247 0.058758
248 0.058333
249 0.0581641
250 0.0579481
251 0.0575102
252 0.0569825
253 0.0566149
254 0.0562347
255 0.0557927
256 0.0552467
257 0.0548003
258 0.0545267
259 0.0540804
260 0.0537273
261 0.0533117
262 0.0530264
263 0.0527267
264 0.0523141
265 0.0520249
266 0.0516981
267 0.0514432
268 0.0510636
269 0.0507844
270 0.0504842
271 0.0502836
272 0.0499396
273 0.0497261
274 0.0493463
275 0.0490732
276 0.0489081
277 0.0486229
278 0.048381
279 0.0479722
280 0.0477248
281 0.0473559
282 0.0469853
283 0.0466931
284 0.0464527
285 0.0461204
286 0.0458458
287 0.0454922
288 0.0452614
289 0.0450124
290 0.0446955
291 0.0444904
292 0.0441342
293 0.0439559
294 0.043672
295 0.0434189
296 0.0431007
297 0.0429131
298 0.0426846
299 0.0424944
300 0.0422583
301 0.0420176
302 0.0418433
303 0.0415446
304 0.0412716
305 0.0410479
306 0.0408148
307 0.0405611
308 0.0402605
309 0.040058
310 0.0398324
311 0.0395748
312 0.0393133
313 0.0391167
314 0.0388534
315 0.0386423
316 0.0384011
317 0.038185
318 0.0379313
319 0.0377256
320 0.0375066
321 0.0373131
322 0.0371227
323 0.0368478
324 0.0366556
325 0.0364982
326 0.0362117
327 0.0360001
328 0.0358295
329 0.0356152
330 0.0354423
331 0.0352376
332 0.0350084
333 0.0348445
334 0.0346313
335 0.0344307
336 0.0342104
337 0.0339484
338 0.0337918
339 0.033553
340 0.0333431
341 0.0331879
342 0.0329786
343 0.0328156
344 0.0326183
345 0.0323433
346 0.032196
347 0.0320488
348 0.0317786
349 0.0316366
350 0.0314628
351 0.0312353
352 0.03106
353 0.0309006
354 0.0307378
355 0.0305916
356 0.0303839
357 0.0301838
358 0.0299782
359 0.0298158
360 0.02966
361 0.0293667
362 0.029258
363 0.0290534
364 0.0289229
365 0.0287523
366 0.0285727
367 0.0283857
368 0.0282321
369 0.0280713
370 0.0278559
371 0.0277015
372 0.0275378
373 0.0273118
374 0.0271896
375 0.0270212
376 0.0268536
377 0.0266296
378 0.0264991
379 0.026396
380 0.0262752
381 0.0261188
382 0.0258796
383 0.0257375
384 0.0256134
385 0.0254538
386 0.0252664
387 0.0251417
388 0.0249801
389 0.0248313
390 0.0246639
391 0.0245682
392 0.0243661
393 0.0242313
394 0.0241068
395 0.0239658
396 0.023885
397 0.0237272
398 0.0235643
399 0.0234291
400 0.023305
