1 0.499416
2 0.498646
3 0.499995
4 0.499193
5 0.499698
6 0.500067
7 0.499555
8 0.499384
9 0.500129
10 0.499562
11 0.499654
12 0.499584
13 0.499775
14 0.499878
15 0.499094
16 0.498731
17 0.499764
18 0.499421
19 0.500047
20 0.49923
21 0.499133
22 0.499746
23 0.49966
24 0.500449
25 0.499668
26 0.582956
27 0.583612
28 0.600059
29 0.599183
30 0.607475
31 0.607036
32 0.611373
33 0.610463
34 0.614403
35 0.613988
36 0.615314
37 0.616315
38 0.617022
39 0.616289
40 0.616787
41 0.617982
42 0.618049
43 0.618518
44 0.620074
45 0.618922
46 0.619836
47 0.619323
48 0.619872
49 0.619307
50 0.620072
51 0.655547
52 0.664907
53 0.677177
54 0.678705
55 0.682924
56 0.684928
57 0.68795
58 0.688896
59 0.690437
60 0.691949
61 0.693332
62 0.692955
63 0.694414
64 0.69448
65 0.695746
66 0.695562
67 0.696916
68 0.697037
69 0.696738
70 0.698399
71 0.697651
72 0.699026
73 0.699148
74 0.698039
75 0.698968
76 0.71345
77 0.722402
78 0.729226
79 0.73304
80 0.736719
81 0.738993
82 0.741421
83 0.742836
84 0.744146
85 0.745347
86 0.74642
87 0.747098
88 0.748626
89 0.748456
90 0.748917
91 0.749139
92 0.75053
93 0.750228
94 0.751106
95 0.75128
96 0.751963
97 0.751061
98 0.75166
99 0.752531
100 0.752554
101 0.75895
102 0.764831
103 0.769477
104 0.773747
105 0.774514
106 0.77812
107 0.779144
108 0.780788
109 0.782009
110 0.782989
111 0.784546
112 0.78488
113 0.785721
114 0.785688
115 0.786869
116 0.787616
117 0.787962
118 0.788063
119 0.788567
120 0.78887
121 0.789267
122 0.789995
123 0.789359
124 0.7899
125 0.790229
126 0.793814
127 0.796446
128 0.800534
129 0.802149
130 0.80438
131 0.806615
132 0.807361
133 0.808875
134 0.809924
135 0.811251
136 0.812111
137 0.812576
138 0.813317
139 0.813693
140 0.814206
141 0.814706
142 0.81553
143 0.816741
144 0.816091
145 0.816068
146 0.816378
147 0.817215
148 0.817479
149 0.818065
150 0.818234
151 0.819199
152 0.820408
153 0.822929
154 0.825309
155 0.826643
156 0.828312
157 0.82965
158 0.831124
159 0.83137
160 0.831728
161 0.83339
162 0.833103
163 0.83407
164 0.834455
165 0.835375
166 0.835268
167 0.836333
168 0.836603
169 0.836885
170 0.836932
171 0.837739
172 0.838207
173 0.838376
174 0.838556
175 0.838822
176 0.839508
177 0.840258
178 0.842078
179 0.843765
180 0.843904
181 0.845152
182 0.845758
183 0.847424
184 0.847889
185 0.848612
186 0.848846
187 0.849612
188 0.85
189 0.850689
190 0.851523
191 0.851801
192 0.852075
193 0.852636
194 0.852928
195 0.853284
196 0.85373
197 0.85379
198 0.854283
199 0.853919
200 0.855068
201 0.855183
202 0.855861
203 0.857258
204 0.857604
205 0.857825
206 0.859144
207 0.860302
208 0.860164
209 0.860999
210 0.86222
211 0.862556
212 0.863078
213 0.863397
214 0.863558
215 0.864538
216 0.864288
217 0.865732
218 0.865327
219 0.866037
220 0.865621
221 0.865949
222 0.866057
223 0.866834
224 0.867143
225 0.866783
226 0.867751
227 0.867855
228 0.868096
229 0.868828
230 0.869654
231 0.870331
232 0.870925
233 0.871631
234 0.871757
235 0.872304
236 0.873518
237 0.873527
238 0.873619
239 0.874766
240 0.874907
241 0.875106
242 0.875159
243 0.8751
244 0.875682
245 0.876615
246 0.876231
247 0.876947
248 0.877132
249 0.87632
250 0.87713
251 0.877624
252 0.877798
253 0.878396
254 0.879175
255 0.878803
256 0.879758
257 0.880392
258 0.880536
259 0.881279
260 0.881494
261 0.881946
262 0.882128
263 0.88295
264 0.883036
265 0.882985
266 0.883824
267 0.883734
268 0.884598
269 0.884342
270 0.884669
271 0.885064
272 0.885091
273 0.885148
274 0.88537
275 0.886413
276 0.886388
277 0.886985
278 0.887177
279 0.887104
280 0.887173
281 0.887973
282 0.888057
283 0.888334
284 0.888822
285 0.889368
286 0.889539
287 0.88999
288 0.890155
289 0.890945
290 0.891088
291 0.890798
292 0.891179
293 0.891486
294 0.891923
295 0.892215
296 0.892126
297 0.892984
298 0.892963
299 0.892953
300 0.893327
301 0.893295
302 0.892956
303 0.893817
304 0.893868
305 0.894421
306 0.894558
307 0.895237
308 0.894668
309 0.895489
310 0.896339
311 0.895588
312 0.896747
313 0.896686
314 0.896519
315 0.897447
316 0.897734
317 0.897411
318 0.898021
319 0.897979
320 0.898331
321 0.898649
322 0.898845
323 0.899176
324 0.899252
325 0.899225
326 0.899042
327 0.900199
328 0.899535
329 0.90017
330 0.901085
331 0.89967
332 0.900709
333 0.901196
334 0.901177
335 0.901465
336 0.901645
337 0.901942
338 0.902019
339 0.902098
340 0.902819
341 0.902886
342 0.903025
343 0.903466
344 0.903208
345 0.903643
346 0.904271
347 0.903741
348 0.903888
349 0.903993
350 0.90484
351 0.90525
352 0.905043
353 0.904619
354 0.904775
355 0.905336
356 0.905649
357 0.906143
358 0.906455
359 0.906398
360 0.905785
361 0.907155
362 0.906859
363 0.907258
364 0.907267
365 0.907341
366 0.907925
367 0.907612
368 0.907586
369 0.908354
370 0.908788
371 0.9082
372 0.909245
373 0.908624
374 0.908982
375 0.909121
376 0.909779
377 0.909255
378 0.909378
379 0.909699
380 0.910086
381 0.910139
382 0.909936
383 0.910908
384 0.910908
385 0.911087
386 0.911054
387 0.911247
388 0.911109
389 0.911232
390 0.912268
391 0.912479
392 0.912247
393 0.912282
394 0.912096
395 0.913001
396 0.912924
397 0.91292
398 0.912794
399 0.913661
400 0.913231
