1 0.066742
2 0.066742
3 0.0667417
4 0.0667415
5 0.0667416
6 0.066742
7 0.0667417
8 0.0667414
9 0.0667419
10 0.0667417
11 0.0667417
12 0.0667416
13 0.0667416
14 0.0667416
15 0.0667416
16 0.0667416
17 0.0667417
18 0.0667417
19 0.0667418
20 0.0667416
21 0.0667416
22 0.0667417
23 0.0667417
24 0.0667417
25 0.0667418
26 0.0679457
27 0.0687534
28 0.0704752
29 0.0713334
30 0.0727152
31 0.0735156
32 0.0746826
33 0.0756835
34 0.076872
35 0.0775186
36 0.0785636
37 0.0792642
38 0.0803632
39 0.0813097
40 0.0820472
41 0.0828469
42 0.0836206
43 0.0843147
44 0.0847891
45 0.0856526
46 0.0862687
47 0.0867191
48 0.0874926
49 0.0879804
50 0.0887467
51 0.0895817
52 0.0903591
53 0.0915666
54 0.0925622
55 0.0937076
56 0.0947003
57 0.0956422
58 0.0965263
59 0.097678
60 0.0985194
61 0.099455
62 0.100363
63 0.101456
64 0.102354
65 0.103229
66 0.104078
67 0.104953
68 0.105755
69 0.1065
70 0.107218
71 0.108241
72 0.108913
73 0.10981
74 0.110341
75 0.11116
76 0.112006
77 0.112865
78 0.113797
79 0.114639
80 0.115692
81 0.116738
82 0.117608
83 0.118497
84 0.119533
85 0.120429
86 0.12135
87 0.122186
88 0.123187
89 0.124007
90 0.124822
91 0.125678
92 0.126655
93 0.12724
94 0.128087
95 0.128923
96 0.12993
97 0.130548
98 0.131423
99 0.132207
100 0.13292
101 0.133792
102 0.134551
103 0.135382
104 0.136339
105 0.137218
106 0.138079
107 0.138942
108 0.139792
109 0.140699
110 0.141506
111 0.142452
112 0.143314
113 0.144219
114 0.144993
115 0.145845
116 0.146644
117 0.147384
118 0.148273
119 0.148946
120 0.149749
121 0.15067
122 0.151438
123 0.152188
124 0.152983
125 0.153656
126 0.154523
127 0.155244
128 0.15599
129 0.156745
130 0.157783
131 0.158561
132 0.159357
133 0.160197
134 0.161144
135 0.161768
136 0.162699
137 0.1635
138 0.16438
139 0.165181
140 0.166152
141 0.166896
142 0.167796
143 0.168463
144 0.169177
145 0.169989
146 0.17071
147 0.171457
148 0.172212
149 0.173035
150 0.173818
151 0.174524
152 0.175199
153 0.175937
154 0.17666
155 0.177532
156 0.178511
157 0.179198
158 0.179936
159 0.180818
160 0.181461
161 0.182145
162 0.183097
163 0.183851
164 0.184568
165 0.185525
166 0.186254
167 0.187044
168 0.187918
169 0.18852
170 0.189339
171 0.190071
172 0.190701
173 0.191297
174 0.192241
175 0.192969
176 0.193766
177 0.194389
178 0.195048
179 0.196086
180 0.19652
181 0.197525
182 0.198061
183 0.198885
184 0.199741
185 0.20036
186 0.201072
187 0.201663
188 0.202753
189 0.203482
190 0.204178
191 0.204814
192 0.205731
193 0.206263
194 0.206924
195 0.207867
196 0.20845
197 0.209316
198 0.210039
199 0.210744
200 0.211355
201 0.212215
202 0.212757
203 0.213474
204 0.214081
205 0.214891
206 0.215774
207 0.216544
208 0.217294
209 0.217829
210 0.218691
211 0.219147
212 0.220218
213 0.220673
214 0.221478
215 0.222154
216 0.222766
217 0.223684
218 0.224211
219 0.225115
220 0.225632
221 0.22636
222 0.227179
223 0.228024
224 0.228756
225 0.229071
226 0.22982
227 0.230468
228 0.231177
229 0.23177
230 0.23264
231 0.233256
232 0.23395
233 0.234653
234 0.235328
235 0.236233
236 0.236735
237 0.237416
238 0.238108
239 0.238644
240 0.239297
241 0.240108
242 0.240887
243 0.241504
244 0.242351
245 0.242964
246 0.243623
247 0.244055
248 0.244907
249 0.245515
250 0.246207
251 0.247117
252 0.247624
253 0.248226
254 0.24894
255 0.249441
256 0.250431
257 0.250832
258 0.251518
259 0.252193
260 0.252979
261 0.253634
262 0.254118
263 0.254977
264 0.255833
265 0.256214
266 0.257174
267 0.257632
268 0.258345
269 0.259012
270 0.259572
271 0.260224
272 0.261227
273 0.261793
274 0.262453
275 0.262955
276 0.263448
277 0.264301
278 0.264814
279 0.265513
280 0.26615
281 0.266615
282 0.267542
283 0.268027
284 0.269087
285 0.2693
286 0.270138
287 0.270955
288 0.271353
289 0.27192
290 0.272862
291 0.27332
292 0.273934
293 0.274631
294 0.275346
295 0.275862
296 0.276626
297 0.277129
298 0.27778
299 0.27845
300 0.279003
301 0.279558
302 0.28034
303 0.28094
304 0.281643
305 0.282161
306 0.282888
307 0.283482
308 0.283995
309 0.284864
310 0.28528
311 0.285854
312 0.286754
313 0.287354
314 0.287742
315 0.288385
316 0.289269
317 0.289718
318 0.290403
319 0.291163
320 0.291769
321 0.292186
322 0.29291
323 0.293539
324 0.294196
325 0.294757
326 0.295293
327 0.296005
328 0.296228
329 0.297246
330 0.297823
331 0.298415
332 0.298815
333 0.299505
334 0.300174
335 0.300613
336 0.301255
337 0.302006
338 0.302662
339 0.303436
340 0.303992
341 0.304519
342 0.305107
343 0.305553
344 0.306212
345 0.306988
346 0.307526
347 0.307843
348 0.308747
349 0.309433
350 0.309859
351 0.310511
352 0.311138
353 0.311565
354 0.311974
355 0.312827
356 0.313319
357 0.314173
358 0.314691
359 0.31542
360 0.315776
361 0.316801
362 0.317075
363 0.317867
364 0.318275
365 0.318796
366 0.319311
367 0.320071
368 0.320644
369 0.321249
370 0.321896
371 0.322321
372 0.322946
373 0.323511
374 0.324137
375 0.324528
376 0.325493
377 0.326243
378 0.326571
379 0.3272
380 0.32765
381 0.328002
382 0.328846
383 0.329631
384 0.329754
385 0.330536
386 0.331149
387 0.331775
388 0.3323
389 0.333004
390 0.333576
391 0.334047
392 0.33479
393 0.335337
394 0.335928
395 0.336162
396 0.336577
397 0.337435
398 0.337959
399 0.338718
400 0.33942
