1 0.437633
2 0.437633
3 0.437633
4 0.437633
5 0.437633
6 0.437633
7 0.437633
8 0.437633
9 0.437633
10 0.437633
11 0.437633
12 0.437633
13 0.437633
14 0.437633
15 0.437633
16 0.437633
17 0.437633
18 0.437633
19 0.437633
20 0.437633
21 0.437633
22 0.437633
23 0.437633
24 0.437633
25 0.437633
26 0.354083
27 0.354087
28 0.337762
29 0.337566
30 0.330409
31 0.330547
32 0.326658
33 0.326566
34 0.32402
35 0.323867
36 0.32224
37 0.322131
38 0.32082
39 0.320908
40 0.319887
41 0.319965
42 0.319188
43 0.319074
44 0.318592
45 0.318557
46 0.318075
47 0.31795
48 0.317515
49 0.317635
50 0.317187
51 0.282344
52 0.272321
53 0.261292
54 0.259213
55 0.254477
56 0.252579
57 0.249584
58 0.248577
59 0.246933
60 0.246287
61 0.244679
62 0.244337
63 0.242924
64 0.24255
65 0.241849
66 0.241478
67 0.240876
68 0.240711
69 0.240366
70 0.240047
71 0.239614
72 0.239426
73 0.238912
74 0.238853
75 0.238447
76 0.223835
77 0.215213
78 0.207569
79 0.203626
80 0.200499
81 0.198353
82 0.196241
83 0.194667
84 0.193258
85 0.192258
86 0.191273
87 0.190532
88 0.189548
89 0.189017
90 0.188328
91 0.188005
92 0.187378
93 0.187201
94 0.186689
95 0.186467
96 0.185926
97 0.185612
98 0.185367
99 0.185122
100 0.184864
101 0.17851
102 0.172986
103 0.167692
104 0.164252
105 0.161716
106 0.159783
107 0.157975
108 0.156582
109 0.15524
110 0.154328
111 0.1534
112 0.152757
113 0.151859
114 0.15121
115 0.150611
116 0.150144
117 0.149673
118 0.149332
119 0.149125
120 0.148617
121 0.148165
122 0.14779
123 0.147491
124 0.147343
125 0.147153
126 0.144141
127 0.141171
128 0.137512
129 0.135025
130 0.132759
131 0.131117
132 0.129672
133 0.128425
134 0.127425
135 0.126524
136 0.125637
137 0.124972
138 0.124129
139 0.123656
140 0.123013
141 0.122575
142 0.122077
143 0.121754
144 0.121407
145 0.120986
146 0.120608
147 0.12034
148 0.120133
149 0.119808
150 0.119353
151 0.118181
152 0.116404
153 0.11431
154 0.112277
155 0.110642
156 0.109285
157 0.108145
158 0.106954
159 0.106188
160 0.10533
161 0.104655
162 0.104061
163 0.103451
164 0.102762
165 0.102201
166 0.101784
167 0.101301
168 0.101012
169 0.100648
170 0.100378
171 0.100011
172 0.0996001
173 0.0994721
174 0.0991417
175 0.0988116
176 0.0981572
177 0.0970872
178 0.0957728
179 0.0943077
180 0.0933564
181 0.0921124
182 0.0911978
183 0.0903823
184 0.0896074
185 0.0888788
186 0.0882809
187 0.087773
188 0.0871735
189 0.0866924
190 0.0861899
191 0.0857824
192 0.0853123
193 0.0850363
194 0.08463
195 0.0843292
196 0.0840539
197 0.0837035
198 0.0834656
199 0.0831831
200 0.0829667
201 0.0825385
202 0.0818394
203 0.0809969
204 0.0800944
205 0.0791584
206 0.0783658
207 0.0776469
208 0.0768812
209 0.0762234
210 0.0756802
211 0.075171
212 0.0747063
213 0.0741586
214 0.0737557
215 0.0733317
216 0.0729675
217 0.0725682
218 0.0722002
219 0.0718932
220 0.0715856
221 0.0714271
222 0.0709854
223 0.0707492
224 0.0705554
225 0.07036
226 0.0700279
227 0.069592
228 0.0690683
229 0.0684218
230 0.0677766
231 0.0670456
232 0.0664817
233 0.0659878
234 0.0654182
235 0.0649141
236 0.0644587
237 0.0640722
238 0.0635441
239 0.0632802
240 0.0629084
241 0.0625189
242 0.0621929
243 0.0618758
244 0.0615713
245 0.0613478
246 0.0610816
247 0.0608651
248 0.0605554
249 0.0603511
250 0.0601089
251 0.0598675
252 0.05948
253 0.05916
254 0.0587331
255 0.0582699
256 0.057732
257 0.0573034
258 0.0568897
259 0.0564605
260 0.0560175
261 0.0555356
262 0.0552734
263 0.0548637
264 0.0544464
265 0.0541947
266 0.0539318
267 0.0536289
268 0.0532503
269 0.0530592
270 0.0528655
271 0.052549
272 0.0522772
273 0.0520627
274 0.0518101
275 0.051567
276 0.0513923
277 0.0511206
278 0.0508508
279 0.0504754
280 0.0501941
281 0.0497925
282 0.0493872
283 0.0490482
284 0.0486778
285 0.0483774
286 0.0479666
287 0.0476539
288 0.0473504
289 0.0470174
290 0.0466879
291 0.0465556
292 0.046186
293 0.0460143
294 0.0457051
295 0.0454585
296 0.0452011
297 0.045014
298 0.0447952
299 0.0446424
300 0.0444886
301 0.0441912
302 0.0440384
303 0.0437475
304 0.0434866
305 0.0432565
306 0.0429941
307 0.0426644
308 0.0423657
309 0.0420251
310 0.041749
311 0.041406
312 0.0411622
313 0.040922
314 0.0406598
315 0.0403886
316 0.0401382
317 0.0399591
318 0.0397299
319 0.0394574
320 0.0392677
321 0.0390188
322 0.0388864
323 0.0386313
324 0.0384771
325 0.0383046
326 0.0380438
327 0.0378809
328 0.037714
329 0.037498
330 0.037268
331 0.0370228
332 0.0367639
333 0.0365924
334 0.0363066
335 0.0361182
336 0.0358363
337 0.0355347
338 0.0353528
339 0.0350914
340 0.0348677
341 0.0346453
342 0.0344824
343 0.0342498
344 0.0340891
345 0.0337891
346 0.033616
347 0.0335134
348 0.033278
349 0.0331139
350 0.03296
351 0.0327619
352 0.0325639
353 0.0324697
354 0.03227
355 0.0321264
356 0.031908
357 0.0316379
358 0.0314008
359 0.0312289
360 0.0310617
361 0.0307664
362 0.0306055
363 0.0303415
364 0.0302447
365 0.0300632
366 0.0298371
367 0.0296251
368 0.0295016
369 0.0292701
370 0.0291009
371 0.0289159
372 0.0287799
373 0.0285936
374 0.028456
375 0.0282782
376 0.0280941
377 0.0278979
378 0.0277938
379 0.0276586
380 0.0275172
381 0.027321
382 0.027092
383 0.02694
384 0.026784
385 0.0266176
386 0.0263796
387 0.0262307
388 0.0260523
389 0.0258528
390 0.0256938
391 0.0255293
392 0.025315
393 0.0251873
394 0.025014
395 0.0248608
396 0.0247803
397 0.0246004
398 0.0244196
399 0.0242731
400 0.024119
