1 0.500804
2 0.500194
3 0.500194
4 0.499749
5 0.500376
6 0.499946
7 0.500312
8 0.500025
9 0.500025
10 0.500108
11 0.500108
12 0.499039
13 0.500445
14 0.500232
15 0.49997
16 0.49997
17 0.499529
18 0.499834
19 0.499834
20 0.49994
21 0.500819
22 0.49994
23 0.500063
24 0.500375
25 0.500375
26 0.516856
27 0.516128
28 0.524599
29 0.524699
30 0.530145
31 0.530463
32 0.534048
33 0.534437
34 0.536893
35 0.536572
36 0.54071
37 0.539329
38 0.542146
39 0.541922
40 0.543685
41 0.544166
42 0.545441
43 0.544201
44 0.547025
45 0.547601
46 0.547649
47 0.548444
48 0.550001
49 0.549495
50 0.550656
51 0.551569
52 0.551282
53 0.552069
54 0.552489
55 0.55238
56 0.553597
57 0.553388
58 0.553697
59 0.554278
60 0.554515
61 0.554438
62 0.554883
63 0.555677
64 0.556317
65 0.556718
66 0.556767
67 0.556501
68 0.556653
69 0.557578
70 0.557771
71 0.557507
72 0.558356
73 0.55737
74 0.558794
75 0.558841
76 0.557462
77 0.558453
78 0.558218
79 0.558734
80 0.557913
81 0.558846
82 0.558767
83 0.559418
84 0.56019
85 0.559797
86 0.560679
87 0.559799
88 0.560365
89 0.560986
90 0.561376
91 0.560316
92 0.560244
93 0.559957
94 0.560896
95 0.561573
96 0.561298
97 0.5606
98 0.561887
99 0.562014
100 0.561951
101 0.561914
102 0.562683
103 0.561969
104 0.562013
105 0.562173
106 0.562078
107 0.562943
108 0.562192
109 0.562624
110 0.564011
111 0.56273
112 0.562574
113 0.562864
114 0.562545
115 0.564436
116 0.563144
117 0.562972
118 0.562628
119 0.563671
120 0.563986
121 0.5632
122 0.563871
123 0.563185
124 0.5635
125 0.564298
126 0.563315
127 0.563454
128 0.564337
129 0.56481
130 0.564902
131 0.564204
132 0.564401
133 0.56427
134 0.564229
135 0.564353
136 0.564115
137 0.564492
138 0.564945
139 0.564524
140 0.565614
141 0.564041
142 0.564627
143 0.565275
144 0.564864
145 0.566003
146 0.566251
147 0.565476
148 0.564944
149 0.565579
150 0.565385
151 0.564568
152 0.566358
153 0.565177
154 0.565937
155 0.566575
156 0.565084
157 0.565412
158 0.565332
159 0.564555
160 0.564695
161 0.56626
162 0.567268
163 0.566076
164 0.565607
165 0.566014
166 0.565311
167 0.565932
168 0.565396
169 0.565551
170 0.565941
171 0.566641
172 0.565305
173 0.566215
174 0.566157
175 0.566509
176 0.566699
177 0.565435
178 0.565784
179 0.566593
180 0.566305
181 0.56674
182 0.56634
183 0.566516
184 0.566519
185 0.56673
186 0.565742
187 0.566638
188 0.565975
189 0.567083
190 0.566393
191 0.567637
192 0.567241
193 0.566794
194 0.567586
195 0.567314
196 0.567044
197 0.566976
198 0.567012
199 0.566784
200 0.567869
201 0.566624
202 0.567735
203 0.56687
204 0.567261
205 0.567429
206 0.566463
207 0.567447
208 0.567637
209 0.567567
210 0.568094
211 0.567194
212 0.567531
213 0.567897
214 0.56791
215 0.567349
216 0.56738
217 0.568837
218 0.56724
219 0.566748
220 0.568122
221 0.568099
222 0.566056
223 0.567733
224 0.567923
225 0.567543
226 0.567765
227 0.566874
228 0.567944
229 0.56746
230 0.567251
231 0.567382
232 0.568634
233 0.567015
234 0.567498
235 0.568071
236 0.568098
237 0.568102
238 0.568691
239 0.567691
240 0.568311
241 0.568183
242 0.567974
243 0.567394
244 0.567776
245 0.568066
246 0.568452
247 0.569089
248 0.568416
249 0.567613
250 0.568523
251 0.56813
252 0.567878
253 0.56813
254 0.567371
255 0.567858
256 0.568019
257 0.567928
258 0.569225
259 0.568428
260 0.567538
261 0.56721
262 0.567712
263 0.568063
264 0.568953
265 0.568743
266 0.56861
267 0.568621
268 0.568949
269 0.568138
270 0.56866
271 0.568013
272 0.568988
273 0.568633
274 0.568919
275 0.568376
276 0.568034
277 0.568704
278 0.568017
279 0.56917
280 0.568737
281 0.568964
282 0.568406
283 0.568174
284 0.568299
285 0.568406
286 0.568269
287 0.56928
288 0.568745
289 0.569037
290 0.568679
291 0.568328
292 0.568909
293 0.569662
294 0.567662
295 0.568783
296 0.568403
297 0.568587
298 0.568437
299 0.568322
300 0.568826
301 0.569033
302 0.568235
303 0.569887
304 0.569342
305 0.569644
306 0.568128
307 0.569518
308 0.568412
309 0.568467
310 0.569069
311 0.569071
312 0.568968
313 0.569173
314 0.5694
315 0.568458
316 0.570054
317 0.569217
318 0.569196
319 0.569038
320 0.569207
321 0.568727
322 0.569056
323 0.568787
324 0.569419
325 0.568723
326 0.568897
327 0.568587
328 0.569301
329 0.569372
330 0.570358
331 0.56955
332 0.569441
333 0.569025
334 0.568693
335 0.569461
336 0.569899
337 0.568717
338 0.568692
339 0.569272
340 0.569111
341 0.568394
342 0.570086
343 0.569712
344 0.568528
345 0.56967
346 0.569723
347 0.569533
348 0.56924
349 0.569543
350 0.569659
351 0.56945
352 0.569707
353 0.567865
354 0.569143
355 0.569665
356 0.570155
357 0.569243
358 0.569463
359 0.569065
360 0.569281
361 0.569634
362 0.569746
363 0.569519
364 0.568987
365 0.569909
366 0.569247
367 0.569679
368 0.56946
369 0.569872
370 0.569751
371 0.569607
372 0.570054
373 0.570465
374 0.570064
375 0.569844
376 0.568745
377 0.569752
378 0.569829
379 0.569672
380 0.569499
381 0.570131
382 0.569351
383 0.569571
384 0.568585
385 0.570357
386 0.569389
387 0.569412
388 0.570093
389 0.570052
390 0.569639
391 0.570479
392 0.569491
393 0.569759
394 0.570177
395 0.570199
396 0.570033
397 0.569851
398 0.570233
399 0.569879
400 0.569392
