1 0.50031
2 0.50031
3 0.50031
4 0.49969
5 0.50031
6 0.50031
7 0.49969
8 0.50031
9 0.50031
10 0.50031
11 0.50031
12 0.49969
13 0.50031
14 0.50031
15 0.49969
16 0.49969
17 0.50031
18 0.50031
19 0.50031
20 0.49969
21 0.50031
22 0.49969
23 0.50031
24 0.49969
25 0.49969
26 0.572962
27 0.572763
28 0.607793
29 0.609159
30 0.633724
31 0.633527
32 0.652832
33 0.651742
34 0.669811
35 0.668183
36 0.681901
37 0.68304
38 0.695193
39 0.694536
40 0.705163
41 0.704862
42 0.713437
43 0.713762
44 0.722301
45 0.722141
46 0.730197
47 0.729673
48 0.737136
49 0.737561
50 0.744174
51 0.743887
52 0.749184
53 0.749993
54 0.755327
55 0.755588
56 0.759315
57 0.761176
58 0.763923
59 0.765434
60 0.767675
61 0.769278
62 0.771613
63 0.773266
64 0.7747
65 0.776443
66 0.779772
67 0.780009
68 0.782269
69 0.783686
70 0.784928
71 0.786383
72 0.787721
73 0.789112
74 0.790897
75 0.791872
76 0.79334
77 0.794049
78 0.796372
79 0.797098
80 0.797953
81 0.799133
82 0.800439
83 0.801369
84 0.802808
85 0.804012
86 0.805185
87 0.806365
88 0.807875
89 0.808641
90 0.809342
91 0.810413
92 0.811662
93 0.812389
94 0.81253
95 0.814181
96 0.814951
97 0.815781
98 0.817492
99 0.818063
100 0.818411
101 0.819124
102 0.820566
103 0.821624
104 0.822446
105 0.822947
106 0.823383
107 0.824456
108 0.825778
109 0.825763
110 0.82718
111 0.827321
112 0.828504
113 0.828865
114 0.829435
115 0.82972
116 0.831031
117 0.831253
118 0.832645
119 0.833136
120 0.833116
121 0.833727
122 0.83481
123 0.835177
124 0.836139
125 0.836519
126 0.837596
127 0.838203
128 0.838107
129 0.838949
130 0.840202
131 0.839843
132 0.840996
133 0.841333
134 0.841481
135 0.841734
136 0.842819
137 0.843361
138 0.843621
139 0.844043
140 0.845135
141 0.844575
142 0.845573
143 0.84638
144 0.846514
145 0.847222
146 0.848273
147 0.848035
148 0.848717
149 0.849089
150 0.85038
151 0.850139
152 0.850379
153 0.850802
154 0.851057
155 0.851948
156 0.852128
157 0.852305
158 0.852888
159 0.853438
160 0.85429
161 0.853988
162 0.855146
163 0.854816
164 0.855405
165 0.856266
166 0.856275
167 0.856858
168 0.857084
169 0.857586
170 0.857683
171 0.858633
172 0.858543
173 0.859223
174 0.859408
175 0.859471
176 0.859923
177 0.860529
178 0.860666
179 0.861535
180 0.860927
181 0.861025
182 0.862494
183 0.862731
184 0.862717
185 0.863084
186 0.863158
187 0.863994
188 0.863813
189 0.864012
190 0.865055
191 0.864546
192 0.86494
193 0.865864
194 0.865587
195 0.865974
196 0.866882
197 0.865997
198 0.867225
199 0.867327
200 0.866995
201 0.867537
202 0.867884
203 0.86836
204 0.868916
205 0.869387
206 0.868929
207 0.868879
208 0.869652
209 0.869883
210 0.870004
211 0.870438
212 0.870997
213 0.871537
214 0.871422
215 0.871291
216 0.871555
217 0.872173
218 0.872248
219 0.872083
220 0.873626
221 0.872703
222 0.873517
223 0.873331
224 0.873701
225 0.873545
226 0.874123
227 0.874381
228 0.874545
229 0.875409
230 0.875336
231 0.874838
232 0.875483
233 0.876025
234 0.875997
235 0.87666
236 0.87728
237 0.876708
238 0.877197
239 0.876924
240 0.877508
241 0.877735
242 0.877986
243 0.877784
244 0.878205
245 0.87853
246 0.878816
247 0.879661
248 0.878775
249 0.879332
250 0.879488
251 0.879878
252 0.879987
253 0.879713
254 0.880715
255 0.880014
256 0.879897
257 0.880952
258 0.880975
259 0.881216
260 0.881143
261 0.881973
262 0.88214
263 0.881577
264 0.882273
265 0.882085
266 0.882477
267 0.883159
268 0.883245
269 0.883201
270 0.883481
271 0.883457
272 0.883584
273 0.884021
274 0.884211
275 0.884107
276 0.884628
277 0.884547
278 0.884817
279 0.884345
280 0.885259
281 0.886347
282 0.885066
283 0.88571
284 0.885845
285 0.886002
286 0.885887
287 0.886329
288 0.886781
289 0.886017
290 0.887109
291 0.886825
292 0.887119
293 0.887181
294 0.887579
295 0.887643
296 0.887436
297 0.887728
298 0.887962
299 0.888379
300 0.888307
301 0.888988
302 0.88861
303 0.888992
304 0.889538
305 0.889199
306 0.889618
307 0.889712
308 0.889786
309 0.889709
310 0.890025
311 0.890278
312 0.889683
313 0.890069
314 0.890446
315 0.890188
316 0.89071
317 0.890327
318 0.890834
319 0.890791
320 0.891551
321 0.891268
322 0.891984
323 0.891519
324 0.892355
325 0.891847
326 0.892078
327 0.892152
328 0.893014
329 0.892186
330 0.892435
331 0.893158
332 0.892741
333 0.892759
334 0.89341
335 0.893585
336 0.893408
337 0.892827
338 0.893352
339 0.894385
340 0.893655
341 0.894143
342 0.894458
343 0.89437
344 0.894771
345 0.894411
346 0.895178
347 0.895185
348 0.89467
349 0.895082
350 0.895436
351 0.895425
352 0.895328
353 0.895561
354 0.895956
355 0.896257
356 0.896219
357 0.896351
358 0.896223
359 0.895815
360 0.896041
361 0.896921
362 0.897185
363 0.897205
364 0.89724
365 0.89705
366 0.896907
367 0.897439
368 0.897585
369 0.897336
370 0.897915
371 0.897406
372 0.898015
373 0.898243
374 0.897836
375 0.897817
376 0.898209
377 0.89814
378 0.897811
379 0.898324
380 0.898507
381 0.898579
382 0.898871
383 0.89954
384 0.898982
385 0.899297
386 0.899623
387 0.899562
388 0.899583
389 0.899743
390 0.899965
391 0.900022
392 0.899915
393 0.899841
394 0.900159
395 0.900682
396 0.900013
397 0.900088
398 0.901411
399 0.901
400 0.901064
