1 0.50031
2 0.50031
3 0.500103
4 0.5
5 0.500062
6 0.500103
7 0.499956
8 0.500077
9 0.500034
10 0.500062
11 0.500028
12 0.5
13 0.500024
14 0.500044
15 0.499979
16 0.5
17 0.500018
18 0.500034
19 0.500016
20 0.499969
21 0.500015
22 0.5
23 0.500013
24 0.499974
25 0.499988
26 0.502819
27 0.505356
28 0.509057
29 0.512533
30 0.516605
31 0.520413
32 0.524587
33 0.52823
34 0.532711
35 0.536363
36 0.54037
37 0.544425
38 0.5484
39 0.55198
40 0.555972
41 0.559428
42 0.563209
43 0.566524
44 0.570005
45 0.573507
46 0.576956
47 0.580032
48 0.583516
49 0.586824
50 0.589955
51 0.592737
52 0.59593
53 0.598537
54 0.601776
55 0.604346
56 0.607036
57 0.610019
58 0.612503
59 0.615309
60 0.617507
61 0.620245
62 0.62234
63 0.624943
64 0.626993
65 0.629323
66 0.63208
67 0.633872
68 0.636275
69 0.63827
70 0.640385
71 0.642509
72 0.644254
73 0.646486
74 0.648473
75 0.65035
76 0.652346
77 0.653829
78 0.65581
79 0.657334
80 0.659021
81 0.660894
82 0.662474
83 0.664236
84 0.665876
85 0.667502
86 0.669017
87 0.670698
88 0.672142
89 0.673655
90 0.675056
91 0.676562
92 0.678121
93 0.679437
94 0.680246
95 0.682374
96 0.683235
97 0.68495
98 0.68631
99 0.687655
100 0.688574
101 0.689908
102 0.691624
103 0.692578
104 0.694006
105 0.69494
106 0.696118
107 0.697494
108 0.698906
109 0.699595
110 0.700881
111 0.701937
112 0.703313
113 0.703968
114 0.705054
115 0.705892
116 0.707285
117 0.708269
118 0.709311
119 0.710336
120 0.711107
121 0.712141
122 0.713024
123 0.714076
124 0.715113
125 0.716023
126 0.717036
127 0.717987
128 0.718546
129 0.719762
130 0.7209
131 0.721566
132 0.722438
133 0.72328
134 0.723844
135 0.724609
136 0.72583
137 0.726638
138 0.727205
139 0.728362
140 0.728954
141 0.72948
142 0.730538
143 0.731402
144 0.732108
145 0.733052
146 0.734187
147 0.73432
148 0.735163
149 0.736058
150 0.737242
151 0.73735
152 0.737941
153 0.738584
154 0.739753
155 0.740354
156 0.741127
157 0.74161
158 0.742112
159 0.742781
160 0.743953
161 0.744123
162 0.745332
163 0.74537
164 0.746096
165 0.747357
166 0.747373
167 0.748088
168 0.748643
169 0.749547
170 0.750043
171 0.750874
172 0.751099
173 0.752123
174 0.752249
175 0.753078
176 0.753692
177 0.754092
178 0.754896
179 0.755836
180 0.755793
181 0.756132
182 0.757582
183 0.757829
184 0.758306
185 0.758703
186 0.758976
187 0.760099
188 0.760229
189 0.760815
190 0.761992
191 0.761692
192 0.762588
193 0.763204
194 0.763097
195 0.763888
196 0.764776
197 0.764577
198 0.76531
199 0.76598
200 0.765848
201 0.76689
202 0.767488
203 0.767897
204 0.768302
205 0.769163
206 0.769265
207 0.769362
208 0.770107
209 0.770449
210 0.771057
211 0.771599
212 0.772295
213 0.772714
214 0.77283
215 0.773199
216 0.77369
217 0.774108
218 0.774604
219 0.774878
220 0.775833
221 0.775684
222 0.776529
223 0.776622
224 0.77717
225 0.777268
226 0.778056
227 0.778228
228 0.778667
229 0.779442
230 0.779693
231 0.779772
232 0.780345
233 0.780853
234 0.781204
235 0.781908
236 0.782209
237 0.7823
238 0.782751
239 0.782799
240 0.78341
241 0.783952
242 0.7843
243 0.784433
244 0.785025
245 0.785351
246 0.785809
247 0.78653
248 0.786195
249 0.786748
250 0.787003
251 0.78741
252 0.788056
253 0.788064
254 0.788685
255 0.788531
256 0.788682
257 0.789456
258 0.789671
259 0.790088
260 0.790091
261 0.791226
262 0.791268
263 0.791179
264 0.792027
265 0.792213
266 0.792463
267 0.793142
268 0.793577
269 0.793513
270 0.793832
271 0.794039
272 0.794602
273 0.794952
274 0.795264
275 0.79544
276 0.795904
277 0.796134
278 0.79657
279 0.796286
280 0.797154
281 0.797927
282 0.797562
283 0.797942
284 0.798195
285 0.798473
286 0.798686
287 0.799145
288 0.799687
289 0.799438
290 0.800247
291 0.80011
292 0.800576
293 0.800633
294 0.80116
295 0.801253
296 0.801491
297 0.801852
298 0.802052
299 0.802725
300 0.802747
301 0.803479
302 0.803338
303 0.8037
304 0.804078
305 0.804083
306 0.804589
307 0.804649
308 0.805033
309 0.80518
310 0.805742
311 0.805718
312 0.805621
313 0.806099
314 0.806502
315 0.806592
316 0.806932
317 0.807044
318 0.807227
319 0.807632
320 0.808114
321 0.807905
322 0.808673
323 0.808767
324 0.809253
325 0.809024
326 0.809467
327 0.809756
328 0.810301
329 0.810066
330 0.810327
331 0.811109
332 0.810858
333 0.810788
334 0.811872
335 0.811792
336 0.81188
337 0.81172
338 0.812305
339 0.813026
340 0.812447
341 0.813022
342 0.813561
343 0.813419
344 0.813983
345 0.813942
346 0.814352
347 0.814633
348 0.814415
349 0.814679
350 0.81506
351 0.815407
352 0.815481
353 0.815665
354 0.8161
355 0.816432
356 0.816899
357 0.816758
358 0.816967
359 0.81666
360 0.817264
361 0.817869
362 0.818082
363 0.818264
364 0.818407
365 0.81818
366 0.818379
367 0.818908
368 0.818956
369 0.819095
370 0.81947
371 0.819592
372 0.819608
373 0.820106
374 0.819886
375 0.82025
376 0.82034
377 0.820567
378 0.820656
379 0.821326
380 0.821351
381 0.821488
382 0.821684
383 0.822437
384 0.822262
385 0.822383
386 0.822726
387 0.82271
388 0.82286
389 0.823264
390 0.823364
391 0.823571
392 0.823662
393 0.823784
394 0.824076
395 0.824436
396 0.824121
397 0.824471
398 0.82537
399 0.824987
400 0.82533
