1 0.299581
2 0.309718
3 0.316896
4 0.320748
5 0.324483
6 0.327931
7 0.330695
8 0.333164
9 0.335641
10 0.33784
11 0.339291
12 0.341451
13 0.34298
14 0.344638
15 0.345945
16 0.34724
17 0.34856
18 0.349794
19 0.350849
20 0.351827
21 0.353011
22 0.354003
23 0.354982
24 0.355933
25 0.356868
26 0.357587
27 0.358491
28 0.359206
29 0.359961
30 0.36069
31 0.361377
32 0.362041
33 0.362654
34 0.363326
35 0.364106
36 0.364557
37 0.365057
38 0.3657
39 0.366154
40 0.366708
41 0.367384
42 0.367736
43 0.368234
44 0.368711
45 0.369129
46 0.369564
47 0.370112
48 0.370364
49 0.370923
50 0.371353
51 0.371597
52 0.372047
53 0.372513
54 0.372681
55 0.373171
56 0.373633
57 0.373933
58 0.374184
59 0.374611
60 0.374981
61 0.375297
62 0.375627
63 0.375978
64 0.376129
65 0.376534
66 0.376771
67 0.377062
68 0.377338
69 0.377648
70 0.377915
71 0.37819
72 0.378388
73 0.378727
74 0.378932
75 0.379219
76 0.379496
77 0.379623
78 0.379994
79 0.380248
80 0.380412
81 0.38063
82 0.380853
83 0.381113
84 0.38127
85 0.381491
86 0.381659
87 0.382076
88 0.382125
89 0.382194
90 0.382575
91 0.38274
92 0.382837
93 0.383075
94 0.383263
95 0.383426
96 0.383706
97 0.383864
98 0.38412
99 0.384221
100 0.38434
101 0.38456
102 0.38476
103 0.384971
104 0.385076
105 0.385273
106 0.385377
107 0.385557
108 0.385731
109 0.385837
110 0.386119
111 0.38617
112 0.38631
113 0.3864
114 0.386511
115 0.38676
116 0.386894
117 0.387069
118 0.38715
119 0.38736
120 0.387556
121 0.387632
122 0.387733
123 0.387851
124 0.388016
125 0.388161
126 0.38818
127 0.388369
128 0.388513
129 0.388585
130 0.388714
131 0.388893
132 0.389044
133 0.389109
134 0.389252
135 0.389418
136 0.389507
137 0.389641
138 0.389674
139 0.389844
140 0.389873
141 0.390026
142 0.390205
143 0.390207
144 0.390352
145 0.390465
146 0.390647
147 0.390657
148 0.390773
149 0.390925
150 0.391021
151 0.391091
152 0.391191
153 0.39131
154 0.3914
155 0.391571
156 0.391541
157 0.391657
158 0.391795
159 0.391846
160 0.392014
161 0.392012
162 0.392194
163 0.392246
164 0.392366
165 0.392372
166 0.39252
167 0.392569
168 0.392637
169 0.392819
170 0.39291
171 0.392846
172 0.393059
173 0.393086
174 0.393189
175 0.393321
176 0.393377
177 0.393398
178 0.393463
179 0.393589
180 0.393762
181 0.393796
182 0.393893
183 0.39398
184 0.394062
185 0.394074
186 0.394167
187 0.394196
188 0.39432
189 0.394374
190 0.394425
191 0.394551
192 0.394639
193 0.394706
194 0.394762
195 0.394847
196 0.394957
197 0.394964
198 0.395046
199 0.395108
200 0.395135
201 0.395201
202 0.395372
203 0.395427
204 0.39543
205 0.39559
206 0.395586
207 0.395689
208 0.395758
209 0.395757
210 0.395825
211 0.39592
212 0.39595
213 0.396054
214 0.396095
215 0.396149
216 0.396197
217 0.396289
218 0.396312
219 0.396376
220 0.396438
221 0.396513
222 0.396533
223 0.396672
224 0.39665
225 0.396736
226 0.396818
227 0.39683
228 0.396893
229 0.396933
230 0.397066
231 0.397044
232 0.397093
233 0.397249
234 0.397197
235 0.397332
236 0.397365
237 0.397416
238 0.39745
239 0.397464
240 0.397569
241 0.397626
242 0.397745
243 0.397715
244 0.397746
245 0.397858
246 0.397829
247 0.397901
248 0.397974
249 0.398034
250 0.398078
251 0.398159
252 0.398286
253 0.398263
254 0.398294
255 0.398324
256 0.398438
257 0.398458
258 0.398475
259 0.398584
260 0.398603
261 0.398601
262 0.398645
263 0.398694
264 0.398783
265 0.39878
266 0.398859
267 0.398938
268 0.398917
269 0.399022
270 0.399051
271 0.399064
272 0.399162
273 0.3992
274 0.399196
275 0.399308
276 0.399328
277 0.399343
278 0.399383
279 0.399464
280 0.399486
281 0.399509
282 0.399544
283 0.3996
284 0.399655
285 0.399708
286 0.39972
287 0.399773
288 0.399836
289 0.399846
290 0.399886
291 0.399926
292 0.399966
293 0.399909
294 0.400087
295 0.400083
296 0.400125
297 0.4002
298 0.400177
299 0.400164
300 0.400308
301 0.400246
302 0.400359
303 0.400375
304 0.400456
305 0.400433
306 0.400479
307 0.400595
308 0.40057
309 0.400602
310 0.400631
311 0.400671
312 0.400655
313 0.40076
314 0.400794
315 0.400817
316 0.400941
317 0.400929
318 0.400925
319 0.40099
320 0.401007
321 0.401016
322 0.401072
323 0.401106
324 0.401113
325 0.401175
326 0.401208
327 0.401248
328 0.401306
329 0.401272
330 0.401403
331 0.401412
332 0.401383
333 0.401413
334 0.401473
335 0.401516
336 0.401514
337 0.401576
338 0.40161
339 0.401617
340 0.401622
341 0.401626
342 0.401677
343 0.401693
344 0.40182
345 0.401835
346 0.401813
347 0.401864
348 0.401922
349 0.401923
350 0.401949
351 0.402003
352 0.402063
353 0.402003
354 0.4021
355 0.402122
356 0.402128
357 0.402132
358 0.402196
359 0.402256
360 0.402284
361 0.402275
362 0.402388
363 0.402371
364 0.402379
365 0.402372
366 0.402449
367 0.402495
368 0.402537
369 0.402546
370 0.402545
371 0.402559
372 0.402641
373 0.402639
374 0.402656
375 0.40272
376 0.402763
377 0.402772
378 0.402771
379 0.402849
380 0.402875
381 0.402919
382 0.402913
383 0.402907
384 0.402985
385 0.402961
386 0.402981
387 0.403027
388 0.403057
389 0.403015
390 0.403064
391 0.403123
392 0.40314
393 0.403192
394 0.403242
395 0.403261
396 0.403305
397 0.403253
398 0.403326
399 0.403341
400 0.403348
