1 0.219828
2 0.219871
3 0.220196
4 0.220095
5 0.220137
6 0.220083
7 0.219917
8 0.220026
9 0.220146
10 0.220205
11 0.219996
12 0.220242
13 0.220183
14 0.220334
15 0.220132
16 0.186881
17 0.186705
18 0.186846
19 0.186244
20 0.185162
21 0.18258
22 0.177713
23 0.171571
24 0.164582
25 0.158163
26 0.153059
27 0.148688
28 0.145047
29 0.142963
30 0.140553
31 0.138505
32 0.137468
33 0.136907
34 0.138379
35 0.13821
36 0.138487
37 0.138959
38 0.140423
39 0.140894
40 0.144369
41 0.144051
42 0.14396
43 0.144468
44 0.144947
45 0.145037
46 0.145981
47 0.14574
48 0.145279
49 0.14491
50 0.147032
51 0.145688
52 0.144735
53 0.144121
54 0.145297
55 0.144373
56 0.146194
57 0.146905
58 0.146977
59 0.147025
60 0.148215
61 0.14786
62 0.147604
63 0.147575
64 0.147823
65 0.14783
66 0.148133
67 0.148774
68 0.150073
69 0.150525
70 0.15092
71 0.151379
72 0.151994
73 0.152104
74 0.15256
75 0.152331
76 0.152029
77 0.151748
78 0.152261
79 0.15205
80 0.152035
81 0.151612
82 0.151161
83 0.150512
84 0.149855
85 0.148884
86 0.147974
87 0.147596
88 0.146658
89 0.145672
90 0.144659
91 0.143778
92 0.142817
93 0.141475
94 0.140554
95 0.139432
96 0.138441
97 0.137395
98 0.136332
99 0.135265
100 0.134335
101 0.133099
102 0.131961
103 0.130591
104 0.129163
105 0.127899
106 0.126618
107 0.125443
108 0.124555
109 0.123513
110 0.122904
111 0.12225
112 0.121474
113 0.120961
114 0.120605
115 0.119961
116 0.119248
117 0.118319
118 0.117374
119 0.116493
120 0.115388
121 0.11454
122 0.113529
123 0.112571
124 0.111712
125 0.111288
126 0.111138
127 0.110793
128 0.110829
129 0.110431
130 0.109666
131 0.108801
132 0.108025
133 0.107226
134 0.106602
135 0.105954
136 0.105486
137 0.105082
138 0.104614
139 0.104158
140 0.103872
141 0.103604
142 0.103219
143 0.103006
144 0.102665
145 0.102271
146 0.102013
147 0.101743
148 0.101382
149 0.100936
150 0.100865
151 0.100464
152 0.100016
153 0.099574
154 0.0990489
155 0.0985769
156 0.0981341
157 0.0976219
158 0.0970982
159 0.096701
160 0.0963339
161 0.0960533
162 0.0959161
163 0.0958623
164 0.0955348
165 0.0951209
166 0.0948406
167 0.0946553
168 0.0945447
169 0.09427
170 0.0939369
171 0.0939219
172 0.093642
173 0.0935657
174 0.0933459
175 0.0930213
176 0.0926563
177 0.0922642
178 0.0922582
179 0.0921475
180 0.0920786
181 0.0917556
182 0.0915132
183 0.0912958
184 0.091199
185 0.0908693
186 0.0906602
187 0.0903393
188 0.0901517
189 0.0900258
190 0.0898115
191 0.0895775
192 0.0893933
193 0.0890453
194 0.0887707
195 0.0886834
196 0.0885704
197 0.0885191
198 0.0883836
199 0.0881459
200 0.0879523
201 0.0877692
202 0.087625
203 0.0874184
204 0.0872795
205 0.0871074
206 0.0869009
207 0.08667
208 0.0866439
209 0.0864867
210 0.0864229
211 0.0862385
212 0.0860891
213 0.0859601
214 0.0858608
215 0.08564
216 0.0854159
217 0.0853047
218 0.0850976
219 0.0852408
220 0.085048
221 0.0850293
222 0.0850476
223 0.0849731
224 0.0848345
225 0.084582
226 0.0845089
227 0.0843264
228 0.0842413
229 0.0840656
230 0.0838534
231 0.0836869
232 0.0835389
233 0.0837572
234 0.0836716
235 0.0835165
236 0.0834311
237 0.0833246
238 0.0833867
239 0.0830971
240 0.0831368
241 0.0828682
242 0.0827492
243 0.082616
244 0.0827646
245 0.0828032
246 0.08275
247 0.082485
248 0.082145
249 0.0821093
250 0.0820112
251 0.0818709
252 0.0816201
253 0.0815316
254 0.0813106
255 0.0812292
256 0.0811015
257 0.0808613
258 0.08068
259 0.0804496
260 0.0806851
261 0.0806129
262 0.0805708
263 0.0803682
264 0.0801795
265 0.0798657
266 0.079667
267 0.0794518
268 0.0793612
269 0.079474
270 0.0794309
271 0.0793877
272 0.0795029
273 0.0792984
274 0.0793205
275 0.0792294
276 0.0791222
277 0.0788319
278 0.0788121
279 0.0788437
280 0.0784873
281 0.0781268
282 0.0778947
283 0.0777758
284 0.0775114
285 0.0774321
286 0.0774206
287 0.0774183
288 0.0773124
289 0.0770553
290 0.07688
291 0.076744
292 0.0767089
293 0.0764061
294 0.0761469
295 0.0758357
296 0.0757876
297 0.0756286
298 0.0755849
299 0.0755028
300 0.0753814
301 0.0753484
302 0.0751418
303 0.0750602
304 0.0751313
305 0.0751222
306 0.0749636
307 0.0748835
308 0.0748105
309 0.0747801
310 0.0745066
311 0.074401
312 0.0742731
313 0.0740161
314 0.0736785
315 0.073394
316 0.0731705
317 0.0730688
318 0.0728856
319 0.0727765
320 0.0727024
321 0.0724878
322 0.0724447
323 0.0723426
324 0.0721754
325 0.0719587
326 0.0719864
327 0.0718938
328 0.071641
329 0.0715258
330 0.0713339
331 0.0710721
332 0.0709887
333 0.0708595
334 0.0708553
335 0.0707901
336 0.0706099
337 0.0705884
338 0.0704681
339 0.0702843
340 0.0700367
341 0.0701018
342 0.07005
343 0.0699706
344 0.069775
345 0.0696153
346 0.0695337
347 0.069397
348 0.0692876
349 0.069131
350 0.0689533
351 0.0688845
352 0.0687493
353 0.0685415
354 0.0684237
355 0.0682773
356 0.0679982
357 0.0678329
358 0.0677577
359 0.0677672
360 0.0675879
361 0.0674211
362 0.0671785
363 0.0670237
364 0.066889
365 0.0667512
366 0.0666834
367 0.0664827
368 0.0663135
369 0.0662847
370 0.0661067
371 0.0660427
372 0.0660088
373 0.0658111
374 0.0657102
375 0.0654806
376 0.0652493
377 0.0651813
378 0.0649728
379 0.0648505
380 0.0648208
381 0.0647207
382 0.0645964
383 0.0645014
384 0.064268
385 0.0641114
386 0.0640021
387 0.0638258
388 0.0636795
389 0.0635213
390 0.0635487
391 0.0634281
392 0.0633778
393 0.0633106
394 0.0632381
395 0.0629197
396 0.0628346
397 0.0627324
398 0.0626927
399 0.0625477
400 0.0624255
