1 0.066719
2 0.066719
3 0.066719
4 0.066719
5 0.066719
6 0.066719
7 0.066719
8 0.066719
9 0.066719
10 0.066719
11 0.066719
12 0.066719
13 0.066719
14 0.066719
15 0.066719
16 0.066719
17 0.066719
18 0.066719
19 0.066719
20 0.066719
21 0.066719
22 0.066719
23 0.066719
24 0.066719
25 0.066719
26 0.0673198
27 0.0677681
28 0.06869
29 0.0692288
30 0.0702287
31 0.0708113
32 0.0717583
33 0.0723134
34 0.0732197
35 0.0737521
36 0.074621
37 0.0751687
38 0.075922
39 0.0763847
40 0.0771321
41 0.0775016
42 0.0782347
43 0.0786287
44 0.0792583
45 0.0796973
46 0.0805157
47 0.0809618
48 0.0815429
49 0.0820232
50 0.0825169
51 0.0830289
52 0.0837498
53 0.0843638
54 0.0851038
55 0.085685
56 0.0864484
57 0.0874089
58 0.0880376
59 0.0889074
60 0.0895373
61 0.0901537
62 0.0908893
63 0.0916076
64 0.0922841
65 0.0929628
66 0.0935859
67 0.0942362
68 0.0949982
69 0.0954142
70 0.0961578
71 0.0968615
72 0.0974523
73 0.0979579
74 0.0984869
75 0.0991571
76 0.099907
77 0.100403
78 0.101156
79 0.101712
80 0.102535
81 0.102957
82 0.103788
83 0.104451
84 0.10519
85 0.105875
86 0.106587
87 0.107139
88 0.10801
89 0.10856
90 0.109286
91 0.109801
92 0.110446
93 0.110934
94 0.111598
95 0.11227
96 0.113028
97 0.113579
98 0.114162
99 0.114913
100 0.115386
101 0.115951
102 0.116675
103 0.117217
104 0.117928
105 0.118469
106 0.119388
107 0.119755
108 0.120425
109 0.121071
110 0.122015
111 0.122407
112 0.123399
113 0.123858
114 0.124553
115 0.125088
116 0.125743
117 0.12635
118 0.127102
119 0.127496
120 0.128213
121 0.128945
122 0.129377
123 0.129908
124 0.130651
125 0.131249
126 0.131762
127 0.132333
128 0.133079
129 0.133807
130 0.134198
131 0.13479
132 0.13536
133 0.136224
134 0.136661
135 0.137252
136 0.138023
137 0.13869
138 0.13909
139 0.139792
140 0.140365
141 0.141003
142 0.141717
143 0.142366
144 0.14291
145 0.143455
146 0.14399
147 0.144584
148 0.145046
149 0.14564
150 0.146411
151 0.147069
152 0.147658
153 0.14829
154 0.148594
155 0.14927
156 0.150003
157 0.150434
158 0.151046
159 0.151688
160 0.15197
161 0.15281
162 0.153337
163 0.154006
164 0.154551
165 0.155165
166 0.155758
167 0.15642
168 0.157099
169 0.157348
170 0.158194
171 0.158587
172 0.159297
173 0.159467
174 0.160266
175 0.16094
176 0.16116
177 0.161831
178 0.162611
179 0.163142
180 0.163626
181 0.164185
182 0.16489
183 0.165189
184 0.165769
185 0.166535
186 0.167195
187 0.16756
188 0.168249
189 0.168915
190 0.169366
191 0.169616
192 0.170189
193 0.171009
194 0.1716
195 0.171921
196 0.172627
197 0.173086
198 0.173721
199 0.174455
200 0.174805
201 0.175298
202 0.175858
203 0.176191
204 0.176964
205 0.177268
206 0.178107
207 0.17883
208 0.179055
209 0.179734
210 0.180158
211 0.180612
212 0.181587
213 0.181685
214 0.182309
215 0.182971
216 0.183476
217 0.184141
218 0.184971
219 0.185235
220 0.18567
221 0.186179
222 0.186817
223 0.18725
224 0.187999
225 0.188237
226 0.188902
227 0.189368
228 0.189716
229 0.190632
230 0.191161
231 0.191543
232 0.192333
233 0.192438
234 0.193158
235 0.193719
236 0.194331
237 0.194361
238 0.195264
239 0.195642
240 0.196442
241 0.196862
242 0.197042
243 0.197949
244 0.198654
245 0.198784
246 0.199439
247 0.199982
248 0.200629
249 0.200956
250 0.201626
251 0.201923
252 0.202521
253 0.203245
254 0.203721
255 0.204271
256 0.204464
257 0.204806
258 0.205513
259 0.206023
260 0.206809
261 0.207115
262 0.208038
263 0.208261
264 0.208796
265 0.209203
266 0.209542
267 0.210594
268 0.21113
269 0.21109
270 0.211838
271 0.21235
272 0.212914
273 0.213254
274 0.213909
275 0.214495
276 0.215071
277 0.215634
278 0.215906
279 0.215882
280 0.216792
281 0.21721
282 0.218122
283 0.218258
284 0.218851
285 0.219493
286 0.219985
287 0.220528
288 0.220852
289 0.22128
290 0.22183
291 0.222406
292 0.222955
293 0.223468
294 0.223966
295 0.224416
296 0.224833
297 0.224998
298 0.225579
299 0.226516
300 0.22702
301 0.227487
302 0.227712
303 0.228199
304 0.228766
305 0.229162
306 0.229747
307 0.229942
308 0.230626
309 0.231478
310 0.231952
311 0.232235
312 0.232972
313 0.233125
314 0.233393
315 0.234121
316 0.234654
317 0.235229
318 0.235502
319 0.23604
320 0.236776
321 0.237092
322 0.237552
323 0.238263
324 0.238257
325 0.23912
326 0.239356
327 0.239915
328 0.240547
329 0.240942
330 0.241046
331 0.241834
332 0.242216
333 0.242726
334 0.243264
335 0.24373
336 0.244276
337 0.244692
338 0.245135
339 0.245757
340 0.246307
341 0.246793
342 0.246883
343 0.247461
344 0.248395
345 0.248579
346 0.248778
347 0.249096
348 0.249732
349 0.250497
350 0.251157
351 0.251392
352 0.251905
353 0.252269
354 0.252895
355 0.253131
356 0.253464
357 0.254105
358 0.254679
359 0.254727
360 0.255647
361 0.255911
362 0.256653
363 0.257053
364 0.257287
365 0.257619
366 0.25803
367 0.258477
368 0.259408
369 0.259795
370 0.260195
371 0.260666
372 0.260985
373 0.261655
374 0.261589
375 0.262403
376 0.262766
377 0.263304
378 0.263509
379 0.264269
380 0.264722
381 0.265019
382 0.265578
383 0.266107
384 0.266107
385 0.266846
386 0.267409
387 0.26763
388 0.268124
389 0.268487
390 0.269328
391 0.269457
392 0.269983
393 0.270473
394 0.270664
395 0.271215
396 0.271963
397 0.272107
398 0.273136
399 0.273261
400 0.273553
