1 0.5
2 0.36493
3 0.307329
4 0.273756
5 0.251804
6 0.235759
7 0.223425
8 0.213994
9 0.206641
10 0.200242
11 0.194711
12 0.190055
13 0.186129
14 0.182463
15 0.179704
16 0.176693
17 0.174338
18 0.172088
19 0.169979
20 0.168241
21 0.166506
22 0.165323
23 0.163881
24 0.162599
25 0.161219
26 0.158358
27 0.156043
28 0.152234
29 0.15052
30 0.147634
31 0.14572
32 0.143701
33 0.142181
34 0.140715
35 0.139169
36 0.137912
37 0.136643
38 0.135636
39 0.134581
40 0.133632
41 0.132787
42 0.131783
43 0.131174
44 0.130531
45 0.129803
46 0.129025
47 0.128314
48 0.127892
49 0.127402
50 0.126875
51 0.126225
52 0.125505
53 0.124794
54 0.123959
55 0.123367
56 0.122568
57 0.122073
58 0.121549
59 0.120694
60 0.120146
61 0.119564
62 0.119039
63 0.118433
64 0.1177
65 0.117668
66 0.117163
67 0.11669
68 0.116438
69 0.115972
70 0.115701
71 0.115118
72 0.114902
73 0.1145
74 0.114363
75 0.113968
76 0.113781
77 0.113405
78 0.113219
79 0.112868
80 0.112399
81 0.112002
82 0.111765
83 0.11153
84 0.111073
85 0.110762
86 0.11047
87 0.110199
88 0.109908
89 0.109655
90 0.109401
91 0.109107
92 0.108766
93 0.108469
94 0.108252
95 0.10803
96 0.107732
97 0.107552
98 0.107442
99 0.107288
100 0.107033
101 0.106811
102 0.10679
103 0.106304
104 0.106134
105 0.105972
106 0.105753
107 0.105664
108 0.105394
109 0.105074
110 0.105006
111 0.104651
112 0.104537
113 0.104321
114 0.104042
115 0.103968
116 0.103787
117 0.103702
118 0.103489
119 0.103306
120 0.10299
121 0.102943
122 0.102809
123 0.102654
124 0.102481
125 0.102223
126 0.102091
127 0.101975
128 0.101788
129 0.101756
130 0.101506
131 0.101507
132 0.101433
133 0.101121
134 0.10104
135 0.100859
136 0.100732
137 0.100601
138 0.100457
139 0.100068
140 0.10022
141 0.0999162
142 0.0999442
143 0.0998453
144 0.0995221
145 0.0995423
146 0.0994637
147 0.099174
148 0.0991528
149 0.0989619
150 0.0988664
151 0.0987617
152 0.0986322
153 0.0984875
154 0.0984488
155 0.0984881
156 0.0982468
157 0.0981208
158 0.0981174
159 0.0979871
160 0.0978224
161 0.0977286
162 0.0975064
163 0.0975358
164 0.0974771
165 0.0973622
166 0.0971948
167 0.0971233
168 0.0968651
169 0.0969169
170 0.0971804
171 0.096938
172 0.096521
173 0.0963903
174 0.0963944
175 0.0963943
176 0.0961878
177 0.0961564
178 0.0960433
179 0.0960623
180 0.0959041
181 0.0957027
182 0.095636
183 0.095562
184 0.0954999
185 0.0953121
186 0.0952123
187 0.0954732
188 0.0951831
189 0.0950333
190 0.0948924
191 0.0948987
192 0.0946055
193 0.0948476
194 0.0947144
195 0.0946836
196 0.0946542
197 0.0945135
198 0.0944367
199 0.0942579
200 0.0942637
201 0.0941179
202 0.0940577
203 0.0941107
204 0.0938107
205 0.094181
206 0.0936492
207 0.0937969
208 0.0936743
209 0.0934394
210 0.0934614
211 0.0934797
212 0.0934587
213 0.093188
214 0.0933397
215 0.093164
216 0.0930568
217 0.0930408
218 0.0929402
219 0.0928497
220 0.0929575
221 0.092751
222 0.0926516
223 0.0926294
224 0.0925623
225 0.0923325
226 0.0923884
227 0.0924062
228 0.092291
229 0.092217
230 0.0920991
231 0.0920556
232 0.0921971
233 0.0920954
234 0.0918751
235 0.0918089
236 0.0918042
237 0.0917194
238 0.0916851
239 0.0916926
240 0.09155
241 0.0915571
242 0.0914912
243 0.091483
244 0.0914091
245 0.0914371
246 0.0913236
247 0.0912823
248 0.0912614
249 0.0911111
250 0.0911608
251 0.0910096
252 0.0908867
253 0.09096
254 0.0908705
255 0.0913213
256 0.090842
257 0.0901046
258 0.0905169
259 0.0905934
260 0.090423
261 0.0903939
262 0.0903454
263 0.0904998
264 0.0904036
265 0.0901679
266 0.0902593
267 0.0904155
268 0.0902219
269 0.0899782
270 0.0898834
271 0.0898859
272 0.0899202
273 0.0898651
274 0.0899465
275 0.089857
276 0.0896558
277 0.0896761
278 0.0894021
279 0.0896114
280 0.089631
281 0.0895113
282 0.0895143
283 0.089333
284 0.0894675
285 0.0892999
286 0.0893183
287 0.0891732
288 0.0891038
289 0.0892158
290 0.0892884
291 0.0889955
292 0.0890432
293 0.0888752
294 0.088783
295 0.0887603
296 0.0888241
297 0.0887185
298 0.0887319
299 0.088819
300 0.0886834
301 0.0885362
302 0.0885332
303 0.0885243
304 0.0884059
305 0.0884925
306 0.088332
307 0.0881074
308 0.0883315
309 0.088164
310 0.0882601
311 0.0881319
312 0.088215
313 0.0880642
314 0.0880937
315 0.0880891
316 0.0879909
317 0.08807
318 0.0878854
319 0.0880297
320 0.0877315
321 0.0879589
322 0.0877257
323 0.0877416
324 0.0877104
325 0.087641
326 0.0876167
327 0.0875739
328 0.0876523
329 0.0873826
330 0.0875471
331 0.0873943
332 0.0874535
333 0.0874484
334 0.0872983
335 0.08735
336 0.0872247
337 0.0871341
338 0.0871676
339 0.0871688
340 0.0871348
341 0.0870234
342 0.0869794
343 0.0871948
344 0.0869835
345 0.0869996
346 0.0868575
347 0.0869511
348 0.0868182
349 0.0868292
350 0.0868678
351 0.0868672
352 0.0867191
353 0.0866431
354 0.0867601
355 0.0866302
356 0.0866912
357 0.0864711
358 0.0865388
359 0.0866587
360 0.0864284
361 0.0864916
362 0.0863561
363 0.0864139
364 0.0864389
365 0.0862979
366 0.0862143
367 0.0861695
368 0.0862323
369 0.0862522
370 0.0861204
371 0.0862675
372 0.086037
373 0.0861173
374 0.0861913
375 0.0860181
376 0.0859179
377 0.0860861
378 0.085891
379 0.0858688
380 0.0858863
381 0.0858343
382 0.0857177
383 0.0859049
384 0.0857686
385 0.0856132
386 0.0857227
387 0.0857012
388 0.0856535
389 0.085754
390 0.085463
391 0.085551
392 0.0855487
393 0.0856283
394 0.0854942
395 0.0854538
396 0.0854874
397 0.0854478
398 0.0854677
399 0.0852245
400 0.0852829
