1 0.499713
2 0.499996
3 0.500176
4 0.500288
5 0.499951
6 0.49977
7 0.499971
8 0.49984
9 0.499853
10 0.499833
11 0.500073
12 0.499992
13 0.49987
14 0.499922
15 0.499846
16 0.499966
17 0.49997
18 0.499904
19 0.499962
20 0.500036
21 0.499899
22 0.499929
23 0.500007
24 0.499899
25 0.499909
26 0.500617
27 0.501134
28 0.502019
29 0.502768
30 0.503617
31 0.504384
32 0.505236
33 0.505966
34 0.506763
35 0.507587
36 0.508321
37 0.509139
38 0.509768
39 0.510484
40 0.511232
41 0.511839
42 0.512519
43 0.51306
44 0.513751
45 0.514173
46 0.514653
47 0.515234
48 0.515725
49 0.516186
50 0.516682
51 0.517265
52 0.517921
53 0.518522
54 0.519114
55 0.51976
56 0.520409
57 0.520909
58 0.5216
59 0.522098
60 0.52273
61 0.523347
62 0.523976
63 0.524644
64 0.525108
65 0.525745
66 0.526196
67 0.526839
68 0.527357
69 0.527845
70 0.528341
71 0.528862
72 0.529346
73 0.529898
74 0.530254
75 0.530779
76 0.531142
77 0.531622
78 0.532155
79 0.532683
80 0.533168
81 0.533654
82 0.534127
83 0.534595
84 0.534999
85 0.535522
86 0.535971
87 0.536436
88 0.536956
89 0.537434
90 0.537886
91 0.538314
92 0.538771
93 0.539193
94 0.539616
95 0.540039
96 0.540475
97 0.54091
98 0.541308
99 0.541738
100 0.542106
101 0.542533
102 0.542909
103 0.543364
104 0.543769
105 0.5442
106 0.544495
107 0.544907
108 0.545265
109 0.545663
110 0.546075
111 0.546384
112 0.546818
113 0.547212
114 0.547638
115 0.547977
116 0.548294
117 0.548691
118 0.549096
119 0.549438
120 0.549843
121 0.550186
122 0.550554
123 0.550887
124 0.551316
125 0.551654
126 0.551922
127 0.552314
128 0.55262
129 0.552973
130 0.553293
131 0.553599
132 0.553957
133 0.554284
134 0.554616
135 0.554887
136 0.555258
137 0.555571
138 0.555838
139 0.556207
140 0.556573
141 0.556858
142 0.557244
143 0.557501
144 0.55782
145 0.558134
146 0.558419
147 0.558665
148 0.559073
149 0.559399
150 0.559626
151 0.559963
152 0.560207
153 0.560526
154 0.560811
155 0.561067
156 0.561416
157 0.561691
158 0.56199
159 0.562269
160 0.562496
161 0.562753
162 0.563054
163 0.563349
164 0.563589
165 0.56392
166 0.564193
167 0.564536
168 0.564738
169 0.564993
170 0.565169
171 0.565518
172 0.565859
173 0.565949
174 0.566296
175 0.566554
176 0.566885
177 0.567105
178 0.567414
179 0.567645
180 0.567923
181 0.568144
182 0.568421
183 0.568619
184 0.568884
185 0.569176
186 0.569316
187 0.569571
188 0.569845
189 0.570139
190 0.570341
191 0.570549
192 0.570768
193 0.571074
194 0.571357
195 0.571452
196 0.571814
197 0.571958
198 0.572161
199 0.572576
200 0.572764
201 0.572943
202 0.573113
203 0.57336
204 0.573646
205 0.573829
206 0.574141
207 0.57429
208 0.574514
209 0.574731
210 0.574918
211 0.575101
212 0.575366
213 0.575516
214 0.575835
215 0.576048
216 0.576213
217 0.576457
218 0.576682
219 0.576824
220 0.577118
221 0.577351
222 0.577487
223 0.577675
224 0.577885
225 0.578097
226 0.578366
227 0.57855
228 0.578681
229 0.578952
230 0.579143
231 0.579358
232 0.579552
233 0.579757
234 0.580025
235 0.58019
236 0.580371
237 0.580542
238 0.580744
239 0.580894
240 0.581177
241 0.581382
242 0.581468
243 0.581705
244 0.581925
245 0.582066
246 0.582305
247 0.582464
248 0.582609
249 0.58274
250 0.582987
251 0.583159
252 0.58339
253 0.583561
254 0.58375
255 0.583799
256 0.584081
257 0.584313
258 0.584494
259 0.584667
260 0.584869
261 0.584986
262 0.585239
263 0.585375
264 0.585608
265 0.585729
266 0.585885
267 0.5861
268 0.586319
269 0.58642
270 0.586605
271 0.58681
272 0.586981
273 0.587089
274 0.58728
275 0.587507
276 0.587719
277 0.587876
278 0.587971
279 0.588102
280 0.588325
281 0.58839
282 0.588683
283 0.588819
284 0.588976
285 0.589138
286 0.589247
287 0.589493
288 0.589623
289 0.589728
290 0.589932
291 0.590106
292 0.590256
293 0.590462
294 0.590645
295 0.590712
296 0.59091
297 0.591041
298 0.591139
299 0.591368
300 0.591532
301 0.591668
302 0.59183
303 0.591943
304 0.592142
305 0.592328
306 0.592489
307 0.592567
308 0.592745
309 0.592938
310 0.593096
311 0.593226
312 0.593355
313 0.59349
314 0.593634
315 0.593762
316 0.593999
317 0.594058
318 0.594266
319 0.594337
320 0.594593
321 0.594637
322 0.594843
323 0.594989
324 0.595047
325 0.595274
326 0.595442
327 0.595512
328 0.5957
329 0.595792
330 0.595973
331 0.596116
332 0.596255
333 0.596406
334 0.596546
335 0.596641
336 0.596823
337 0.596981
338 0.597106
339 0.597259
340 0.597429
341 0.597537
342 0.597523
343 0.597713
344 0.597922
345 0.598051
346 0.59812
347 0.598282
348 0.598408
349 0.598509
350 0.598694
351 0.598842
352 0.598962
353 0.599127
354 0.599267
355 0.599363
356 0.599511
357 0.599633
358 0.599771
359 0.599827
360 0.600014
361 0.600134
362 0.60029
363 0.600391
364 0.600496
365 0.600625
366 0.600755
367 0.600911
368 0.601024
369 0.60113
370 0.601312
371 0.601382
372 0.601563
373 0.601665
374 0.601775
375 0.601894
376 0.602045
377 0.602195
378 0.602251
379 0.602463
380 0.602556
381 0.602634
382 0.602732
383 0.60293
384 0.602966
385 0.603159
386 0.603268
387 0.603406
388 0.603482
389 0.603578
390 0.603764
391 0.603846
392 0.603981
393 0.604086
394 0.60417
395 0.604279
396 0.604396
397 0.604549
398 0.604693
399 0.604786
400 0.604889
