1 0.219984
2 0.219984
3 0.219984
4 0.219984
5 0.219984
6 0.219984
7 0.219984
8 0.219984
9 0.219984
10 0.219984
11 0.219984
12 0.219984
13 0.219984
14 0.219984
15 0.219984
16 0.219984
17 0.219984
18 0.219984
19 0.219984
20 0.219984
21 0.219984
22 0.219984
23 0.219984
24 0.219984
25 0.219984
26 0.219343
27 0.21875
28 0.217957
29 0.217229
30 0.216387
31 0.215597
32 0.214772
33 0.214002
34 0.213181
35 0.212423
36 0.211667
37 0.210902
38 0.210184
39 0.209499
40 0.208808
41 0.208185
42 0.207522
43 0.206882
44 0.20627
45 0.205786
46 0.20532
47 0.204805
48 0.204328
49 0.203852
50 0.203346
51 0.202745
52 0.202133
53 0.201508
54 0.200882
55 0.200277
56 0.19961
57 0.199093
58 0.198465
59 0.19797
60 0.197313
61 0.196692
62 0.196072
63 0.195451
64 0.194903
65 0.194299
66 0.193833
67 0.193217
68 0.192724
69 0.192271
70 0.191764
71 0.191236
72 0.190741
73 0.190254
74 0.189799
75 0.189311
76 0.188924
77 0.18844
78 0.187926
79 0.187419
80 0.186878
81 0.186422
82 0.185945
83 0.185462
84 0.185048
85 0.184512
86 0.184093
87 0.183636
88 0.183115
89 0.182622
90 0.182153
91 0.18173
92 0.181262
93 0.180893
94 0.180449
95 0.180002
96 0.179565
97 0.17911
98 0.178725
99 0.178296
100 0.177956
101 0.177537
102 0.177115
103 0.176705
104 0.176283
105 0.17586
106 0.175544
107 0.175177
108 0.174791
109 0.174391
110 0.174015
111 0.173634
112 0.173256
113 0.172833
114 0.172445
115 0.172072
116 0.171747
117 0.171348
118 0.170957
119 0.170608
120 0.170228
121 0.169859
122 0.169542
123 0.169154
124 0.168733
125 0.168424
126 0.168144
127 0.167753
128 0.167462
129 0.167085
130 0.166785
131 0.166444
132 0.16611
133 0.165774
134 0.165459
135 0.165188
136 0.164797
137 0.164491
138 0.164195
139 0.163863
140 0.163532
141 0.163179
142 0.162821
143 0.162557
144 0.162243
145 0.161927
146 0.16164
147 0.16139
148 0.160992
149 0.160661
150 0.160434
151 0.160076
152 0.159836
153 0.159528
154 0.15925
155 0.159009
156 0.158614
157 0.158379
158 0.158077
159 0.157789
160 0.157577
161 0.157323
162 0.15702
163 0.156725
164 0.15647
165 0.156128
166 0.155885
167 0.155566
168 0.155299
169 0.155083
170 0.154823
171 0.154519
172 0.15422
173 0.15407
174 0.153762
175 0.153485
176 0.153165
177 0.152966
178 0.152646
179 0.152423
180 0.152176
181 0.15193
182 0.151653
183 0.151459
184 0.15122
185 0.15091
186 0.150755
187 0.150509
188 0.150234
189 0.149938
190 0.149736
191 0.149539
192 0.149302
193 0.148999
194 0.148747
195 0.148609
196 0.148285
197 0.14811
198 0.147906
199 0.147522
200 0.147333
201 0.147149
202 0.146939
203 0.14671
204 0.146438
205 0.14623
206 0.145969
207 0.14578
208 0.145575
209 0.145349
210 0.145168
211 0.144979
212 0.144704
213 0.144532
214 0.144269
215 0.144039
216 0.143873
217 0.14361
218 0.143371
219 0.143248
220 0.142976
221 0.142754
222 0.14259
223 0.142412
224 0.142184
225 0.141971
226 0.141714
227 0.141557
228 0.141379
229 0.141093
230 0.140929
231 0.140724
232 0.140523
233 0.140308
234 0.140113
235 0.139895
236 0.139713
237 0.13955
238 0.139297
239 0.139193
240 0.138935
241 0.138714
242 0.138605
243 0.138351
244 0.138157
245 0.138002
246 0.137773
247 0.137616
248 0.137443
249 0.137338
250 0.137054
251 0.136916
252 0.136688
253 0.136518
254 0.136352
255 0.136183
256 0.135985
257 0.135868
258 0.135617
259 0.135406
260 0.135182
261 0.135104
262 0.134812
263 0.134667
264 0.13447
265 0.134375
266 0.134219
267 0.133969
268 0.133765
269 0.133659
270 0.133477
271 0.133263
272 0.133105
273 0.13297
274 0.132787
275 0.132603
276 0.13238
277 0.132214
278 0.132114
279 0.131984
280 0.131782
281 0.131674
282 0.131376
283 0.131271
284 0.131102
285 0.130928
286 0.130813
287 0.13056
288 0.130449
289 0.130328
290 0.130146
291 0.129975
292 0.129829
293 0.129625
294 0.129438
295 0.129359
296 0.12919
297 0.129061
298 0.128959
299 0.128707
300 0.128543
301 0.128387
302 0.12825
303 0.128142
304 0.127948
305 0.127755
306 0.12762
307 0.127549
308 0.127338
309 0.127105
310 0.127001
311 0.126852
312 0.126727
313 0.126589
314 0.126431
315 0.126282
316 0.12611
317 0.125997
318 0.125819
319 0.125731
320 0.125509
321 0.125427
322 0.125238
323 0.125099
324 0.125032
325 0.124787
326 0.124665
327 0.124564
328 0.124387
329 0.124257
330 0.124113
331 0.123945
332 0.123818
333 0.123675
334 0.123542
335 0.12343
336 0.123232
337 0.1231
338 0.122994
339 0.1228
340 0.122667
341 0.12258
342 0.122526
343 0.122354
344 0.122153
345 0.122013
346 0.121973
347 0.12178
348 0.121659
349 0.121551
350 0.121351
351 0.121226
352 0.12109
353 0.120943
354 0.120797
355 0.120699
356 0.120545
357 0.120439
358 0.120303
359 0.120217
360 0.120067
361 0.119924
362 0.119778
363 0.119678
364 0.119567
365 0.119448
366 0.119331
367 0.119189
368 0.11902
369 0.118919
370 0.118751
371 0.118693
372 0.118524
373 0.118407
374 0.118308
375 0.11818
376 0.118031
377 0.117878
378 0.117824
379 0.117609
380 0.117516
381 0.117447
382 0.117325
383 0.117161
384 0.117116
385 0.116942
386 0.116807
387 0.116687
388 0.116587
389 0.1165
390 0.116327
391 0.116228
392 0.116092
393 0.11597
394 0.115925
395 0.115783
396 0.115671
397 0.115532
398 0.115371
399 0.115277
400 0.115173
