1 0.500253
2 0.499742
3 0.499587
4 0.499409
5 0.499545
6 0.49948
7 0.499601
8 0.499629
9 0.499703
10 0.49971
11 0.499738
12 0.507885
13 0.515545
14 0.524453
15 0.533
16 0.541559
17 0.549763
18 0.557697
19 0.565151
20 0.572344
21 0.579106
22 0.585557
23 0.59164
24 0.59748
25 0.603025
26 0.608319
27 0.613284
28 0.618192
29 0.622814
30 0.627276
31 0.631517
32 0.635641
33 0.639584
34 0.643459
35 0.647087
36 0.650641
37 0.65406
38 0.657368
39 0.660526
40 0.663653
41 0.666679
42 0.669537
43 0.672371
44 0.675111
45 0.677708
46 0.680294
47 0.682859
48 0.685264
49 0.687644
50 0.689952
51 0.692251
52 0.69437
53 0.696464
54 0.698593
55 0.700626
56 0.702593
57 0.704409
58 0.706433
59 0.708329
60 0.710096
61 0.711833
62 0.71357
63 0.71524
64 0.716956
65 0.718562
66 0.720145
67 0.721774
68 0.723279
69 0.724767
70 0.72623
71 0.727725
72 0.729098
73 0.730654
74 0.731908
75 0.733238
76 0.734563
77 0.73587
78 0.73711
79 0.73839
80 0.739621
81 0.740816
82 0.742059
83 0.743173
84 0.744315
85 0.745602
86 0.746565
87 0.747717
88 0.748779
89 0.749776
90 0.750883
91 0.751909
92 0.752962
93 0.753897
94 0.75498
95 0.755933
96 0.756914
97 0.757847
98 0.75881
99 0.759732
100 0.760629
101 0.761541
102 0.762555
103 0.763204
104 0.764201
105 0.764988
106 0.765878
107 0.76673
108 0.767543
109 0.768338
110 0.769113
111 0.769913
112 0.770715
113 0.771508
114 0.772305
115 0.772997
116 0.773768
117 0.774442
118 0.775267
119 0.775946
120 0.776661
121 0.777362
122 0.778035
123 0.778757
124 0.779411
125 0.780088
126 0.780737
127 0.781504
128 0.782087
129 0.782626
130 0.783342
131 0.78402
132 0.784627
133 0.785275
134 0.785873
135 0.786448
136 0.787082
137 0.78768
138 0.788248
139 0.788842
140 0.789388
141 0.789999
142 0.790578
143 0.79113
144 0.791685
145 0.792256
146 0.792709
147 0.793331
148 0.793836
149 0.79441
150 0.794917
151 0.795415
152 0.79594
153 0.796467
154 0.796944
155 0.797479
156 0.797958
157 0.798472
158 0.798976
159 0.799429
160 0.79994
161 0.800413
162 0.800901
163 0.80134
164 0.801837
165 0.802262
166 0.802696
167 0.803185
168 0.803684
169 0.804179
170 0.80467
171 0.804893
172 0.805329
173 0.805807
174 0.80629
175 0.806742
176 0.807166
177 0.807606
178 0.807946
179 0.808413
180 0.808797
181 0.809218
182 0.809582
183 0.809995
184 0.810433
185 0.810826
186 0.81114
187 0.811614
188 0.811976
189 0.81236
190 0.812749
191 0.813157
192 0.813519
193 0.813874
194 0.814268
195 0.81457
196 0.814984
197 0.815347
198 0.815715
199 0.81611
200 0.816455
201 0.816814
202 0.817162
203 0.817503
204 0.817804
205 0.818325
206 0.818548
207 0.818867
208 0.819207
209 0.819574
210 0.819844
211 0.820197
212 0.820565
213 0.820903
214 0.821199
215 0.821524
216 0.821842
217 0.822131
218 0.822491
219 0.822823
220 0.823069
221 0.823412
222 0.823724
223 0.824034
224 0.824338
225 0.824646
226 0.824947
227 0.82521
228 0.825589
229 0.825842
230 0.826137
231 0.826414
232 0.826731
233 0.826984
234 0.827262
235 0.827563
236 0.827852
237 0.828157
238 0.828417
239 0.828703
240 0.828993
241 0.829331
242 0.829522
243 0.829829
244 0.830091
245 0.83034
246 0.830636
247 0.830886
248 0.831162
249 0.83144
250 0.831742
251 0.832017
252 0.832293
253 0.832597
254 0.832866
255 0.833128
256 0.83325
257 0.833366
258 0.833616
259 0.833901
260 0.834164
261 0.834432
262 0.834727
263 0.834969
264 0.835225
265 0.83548
266 0.835759
267 0.83596
268 0.836239
269 0.836466
270 0.836704
271 0.836946
272 0.837176
273 0.837336
274 0.837632
275 0.837865
276 0.838086
277 0.838334
278 0.838549
279 0.838753
280 0.839008
281 0.839219
282 0.83945
283 0.839681
284 0.839921
285 0.840107
286 0.840349
287 0.840581
288 0.840788
289 0.84101
290 0.84123
291 0.841417
292 0.841584
293 0.841929
294 0.842076
295 0.84227
296 0.842485
297 0.842686
298 0.842924
299 0.843094
300 0.843317
301 0.843499
302 0.84372
303 0.843917
304 0.844136
305 0.844324
306 0.844555
307 0.84475
308 0.844906
309 0.845109
310 0.845315
311 0.845517
312 0.845734
313 0.84591
314 0.846104
315 0.84623
316 0.846497
317 0.846678
318 0.846887
319 0.847089
320 0.847253
321 0.847423
322 0.847627
323 0.847796
324 0.848006
325 0.848184
326 0.848361
327 0.848559
328 0.848757
329 0.848937
330 0.849088
331 0.849298
332 0.849447
333 0.849624
334 0.849812
335 0.849985
336 0.850167
337 0.850326
338 0.850497
339 0.85066
340 0.850792
341 0.850874
342 0.851332
343 0.851438
344 0.85158
345 0.851739
346 0.851894
347 0.852058
348 0.852232
349 0.852404
350 0.852569
351 0.852709
352 0.852893
353 0.853037
354 0.85324
355 0.853396
356 0.853528
357 0.853732
358 0.853905
359 0.854027
360 0.854204
361 0.854348
362 0.854533
363 0.854683
364 0.854836
365 0.855022
366 0.855143
367 0.8553
368 0.855466
369 0.855631
370 0.855774
371 0.855925
372 0.856045
373 0.856263
374 0.856399
375 0.856554
376 0.856687
377 0.856836
378 0.857005
379 0.85715
380 0.857315
381 0.857454
382 0.857637
383 0.857795
384 0.857896
385 0.857994
386 0.858148
387 0.858307
388 0.858458
389 0.858616
390 0.858725
391 0.858925
392 0.859052
393 0.859196
394 0.859372
395 0.859488
396 0.859621
397 0.859766
398 0.859913
399 0.860045
400 0.860187
