1 0.500253
2 0.499231
3 0.499277
4 0.498873
5 0.500088
6 0.499155
7 0.500329
8 0.499827
9 0.500288
10 0.499776
11 0.50003
12 0.597491
13 0.607559
14 0.640189
15 0.653007
16 0.669563
17 0.681243
18 0.692291
19 0.700256
20 0.708149
21 0.714694
22 0.720511
23 0.726127
24 0.731323
25 0.736202
26 0.740576
27 0.744533
28 0.748347
29 0.753097
30 0.755649
31 0.759402
32 0.763169
33 0.766115
34 0.769842
35 0.77231
36 0.774733
37 0.776949
38 0.779717
39 0.782154
40 0.784018
41 0.786465
42 0.788325
43 0.790153
44 0.792817
45 0.794262
46 0.796321
47 0.798408
48 0.799594
49 0.801075
50 0.802899
51 0.804282
52 0.806155
53 0.807527
54 0.808908
55 0.810098
56 0.811747
57 0.813353
58 0.81457
59 0.81561
60 0.816564
61 0.818085
62 0.819603
63 0.820315
64 0.821677
65 0.822918
66 0.823539
67 0.825259
68 0.825723
69 0.827344
70 0.82799
71 0.829255
72 0.83
73 0.830959
74 0.832266
75 0.832654
76 0.833531
77 0.834498
78 0.835376
79 0.836036
80 0.837027
81 0.837452
82 0.838485
83 0.839327
84 0.840197
85 0.841003
86 0.842182
87 0.84209
88 0.843121
89 0.843941
90 0.844788
91 0.845512
92 0.846067
93 0.846566
94 0.84734
95 0.847719
96 0.848437
97 0.84901
98 0.849669
99 0.850406
100 0.850954
101 0.851738
102 0.852297
103 0.852911
104 0.853185
105 0.853743
106 0.854434
107 0.855164
108 0.85567
109 0.855687
110 0.85691
111 0.857167
112 0.857256
113 0.857784
114 0.859128
115 0.859285
116 0.859511
117 0.860311
118 0.860181
119 0.861302
120 0.861093
121 0.86199
122 0.862709
123 0.862901
124 0.863336
125 0.863802
126 0.864187
127 0.864922
128 0.864669
129 0.865571
130 0.865627
131 0.866114
132 0.866317
133 0.867393
134 0.867944
135 0.868187
136 0.868452
137 0.868591
138 0.868664
139 0.869428
140 0.869962
141 0.870049
142 0.870448
143 0.87066
144 0.871423
145 0.871464
146 0.872045
147 0.872277
148 0.872558
149 0.873138
150 0.872988
151 0.87369
152 0.873854
153 0.87451
154 0.874994
155 0.875134
156 0.875515
157 0.876189
158 0.875954
159 0.876676
160 0.876959
161 0.877177
162 0.877271
163 0.87769
164 0.877995
165 0.878373
166 0.878305
167 0.878793
168 0.879061
169 0.879412
170 0.879555
171 0.879974
172 0.879944
173 0.880308
174 0.88086
175 0.881011
176 0.881348
177 0.881428
178 0.882139
179 0.882611
180 0.882382
181 0.882612
182 0.883026
183 0.883439
184 0.883624
185 0.884079
186 0.884164
187 0.884062
188 0.884532
189 0.884861
190 0.884962
191 0.885332
192 0.885632
193 0.885673
194 0.885676
195 0.886097
196 0.886531
197 0.886953
198 0.887175
199 0.887386
200 0.887363
201 0.887529
202 0.887797
203 0.888137
204 0.88835
205 0.888504
206 0.88878
207 0.889327
208 0.889259
209 0.88936
210 0.889877
211 0.889767
212 0.889849
213 0.889922
214 0.89057
215 0.890504
216 0.890844
217 0.890812
218 0.891368
219 0.891369
220 0.89181
221 0.8925
222 0.892598
223 0.891942
224 0.892345
225 0.892627
226 0.892808
227 0.893419
228 0.893224
229 0.893461
230 0.893695
231 0.894083
232 0.894128
233 0.894054
234 0.894518
235 0.894546
236 0.894713
237 0.895106
238 0.895383
239 0.895441
240 0.895877
241 0.895694
242 0.89595
243 0.896481
244 0.896143
245 0.896286
246 0.896747
247 0.896468
248 0.896979
249 0.89728
250 0.897379
251 0.897725
252 0.897751
253 0.897864
254 0.897574
255 0.898462
256 0.898442
257 0.898566
258 0.898684
259 0.899276
260 0.898981
261 0.899386
262 0.899282
263 0.899516
264 0.899743
265 0.900062
266 0.899614
267 0.900309
268 0.90017
269 0.900451
270 0.900574
271 0.900741
272 0.900983
273 0.901077
274 0.901064
275 0.901114
276 0.901709
277 0.901564
278 0.901635
279 0.901962
280 0.901878
281 0.9025
282 0.902797
283 0.903169
284 0.902658
285 0.902935
286 0.902999
287 0.903398
288 0.903314
289 0.903385
290 0.903643
291 0.903895
292 0.90387
293 0.903953
294 0.904373
295 0.904511
296 0.904621
297 0.904637
298 0.904425
299 0.904546
300 0.904985
301 0.90507
302 0.905347
303 0.905349
304 0.905342
305 0.905527
306 0.906197
307 0.905872
308 0.906086
309 0.906462
310 0.906477
311 0.90599
312 0.906224
313 0.90657
314 0.906859
315 0.90668
316 0.907192
317 0.907128
318 0.907138
319 0.907452
320 0.907337
321 0.907712
322 0.907651
323 0.907649
324 0.908032
325 0.907958
326 0.907979
327 0.908586
328 0.908314
329 0.908214
330 0.908619
331 0.908589
332 0.908722
333 0.908886
334 0.908915
335 0.909034
336 0.909367
337 0.909352
338 0.909654
339 0.909755
340 0.909733
341 0.909699
342 0.909984
343 0.909982
344 0.91036
345 0.910493
346 0.910769
347 0.910625
348 0.910839
349 0.911046
350 0.91066
351 0.910961
352 0.911191
353 0.911554
354 0.911486
355 0.911264
356 0.911474
357 0.911822
358 0.911958
359 0.912272
360 0.91204
361 0.911803
362 0.911762
363 0.912242
364 0.912404
365 0.912152
366 0.912523
367 0.912705
368 0.912733
369 0.912904
370 0.91307
371 0.912906
372 0.913135
373 0.913574
374 0.913277
375 0.914083
376 0.913634
377 0.913713
378 0.913837
379 0.913816
380 0.914189
381 0.913861
382 0.914413
383 0.914199
384 0.914357
385 0.914548
386 0.91478
387 0.914321
388 0.914901
389 0.914884
390 0.91497
391 0.915047
392 0.91495
393 0.915264
394 0.915322
395 0.915435
396 0.915282
397 0.915439
398 0.915557
399 0.915909
400 0.915694
