1 0.332797
6 0.333195
11 0.33315
16 0.3333
21 0.33328
26 0.338111
31 0.376996
36 0.4191
41 0.456748
46 0.489812
51 0.518561
56 0.544202
61 0.566977
66 0.586768
71 0.604786
76 0.620505
81 0.634884
86 0.6481
91 0.659809
96 0.670623
101 0.680538
106 0.689375
111 0.698345
116 0.705836
121 0.713397
126 0.720346
131 0.726956
136 0.733036
141 0.738667
146 0.743792
151 0.749349
156 0.753422
161 0.758221
166 0.762808
171 0.76678
176 0.770785
181 0.774366
186 0.777524
191 0.781269
196 0.784343
200 0.787054
