1 0.266433
6 0.0735229
11 0.0658445
16 0.0454172
21 0.0352462
26 0.0251841
31 0.0217452
36 0.0188897
41 0.0166975
46 0.014983
51 0.0136448
56 0.0126877
61 0.0118539
66 0.0109193
71 0.0103344
76 0.0098624
81 0.00932438
86 0.00876911
91 0.00842892
96 0.00803583
101 0.00777925
106 0.00746374
111 0.00713826
116 0.00693766
121 0.00668303
126 0.00650319
131 0.00627763
136 0.00605623
141 0.00590931
146 0.00574802
151 0.00555076
156 0.00552659
161 0.00534937
166 0.00517549
171 0.00504799
176 0.00498269
181 0.00487685
186 0.00479898
191 0.00467581
196 0.0046164
200 0.00453223
