1 0.457981
6 0.645352
11 0.702814
16 0.745957
21 0.771253
26 0.793832
31 0.811248
36 0.823909
41 0.834982
46 0.843057
51 0.84977
56 0.855489
61 0.860319
66 0.864978
71 0.868912
76 0.872146
81 0.875606
86 0.878799
91 0.881547
96 0.884073
101 0.886096
106 0.88787
111 0.890976
116 0.892025
121 0.89431
126 0.895515
131 0.897423
136 0.899199
141 0.900601
146 0.901737
151 0.903745
156 0.903866
161 0.905367
166 0.907213
171 0.907983
176 0.908952
181 0.909765
186 0.910048
191 0.911708
196 0.912239
200 0.913205
