1 0.261941
2 0.261941
3 0.261941
4 0.261941
5 0.261941
6 0.261941
7 0.242785
8 0.236473
9 0.235452
10 0.231622
11 0.228263
12 0.22724
13 0.216563
14 0.212406
15 0.209732
16 0.20705
17 0.204596
18 0.202789
19 0.196114
20 0.193718
21 0.190906
22 0.188519
23 0.186542
24 0.184708
25 0.180564
26 0.178581
27 0.176145
28 0.174162
29 0.172195
30 0.170567
31 0.16776
32 0.165871
33 0.163668
34 0.162025
35 0.160477
36 0.158764
37 0.15652
38 0.15498
39 0.153245
40 0.151702
41 0.150088
42 0.148777
43 0.147099
44 0.145723
45 0.143871
46 0.142656
47 0.141166
48 0.139874
49 0.138417
50 0.137042
51 0.135732
52 0.134452
53 0.133415
54 0.132056
55 0.130734
56 0.129516
57 0.128467
58 0.127164
59 0.125987
60 0.124985
61 0.123852
62 0.122898
63 0.121694
64 0.120585
65 0.1196
66 0.118606
67 0.11748
68 0.116744
69 0.115728
70 0.114804
71 0.113687
72 0.112806
73 0.111995
74 0.110998
75 0.110049
76 0.109077
77 0.1085
78 0.107529
79 0.106541
80 0.105799
81 0.104975
82 0.104175
83 0.103326
84 0.102622
85 0.101598
86 0.100849
87 0.100274
88 0.0993935
89 0.0988251
90 0.0978558
91 0.0971905
92 0.096551
93 0.095922
94 0.0950994
95 0.0943972
96 0.0936512
97 0.0929682
98 0.0924531
99 0.091584
100 0.090964
101 0.0902833
102 0.0896666
103 0.088884
104 0.0882811
105 0.0876933
106 0.0870033
107 0.0864453
108 0.0859702
109 0.085112
110 0.0845509
111 0.0841277
112 0.0834315
113 0.082898
114 0.0821988
115 0.0817089
116 0.0811883
117 0.0805775
118 0.0800071
119 0.0794204
120 0.0790743
121 0.0784003
122 0.0778304
123 0.0774324
124 0.0768431
125 0.0763273
126 0.0758924
127 0.0754413
128 0.0749779
129 0.0743167
130 0.0739671
131 0.0735309
132 0.07307
133 0.0726878
134 0.0720298
135 0.071754
136 0.0714341
137 0.0708631
138 0.070467
139 0.0699085
140 0.0695077
141 0.0690981
142 0.0686963
143 0.0685548
144 0.0679487
145 0.0674261
146 0.0671625
147 0.0668577
148 0.0662871
149 0.0660843
150 0.0655793
151 0.0651481
152 0.0649058
153 0.064457
154 0.0641208
155 0.0638538
156 0.0634713
157 0.0631044
158 0.0627625
159 0.0623225
160 0.0621032
161 0.0617193
162 0.0613896
163 0.0611571
164 0.0608836
165 0.0605266
166 0.0600736
167 0.0598483
168 0.0594845
169 0.0591466
170 0.0589873
171 0.0585411
172 0.0583035
173 0.0578868
174 0.0578219
175 0.0573666
176 0.0571642
177 0.0568202
178 0.0566269
179 0.0562472
180 0.0559496
181 0.0557151
182 0.0555936
183 0.0552268
184 0.0549863
185 0.05478
186 0.0543698
187 0.0542151
188 0.0539531
189 0.0535604
190 0.05341
191 0.0531274
192 0.052929
193 0.0527717
194 0.052353
195 0.0522672
196 0.0519035
197 0.0518223
198 0.0516295
199 0.0512512
200 0.0510797
201 0.05086
202 0.0507107
203 0.050342
204 0.0501491
205 0.0499438
206 0.0497412
207 0.0495597
208 0.0493445
209 0.0492453
210 0.0489165
211 0.0486224
212 0.0484918
213 0.0482601
214 0.0481531
215 0.0479458
216 0.0476452
217 0.0476205
218 0.0474036
219 0.0472424
220 0.0470839
221 0.0468397
222 0.046566
223 0.0464824
224 0.0462351
225 0.0459482
226 0.0458665
227 0.0458028
228 0.0454959
229 0.0452647
230 0.0451774
231 0.0449811
232 0.044919
233 0.04459
234 0.0444936
235 0.0442824
236 0.0441929
237 0.0438323
238 0.0438585
239 0.0436642
240 0.0434863
241 0.043336
242 0.0431617
243 0.0430218
244 0.0428404
245 0.0427829
246 0.0425961
247 0.0423508
248 0.0423839
249 0.0421842
250 0.0420006
251 0.0418786
252 0.0416781
253 0.0414462
254 0.0414483
255 0.0412342
256 0.0411686
257 0.0409579
258 0.0409128
259 0.0407388
260 0.0405107
261 0.0404561
262 0.0402848
263 0.0402329
264 0.0400509
265 0.0399546
266 0.0397443
267 0.0396757
268 0.0395973
269 0.0394238
270 0.0392593
271 0.0391107
272 0.0389471
273 0.0389011
274 0.0388341
275 0.0385732
276 0.0384734
277 0.0384765
278 0.038321
279 0.0380908
280 0.0380308
281 0.0380002
282 0.0379025
283 0.0377463
284 0.0376549
285 0.037585
286 0.0373464
287 0.0372076
288 0.0371374
289 0.0369749
290 0.0368432
291 0.0366954
292 0.0366771
293 0.0365536
294 0.0364605
295 0.0363266
296 0.0362029
297 0.0362085
298 0.0360805
299 0.0359139
300 0.0357971
301 0.0357656
302 0.0356805
303 0.0354954
304 0.035444
305 0.0353775
306 0.0351971
307 0.035117
308 0.0349966
309 0.0349303
310 0.0348975
311 0.0348353
312 0.0347711
313 0.0345383
314 0.0344667
315 0.0343831
316 0.0342463
317 0.0342137
318 0.0341748
319 0.0340605
320 0.0338986
321 0.0338785
322 0.0338116
323 0.0337041
324 0.0335915
325 0.0334034
326 0.0333506
327 0.0333583
328 0.0332017
329 0.0331907
330 0.0330642
331 0.0330363
332 0.0328318
333 0.0328711
334 0.0326633
335 0.0325891
336 0.0325691
337 0.0324283
338 0.0323986
339 0.0323381
340 0.0321998
341 0.0321742
342 0.0320169
343 0.0319539
344 0.031959
345 0.0318104
346 0.0317834
347 0.0316995
348 0.0315305
349 0.0315551
350 0.0314733
351 0.0313689
352 0.0312783
353 0.0311818
354 0.031192
355 0.0311153
356 0.0310325
357 0.0309858
358 0.0308606
359 0.0309058
360 0.0307702
361 0.030611
362 0.0306612
363 0.0304462
364 0.0304143
365 0.0303565
366 0.0302823
367 0.030225
368 0.0301787
369 0.0300679
370 0.0299962
371 0.0299058
372 0.0299132
373 0.0297961
374 0.0297133
375 0.0297257
376 0.0295738
377 0.0294771
378 0.0294825
379 0.0294705
380 0.0293583
381 0.0292127
382 0.0293023
383 0.0291855
384 0.0291965
385 0.0290271
386 0.0290325
387 0.0289802
388 0.0288506
389 0.0288039
390 0.0287597
391 0.0286012
392 0.0285346
393 0.0284637
394 0.028459
395 0.028487
396 0.0283418
397 0.0282979
398 0.0282948
399 0.0281557
400 0.0282314
