1 0.261941
2 0.261941
3 0.261941
4 0.261941
5 0.261941
6 0.261941
7 0.259204
8 0.256372
9 0.254052
10 0.251799
11 0.249694
12 0.247835
13 0.245681
14 0.243246
15 0.241056
16 0.239158
17 0.237195
18 0.235354
19 0.233364
20 0.231491
21 0.229587
22 0.227822
23 0.226136
24 0.224381
25 0.222759
26 0.221069
27 0.219469
28 0.217947
29 0.216401
30 0.214924
31 0.213562
32 0.212111
33 0.210689
34 0.209391
35 0.208073
36 0.206763
37 0.205433
38 0.204266
39 0.203023
40 0.201797
41 0.200536
42 0.19947
43 0.198368
44 0.197237
45 0.196009
46 0.195009
47 0.193922
48 0.192862
49 0.19185
50 0.19099
51 0.189945
52 0.189006
53 0.188087
54 0.187098
55 0.186073
56 0.18527
57 0.18445
58 0.183401
59 0.182457
60 0.181663
61 0.180793
62 0.180007
63 0.179094
64 0.178213
65 0.177426
66 0.176638
67 0.175778
68 0.175089
69 0.174303
70 0.173646
71 0.172711
72 0.171981
73 0.171277
74 0.170563
75 0.169749
76 0.169033
77 0.168457
78 0.167745
79 0.166993
80 0.166376
81 0.165669
82 0.165063
83 0.164361
84 0.16376
85 0.162929
86 0.162287
87 0.161752
88 0.161064
89 0.160491
90 0.159803
91 0.159342
92 0.158606
93 0.158092
94 0.157501
95 0.156889
96 0.15624
97 0.15576
98 0.155274
99 0.154569
100 0.154016
101 0.153494
102 0.152928
103 0.152352
104 0.151729
105 0.151184
106 0.150729
107 0.150259
108 0.149675
109 0.149047
110 0.148626
111 0.148134
112 0.147628
113 0.147111
114 0.146564
115 0.146098
116 0.145626
117 0.145096
118 0.14462
119 0.144082
120 0.143751
121 0.14315
122 0.142698
123 0.142241
124 0.141833
125 0.141326
126 0.140901
127 0.140451
128 0.140037
129 0.13948
130 0.139139
131 0.138722
132 0.138214
133 0.137875
134 0.137273
135 0.137013
136 0.136595
137 0.136143
138 0.135761
139 0.13522
140 0.134854
141 0.134433
142 0.134061
143 0.133839
144 0.1333
145 0.132893
146 0.13252
147 0.132193
148 0.131664
149 0.131435
150 0.130949
151 0.130504
152 0.130261
153 0.129748
154 0.129426
155 0.129116
156 0.128737
157 0.128349
158 0.127931
159 0.127534
160 0.127227
161 0.126885
162 0.126486
163 0.12621
164 0.125937
165 0.125584
166 0.125113
167 0.124794
168 0.124446
169 0.124064
170 0.123897
171 0.123425
172 0.123166
173 0.122762
174 0.122524
175 0.122082
176 0.121831
177 0.121357
178 0.12122
179 0.120749
180 0.120433
181 0.120219
182 0.120032
183 0.119652
184 0.119288
185 0.119035
186 0.11865
187 0.118384
188 0.118078
189 0.117711
190 0.117418
191 0.117113
192 0.116895
193 0.11665
194 0.116268
195 0.11605
196 0.115714
197 0.115431
198 0.115198
199 0.114795
200 0.114557
201 0.114308
202 0.114093
203 0.113689
204 0.113464
205 0.113124
206 0.112865
207 0.112637
208 0.112378
209 0.112201
210 0.111862
211 0.111538
212 0.111307
213 0.111012
214 0.110797
215 0.110556
216 0.110245
217 0.110073
218 0.109761
219 0.109594
220 0.109381
221 0.109047
222 0.108785
223 0.108586
224 0.108249
225 0.10794
226 0.107765
227 0.107607
228 0.107329
229 0.106994
230 0.106849
231 0.106566
232 0.106462
233 0.106071
234 0.105921
235 0.105717
236 0.10547
237 0.105098
238 0.104987
239 0.104711
240 0.104475
241 0.10429
242 0.104009
243 0.103831
244 0.103518
245 0.103397
246 0.103166
247 0.102924
248 0.102766
249 0.102555
250 0.102328
251 0.102084
252 0.101918
253 0.101538
254 0.101484
255 0.101203
256 0.101101
257 0.100805
258 0.100679
259 0.100459
260 0.100154
261 0.100008
262 0.0997638
263 0.0996421
264 0.0993902
265 0.0992513
266 0.0990228
267 0.0987759
268 0.0986585
269 0.0984426
270 0.0982471
271 0.0980283
272 0.0978283
273 0.0976993
274 0.0974917
275 0.0972378
276 0.0970416
277 0.096924
278 0.0967185
279 0.0964882
280 0.0963541
281 0.0961761
282 0.0960003
283 0.0957895
284 0.0956279
285 0.0955102
286 0.0952428
287 0.0950561
288 0.0948426
289 0.0946294
290 0.0944741
291 0.0942848
292 0.0941228
293 0.0940149
294 0.093778
295 0.0935992
296 0.093413
297 0.0932981
298 0.0931816
299 0.0929229
300 0.0927583
301 0.0925736
302 0.0924393
303 0.0922298
304 0.0920948
305 0.0920063
306 0.091702
307 0.0915819
308 0.0914191
309 0.0912714
310 0.0911373
311 0.0909398
312 0.0908163
313 0.0905368
314 0.0904573
315 0.0902558
316 0.0901383
317 0.0899812
318 0.0898828
319 0.0897005
320 0.0895486
321 0.0893871
322 0.0892289
323 0.0890473
324 0.0888707
325 0.0887164
326 0.0885447
327 0.0884948
328 0.088217
329 0.0881183
330 0.0880064
331 0.0878647
332 0.0876333
333 0.0876089
334 0.0873333
335 0.0871906
336 0.087035
337 0.0868859
338 0.0867544
339 0.0866783
340 0.0865061
341 0.086373
342 0.0861936
343 0.08604
344 0.0858867
345 0.0857591
346 0.0856926
347 0.0854875
348 0.0853173
349 0.0852537
350 0.0850872
351 0.0849366
352 0.0848305
353 0.084569
354 0.0845365
355 0.0843707
356 0.0843096
357 0.0841518
358 0.0839691
359 0.0839706
360 0.083787
361 0.0835205
362 0.0835163
363 0.0832664
364 0.0831812
365 0.0830644
366 0.0829475
367 0.0827896
368 0.0827234
369 0.0825156
370 0.0824246
371 0.0822696
372 0.082144
373 0.0820267
374 0.081884
375 0.0817918
376 0.0816193
377 0.0814547
378 0.0814372
379 0.0813101
380 0.0811625
381 0.081003
382 0.0809865
383 0.0808468
384 0.0807179
385 0.0805352
386 0.0804327
387 0.0803317
388 0.0801939
389 0.0800988
390 0.0799835
391 0.0797883
392 0.0796156
393 0.0795219
394 0.0794322
395 0.0794043
396 0.0791969
397 0.0791352
398 0.079014
399 0.0788997
400 0.0788855
