1 0.458305
2 0.338369
3 0.287757
4 0.258499
5 0.239379
6 0.225642
7 0.209256
8 0.198879
9 0.190976
10 0.18425
11 0.17901
12 0.174585
13 0.169078
14 0.165284
15 0.161863
16 0.15928
17 0.156739
18 0.15469
19 0.152143
20 0.150228
21 0.148191
22 0.146673
23 0.145216
24 0.143797
25 0.142191
26 0.140989
27 0.139997
28 0.138707
29 0.137926
30 0.13696
31 0.135976
32 0.134905
33 0.134225
34 0.133358
35 0.132436
36 0.13181
37 0.130955
38 0.130328
39 0.129684
40 0.129014
41 0.128173
42 0.127788
43 0.127344
44 0.126741
45 0.126209
46 0.125892
47 0.125397
48 0.124848
49 0.124295
50 0.123956
51 0.123704
52 0.123268
53 0.122922
54 0.122597
55 0.12197
56 0.121672
57 0.121622
58 0.121149
59 0.120807
60 0.120492
61 0.120137
62 0.119909
63 0.119395
64 0.118958
65 0.118822
66 0.118697
67 0.118297
68 0.118175
69 0.117866
70 0.117574
71 0.117511
72 0.117124
73 0.11675
74 0.116596
75 0.116438
76 0.116099
77 0.116001
78 0.11579
79 0.115596
80 0.11531
81 0.115185
82 0.114877
83 0.114698
84 0.114489
85 0.114259
86 0.114065
87 0.113992
88 0.113872
89 0.113632
90 0.113472
91 0.113139
92 0.113047
93 0.113213
94 0.112824
95 0.11258
96 0.112475
97 0.112293
98 0.111969
99 0.111999
100 0.111744
101 0.111628
102 0.111419
103 0.111384
104 0.111292
105 0.110992
106 0.110942
107 0.110801
108 0.110753
109 0.110582
110 0.110351
111 0.110251
112 0.110059
113 0.110115
114 0.110071
115 0.109797
116 0.109599
117 0.109488
118 0.109345
119 0.109198
120 0.109118
121 0.109112
122 0.108915
123 0.108747
124 0.108773
125 0.108588
126 0.108474
127 0.108336
128 0.108059
129 0.108086
130 0.108067
131 0.108031
132 0.107871
133 0.107634
134 0.10762
135 0.10763
136 0.10743
137 0.107469
138 0.107325
139 0.107102
140 0.107098
141 0.107022
142 0.107031
143 0.106798
144 0.106821
145 0.106533
146 0.106403
147 0.106414
148 0.106389
149 0.106179
150 0.106231
151 0.106145
152 0.106119
153 0.106024
154 0.105942
155 0.105784
156 0.105814
157 0.105709
158 0.105506
159 0.105587
160 0.105385
161 0.10525
162 0.105357
163 0.105246
164 0.105156
165 0.105051
166 0.105077
167 0.104942
168 0.104938
169 0.104874
170 0.104509
171 0.104749
172 0.104502
173 0.104487
174 0.104485
175 0.104418
176 0.104339
177 0.104308
178 0.104229
179 0.104182
180 0.104091
181 0.103955
182 0.104114
183 0.103971
184 0.103918
185 0.103774
186 0.103796
187 0.103656
188 0.103685
189 0.103522
190 0.103444
191 0.103422
192 0.103443
193 0.103459
194 0.103293
195 0.103276
196 0.103187
197 0.10315
198 0.103114
199 0.103031
200 0.10306
201 0.102966
202 0.102914
203 0.102885
204 0.102814
205 0.102576
206 0.102693
207 0.102736
208 0.102543
209 0.102497
210 0.102649
211 0.102427
212 0.102356
213 0.102416
214 0.102294
215 0.102294
216 0.102357
217 0.102164
218 0.102199
219 0.10221
220 0.102122
221 0.102023
222 0.102043
223 0.102031
224 0.101882
225 0.101902
226 0.101926
227 0.101864
228 0.101771
229 0.101791
230 0.101701
231 0.101762
232 0.10159
233 0.101591
234 0.101735
235 0.10144
236 0.101543
237 0.101399
238 0.101449
239 0.101264
240 0.101333
241 0.101285
242 0.101217
243 0.101284
244 0.101139
245 0.101172
246 0.101143
247 0.101086
248 0.101104
249 0.101061
250 0.101026
251 0.100941
252 0.100933
253 0.100953
254 0.100834
255 0.100694
256 0.100854
257 0.100845
258 0.100748
259 0.100753
260 0.100765
261 0.100688
262 0.100709
263 0.100654
264 0.100669
265 0.100476
266 0.100566
267 0.100529
268 0.100491
269 0.100376
270 0.100464
271 0.10036
272 0.100253
273 0.100356
274 0.100361
275 0.100261
276 0.100311
277 0.100164
278 0.100158
279 0.100201
280 0.100155
281 0.100113
282 0.100175
283 0.10007
284 0.100163
285 0.100049
286 0.0999885
287 0.0999589
288 0.100025
289 0.099919
290 0.0998861
291 0.0998811
292 0.0998684
293 0.0999243
294 0.0997944
295 0.0997031
296 0.0998171
297 0.0997048
298 0.0997317
299 0.0996699
300 0.0996211
301 0.0995883
302 0.0996037
303 0.0996496
304 0.0995699
305 0.0995362
306 0.0995158
307 0.099402
308 0.0994227
309 0.0994418
310 0.0994164
311 0.0993806
312 0.0993769
313 0.0992944
314 0.0992979
315 0.099301
316 0.0992627
317 0.0992083
318 0.0992301
319 0.0992209
320 0.0991847
321 0.0991695
322 0.0990719
323 0.0992056
324 0.09921
325 0.099014
326 0.0990964
327 0.0990294
328 0.0991532
329 0.0989641
330 0.0990518
331 0.0990091
332 0.0990216
333 0.0989667
334 0.0989723
335 0.0989322
336 0.0988383
337 0.0988076
338 0.0987716
339 0.0988889
340 0.0987951
341 0.0989235
342 0.0987381
343 0.0987292
344 0.098655
345 0.0986837
346 0.0986847
347 0.098678
348 0.0986984
349 0.0985803
350 0.0986138
351 0.0986345
352 0.098524
353 0.0984977
354 0.0985569
355 0.0985638
356 0.0984604
357 0.0984695
358 0.0984912
359 0.0984921
360 0.0984383
361 0.0984374
362 0.0984156
363 0.098326
364 0.0984615
365 0.0983677
366 0.098331
367 0.0983165
368 0.0983497
369 0.0981958
370 0.0981966
371 0.0982933
372 0.0981878
373 0.0981744
374 0.0981956
375 0.0981864
376 0.0981249
377 0.0981529
378 0.0980687
379 0.0981431
380 0.0980663
381 0.0980275
382 0.098073
383 0.0980564
384 0.0980101
385 0.0980005
386 0.0979797
387 0.0980011
388 0.0979332
389 0.0979658
390 0.098005
391 0.0978598
392 0.097931
393 0.0978585
394 0.0979193
395 0.0978587
396 0.097884
397 0.0977955
398 0.0978208
399 0.0977636
400 0.0977595
