1 0.066714
2 0.066714
3 0.066714
4 0.066714
5 0.066714
6 0.066714
7 0.0694011
8 0.0717699
9 0.0735497
10 0.0758134
11 0.0776325
12 0.0789958
13 0.0816554
14 0.0838978
15 0.0858614
16 0.0881662
17 0.0903886
18 0.0921603
19 0.0945866
20 0.0966049
21 0.0986478
22 0.100643
23 0.102587
24 0.104502
25 0.106511
26 0.108608
27 0.110296
28 0.112112
29 0.114289
30 0.116267
31 0.117803
32 0.119771
33 0.121475
34 0.123427
35 0.125233
36 0.12709
37 0.128932
38 0.13023
39 0.132142
40 0.134025
41 0.13573
42 0.137324
43 0.139013
44 0.140729
45 0.142483
46 0.143986
47 0.145928
48 0.147213
49 0.148887
50 0.150739
51 0.152359
52 0.153839
53 0.155006
54 0.15681
55 0.158979
56 0.160065
57 0.161767
58 0.16326
59 0.164904
60 0.166401
61 0.167995
62 0.169133
63 0.17077
64 0.172449
65 0.173857
66 0.175315
67 0.177015
68 0.178516
69 0.179824
70 0.181179
71 0.183163
72 0.18424
73 0.185625
74 0.187098
75 0.188691
76 0.190398
77 0.191268
78 0.192786
79 0.194513
80 0.195394
81 0.196987
82 0.198304
83 0.199737
84 0.200983
85 0.202662
86 0.204014
87 0.204994
88 0.20691
89 0.207987
90 0.20947
91 0.210238
92 0.21198
93 0.212771
94 0.21465
95 0.215962
96 0.217263
97 0.218512
98 0.219396
99 0.221216
100 0.222208
101 0.223686
102 0.225099
103 0.226352
104 0.227882
105 0.229184
106 0.230075
107 0.231437
108 0.232852
109 0.234723
110 0.235214
111 0.236851
112 0.238025
113 0.239166
114 0.240673
115 0.241598
116 0.242545
117 0.244113
118 0.245335
119 0.246837
120 0.247992
121 0.249162
122 0.250449
123 0.251616
124 0.25255
125 0.253975
126 0.254851
127 0.256223
128 0.257208
129 0.258813
130 0.259934
131 0.260904
132 0.262277
133 0.263354
134 0.264876
135 0.26552
136 0.266723
137 0.268063
138 0.268907
139 0.270561
140 0.271251
141 0.272432
142 0.273551
143 0.27356
144 0.275734
145 0.276753
146 0.27746
147 0.278907
148 0.280194
149 0.280653
150 0.282211
151 0.283578
152 0.284204
153 0.28576
154 0.286617
155 0.287656
156 0.28895
157 0.290006
158 0.291129
159 0.29222
160 0.292951
161 0.293982
162 0.295286
163 0.29565
164 0.29639
165 0.298033
166 0.299081
167 0.300162
168 0.30126
169 0.302253
170 0.302711
171 0.304265
172 0.304993
173 0.306711
174 0.306746
175 0.308281
176 0.308936
177 0.310347
178 0.310927
179 0.312118
180 0.313555
181 0.314087
182 0.314237
183 0.315853
184 0.316669
185 0.317474
186 0.318919
187 0.31935
188 0.320605
189 0.321744
190 0.322851
191 0.323393
192 0.32392
193 0.325072
194 0.326224
195 0.326708
196 0.328386
197 0.328648
198 0.329738
199 0.330714
200 0.331902
201 0.332149
202 0.333042
203 0.334089
204 0.334907
205 0.336249
206 0.336666
207 0.337448
208 0.338324
209 0.338888
210 0.340367
211 0.340996
212 0.342135
213 0.3431
214 0.343938
215 0.344181
216 0.345309
217 0.345864
218 0.34676
219 0.347039
220 0.348173
221 0.349187
222 0.350445
223 0.350464
224 0.351729
225 0.352789
226 0.353339
227 0.353867
228 0.35484
229 0.356056
230 0.356161
231 0.357342
232 0.357569
233 0.359295
234 0.359483
235 0.360345
236 0.361023
237 0.362505
238 0.362735
239 0.363466
240 0.364038
241 0.364896
242 0.36571
243 0.366541
244 0.367476
245 0.367823
246 0.368771
247 0.369742
248 0.369575
249 0.371026
250 0.371376
251 0.372416
252 0.373244
253 0.374263
254 0.374435
255 0.374683
256 0.375508
257 0.37651
258 0.377354
259 0.377709
260 0.379208
261 0.37927
262 0.38008
263 0.38068
264 0.38146
265 0.381983
266 0.38261
267 0.383617
268 0.383863
269 0.38479
270 0.385531
271 0.386129
272 0.387177
273 0.387428
274 0.388225
275 0.388725
276 0.38961
277 0.389955
278 0.391039
279 0.391902
280 0.392068
281 0.39242
282 0.393497
283 0.394133
284 0.394494
285 0.394913
286 0.396335
287 0.396497
288 0.397278
289 0.397921
290 0.398499
291 0.399493
292 0.399883
293 0.40035
294 0.401215
295 0.401818
296 0.402353
297 0.402446
298 0.403364
299 0.404129
300 0.404587
301 0.40513
302 0.405916
303 0.406377
304 0.407437
305 0.407323
306 0.408783
307 0.409192
308 0.409429
309 0.409818
310 0.410277
311 0.41105
312 0.411051
313 0.412495
314 0.412685
315 0.413381
316 0.414076
317 0.414239
318 0.41471
319 0.415287
320 0.4158
321 0.416417
322 0.416909
323 0.417306
324 0.418222
325 0.418826
326 0.419461
327 0.419698
328 0.420549
329 0.421076
330 0.422178
331 0.421786
332 0.422969
333 0.422804
334 0.424127
335 0.42503
336 0.424915
337 0.425576
338 0.426217
339 0.426437
340 0.426765
341 0.427295
342 0.428608
343 0.428773
344 0.429087
345 0.429873
346 0.429779
347 0.430712
348 0.431258
349 0.431522
350 0.431969
351 0.432681
352 0.43314
353 0.433726
354 0.433961
355 0.434557
356 0.43508
357 0.435006
358 0.436078
359 0.435743
360 0.436833
361 0.43772
362 0.437862
363 0.438944
364 0.438878
365 0.439437
366 0.440076
367 0.440625
368 0.441038
369 0.441704
370 0.44193
371 0.44274
372 0.442982
373 0.443617
374 0.44421
375 0.444585
376 0.445025
377 0.445324
378 0.445619
379 0.445907
380 0.446736
381 0.447584
382 0.447131
383 0.447798
384 0.448112
385 0.449186
386 0.449168
387 0.449809
388 0.450176
389 0.450722
390 0.450747
391 0.45196
392 0.452573
393 0.453109
394 0.45329
395 0.453305
396 0.454352
397 0.454198
398 0.454772
399 0.455018
400 0.455215
