1 0.0722765
2 0.122517
3 0.0571681
4 0.089681
5 0.0477472
6 0.0716104
7 0.0412607
8 0.0600459
9 0.0364192
10 0.0516493
11 0.0326063
12 0.0455404
13 0.0296432
14 0.0406407
15 0.0269901
16 0.0366101
17 0.0248577
18 0.03339
19 0.0230855
20 0.0306411
21 0.0216185
22 0.0283262
23 0.0202738
24 0.0263005
25 0.0189919
26 0.0220611
27 0.0182243
28 0.0195828
29 0.0171703
30 0.0180288
31 0.0163975
32 0.0168276
33 0.0162707
34 0.016019
35 0.0150908
36 0.0154506
37 0.0147127
38 0.0149388
39 0.0141735
40 0.0142432
41 0.0136126
42 0.0139064
43 0.0134508
44 0.0133926
45 0.0132153
46 0.0128408
47 0.0124219
48 0.0128813
49 0.0120942
50 0.0121447
51 0.0120945
52 0.0118588
53 0.0116285
54 0.0116716
55 0.0111564
56 0.0111938
57 0.011047
58 0.0110062
59 0.0105892
60 0.0107512
61 0.0102709
62 0.0102656
63 0.010197
64 0.0100335
65 0.00982516
66 0.0097936
67 0.00945129
68 0.00956907
69 0.00934444
70 0.00919032
71 0.00900737
72 0.00911663
73 0.00885398
74 0.00877421
75 0.00862539
76 0.0085943
77 0.00834062
78 0.00846089
79 0.00823294
80 0.0081573
81 0.00802925
82 0.00794918
83 0.00782378
84 0.00783826
85 0.0076063
86 0.00762699
87 0.00751579
88 0.00747176
89 0.00728362
90 0.00729634
91 0.00711869
92 0.00714827
93 0.00707946
94 0.00698101
95 0.00683731
96 0.00688589
97 0.00670603
98 0.00672987
99 0.00661585
100 0.00659792
101 0.00645987
102 0.00647221
103 0.00637879
104 0.00634128
105 0.00627155
106 0.00620896
107 0.00614113
108 0.00617465
109 0.00601716
110 0.00601295
111 0.00595618
112 0.00590837
113 0.00584647
114 0.00585062
115 0.00571986
116 0.00571631
117 0.00564842
118 0.00563643
119 0.0055253
120 0.00555062
121 0.00545858
122 0.00542741
123 0.00541121
124 0.00536647
125 0.00528309
126 0.00528393
127 0.00520462
128 0.00522997
129 0.00516195
130 0.00512299
131 0.00507242
132 0.00507594
133 0.00500799
134 0.00497355
135 0.00494698
136 0.00492969
137 0.00486194
138 0.00488366
139 0.00479251
140 0.00478988
141 0.00473876
142 0.00472142
143 0.00467356
144 0.00467617
145 0.00459878
146 0.00460009
147 0.00455996
148 0.00456152
149 0.00450948
150 0.00449406
151 0.00443061
152 0.00444243
153 0.0044131
154 0.00438683
155 0.00434257
156 0.00434858
157 0.00430169
158 0.00429176
159 0.00426337
160 0.00422762
161 0.00418287
162 0.00417995
163 0.00414685
164 0.00414163
165 0.00409406
166 0.00408155
167 0.00404286
168 0.00406363
169 0.00399691
170 0.00400458
171 0.00396561
172 0.00395591
173 0.0039248
174 0.00392291
175 0.00388678
176 0.00388049
177 0.00386007
178 0.0038432
179 0.00380311
180 0.00381383
181 0.00376556
182 0.00375751
183 0.00374975
184 0.00373258
185 0.00368933
186 0.0036856
187 0.00365158
188 0.00365241
189 0.00361768
190 0.0035958
191 0.00357738
192 0.00356395
193 0.0035381
194 0.00352413
195 0.00350765
196 0.00349747
197 0.00346693
198 0.00346907
199 0.00342536
200 0.00341927
201 0.0033978
202 0.00338837
203 0.00336247
204 0.00336665
205 0.00332982
206 0.00331791
207 0.00330161
208 0.00329221
209 0.0032611
210 0.00326227
211 0.00322879
212 0.00322326
213 0.00320618
214 0.00318945
215 0.00316638
216 0.00317329
217 0.0031497
218 0.00315389
219 0.00312807
220 0.00311899
221 0.00309896
222 0.00309309
223 0.00307276
224 0.00306366
225 0.00305472
226 0.00305521
227 0.00302683
228 0.00303992
229 0.0029995
230 0.00299138
231 0.00298265
232 0.00296178
233 0.00295806
234 0.00294868
235 0.00292897
236 0.00292472
237 0.00290406
238 0.00289746
239 0.0028789
240 0.00288271
241 0.00286148
242 0.00284735
243 0.00283715
244 0.00283014
245 0.00281121
246 0.00280888
247 0.0027933
248 0.00279237
249 0.0027713
250 0.00276435
251 0.00274373
252 0.00274375
253 0.00272556
254 0.00272436
255 0.00270422
256 0.00269613
257 0.00269031
258 0.00269038
259 0.00267172
260 0.00266248
261 0.00265307
262 0.00263792
263 0.00262089
264 0.00262151
265 0.00260229
266 0.00260721
267 0.00259022
268 0.00259211
269 0.00257136
270 0.00257033
271 0.00255011
272 0.00254792
273 0.00253933
274 0.00252847
275 0.00251632
276 0.00251173
277 0.00249674
278 0.00248983
279 0.00247555
280 0.00247083
281 0.00245982
282 0.00246236
283 0.0024479
284 0.00244092
285 0.00243956
286 0.00242791
287 0.0024186
288 0.00242537
289 0.00240864
290 0.00239452
291 0.00238229
292 0.00238235
293 0.00237289
294 0.00236912
295 0.00234865
296 0.00235233
297 0.00233586
298 0.00233131
299 0.00232285
300 0.00232532
301 0.00231157
302 0.00230811
303 0.00230367
304 0.00229015
305 0.00227799
306 0.00227774
307 0.00226468
308 0.00226747
309 0.00225525
310 0.00225583
311 0.00223965
312 0.00223833
313 0.00222773
314 0.00222605
315 0.00221553
316 0.00220612
317 0.00219672
318 0.002198
319 0.00218577
320 0.00218759
321 0.00217808
322 0.00217002
323 0.00216471
324 0.00216044
325 0.00214846
326 0.00214237
327 0.00213613
328 0.00213548
329 0.00212347
330 0.0021251
331 0.00211716
332 0.00211129
333 0.0021032
334 0.00209183
335 0.00208576
336 0.00208253
337 0.0020753
338 0.00207077
339 0.00206463
340 0.00206097
341 0.00205524
342 0.00204883
343 0.00204169
344 0.00203723
345 0.00203084
346 0.00202543
347 0.0020194
348 0.00202213
349 0.00200713
350 0.00200375
351 0.00199638
352 0.00199259
353 0.00198301
354 0.0019826
355 0.00197079
356 0.00197206
357 0.00196602
358 0.00196393
359 0.00195178
360 0.00195493
361 0.00194361
362 0.00194578
363 0.0019426
364 0.00193129
365 0.00192613
366 0.00192805
367 0.00192108
368 0.00192118
369 0.0019105
370 0.00190893
371 0.00190336
372 0.00190133
373 0.00189832
374 0.00188852
375 0.00188513
376 0.00188707
377 0.00188102
378 0.00187717
379 0.00187199
380 0.00186804
381 0.00186264
382 0.00185892
383 0.00185116
384 0.00185421
385 0.00184294
386 0.00184184
387 0.00183643
388 0.00183548
389 0.00182304
390 0.00181993
391 0.0018151
392 0.00181068
393 0.0018098
394 0.00180544
395 0.00179524
396 0.00179695
397 0.00178554
398 0.00178671
399 0.00177941
400 0.00177734
