1 0.499588
2 0.500228
3 0.500096
4 0.500138
5 0.499948
6 0.499966
7 0.500015
8 0.499917
9 0.499757
10 0.499832
11 0.499851
12 0.499891
13 0.499892
14 0.499929
15 0.499955
16 0.510396
17 0.519573
18 0.527754
19 0.53508
20 0.541928
21 0.548494
22 0.555023
23 0.561759
24 0.568755
25 0.575802
26 0.582883
27 0.589645
28 0.596473
29 0.602912
30 0.609157
31 0.615464
32 0.62138
33 0.627218
34 0.632574
35 0.638081
36 0.643374
37 0.648384
38 0.65317
39 0.657715
40 0.662192
41 0.666299
42 0.670373
43 0.673992
44 0.67769
45 0.681081
46 0.684325
47 0.687276
48 0.690277
49 0.693069
50 0.69559
51 0.697896
52 0.70042
53 0.702643
54 0.704695
55 0.706685
56 0.708514
57 0.710093
58 0.712024
59 0.713695
60 0.715226
61 0.71674
62 0.718205
63 0.719473
64 0.720934
65 0.722206
66 0.723535
67 0.724644
68 0.725775
69 0.726965
70 0.728146
71 0.72935
72 0.730557
73 0.731922
74 0.732808
75 0.733902
76 0.73503
77 0.736081
78 0.737155
79 0.738206
80 0.739313
81 0.740457
82 0.741407
83 0.742443
84 0.743474
85 0.744628
86 0.745653
87 0.746623
88 0.747678
89 0.748656
90 0.749786
91 0.750736
92 0.751762
93 0.752649
94 0.7537
95 0.754637
96 0.755613
97 0.756555
98 0.757523
99 0.75841
100 0.759195
101 0.760079
102 0.761012
103 0.761829
104 0.762501
105 0.763197
106 0.764026
107 0.764834
108 0.765518
109 0.766327
110 0.767131
111 0.767827
112 0.768542
113 0.769236
114 0.769899
115 0.770616
116 0.771204
117 0.771784
118 0.772503
119 0.773052
120 0.773591
121 0.774135
122 0.774619
123 0.775122
124 0.775605
125 0.776061
126 0.7765
127 0.776695
128 0.777172
129 0.777561
130 0.777671
131 0.778024
132 0.77835
133 0.778621
134 0.778914
135 0.779239
136 0.779491
137 0.779868
138 0.780159
139 0.780459
140 0.780785
141 0.781009
142 0.781306
143 0.781597
144 0.78189
145 0.782165
146 0.782427
147 0.782694
148 0.782976
149 0.783228
150 0.783459
151 0.783711
152 0.783984
153 0.784198
154 0.78448
155 0.784672
156 0.784927
157 0.785149
158 0.785345
159 0.785568
160 0.785785
161 0.785989
162 0.786184
163 0.786346
164 0.786539
165 0.786747
166 0.786931
167 0.787156
168 0.787357
169 0.787544
170 0.787931
171 0.787757
172 0.788297
173 0.788404
174 0.788606
175 0.788871
176 0.789091
177 0.789346
178 0.789558
179 0.789797
180 0.790081
181 0.790325
182 0.790584
183 0.79081
184 0.791111
185 0.791371
186 0.791624
187 0.791909
188 0.792201
189 0.792473
190 0.792753
191 0.793024
192 0.79333
193 0.793604
194 0.793936
195 0.794165
196 0.794537
197 0.794781
198 0.79512
199 0.795481
200 0.795769
201 0.796062
202 0.79638
203 0.796721
204 0.79706
205 0.797441
206 0.797665
207 0.797987
208 0.798331
209 0.798689
210 0.799
211 0.799322
212 0.799651
213 0.799981
214 0.800333
215 0.800691
216 0.801024
217 0.801329
218 0.801669
219 0.802009
220 0.802431
221 0.802711
222 0.803069
223 0.803389
224 0.803731
225 0.804064
226 0.804417
227 0.804789
228 0.80505
229 0.805427
230 0.805767
231 0.806094
232 0.80644
233 0.806743
234 0.807077
235 0.807401
236 0.807748
237 0.808081
238 0.808395
239 0.808694
240 0.809037
241 0.809429
242 0.80967
243 0.809992
244 0.810299
245 0.810599
246 0.810911
247 0.811256
248 0.811571
249 0.811867
250 0.812142
251 0.812464
252 0.812839
253 0.81306
254 0.813255
255 0.813898
256 0.814008
257 0.814102
258 0.814728
259 0.814942
260 0.815159
261 0.815476
262 0.815823
263 0.816094
264 0.816322
265 0.816635
266 0.816938
267 0.817224
268 0.817478
269 0.817774
270 0.818061
271 0.818351
272 0.818595
273 0.818807
274 0.819143
275 0.819416
276 0.819699
277 0.819946
278 0.820199
279 0.820475
280 0.820737
281 0.820986
282 0.821252
283 0.821503
284 0.821743
285 0.82205
286 0.82228
287 0.822536
288 0.822775
289 0.823031
290 0.82327
291 0.823518
292 0.823785
293 0.823999
294 0.824261
295 0.824491
296 0.824727
297 0.824953
298 0.825204
299 0.82545
300 0.825659
301 0.825904
302 0.826118
303 0.826366
304 0.826595
305 0.826808
306 0.827018
307 0.827329
308 0.827524
309 0.827695
310 0.82794
311 0.828168
312 0.828379
313 0.828571
314 0.828815
315 0.828957
316 0.82924
317 0.829439
318 0.829663
319 0.829877
320 0.830089
321 0.830294
322 0.830501
323 0.830712
324 0.830922
325 0.831137
326 0.831301
327 0.831544
328 0.831733
329 0.831961
330 0.83212
331 0.83233
332 0.832527
333 0.832706
334 0.832901
335 0.833112
336 0.833308
337 0.833497
338 0.83366
339 0.833913
340 0.834091
341 0.834138
342 0.834485
343 0.834618
344 0.834813
345 0.83502
346 0.835168
347 0.83538
348 0.835553
349 0.835746
350 0.835902
351 0.836092
352 0.836269
353 0.836451
354 0.83662
355 0.836811
356 0.83698
357 0.837159
358 0.83733
359 0.837505
360 0.837674
361 0.837857
362 0.838017
363 0.838186
364 0.838371
365 0.83852
366 0.838668
367 0.838866
368 0.839045
369 0.839192
370 0.839366
371 0.839544
372 0.839715
373 0.839856
374 0.840046
375 0.840197
376 0.840354
377 0.840523
378 0.840685
379 0.840852
380 0.840981
381 0.841128
382 0.84129
383 0.841463
384 0.841601
385 0.841733
386 0.841911
387 0.842051
388 0.842227
389 0.842358
390 0.842494
391 0.842682
392 0.842828
393 0.842974
394 0.843131
395 0.84326
396 0.843416
397 0.843574
398 0.84374
399 0.843864
400 0.844005
