1 0.067145
2 0.066674
3 0.065922
4 0.066633
5 0.066633
6 0.067125
7 0.066354
8 0.066671
9 0.066689
10 0.066685
11 0.066546
12 0.066849
13 0.066432
14 0.066752
15 0.06689
16 0.066814
17 0.066257
18 0.066861
19 0.067077
20 0.066591
21 0.066568
22 0.067044
23 0.066483
24 0.066924
25 0.066515
26 0.067145
27 0.098472
28 0.11462
29 0.123246
30 0.128031
31 0.130603
32 0.131786
33 0.132622
34 0.132968
35 0.132943
36 0.133063
37 0.133104
38 0.133226
39 0.133111
40 0.133024
41 0.132817
42 0.132916
43 0.132944
44 0.132974
45 0.133197
46 0.133378
47 0.133429
48 0.134192
49 0.134495
50 0.135672
51 0.136326
52 0.137019
53 0.137797
54 0.138554
55 0.139366
56 0.13987
57 0.140697
58 0.141294
59 0.141788
60 0.14253
61 0.143267
62 0.14396
63 0.144579
64 0.145114
65 0.145613
66 0.145875
67 0.14616
68 0.146489
69 0.146957
70 0.14759
71 0.148305
72 0.149225
73 0.150556
74 0.15251
75 0.155481
76 0.157302
77 0.158575
78 0.159834
79 0.161098
80 0.162132
81 0.162992
82 0.163706
83 0.164454
84 0.165344
85 0.166153
86 0.166846
87 0.167345
88 0.16798
89 0.168623
90 0.169071
91 0.169213
92 0.16855
93 0.168562
94 0.168661
95 0.168826
96 0.16941
97 0.17037
98 0.171728
99 0.173575
100 0.176586
101 0.178311
102 0.179206
103 0.179732
104 0.179707
105 0.180144
106 0.180547
107 0.180662
108 0.180738
109 0.180582
110 0.18045
111 0.17995
112 0.179197
113 0.178784
114 0.178286
115 0.177922
116 0.177203
117 0.176557
118 0.175956
119 0.175468
120 0.175148
121 0.174116
122 0.174364
123 0.174855
124 0.175812
125 0.177783
126 0.178322
127 0.178493
128 0.178274
129 0.17756
130 0.176927
131 0.176123
132 0.175251
133 0.174001
134 0.172672
135 0.171214
136 0.169545
137 0.168137
138 0.166497
139 0.164933
140 0.163627
141 0.161637
142 0.160458
143 0.159465
144 0.156881
145 0.155813
146 0.154042
147 0.153411
148 0.153187
149 0.153345
150 0.153838
151 0.153957
152 0.153935
153 0.153462
154 0.153055
155 0.152146
156 0.150788
157 0.149435
158 0.147703
159 0.14581
160 0.14363
161 0.141741
162 0.140046
163 0.138557
164 0.137053
165 0.135859
166 0.134521
167 0.133528
168 0.13245
169 0.131725
170 0.130921
171 0.13078
172 0.130608
173 0.130683
174 0.130802
175 0.131486
176 0.131869
177 0.130638
178 0.130475
179 0.130387
180 0.13022
181 0.129496
182 0.128873
183 0.127221
184 0.126074
185 0.124358
186 0.123828
187 0.12317
188 0.122124
189 0.12163
190 0.121258
191 0.120646
192 0.120182
193 0.119987
194 0.118243
195 0.118075
196 0.118566
197 0.11733
198 0.117799
199 0.118491
200 0.119377
201 0.120317
202 0.121443
203 0.12265
204 0.123516
205 0.124238
206 0.124889
207 0.125459
208 0.124769
209 0.124697
210 0.125015
211 0.124698
212 0.125026
213 0.125549
214 0.12577
215 0.125057
216 0.125616
217 0.126029
218 0.126467
219 0.124983
220 0.125493
221 0.125645
222 0.126531
223 0.12728
224 0.126816
225 0.127212
226 0.127788
227 0.129403
228 0.130055
229 0.131134
230 0.133198
231 0.134877
232 0.136567
233 0.137438
234 0.139356
235 0.141325
236 0.142759
237 0.143396
238 0.143963
239 0.145352
240 0.146
241 0.147223
242 0.147245
243 0.147703
244 0.147392
245 0.148311
246 0.149087
247 0.149337
248 0.150204
249 0.151267
250 0.151538
251 0.153266
252 0.154097
253 0.156288
254 0.1586
255 0.160995
256 0.162312
257 0.16466
258 0.167093
259 0.169807
260 0.172796
261 0.175223
262 0.17715
263 0.177312
264 0.177873
265 0.179827
266 0.181414
267 0.182842
268 0.183989
269 0.185554
270 0.182553
271 0.183591
272 0.184808
273 0.185995
274 0.187555
275 0.189183
276 0.191003
277 0.191432
278 0.191605
279 0.194232
280 0.197074
281 0.199954
282 0.202794
283 0.206458
284 0.207231
285 0.210238
286 0.213098
287 0.213817
288 0.21669
289 0.219071
290 0.221444
291 0.223614
292 0.220703
293 0.22236
294 0.224455
295 0.226749
296 0.228331
297 0.21944
298 0.221194
299 0.222866
300 0.21761
301 0.219782
302 0.222195
303 0.225089
304 0.228138
305 0.231041
306 0.234361
307 0.230567
308 0.234803
309 0.233842
310 0.237749
311 0.241494
312 0.245401
313 0.249172
314 0.252415
315 0.255614
316 0.258519
317 0.261642
318 0.26438
319 0.264991
320 0.26793
321 0.270656
322 0.275038
323 0.277668
324 0.280366
325 0.283705
326 0.286558
327 0.289662
328 0.293084
329 0.295772
330 0.299248
331 0.303144
332 0.309183
333 0.313806
334 0.318863
335 0.322942
336 0.326833
337 0.33101
338 0.334848
339 0.338579
340 0.341998
341 0.344229
342 0.348021
343 0.351501
344 0.355063
345 0.35862
346 0.361682
347 0.366485
348 0.370822
349 0.374202
350 0.378582
351 0.38217
352 0.385591
353 0.388937
354 0.391816
355 0.395198
356 0.398288
357 0.403175
358 0.407089
359 0.411398
360 0.414882
361 0.418016
362 0.421123
363 0.424427
364 0.427459
365 0.430546
366 0.433527
367 0.435877
368 0.438568
369 0.441667
370 0.444498
371 0.446947
372 0.450426
373 0.453504
374 0.456247
375 0.459077
376 0.461398
377 0.463637
378 0.46574
379 0.468199
380 0.47032
381 0.472241
382 0.474438
383 0.475949
384 0.477857
385 0.480138
386 0.481902
387 0.484037
388 0.485871
389 0.487626
390 0.489229
391 0.491096
392 0.492985
393 0.49488
394 0.496694
395 0.498148
396 0.499358
397 0.501068
398 0.502673
399 0.504019
400 0.505282
