1 0.458075
2 0.33819
3 0.264409
4 0.23408
5 0.212274
6 0.198327
7 0.184058
8 0.176244
9 0.167554
10 0.160079
11 0.155456
12 0.150199
13 0.145227
14 0.142203
15 0.138689
16 0.135482
17 0.132899
18 0.130529
19 0.12838
20 0.126247
21 0.12405
22 0.122732
23 0.121377
24 0.119682
25 0.118336
26 0.11748
27 0.116846
28 0.115926
29 0.115637
30 0.115104
31 0.114958
32 0.114521
33 0.114322
34 0.113941
35 0.113729
36 0.113658
37 0.11355
38 0.113614
39 0.113504
40 0.113423
41 0.113197
42 0.113357
43 0.11328
44 0.113425
45 0.11335
46 0.113538
47 0.113551
48 0.11354
49 0.113677
50 0.113694
51 0.113627
52 0.113728
53 0.113996
54 0.11408
55 0.114009
56 0.114029
57 0.114114
58 0.114397
59 0.114281
60 0.114439
61 0.114398
62 0.114525
63 0.11448
64 0.114553
65 0.114726
66 0.114864
67 0.114857
68 0.114917
69 0.115061
70 0.115053
71 0.11523
72 0.115131
73 0.115234
74 0.115268
75 0.115366
76 0.115368
77 0.115563
78 0.115591
79 0.115581
80 0.115749
81 0.115794
82 0.115815
83 0.115972
84 0.115873
85 0.115866
86 0.115921
87 0.116118
88 0.116174
89 0.11621
90 0.116315
91 0.116256
92 0.116398
93 0.116713
94 0.116474
95 0.116436
96 0.116561
97 0.116742
98 0.116574
99 0.11672
100 0.116723
101 0.11669
102 0.116867
103 0.116857
104 0.116966
105 0.116921
106 0.116995
107 0.117018
108 0.117129
109 0.117031
110 0.117209
111 0.117212
112 0.117195
113 0.117266
114 0.117455
115 0.117403
116 0.117405
117 0.117333
118 0.117433
119 0.117407
120 0.117569
121 0.117643
122 0.117538
123 0.117626
124 0.117511
125 0.11766
126 0.117504
127 0.117746
128 0.117712
129 0.117742
130 0.117827
131 0.117844
132 0.117982
133 0.117838
134 0.117903
135 0.118024
136 0.118019
137 0.11796
138 0.117962
139 0.117995
140 0.118083
141 0.118154
142 0.118077
143 0.118114
144 0.118129
145 0.118161
146 0.118089
147 0.118079
148 0.118182
149 0.118191
150 0.118238
151 0.11822
152 0.118335
153 0.118344
154 0.118324
155 0.118331
156 0.118355
157 0.118374
158 0.118358
159 0.118432
160 0.118395
161 0.118405
162 0.118428
163 0.118462
164 0.118518
165 0.118559
166 0.118543
167 0.11849
168 0.118541
169 0.118593
170 0.118539
171 0.118758
172 0.118575
173 0.1186
174 0.118647
175 0.118652
176 0.118672
177 0.118707
178 0.118725
179 0.118678
180 0.118672
181 0.11864
182 0.118663
183 0.118753
184 0.118749
185 0.11876
186 0.118824
187 0.11878
188 0.118827
189 0.118725
190 0.118686
191 0.118835
192 0.118808
193 0.118822
194 0.118821
195 0.118832
196 0.11886
197 0.118867
198 0.118921
199 0.11887
200 0.118992
201 0.118932
202 0.118926
203 0.11894
204 0.11893
205 0.118708
206 0.118944
207 0.118985
208 0.118916
209 0.118982
210 0.11905
211 0.118982
212 0.118994
213 0.11908
214 0.118952
215 0.118952
216 0.119047
217 0.118999
218 0.118993
219 0.119004
220 0.119008
221 0.119036
222 0.119052
223 0.119078
224 0.119106
225 0.119077
226 0.119093
227 0.119134
228 0.119101
229 0.119051
230 0.119136
231 0.119089
232 0.119152
233 0.119076
234 0.119199
235 0.119105
236 0.11915
237 0.119134
238 0.119149
239 0.119103
240 0.11924
241 0.119243
242 0.119149
243 0.119233
244 0.119189
245 0.119188
246 0.119129
247 0.119184
248 0.11919
249 0.119234
250 0.119157
251 0.119216
252 0.119194
253 0.119234
254 0.119199
255 0.119232
256 0.119298
257 0.119187
258 0.119248
259 0.119198
260 0.119248
261 0.119305
262 0.119254
263 0.119285
264 0.119268
265 0.11923
266 0.11922
267 0.119336
268 0.119259
269 0.119245
270 0.119312
271 0.119313
272 0.119244
273 0.119271
274 0.119251
275 0.119312
276 0.119331
277 0.119299
278 0.119317
279 0.119313
280 0.119326
281 0.119334
282 0.119344
283 0.119328
284 0.119385
285 0.119314
286 0.119347
287 0.119313
288 0.11935
289 0.119296
290 0.119378
291 0.119396
292 0.119357
293 0.119335
294 0.119321
295 0.119363
296 0.119357
297 0.119361
298 0.119355
299 0.119292
300 0.119352
301 0.119363
302 0.119342
303 0.119414
304 0.119394
305 0.119416
306 0.119323
307 0.119319
308 0.119417
309 0.119389
310 0.119362
311 0.119411
312 0.119389
313 0.119333
314 0.119363
315 0.119313
316 0.119329
317 0.119335
318 0.119478
319 0.119418
320 0.119389
321 0.119381
322 0.119474
323 0.11942
324 0.119434
325 0.119411
326 0.119424
327 0.119452
328 0.119384
329 0.119412
330 0.119378
331 0.119432
332 0.11938
333 0.119524
334 0.119471
335 0.119413
336 0.119437
337 0.119428
338 0.119454
339 0.119425
340 0.119378
341 0.119717
342 0.119643
343 0.119441
344 0.119382
345 0.119477
346 0.119444
347 0.119449
348 0.119432
349 0.119387
350 0.119458
351 0.119479
352 0.119487
353 0.119451
354 0.11949
355 0.11947
356 0.119442
357 0.119406
358 0.119504
359 0.119488
360 0.119457
361 0.119503
362 0.119346
363 0.119424
364 0.119488
365 0.119507
366 0.119486
367 0.119501
368 0.119451
369 0.119414
370 0.119485
371 0.119451
372 0.119483
373 0.11947
374 0.119446
375 0.119439
376 0.119457
377 0.119482
378 0.119412
379 0.119453
380 0.119441
381 0.119436
382 0.119471
383 0.119512
384 0.119389
385 0.119522
386 0.119432
387 0.119436
388 0.119455
389 0.119445
390 0.11946
391 0.11941
392 0.11947
393 0.119487
394 0.119515
395 0.119407
396 0.119493
397 0.119452
398 0.119493
399 0.119426
400 0.119483
