1 0.178311
2 0.14699
3 0.189698
4 0.113123
5 0.0848578
6 0.06975
7 0.0893575
8 0.0818847
9 0.0613399
10 0.0755879
11 0.0706375
12 0.0549292
13 0.0663153
14 0.0627045
15 0.050175
16 0.0593275
17 0.0540673
18 0.0460932
19 0.0538151
20 0.0498318
21 0.0656828
22 0.0492737
23 0.0473972
24 0.0598175
25 0.0455503
26 0.0422027
27 0.0370373
28 0.04036
29 0.0380534
30 0.036682
31 0.035374
32 0.0354817
33 0.0338736
34 0.0340292
35 0.03292
36 0.0317938
37 0.031833
38 0.0310263
39 0.031181
40 0.0301374
41 0.0296573
42 0.0291311
43 0.0288322
44 0.0281863
45 0.0279421
46 0.0275649
47 0.0268777
48 0.0265164
49 0.0263308
50 0.0258355
51 0.0255739
52 0.0252152
53 0.0248573
54 0.0246929
55 0.0244777
56 0.0239051
57 0.0237529
58 0.0236076
59 0.0232537
60 0.0231054
61 0.0226321
62 0.0224638
63 0.0222203
64 0.0219514
65 0.0216653
66 0.0215638
67 0.0213148
68 0.0210667
69 0.0209468
70 0.0206438
71 0.0204278
72 0.0202637
73 0.0200127
74 0.0198172
75 0.0196178
76 0.0193911
77 0.019239
78 0.0191093
79 0.0188616
80 0.0187598
81 0.0186399
82 0.0183336
83 0.0182147
84 0.0180882
85 0.0179152
86 0.0176887
87 0.0177049
88 0.0174259
89 0.0173492
90 0.0171619
91 0.0170965
92 0.0169675
93 0.0168306
94 0.0166483
95 0.0165243
96 0.0164391
97 0.0162484
98 0.0160814
99 0.0160921
100 0.0158947
101 0.0158008
102 0.0156403
103 0.0156004
104 0.0154544
105 0.0153189
106 0.0152594
107 0.0151129
108 0.0150396
109 0.0149466
110 0.0148093
111 0.0146994
112 0.014584
113 0.0144619
114 0.014404
115 0.0143421
116 0.0142121
117 0.0140926
118 0.0140083
119 0.0139231
120 0.013794
121 0.0137821
122 0.0136489
123 0.0136286
124 0.0134933
125 0.0133957
126 0.0133807
127 0.0132674
128 0.0131855
129 0.0130969
130 0.0130139
131 0.0129414
132 0.0129782
133 0.0128162
134 0.0127561
135 0.0126164
136 0.0126229
137 0.0124962
138 0.012431
139 0.0123574
140 0.0123493
141 0.0122617
142 0.0121482
143 0.012153
144 0.0120078
145 0.0119768
146 0.0119246
147 0.0118421
148 0.0117954
149 0.0117999
150 0.0116498
151 0.0116235
152 0.0115538
153 0.0114974
154 0.0113763
155 0.0114104
156 0.0113114
157 0.0112777
158 0.0111948
159 0.0112106
160 0.0110889
161 0.0111146
162 0.0110087
163 0.0109444
164 0.010933
165 0.0108616
166 0.0107803
167 0.0107322
168 0.0107052
169 0.0106341
170 0.0106034
171 0.0105433
172 0.0105559
173 0.0104242
174 0.0104247
175 0.0104267
176 0.0103274
177 0.0102349
178 0.0102793
179 0.010201
180 0.0102003
181 0.0100952
182 0.010063
183 0.00998005
184 0.0100093
185 0.0100166
186 0.00990878
187 0.00984748
188 0.00981223
189 0.00979672
190 0.00973115
191 0.00964222
192 0.00965962
193 0.00966862
194 0.00954943
195 0.00955811
196 0.00946009
197 0.00940727
198 0.00945615
199 0.0094283
200 0.00936359
201 0.00928975
202 0.0092804
203 0.00927025
204 0.00917842
205 0.00917147
206 0.00911392
207 0.00915437
208 0.00908949
209 0.00907357
210 0.00903991
211 0.00904014
212 0.00894225
213 0.00888721
214 0.00889478
215 0.00888513
216 0.00883877
217 0.00878321
218 0.00878107
219 0.00873702
220 0.0086818
221 0.00866334
222 0.00865529
223 0.00862094
224 0.00860911
225 0.00859966
226 0.00855714
227 0.00847683
228 0.0084885
229 0.00843009
230 0.00841453
231 0.00842447
232 0.0083566
233 0.00835208
234 0.00830568
235 0.00822347
236 0.0082741
237 0.00825788
238 0.00818232
239 0.00818183
240 0.00814733
241 0.00817278
242 0.00812263
243 0.00807171
244 0.00801744
245 0.00804747
246 0.00796761
247 0.0080105
248 0.00798574
249 0.00790559
250 0.00789992
251 0.00791537
252 0.00786098
253 0.00778332
254 0.00771923
255 0.00780602
256 0.00777021
257 0.00773805
258 0.00770837
259 0.00771498
260 0.00761967
261 0.00764002
262 0.00760401
263 0.00764062
264 0.00760893
265 0.00754839
266 0.00756237
267 0.00752659
268 0.00751748
269 0.007497
270 0.00742505
271 0.00740867
272 0.00740996
273 0.00742715
274 0.00738904
275 0.00736352
276 0.00731685
277 0.00732438
278 0.00730378
279 0.00731097
280 0.00725905
281 0.00727479
282 0.00721861
283 0.00723084
284 0.00714968
285 0.00716562
286 0.0071323
287 0.00711404
288 0.00710806
289 0.00709672
290 0.00709057
291 0.00701846
292 0.00703427
293 0.00697606
294 0.00699381
295 0.00694848
296 0.00697226
297 0.00691274
298 0.00694224
299 0.00693412
300 0.00687525
301 0.00688289
302 0.00683611
303 0.00684242
304 0.00681361
305 0.00681167
306 0.00678442
307 0.00680399
308 0.00671841
309 0.0067563
310 0.00670829
311 0.00668121
312 0.0066836
313 0.00666643
314 0.00666072
315 0.00669782
316 0.00665924
317 0.00662397
318 0.0066058
319 0.00658619
320 0.0065521
321 0.00654619
322 0.00655712
323 0.00652368
324 0.00653742
325 0.00648181
326 0.00644283
327 0.00646036
328 0.00643397
329 0.0064065
330 0.00640928
331 0.00640255
332 0.00635333
333 0.00641345
334 0.00638242
335 0.00637333
336 0.00635802
337 0.00633151
338 0.00627819
339 0.00627309
340 0.00625073
341 0.00629257
342 0.00622409
343 0.00624075
344 0.00618929
345 0.00621402
346 0.00619728
347 0.00619837
348 0.00615282
349 0.00615984
350 0.00612628
351 0.00613678
352 0.00609242
353 0.00609492
354 0.00608068
355 0.00610161
356 0.00606526
357 0.00605644
358 0.0060334
359 0.00602305
360 0.00600818
361 0.00601191
362 0.00597085
363 0.00598485
364 0.00594571
365 0.00592851
366 0.00592938
367 0.00592824
368 0.00593087
369 0.00591521
370 0.00590401
371 0.0058887
372 0.00586139
373 0.00587404
374 0.00584195
375 0.00582863
376 0.00582255
377 0.00580432
378 0.00577599
379 0.00577713
380 0.00578116
381 0.00576498
382 0.00574017
383 0.00575699
384 0.00573401
385 0.00572169
386 0.00571094
387 0.00570064
388 0.00566659
389 0.00568784
390 0.00567741
391 0.00562242
392 0.00564588
393 0.00566852
394 0.00564471
395 0.00558671
396 0.00561395
397 0.00559358
398 0.00556489
399 0.00559428
400 0.0055564
