1 0.573871
2 0.573749
3 0.608998
4 0.608791
5 0.633167
6 0.633047
7 0.651692
8 0.652345
9 0.668161
10 0.667979
11 0.681734
12 0.681862
13 0.694018
14 0.693977
15 0.704634
16 0.704566
17 0.713781
18 0.713745
19 0.721784
20 0.722224
21 0.72972
22 0.729908
23 0.736825
24 0.736919
25 0.743505
26 0.744097
27 0.749728
28 0.750178
29 0.754959
30 0.755945
31 0.759696
32 0.761097
33 0.763984
34 0.765629
35 0.767871
36 0.769435
37 0.772034
38 0.773375
39 0.775776
40 0.777116
41 0.779162
42 0.780868
43 0.782644
44 0.783804
45 0.785644
46 0.786849
47 0.788616
48 0.789873
49 0.791369
50 0.792648
51 0.794079
52 0.795452
53 0.797216
54 0.798455
55 0.799725
56 0.800672
57 0.802245
58 0.803452
59 0.804492
60 0.805583
61 0.807161
62 0.80809
63 0.809339
64 0.810297
65 0.811468
66 0.812455
67 0.813471
68 0.814426
69 0.815423
70 0.816315
71 0.817225
72 0.818245
73 0.819419
74 0.820244
75 0.821198
76 0.822154
77 0.822967
78 0.824013
79 0.824723
80 0.825512
81 0.826408
82 0.82729
83 0.828188
84 0.828673
85 0.829717
86 0.830199
87 0.831116
88 0.831776
89 0.83247
90 0.833093
91 0.833884
92 0.834594
93 0.835245
94 0.836043
95 0.836722
96 0.837603
97 0.838265
98 0.838866
99 0.839514
100 0.840145
101 0.840865
102 0.841331
103 0.84213
104 0.842704
105 0.843377
106 0.84385
107 0.844544
108 0.844975
109 0.84576
110 0.846389
111 0.846912
112 0.847218
113 0.848126
114 0.848635
115 0.849066
116 0.849467
117 0.85024
118 0.850671
119 0.851255
120 0.851692
121 0.852163
122 0.852697
123 0.853289
124 0.853643
125 0.854092
126 0.854615
127 0.855314
128 0.855691
129 0.856087
130 0.856394
131 0.856934
132 0.857229
133 0.857602
134 0.858136
135 0.858507
136 0.858972
137 0.859472
138 0.859927
139 0.860428
140 0.860681
141 0.861224
142 0.861584
143 0.86209
144 0.86254
145 0.86294
146 0.863339
147 0.86386
148 0.864214
149 0.864482
150 0.864914
151 0.865239
152 0.865601
153 0.865982
154 0.866265
155 0.86678
156 0.866983
157 0.867489
158 0.867752
159 0.868289
160 0.868565
161 0.868945
162 0.869201
163 0.869448
164 0.869855
165 0.870362
166 0.870688
167 0.870791
168 0.871207
169 0.871512
170 0.871813
171 0.872159
172 0.872391
173 0.872694
174 0.872866
175 0.873196
176 0.87352
177 0.873757
178 0.874112
179 0.874395
180 0.874701
181 0.87513
182 0.875266
183 0.875649
184 0.876022
185 0.876397
186 0.876517
187 0.876765
188 0.877089
189 0.877286
190 0.877533
191 0.877852
192 0.878151
193 0.878637
194 0.878794
195 0.879162
196 0.8793
197 0.879525
198 0.879802
199 0.880015
200 0.880346
201 0.88062
202 0.880955
203 0.881311
204 0.881502
205 0.881686
206 0.881984
207 0.882164
208 0.882392
209 0.882673
210 0.882893
211 0.883188
212 0.883378
213 0.883672
214 0.88382
215 0.884086
216 0.884337
217 0.884632
218 0.884682
219 0.885024
220 0.88504
221 0.885308
222 0.885495
223 0.885681
224 0.885975
225 0.886117
226 0.88631
227 0.886642
228 0.886804
229 0.887021
230 0.887163
231 0.887398
232 0.887622
233 0.88786
234 0.88812
235 0.888451
236 0.888614
237 0.88879
238 0.889031
239 0.889215
240 0.889314
241 0.889532
242 0.889687
243 0.889959
244 0.890243
245 0.890473
246 0.890498
247 0.890925
248 0.891147
249 0.891255
250 0.89167
251 0.891799
252 0.891945
253 0.892132
254 0.892271
255 0.892462
256 0.892635
257 0.892912
258 0.893053
259 0.893158
260 0.893394
261 0.893628
262 0.893667
263 0.893806
264 0.893984
265 0.894239
266 0.894325
267 0.894437
268 0.894743
269 0.894888
270 0.8951
271 0.89523
272 0.895538
273 0.895643
274 0.895895
275 0.895917
276 0.896281
277 0.896393
278 0.896492
279 0.896682
280 0.896878
281 0.89686
282 0.896945
283 0.897182
284 0.897399
285 0.897676
286 0.897732
287 0.897897
288 0.898114
289 0.898356
290 0.898449
291 0.898714
292 0.89879
293 0.898968
294 0.899082
295 0.899397
296 0.899445
297 0.899617
298 0.899762
299 0.899877
300 0.900021
301 0.900033
302 0.900317
303 0.900432
304 0.900575
305 0.900703
306 0.900886
307 0.900989
308 0.901205
309 0.901324
310 0.901448
311 0.901605
312 0.901698
313 0.901878
314 0.902041
315 0.902166
316 0.902323
317 0.902466
318 0.902544
319 0.902736
320 0.902921
321 0.90308
322 0.903234
323 0.90327
324 0.903368
325 0.903476
326 0.903719
327 0.903699
328 0.903901
329 0.904
330 0.904227
331 0.90434
332 0.904478
333 0.904548
334 0.904722
335 0.904884
336 0.905039
337 0.9051
338 0.905397
339 0.905381
340 0.905522
341 0.905573
342 0.905761
343 0.905857
344 0.906007
345 0.906155
346 0.906199
347 0.906379
348 0.906433
349 0.906638
350 0.906689
351 0.906753
352 0.906956
353 0.907049
354 0.907167
355 0.907337
356 0.907457
357 0.907588
358 0.907672
359 0.907854
360 0.908004
361 0.908115
362 0.908255
363 0.908403
364 0.908492
365 0.908544
366 0.908679
367 0.908876
368 0.908867
369 0.909033
370 0.909069
371 0.90919
372 0.909304
373 0.909376
374 0.9095
375 0.909493
376 0.90963
377 0.909666
378 0.909944
379 0.910043
380 0.91005
381 0.910126
382 0.910271
383 0.910455
384 0.910569
385 0.91077
386 0.910851
387 0.910933
388 0.911148
389 0.911162
390 0.911241
391 0.91137
392 0.911564
393 0.911585
394 0.911699
395 0.911771
396 0.91191
397 0.912014
398 0.912098
399 0.912308
400 0.912448
