1 0.573317
2 0.573317
3 0.573317
4 0.573317
5 0.573317
6 0.573317
7 0.573317
8 0.573317
9 0.573317
10 0.573317
11 0.573317
12 0.573317
13 0.573317
14 0.573317
15 0.573317
16 0.573317
17 0.573317
18 0.573317
19 0.573317
20 0.573317
21 0.573317
22 0.573317
23 0.573317
24 0.573317
25 0.573317
26 0.573317
27 0.573317
28 0.573317
29 0.573317
30 0.573317
31 0.573317
32 0.573317
33 0.573317
34 0.573317
35 0.573317
36 0.573317
37 0.573317
38 0.573317
39 0.573317
40 0.573317
41 0.573317
42 0.573317
43 0.573317
44 0.573317
45 0.573317
46 0.573317
47 0.573317
48 0.573317
49 0.573317
50 0.573317
51 0.573317
52 0.573317
53 0.573317
54 0.573317
55 0.573317
56 0.573317
57 0.573317
58 0.573317
59 0.573317
60 0.573317
61 0.573317
62 0.573317
63 0.573317
64 0.573317
65 0.573317
66 0.573317
67 0.573317
68 0.573317
69 0.573317
70 0.573317
71 0.573317
72 0.573317
73 0.573317
74 0.573317
75 0.573317
76 0.573317
77 0.573317
78 0.573317
79 0.573317
80 0.573317
81 0.573317
82 0.573317
83 0.573317
84 0.573317
85 0.573317
86 0.573317
87 0.573317
88 0.573317
89 0.573317
90 0.573317
91 0.573317
92 0.573317
93 0.573317
94 0.573317
95 0.573317
96 0.573317
97 0.573317
98 0.573317
99 0.573317
100 0.573317
101 0.573317
102 0.573317
103 0.573317
104 0.573317
105 0.573317
106 0.573317
107 0.573317
108 0.573317
109 0.573317
110 0.573317
111 0.573317
112 0.573317
113 0.573317
114 0.573317
115 0.573317
116 0.573317
117 0.573317
118 0.573317
119 0.573317
120 0.573317
121 0.573317
122 0.573317
123 0.573317
124 0.573317
125 0.573317
126 0.573317
127 0.573317
128 0.573317
129 0.573317
130 0.573317
131 0.573317
132 0.573317
133 0.573317
134 0.573317
135 0.573317
136 0.573317
137 0.573317
138 0.573317
139 0.573317
140 0.573317
141 0.573317
142 0.573317
143 0.573317
144 0.573317
145 0.573317
146 0.573317
147 0.573317
148 0.573317
149 0.573317
150 0.573317
151 0.573317
152 0.573317
153 0.573317
154 0.573317
155 0.573317
156 0.573317
157 0.573317
158 0.573317
159 0.573317
160 0.573317
161 0.573317
162 0.573317
163 0.573317
164 0.573317
165 0.573317
166 0.573317
167 0.573317
168 0.573317
169 0.573317
170 0.573317
171 0.573317
172 0.573317
173 0.573317
174 0.573317
175 0.573317
176 0.573317
177 0.573317
178 0.573317
179 0.573317
180 0.573317
181 0.573317
182 0.573317
183 0.573317
184 0.573317
185 0.573317
186 0.573317
187 0.573317
188 0.573317
189 0.573317
190 0.573317
191 0.573317
192 0.573317
193 0.573317
194 0.573317
195 0.573317
196 0.573317
197 0.573317
198 0.573317
199 0.573317
200 0.573317
201 0.573317
202 0.573317
203 0.573317
204 0.573317
205 0.573317
206 0.573317
207 0.573317
208 0.573317
209 0.573317
210 0.573317
211 0.573317
212 0.573317
213 0.573317
214 0.573317
215 0.573317
216 0.573317
217 0.573317
218 0.573317
219 0.573317
220 0.573317
221 0.573317
222 0.573317
223 0.573317
224 0.573317
225 0.573317
226 0.573317
227 0.573317
228 0.573317
229 0.573317
230 0.573317
231 0.573317
232 0.573317
233 0.573317
234 0.573317
235 0.573317
236 0.573317
237 0.573317
238 0.573317
239 0.573317
240 0.573317
241 0.573317
242 0.573317
243 0.573317
244 0.573317
245 0.573317
246 0.573317
247 0.573317
248 0.573317
249 0.573317
250 0.573317
251 0.573317
252 0.573317
253 0.573317
254 0.573317
255 0.573317
256 0.573317
257 0.573317
258 0.573317
259 0.573317
260 0.573317
261 0.573317
262 0.573317
263 0.573317
264 0.573317
265 0.573317
266 0.573317
267 0.573317
268 0.573317
269 0.573317
270 0.573317
271 0.573317
272 0.573317
273 0.573317
274 0.573317
275 0.573317
276 0.573317
277 0.573317
278 0.573317
279 0.573317
280 0.573317
281 0.573317
282 0.573317
283 0.573317
284 0.573317
285 0.573317
286 0.573317
287 0.573317
288 0.573317
289 0.573317
290 0.573317
291 0.573317
292 0.573317
293 0.573317
294 0.573317
295 0.573317
296 0.573317
297 0.573317
298 0.573317
299 0.573317
300 0.573317
301 0.573317
302 0.573317
303 0.573317
304 0.573317
305 0.573317
306 0.573317
307 0.573317
308 0.573317
309 0.573317
310 0.573317
311 0.573317
312 0.573317
313 0.573317
314 0.573317
315 0.573317
316 0.573317
317 0.573317
318 0.573317
319 0.573317
320 0.573317
321 0.573317
322 0.573317
323 0.573317
324 0.573317
325 0.573317
326 0.573317
327 0.573317
328 0.573317
329 0.573317
330 0.573317
331 0.573317
332 0.573317
333 0.573317
334 0.573317
335 0.573317
336 0.573317
337 0.573317
338 0.573317
339 0.573317
340 0.573317
341 0.573317
342 0.573317
343 0.573317
344 0.573317
345 0.573317
346 0.573317
347 0.573317
348 0.573317
349 0.573317
350 0.573317
351 0.573317
352 0.573317
353 0.573317
354 0.573317
355 0.573317
356 0.573317
357 0.573317
358 0.573317
359 0.573317
360 0.573317
361 0.573317
362 0.573317
363 0.573317
364 0.573317
365 0.573317
366 0.573317
367 0.573317
368 0.573317
369 0.573317
370 0.573317
371 0.573317
372 0.573317
373 0.573317
374 0.573317
375 0.573317
376 0.573317
377 0.573317
378 0.573317
379 0.573317
380 0.573317
381 0.573317
382 0.573317
383 0.573317
384 0.573317
385 0.573317
386 0.573317
387 0.573317
388 0.573317
389 0.573317
390 0.573317
391 0.573317
392 0.573317
393 0.573317
394 0.573317
395 0.573317
396 0.573317
397 0.573317
398 0.573317
399 0.573317
400 0.573317
