1 0.073324
2 0.0733665
3 0.0733936
4 0.0733665
5 0.0733661
6 0.0733665
7 0.0733685
8 0.0733665
9 0.0733557
10 0.0733665
11 0.0733637
12 0.0733665
13 0.0733816
14 0.0733665
15 0.0733591
16 0.0733665
17 0.0733594
18 0.0733665
19 0.0733671
20 0.0733665
21 0.0733667
22 0.0733665
23 0.0733687
24 0.0733665
25 0.0733697
26 0.0733679
27 0.0727503
28 0.0720369
29 0.0712415
30 0.0703584
31 0.0695013
32 0.0685833
33 0.0677085
34 0.066799
35 0.0659359
36 0.0650493
37 0.0642073
38 0.0633568
39 0.0625424
40 0.0617355
41 0.0609521
42 0.060193
43 0.0594423
44 0.0587279
45 0.0580125
46 0.0573229
47 0.0566474
48 0.0559943
49 0.0553553
50 0.054733
51 0.0541352
52 0.0535442
53 0.0529736
54 0.0524155
55 0.051872
56 0.0513418
57 0.0508264
58 0.0503223
59 0.0498308
60 0.049354
61 0.0488879
62 0.0484328
63 0.0479883
64 0.047555
65 0.0471341
66 0.0467211
67 0.0463177
68 0.0459235
69 0.0455384
70 0.0451621
71 0.044794
72 0.0444335
73 0.0440804
74 0.0437331
75 0.0433943
76 0.0430624
77 0.0427376
78 0.0424181
79 0.0421045
80 0.0417967
81 0.0414956
82 0.0411993
83 0.0409081
84 0.040622
85 0.0403412
86 0.0400656
87 0.0397942
88 0.0395269
89 0.039264
90 0.039006
91 0.038752
92 0.0385024
93 0.0382569
94 0.0380157
95 0.0377782
96 0.037543
97 0.0373115
98 0.0370842
99 0.0368599
100 0.03664
101 0.0364236
102 0.0362099
103 0.0359989
104 0.0357913
105 0.0355868
106 0.0353845
107 0.0351857
108 0.034989
109 0.0347958
110 0.0346059
111 0.0344175
112 0.0342317
113 0.0340483
114 0.0338675
115 0.0336888
116 0.0335138
117 0.0333396
118 0.033168
119 0.0329993
120 0.0328323
121 0.0326673
122 0.032505
123 0.0323441
124 0.032185
125 0.0320287
126 0.0318741
127 0.0317215
128 0.0315701
129 0.0314207
130 0.0312737
131 0.0311276
132 0.0309835
133 0.0308414
134 0.0307007
135 0.0305615
136 0.0304242
137 0.0302886
138 0.0301538
139 0.030021
140 0.0298898
141 0.0297599
142 0.0296308
143 0.0295036
144 0.0293777
145 0.0292535
146 0.0291301
147 0.0290083
148 0.0288876
149 0.0287683
150 0.0286501
151 0.0285333
152 0.0284182
153 0.0283037
154 0.0281907
155 0.0280788
156 0.0279683
157 0.0278586
158 0.0277504
159 0.0276428
160 0.0275363
161 0.0274313
162 0.027327
163 0.0272233
164 0.0271211
165 0.0270198
166 0.0269193
167 0.0268199
168 0.0267208
169 0.0266231
170 0.0265265
171 0.0264304
172 0.0263354
173 0.0262408
174 0.0261474
175 0.026055
176 0.0259636
177 0.0258727
178 0.025783
179 0.0256943
180 0.025606
181 0.0255184
182 0.0254314
183 0.0253455
184 0.0252601
185 0.0251756
186 0.0250916
187 0.0250091
188 0.0249265
189 0.0248447
190 0.0247636
191 0.0246832
192 0.0246036
193 0.0245245
194 0.024446
195 0.0243683
196 0.0242912
197 0.0242147
198 0.0241389
199 0.0240635
200 0.0239886
201 0.0239148
202 0.0238412
203 0.0237683
204 0.023696
205 0.0236242
206 0.0235531
207 0.0234825
208 0.0234122
209 0.0233427
210 0.0232735
211 0.023205
212 0.023137
213 0.0230694
214 0.0230022
215 0.0229357
216 0.0228695
217 0.022804
218 0.0227389
219 0.0226742
220 0.0226099
221 0.0225461
222 0.0224829
223 0.0224201
224 0.0223576
225 0.0222956
226 0.0222339
227 0.0221729
228 0.0221122
229 0.0220519
230 0.021992
231 0.0219328
232 0.0218738
233 0.0218152
234 0.0217573
235 0.0216995
236 0.0216421
237 0.021585
238 0.0215283
239 0.0214719
240 0.0214161
241 0.0213605
242 0.0213053
243 0.0212504
244 0.0211961
245 0.021142
246 0.0210883
247 0.0210351
248 0.0209821
249 0.0209293
250 0.020877
251 0.0208249
252 0.0207733
253 0.0207221
254 0.0206712
255 0.0206205
256 0.0205701
257 0.0205201
258 0.0204703
259 0.0204208
260 0.0203718
261 0.0203229
262 0.0202743
263 0.0202259
264 0.0201779
265 0.02013
266 0.0200826
267 0.0200355
268 0.0199886
269 0.019942
270 0.0198956
271 0.0198496
272 0.0198038
273 0.0197584
274 0.0197133
275 0.0196683
276 0.0196235
277 0.019579
278 0.0195348
279 0.0194909
280 0.0194472
281 0.0194038
282 0.0193606
283 0.0193177
284 0.0192749
285 0.0192326
286 0.0191904
287 0.0191485
288 0.0191069
289 0.0190653
290 0.0190242
291 0.0189832
292 0.0189425
293 0.018902
294 0.0188618
295 0.0188217
296 0.0187819
297 0.0187421
298 0.0187026
299 0.0186632
300 0.0186241
301 0.018585
302 0.0185462
303 0.0185076
304 0.0184692
305 0.018431
306 0.018393
307 0.0183553
308 0.0183178
309 0.0182805
310 0.0182433
311 0.0182065
312 0.0181698
313 0.0181333
314 0.018097
315 0.0180608
316 0.018025
317 0.0179891
318 0.0179535
319 0.017918
320 0.0178828
321 0.0178477
322 0.0178128
323 0.017778
324 0.0177434
325 0.017709
326 0.0176746
327 0.0176404
328 0.0176066
329 0.0175728
330 0.0175391
331 0.0175056
332 0.0174723
333 0.0174391
334 0.017406
335 0.0173731
336 0.0173403
337 0.0173078
338 0.0172754
339 0.0172432
340 0.0172111
341 0.0171793
342 0.0171476
343 0.017116
344 0.0170846
345 0.0170533
346 0.0170222
347 0.0169913
348 0.0169604
349 0.0169297
350 0.0168993
351 0.0168689
352 0.0168386
353 0.0168085
354 0.0167785
355 0.0167486
356 0.0167189
357 0.0166893
358 0.0166598
359 0.0166304
360 0.0166011
361 0.016572
362 0.016543
363 0.0165142
364 0.0164854
365 0.0164567
366 0.0164282
367 0.0163998
368 0.0163717
369 0.0163436
370 0.0163157
371 0.0162878
372 0.01626
373 0.0162324
374 0.0162049
375 0.0161775
376 0.0161503
377 0.0161231
378 0.0160961
379 0.0160692
380 0.0160423
381 0.0160157
382 0.0159891
383 0.0159627
384 0.0159365
385 0.0159102
386 0.0158842
387 0.0158582
388 0.0158323
389 0.0158066
390 0.0157808
391 0.0157553
392 0.0157298
393 0.0157045
394 0.0156792
395 0.0156542
396 0.0156291
397 0.0156042
398 0.0155793
399 0.0155545
400 0.0155298
