1 0.458078
2 0.324041
3 0.26449
4 0.238063
5 0.219401
6 0.206922
7 0.198155
8 0.191051
9 0.184931
10 0.180025
11 0.175826
12 0.171784
13 0.168279
14 0.165048
15 0.162349
16 0.159919
17 0.157495
18 0.155466
19 0.153494
20 0.151561
21 0.149912
22 0.148684
23 0.1474
24 0.146235
25 0.144966
26 0.144084
27 0.143206
28 0.142189
29 0.141563
30 0.140768
31 0.140198
32 0.139382
33 0.139062
34 0.138194
35 0.137603
36 0.137184
37 0.136756
38 0.13632
39 0.135837
40 0.135434
41 0.134816
42 0.134597
43 0.134244
44 0.134005
45 0.133636
46 0.133416
47 0.133089
48 0.13285
49 0.13252
50 0.132254
51 0.132038
52 0.131826
53 0.131693
54 0.131593
55 0.131178
56 0.13094
57 0.130855
58 0.130698
59 0.13043
60 0.130297
61 0.13006
62 0.129917
63 0.129642
64 0.129441
65 0.129424
66 0.129372
67 0.129178
68 0.129078
69 0.128937
70 0.128837
71 0.128753
72 0.128584
73 0.128346
74 0.128354
75 0.128224
76 0.128106
77 0.128048
78 0.127941
79 0.127793
80 0.127703
81 0.127649
82 0.127472
83 0.127497
84 0.127286
85 0.127178
86 0.127125
87 0.127123
88 0.127011
89 0.126914
90 0.126895
91 0.126743
92 0.126701
93 0.126881
94 0.126605
95 0.126483
96 0.12646
97 0.126397
98 0.126234
99 0.126257
100 0.12614
101 0.126072
102 0.126012
103 0.12596
104 0.125873
105 0.125795
106 0.125833
107 0.12572
108 0.12574
109 0.125662
110 0.12558
111 0.125525
112 0.125495
113 0.125517
114 0.125523
115 0.125399
116 0.125302
117 0.12525
118 0.125208
119 0.125127
120 0.12516
121 0.125119
122 0.125072
123 0.125019
124 0.124988
125 0.12494
126 0.124898
127 0.124842
128 0.12471
129 0.124784
130 0.124792
131 0.124776
132 0.124735
133 0.12462
134 0.124652
135 0.124637
136 0.124566
137 0.124565
138 0.124499
139 0.124449
140 0.124471
141 0.124436
142 0.124392
143 0.12433
144 0.124327
145 0.124296
146 0.124137
147 0.124186
148 0.124216
149 0.124185
150 0.124157
151 0.124146
152 0.124145
153 0.124101
154 0.124085
155 0.124021
156 0.124009
157 0.123993
158 0.123946
159 0.123996
160 0.123911
161 0.12391
162 0.123891
163 0.123834
164 0.123805
165 0.123789
166 0.123806
167 0.123766
168 0.123737
169 0.123734
170 0.123667
171 0.123815
172 0.123622
173 0.123648
174 0.123631
175 0.123601
176 0.1236
177 0.123571
178 0.123593
179 0.123507
180 0.123536
181 0.123412
182 0.12352
183 0.123452
184 0.123454
185 0.123412
186 0.1234
187 0.123348
188 0.123381
189 0.1233
190 0.123283
191 0.1233
192 0.123265
193 0.12324
194 0.123255
195 0.123198
196 0.123204
197 0.123225
198 0.123199
199 0.123148
200 0.123164
201 0.123146
202 0.123102
203 0.123125
204 0.123089
205 0.122791
206 0.123058
207 0.123046
208 0.122994
209 0.123021
210 0.123032
211 0.122965
212 0.122979
213 0.123019
214 0.122911
215 0.122934
216 0.122961
217 0.122857
218 0.122865
219 0.122884
220 0.122844
221 0.122838
222 0.122846
223 0.122832
224 0.122804
225 0.122799
226 0.122779
227 0.122786
228 0.12274
229 0.122748
230 0.122769
231 0.122721
232 0.122694
233 0.122675
234 0.122722
235 0.122645
236 0.122616
237 0.122612
238 0.122578
239 0.122604
240 0.122608
241 0.122669
242 0.122564
243 0.1226
244 0.122551
245 0.122539
246 0.122513
247 0.122538
248 0.122516
249 0.122527
250 0.12247
251 0.122483
252 0.12244
253 0.122475
254 0.122447
255 0.122444
256 0.122444
257 0.122402
258 0.1224
259 0.122385
260 0.122403
261 0.122435
262 0.122416
263 0.122358
264 0.122369
265 0.122327
266 0.122313
267 0.122364
268 0.122317
269 0.12229
270 0.12236
271 0.122274
272 0.122286
273 0.122254
274 0.122256
275 0.122253
276 0.122246
277 0.122242
278 0.122205
279 0.122233
280 0.122216
281 0.122186
282 0.122228
283 0.122207
284 0.122216
285 0.122132
286 0.122162
287 0.122157
288 0.12217
289 0.122119
290 0.122134
291 0.122164
292 0.122136
293 0.122143
294 0.122069
295 0.122105
296 0.122096
297 0.122104
298 0.122094
299 0.122042
300 0.122066
301 0.122065
302 0.12205
303 0.122048
304 0.122047
305 0.122032
306 0.122032
307 0.121961
308 0.122029
309 0.122018
310 0.121997
311 0.121988
312 0.121964
313 0.121964
314 0.121972
315 0.121888
316 0.121942
317 0.121934
318 0.121977
319 0.121918
320 0.121923
321 0.12194
322 0.121938
323 0.121925
324 0.12193
325 0.121901
326 0.121885
327 0.121899
328 0.121899
329 0.121883
330 0.12188
331 0.121893
332 0.121887
333 0.121865
334 0.121871
335 0.121855
336 0.121845
337 0.121795
338 0.121812
339 0.121823
340 0.121791
341 0.122058
342 0.121938
343 0.121771
344 0.121759
345 0.121796
346 0.121766
347 0.121788
348 0.121747
349 0.121732
350 0.121744
351 0.121756
352 0.121736
353 0.121754
354 0.121708
355 0.121725
356 0.121707
357 0.121682
358 0.121715
359 0.121707
360 0.121718
361 0.121693
362 0.121639
363 0.121676
364 0.121674
365 0.121694
366 0.121654
367 0.121628
368 0.121664
369 0.121623
370 0.121622
371 0.121614
372 0.121629
373 0.121604
374 0.1216
375 0.121602
376 0.121622
377 0.121616
378 0.12157
379 0.121585
380 0.121553
381 0.121557
382 0.121585
383 0.121567
384 0.121518
385 0.121581
386 0.121536
387 0.121572
388 0.121561
389 0.121517
390 0.121573
391 0.121513
392 0.121526
393 0.121523
394 0.121564
395 0.121524
396 0.12154
397 0.121485
398 0.121523
399 0.121449
400 0.1215
