1 0.333985
2 0.333773
3 0.333238
4 0.359475
5 0.379309
6 0.397037
7 0.409831
8 0.421158
9 0.431021
10 0.436257
11 0.442346
12 0.448863
13 0.45292
14 0.456853
15 0.461696
16 0.466289
17 0.469737
18 0.473818
19 0.477403
20 0.481146
21 0.484628
22 0.488691
23 0.492292
24 0.495295
25 0.49814
26 0.501495
27 0.504584
28 0.507685
29 0.510303
30 0.513323
31 0.516112
32 0.518847
33 0.521657
34 0.524161
35 0.526698
36 0.52935
37 0.531674
38 0.534065
39 0.536429
40 0.538593
41 0.540805
42 0.543127
43 0.545081
44 0.547216
45 0.549144
46 0.551191
47 0.553119
48 0.555008
49 0.556809
50 0.558651
51 0.56049
52 0.562304
53 0.564037
54 0.565797
55 0.567506
56 0.569177
57 0.57076
58 0.572439
59 0.574005
60 0.575596
61 0.577079
62 0.57857
63 0.580102
64 0.581584
65 0.583047
66 0.584468
67 0.585908
68 0.587313
69 0.588641
70 0.589998
71 0.591325
72 0.592663
73 0.593999
74 0.595241
75 0.596528
76 0.597733
77 0.599011
78 0.600199
79 0.601404
80 0.6026
81 0.603767
82 0.604927
83 0.6061
84 0.607213
85 0.60837
86 0.609465
87 0.610581
88 0.611642
89 0.61271
90 0.61376
91 0.614788
92 0.615888
93 0.616927
94 0.61792
95 0.618937
96 0.619919
97 0.620909
98 0.621884
99 0.62285
100 0.62379
101 0.624713
102 0.625708
103 0.626575
104 0.627515
105 0.628407
106 0.629314
107 0.63023
108 0.631119
109 0.632005
110 0.632883
111 0.633714
112 0.63459
113 0.63546
114 0.636246
115 0.637092
116 0.637898
117 0.638685
118 0.639536
119 0.640324
120 0.641112
121 0.641908
122 0.642674
123 0.643452
124 0.644236
125 0.644983
126 0.645744
127 0.646501
128 0.647259
129 0.647972
130 0.648708
131 0.649436
132 0.65016
133 0.650878
134 0.651584
135 0.652288
136 0.652991
137 0.653694
138 0.65438
139 0.655059
140 0.655739
141 0.656408
142 0.657063
143 0.657731
144 0.658394
145 0.659074
146 0.659706
147 0.660321
148 0.660973
149 0.661619
150 0.662251
151 0.662873
152 0.663493
153 0.664094
154 0.664727
155 0.665334
156 0.665925
157 0.666539
158 0.667137
159 0.667723
160 0.668312
161 0.668898
162 0.669473
163 0.670047
164 0.670625
165 0.671191
166 0.671738
167 0.672292
168 0.672858
169 0.673425
170 0.674027
171 0.674415
172 0.675035
173 0.675592
174 0.676126
175 0.676657
176 0.677187
177 0.677713
178 0.67821
179 0.678745
180 0.679256
181 0.67977
182 0.680265
183 0.680778
184 0.681288
185 0.681793
186 0.682265
187 0.682796
188 0.683279
189 0.683766
190 0.684245
191 0.684734
192 0.685222
193 0.685707
194 0.686182
195 0.686615
196 0.68712
197 0.687566
198 0.688056
199 0.688537
200 0.688988
201 0.689452
202 0.689907
203 0.690368
204 0.690817
205 0.691291
206 0.691688
207 0.692136
208 0.692588
209 0.693046
210 0.693455
211 0.6939
212 0.694352
213 0.6948
214 0.695224
215 0.695643
216 0.696059
217 0.69647
218 0.696898
219 0.697338
220 0.697736
221 0.69815
222 0.698568
223 0.698973
224 0.699386
225 0.699783
226 0.700197
227 0.700588
228 0.701004
229 0.701396
230 0.70179
231 0.702184
232 0.702567
233 0.702943
234 0.703328
235 0.703725
236 0.704115
237 0.704491
238 0.704873
239 0.705237
240 0.705634
241 0.706049
242 0.706379
243 0.706765
244 0.707117
245 0.707485
246 0.707857
247 0.708223
248 0.708573
249 0.708939
250 0.709297
251 0.709646
252 0.710005
253 0.710374
254 0.710741
255 0.711136
256 0.711412
257 0.711679
258 0.712065
259 0.712443
260 0.712786
261 0.713134
262 0.713482
263 0.713822
264 0.714153
265 0.71449
266 0.71483
267 0.715148
268 0.715488
269 0.715822
270 0.716136
271 0.716478
272 0.716792
273 0.717069
274 0.717431
275 0.717755
276 0.718072
277 0.718395
278 0.718714
279 0.719033
280 0.719342
281 0.719657
282 0.719971
283 0.720285
284 0.720603
285 0.720904
286 0.721212
287 0.721513
288 0.72182
289 0.722125
290 0.722436
291 0.722725
292 0.723014
293 0.723353
294 0.723624
295 0.723919
296 0.724217
297 0.724509
298 0.724809
299 0.725091
300 0.725388
301 0.72567
302 0.725948
303 0.726246
304 0.726534
305 0.726807
306 0.727099
307 0.727418
308 0.727647
309 0.727937
310 0.728224
311 0.728504
312 0.728777
313 0.72905
314 0.72933
315 0.729554
316 0.729871
317 0.73013
318 0.730405
319 0.730678
320 0.730948
321 0.731218
322 0.731492
323 0.731753
324 0.732023
325 0.73229
326 0.73254
327 0.732825
328 0.733086
329 0.733352
330 0.733595
331 0.733874
332 0.734117
333 0.734369
334 0.734627
335 0.734893
336 0.73515
337 0.735398
338 0.735656
339 0.735913
340 0.736151
341 0.736337
342 0.736665
343 0.736882
344 0.737125
345 0.737374
346 0.737616
347 0.737865
348 0.738115
349 0.738367
350 0.738607
351 0.738839
352 0.739086
353 0.739324
354 0.739577
355 0.739814
356 0.740033
357 0.740286
358 0.740527
359 0.740749
360 0.74099
361 0.741219
362 0.741456
363 0.74169
364 0.741912
365 0.742169
366 0.742368
367 0.742616
368 0.742844
369 0.743061
370 0.74329
371 0.743512
372 0.743725
373 0.743965
374 0.744186
375 0.744414
376 0.744629
377 0.744858
378 0.745069
379 0.745292
380 0.74551
381 0.745717
382 0.745958
383 0.746188
384 0.746389
385 0.746586
386 0.746815
387 0.747031
388 0.747244
389 0.74746
390 0.747653
391 0.747897
392 0.748101
393 0.748315
394 0.748527
395 0.748726
396 0.74894
397 0.749149
398 0.749373
399 0.749567
400 0.749778
