1 0.499713
2 0.499996
3 0.500176
4 0.500288
5 0.499951
6 0.49977
7 0.502376
8 0.504037
9 0.506157
10 0.507977
11 0.509875
12 0.511396
13 0.513141
14 0.51503
15 0.516845
16 0.518576
17 0.520235
18 0.52182
19 0.523303
20 0.524902
21 0.52653
22 0.527885
23 0.529331
24 0.530599
25 0.532073
26 0.533349
27 0.534632
28 0.535909
29 0.536962
30 0.53822
31 0.539431
32 0.540521
33 0.541661
34 0.542624
35 0.543786
36 0.544921
37 0.545783
38 0.546875
39 0.547896
40 0.548946
41 0.5498
42 0.550781
43 0.551662
44 0.552496
45 0.553388
46 0.554342
47 0.555126
48 0.556076
49 0.556732
50 0.557647
51 0.558434
52 0.559198
53 0.559986
54 0.560789
55 0.561574
56 0.562276
57 0.562881
58 0.563616
59 0.564256
60 0.565066
61 0.56574
62 0.566379
63 0.56707
64 0.567751
65 0.568328
66 0.569013
67 0.569537
68 0.570273
69 0.570867
70 0.571511
71 0.572032
72 0.572592
73 0.573366
74 0.57382
75 0.574427
76 0.574937
77 0.575558
78 0.576083
79 0.576677
80 0.577224
81 0.577717
82 0.578281
83 0.578756
84 0.579321
85 0.579793
86 0.580342
87 0.580779
88 0.581389
89 0.581823
90 0.582279
91 0.582709
92 0.583288
93 0.583794
94 0.584208
95 0.584718
96 0.585113
97 0.58559
98 0.586038
99 0.586553
100 0.586951
101 0.587387
102 0.587694
103 0.588155
104 0.588708
105 0.589148
106 0.589593
107 0.589997
108 0.590432
109 0.590888
110 0.591183
111 0.591578
112 0.591996
113 0.592475
114 0.592747
115 0.59317
116 0.593605
117 0.593981
118 0.594331
119 0.59473
120 0.595126
121 0.595456
122 0.595789
123 0.596179
124 0.596473
125 0.596989
126 0.59724
127 0.597572
128 0.59799
129 0.598333
130 0.598628
131 0.598921
132 0.599352
133 0.599756
134 0.600017
135 0.600352
136 0.600805
137 0.601098
138 0.601307
139 0.601736
140 0.60198
141 0.602309
142 0.602746
143 0.602997
144 0.603284
145 0.603598
146 0.603847
147 0.604252
148 0.60458
149 0.60488
150 0.605065
151 0.605399
152 0.605756
153 0.606181
154 0.606365
155 0.606742
156 0.607011
157 0.607258
158 0.607612
159 0.607891
160 0.608166
161 0.608418
162 0.608639
163 0.609015
164 0.609225
165 0.609456
166 0.609768
167 0.610126
168 0.610271
169 0.610608
170 0.610746
171 0.610986
172 0.611345
173 0.611674
174 0.611932
175 0.612235
176 0.612519
177 0.612728
178 0.612913
179 0.613182
180 0.613451
181 0.613902
182 0.613963
183 0.614248
184 0.614377
185 0.614766
186 0.615034
187 0.615307
188 0.615466
189 0.615723
190 0.615832
191 0.616197
192 0.616412
193 0.61665
194 0.616835
195 0.617171
196 0.617341
197 0.617585
198 0.617827
199 0.617926
200 0.618257
201 0.618566
202 0.618764
203 0.618965
204 0.619213
205 0.619391
206 0.619666
207 0.619792
208 0.620088
209 0.620238
210 0.620552
211 0.620726
212 0.620924
213 0.621145
214 0.621363
215 0.621581
216 0.621788
217 0.622
218 0.622155
219 0.622342
220 0.622494
221 0.622801
222 0.62293
223 0.623239
224 0.623376
225 0.62363
226 0.62372
227 0.623871
228 0.624114
229 0.624307
230 0.62453
231 0.624697
232 0.624962
233 0.625106
234 0.625321
235 0.625464
236 0.625651
237 0.625884
238 0.626048
239 0.626282
240 0.626468
241 0.626625
242 0.626715
243 0.627014
244 0.627123
245 0.627407
246 0.627475
247 0.62768
248 0.62786
249 0.628033
250 0.628184
251 0.62839
252 0.628524
253 0.628708
254 0.628882
255 0.628964
256 0.629278
257 0.629603
258 0.629641
259 0.629894
260 0.629873
261 0.630109
262 0.630227
263 0.63049
264 0.630658
265 0.630841
266 0.630882
267 0.631118
268 0.631298
269 0.631443
270 0.631572
271 0.63175
272 0.631826
273 0.632003
274 0.632171
275 0.632426
276 0.632553
277 0.632739
278 0.63286
279 0.632966
280 0.633128
281 0.633292
282 0.633444
283 0.633721
284 0.633802
285 0.63403
286 0.633991
287 0.634184
288 0.634377
289 0.634496
290 0.634564
291 0.634806
292 0.634943
293 0.63506
294 0.635156
295 0.635415
296 0.635561
297 0.635615
298 0.635843
299 0.635937
300 0.636129
301 0.636253
302 0.636397
303 0.636572
304 0.636668
305 0.636713
306 0.636943
307 0.63711
308 0.63723
309 0.637448
310 0.637412
311 0.637563
312 0.637749
313 0.637859
314 0.638029
315 0.638085
316 0.638315
317 0.638428
318 0.63857
319 0.638655
320 0.638821
321 0.63892
322 0.639037
323 0.639204
324 0.63937
325 0.639519
326 0.639618
327 0.639735
328 0.639863
329 0.639922
330 0.640064
331 0.640181
332 0.640363
333 0.640457
334 0.64067
335 0.64078
336 0.640853
337 0.640954
338 0.641112
339 0.641147
340 0.64137
341 0.641538
342 0.641616
343 0.641673
344 0.641836
345 0.641963
346 0.642009
347 0.642117
348 0.64222
349 0.642357
350 0.642493
351 0.642566
352 0.642801
353 0.642832
354 0.642941
355 0.643068
356 0.643147
357 0.643268
358 0.643428
359 0.643543
360 0.643663
361 0.643663
362 0.643795
363 0.643958
364 0.644159
365 0.644233
366 0.644372
367 0.644429
368 0.64452
369 0.644616
370 0.644741
371 0.644846
372 0.645069
373 0.645065
374 0.645116
375 0.645287
376 0.645395
377 0.645522
378 0.645575
379 0.64573
380 0.645804
381 0.645889
382 0.646032
383 0.646201
384 0.646253
385 0.646373
386 0.646463
387 0.64658
388 0.646697
389 0.646757
390 0.646882
391 0.646934
392 0.647053
393 0.647165
394 0.647332
395 0.647327
396 0.647453
397 0.647537
398 0.647567
399 0.647696
400 0.64792
