1 0.219984
2 0.219984
3 0.219984
4 0.219984
5 0.219984
6 0.219984
7 0.203437
8 0.203318
9 0.196492
10 0.196385
11 0.1921
12 0.192126
13 0.183925
14 0.181236
15 0.177724
16 0.176144
17 0.173443
18 0.17207
19 0.168204
20 0.165626
21 0.16315
22 0.161364
23 0.159582
24 0.158084
25 0.155699
26 0.153491
27 0.151606
28 0.150016
29 0.148374
30 0.146919
31 0.145076
32 0.143358
33 0.141843
34 0.140456
35 0.139035
36 0.137765
37 0.136475
38 0.134887
39 0.133576
40 0.132277
41 0.130907
42 0.12978
43 0.128609
44 0.127349
45 0.126334
46 0.125217
47 0.123938
48 0.122857
49 0.121983
50 0.120672
51 0.119729
52 0.118686
53 0.117712
54 0.116839
55 0.115852
56 0.114885
57 0.114095
58 0.113311
59 0.112326
60 0.111413
61 0.110505
62 0.109769
63 0.108848
64 0.108034
65 0.107217
66 0.10641
67 0.105797
68 0.104806
69 0.104137
70 0.103454
71 0.102679
72 0.102079
73 0.101306
74 0.100533
75 0.0997799
76 0.0991029
77 0.0985343
78 0.0979276
79 0.0971464
80 0.0965026
81 0.0958953
82 0.0951851
83 0.0946684
84 0.0939389
85 0.0933887
86 0.0928306
87 0.0922065
88 0.0916328
89 0.0909933
90 0.0905887
91 0.0897212
92 0.0892014
93 0.0887983
94 0.0881027
95 0.0875157
96 0.0869844
97 0.0864957
98 0.0858883
99 0.0854267
100 0.0848917
101 0.0844161
102 0.0838385
103 0.0834534
104 0.082829
105 0.0823149
106 0.0818147
107 0.0813323
108 0.080907
109 0.0803597
110 0.0800657
111 0.0794744
112 0.0791051
113 0.0784973
114 0.0782794
115 0.0777089
116 0.0772462
117 0.0768234
118 0.0763603
119 0.076055
120 0.0754723
121 0.0751476
122 0.074685
123 0.0743585
124 0.0740187
125 0.0734972
126 0.0732389
127 0.0729208
128 0.0723555
129 0.0720402
130 0.0715891
131 0.0713307
132 0.0708236
133 0.0703798
134 0.0701748
135 0.0698783
136 0.0693548
137 0.0689445
138 0.0686516
139 0.0683126
140 0.068091
141 0.0676654
142 0.0673052
143 0.0669687
144 0.0665985
145 0.0663377
146 0.0660678
147 0.0655955
148 0.0652296
149 0.0649556
150 0.0647519
151 0.0644774
152 0.0640516
153 0.0636294
154 0.063494
155 0.0630962
156 0.0628152
157 0.062575
158 0.0620978
159 0.0618933
160 0.0616568
161 0.0613279
162 0.0610772
163 0.0607577
164 0.0606678
165 0.060319
166 0.0600335
167 0.0597483
168 0.0595212
169 0.0592179
170 0.058995
171 0.0587044
172 0.0585218
173 0.058144
174 0.0579478
175 0.0576161
176 0.0574186
177 0.0571025
178 0.0569925
179 0.0567338
180 0.056458
181 0.0560034
182 0.0559748
183 0.0557234
184 0.0556007
185 0.0552431
186 0.0550712
187 0.0547217
188 0.0545479
189 0.0543749
190 0.0542101
191 0.0539085
192 0.0537421
193 0.0535245
194 0.0533232
195 0.0529182
196 0.0528526
197 0.0526352
198 0.0524014
199 0.0523224
200 0.0520163
201 0.0517235
202 0.0516276
203 0.0514163
204 0.0512063
205 0.0509724
206 0.0507868
207 0.0506779
208 0.0503729
209 0.0502337
210 0.0499631
211 0.0497689
212 0.0496314
213 0.0494125
214 0.0492431
215 0.0490431
216 0.048931
217 0.0486794
218 0.048584
219 0.0484013
220 0.0483192
221 0.0480695
222 0.047904
223 0.0475949
224 0.0475199
225 0.0473401
226 0.0472703
227 0.0470925
228 0.0469416
229 0.0467683
230 0.0465592
231 0.0464582
232 0.0462847
233 0.0460184
234 0.0459299
235 0.0457853
236 0.0456338
237 0.0454216
238 0.0453424
239 0.0450506
240 0.0449484
241 0.0447699
242 0.0447389
243 0.0444568
244 0.0444394
245 0.0441811
246 0.0441437
247 0.0439595
248 0.04387
249 0.0436644
250 0.0435794
251 0.0434017
252 0.0433065
253 0.0431726
254 0.043016
255 0.0427758
256 0.0427065
257 0.0425808
258 0.0424466
259 0.0422628
260 0.0422963
261 0.0420426
262 0.0420078
263 0.0417778
264 0.041616
265 0.0415325
266 0.0414768
267 0.0412957
268 0.0411847
269 0.0410454
270 0.0409825
271 0.0409237
272 0.0407475
273 0.0406344
274 0.0404343
275 0.0403494
276 0.0401948
277 0.0401296
278 0.039983
279 0.0399497
280 0.0397317
281 0.0397083
282 0.0395212
283 0.039321
284 0.0393346
285 0.0391011
286 0.0391477
287 0.038966
288 0.038874
289 0.0387855
290 0.0387436
291 0.03852
292 0.0384033
293 0.0383483
294 0.0382632
295 0.0380413
296 0.0379798
297 0.0379485
298 0.0378045
299 0.0377235
300 0.0375564
301 0.0375372
302 0.0373367
303 0.0372078
304 0.0371543
305 0.0371615
306 0.0370173
307 0.036875
308 0.0367742
309 0.0365961
310 0.0366658
311 0.0365731
312 0.0364893
313 0.036342
314 0.0362119
315 0.0362249
316 0.0359862
317 0.0359501
318 0.0358529
319 0.0357823
320 0.0356642
321 0.0356204
322 0.0355683
323 0.035451
324 0.0352999
325 0.0352178
326 0.0351212
327 0.0350133
328 0.0349633
329 0.0349258
330 0.0348197
331 0.0347921
332 0.0345925
333 0.0345865
334 0.0343847
335 0.0343515
336 0.0342785
337 0.0342118
338 0.0341248
339 0.0340977
340 0.033958
341 0.0337525
342 0.0337102
343 0.0337025
344 0.0336253
345 0.033593
346 0.0335274
347 0.0334789
348 0.0334075
349 0.0333209
350 0.0331802
351 0.0331538
352 0.0329548
353 0.032988
354 0.032929
355 0.0328093
356 0.0327946
357 0.032715
358 0.0325533
359 0.0324883
360 0.0324788
361 0.0324425
362 0.0323633
363 0.0322747
364 0.032071
365 0.0320612
366 0.0319998
367 0.0319808
368 0.0318977
369 0.0318342
370 0.0317681
371 0.0316978
372 0.0315548
373 0.0315584
374 0.0315147
375 0.0313747
376 0.03136
377 0.0312437
378 0.0312227
379 0.0310682
380 0.0310649
381 0.0310001
382 0.0309319
383 0.0307884
384 0.0307962
385 0.0306711
386 0.0306154
387 0.0305984
388 0.0304945
389 0.030438
390 0.0304104
391 0.0303647
392 0.0302216
393 0.0302151
394 0.0300516
395 0.030139
396 0.0300389
397 0.0300099
398 0.0299662
399 0.0299054
400 0.0297179
