1 0.499713
2 0.49949
3 0.499554
4 0.499611
5 0.500304
6 0.499078
7 0.516906
8 0.517171
9 0.524015
10 0.52339
11 0.52757
12 0.528436
13 0.535684
14 0.538552
15 0.541679
16 0.544324
17 0.546702
18 0.548308
19 0.551914
20 0.554941
21 0.556484
22 0.558954
23 0.559784
24 0.562327
25 0.563819
26 0.56682
27 0.569076
28 0.569966
29 0.572387
30 0.573316
31 0.575582
32 0.575666
33 0.578198
34 0.579234
35 0.581544
36 0.582447
37 0.583924
38 0.584499
39 0.585892
40 0.588066
41 0.589289
42 0.590606
43 0.59163
44 0.592198
45 0.59353
46 0.595468
47 0.596628
48 0.597065
49 0.598718
50 0.59935
51 0.600057
52 0.601298
53 0.602426
54 0.603508
55 0.604383
56 0.60586
57 0.605443
58 0.607337
59 0.607247
60 0.609249
61 0.610324
62 0.610758
63 0.611374
64 0.611768
65 0.61249
66 0.613975
67 0.614118
68 0.615172
69 0.615913
70 0.616739
71 0.617218
72 0.618167
73 0.618366
74 0.620245
75 0.620372
76 0.620838
77 0.621065
78 0.622521
79 0.622546
80 0.623296
81 0.623384
82 0.624562
83 0.6253
84 0.625737
85 0.625905
86 0.627115
87 0.628138
88 0.62836
89 0.629464
90 0.629782
91 0.630982
92 0.630172
93 0.631514
94 0.632717
95 0.631905
96 0.633279
97 0.633312
98 0.634025
99 0.634197
100 0.635585
101 0.635965
102 0.635046
103 0.637112
104 0.636969
105 0.637892
106 0.637493
107 0.63894
108 0.639361
109 0.640052
110 0.639787
111 0.64031
112 0.641658
113 0.641121
114 0.642076
115 0.642112
116 0.643194
117 0.642786
118 0.643763
119 0.643968
120 0.643986
121 0.645098
122 0.645022
123 0.646065
124 0.646083
125 0.646514
126 0.647459
127 0.647076
128 0.64695
129 0.647722
130 0.647747
131 0.648521
132 0.649228
133 0.649596
134 0.649521
135 0.64953
136 0.650581
137 0.651554
138 0.650618
139 0.653169
140 0.651765
141 0.65167
142 0.652531
143 0.653188
144 0.652943
145 0.654529
146 0.653329
147 0.654098
148 0.654515
149 0.655749
150 0.655686
151 0.656369
152 0.655436
153 0.656861
154 0.657392
155 0.656561
156 0.657546
157 0.657524
158 0.658014
159 0.659297
160 0.658452
161 0.65865
162 0.658196
163 0.658981
164 0.659807
165 0.660011
166 0.658921
167 0.659743
168 0.660382
169 0.66032
170 0.660927
171 0.661524
172 0.661919
173 0.660961
174 0.661691
175 0.66208
176 0.662558
177 0.663302
178 0.662718
179 0.663412
180 0.662938
181 0.663768
182 0.664663
183 0.664334
184 0.664345
185 0.664378
186 0.664653
187 0.665787
188 0.665125
189 0.665877
190 0.666211
191 0.66644
192 0.66648
193 0.666743
194 0.66755
195 0.666505
196 0.666499
197 0.667589
198 0.666635
199 0.66741
200 0.668098
201 0.668592
202 0.668653
203 0.668313
204 0.669582
205 0.669579
206 0.669276
207 0.669603
208 0.669945
209 0.669797
210 0.669743
211 0.66983
212 0.670481
213 0.669977
214 0.670069
215 0.670682
216 0.671528
217 0.67124
218 0.671688
219 0.671841
220 0.671955
221 0.672303
222 0.672418
223 0.672142
224 0.672973
225 0.672592
226 0.672602
227 0.673298
228 0.673629
229 0.673876
230 0.673575
231 0.674075
232 0.673918
233 0.674425
234 0.674242
235 0.674133
236 0.674147
237 0.673842
238 0.674557
239 0.675329
240 0.675443
241 0.675443
242 0.675035
243 0.675333
244 0.676352
245 0.675421
246 0.675496
247 0.676575
248 0.675986
249 0.676997
250 0.677766
251 0.676438
252 0.677555
253 0.677161
254 0.677192
255 0.677782
256 0.67632
257 0.677785
258 0.678298
259 0.678753
260 0.677377
261 0.678519
262 0.677544
263 0.678894
264 0.678667
265 0.678584
266 0.67846
267 0.678498
268 0.678522
269 0.679255
270 0.678913
271 0.678751
272 0.679932
273 0.679392
274 0.680226
275 0.680253
276 0.680296
277 0.679957
278 0.679925
279 0.679951
280 0.680566
281 0.68037
282 0.680389
283 0.680241
284 0.680913
285 0.681501
286 0.680261
287 0.681307
288 0.680971
289 0.680935
290 0.680798
291 0.68183
292 0.681923
293 0.682059
294 0.681693
295 0.681552
296 0.681773
297 0.682002
298 0.682097
299 0.682957
300 0.682465
301 0.681828
302 0.681946
303 0.683043
304 0.68231
305 0.683111
306 0.683774
307 0.683324
308 0.683742
309 0.683462
310 0.682754
311 0.683163
312 0.683023
313 0.684251
314 0.683026
315 0.683498
316 0.683614
317 0.684046
318 0.683831
319 0.684007
320 0.684535
321 0.684146
322 0.68353
323 0.685202
324 0.684982
325 0.68474
326 0.684874
327 0.684622
328 0.685622
329 0.685286
330 0.684649
331 0.685705
332 0.685702
333 0.685042
334 0.685958
335 0.686385
336 0.686266
337 0.68607
338 0.685307
339 0.685824
340 0.686309
341 0.686117
342 0.686929
343 0.686267
344 0.686716
345 0.687152
346 0.6852
347 0.68688
348 0.686734
349 0.68665
350 0.686659
351 0.687332
352 0.686873
353 0.687376
354 0.687291
355 0.686892
356 0.687172
357 0.686812
358 0.688087
359 0.687626
360 0.687868
361 0.687673
362 0.687699
363 0.68769
364 0.687538
365 0.68805
366 0.687573
367 0.687797
368 0.688134
369 0.688608
370 0.688444
371 0.688844
372 0.688399
373 0.688257
374 0.688096
375 0.689436
376 0.688554
377 0.688694
378 0.688965
379 0.689206
380 0.688448
381 0.689996
382 0.689232
383 0.688918
384 0.690002
385 0.689121
386 0.68992
387 0.690007
388 0.68901
389 0.69003
390 0.688475
391 0.68865
392 0.690649
393 0.689876
394 0.690196
395 0.689603
396 0.690383
397 0.689863
398 0.689976
399 0.689102
400 0.690667
