1 0.250242
2 0.250242
3 0.250242
4 0.250242
5 0.249728
6 0.250242
7 0.250242
8 0.249728
9 0.250242
10 0.249728
11 0.249728
12 0.249577
13 0.250242
14 0.250242
15 0.249728
16 0.250242
17 0.249577
18 0.249577
19 0.250242
20 0.249577
21 0.249577
22 0.249728
23 0.249728
24 0.249577
25 0.249577
26 0.166655
27 0.124844
28 0.12504
29 0.0971392
30 0.0831253
31 0.0831987
32 0.0693396
33 0.0625084
34 0.0625518
35 0.0542455
36 0.0501234
37 0.0499636
38 0.0445126
39 0.0416761
40 0.04172
41 0.037861
42 0.0357395
43 0.0356908
44 0.0327893
45 0.0312566
46 0.0313211
47 0.0288406
48 0.0279659
49 0.0278375
50 0.0257981
51 0.0250319
52 0.0239453
53 0.023095
54 0.0221571
55 0.0214614
56 0.0208344
57 0.0203638
58 0.0197683
59 0.0191234
60 0.0185186
61 0.017903
62 0.0176387
63 0.0171821
64 0.0167386
65 0.0163522
66 0.0161965
67 0.0156331
68 0.0154296
69 0.0150755
70 0.0148263
71 0.0144297
72 0.0141983
73 0.0139332
74 0.0137052
75 0.0133663
76 0.0132623
77 0.0129327
78 0.0127371
79 0.0124863
80 0.0122701
81 0.0120725
82 0.0118748
83 0.0116595
84 0.0115166
85 0.0113532
86 0.0111162
87 0.0109842
88 0.0108427
89 0.0106376
90 0.0104576
91 0.010354
92 0.0102323
93 0.0101073
94 0.00995233
95 0.00980823
96 0.00966514
97 0.0095569
98 0.00941488
99 0.00930753
100 0.00918907
101 0.00906239
102 0.00895949
103 0.00885736
104 0.0087489
105 0.00865853
106 0.00855148
107 0.00847295
108 0.00835406
109 0.0082866
110 0.00821827
111 0.00810602
112 0.00802349
113 0.00795516
114 0.00779336
115 0.00775854
116 0.00772519
117 0.00760555
118 0.00752323
119 0.00744431
120 0.00736758
121 0.00730274
122 0.00726967
123 0.00716263
124 0.00714581
125 0.00706909
126 0.00701396
127 0.00694584
128 0.00686268
129 0.00682551
130 0.00674966
131 0.00668864
132 0.00665145
133 0.0065507
134 0.00647973
135 0.00650271
136 0.00644414
137 0.00643873
138 0.00635023
139 0.00629952
140 0.00626731
141 0.00623488
142 0.00614933
143 0.00608077
144 0.00604607
145 0.00600904
146 0.00596526
147 0.00592364
148 0.0059193
149 0.00586196
150 0.00581117
151 0.00577318
152 0.00570373
153 0.00567785
154 0.00567507
155 0.00560151
156 0.00557729
157 0.00554878
158 0.00550356
159 0.00545315
160 0.00541563
161 0.00538551
162 0.00538067
163 0.00534569
164 0.00531027
165 0.00530895
166 0.00525531
167 0.0051886
168 0.00514466
169 0.00511347
170 0.00508789
171 0.00506251
172 0.00506923
173 0.0050105
174 0.00499779
175 0.00494894
176 0.00489434
177 0.00490665
178 0.00486797
179 0.00483728
180 0.00486128
181 0.00479308
182 0.00477119
183 0.00473492
184 0.00472218
185 0.00470326
186 0.00466221
187 0.00467664
188 0.00464342
189 0.00461187
190 0.00457686
191 0.0045599
192 0.00450743
193 0.00453082
194 0.0044981
195 0.00447594
196 0.00447385
197 0.00442263
198 0.0043939
199 0.0044207
200 0.00436196
201 0.00434966
202 0.00432544
203 0.00436095
204 0.00431289
205 0.00426995
206 0.00428044
207 0.00420303
208 0.00422469
209 0.00418814
210 0.00418062
211 0.00415136
212 0.0041642
213 0.00410546
214 0.00412462
215 0.00408075
216 0.00408464
217 0.0040888
218 0.00408781
219 0.00399028
220 0.00400598
221 0.00398482
222 0.00395968
223 0.00396201
224 0.00392429
225 0.00389883
226 0.00390716
227 0.00388133
228 0.00385896
229 0.00389118
230 0.00385606
231 0.00384011
232 0.00383572
233 0.00381313
234 0.00380671
235 0.00377664
236 0.00373421
237 0.00375528
238 0.00374938
239 0.00374088
240 0.00371092
241 0.00371496
242 0.00366754
243 0.00368687
244 0.00364828
245 0.00365013
246 0.00362769
247 0.00360907
248 0.00361644
249 0.00357666
250 0.00360512
251 0.00357074
252 0.00355909
253 0.00354458
254 0.00352241
255 0.00352219
256 0.00348365
257 0.0034999
258 0.00348201
259 0.00348693
260 0.0034369
261 0.00348022
262 0.00343846
263 0.00341839
264 0.00342119
265 0.00339829
266 0.00334515
267 0.0033816
268 0.00337255
269 0.00338442
270 0.00334254
271 0.00332781
272 0.00331191
273 0.00330051
274 0.00327184
275 0.00327324
276 0.00328164
277 0.00325764
278 0.00325434
279 0.00325437
280 0.00324184
281 0.00327594
282 0.00322157
283 0.00321902
284 0.00320101
285 0.00317253
286 0.00319451
287 0.00317564
288 0.00317958
289 0.00315139
290 0.00315169
291 0.00310168
292 0.00313243
293 0.00312189
294 0.00311762
295 0.00311452
296 0.00309292
297 0.00309713
298 0.00305768
299 0.00305697
300 0.00305603
301 0.00304206
302 0.00306922
303 0.00305475
304 0.00303892
305 0.00302562
306 0.00300588
307 0.00297902
308 0.00301202
309 0.00299669
310 0.00299075
311 0.00296067
312 0.0029751
313 0.00294994
314 0.00293948
315 0.00295227
316 0.00293078
317 0.00290804
318 0.00289417
319 0.00293285
320 0.00292244
321 0.0028866
322 0.00287487
323 0.00287268
324 0.00288976
325 0.00285823
326 0.00285717
327 0.00284785
328 0.00284663
329 0.00284003
330 0.00282735
331 0.00281549
332 0.00281908
333 0.00283688
334 0.00281289
335 0.00281344
336 0.00279843
337 0.00277578
338 0.00279078
339 0.00278016
340 0.0027662
341 0.00276852
342 0.00279497
343 0.00273724
344 0.00274535
345 0.00272533
346 0.00274044
347 0.00270152
348 0.00269158
349 0.00271456
350 0.00269955
351 0.00268555
352 0.00269438
353 0.00270254
354 0.00269068
355 0.00266308
356 0.00267929
357 0.00264958
358 0.00263662
359 0.00263632
360 0.0026557
361 0.00262548
362 0.00260034
363 0.00261172
364 0.0026135
365 0.00261887
366 0.00259433
367 0.00259396
368 0.00258658
369 0.00257673
370 0.00257243
371 0.00257754
372 0.00254691
373 0.0025753
374 0.00254434
375 0.0025425
376 0.00254231
377 0.0025379
378 0.00252565
379 0.00251983
380 0.00252664
381 0.00252934
382 0.0025268
383 0.00250982
384 0.00250077
385 0.00247851
386 0.0024943
387 0.00249453
388 0.00247004
389 0.00247415
390 0.00246639
391 0.00248245
392 0.00248936
393 0.00245237
394 0.00246675
395 0.00244934
396 0.00245478
397 0.00244042
398 0.00242665
399 0.00243671
400 0.00243735
