1 0.166801
2 0.166643
3 0.166971
4 0.166511
5 0.166596
6 0.166686
7 0.166416
8 0.166502
9 0.166476
10 0.166495
11 0.166623
12 0.166638
13 0.166428
14 0.166459
15 0.166352
16 0.166391
17 0.16666
18 0.166517
19 0.166815
20 0.166625
21 0.166016
22 0.166714
23 0.166754
24 0.166949
25 0.166268
26 0.0834668
27 0.0833824
28 0.0595636
29 0.0549577
30 0.0467111
31 0.0422323
32 0.0372246
33 0.0344332
34 0.0311643
35 0.0289227
36 0.0267654
37 0.0250626
38 0.0235445
39 0.0221868
40 0.021029
41 0.0200013
42 0.0190272
43 0.0181914
44 0.017429
45 0.0168436
46 0.0162213
47 0.0156933
48 0.0153084
49 0.014989
50 0.0147344
51 0.0144331
52 0.0140617
53 0.0137765
54 0.0134365
55 0.0131684
56 0.0128657
57 0.0126125
58 0.0123404
59 0.0121274
60 0.0118876
61 0.0116632
62 0.0114811
63 0.0113288
64 0.0110559
65 0.010866
66 0.0107182
67 0.0106075
68 0.0103141
69 0.0102241
70 0.0100799
71 0.00992441
72 0.00977801
73 0.00957359
74 0.00949303
75 0.0093385
76 0.00923539
77 0.00908029
78 0.00899385
79 0.00888087
80 0.0088389
81 0.00867752
82 0.00856802
83 0.00844839
84 0.00839927
85 0.00828017
86 0.00820408
87 0.00815199
88 0.00802339
89 0.00795533
90 0.00790634
91 0.00780216
92 0.00776588
93 0.00761429
94 0.00756815
95 0.00749875
96 0.00744116
97 0.00734748
98 0.00727566
99 0.00720435
100 0.00715918
101 0.00707515
102 0.00702879
103 0.00696661
104 0.00693363
105 0.00687945
106 0.00681082
107 0.00675643
108 0.00664396
109 0.00665497
110 0.00657979
111 0.00657649
112 0.00650598
113 0.00643027
114 0.0063519
115 0.00629782
116 0.0062792
117 0.00620565
118 0.00619249
119 0.00613435
120 0.00614561
121 0.00606477
122 0.00603647
123 0.00598177
124 0.00594007
125 0.00589748
126 0.00585189
127 0.00582148
128 0.00579858
129 0.00577159
130 0.00574008
131 0.00566788
132 0.00566484
133 0.00559663
134 0.0055472
135 0.0055545
136 0.00550145
137 0.00548833
138 0.00542405
139 0.00541153
140 0.00539078
141 0.00534756
142 0.00530651
143 0.00530521
144 0.0052671
145 0.00521967
146 0.00519483
147 0.00517397
148 0.00511348
149 0.00507532
150 0.00505333
151 0.00505099
152 0.00504741
153 0.00500081
154 0.00498751
155 0.00495966
156 0.00494557
157 0.00495213
158 0.00489359
159 0.00485408
160 0.0048786
161 0.00482558
162 0.00475433
163 0.00479872
164 0.0047639
165 0.0047192
166 0.00470223
167 0.0046893
168 0.00466297
169 0.00463636
170 0.00460734
171 0.00456121
172 0.00457474
173 0.00454549
174 0.00454697
175 0.00449782
176 0.00445843
177 0.00446007
178 0.00443415
179 0.00438749
180 0.00443779
181 0.00438816
182 0.00436415
183 0.00435168
184 0.00435676
185 0.00433597
186 0.00431001
187 0.00431059
188 0.00424424
189 0.00424925
190 0.00420223
191 0.0042223
192 0.00423202
193 0.00418807
194 0.00418606
195 0.00417597
196 0.00414374
197 0.00414011
198 0.00409246
199 0.00406623
200 0.00407089
201 0.0040518
202 0.00404286
203 0.00402517
204 0.00404492
205 0.00403212
206 0.0040042
207 0.00397418
208 0.00400221
209 0.00393033
210 0.00391814
211 0.00394883
212 0.00395327
213 0.00387954
214 0.00386207
215 0.00384597
216 0.00391412
217 0.00387145
218 0.00382795
219 0.00378264
220 0.003782
221 0.0037559
222 0.00374216
223 0.00375127
224 0.00371697
225 0.0037336
226 0.00371098
227 0.00370101
228 0.00368009
229 0.00364937
230 0.00363753
231 0.00365569
232 0.00362573
233 0.00364288
234 0.00366026
235 0.00360835
236 0.00357582
237 0.00357427
238 0.00356851
239 0.00358589
240 0.00355615
241 0.0035642
242 0.00354781
243 0.00350219
244 0.00350618
245 0.00347566
246 0.00349898
247 0.00350018
248 0.00351296
249 0.00343702
250 0.00347654
251 0.00342789
252 0.00346578
253 0.00343757
254 0.00339452
255 0.00339663
256 0.00341608
257 0.00339117
258 0.00335477
259 0.00334486
260 0.00335843
261 0.00331953
262 0.00333706
263 0.00331004
264 0.00331767
265 0.00331338
266 0.00331297
267 0.00328524
268 0.00329483
269 0.00326923
270 0.00324099
271 0.00325069
272 0.00325323
273 0.00322561
274 0.00322121
275 0.00322836
276 0.00321333
277 0.00321157
278 0.00320688
279 0.00317609
280 0.00317848
281 0.00318114
282 0.00314856
283 0.00315294
284 0.00315897
285 0.00315515
286 0.00311866
287 0.00310126
288 0.00313523
289 0.00311778
290 0.00307247
291 0.00310764
292 0.00307103
293 0.00308962
294 0.00308364
295 0.00305225
296 0.00303275
297 0.00304154
298 0.00301119
299 0.00301756
300 0.00301064
301 0.00303113
302 0.00299818
303 0.00300095
304 0.00301977
305 0.00297517
306 0.00298502
307 0.00295951
308 0.00297356
309 0.00299628
310 0.0029724
311 0.00293825
312 0.00293431
313 0.00293553
314 0.00293549
315 0.00296509
316 0.00292198
317 0.0028961
318 0.00293088
319 0.00290876
320 0.00286783
321 0.00287584
322 0.00287229
323 0.0028568
324 0.00288859
325 0.00284706
326 0.00285567
327 0.00285648
328 0.00284551
329 0.00282781
330 0.00282848
331 0.00283315
332 0.00280692
333 0.00276722
334 0.00281197
335 0.00280965
336 0.00278041
337 0.00280115
338 0.00277144
339 0.00275113
340 0.0027609
341 0.00272787
342 0.00278042
343 0.00274567
344 0.00271875
345 0.00273316
346 0.00272299
347 0.00273418
348 0.00271215
349 0.00271574
350 0.00273277
351 0.00271513
352 0.00271291
353 0.0027072
354 0.00271362
355 0.00267148
356 0.00267593
357 0.00269503
358 0.00267208
359 0.0026605
360 0.0026512
361 0.00262947
362 0.00265709
363 0.00263815
364 0.00260031
365 0.00263604
366 0.0026274
367 0.00260901
368 0.00261449
369 0.00263804
370 0.00259863
371 0.00258624
372 0.00259362
373 0.00258268
374 0.00260259
375 0.00257055
376 0.00256319
377 0.00257803
378 0.00257139
379 0.00255461
380 0.00254365
381 0.00255961
382 0.00256482
383 0.0025354
384 0.00254314
385 0.00255751
386 0.00254316
387 0.00250808
388 0.00250187
389 0.00252136
390 0.00248124
391 0.00249091
392 0.00247789
393 0.00250509
394 0.00249286
395 0.00250671
396 0.00247482
397 0.00247642
398 0.00246328
399 0.00247562
400 0.00246829
