1 0.0833885
2 0.141758
3 0.0585074
4 0.0722059
5 0.0529642
6 0.0539146
7 0.0354706
8 0.0429982
9 0.0294782
10 0.0329094
11 0.0286442
12 0.0272463
13 0.0219315
14 0.0244158
15 0.0194253
16 0.0210908
17 0.0185963
18 0.018377
19 0.0157365
20 0.017008
21 0.0148732
22 0.0151056
23 0.0138001
24 0.0139402
25 0.0122473
26 0.0131028
27 0.0114252
28 0.0118456
29 0.0110888
30 0.0110392
31 0.0105396
32 0.010676
33 0.00968275
34 0.00985476
35 0.00955694
36 0.00956377
37 0.0088661
38 0.00921097
39 0.0084735
40 0.00864423
41 0.00851424
42 0.00822542
43 0.00787735
44 0.00814086
45 0.0076874
46 0.00771896
47 0.00752679
48 0.00740696
49 0.00708656
50 0.0072233
51 0.0069758
52 0.00697472
53 0.00678599
54 0.00664961
55 0.00644661
56 0.00665029
57 0.00628272
58 0.00623734
59 0.00624872
60 0.00613042
61 0.00599165
62 0.00600369
63 0.00577168
64 0.00580734
65 0.00571193
66 0.00568997
67 0.0055102
68 0.0055991
69 0.00535877
70 0.00534218
71 0.00533133
72 0.00525921
73 0.00517316
74 0.00514739
75 0.00499834
76 0.00505685
77 0.00494289
78 0.0048691
79 0.00478286
80 0.00484918
81 0.00471976
82 0.00466527
83 0.00461757
84 0.00462457
85 0.00449812
86 0.00456024
87 0.00443689
88 0.00443101
89 0.00436346
90 0.00430277
91 0.00426881
92 0.00429561
93 0.0041595
94 0.00416327
95 0.00413727
96 0.00411179
97 0.00402144
98 0.0040376
99 0.003949
100 0.00396414
101 0.00393319
102 0.00386855
103 0.00381489
104 0.00384454
105 0.00376093
106 0.00377824
107 0.00371823
108 0.00372349
109 0.00364504
110 0.00365466
111 0.00359865
112 0.00357717
113 0.003552
114 0.00351852
115 0.00349066
116 0.00350126
117 0.00343346
118 0.00341187
119 0.00339518
120 0.0033737
121 0.00334418
122 0.00335603
123 0.00328684
124 0.00329174
125 0.00326895
126 0.00325922
127 0.00320705
128 0.00322007
129 0.00318091
130 0.00315007
131 0.00315663
132 0.00313995
133 0.00309297
134 0.00309205
135 0.00305978
136 0.00307616
137 0.00302701
138 0.00300586
139 0.00298409
140 0.00299359
141 0.00294971
142 0.00292737
143 0.00291584
144 0.00290132
145 0.00286346
146 0.00287952
147 0.00282901
148 0.00282941
149 0.00280954
150 0.00280026
151 0.00277268
152 0.00277324
153 0.00273707
154 0.00272093
155 0.00271382
156 0.00270861
157 0.00268722
158 0.00267969
159 0.0026526
160 0.00264426
161 0.00264182
162 0.00261576
163 0.0025992
164 0.0026094
165 0.00257742
166 0.00257663
167 0.0025625
168 0.00254136
169 0.0025231
170 0.00251603
171 0.002505
172 0.00249958
173 0.00248081
174 0.00246808
175 0.00244879
176 0.0024589
177 0.00242088
178 0.00242562
179 0.00240386
180 0.00239503
181 0.00238046
182 0.00237149
183 0.00235894
184 0.00235107
185 0.00234484
186 0.00233103
187 0.00230819
188 0.00231285
189 0.00228761
190 0.00227656
191 0.00228244
192 0.00226735
193 0.00224502
194 0.00225203
195 0.00223126
196 0.00223122
197 0.00221952
198 0.00220247
199 0.0021917
200 0.00218707
201 0.00216818
202 0.00216021
203 0.00215716
204 0.00215321
205 0.00213851
206 0.0021429
207 0.00211735
208 0.00211546
209 0.00210644
210 0.00209695
211 0.00209139
212 0.00208485
213 0.00207392
214 0.00205998
215 0.00205855
216 0.00205783
217 0.00204441
218 0.0020396
219 0.00201908
220 0.00201968
221 0.00201018
222 0.00199408
223 0.00198339
224 0.00198697
225 0.00197365
226 0.00197408
227 0.00196907
228 0.00195996
229 0.00194782
230 0.00195078
231 0.00193733
232 0.00193346
233 0.00192336
234 0.00191338
235 0.00190205
236 0.00191124
237 0.00188666
238 0.00189207
239 0.00188506
240 0.001876
241 0.00187061
242 0.00186662
243 0.00185491
244 0.00184907
245 0.00184374
246 0.0018378
247 0.00182908
248 0.00182997
249 0.00181649
250 0.00180635
251 0.001809
252 0.001803
253 0.00178614
254 0.00178564
255 0.00177986
256 0.00177906
257 0.00176914
258 0.00175933
259 0.00175551
260 0.00175306
261 0.00174268
262 0.00174098
263 0.00172983
264 0.00172337
265 0.00171848
266 0.00172184
267 0.00170808
268 0.00171046
269 0.00170322
270 0.00169605
271 0.00168708
272 0.00168486
273 0.00167667
274 0.0016694
275 0.00166697
276 0.00167172
277 0.00165997
278 0.00165838
279 0.00164783
280 0.00163796
281 0.00164148
282 0.00163631
283 0.00162622
284 0.00163104
285 0.00161586
286 0.00161714
287 0.00161224
288 0.0016057
289 0.00160028
290 0.0015995
291 0.00159292
292 0.00158835
293 0.00158823
294 0.00158144
295 0.0015804
296 0.00157603
297 0.0015667
298 0.00156504
299 0.00156079
300 0.00156167
301 0.00155148
302 0.00155208
303 0.00154613
304 0.00154262
305 0.00153525
306 0.00152357
307 0.00152088
308 0.00152387
309 0.00151278
310 0.00151299
311 0.00150982
312 0.00150211
313 0.00149694
314 0.00149729
315 0.00149339
316 0.0014923
317 0.00148258
318 0.00148553
319 0.00147848
320 0.00148008
321 0.00147707
322 0.00147112
323 0.00146262
324 0.00145788
325 0.00145686
326 0.00145478
327 0.00144654
328 0.00144865
329 0.00144233
330 0.00143462
331 0.00143303
332 0.00143149
333 0.00142279
334 0.00142226
335 0.00141725
336 0.00141932
337 0.00140733
338 0.00140619
339 0.00140137
340 0.0013983
341 0.00139561
342 0.00139343
343 0.00138671
344 0.00138627
345 0.00137734
346 0.00137823
347 0.00137702
348 0.00137192
349 0.00136766
350 0.00136646
351 0.00136155
352 0.00136118
353 0.00135687
354 0.00134968
355 0.00134839
356 0.00134732
357 0.00134258
358 0.00134038
359 0.00133408
360 0.00133112
361 0.00133116
362 0.00132484
363 0.00131792
364 0.00131576
365 0.00131176
366 0.00131091
367 0.00130556
368 0.00130542
369 0.00130194
370 0.00130003
371 0.00129445
372 0.00129344
373 0.00129048
374 0.00128943
375 0.00127998
376 0.00128042
377 0.00127549
378 0.00127485
379 0.00127322
380 0.00127376
381 0.00126859
382 0.00126583
383 0.00126205
384 0.00125902
385 0.00125876
386 0.00125996
387 0.0012531
388 0.0012525
389 0.0012531
390 0.00124577
391 0.00124435
392 0.00124417
393 0.00123822
394 0.00123655
395 0.00123367
396 0.0012316
397 0.00122361
398 0.00122285
399 0.00121994
400 0.00121876
