1 0.498946
2 0.499335
3 0.499312
4 0.499433
5 0.499472
6 0.49959
7 0.499686
8 0.499727
9 0.499774
10 0.499826
11 0.499779
12 0.499781
13 0.49982
14 0.499857
15 0.499871
16 0.499867
17 0.499866
18 0.499878
19 0.499844
20 0.499823
21 0.499844
22 0.499844
23 0.499837
24 0.49986
25 0.49988
26 0.50309
27 0.506036
28 0.509641
29 0.513143
30 0.516691
31 0.520175
32 0.523587
33 0.526882
34 0.530048
35 0.533102
36 0.536063
37 0.53891
38 0.541648
39 0.544267
40 0.546817
41 0.549238
42 0.551581
43 0.553817
44 0.555979
45 0.558043
46 0.560045
47 0.561986
48 0.563846
49 0.565638
50 0.567349
51 0.568999
52 0.570598
53 0.572131
54 0.573638
55 0.575081
56 0.576468
57 0.57778
58 0.579142
59 0.58041
60 0.581642
61 0.582837
62 0.584001
63 0.58512
64 0.586232
65 0.587286
66 0.58833
67 0.589344
68 0.590322
69 0.591287
70 0.592225
71 0.593139
72 0.594018
73 0.594941
74 0.595723
75 0.596531
76 0.59732
77 0.598106
78 0.598854
79 0.599588
80 0.600313
81 0.601017
82 0.601718
83 0.602382
84 0.603055
85 0.603721
86 0.604341
87 0.604955
88 0.605565
89 0.60613
90 0.606741
91 0.607297
92 0.60788
93 0.608424
94 0.60897
95 0.609497
96 0.610018
97 0.610526
98 0.611027
99 0.611512
100 0.611993
101 0.612455
102 0.612937
103 0.613355
104 0.613811
105 0.614222
106 0.614671
107 0.615095
108 0.615508
109 0.615918
110 0.616312
111 0.616703
112 0.617098
113 0.617491
114 0.617865
115 0.618229
116 0.618591
117 0.61893
118 0.619307
119 0.619646
120 0.619982
121 0.620319
122 0.62064
123 0.620964
124 0.621284
125 0.621605
126 0.621907
127 0.622213
128 0.622522
129 0.622803
130 0.623101
131 0.623383
132 0.623673
133 0.623959
134 0.624228
135 0.624492
136 0.624769
137 0.625036
138 0.625296
139 0.625552
140 0.62581
141 0.626057
142 0.626307
143 0.626542
144 0.626785
145 0.627032
146 0.627251
147 0.627491
148 0.62772
149 0.627953
150 0.628173
151 0.628391
152 0.628611
153 0.628829
154 0.629042
155 0.62925
156 0.629457
157 0.629668
158 0.629871
159 0.630069
160 0.630268
161 0.630464
162 0.630659
163 0.63084
164 0.631032
165 0.631212
166 0.631389
167 0.631567
168 0.631753
169 0.631935
170 0.63214
171 0.632212
172 0.632446
173 0.632624
174 0.632794
175 0.632955
176 0.633124
177 0.633291
178 0.633437
179 0.633604
180 0.633761
181 0.633923
182 0.634071
183 0.634223
184 0.634381
185 0.634528
186 0.634659
187 0.634824
188 0.634965
189 0.635109
190 0.635254
191 0.635394
192 0.635537
193 0.635675
194 0.635819
195 0.63593
196 0.63609
197 0.636208
198 0.636358
199 0.6365
200 0.636619
201 0.636748
202 0.636876
203 0.637003
204 0.637123
205 0.637269
206 0.637364
207 0.637486
208 0.637611
209 0.637741
210 0.637848
211 0.637966
212 0.638089
213 0.638204
214 0.638316
215 0.63843
216 0.638541
217 0.638648
218 0.638766
219 0.638879
220 0.638977
221 0.639085
222 0.639195
223 0.639301
224 0.639404
225 0.639505
226 0.639612
227 0.63971
228 0.639818
229 0.639914
230 0.640014
231 0.640116
232 0.640213
233 0.640303
234 0.640399
235 0.640493
236 0.640594
237 0.640691
238 0.64078
239 0.64086
240 0.640965
241 0.641087
242 0.64115
243 0.641247
244 0.641332
245 0.641417
246 0.641511
247 0.641602
248 0.641685
249 0.641773
250 0.64186
251 0.641942
252 0.642028
253 0.642122
254 0.642205
255 0.642309
256 0.642356
257 0.6424
258 0.642502
259 0.642594
260 0.642676
261 0.642756
262 0.642839
263 0.642916
264 0.642991
265 0.643064
266 0.643142
267 0.643211
268 0.643292
269 0.643367
270 0.643438
271 0.643517
272 0.643581
273 0.643624
274 0.643721
275 0.64379
276 0.643861
277 0.643929
278 0.644
279 0.644071
280 0.644141
281 0.644206
282 0.644275
283 0.644344
284 0.644413
285 0.644476
286 0.644546
287 0.644608
288 0.644673
289 0.644739
290 0.644805
291 0.644862
292 0.644923
293 0.645
294 0.645055
295 0.645113
296 0.645177
297 0.645238
298 0.645302
299 0.64536
300 0.645426
301 0.645482
302 0.64554
303 0.645607
304 0.645661
305 0.645714
306 0.645776
307 0.645859
308 0.645887
309 0.645947
310 0.646003
311 0.64606
312 0.646117
313 0.64617
314 0.646226
315 0.646254
316 0.646335
317 0.646382
318 0.64644
319 0.646496
320 0.646546
321 0.646597
322 0.646651
323 0.646701
324 0.646751
325 0.646806
326 0.646852
327 0.646911
328 0.646961
329 0.647017
330 0.647059
331 0.647117
332 0.64716
333 0.647209
334 0.64726
335 0.647312
336 0.64736
337 0.647403
338 0.647455
339 0.647506
340 0.647549
341 0.647571
342 0.647657
343 0.647695
344 0.64774
345 0.647787
346 0.647831
347 0.647879
348 0.647927
349 0.647972
350 0.648019
351 0.648058
352 0.64811
353 0.64815
354 0.6482
355 0.648244
356 0.648282
357 0.64833
358 0.648374
359 0.64841
360 0.648455
361 0.648495
362 0.648538
363 0.648581
364 0.648622
365 0.648673
366 0.6487
367 0.648749
368 0.648792
369 0.648832
370 0.648874
371 0.648913
372 0.64895
373 0.648997
374 0.649035
375 0.649076
376 0.649109
377 0.649149
378 0.649188
379 0.649227
380 0.649265
381 0.649295
382 0.649343
383 0.649385
384 0.649419
385 0.64945
386 0.649492
387 0.649531
388 0.649567
389 0.649607
390 0.649635
391 0.649681
392 0.649717
393 0.649755
394 0.649795
395 0.649826
396 0.649865
397 0.649901
398 0.649941
399 0.64997
400 0.650007
