1 0.458287
2 0.45816
3 0.458356
4 0.458063
5 0.466331
6 0.471299
7 0.47241
8 0.473808
9 0.475822
10 0.476157
11 0.476652
12 0.477507
13 0.477871
14 0.477527
15 0.478553
16 0.479296
17 0.479312
18 0.479963
19 0.479835
20 0.480657
21 0.480801
22 0.481224
23 0.481082
24 0.481529
25 0.482639
26 0.48237
27 0.482748
28 0.482915
29 0.482691
30 0.483018
31 0.483684
32 0.483623
33 0.483912
34 0.483923
35 0.484349
36 0.484331
37 0.484109
38 0.484659
39 0.485126
40 0.484911
41 0.485171
42 0.485285
43 0.485635
44 0.485223
45 0.485518
46 0.485526
47 0.485979
48 0.485841
49 0.48609
50 0.486048
51 0.485941
52 0.486253
53 0.486256
54 0.486231
55 0.486442
56 0.486706
57 0.486463
58 0.486385
59 0.48677
60 0.486847
61 0.487124
62 0.486962
63 0.487134
64 0.487356
65 0.487286
66 0.487409
67 0.487427
68 0.487393
69 0.48744
70 0.487556
71 0.487502
72 0.487602
73 0.487771
74 0.487703
75 0.487783
76 0.487886
77 0.488016
78 0.488027
79 0.488056
80 0.487919
81 0.488103
82 0.488089
83 0.488315
84 0.488128
85 0.48827
86 0.488138
87 0.48841
88 0.488341
89 0.488338
90 0.488433
91 0.488334
92 0.488512
93 0.488466
94 0.488454
95 0.488755
96 0.488606
97 0.488882
98 0.488807
99 0.488907
100 0.488643
101 0.488791
102 0.489064
103 0.488888
104 0.488921
105 0.488877
106 0.489015
107 0.489197
108 0.48905
109 0.488897
110 0.489161
111 0.489044
112 0.489161
113 0.489123
114 0.489115
115 0.489314
116 0.489326
117 0.489442
118 0.489494
119 0.489407
120 0.489326
121 0.489499
122 0.489529
123 0.48958
124 0.48935
125 0.489602
126 0.489537
127 0.489527
128 0.489567
129 0.489796
130 0.489614
131 0.489621
132 0.489748
133 0.489792
134 0.489815
135 0.489841
136 0.489692
137 0.489781
138 0.489841
139 0.489868
140 0.48993
141 0.489923
142 0.490169
143 0.489917
144 0.489748
145 0.489926
146 0.490119
147 0.490139
148 0.490046
149 0.489871
150 0.490082
151 0.489975
152 0.490172
153 0.490043
154 0.490183
155 0.490155
156 0.490182
157 0.490243
158 0.490229
159 0.490277
160 0.490127
161 0.490109
162 0.490183
163 0.4904
164 0.490325
165 0.490361
166 0.490339
167 0.490311
168 0.490338
169 0.490342
170 0.490491
171 0.490247
172 0.490332
173 0.490289
174 0.490394
175 0.490412
176 0.490322
177 0.490432
178 0.490198
179 0.490456
180 0.490447
181 0.490587
182 0.490481
183 0.490511
184 0.490611
185 0.490558
186 0.490612
187 0.490485
188 0.490614
189 0.490681
190 0.490575
191 0.490604
192 0.490873
193 0.490567
194 0.490552
195 0.490753
196 0.490702
197 0.49049
198 0.490618
199 0.490848
200 0.490763
201 0.490659
202 0.490682
203 0.490623
204 0.490873
205 0.490861
206 0.490772
207 0.490877
208 0.490869
209 0.490991
210 0.49101
211 0.490776
212 0.490755
213 0.490926
214 0.490833
215 0.490881
216 0.490818
217 0.490706
218 0.491017
219 0.490864
220 0.491043
221 0.490876
222 0.490957
223 0.491011
224 0.490961
225 0.491089
226 0.491159
227 0.490952
228 0.49089
229 0.490905
230 0.490917
231 0.491083
232 0.491078
233 0.490995
234 0.490952
235 0.49096
236 0.490993
237 0.491198
238 0.491139
239 0.491183
240 0.491032
241 0.491272
242 0.490983
243 0.491161
244 0.491059
245 0.490988
246 0.491101
247 0.491067
248 0.491064
249 0.491164
250 0.49115
251 0.491053
252 0.491195
253 0.491095
254 0.491056
255 0.491176
256 0.491258
257 0.491175
258 0.491328
259 0.491209
260 0.491261
261 0.491081
262 0.49132
263 0.491377
264 0.491355
265 0.491183
266 0.491196
267 0.49112
268 0.491195
269 0.491314
270 0.491376
271 0.491294
272 0.491243
273 0.491192
274 0.491362
275 0.491355
276 0.491327
277 0.491283
278 0.491395
279 0.491369
280 0.491491
281 0.491462
282 0.491419
283 0.491286
284 0.491276
285 0.491528
286 0.491381
287 0.491376
288 0.49154
289 0.491387
290 0.491452
291 0.491253
292 0.491399
293 0.49143
294 0.491475
295 0.491375
296 0.491447
297 0.491488
298 0.491271
299 0.491503
300 0.491478
301 0.491391
302 0.491554
303 0.491367
304 0.491532
305 0.491339
306 0.491476
307 0.491548
308 0.491731
309 0.491486
310 0.491458
311 0.491451
312 0.491633
313 0.49148
314 0.491581
315 0.491299
316 0.491636
317 0.491496
318 0.491614
319 0.491575
320 0.49166
321 0.491493
322 0.491623
323 0.491465
324 0.491452
325 0.491557
326 0.491622
327 0.49161
328 0.491601
329 0.491582
330 0.491644
331 0.491652
332 0.491632
333 0.491728
334 0.491803
335 0.491436
336 0.491787
337 0.491747
338 0.491671
339 0.491575
340 0.491583
341 0.491576
342 0.491591
343 0.491671
344 0.491618
345 0.491728
346 0.491579
347 0.491696
348 0.491628
349 0.491574
350 0.491556
351 0.491538
352 0.491572
353 0.491718
354 0.491684
355 0.491615
356 0.491745
357 0.491662
358 0.491727
359 0.491832
360 0.491882
361 0.491822
362 0.491808
363 0.491758
364 0.491765
365 0.491704
366 0.491682
367 0.491763
368 0.491694
369 0.491709
370 0.491812
371 0.491664
372 0.49197
373 0.491736
374 0.49186
375 0.491784
376 0.491832
377 0.491793
378 0.49184
379 0.491745
380 0.491856
381 0.491776
382 0.491825
383 0.491812
384 0.491787
385 0.491904
386 0.491755
387 0.49183
388 0.4918
389 0.491838
390 0.491876
391 0.491913
392 0.491848
393 0.49177
394 0.491875
395 0.491869
396 0.49191
397 0.491946
398 0.491848
399 0.491926
400 0.491903
