1 0.300066
2 0.299776
3 0.300224
4 0.299554
5 0.319624
6 0.333033
7 0.336204
8 0.340292
9 0.346397
10 0.347438
11 0.348993
12 0.35172
13 0.352895
14 0.351784
15 0.355131
16 0.357606
17 0.357662
18 0.359871
19 0.359433
20 0.362273
21 0.362774
22 0.364264
23 0.363764
24 0.365353
25 0.369386
26 0.368398
27 0.369791
28 0.37041
29 0.369579
30 0.370795
31 0.373309
32 0.373078
33 0.374184
34 0.374228
35 0.375877
36 0.375806
37 0.374944
38 0.377094
39 0.378951
40 0.378092
41 0.379131
42 0.379587
43 0.38101
44 0.379341
45 0.38053
46 0.380566
47 0.382422
48 0.381853
49 0.382879
50 0.382706
51 0.382266
52 0.383558
53 0.383572
54 0.383468
55 0.384353
56 0.385467
57 0.384438
58 0.384113
59 0.38574
60 0.38607
61 0.387258
62 0.386561
63 0.387303
64 0.388268
65 0.387961
66 0.388499
67 0.388578
68 0.388426
69 0.388632
70 0.389144
71 0.388904
72 0.389343
73 0.390093
74 0.389789
75 0.390147
76 0.390604
77 0.391183
78 0.391233
79 0.391365
80 0.390749
81 0.391575
82 0.391514
83 0.392533
84 0.391687
85 0.392329
86 0.391734
87 0.392969
88 0.392653
89 0.392638
90 0.393072
91 0.392622
92 0.393434
93 0.393223
94 0.393169
95 0.394552
96 0.393866
97 0.395145
98 0.394795
99 0.395259
100 0.394037
101 0.394719
102 0.395998
103 0.395172
104 0.395327
105 0.395119
106 0.395767
107 0.396624
108 0.395932
109 0.395212
110 0.396452
111 0.395903
112 0.396452
113 0.396272
114 0.396238
115 0.39718
116 0.397237
117 0.397788
118 0.39804
119 0.397623
120 0.397238
121 0.398061
122 0.398205
123 0.398455
124 0.397349
125 0.39856
126 0.398248
127 0.398199
128 0.398392
129 0.399499
130 0.398616
131 0.398651
132 0.399267
133 0.399479
134 0.399594
135 0.399717
136 0.398994
137 0.399426
138 0.399719
139 0.399852
140 0.400154
141 0.400119
142 0.401336
143 0.400092
144 0.399265
145 0.400135
146 0.401086
147 0.401184
148 0.400727
149 0.399865
150 0.400905
151 0.400377
152 0.401348
153 0.400712
154 0.401406
155 0.401264
156 0.401399
157 0.401703
158 0.401632
159 0.401872
160 0.401125
161 0.401039
162 0.401404
163 0.402488
164 0.402115
165 0.402294
166 0.402186
167 0.402041
168 0.402176
169 0.402198
170 0.40295
171 0.401723
172 0.40215
173 0.401933
174 0.402459
175 0.402548
176 0.402098
177 0.402651
178 0.401477
179 0.40277
180 0.402729
181 0.403436
182 0.402898
183 0.403051
184 0.403559
185 0.403286
186 0.403562
187 0.40292
188 0.403572
189 0.403912
190 0.403373
191 0.40352
192 0.404902
193 0.403332
194 0.403257
195 0.404283
196 0.40402
197 0.402942
198 0.403593
199 0.404773
200 0.404334
201 0.403801
202 0.403919
203 0.40362
204 0.404898
205 0.404835
206 0.404382
207 0.404922
208 0.404879
209 0.405513
210 0.405608
211 0.404398
212 0.404293
213 0.405173
214 0.404692
215 0.404941
216 0.404614
217 0.40404
218 0.405645
219 0.404851
220 0.405783
221 0.404915
222 0.405332
223 0.405614
224 0.405355
225 0.40602
226 0.406389
227 0.405307
228 0.404988
229 0.405063
230 0.405128
231 0.405991
232 0.405965
233 0.40553
234 0.40531
235 0.405352
236 0.405519
237 0.406595
238 0.406282
239 0.406513
240 0.405726
241 0.406985
242 0.405469
243 0.406397
244 0.405867
245 0.405497
246 0.406083
247 0.405909
248 0.405891
249 0.406416
250 0.406339
251 0.405835
252 0.406575
253 0.406055
254 0.405848
255 0.406479
256 0.406907
257 0.406471
258 0.40728
259 0.406649
260 0.406923
261 0.405979
262 0.407237
263 0.407539
264 0.407422
265 0.406512
266 0.406584
267 0.406183
268 0.406578
269 0.407204
270 0.407534
271 0.407098
272 0.406831
273 0.406562
274 0.407457
275 0.407422
276 0.407276
277 0.40704
278 0.407634
279 0.407495
280 0.408145
281 0.407994
282 0.40776
283 0.407056
284 0.407002
285 0.408344
286 0.407559
287 0.407532
288 0.40841
289 0.407593
290 0.407937
291 0.406881
292 0.407655
293 0.407822
294 0.408064
295 0.407529
296 0.40791
297 0.408129
298 0.40698
299 0.408211
300 0.408075
301 0.407615
302 0.408485
303 0.407486
304 0.408369
305 0.407335
306 0.408066
307 0.40845
308 0.409439
309 0.408118
310 0.407968
311 0.407933
312 0.408909
313 0.408088
314 0.408628
315 0.407125
316 0.408925
317 0.408174
318 0.408808
319 0.408599
320 0.409054
321 0.408159
322 0.408856
323 0.408009
324 0.407938
325 0.408503
326 0.40885
327 0.408788
328 0.408739
329 0.408637
330 0.408971
331 0.409013
332 0.408903
333 0.409423
334 0.409835
335 0.407852
336 0.409746
337 0.409525
338 0.409115
339 0.408597
340 0.408639
341 0.408602
342 0.408685
343 0.409114
344 0.408831
345 0.409424
346 0.408619
347 0.409248
348 0.408882
349 0.408593
350 0.408496
351 0.408396
352 0.408583
353 0.409371
354 0.409184
355 0.408812
356 0.409514
357 0.409068
358 0.409419
359 0.409988
360 0.410262
361 0.409935
362 0.409861
363 0.409587
364 0.409628
365 0.409292
366 0.409174
367 0.409614
368 0.409238
369 0.409319
370 0.40988
371 0.409077
372 0.410747
373 0.409467
374 0.410142
375 0.409731
376 0.409989
377 0.40978
378 0.410032
379 0.409514
380 0.41012
381 0.409683
382 0.409953
383 0.409882
384 0.409747
385 0.410383
386 0.409573
387 0.409979
388 0.409814
389 0.410024
390 0.410234
391 0.410434
392 0.410078
393 0.409655
394 0.410227
395 0.410192
396 0.410415
397 0.410615
398 0.410078
399 0.410505
400 0.410377
