1 0.458075
2 0.33819
3 0.287231
4 0.258676
5 0.239133
6 0.225583
7 0.209062
8 0.198465
9 0.190789
10 0.184094
11 0.179095
12 0.174529
13 0.169136
14 0.165241
15 0.162109
16 0.159408
17 0.156653
18 0.154441
19 0.152647
20 0.150719
21 0.149094
22 0.147866
23 0.146518
24 0.145483
25 0.144088
26 0.143276
27 0.142452
28 0.141486
29 0.140927
30 0.140218
31 0.139613
32 0.138765
33 0.138495
34 0.137634
35 0.137213
36 0.136739
37 0.136398
38 0.135931
39 0.135658
40 0.135238
41 0.134629
42 0.134399
43 0.134092
44 0.133942
45 0.133627
46 0.133251
47 0.133127
48 0.132812
49 0.132546
50 0.132319
51 0.131964
52 0.131942
53 0.131808
54 0.131737
55 0.131215
56 0.131156
57 0.131023
58 0.130926
59 0.130689
60 0.130688
61 0.130339
62 0.130239
63 0.130038
64 0.129776
65 0.12979
66 0.129715
67 0.129665
68 0.129548
69 0.129443
70 0.129303
71 0.129145
72 0.129074
73 0.128851
74 0.12887
75 0.128838
76 0.128666
77 0.12862
78 0.128514
79 0.12836
80 0.128354
81 0.128347
82 0.128061
83 0.128183
84 0.12798
85 0.127829
86 0.127847
87 0.127798
88 0.127658
89 0.127587
90 0.127592
91 0.127439
92 0.127472
93 0.127708
94 0.127382
95 0.127133
96 0.127212
97 0.127103
98 0.126952
99 0.127023
100 0.126906
101 0.126847
102 0.126786
103 0.126783
104 0.126662
105 0.126566
106 0.126616
107 0.126597
108 0.12657
109 0.126593
110 0.126393
111 0.126514
112 0.126331
113 0.12645
114 0.126397
115 0.126214
116 0.126169
117 0.126114
118 0.126178
119 0.126008
120 0.125982
121 0.126016
122 0.125882
123 0.125929
124 0.125845
125 0.125756
126 0.125718
127 0.125789
128 0.125515
129 0.125707
130 0.12557
131 0.125663
132 0.125585
133 0.125464
134 0.125609
135 0.125501
136 0.125366
137 0.125452
138 0.125362
139 0.125289
140 0.125388
141 0.125353
142 0.125265
143 0.125176
144 0.125238
145 0.125175
146 0.124997
147 0.125012
148 0.125036
149 0.124983
150 0.125006
151 0.124952
152 0.125009
153 0.124938
154 0.124869
155 0.124817
156 0.124865
157 0.124761
158 0.124776
159 0.124811
160 0.124774
161 0.12487
162 0.124711
163 0.124693
164 0.124628
165 0.124652
166 0.124614
167 0.124645
168 0.124586
169 0.12455
170 0.124402
171 0.12468
172 0.124445
173 0.124442
174 0.124434
175 0.124418
176 0.124365
177 0.12439
178 0.124314
179 0.124279
180 0.124281
181 0.124172
182 0.124352
183 0.124192
184 0.124288
185 0.124238
186 0.124269
187 0.124138
188 0.124171
189 0.124134
190 0.124071
191 0.124126
192 0.124025
193 0.124001
194 0.124127
195 0.123933
196 0.123955
197 0.123995
198 0.124033
199 0.123939
200 0.123922
201 0.123975
202 0.123909
203 0.123883
204 0.123836
205 0.123479
206 0.123799
207 0.12383
208 0.123806
209 0.123832
210 0.123834
211 0.123693
212 0.123755
213 0.123782
214 0.123628
215 0.123703
216 0.123724
217 0.123575
218 0.12362
219 0.123658
220 0.123536
221 0.123575
222 0.123562
223 0.12363
224 0.123567
225 0.123551
226 0.12351
227 0.123465
228 0.123486
229 0.1235
230 0.123505
231 0.123452
232 0.12344
233 0.123388
234 0.12349
235 0.12336
236 0.123409
237 0.123341
238 0.123283
239 0.123359
240 0.123296
241 0.123427
242 0.123206
243 0.1233
244 0.123271
245 0.123223
246 0.123216
247 0.12322
248 0.123218
249 0.123212
250 0.12317
251 0.123109
252 0.123114
253 0.123131
254 0.123066
255 0.123085
256 0.123074
257 0.123023
258 0.123084
259 0.12305
260 0.123084
261 0.123126
262 0.123096
263 0.123035
264 0.123003
265 0.122956
266 0.122969
267 0.123018
268 0.123021
269 0.122936
270 0.123041
271 0.122828
272 0.122879
273 0.122921
274 0.122934
275 0.122888
276 0.122931
277 0.122893
278 0.12281
279 0.122889
280 0.122843
281 0.122817
282 0.122853
283 0.12283
284 0.122765
285 0.122719
286 0.122773
287 0.122812
288 0.122785
289 0.122673
290 0.12274
291 0.12279
292 0.122716
293 0.122724
294 0.122681
295 0.122702
296 0.122686
297 0.122661
298 0.122661
299 0.122629
300 0.122638
301 0.122578
302 0.122592
303 0.122663
304 0.122627
305 0.122556
306 0.1226
307 0.122527
308 0.122528
309 0.122549
310 0.122491
311 0.122545
312 0.1225
313 0.12248
314 0.122497
315 0.122453
316 0.122523
317 0.122418
318 0.122442
319 0.122426
320 0.122435
321 0.122479
322 0.122492
323 0.122477
324 0.12243
325 0.122478
326 0.122407
327 0.122389
328 0.122395
329 0.122421
330 0.122347
331 0.122387
332 0.122356
333 0.122373
334 0.122336
335 0.122342
336 0.122337
337 0.122264
338 0.122322
339 0.122344
340 0.122281
341 0.122526
342 0.122413
343 0.122252
344 0.122224
345 0.122307
346 0.12225
347 0.122279
348 0.122211
349 0.122217
350 0.122239
351 0.122268
352 0.12222
353 0.122233
354 0.122201
355 0.122211
356 0.122188
357 0.122154
358 0.122176
359 0.122178
360 0.122199
361 0.122191
362 0.122091
363 0.122185
364 0.122104
365 0.122118
366 0.1221
367 0.122079
368 0.122092
369 0.1221
370 0.122073
371 0.122042
372 0.122068
373 0.122002
374 0.122042
375 0.122056
376 0.122091
377 0.122097
378 0.121942
379 0.122045
380 0.12197
381 0.121962
382 0.121978
383 0.12196
384 0.121947
385 0.122028
386 0.121939
387 0.12203
388 0.121981
389 0.121895
390 0.122023
391 0.121923
392 0.121899
393 0.121899
394 0.121956
395 0.121906
396 0.121951
397 0.121874
398 0.121946
399 0.121834
400 0.121892
