1 0.299581
2 0.299955
3 0.299542
4 0.300402
5 0.299414
6 0.299939
7 0.317951
8 0.325074
9 0.32702
10 0.33034
11 0.333775
12 0.334406
13 0.345468
14 0.349164
15 0.352394
16 0.354723
17 0.357286
18 0.358065
19 0.361684
20 0.36344
21 0.365409
22 0.368028
23 0.369185
24 0.371221
25 0.371971
26 0.373358
27 0.374933
28 0.375882
29 0.377051
30 0.37871
31 0.379331
32 0.379507
33 0.380821
34 0.381461
35 0.382602
36 0.384271
37 0.384572
38 0.384882
39 0.385954
40 0.385752
41 0.387061
42 0.38699
43 0.388306
44 0.388582
45 0.387977
46 0.38895
47 0.390445
48 0.390435
49 0.390537
50 0.390799
51 0.391766
52 0.392335
53 0.391539
54 0.392539
55 0.39383
56 0.394006
57 0.394303
58 0.394165
59 0.395426
60 0.394876
61 0.395727
62 0.396356
63 0.395568
64 0.39516
65 0.396028
66 0.396411
67 0.396745
68 0.397903
69 0.397563
70 0.396862
71 0.397827
72 0.397797
73 0.397946
74 0.398653
75 0.398367
76 0.399094
77 0.399037
78 0.399391
79 0.399249
80 0.400074
81 0.399509
82 0.399819
83 0.401178
84 0.400074
85 0.400041
86 0.401083
87 0.400955
88 0.4015
89 0.401
90 0.401307
91 0.401464
92 0.401785
93 0.401192
94 0.40178
95 0.401728
96 0.401376
97 0.402987
98 0.403016
99 0.403454
100 0.403048
101 0.403305
102 0.402734
103 0.402794
104 0.40401
105 0.403544
106 0.404217
107 0.403091
108 0.402967
109 0.403704
110 0.403683
111 0.404057
112 0.403942
113 0.403967
114 0.403996
115 0.40311
116 0.404654
117 0.404802
118 0.404997
119 0.405121
120 0.405018
121 0.40439
122 0.405051
123 0.404027
124 0.405503
125 0.405479
126 0.405272
127 0.405789
128 0.405725
129 0.405302
130 0.406381
131 0.406058
132 0.406135
133 0.40659
134 0.405989
135 0.406853
136 0.407357
137 0.407482
138 0.406976
139 0.40547
140 0.406557
141 0.406836
142 0.406027
143 0.406527
144 0.406471
145 0.405771
146 0.406659
147 0.407463
148 0.407693
149 0.40706
150 0.406575
151 0.406461
152 0.408087
153 0.407298
154 0.406789
155 0.407784
156 0.406983
157 0.408259
158 0.408454
159 0.407026
160 0.407756
161 0.407159
162 0.407992
163 0.408305
164 0.408201
165 0.407829
166 0.407837
167 0.408588
168 0.408877
169 0.408821
170 0.407965
171 0.407909
172 0.407847
173 0.408729
174 0.409037
175 0.408263
176 0.408942
177 0.40917
178 0.408708
179 0.40888
180 0.409225
181 0.40846
182 0.408788
183 0.409331
184 0.409567
185 0.409063
186 0.408824
187 0.408484
188 0.410035
189 0.409559
190 0.408352
191 0.409979
192 0.409561
193 0.409447
194 0.408784
195 0.409002
196 0.408752
197 0.408803
198 0.408816
199 0.410132
200 0.409829
201 0.409385
202 0.409612
203 0.409147
204 0.409791
205 0.410013
206 0.40998
207 0.40951
208 0.409545
209 0.410076
210 0.410127
211 0.410193
212 0.409802
213 0.410189
214 0.411036
215 0.410434
216 0.410803
217 0.410132
218 0.410732
219 0.410271
220 0.410755
221 0.410782
222 0.410743
223 0.410801
224 0.411246
225 0.411638
226 0.41148
227 0.410582
228 0.41076
229 0.411633
230 0.411273
231 0.411458
232 0.411422
233 0.410482
234 0.410996
235 0.410694
236 0.410906
237 0.411647
238 0.411207
239 0.411456
240 0.410632
241 0.410512
242 0.412161
243 0.411693
244 0.411271
245 0.410974
246 0.411363
247 0.410516
248 0.411268
249 0.411464
250 0.410663
251 0.410845
252 0.411403
253 0.411162
254 0.41274
255 0.41208
256 0.41265
257 0.412619
258 0.41076
259 0.411528
260 0.411506
261 0.411076
262 0.411886
263 0.411757
264 0.410563
265 0.411422
266 0.411642
267 0.412081
268 0.411727
269 0.411455
270 0.411756
271 0.412954
272 0.411678
273 0.411509
274 0.412398
275 0.411424
276 0.411538
277 0.411776
278 0.411202
279 0.412439
280 0.411917
281 0.412469
282 0.412409
283 0.411625
284 0.412172
285 0.412645
286 0.412876
287 0.411814
288 0.412604
289 0.412429
290 0.412392
291 0.412481
292 0.41331
293 0.413329
294 0.413361
295 0.413035
296 0.411409
297 0.41267
298 0.412179
299 0.412391
300 0.412996
301 0.412357
302 0.412752
303 0.41257
304 0.412253
305 0.413036
306 0.413132
307 0.413058
308 0.412623
309 0.41252
310 0.412412
311 0.412491
312 0.411943
313 0.413195
314 0.413238
315 0.412158
316 0.413272
317 0.413599
318 0.412824
319 0.412144
320 0.412557
321 0.413644
322 0.412495
323 0.413115
324 0.412907
325 0.41327
326 0.413179
327 0.412478
328 0.412507
329 0.41293
330 0.412934
331 0.413237
332 0.414047
333 0.413788
334 0.41339
335 0.412879
336 0.413571
337 0.412839
338 0.412732
339 0.412481
340 0.414444
341 0.413494
342 0.413631
343 0.413333
344 0.413035
345 0.413074
346 0.414097
347 0.413311
348 0.413768
349 0.413403
350 0.413608
351 0.413254
352 0.412836
353 0.413661
354 0.413637
355 0.414001
356 0.413948
357 0.413809
358 0.414175
359 0.413216
360 0.413377
361 0.413596
362 0.412907
363 0.41375
364 0.414003
365 0.413351
366 0.413947
367 0.413341
368 0.414694
369 0.413971
370 0.413539
371 0.413294
372 0.413828
373 0.41367
374 0.414173
375 0.413813
376 0.413957
377 0.413183
378 0.4145
379 0.412885
380 0.413525
381 0.413816
382 0.414007
383 0.413711
384 0.414043
385 0.413511
386 0.41471
387 0.41365
388 0.414587
389 0.41436
390 0.413439
391 0.413397
392 0.41275
393 0.414941
394 0.414383
395 0.414014
396 0.41428
397 0.41383
398 0.414078
399 0.414018
400 0.414089
