1 0.120584
2 0.120584
3 0.120584
4 0.120584
5 0.120584
6 0.120584
7 0.101476
8 0.0950973
9 0.0941679
10 0.0903394
11 0.0870976
12 0.0857475
13 0.0751506
14 0.0713741
15 0.068513
16 0.0656108
17 0.0632715
18 0.0614389
19 0.0584271
20 0.056782
21 0.0541905
22 0.0522101
23 0.0506954
24 0.0495252
25 0.0478764
26 0.0466126
27 0.0452358
28 0.0444197
29 0.043144
30 0.0421792
31 0.0412556
32 0.0401591
33 0.0391992
34 0.0385504
35 0.0376911
36 0.0369161
37 0.0362182
38 0.0355926
39 0.0349118
40 0.0343384
41 0.0336262
42 0.033158
43 0.03266
44 0.0321212
45 0.0316134
46 0.0311577
47 0.0304461
48 0.0302606
49 0.0296923
50 0.0292939
51 0.0288813
52 0.0285104
53 0.0281694
54 0.027747
55 0.0273005
56 0.026895
57 0.0265448
58 0.0261706
59 0.0259756
60 0.0255672
61 0.0253183
62 0.025005
63 0.0248831
64 0.0245398
65 0.0242479
66 0.0239702
67 0.0236917
68 0.0234174
69 0.0231835
70 0.0230753
71 0.0226836
72 0.0226089
73 0.0223222
74 0.0220855
75 0.0218219
76 0.0215916
77 0.0214212
78 0.0211626
79 0.0209775
80 0.0208372
81 0.0206429
82 0.020507
83 0.0202424
84 0.0200525
85 0.0199519
86 0.0198003
87 0.0196478
88 0.0194077
89 0.0193248
90 0.0191299
91 0.0189422
92 0.0187865
93 0.0187525
94 0.0186007
95 0.0184326
96 0.0183063
97 0.0180877
98 0.0180292
99 0.0178653
100 0.0176899
101 0.0176571
102 0.0174703
103 0.0173312
104 0.0172468
105 0.0171779
106 0.016981
107 0.0168806
108 0.0168259
109 0.0166538
110 0.0165135
111 0.0164448
112 0.0163101
113 0.016236
114 0.0160868
115 0.0159118
116 0.0159023
117 0.0158586
118 0.0156599
119 0.0156233
120 0.0154203
121 0.0154558
122 0.0152531
123 0.0152654
124 0.0151782
125 0.0150683
126 0.0149262
127 0.0148883
128 0.0147971
129 0.0147425
130 0.0146521
131 0.0146065
132 0.0144698
133 0.0144124
134 0.0143672
135 0.0143036
136 0.0141058
137 0.0141153
138 0.0140331
139 0.0139319
140 0.0138719
141 0.0138337
142 0.0137968
143 0.0137205
144 0.0135365
145 0.0135335
146 0.0134327
147 0.0133588
148 0.0133043
149 0.0132687
150 0.0132155
151 0.0131492
152 0.0130813
153 0.0130021
154 0.0129269
155 0.012862
156 0.0127815
157 0.012745
158 0.0126477
159 0.0126609
160 0.012557
161 0.0124757
162 0.012497
163 0.0124306
164 0.0123553
165 0.0123516
166 0.0122516
167 0.0121795
168 0.012135
169 0.0120247
170 0.0120423
171 0.0120151
172 0.0119151
173 0.0118661
174 0.0118885
175 0.0117913
176 0.0117244
177 0.0116728
178 0.011633
179 0.011518
180 0.0115022
181 0.0114779
182 0.0114141
183 0.011397
184 0.01137
185 0.0112709
186 0.0112559
187 0.0112563
188 0.0111402
189 0.0111131
190 0.011079
191 0.0110334
192 0.0110044
193 0.0109732
194 0.010946
195 0.0109747
196 0.0108759
197 0.0107242
198 0.0107522
199 0.0106655
200 0.0106863
201 0.0105818
202 0.0105849
203 0.0105622
204 0.0105413
205 0.0104381
206 0.0104475
207 0.0104019
208 0.0103009
209 0.0103666
210 0.0103281
211 0.0102408
212 0.0102335
213 0.0101393
214 0.0101394
215 0.0100832
216 0.0100801
217 0.010008
218 0.00997455
219 0.00997155
220 0.0099415
221 0.00992292
222 0.00991917
223 0.00987392
224 0.00982337
225 0.00976673
226 0.00974352
227 0.00975224
228 0.00968461
229 0.00962833
230 0.00962471
231 0.00963006
232 0.00962329
233 0.00957442
234 0.00954646
235 0.00943645
236 0.00939351
237 0.00944723
238 0.00939459
239 0.0093171
240 0.00930795
241 0.00929025
242 0.00925041
243 0.00920576
244 0.00922864
245 0.00919014
246 0.00918302
247 0.00915761
248 0.00907139
249 0.00905507
250 0.00909849
251 0.00904188
252 0.00901225
253 0.00898092
254 0.00893905
255 0.00893333
256 0.00886337
257 0.00884019
258 0.00881834
259 0.00880832
260 0.0087647
261 0.00874973
262 0.00873828
263 0.0087162
264 0.00869365
265 0.00864122
266 0.0086448
267 0.00858183
268 0.00859802
269 0.00854928
270 0.00851822
271 0.008551
272 0.0085116
273 0.0084651
274 0.00844159
275 0.0084456
276 0.0083878
277 0.00842151
278 0.00835035
279 0.00832407
280 0.00833956
281 0.00831871
282 0.00828317
283 0.00824958
284 0.0082209
285 0.00820381
286 0.00817804
287 0.00814568
288 0.00813306
289 0.00813967
290 0.00812021
291 0.00809187
292 0.00809329
293 0.00805141
294 0.0080173
295 0.00800383
296 0.00795939
297 0.00793225
298 0.00797232
299 0.00794227
300 0.00786706
301 0.00788598
302 0.00785837
303 0.0078469
304 0.00780712
305 0.00778924
306 0.00778312
307 0.00771488
308 0.00776232
309 0.00775143
310 0.00767535
311 0.00766956
312 0.00768006
313 0.00765566
314 0.00762956
315 0.00762294
316 0.00760467
317 0.00758171
318 0.00760502
319 0.0075543
320 0.00754788
321 0.00748397
322 0.00748178
323 0.00749632
324 0.00745838
325 0.0074441
326 0.00744765
327 0.00741811
328 0.00737966
329 0.00738359
330 0.00734043
331 0.00737653
332 0.00734262
333 0.00729989
334 0.00729933
335 0.0072453
336 0.00726081
337 0.00732207
338 0.00726052
339 0.00726656
340 0.00721288
341 0.00716109
342 0.00717731
343 0.00716628
344 0.00714383
345 0.007134
346 0.00708127
347 0.00709009
348 0.00706959
349 0.00706834
350 0.00708126
351 0.00704713
352 0.00704101
353 0.00700294
354 0.00698117
355 0.00695502
356 0.00693224
357 0.00695807
358 0.00692425
359 0.00691096
360 0.00690548
361 0.00687631
362 0.0069003
363 0.00688243
364 0.00685083
365 0.0068265
366 0.00680987
367 0.0068099
368 0.00678862
369 0.00676893
370 0.00670866
371 0.00675175
372 0.0067462
373 0.00669557
374 0.00668773
375 0.0066773
376 0.00666825
377 0.00667823
378 0.00665384
379 0.00665397
380 0.00660345
381 0.00658126
382 0.00659019
383 0.00658811
384 0.00657724
385 0.00654478
386 0.00653889
387 0.00654676
388 0.0065148
389 0.00645095
390 0.006492
391 0.00649013
392 0.00646877
393 0.00645293
394 0.00642545
395 0.00643391
396 0.00641738
397 0.00640625
398 0.00641192
399 0.00638955
400 0.00634577
