1 0.393681
2 0.413473
3 0.415263
4 0.430748
5 0.440631
6 0.442676
7 0.483359
8 0.497624
9 0.503131
10 0.516341
11 0.526658
12 0.532565
13 0.544961
14 0.55154
15 0.559548
16 0.56759
17 0.575931
18 0.581948
19 0.589465
20 0.595228
21 0.60105
22 0.605421
23 0.61152
24 0.615008
25 0.620319
26 0.623024
27 0.627595
28 0.631791
29 0.63562
30 0.638941
31 0.641877
32 0.646782
33 0.649743
34 0.652107
35 0.656184
36 0.659348
37 0.662181
38 0.664277
39 0.667694
40 0.669243
41 0.672894
42 0.674868
43 0.676895
44 0.679469
45 0.681826
46 0.683274
47 0.686557
48 0.687251
49 0.690229
50 0.692156
51 0.693735
52 0.695494
53 0.697215
54 0.700026
55 0.701491
56 0.703902
57 0.705952
58 0.708246
59 0.708731
60 0.711091
61 0.712436
62 0.713497
63 0.714811
64 0.716431
65 0.717703
66 0.719373
67 0.721176
68 0.722622
69 0.723783
70 0.724538
71 0.726244
72 0.727025
73 0.728284
74 0.729517
75 0.731655
76 0.732769
77 0.733693
78 0.734851
79 0.736056
80 0.737609
81 0.738478
82 0.739237
83 0.741162
84 0.74177
85 0.74334
86 0.744173
87 0.744391
88 0.746484
89 0.74667
90 0.747543
91 0.749031
92 0.749897
93 0.750638
94 0.751491
95 0.752931
96 0.753411
97 0.754696
98 0.755036
99 0.756591
100 0.757716
101 0.757246
102 0.758572
103 0.759835
104 0.760622
105 0.761181
106 0.762227
107 0.762959
108 0.763278
109 0.764287
110 0.76558
111 0.765421
112 0.76659
113 0.767377
114 0.769068
115 0.770202
116 0.769997
117 0.769919
118 0.771395
119 0.772027
120 0.773321
121 0.772837
122 0.774604
123 0.774521
124 0.775175
125 0.775905
126 0.776793
127 0.777437
128 0.778026
129 0.778206
130 0.778914
131 0.778958
132 0.780908
133 0.780794
134 0.781401
135 0.782361
136 0.782898
137 0.782905
138 0.78345
139 0.784552
140 0.785149
141 0.785399
142 0.785036
143 0.786321
144 0.787613
145 0.787244
146 0.788448
147 0.788901
148 0.789465
149 0.790023
150 0.790174
151 0.790726
152 0.791367
153 0.791888
154 0.792411
155 0.793096
156 0.793791
157 0.793542
158 0.794876
159 0.79485
160 0.795317
161 0.796252
162 0.796296
163 0.796607
164 0.797311
165 0.79734
166 0.798136
167 0.798483
168 0.799153
169 0.799865
170 0.799833
171 0.800613
172 0.801163
173 0.801233
174 0.80116
175 0.802153
176 0.802636
177 0.802755
178 0.803014
179 0.804116
180 0.804765
181 0.804213
182 0.80498
183 0.805898
184 0.805243
185 0.806089
186 0.80647
187 0.806686
188 0.807828
189 0.80791
190 0.808218
191 0.808046
192 0.80855
193 0.808737
194 0.808901
195 0.809102
196 0.809659
197 0.811249
198 0.810977
199 0.812042
200 0.811539
201 0.812423
202 0.812856
203 0.812805
204 0.813046
205 0.813827
206 0.81403
207 0.814399
208 0.815251
209 0.814497
210 0.814664
211 0.8155
212 0.81575
213 0.816537
214 0.816846
215 0.816436
216 0.817565
217 0.817379
218 0.817983
219 0.818326
220 0.818609
221 0.817786
222 0.818351
223 0.819444
224 0.819927
225 0.820251
226 0.820538
227 0.819993
228 0.820874
229 0.821239
230 0.821089
231 0.82148
232 0.821175
233 0.821741
234 0.822379
235 0.822841
236 0.823533
237 0.823012
238 0.823671
239 0.824492
240 0.824776
241 0.824943
242 0.824755
243 0.825524
244 0.825589
245 0.825701
246 0.82603
247 0.826303
248 0.826371
249 0.826746
250 0.826666
251 0.827363
252 0.827433
253 0.82777
254 0.827681
255 0.828055
256 0.829
257 0.828901
258 0.829149
259 0.829259
260 0.829765
261 0.830063
262 0.830335
263 0.830373
264 0.830504
265 0.831253
266 0.830663
267 0.832107
268 0.831537
269 0.831562
270 0.832464
271 0.831915
272 0.832166
273 0.832721
274 0.833259
275 0.833257
276 0.833687
277 0.833108
278 0.833983
279 0.834247
280 0.833937
281 0.834445
282 0.834831
283 0.835318
284 0.835695
285 0.835477
286 0.835495
287 0.835881
288 0.836151
289 0.836675
290 0.836549
291 0.836998
292 0.836989
293 0.837027
294 0.837432
295 0.837813
296 0.837434
297 0.838506
298 0.838266
299 0.838329
300 0.838992
301 0.838806
302 0.839613
303 0.839459
304 0.839862
305 0.840178
306 0.839827
307 0.840615
308 0.840295
309 0.840067
310 0.841263
311 0.841318
312 0.841133
313 0.841181
314 0.842183
315 0.841835
316 0.842198
317 0.842578
318 0.842083
319 0.842583
320 0.842761
321 0.842968
322 0.843139
323 0.842984
324 0.843117
325 0.843663
326 0.843689
327 0.844138
328 0.844778
329 0.844165
330 0.845354
331 0.844398
332 0.844829
333 0.845291
334 0.845364
335 0.846092
336 0.845742
337 0.845359
338 0.845742
339 0.845869
340 0.84616
341 0.846929
342 0.846653
343 0.846341
344 0.846678
345 0.847083
346 0.84775
347 0.847738
348 0.847888
349 0.848179
350 0.84766
351 0.847905
352 0.847906
353 0.84843
354 0.849177
355 0.849258
356 0.849232
357 0.849075
358 0.849444
359 0.849613
360 0.84964
361 0.850021
362 0.849687
363 0.849788
364 0.850389
365 0.850438
366 0.85047
367 0.850673
368 0.850999
369 0.851382
370 0.851647
371 0.851288
372 0.851498
373 0.851906
374 0.852231
375 0.852282
376 0.852456
377 0.852141
378 0.852523
379 0.852571
380 0.853075
381 0.853557
382 0.853596
383 0.853382
384 0.853804
385 0.853472
386 0.854104
387 0.853684
388 0.8542
389 0.854982
390 0.853982
391 0.854404
392 0.854847
393 0.855122
394 0.855223
395 0.855146
396 0.855605
397 0.855235
398 0.85547
399 0.855761
400 0.85622
