1 2.60861
2 1.76352
3 1.23518
4 0.91204
5 0.727194
6 0.629688
7 0.590215
8 0.586812
9 0.60823
10 0.644855
11 0.690796
12 0.742871
13 0.798774
14 0.856898
15 0.934249
16 0.52308
17 0.340942
18 0.274641
19 0.279126
20 0.272788
21 0.288447
22 0.247056
23 0.245201
24 0.214464
25 0.203452
26 0.185862
27 0.175913
28 0.163539
29 0.15723
30 0.151027
31 0.147752
32 0.144082
33 0.141911
34 0.138979
35 0.136868
36 0.134636
37 0.132749
38 0.130848
39 0.129273
40 0.127131
41 0.125199
42 0.123058
43 0.121192
44 0.119093
45 0.117057
46 0.115055
47 0.113089
48 0.111271
49 0.109398
50 0.107709
51 0.106115
52 0.104596
53 0.103099
54 0.101812
55 0.100525
56 0.0992928
57 0.0980871
58 0.0971208
59 0.0960237
60 0.0949521
61 0.0939393
62 0.092862
63 0.0918818
64 0.0908686
65 0.0899172
66 0.0889469
67 0.08797
68 0.0869727
69 0.0860026
70 0.0850733
71 0.0841119
72 0.0831972
73 0.0822975
74 0.0813433
75 0.0804956
76 0.0796087
77 0.0787415
78 0.0779032
79 0.0770227
80 0.0762646
81 0.0753962
82 0.0747243
83 0.0739852
84 0.073281
85 0.0725238
86 0.0718391
87 0.0711395
88 0.0704486
89 0.0697688
90 0.0690464
91 0.0684809
92 0.0678664
93 0.0672736
94 0.066709
95 0.0660625
96 0.0655243
97 0.064953
98 0.0643785
99 0.0638467
100 0.0632983
101 0.0627711
102 0.0622627
103 0.0616963
104 0.0612014
105 0.0607574
106 0.0602384
107 0.0597678
108 0.0593695
109 0.058894
110 0.058461
111 0.0580265
112 0.0575827
113 0.0571262
114 0.0567122
115 0.0562703
116 0.0558701
117 0.0554212
118 0.0550466
119 0.0546313
120 0.0542456
121 0.0538108
122 0.0534772
123 0.0530771
124 0.0527293
125 0.0523514
126 0.0520209
127 0.0516211
128 0.0513036
129 0.0509713
130 0.0506286
131 0.0503002
132 0.0498951
133 0.0496092
134 0.0492676
135 0.0489567
136 0.048635
137 0.0482802
138 0.0479406
139 0.0476148
140 0.0472897
141 0.0469805
142 0.0466854
143 0.0463763
144 0.0461114
145 0.0457929
146 0.0454845
147 0.0451913
148 0.044898
149 0.0446262
150 0.0443644
151 0.0440499
152 0.0438407
153 0.0435183
154 0.0432985
155 0.0430379
156 0.0428195
157 0.0425423
158 0.0423211
159 0.0420415
160 0.0418051
161 0.0415558
162 0.0413497
163 0.0411277
164 0.0408604
165 0.0405925
166 0.0403952
167 0.0401229
168 0.0399046
169 0.0396538
170 0.0394077
171 0.0391993
172 0.0389677
173 0.0387262
174 0.0385154
175 0.0382817
176 0.0380671
177 0.0378449
178 0.0376592
179 0.0374309
180 0.0372267
181 0.0370357
182 0.0368266
183 0.036619
184 0.0364226
185 0.0362343
186 0.0360272
187 0.0358462
188 0.0356488
189 0.0355051
190 0.0352901
191 0.0351094
192 0.0349305
193 0.0347612
194 0.034592
195 0.0343696
196 0.0342305
197 0.0340513
198 0.0338749
199 0.0337158
200 0.0335361
201 0.0333627
202 0.0331738
203 0.0330377
204 0.032871
205 0.0327407
206 0.0325522
207 0.0324102
208 0.0322646
209 0.0320771
210 0.0319215
211 0.0317687
212 0.0316277
213 0.0314536
214 0.0313043
215 0.0311253
216 0.0310136
217 0.0308645
218 0.0307235
219 0.0305865
220 0.0304644
221 0.0302844
222 0.0301732
223 0.0300332
224 0.0299122
225 0.0297564
226 0.0296228
227 0.0294824
228 0.0293705
229 0.0292146
230 0.0290817
231 0.0289509
232 0.0288261
233 0.0286714
234 0.0285609
235 0.028429
236 0.0283279
237 0.0282095
238 0.0281031
239 0.0279709
240 0.0278539
241 0.0277294
242 0.0275898
243 0.0274987
244 0.0273744
245 0.0272855
246 0.0271605
247 0.0270502
248 0.026922
249 0.0268215
250 0.0267331
251 0.0266093
252 0.0264997
253 0.0263714
254 0.0262531
255 0.0261579
256 0.026045
257 0.0259428
258 0.0258348
259 0.0257182
260 0.0256158
261 0.0255224
262 0.0254154
263 0.025321
264 0.0252099
265 0.0251035
266 0.0250269
267 0.0249147
268 0.0248004
269 0.0247014
270 0.0246105
271 0.0245432
272 0.0244441
273 0.0243506
274 0.024243
275 0.0241493
276 0.0240578
277 0.0239602
278 0.0238801
279 0.0237984
280 0.0237032
281 0.0236175
282 0.0235238
283 0.023424
284 0.0233292
285 0.0232229
286 0.0231444
287 0.0230371
288 0.022952
289 0.0228718
290 0.0227736
291 0.0227076
292 0.02262
293 0.0225483
294 0.0224625
295 0.0223933
296 0.0223075
297 0.0222099
298 0.0221259
299 0.0220524
300 0.0219708
301 0.0219033
302 0.0218146
303 0.0217518
304 0.0216515
305 0.0215717
306 0.021505
307 0.0214533
308 0.021369
309 0.0213117
310 0.0212349
311 0.0211628
312 0.0210717
313 0.0210042
314 0.0209152
315 0.0208543
316 0.0207761
317 0.02073
318 0.0206403
319 0.0205741
320 0.0205158
321 0.0204454
322 0.0203818
323 0.0203107
324 0.0202392
325 0.0201779
326 0.0201087
327 0.020033
328 0.0199752
329 0.0198984
330 0.0198388
331 0.019765
332 0.0197066
333 0.0196292
334 0.0195848
335 0.0195127
336 0.0194581
337 0.0193827
338 0.019324
339 0.0192614
340 0.0192059
341 0.0191427
342 0.0190768
343 0.0190088
344 0.0189496
345 0.0188764
346 0.0188233
347 0.0187637
348 0.0187106
349 0.0186492
350 0.018596
351 0.0185434
352 0.0184843
353 0.0184253
354 0.0183611
355 0.0182997
356 0.0182396
357 0.0181997
358 0.0181362
359 0.0180773
360 0.0180075
361 0.0179492
362 0.0179013
363 0.0178542
364 0.017813
365 0.0177427
366 0.0177138
367 0.0176498
368 0.0176053
369 0.017558
370 0.017504
371 0.0174594
372 0.0174146
373 0.017363
374 0.0173163
375 0.0172588
376 0.0172169
377 0.0171783
378 0.0171206
379 0.0170812
380 0.0170102
381 0.0169663
382 0.0169208
383 0.0168855
384 0.0168336
385 0.0167785
386 0.016731
387 0.0166596
388 0.0166026
389 0.0165587
390 0.0165124
391 0.0164754
392 0.01643
393 0.0163849
394 0.0163417
395 0.0162847
396 0.0162489
397 0.0161934
398 0.0161414
399 0.0160951
400 0.0160633
