1 0.299641
2 0.299901
3 0.29974
4 0.30101
5 0.299413
6 0.299779
7 0.299634
8 0.30091
9 0.300547
10 0.29994
11 0.299185
12 0.300128
13 0.29976
14 0.299567
15 0.298644
16 0.360306
17 0.361627
18 0.362165
19 0.361951
20 0.363471
21 0.362325
22 0.368136
23 0.37053
24 0.379591
25 0.382652
26 0.392269
27 0.399413
28 0.401857
29 0.404023
30 0.405707
31 0.404368
32 0.403465
33 0.401092
34 0.397456
35 0.395013
36 0.391432
37 0.387299
38 0.386487
39 0.382068
40 0.378938
41 0.376596
42 0.373964
43 0.370779
44 0.367747
45 0.366606
46 0.363612
47 0.362625
48 0.362512
49 0.361725
50 0.360791
51 0.36176
52 0.361432
53 0.361764
54 0.361603
55 0.363459
56 0.358602
57 0.361249
58 0.362648
59 0.365792
60 0.368712
61 0.370197
62 0.372823
63 0.374832
64 0.378174
65 0.379422
66 0.38377
67 0.384515
68 0.388425
69 0.392904
70 0.395038
71 0.397772
72 0.40131
73 0.403526
74 0.405603
75 0.408962
76 0.411609
77 0.413831
78 0.415332
79 0.417074
80 0.418542
81 0.420687
82 0.422232
83 0.423257
84 0.423873
85 0.425567
86 0.425876
87 0.427038
88 0.427858
89 0.428783
90 0.429387
91 0.429478
92 0.429299
93 0.430855
94 0.430609
95 0.430967
96 0.429741
97 0.431768
98 0.431298
99 0.432001
100 0.431907
101 0.433117
102 0.43225
103 0.43232
104 0.432419
105 0.432174
106 0.433451
107 0.433203
108 0.432374
109 0.432979
110 0.433167
111 0.433301
112 0.433562
113 0.434077
114 0.433745
115 0.433857
116 0.433809
117 0.434034
118 0.435341
119 0.434704
120 0.434777
121 0.434911
122 0.435641
123 0.435884
124 0.435818
125 0.43605
126 0.437548
127 0.436589
128 0.436174
129 0.438551
130 0.437591
131 0.439101
132 0.439001
133 0.438673
134 0.439313
135 0.440706
136 0.440407
137 0.441391
138 0.441065
139 0.441505
140 0.44239
141 0.442739
142 0.442952
143 0.443243
144 0.444554
145 0.444138
146 0.444417
147 0.444534
148 0.445674
149 0.445978
150 0.446825
151 0.447042
152 0.446582
153 0.447671
154 0.44723
155 0.448157
156 0.44907
157 0.449505
158 0.448898
159 0.450138
160 0.45029
161 0.450751
162 0.451935
163 0.451364
164 0.451536
165 0.452742
166 0.452839
167 0.45348
168 0.45368
169 0.45397
170 0.45501
171 0.454862
172 0.455647
173 0.455927
174 0.456598
175 0.457029
176 0.456845
177 0.457068
178 0.458652
179 0.459398
180 0.458974
181 0.459922
182 0.459375
183 0.460914
184 0.460528
185 0.460858
186 0.461224
187 0.461712
188 0.462324
189 0.462651
190 0.462934
191 0.462605
192 0.463377
193 0.464417
194 0.464125
195 0.464962
196 0.465746
197 0.465706
198 0.465802
199 0.465507
200 0.465625
201 0.467447
202 0.467777
203 0.467321
204 0.467949
205 0.466897
206 0.468315
207 0.469393
208 0.46944
209 0.468425
210 0.468326
211 0.470439
212 0.469375
213 0.47008
214 0.470616
215 0.470898
216 0.471465
217 0.471084
218 0.471173
219 0.47168
220 0.471929
221 0.472926
222 0.473122
223 0.473324
224 0.472826
225 0.473144
226 0.473595
227 0.474006
228 0.474464
229 0.474743
230 0.475538
231 0.475028
232 0.475137
233 0.474971
234 0.475578
235 0.476201
236 0.476174
237 0.476622
238 0.476577
239 0.476922
240 0.47709
241 0.477488
242 0.478157
243 0.478596
244 0.478702
245 0.477995
246 0.479345
247 0.479621
248 0.47949
249 0.48042
250 0.480139
251 0.479264
252 0.481275
253 0.481097
254 0.480266
255 0.480826
256 0.481631
257 0.481097
258 0.481269
259 0.481837
260 0.48123
261 0.482468
262 0.482023
263 0.483512
264 0.483319
265 0.483441
266 0.483056
267 0.484404
268 0.484114
269 0.484657
270 0.4844
271 0.484463
272 0.48443
273 0.485177
274 0.484343
275 0.484955
276 0.485546
277 0.485044
278 0.486244
279 0.485312
280 0.48674
281 0.486221
282 0.486572
283 0.487045
284 0.487483
285 0.487031
286 0.487465
287 0.488599
288 0.486959
289 0.487558
290 0.487334
291 0.488046
292 0.488185
293 0.489555
294 0.488884
295 0.489454
296 0.489081
297 0.488864
298 0.489402
299 0.489426
300 0.48954
301 0.489876
302 0.491133
303 0.490147
304 0.489962
305 0.490796
306 0.490717
307 0.491256
308 0.49087
309 0.492123
310 0.491705
311 0.492152
312 0.49162
313 0.492897
314 0.491936
315 0.491959
316 0.492632
317 0.49184
318 0.492372
319 0.492425
320 0.492728
321 0.494325
322 0.493445
323 0.494573
324 0.492569
325 0.4944
326 0.493919
327 0.494442
328 0.493592
329 0.494255
330 0.495084
331 0.494997
332 0.494811
333 0.495064
334 0.495856
335 0.495005
336 0.496296
337 0.494984
338 0.495761
339 0.495603
340 0.49607
341 0.496415
342 0.496466
343 0.496864
344 0.49713
345 0.497271
346 0.49647
347 0.497705
348 0.496672
349 0.498229
350 0.497805
351 0.498668
352 0.498526
353 0.498133
354 0.498643
355 0.497728
356 0.498416
357 0.498947
358 0.499315
359 0.499022
360 0.499246
361 0.497826
362 0.498865
363 0.49854
364 0.500346
365 0.500107
366 0.499369
367 0.500253
368 0.500245
369 0.500128
370 0.501141
371 0.500087
372 0.500883
373 0.500099
374 0.500765
375 0.50115
376 0.501099
377 0.501387
378 0.501308
379 0.501385
380 0.502341
381 0.501963
382 0.501507
383 0.501741
384 0.501803
385 0.501807
386 0.501692
387 0.501892
388 0.502242
389 0.503361
390 0.502371
391 0.503139
392 0.503097
393 0.502583
394 0.503268
395 0.502758
396 0.503551
397 0.50277
398 0.503539
399 0.503003
400 0.502994
