1 0.125678
2 0.144442
3 0.15791
4 0.167585
5 0.174409
6 0.179385
7 0.182835
8 0.185504
9 0.187118
10 0.187201
11 0.198863
12 0.208618
13 0.218602
14 0.229841
15 0.24058
16 0.250328
17 0.260445
18 0.269502
19 0.278157
20 0.286169
21 0.293144
22 0.300202
23 0.305845
24 0.311573
25 0.317199
26 0.322344
27 0.326982
28 0.332048
29 0.336332
30 0.340902
31 0.345697
32 0.350922
33 0.35522
34 0.359724
35 0.363551
36 0.367345
37 0.370807
38 0.374109
39 0.377826
40 0.381144
41 0.384597
42 0.388065
43 0.391664
44 0.395709
45 0.399427
46 0.40317
47 0.406958
48 0.410888
49 0.414405
50 0.417649
51 0.421171
52 0.424169
53 0.427475
54 0.430551
55 0.433744
56 0.436492
57 0.439263
58 0.442025
59 0.445295
60 0.447951
61 0.450506
62 0.453182
63 0.455705
64 0.458272
65 0.460933
66 0.463492
67 0.466066
68 0.468533
69 0.471148
70 0.473724
71 0.476213
72 0.478613
73 0.481199
74 0.483476
75 0.485828
76 0.488396
77 0.490783
78 0.492907
79 0.495506
80 0.497731
81 0.499882
82 0.501727
83 0.503996
84 0.506224
85 0.508403
86 0.510514
87 0.512586
88 0.514458
89 0.516588
90 0.518535
91 0.520541
92 0.522547
93 0.524403
94 0.526343
95 0.528348
96 0.530213
97 0.532213
98 0.533943
99 0.535687
100 0.537563
101 0.539478
102 0.541228
103 0.542981
104 0.544526
105 0.546078
106 0.547729
107 0.549209
108 0.55073
109 0.552382
110 0.553962
111 0.555656
112 0.557118
113 0.558558
114 0.560353
115 0.561898
116 0.563312
117 0.564945
118 0.56645
119 0.568278
120 0.569659
121 0.570827
122 0.572243
123 0.573612
124 0.574991
125 0.576353
126 0.577623
127 0.579139
128 0.580371
129 0.58181
130 0.583173
131 0.584368
132 0.58593
133 0.586986
134 0.588433
135 0.589896
136 0.591021
137 0.592475
138 0.593566
139 0.59489
140 0.596108
141 0.59726
142 0.598485
143 0.59963
144 0.60085
145 0.602135
146 0.603432
147 0.604512
148 0.605636
149 0.60675
150 0.607887
151 0.608972
152 0.610057
153 0.61136
154 0.612461
155 0.613568
156 0.61446
157 0.615712
158 0.617008
159 0.618043
160 0.619046
161 0.620095
162 0.621033
163 0.622053
164 0.62325
165 0.62424
166 0.625003
167 0.62608
168 0.627197
169 0.628115
170 0.62891
171 0.630024
172 0.631134
173 0.631855
174 0.632927
175 0.634045
176 0.634654
177 0.635882
178 0.636661
179 0.63747
180 0.638317
181 0.639161
182 0.640138
183 0.641087
184 0.641802
185 0.642744
186 0.643621
187 0.644713
188 0.645537
189 0.646398
190 0.647253
191 0.648039
192 0.64896
193 0.649971
194 0.650874
195 0.651526
196 0.652355
197 0.653049
198 0.65402
199 0.654624
200 0.655638
201 0.656253
202 0.65728
203 0.657966
204 0.658622
205 0.65947
206 0.660322
207 0.66115
208 0.661968
209 0.662588
210 0.663424
211 0.664067
212 0.664755
213 0.66548
214 0.666058
215 0.666842
216 0.667517
217 0.668114
218 0.66911
219 0.669673
220 0.670314
221 0.670981
222 0.671671
223 0.672296
224 0.673039
225 0.673788
226 0.67438
227 0.675069
228 0.675824
229 0.676586
230 0.677182
231 0.678009
232 0.678709
233 0.679354
234 0.679884
235 0.680708
236 0.681515
237 0.681972
238 0.682625
239 0.683268
240 0.683653
241 0.684372
242 0.685063
243 0.685597
244 0.686326
245 0.686859
246 0.687582
247 0.688207
248 0.68891
249 0.689442
250 0.690058
251 0.690553
252 0.691082
253 0.691862
254 0.692257
255 0.692955
256 0.693597
257 0.694324
258 0.694803
259 0.695382
260 0.696055
261 0.696602
262 0.69707
263 0.697446
264 0.69816
265 0.698712
266 0.699241
267 0.699674
268 0.700374
269 0.700829
270 0.70138
271 0.701907
272 0.702291
273 0.702819
274 0.703215
275 0.704042
276 0.70446
277 0.704969
278 0.705397
279 0.70611
280 0.706572
281 0.70706
282 0.70751
283 0.70815
284 0.708548
285 0.709184
286 0.7097
287 0.71012
288 0.710564
289 0.710943
290 0.71152
291 0.711856
292 0.712593
293 0.712997
294 0.71351
295 0.713995
296 0.714326
297 0.714808
298 0.715288
299 0.715735
300 0.716256
301 0.716724
302 0.717278
303 0.717628
304 0.71809
305 0.718416
306 0.719068
307 0.719526
308 0.720059
309 0.720403
310 0.720749
311 0.721269
312 0.721798
313 0.722202
314 0.722517
315 0.722989
316 0.723591
317 0.723976
318 0.724392
319 0.724775
320 0.725373
321 0.725736
322 0.72623
323 0.7267
324 0.727197
325 0.727772
326 0.72802
327 0.728429
328 0.72886
329 0.729306
330 0.729672
331 0.729982
332 0.730483
333 0.730876
334 0.731266
335 0.731621
336 0.732015
337 0.73246
338 0.732954
339 0.733203
340 0.733586
341 0.734042
342 0.734338
343 0.734854
344 0.735165
345 0.735635
346 0.736021
347 0.736521
348 0.736828
349 0.737119
350 0.737472
351 0.737943
352 0.738374
353 0.738845
354 0.739233
355 0.739495
356 0.739887
357 0.740316
358 0.740586
359 0.74112
360 0.741382
361 0.741838
362 0.742121
363 0.742412
364 0.742634
365 0.742996
366 0.743453
367 0.743737
368 0.743999
369 0.744349
370 0.74469
371 0.745137
372 0.745494
373 0.745801
374 0.746021
375 0.746411
376 0.746815
377 0.747099
378 0.747444
379 0.747778
380 0.748083
381 0.748369
382 0.748743
383 0.749097
384 0.749615
385 0.749861
386 0.75041
387 0.750534
388 0.750931
389 0.751278
390 0.751605
391 0.752018
392 0.752257
393 0.752705
394 0.75285
395 0.753335
396 0.753527
397 0.753959
398 0.754228
399 0.754605
400 0.754864
