1 0.300171
2 0.300177
3 0.30019
4 0.300242
5 0.300245
6 0.300053
7 0.299979
8 0.299781
9 0.299777
10 0.299706
11 0.299621
12 0.299728
13 0.301252
14 0.303481
15 0.306064
16 0.308714
17 0.311316
18 0.313792
19 0.316128
20 0.318366
21 0.320436
22 0.322305
23 0.324103
24 0.325771
25 0.327507
26 0.328943
27 0.330448
28 0.331949
29 0.333339
30 0.334791
31 0.336182
32 0.337795
33 0.339115
34 0.340545
35 0.341793
36 0.342924
37 0.34401
38 0.345038
39 0.346108
40 0.347025
41 0.348014
42 0.348768
43 0.349592
44 0.35036
45 0.351101
46 0.351728
47 0.352366
48 0.35297
49 0.353555
50 0.354148
51 0.354686
52 0.355266
53 0.355799
54 0.356308
55 0.356931
56 0.357458
57 0.357917
58 0.358512
59 0.359097
60 0.359665
61 0.360244
62 0.360815
63 0.36143
64 0.362009
65 0.362625
66 0.363203
67 0.363838
68 0.364427
69 0.365044
70 0.365668
71 0.366313
72 0.366929
73 0.367627
74 0.368167
75 0.368808
76 0.369416
77 0.370042
78 0.370637
79 0.371292
80 0.371888
81 0.372494
82 0.373097
83 0.37362
84 0.374234
85 0.374805
86 0.375354
87 0.37592
88 0.376487
89 0.377032
90 0.377561
91 0.37813
92 0.378642
93 0.379041
94 0.379646
95 0.380142
96 0.380646
97 0.381127
98 0.381631
99 0.382094
100 0.382581
101 0.383052
102 0.383505
103 0.383969
104 0.384413
105 0.384872
106 0.385277
107 0.385752
108 0.38616
109 0.386595
110 0.387026
111 0.387445
112 0.387868
113 0.388278
114 0.388614
115 0.38911
116 0.389512
117 0.389931
118 0.390322
119 0.390707
120 0.391112
121 0.391508
122 0.391884
123 0.392283
124 0.392663
125 0.393041
126 0.393409
127 0.393801
128 0.394172
129 0.394553
130 0.3949
131 0.395269
132 0.395641
133 0.396003
134 0.396363
135 0.396722
136 0.397073
137 0.397429
138 0.397777
139 0.398129
140 0.398479
141 0.398817
142 0.399168
143 0.399501
144 0.399841
145 0.400169
146 0.400583
147 0.400843
148 0.401167
149 0.401488
150 0.401827
151 0.40215
152 0.402472
153 0.402784
154 0.403114
155 0.40343
156 0.403736
157 0.404053
158 0.404354
159 0.404656
160 0.404968
161 0.40527
162 0.40558
163 0.405877
164 0.406189
165 0.406485
166 0.406777
167 0.407079
168 0.407371
169 0.407655
170 0.407968
171 0.408193
172 0.408525
173 0.408809
174 0.409089
175 0.409368
176 0.409648
177 0.409922
178 0.410173
179 0.410474
180 0.410749
181 0.411023
182 0.411274
183 0.411558
184 0.411827
185 0.412091
186 0.412332
187 0.41262
188 0.412877
189 0.413138
190 0.413388
191 0.413651
192 0.413905
193 0.414156
194 0.414404
195 0.41467
196 0.414916
197 0.415158
198 0.415413
199 0.415658
200 0.415905
201 0.416156
202 0.416398
203 0.416643
204 0.416888
205 0.41721
206 0.417361
207 0.417597
208 0.417839
209 0.418074
210 0.418295
211 0.418541
212 0.418772
213 0.419001
214 0.419236
215 0.419458
216 0.419682
217 0.419913
218 0.420135
219 0.42035
220 0.420578
221 0.420797
222 0.421015
223 0.421233
224 0.421456
225 0.42167
226 0.421895
227 0.422107
228 0.422319
229 0.422534
230 0.422746
231 0.422956
232 0.423166
233 0.42338
234 0.423571
235 0.42379
236 0.423994
237 0.424196
238 0.424399
239 0.424595
240 0.424803
241 0.424995
242 0.425207
243 0.425403
244 0.425601
245 0.425796
246 0.425989
247 0.426189
248 0.426382
249 0.426574
250 0.426773
251 0.426955
252 0.427144
253 0.427335
254 0.427519
255 0.427736
256 0.427899
257 0.428062
258 0.428264
259 0.428457
260 0.42864
261 0.428818
262 0.428998
263 0.429187
264 0.429367
265 0.42955
266 0.42973
267 0.429908
268 0.430084
269 0.43026
270 0.430435
271 0.430613
272 0.430785
273 0.430968
274 0.431138
275 0.431309
276 0.431483
277 0.431653
278 0.431821
279 0.431984
280 0.432159
281 0.432324
282 0.43249
283 0.432654
284 0.432817
285 0.432977
286 0.43314
287 0.433302
288 0.433469
289 0.43363
290 0.433798
291 0.433955
292 0.434114
293 0.434263
294 0.434434
295 0.434587
296 0.434745
297 0.4349
298 0.435059
299 0.435213
300 0.435369
301 0.435519
302 0.435676
303 0.435836
304 0.435988
305 0.436141
306 0.436291
307 0.436449
308 0.436594
309 0.436743
310 0.436895
311 0.437046
312 0.437192
313 0.437335
314 0.437484
315 0.437635
316 0.437776
317 0.437918
318 0.438063
319 0.438208
320 0.43835
321 0.438495
322 0.438637
323 0.438778
324 0.438922
325 0.439065
326 0.439201
327 0.439346
328 0.439485
329 0.439624
330 0.439754
331 0.439893
332 0.440029
333 0.440166
334 0.440301
335 0.44044
336 0.440572
337 0.440705
338 0.440838
339 0.440966
340 0.441107
341 0.441172
342 0.441332
343 0.441499
344 0.441625
345 0.441761
346 0.441885
347 0.442018
348 0.442147
349 0.442277
350 0.442401
351 0.442534
352 0.442657
353 0.442782
354 0.442911
355 0.443034
356 0.443156
357 0.443283
358 0.443407
359 0.443529
360 0.443653
361 0.443779
362 0.4439
363 0.444021
364 0.444144
365 0.444266
366 0.444383
367 0.444507
368 0.444629
369 0.444749
370 0.444869
371 0.444986
372 0.445104
373 0.445226
374 0.445345
375 0.44546
376 0.445578
377 0.445697
378 0.445811
379 0.445925
380 0.44604
381 0.446161
382 0.44627
383 0.446387
384 0.446499
385 0.446609
386 0.446721
387 0.446837
388 0.446946
389 0.447059
390 0.447159
391 0.447287
392 0.447394
393 0.447507
394 0.447607
395 0.447722
396 0.44783
397 0.447937
398 0.448053
399 0.448156
400 0.448264
