1 0.300171
2 0.300182
3 0.300268
4 0.300346
5 0.299981
6 0.299359
7 0.299305
8 0.298638
9 0.299499
10 0.299307
11 0.299484
12 0.300195
13 0.319271
14 0.332571
15 0.342031
16 0.348809
17 0.353325
18 0.356053
19 0.358325
20 0.360222
21 0.361371
22 0.362095
23 0.363608
24 0.364083
25 0.366755
26 0.367709
27 0.370434
28 0.371159
29 0.373167
30 0.376547
31 0.380245
32 0.384938
33 0.384711
34 0.383908
35 0.384035
36 0.383192
37 0.384222
38 0.38392
39 0.384043
40 0.383504
41 0.383422
42 0.384381
43 0.383426
44 0.383487
45 0.383044
46 0.381575
47 0.380962
48 0.381279
49 0.381747
50 0.382672
51 0.382898
52 0.384086
53 0.384815
54 0.385383
55 0.386581
56 0.386902
57 0.387309
58 0.389927
59 0.391928
60 0.393435
61 0.39458
62 0.396528
63 0.39772
64 0.399522
65 0.401009
66 0.402601
67 0.40382
68 0.40533
69 0.407224
70 0.409296
71 0.41
72 0.411068
73 0.412506
74 0.413352
75 0.4152
76 0.415747
77 0.41734
78 0.417846
79 0.419859
80 0.420258
81 0.421012
82 0.420621
83 0.421006
84 0.421894
85 0.422527
86 0.423361
87 0.424318
88 0.42514
89 0.425147
90 0.425851
91 0.426592
92 0.426407
93 0.42621
94 0.426169
95 0.427324
96 0.427327
97 0.428607
98 0.42878
99 0.428743
100 0.430214
101 0.429603
102 0.430909
103 0.43041
104 0.429764
105 0.431139
106 0.431925
107 0.431751
108 0.431768
109 0.432719
110 0.43398
111 0.434318
112 0.434622
113 0.434576
114 0.435443
115 0.435756
116 0.436531
117 0.436803
118 0.437307
119 0.43693
120 0.438705
121 0.438381
122 0.438655
123 0.439518
124 0.440034
125 0.440417
126 0.44109
127 0.44115
128 0.441462
129 0.442093
130 0.442859
131 0.442081
132 0.443383
133 0.443939
134 0.443982
135 0.444482
136 0.444988
137 0.445408
138 0.44645
139 0.446286
140 0.447055
141 0.446957
142 0.447159
143 0.447778
144 0.448284
145 0.447941
146 0.448988
147 0.449403
148 0.449486
149 0.449957
150 0.450306
151 0.451019
152 0.451548
153 0.45138
154 0.451603
155 0.452634
156 0.45147
157 0.45297
158 0.452461
159 0.452673
160 0.453923
161 0.454199
162 0.454272
163 0.45539
164 0.45604
165 0.45538
166 0.45601
167 0.456061
168 0.455902
169 0.456737
170 0.45745
171 0.45791
172 0.456562
173 0.457608
174 0.457547
175 0.457813
176 0.45819
177 0.458128
178 0.459209
179 0.459608
180 0.460041
181 0.459779
182 0.460135
183 0.460293
184 0.46103
185 0.460637
186 0.461115
187 0.461235
188 0.461669
189 0.46178
190 0.461934
191 0.462566
192 0.462603
193 0.462206
194 0.463008
195 0.463799
196 0.464573
197 0.464535
198 0.463352
199 0.464475
200 0.465393
201 0.465819
202 0.465084
203 0.465903
204 0.466753
205 0.466073
206 0.46539
207 0.466465
208 0.467947
209 0.466869
210 0.467657
211 0.466925
212 0.467579
213 0.467799
214 0.468383
215 0.467878
216 0.467985
217 0.468934
218 0.468544
219 0.469095
220 0.468674
221 0.469372
222 0.46957
223 0.470025
224 0.470325
225 0.470239
226 0.470894
227 0.470767
228 0.470729
229 0.470843
230 0.471528
231 0.471823
232 0.471849
233 0.472018
234 0.472267
235 0.471546
236 0.471614
237 0.471579
238 0.472636
239 0.472841
240 0.473453
241 0.473157
242 0.473243
243 0.473788
244 0.473897
245 0.473551
246 0.47362
247 0.474722
248 0.473861
249 0.475097
250 0.474768
251 0.473538
252 0.474561
253 0.474821
254 0.475857
255 0.475042
256 0.475746
257 0.475537
258 0.475708
259 0.476306
260 0.47684
261 0.476024
262 0.476061
263 0.476902
264 0.477437
265 0.477123
266 0.477092
267 0.477535
268 0.477808
269 0.47746
270 0.477366
271 0.478143
272 0.478364
273 0.478403
274 0.479046
275 0.479221
276 0.47902
277 0.478667
278 0.479065
279 0.478457
280 0.479024
281 0.47909
282 0.478865
283 0.478907
284 0.478416
285 0.478973
286 0.479648
287 0.479475
288 0.480995
289 0.480423
290 0.480795
291 0.480952
292 0.480598
293 0.480829
294 0.480725
295 0.480036
296 0.48132
297 0.481313
298 0.48174
299 0.48129
300 0.481526
301 0.482136
302 0.48229
303 0.483321
304 0.48193
305 0.482903
306 0.482658
307 0.48276
308 0.482617
309 0.482678
310 0.483256
311 0.483476
312 0.483308
313 0.482248
314 0.483234
315 0.483591
316 0.484107
317 0.483172
318 0.483966
319 0.483656
320 0.484184
321 0.484448
322 0.484949
323 0.484315
324 0.484775
325 0.485579
326 0.484905
327 0.484977
328 0.484893
329 0.48455
330 0.484289
331 0.485137
332 0.485393
333 0.485147
334 0.486155
335 0.486254
336 0.484656
337 0.485584
338 0.485049
339 0.485579
340 0.486059
341 0.486202
342 0.486808
343 0.486002
344 0.486244
345 0.486419
346 0.486772
347 0.486859
348 0.48682
349 0.487565
350 0.486508
351 0.487147
352 0.487217
353 0.486492
354 0.487644
355 0.487584
356 0.487173
357 0.48755
358 0.48803
359 0.487359
360 0.487834
361 0.48863
362 0.488228
363 0.488107
364 0.488679
365 0.488745
366 0.488666
367 0.488034
368 0.489335
369 0.488431
370 0.489594
371 0.48926
372 0.489057
373 0.489459
374 0.489378
375 0.488941
376 0.490055
377 0.489794
378 0.489429
379 0.488758
380 0.489589
381 0.490917
382 0.489886
383 0.48983
384 0.489792
385 0.48933
386 0.49
387 0.490539
388 0.489645
389 0.49106
390 0.490685
391 0.491247
392 0.490531
393 0.491028
394 0.490138
395 0.490414
396 0.490338
397 0.49092
398 0.491494
399 0.491339
400 0.491281
