1 0.250242
2 0.250242
3 0.250242
4 0.229335
5 0.216821
6 0.205598
7 0.192263
8 0.181272
9 0.172411
10 0.163761
11 0.155918
12 0.149222
13 0.142559
14 0.136718
15 0.131081
16 0.126199
17 0.121613
18 0.117182
19 0.113314
20 0.109693
21 0.1064
22 0.103272
23 0.100353
24 0.0976985
25 0.0949998
26 0.0926687
27 0.0903952
28 0.0882088
29 0.0861944
30 0.0844209
31 0.082497
32 0.0808235
33 0.0791316
34 0.0775535
35 0.0760783
36 0.0746677
37 0.0733811
38 0.0720843
39 0.0707772
40 0.0695803
41 0.06843
42 0.0674044
43 0.0662625
44 0.0653794
45 0.0643567
46 0.0634569
47 0.0625914
48 0.0616946
49 0.0609327
50 0.0600946
51 0.059265
52 0.0586171
53 0.0578607
54 0.0570454
55 0.0563932
56 0.0557671
57 0.0551557
58 0.0544567
59 0.0538657
60 0.053303
61 0.0526822
62 0.0521871
63 0.0515909
64 0.0510943
65 0.050685
66 0.0500835
67 0.0495855
68 0.0491507
69 0.048661
70 0.0482608
71 0.0477722
72 0.0473353
73 0.0469626
74 0.0465421
75 0.0461617
76 0.0456651
77 0.0454111
78 0.0450642
79 0.044576
80 0.0443253
81 0.0438972
82 0.0436282
83 0.0433626
84 0.0429626
85 0.0426289
86 0.0423456
87 0.0420097
88 0.0417335
89 0.04141
90 0.0410462
91 0.0408908
92 0.0405868
93 0.0403183
94 0.0400855
95 0.0398404
96 0.0395666
97 0.0392904
98 0.0390649
99 0.0387313
100 0.0386297
101 0.0383842
102 0.0381599
103 0.0378372
104 0.0376866
105 0.0374256
106 0.0372173
107 0.037087
108 0.036787
109 0.0366243
110 0.0364862
111 0.0362365
112 0.0360499
113 0.0358349
114 0.0357144
115 0.0354589
116 0.0353591
117 0.0351698
118 0.0349812
119 0.034831
120 0.0345638
121 0.0345015
122 0.0343238
123 0.0341211
124 0.0339687
125 0.033791
126 0.033661
127 0.0335137
128 0.0332495
129 0.0331999
130 0.0330114
131 0.0328771
132 0.0327595
133 0.0326084
134 0.0325366
135 0.0323064
136 0.032218
137 0.032097
138 0.0319413
139 0.0317644
140 0.0316477
141 0.0315481
142 0.0313617
143 0.0312932
144 0.0311781
145 0.0310655
146 0.0309771
147 0.0308753
148 0.030753
149 0.0305623
150 0.030487
151 0.030385
152 0.0303015
153 0.0301195
154 0.0300109
155 0.0299671
156 0.029793
157 0.0297747
158 0.0296173
159 0.0295084
160 0.0293767
161 0.0292787
162 0.0292255
163 0.0291708
164 0.0290439
165 0.0288953
166 0.0288834
167 0.0287878
168 0.0287318
169 0.02861
170 0.0284874
171 0.0284134
172 0.0283322
173 0.0282094
174 0.0281508
175 0.0281218
176 0.0279662
177 0.0278877
178 0.0278712
179 0.0277238
180 0.0276189
181 0.0274698
182 0.0274607
183 0.0274014
184 0.027385
185 0.0272623
186 0.0272248
187 0.0270448
188 0.0270357
189 0.0269346
190 0.026812
191 0.026806
192 0.0267412
193 0.0266754
194 0.0265516
195 0.0266171
196 0.0264605
197 0.0263895
198 0.0262784
199 0.0262524
200 0.0261417
201 0.0261049
202 0.0261033
203 0.0259816
204 0.0259455
205 0.0259072
206 0.0257839
207 0.0257914
208 0.0256686
209 0.0256913
210 0.0255299
211 0.0255
212 0.0254797
213 0.0254301
214 0.0253078
215 0.0252349
216 0.0251991
217 0.0251973
218 0.0251204
219 0.0251017
220 0.0249756
221 0.024882
222 0.024934
223 0.0248701
224 0.0247351
225 0.0247587
226 0.0245877
227 0.024635
228 0.0245886
229 0.0245416
230 0.0243668
231 0.0243612
232 0.0243257
233 0.0242074
234 0.0242625
235 0.0241885
236 0.024178
237 0.0240645
238 0.024013
239 0.0239824
240 0.0239653
241 0.023913
242 0.0238731
243 0.0238065
244 0.0237753
245 0.0237228
246 0.0236242
247 0.0235951
248 0.0236295
249 0.0235528
250 0.0235078
251 0.0234424
252 0.0233964
253 0.0233669
254 0.0233659
255 0.0233228
256 0.0233165
257 0.0232108
258 0.0231768
259 0.0231
260 0.0230742
261 0.023039
262 0.0230042
263 0.022963
264 0.022929
265 0.0229217
266 0.0228733
267 0.0227959
268 0.0228161
269 0.0226478
270 0.0226856
271 0.0226445
272 0.0226167
273 0.0225815
274 0.0225907
275 0.0225662
276 0.0224556
277 0.0223777
278 0.0223778
279 0.0223131
280 0.0222962
281 0.0222961
282 0.0222368
283 0.0221756
284 0.0222317
285 0.022194
286 0.0221339
287 0.0220782
288 0.0220831
289 0.0220492
290 0.0219753
291 0.021858
292 0.0219129
293 0.0219516
294 0.0218117
295 0.0218577
296 0.0218119
297 0.0217202
298 0.0217269
299 0.0217048
300 0.0216399
301 0.0216259
302 0.0216367
303 0.0215158
304 0.0215725
305 0.0214638
306 0.0215555
307 0.0215058
308 0.0213752
309 0.0214005
310 0.0213672
311 0.0213537
312 0.0212798
313 0.0213575
314 0.0212603
315 0.0212267
316 0.0211276
317 0.0211754
318 0.0212106
319 0.021056
320 0.021084
321 0.021093
322 0.021051
323 0.0210293
324 0.0209518
325 0.0210233
326 0.0208981
327 0.020888
328 0.020942
329 0.0208374
330 0.0208585
331 0.0208026
332 0.0207559
333 0.0207779
334 0.0207438
335 0.0206496
336 0.0206697
337 0.0206044
338 0.0206121
339 0.0205719
340 0.0205416
341 0.0205141
342 0.0204691
343 0.0205085
344 0.0204358
345 0.0204661
346 0.0204753
347 0.0204019
348 0.0204385
349 0.0203439
350 0.0203657
351 0.0203145
352 0.020289
353 0.0202543
354 0.0202196
355 0.0202248
356 0.0201585
357 0.0201919
358 0.0201376
359 0.0201087
360 0.0201533
361 0.0200386
362 0.0200366
363 0.0200581
364 0.0199866
365 0.019952
366 0.0200881
367 0.0199775
368 0.0199234
369 0.0198899
370 0.0198752
371 0.0198813
372 0.0198828
373 0.0198303
374 0.0197871
375 0.019724
376 0.0198101
377 0.0197369
378 0.0197234
379 0.0196667
380 0.0196882
381 0.0197435
382 0.0196676
383 0.0196971
384 0.019657
385 0.0196338
386 0.01959
387 0.0195166
388 0.0195605
389 0.0194725
390 0.0195057
391 0.0194442
392 0.0194928
393 0.0194748
394 0.0194304
395 0.019458
396 0.0193258
397 0.0193322
398 0.0193304
399 0.0193112
400 0.0192722
