1 0.332797
2 0.332797
3 0.332797
4 0.457832
5 0.466549
6 0.483441
7 0.560461
8 0.582553
9 0.591685
10 0.618376
11 0.641284
12 0.651681
13 0.67447
14 0.686764
15 0.700013
16 0.707907
17 0.717197
18 0.724577
19 0.729845
20 0.735592
21 0.741717
22 0.745214
23 0.750551
24 0.755362
25 0.760159
26 0.763142
27 0.766322
28 0.769625
29 0.772529
30 0.775325
31 0.778822
32 0.781045
33 0.783168
34 0.785093
35 0.787321
36 0.788792
37 0.790725
38 0.792664
39 0.794408
40 0.795219
41 0.797941
42 0.799268
43 0.800598
44 0.800941
45 0.802977
46 0.803709
47 0.804385
48 0.805976
49 0.80714
50 0.807881
51 0.809223
52 0.809517
53 0.810787
54 0.812534
55 0.813197
56 0.81397
57 0.813921
58 0.815303
59 0.815878
60 0.816786
61 0.817584
62 0.818344
63 0.819049
64 0.819309
65 0.819692
66 0.820896
67 0.821108
68 0.822527
69 0.822802
70 0.822633
71 0.823331
72 0.824238
73 0.824084
74 0.824878
75 0.825368
76 0.826301
77 0.82624
78 0.826419
79 0.827532
80 0.827098
81 0.828319
82 0.828373
83 0.828301
84 0.828913
85 0.829667
86 0.829808
87 0.830408
88 0.830349
89 0.830904
90 0.831896
91 0.831317
92 0.832156
93 0.832205
94 0.831944
95 0.832071
96 0.832767
97 0.832886
98 0.833649
99 0.833883
100 0.834166
101 0.834165
102 0.834399
103 0.834898
104 0.83508
105 0.835151
106 0.836105
107 0.835523
108 0.836569
109 0.836135
110 0.836121
111 0.8367
112 0.836537
113 0.837242
114 0.837098
115 0.837614
116 0.837253
117 0.837641
118 0.838059
119 0.837842
120 0.8383
121 0.838226
122 0.838629
123 0.838859
124 0.839274
125 0.839986
126 0.839727
127 0.839784
128 0.84023
129 0.840033
130 0.839956
131 0.840462
132 0.840399
133 0.840312
134 0.840251
135 0.840887
136 0.841008
137 0.840854
138 0.841062
139 0.841601
140 0.841817
141 0.84147
142 0.842123
143 0.841672
144 0.842184
145 0.84232
146 0.842044
147 0.84208
148 0.842403
149 0.843123
150 0.842835
151 0.843294
152 0.842683
153 0.843416
154 0.84334
155 0.843504
156 0.84393
157 0.843356
158 0.843956
159 0.843931
160 0.844435
161 0.844037
162 0.843888
163 0.84401
164 0.844159
165 0.844499
166 0.844177
167 0.844636
168 0.844362
169 0.844595
170 0.844991
171 0.844855
172 0.844816
173 0.844731
174 0.84518
175 0.84482
176 0.845253
177 0.845535
178 0.845154
179 0.845464
180 0.846046
181 0.84637
182 0.845891
183 0.846129
184 0.845364
185 0.845906
186 0.845863
187 0.846306
188 0.846526
189 0.846183
190 0.847048
191 0.846747
192 0.846419
193 0.846314
194 0.846583
195 0.846362
196 0.846454
197 0.847154
198 0.846993
199 0.847163
200 0.847036
201 0.847138
202 0.846432
203 0.847901
204 0.847195
205 0.847149
206 0.847465
207 0.847205
208 0.847706
209 0.847275
210 0.848034
211 0.847805
212 0.84751
213 0.848035
214 0.848062
215 0.84831
216 0.848315
217 0.847738
218 0.847879
219 0.847573
220 0.84824
221 0.848859
222 0.84818
223 0.847987
224 0.84865
225 0.848358
226 0.849317
227 0.848759
228 0.84851
229 0.848401
230 0.849479
231 0.848812
232 0.849149
233 0.849332
234 0.848889
235 0.8493
236 0.848906
237 0.849388
238 0.849292
239 0.84965
240 0.849092
241 0.849554
242 0.849519
243 0.849569
244 0.850164
245 0.84961
246 0.850145
247 0.849831
248 0.849239
249 0.849271
250 0.850017
251 0.850129
252 0.849946
253 0.849597
254 0.849744
255 0.850287
256 0.849494
257 0.849685
258 0.849856
259 0.850287
260 0.850036
261 0.850026
262 0.850126
263 0.850627
264 0.85018
265 0.850498
266 0.850046
267 0.850237
268 0.850273
269 0.850426
270 0.850632
271 0.850488
272 0.850482
273 0.850595
274 0.850065
275 0.850466
276 0.850585
277 0.850948
278 0.850487
279 0.850977
280 0.850832
281 0.850996
282 0.850752
283 0.851369
284 0.850805
285 0.851123
286 0.850938
287 0.851365
288 0.850872
289 0.851181
290 0.851156
291 0.851638
292 0.851085
293 0.850749
294 0.851531
295 0.850786
296 0.851741
297 0.851516
298 0.851274
299 0.851296
300 0.851463
301 0.851477
302 0.850744
303 0.851757
304 0.851308
305 0.851957
306 0.85128
307 0.851653
308 0.851873
309 0.851572
310 0.851684
311 0.851731
312 0.852007
313 0.851258
314 0.85152
315 0.851836
316 0.85232
317 0.851643
318 0.851398
319 0.852069
320 0.852067
321 0.851646
322 0.851933
323 0.851807
324 0.851982
325 0.851888
326 0.851991
327 0.851953
328 0.851535
329 0.8522
330 0.852001
331 0.852361
332 0.852003
333 0.851986
334 0.851734
335 0.852853
336 0.852125
337 0.852452
338 0.85235
339 0.85232
340 0.852416
341 0.852644
342 0.85271
343 0.852235
344 0.852606
345 0.852726
346 0.852122
347 0.85238
348 0.852399
349 0.852819
350 0.852685
351 0.852531
352 0.852311
353 0.852536
354 0.852557
355 0.85268
356 0.85267
357 0.852784
358 0.85253
359 0.852612
360 0.852678
361 0.853078
362 0.853021
363 0.852415
364 0.852735
365 0.853377
366 0.852141
367 0.852731
368 0.853062
369 0.853124
370 0.852955
371 0.853102
372 0.852582
373 0.852912
374 0.852976
375 0.85354
376 0.852967
377 0.853094
378 0.853317
379 0.85312
380 0.85312
381 0.852977
382 0.853062
383 0.852656
384 0.852974
385 0.852775
386 0.852948
387 0.853611
388 0.85305
389 0.853376
390 0.853329
391 0.853555
392 0.85312
393 0.852857
394 0.853212
395 0.853478
396 0.853653
397 0.853204
398 0.853412
399 0.853592
400 0.853172
