1 0.250242
2 0.250242
3 0.250242
4 0.166613
5 0.166548
6 0.149885
7 0.112555
8 0.103757
9 0.101141
10 0.0867264
11 0.0780512
12 0.0741155
13 0.0637658
14 0.0591271
15 0.0545667
16 0.0518877
17 0.0478056
18 0.0450551
19 0.0437139
20 0.0410721
21 0.0392255
22 0.03832
23 0.036966
24 0.0350854
25 0.0336567
26 0.0329548
27 0.03158
28 0.0307172
29 0.0300707
30 0.0294564
31 0.0281845
32 0.0274964
33 0.0271032
34 0.0264438
35 0.0259157
36 0.0255168
37 0.0251782
38 0.0244673
39 0.0240785
40 0.0239268
41 0.0231577
42 0.0229064
43 0.0225423
44 0.0222748
45 0.0218684
46 0.0217144
47 0.0216426
48 0.0211462
49 0.0208941
50 0.0207679
51 0.0203979
52 0.0202591
53 0.0200289
54 0.0198776
55 0.0195656
56 0.019368
57 0.0193223
58 0.0190495
59 0.0188723
60 0.0187715
61 0.0184457
62 0.0184076
63 0.0182739
64 0.0182078
65 0.0180013
66 0.0178943
67 0.0178204
68 0.0175788
69 0.017479
70 0.0174618
71 0.0172865
72 0.0171494
73 0.0172045
74 0.017074
75 0.0168617
76 0.0167022
77 0.0167901
78 0.0166766
79 0.0165035
80 0.0165348
81 0.0163738
82 0.0162707
83 0.0162646
84 0.0161797
85 0.0160644
86 0.016009
87 0.0159266
88 0.0158764
89 0.0157717
90 0.015675
91 0.0157274
92 0.015594
93 0.0155783
94 0.0156064
95 0.015529
96 0.0154222
97 0.0153745
98 0.0152833
99 0.0151934
100 0.0152274
101 0.0151805
102 0.015179
103 0.0150533
104 0.0150537
105 0.0149746
106 0.0148973
107 0.0149222
108 0.0147788
109 0.0148345
110 0.0148573
111 0.0147849
112 0.0147333
113 0.0146545
114 0.0146846
115 0.014591
116 0.0146104
117 0.0145611
118 0.01452
119 0.0145067
120 0.0144052
121 0.0144513
122 0.0143973
123 0.014374
124 0.0142887
125 0.0142466
126 0.014264
127 0.0142213
128 0.0141438
129 0.0141523
130 0.0141659
131 0.0141217
132 0.0140765
133 0.0140729
134 0.0141094
135 0.0139795
136 0.0140153
137 0.0140118
138 0.0139566
139 0.013882
140 0.0138668
141 0.0138714
142 0.013824
143 0.0138285
144 0.0137931
145 0.0138142
146 0.0138002
147 0.0138167
148 0.0137892
149 0.0136752
150 0.0136961
151 0.0136717
152 0.0136871
153 0.0136188
154 0.0135876
155 0.0136526
156 0.0135363
157 0.0135942
158 0.0135089
159 0.0134861
160 0.0134482
161 0.0134849
162 0.0134761
163 0.0134847
164 0.013471
165 0.0134059
166 0.0134513
167 0.0134217
168 0.0134858
169 0.0134208
170 0.0133658
171 0.0133602
172 0.0133406
173 0.0133609
174 0.0133097
175 0.0133558
176 0.0132618
177 0.0132553
178 0.0133474
179 0.013254
180 0.0131774
181 0.0131138
182 0.0131927
183 0.0131625
184 0.0132528
185 0.0132027
186 0.013193
187 0.0131117
188 0.013143
189 0.0131132
190 0.0130318
191 0.0130552
192 0.0131052
193 0.0130687
194 0.0130331
195 0.0131426
196 0.0130683
197 0.0130281
198 0.013019
199 0.0129766
200 0.0129735
201 0.0129696
202 0.0130727
203 0.0129533
204 0.0129891
205 0.0130057
206 0.0129181
207 0.0129889
208 0.0128964
209 0.0129683
210 0.0128706
211 0.0129444
212 0.0129598
213 0.0129017
214 0.0128517
215 0.0128702
216 0.0128341
217 0.0128968
218 0.0128952
219 0.012926
220 0.0128119
221 0.0127857
222 0.0128655
223 0.0128567
224 0.0127871
225 0.0128419
226 0.0126906
227 0.0127925
228 0.0128129
229 0.0128064
230 0.0126535
231 0.012718
232 0.0127242
233 0.0126446
234 0.0127492
235 0.0126996
236 0.0127338
237 0.012665
238 0.0126929
239 0.0126491
240 0.0126966
241 0.0126565
242 0.012678
243 0.0126374
244 0.0126316
245 0.0126397
246 0.0125762
247 0.0125622
248 0.0126535
249 0.0126751
250 0.0126214
251 0.0126047
252 0.0125919
253 0.0125833
254 0.012638
255 0.0126058
256 0.0126326
257 0.012587
258 0.0125862
259 0.0125198
260 0.0125359
261 0.0125686
262 0.0125548
263 0.0125162
264 0.0125379
265 0.0125287
266 0.0125875
267 0.0125177
268 0.0125543
269 0.0124632
270 0.0124883
271 0.0125201
272 0.0125053
273 0.0124786
274 0.0125368
275 0.0125373
276 0.0124687
277 0.012433
278 0.0124712
279 0.0124187
280 0.0124515
281 0.0124436
282 0.0124275
283 0.0123967
284 0.012467
285 0.0124916
286 0.0124454
287 0.012402
288 0.0124424
289 0.012436
290 0.0123928
291 0.0123375
292 0.0123932
293 0.0124568
294 0.0123442
295 0.0124418
296 0.0123429
297 0.0123414
298 0.0123699
299 0.0123997
300 0.0123499
301 0.0123728
302 0.0124261
303 0.0123251
304 0.0123857
305 0.0122958
306 0.012402
307 0.0123664
308 0.0122879
309 0.0123494
310 0.0123422
311 0.0123234
312 0.0122977
313 0.0124224
314 0.0123245
315 0.0123228
316 0.0122343
317 0.0123044
318 0.0123672
319 0.0122707
320 0.0122912
321 0.012323
322 0.0123133
323 0.0123009
324 0.0122776
325 0.0123677
326 0.0122709
327 0.0122791
328 0.0123568
329 0.0122618
330 0.0123115
331 0.0122715
332 0.0122655
333 0.0122962
334 0.0123016
335 0.0121995
336 0.012248
337 0.0122011
338 0.0122482
339 0.0122271
340 0.0122152
341 0.0122081
342 0.0121975
343 0.0122449
344 0.0121833
345 0.0122325
346 0.0122684
347 0.0121985
348 0.012269
349 0.0121823
350 0.0122301
351 0.0122122
352 0.0121921
353 0.012186
354 0.0121809
355 0.0121909
356 0.0121523
357 0.0122086
358 0.0121737
359 0.0121617
360 0.0122163
361 0.0121479
362 0.0121648
363 0.0122069
364 0.0121425
365 0.0120988
366 0.0122815
367 0.0121953
368 0.0121475
369 0.0121258
370 0.0121465
371 0.0121576
372 0.0121783
373 0.0121395
374 0.0121389
375 0.0120754
376 0.0121717
377 0.0121396
378 0.012128
379 0.0121101
380 0.0121465
381 0.0121764
382 0.0121478
383 0.0121981
384 0.0121858
385 0.0121646
386 0.0121378
387 0.0120845
388 0.0121496
389 0.0120717
390 0.0121362
391 0.0120756
392 0.0121328
393 0.0121532
394 0.0121128
395 0.012153
396 0.0120367
397 0.0120767
398 0.0120869
399 0.0120572
400 0.0120604
