1 0.499676
2 0.499608
3 0.499986
4 0.500098
5 0.500007
6 0.50025
7 0.502386
8 0.504191
9 0.506258
10 0.507974
11 0.509859
12 0.511414
13 0.513252
14 0.515029
15 0.516921
16 0.518665
17 0.520336
18 0.521726
19 0.523304
20 0.524976
21 0.526395
22 0.528051
23 0.52938
24 0.530705
25 0.531989
26 0.533314
27 0.534585
28 0.535765
29 0.536995
30 0.538109
31 0.539324
32 0.540559
33 0.541552
34 0.542824
35 0.543739
36 0.544784
37 0.545924
38 0.546752
39 0.547892
40 0.548845
41 0.549656
42 0.550572
43 0.551538
44 0.552459
45 0.553223
46 0.554214
47 0.554983
48 0.555772
49 0.556787
50 0.557507
51 0.558192
52 0.559053
53 0.559913
54 0.560533
55 0.561295
56 0.562072
57 0.562659
58 0.56358
59 0.564264
60 0.564957
61 0.565529
62 0.566364
63 0.566912
64 0.567657
65 0.568304
66 0.568872
67 0.569554
68 0.57016
69 0.570769
70 0.57135
71 0.571944
72 0.572628
73 0.573209
74 0.573634
75 0.57434
76 0.57492
77 0.575438
78 0.576033
79 0.576457
80 0.576993
81 0.577647
82 0.578175
83 0.578711
84 0.57918
85 0.579704
86 0.580237
87 0.580678
88 0.581205
89 0.581695
90 0.582286
91 0.582692
92 0.5831
93 0.583597
94 0.584074
95 0.58448
96 0.585016
97 0.585393
98 0.585908
99 0.586361
100 0.586786
101 0.587267
102 0.587608
103 0.588072
104 0.588556
105 0.588881
106 0.589359
107 0.589822
108 0.590296
109 0.590533
110 0.591016
111 0.591338
112 0.591848
113 0.59211
114 0.592579
115 0.59296
116 0.593306
117 0.593696
118 0.594059
119 0.594452
120 0.594802
121 0.595137
122 0.595521
123 0.595849
124 0.596197
125 0.59655
126 0.59696
127 0.597287
128 0.597655
129 0.597922
130 0.598338
131 0.598574
132 0.59897
133 0.599269
134 0.599599
135 0.599988
136 0.600203
137 0.600614
138 0.600882
139 0.601231
140 0.601604
141 0.601752
142 0.602033
143 0.602442
144 0.602708
145 0.60302
146 0.60335
147 0.603566
148 0.603949
149 0.604236
150 0.604528
151 0.604688
152 0.605016
153 0.605286
154 0.605561
155 0.605804
156 0.606064
157 0.606437
158 0.606708
159 0.606954
160 0.607259
161 0.607494
162 0.607642
163 0.608015
164 0.608211
165 0.608418
166 0.608768
167 0.608964
168 0.609229
169 0.60953
170 0.609584
171 0.609869
172 0.610215
173 0.610522
174 0.610809
175 0.610925
176 0.611163
177 0.611443
178 0.611594
179 0.611819
180 0.612137
181 0.612332
182 0.612647
183 0.612745
184 0.613052
185 0.613249
186 0.613504
187 0.613806
188 0.613843
189 0.614068
190 0.614359
191 0.614569
192 0.614805
193 0.614935
194 0.615231
195 0.615386
196 0.615477
197 0.615842
198 0.61596
199 0.616279
200 0.616469
201 0.616525
202 0.616785
203 0.616924
204 0.617239
205 0.617405
206 0.617592
207 0.617806
208 0.617966
209 0.618225
210 0.618378
211 0.618549
212 0.61877
213 0.618931
214 0.619132
215 0.619361
216 0.619506
217 0.619747
218 0.619787
219 0.620031
220 0.620195
221 0.620395
222 0.620508
223 0.620698
224 0.6209
225 0.621059
226 0.621218
227 0.621458
228 0.621608
229 0.621725
230 0.621907
231 0.622084
232 0.622313
233 0.622429
234 0.62258
235 0.622723
236 0.622934
237 0.623063
238 0.62326
239 0.62342
240 0.623491
241 0.623774
242 0.623885
243 0.624038
244 0.624164
245 0.624397
246 0.624529
247 0.624675
248 0.624773
249 0.62498
250 0.625178
251 0.625297
252 0.625473
253 0.625603
254 0.625776
255 0.625728
256 0.625996
257 0.626246
258 0.626273
259 0.626385
260 0.626624
261 0.626718
262 0.626839
263 0.626994
264 0.62715
265 0.627318
266 0.627417
267 0.627517
268 0.627696
269 0.627824
270 0.628023
271 0.628179
272 0.628247
273 0.628392
274 0.628576
275 0.628625
276 0.62873
277 0.62895
278 0.629038
279 0.629224
280 0.629368
281 0.629421
282 0.629548
283 0.629752
284 0.629868
285 0.629994
286 0.629992
287 0.630258
288 0.630373
289 0.630442
290 0.63061
291 0.630795
292 0.630918
293 0.630938
294 0.631029
295 0.631234
296 0.63134
297 0.631456
298 0.631529
299 0.631713
300 0.631884
301 0.631929
302 0.632063
303 0.632179
304 0.632237
305 0.632451
306 0.632514
307 0.632761
308 0.632757
309 0.632822
310 0.63302
311 0.63311
312 0.633188
313 0.63324
314 0.633424
315 0.633493
316 0.633643
317 0.633701
318 0.633844
319 0.633907
320 0.634095
321 0.634205
322 0.634308
323 0.634367
324 0.634502
325 0.634582
326 0.634763
327 0.634857
328 0.634942
329 0.635042
330 0.635129
331 0.635208
332 0.635329
333 0.635429
334 0.635551
335 0.635627
336 0.63574
337 0.635879
338 0.635988
339 0.636036
340 0.636174
341 0.636338
342 0.636334
343 0.636434
344 0.636564
345 0.636662
346 0.636743
347 0.636787
348 0.636913
349 0.63702
350 0.637043
351 0.637196
352 0.637348
353 0.637345
354 0.637489
355 0.637573
356 0.637635
357 0.63782
358 0.637862
359 0.637947
360 0.638053
361 0.638052
362 0.638197
363 0.638334
364 0.63847
365 0.638471
366 0.63867
367 0.638613
368 0.638819
369 0.638875
370 0.638895
371 0.639025
372 0.639141
373 0.639162
374 0.639309
375 0.639434
376 0.639498
377 0.639528
378 0.63969
379 0.63973
380 0.63979
381 0.639937
382 0.640044
383 0.64009
384 0.640125
385 0.640268
386 0.640284
387 0.64045
388 0.640449
389 0.640548
390 0.640632
391 0.640714
392 0.640812
393 0.640872
394 0.64101
395 0.640985
396 0.641179
397 0.641222
398 0.641213
399 0.64144
400 0.641411
