1 0.12173
2 0.124041
3 0.130505
4 0.133269
5 0.135889
6 0.139224
7 0.148801
8 0.152171
9 0.158711
10 0.162302
11 0.165445
12 0.168829
13 0.173446
14 0.179111
15 0.183024
16 0.186739
17 0.189964
18 0.193243
19 0.196933
20 0.200954
21 0.204396
22 0.207809
23 0.210864
24 0.213278
25 0.21648
26 0.220219
27 0.223219
28 0.226445
29 0.228845
30 0.232207
31 0.235148
32 0.238194
33 0.241323
34 0.244573
35 0.246758
36 0.248898
37 0.25276
38 0.255224
39 0.257404
40 0.260951
41 0.263798
42 0.266453
43 0.269413
44 0.272204
45 0.273824
46 0.276574
47 0.280131
48 0.283013
49 0.284974
50 0.28762
51 0.290518
52 0.292079
53 0.294698
54 0.297052
55 0.298973
56 0.302096
57 0.304268
58 0.307089
59 0.30957
60 0.312311
61 0.314192
62 0.317193
63 0.31892
64 0.320858
65 0.323566
66 0.325527
67 0.327703
68 0.329816
69 0.332368
70 0.3349
71 0.336344
72 0.338909
73 0.341065
74 0.342897
75 0.34501
76 0.348128
77 0.350073
78 0.351985
79 0.353458
80 0.356114
81 0.35796
82 0.359879
83 0.362208
84 0.3643
85 0.366634
86 0.368619
87 0.369464
88 0.372046
89 0.373812
90 0.376258
91 0.377673
92 0.378987
93 0.381671
94 0.383634
95 0.385271
96 0.387881
97 0.388558
98 0.391522
99 0.393342
100 0.394033
101 0.39596
102 0.398264
103 0.399859
104 0.401806
105 0.402895
106 0.404905
107 0.407362
108 0.408183
109 0.409359
110 0.411399
111 0.412986
112 0.41506
113 0.415899
114 0.417978
115 0.419654
116 0.420955
117 0.422896
118 0.424648
119 0.425592
120 0.426907
121 0.428575
122 0.430309
123 0.431234
124 0.43272
125 0.433593
126 0.435861
127 0.437107
128 0.438275
129 0.439267
130 0.440954
131 0.442022
132 0.444027
133 0.44493
134 0.44592
135 0.447664
136 0.448573
137 0.450577
138 0.451298
139 0.452679
140 0.454527
141 0.455537
142 0.456041
143 0.457565
144 0.459213
145 0.460855
146 0.46111
147 0.461511
148 0.464505
149 0.465946
150 0.466475
151 0.467268
152 0.468443
153 0.469648
154 0.47077
155 0.470776
156 0.472596
157 0.472887
158 0.474759
159 0.476303
160 0.477767
161 0.478885
162 0.478798
163 0.479639
164 0.481663
165 0.482458
166 0.483669
167 0.484228
168 0.485782
169 0.486337
170 0.48734
171 0.488438
172 0.489679
173 0.490708
174 0.491629
175 0.49165
176 0.493007
177 0.49382
178 0.494285
179 0.495672
180 0.497519
181 0.498421
182 0.49935
183 0.499217
184 0.500671
185 0.501756
186 0.502461
187 0.503502
188 0.504412
189 0.50461
190 0.505925
191 0.506979
192 0.507992
193 0.508703
194 0.509855
195 0.510546
196 0.511461
197 0.512377
198 0.513046
199 0.51396
200 0.514644
201 0.514842
202 0.516016
203 0.51654
204 0.517969
205 0.518717
206 0.519449
207 0.519811
208 0.520832
209 0.522693
210 0.522768
211 0.523185
212 0.524415
213 0.525329
214 0.526597
215 0.526716
216 0.527597
217 0.529085
218 0.528014
219 0.528851
220 0.52966
221 0.530774
222 0.530773
223 0.531762
224 0.532502
225 0.532885
226 0.533187
227 0.535179
228 0.535187
229 0.536076
230 0.53675
231 0.537903
232 0.53859
233 0.539152
234 0.539359
235 0.54065
236 0.541091
237 0.540766
238 0.542778
239 0.543221
240 0.543338
241 0.54508
242 0.54555
243 0.545819
244 0.546245
245 0.546825
246 0.548221
247 0.547939
248 0.549473
249 0.550099
250 0.551112
251 0.550705
252 0.552326
253 0.552593
254 0.553355
255 0.553516
256 0.553305
257 0.554726
258 0.554669
259 0.555546
260 0.556649
261 0.556846
262 0.557204
263 0.558461
264 0.557609
265 0.559486
266 0.559995
267 0.560168
268 0.560781
269 0.561652
270 0.562613
271 0.563327
272 0.563713
273 0.56461
274 0.56489
275 0.564343
276 0.564423
277 0.566099
278 0.566507
279 0.567281
280 0.568244
281 0.567642
282 0.568559
283 0.569345
284 0.570255
285 0.570715
286 0.570871
287 0.571859
288 0.571911
289 0.572338
290 0.573343
291 0.57399
292 0.574818
293 0.574722
294 0.575043
295 0.575467
296 0.576421
297 0.576917
298 0.576813
299 0.578284
300 0.578709
301 0.578861
302 0.57915
303 0.580452
304 0.580591
305 0.580998
306 0.581252
307 0.581778
308 0.581355
309 0.582636
310 0.583098
311 0.583557
312 0.583996
313 0.583998
314 0.585532
315 0.58599
316 0.586105
317 0.585877
318 0.586134
319 0.586525
320 0.588535
321 0.588193
322 0.588617
323 0.5895
324 0.589321
325 0.589939
326 0.59085
327 0.590914
328 0.591124
329 0.592451
330 0.592478
331 0.592695
332 0.592543
333 0.593204
334 0.594324
335 0.594599
336 0.595627
337 0.596048
338 0.595716
339 0.595129
340 0.596984
341 0.597171
342 0.597185
343 0.5973
344 0.598785
345 0.598334
346 0.599375
347 0.599006
348 0.599399
349 0.600204
350 0.600027
351 0.600774
352 0.601753
353 0.602251
354 0.602218
355 0.60268
356 0.602699
357 0.603961
358 0.603608
359 0.604339
360 0.604593
361 0.604955
362 0.605391
363 0.605919
364 0.606598
365 0.606063
366 0.607321
367 0.60617
368 0.608379
369 0.608342
370 0.608601
371 0.60904
372 0.609564
373 0.609443
374 0.60995
375 0.610327
376 0.611279
377 0.611268
378 0.612327
379 0.612067
380 0.612259
381 0.612648
382 0.613499
383 0.6134
384 0.613624
385 0.614913
386 0.613891
387 0.615012
388 0.615202
389 0.615953
390 0.615107
391 0.615954
392 0.616764
393 0.617599
394 0.617721
395 0.617469
396 0.618701
397 0.619121
398 0.618132
399 0.619682
400 0.619173
