1 0.300277
2 0.299427
3 0.299427
4 0.300057
5 0.298691
6 0.300019
7 0.300064
8 0.29994
9 0.29994
10 0.29994
11 0.299572
12 0.300531
13 0.299653
14 0.300531
15 0.300498
16 0.300152
17 0.300152
18 0.299243
19 0.299243
20 0.300293
21 0.300492
22 0.300003
23 0.299406
24 0.299901
25 0.299901
26 0.318554
27 0.318994
28 0.32902
29 0.329361
30 0.336473
31 0.335227
32 0.340405
33 0.340319
34 0.343773
35 0.344006
36 0.347719
37 0.346493
38 0.348507
39 0.348728
40 0.350324
41 0.351126
42 0.353249
43 0.352869
44 0.353925
45 0.354597
46 0.356217
47 0.355835
48 0.357181
49 0.357603
50 0.357997
51 0.358695
52 0.359083
53 0.359606
54 0.359708
55 0.360682
56 0.360166
57 0.361051
58 0.361594
59 0.36178
60 0.361729
61 0.363001
62 0.362067
63 0.36289
64 0.363112
65 0.363125
66 0.363176
67 0.363438
68 0.363313
69 0.363914
70 0.364668
71 0.364115
72 0.364634
73 0.364949
74 0.365245
75 0.364752
76 0.365539
77 0.365338
78 0.365229
79 0.366578
80 0.365386
81 0.366159
82 0.365629
83 0.365668
84 0.367065
85 0.366791
86 0.366726
87 0.367504
88 0.367111
89 0.367278
90 0.366851
91 0.367035
92 0.367791
93 0.367104
94 0.367434
95 0.368253
96 0.366892
97 0.368481
98 0.3677
99 0.368448
100 0.367928
101 0.367579
102 0.36808
103 0.369337
104 0.369048
105 0.368113
106 0.369333
107 0.368689
108 0.368602
109 0.368371
110 0.369684
111 0.369418
112 0.370475
113 0.368943
114 0.369701
115 0.36925
116 0.369379
117 0.369545
118 0.370032
119 0.3698
120 0.369674
121 0.369679
122 0.370131
123 0.369689
124 0.369544
125 0.370523
126 0.369674
127 0.370498
128 0.369806
129 0.369912
130 0.37044
131 0.370069
132 0.370041
133 0.370487
134 0.370373
135 0.370893
136 0.370292
137 0.370846
138 0.370666
139 0.370336
140 0.370746
141 0.370806
142 0.370665
143 0.370103
144 0.37072
145 0.370553
146 0.370375
147 0.371671
148 0.370694
149 0.370286
150 0.371172
151 0.3711
152 0.371019
153 0.370926
154 0.371265
155 0.371491
156 0.371435
157 0.370923
158 0.372589
159 0.371667
160 0.371464
161 0.371438
162 0.370685
163 0.372071
164 0.371704
165 0.371885
166 0.371685
167 0.372204
168 0.370559
169 0.372277
170 0.372394
171 0.371923
172 0.371418
173 0.371877
174 0.372236
175 0.371934
176 0.372237
177 0.371844
178 0.372054
179 0.37218
180 0.372242
181 0.371885
182 0.373048
183 0.372621
184 0.372991
185 0.372081
186 0.372482
187 0.373637
188 0.372601
189 0.372517
190 0.372501
191 0.372292
192 0.372613
193 0.372525
194 0.37212
195 0.372771
196 0.371707
197 0.37263
198 0.372467
199 0.372801
200 0.373225
201 0.372768
202 0.373081
203 0.372786
204 0.373302
205 0.372201
206 0.372812
207 0.37318
208 0.37332
209 0.372731
210 0.372692
211 0.373221
212 0.37362
213 0.373309
214 0.373381
215 0.372392
216 0.372638
217 0.373712
218 0.373262
219 0.373693
220 0.373382
221 0.373151
222 0.372907
223 0.373508
224 0.37267
225 0.372762
226 0.372902
227 0.373365
228 0.373904
229 0.373324
230 0.372623
231 0.372753
232 0.373223
233 0.372924
234 0.37333
235 0.373992
236 0.373752
237 0.373407
238 0.373203
239 0.373174
240 0.373262
241 0.373268
242 0.373031
243 0.37343
244 0.373149
245 0.373325
246 0.373217
247 0.373484
248 0.373226
249 0.372745
250 0.373291
251 0.374187
252 0.373639
253 0.373736
254 0.372818
255 0.373795
256 0.373603
257 0.373165
258 0.373749
259 0.373654
260 0.373515
261 0.373131
262 0.373789
263 0.373981
264 0.373644
265 0.374101
266 0.374045
267 0.374029
268 0.373747
269 0.374526
270 0.372614
271 0.374692
272 0.37362
273 0.37377
274 0.374184
275 0.374137
276 0.374558
277 0.37441
278 0.374684
279 0.374032
280 0.374151
281 0.37331
282 0.373829
283 0.374485
284 0.373233
285 0.373758
286 0.373726
287 0.373687
288 0.373935
289 0.374448
290 0.374148
291 0.373616
292 0.374021
293 0.37359
294 0.374416
295 0.373903
296 0.373872
297 0.374124
298 0.37371
299 0.374075
300 0.37502
301 0.373834
302 0.374148
303 0.373917
304 0.374322
305 0.373565
306 0.374071
307 0.374518
308 0.374892
309 0.373824
310 0.373889
311 0.374311
312 0.37414
313 0.375054
314 0.374193
315 0.37446
316 0.374996
317 0.374993
318 0.374718
319 0.37385
320 0.374194
321 0.373347
322 0.373885
323 0.374268
324 0.37469
325 0.374908
326 0.374586
327 0.373665
328 0.373619
329 0.375029
330 0.373956
331 0.374948
332 0.374926
333 0.374342
334 0.374861
335 0.37464
336 0.37482
337 0.374501
338 0.374459
339 0.375266
340 0.374133
341 0.374447
342 0.374086
343 0.374739
344 0.375076
345 0.374398
346 0.375068
347 0.374234
348 0.374333
349 0.373166
350 0.374756
351 0.374057
352 0.374267
353 0.374772
354 0.374639
355 0.374511
356 0.374312
357 0.37416
358 0.374529
359 0.375007
360 0.374455
361 0.374863
362 0.374165
363 0.373981
364 0.375104
365 0.374602
366 0.373984
367 0.374848
368 0.37452
369 0.375933
370 0.375451
371 0.374993
372 0.375556
373 0.37567
374 0.375368
375 0.37464
376 0.374761
377 0.37449
378 0.375093
379 0.374182
380 0.37516
381 0.374355
382 0.374299
383 0.374893
384 0.374719
385 0.374607
386 0.374719
387 0.375527
388 0.374773
389 0.374658
390 0.375049
391 0.374959
392 0.374935
393 0.37439
394 0.374707
395 0.374957
396 0.374956
397 0.37505
398 0.374717
399 0.375036
400 0.375081
