1 0.332939
2 0.332706
3 0.332911
4 0.333211
5 0.334023
6 0.332544
7 0.333539
8 0.332987
9 0.332824
10 0.333736
11 0.333199
12 0.381291
13 0.410623
14 0.428871
15 0.445476
16 0.459471
17 0.471587
18 0.481979
19 0.49111
20 0.499239
21 0.506077
22 0.512202
23 0.517993
24 0.523995
25 0.529046
26 0.534114
27 0.539386
28 0.543958
29 0.547919
30 0.551911
31 0.556826
32 0.560389
33 0.564019
34 0.567474
35 0.570521
36 0.575175
37 0.577937
38 0.58214
39 0.585847
40 0.589159
41 0.591833
42 0.594861
43 0.598027
44 0.601207
45 0.604624
46 0.606149
47 0.60973
48 0.612506
49 0.615192
50 0.618248
51 0.620634
52 0.622597
53 0.624649
54 0.627367
55 0.629596
56 0.63247
57 0.633704
58 0.636069
59 0.638804
60 0.639877
61 0.642231
62 0.644784
63 0.646119
64 0.648129
65 0.650609
66 0.651713
67 0.653763
68 0.655568
69 0.657596
70 0.658556
71 0.661029
72 0.662231
73 0.664574
74 0.666146
75 0.667266
76 0.669227
77 0.670576
78 0.672057
79 0.673396
80 0.675257
81 0.676292
82 0.678068
83 0.6791
84 0.680741
85 0.682432
86 0.683261
87 0.685234
88 0.685907
89 0.687747
90 0.688438
91 0.689528
92 0.691312
93 0.692905
94 0.693765
95 0.694993
96 0.696689
97 0.697358
98 0.698477
99 0.700061
100 0.700726
101 0.701101
102 0.7031
103 0.703582
104 0.705925
105 0.70622
106 0.707232
107 0.708245
108 0.709244
109 0.70973
110 0.711791
111 0.712564
112 0.713413
113 0.714644
114 0.715
115 0.716373
116 0.716829
117 0.71816
118 0.719355
119 0.720162
120 0.721395
121 0.721298
122 0.72292
123 0.723562
124 0.724452
125 0.725635
126 0.726412
127 0.727228
128 0.727821
129 0.728406
130 0.729441
131 0.730576
132 0.731209
133 0.731556
134 0.732307
135 0.733408
136 0.734283
137 0.734818
138 0.735226
139 0.736074
140 0.736815
141 0.738133
142 0.738381
143 0.739324
144 0.740366
145 0.740768
146 0.741364
147 0.741984
148 0.743292
149 0.743239
150 0.744022
151 0.745182
152 0.744851
153 0.746337
154 0.746741
155 0.747114
156 0.748522
157 0.748711
158 0.749198
159 0.750475
160 0.751343
161 0.750861
162 0.751439
163 0.7522
164 0.752712
165 0.75321
166 0.754212
167 0.754992
168 0.75499
169 0.755539
170 0.756248
171 0.757153
172 0.757241
173 0.75793
174 0.758962
175 0.759561
176 0.760162
177 0.7609
178 0.760852
179 0.761518
180 0.761846
181 0.762454
182 0.763367
183 0.763996
184 0.764799
185 0.764838
186 0.765324
187 0.766336
188 0.765871
189 0.767024
190 0.767539
191 0.767807
192 0.768338
193 0.768484
194 0.769134
195 0.770106
196 0.769685
197 0.770549
198 0.771266
199 0.771222
200 0.772137
201 0.772304
202 0.7734
203 0.773788
204 0.773528
205 0.774005
206 0.774852
207 0.775192
208 0.775768
209 0.775829
210 0.776467
211 0.77635
212 0.777081
213 0.77785
214 0.777789
215 0.778498
216 0.778799
217 0.778888
218 0.7799
219 0.779861
220 0.780772
221 0.781061
222 0.780975
223 0.781937
224 0.78189
225 0.782795
226 0.7827
227 0.782939
228 0.783801
229 0.783823
230 0.784425
231 0.785033
232 0.785087
233 0.78557
234 0.787075
235 0.78603
236 0.786898
237 0.786863
238 0.787993
239 0.787874
240 0.787729
241 0.788949
242 0.788628
243 0.7892
244 0.789613
245 0.790228
246 0.790644
247 0.791291
248 0.791392
249 0.791418
250 0.79196
251 0.791337
252 0.79308
253 0.792864
254 0.79342
255 0.793425
256 0.794154
257 0.794512
258 0.795075
259 0.79462
260 0.795048
261 0.79514
262 0.79566
263 0.796155
264 0.796784
265 0.796301
266 0.797251
267 0.797443
268 0.797603
269 0.798327
270 0.798176
271 0.798836
272 0.799091
273 0.799466
274 0.800311
275 0.800508
276 0.800397
277 0.80053
278 0.800722
279 0.801472
280 0.801409
281 0.8019
282 0.802287
283 0.802653
284 0.802995
285 0.802944
286 0.802609
287 0.803169
288 0.803996
289 0.804376
290 0.804002
291 0.804962
292 0.805093
293 0.805046
294 0.805293
295 0.806456
296 0.806062
297 0.806643
298 0.806576
299 0.806854
300 0.806942
301 0.807088
302 0.807077
303 0.807993
304 0.808064
305 0.808317
306 0.808667
307 0.809211
308 0.809706
309 0.809685
310 0.810404
311 0.809879
312 0.810457
313 0.810834
314 0.810985
315 0.811342
316 0.811512
317 0.811747
318 0.811564
319 0.811649
320 0.812299
321 0.812756
322 0.812565
323 0.812864
324 0.812789
325 0.813034
326 0.814134
327 0.813938
328 0.814519
329 0.814837
330 0.814651
331 0.815235
332 0.814611
333 0.815292
334 0.816016
335 0.815754
336 0.816225
337 0.816504
338 0.816671
339 0.817052
340 0.817118
341 0.817059
342 0.817371
343 0.817465
344 0.818405
345 0.818249
346 0.81868
347 0.818524
348 0.818926
349 0.818683
350 0.81931
351 0.819349
352 0.819725
353 0.82034
354 0.819982
355 0.820283
356 0.820277
357 0.820549
358 0.821086
359 0.82147
360 0.821439
361 0.821422
362 0.821534
363 0.822537
364 0.822243
365 0.822372
366 0.822998
367 0.823088
368 0.823211
369 0.823233
370 0.823495
371 0.823626
372 0.823613
373 0.823557
374 0.823468
375 0.824243
376 0.824383
377 0.824584
378 0.824844
379 0.825306
380 0.825861
381 0.825467
382 0.825964
383 0.825978
384 0.826121
385 0.826765
386 0.827485
387 0.826889
388 0.826909
389 0.826935
390 0.827491
391 0.827546
392 0.827896
393 0.827826
394 0.828372
395 0.828543
396 0.828518
397 0.828842
398 0.828861
399 0.829289
400 0.829824
