1 0.394044
2 0.431942
3 0.450519
4 0.467033
5 0.484618
6 0.49673
7 0.507874
8 0.519327
9 0.528995
10 0.537985
11 0.546929
12 0.555436
13 0.563405
14 0.571725
15 0.578744
16 0.585586
17 0.592306
18 0.598013
19 0.603535
20 0.609304
21 0.614145
22 0.618894
23 0.623904
24 0.628447
25 0.632943
26 0.636886
27 0.641293
28 0.644966
29 0.648665
30 0.652732
31 0.656287
32 0.6599
33 0.663496
34 0.666677
35 0.669962
36 0.673062
37 0.676366
38 0.679094
39 0.681972
40 0.68493
41 0.687402
42 0.689732
43 0.692405
44 0.694865
45 0.697264
46 0.699564
47 0.702018
48 0.704115
49 0.706321
50 0.708503
51 0.71083
52 0.712681
53 0.714798
54 0.716419
55 0.718292
56 0.720331
57 0.722102
58 0.724383
59 0.725833
60 0.727519
61 0.729203
62 0.730755
63 0.732223
64 0.733947
65 0.735659
66 0.737065
67 0.738957
68 0.740368
69 0.741864
70 0.743238
71 0.744695
72 0.745965
73 0.747425
74 0.74878
75 0.749903
76 0.751403
77 0.752545
78 0.753964
79 0.755314
80 0.756146
81 0.75712
82 0.758194
83 0.759242
84 0.760123
85 0.761506
86 0.762671
87 0.763867
88 0.764908
89 0.765934
90 0.767206
91 0.768123
92 0.769269
93 0.77011
94 0.771065
95 0.772084
96 0.773053
97 0.774035
98 0.774927
99 0.775963
100 0.776872
101 0.777843
102 0.778796
103 0.779406
104 0.780057
105 0.781093
106 0.781858
107 0.782604
108 0.783461
109 0.784328
110 0.785236
111 0.786105
112 0.786987
113 0.787859
114 0.788602
115 0.789393
116 0.78993
117 0.790613
118 0.791363
119 0.792162
120 0.792812
121 0.793519
122 0.794262
123 0.795012
124 0.795587
125 0.796425
126 0.797153
127 0.797917
128 0.798391
129 0.799138
130 0.799895
131 0.800541
132 0.801187
133 0.801811
134 0.802427
135 0.802939
136 0.803629
137 0.804397
138 0.805065
139 0.805507
140 0.805871
141 0.806535
142 0.807105
143 0.807722
144 0.808371
145 0.808803
146 0.809287
147 0.809844
148 0.810622
149 0.811158
150 0.811723
151 0.812156
152 0.812682
153 0.81314
154 0.813665
155 0.814132
156 0.814728
157 0.815162
158 0.815791
159 0.816141
160 0.816602
161 0.817175
162 0.817674
163 0.818187
164 0.818702
165 0.819156
166 0.819599
167 0.819939
168 0.820231
169 0.820951
170 0.821318
171 0.821868
172 0.822436
173 0.822908
174 0.823485
175 0.823741
176 0.824137
177 0.824453
178 0.824981
179 0.82537
180 0.825816
181 0.826159
182 0.826526
183 0.82684
184 0.827343
185 0.827837
186 0.828161
187 0.828516
188 0.828836
189 0.829464
190 0.829654
191 0.830233
192 0.83056
193 0.83095
194 0.831208
195 0.83154
196 0.831786
197 0.832236
198 0.832618
199 0.833053
200 0.833471
201 0.833787
202 0.834176
203 0.834601
204 0.834934
205 0.835169
206 0.835511
207 0.835843
208 0.836212
209 0.836587
210 0.836951
211 0.83731
212 0.837624
213 0.837947
214 0.838348
215 0.838516
216 0.839
217 0.839152
218 0.839536
219 0.839872
220 0.840082
221 0.840409
222 0.840639
223 0.840938
224 0.841364
225 0.841595
226 0.841943
227 0.84231
228 0.842619
229 0.842876
230 0.843205
231 0.843552
232 0.843807
233 0.844047
234 0.844323
235 0.8448
236 0.845124
237 0.845379
238 0.845779
239 0.845909
240 0.846317
241 0.84646
242 0.846747
243 0.847141
244 0.847444
245 0.847711
246 0.848044
247 0.848225
248 0.848427
249 0.848773
250 0.848942
251 0.849231
252 0.849537
253 0.849929
254 0.850146
255 0.850523
256 0.850782
257 0.85095
258 0.851251
259 0.851439
260 0.85186
261 0.852049
262 0.852184
263 0.852436
264 0.852621
265 0.852897
266 0.853164
267 0.853466
268 0.853675
269 0.853909
270 0.854271
271 0.854446
272 0.854694
273 0.854951
274 0.855014
275 0.855298
276 0.855564
277 0.85583
278 0.856103
279 0.856234
280 0.856434
281 0.856592
282 0.856854
283 0.857176
284 0.857418
285 0.857528
286 0.857624
287 0.857912
288 0.858145
289 0.858186
290 0.858531
291 0.85872
292 0.858751
293 0.85913
294 0.859362
295 0.859577
296 0.859842
297 0.859992
298 0.860208
299 0.860421
300 0.860779
301 0.860954
302 0.861087
303 0.861344
304 0.861547
305 0.861692
306 0.861888
307 0.862065
308 0.862336
309 0.862533
310 0.862508
311 0.862799
312 0.863037
313 0.863267
314 0.863434
315 0.863732
316 0.863974
317 0.864202
318 0.864247
319 0.864327
320 0.864602
321 0.864804
322 0.864989
323 0.865133
324 0.865392
325 0.865523
326 0.865811
327 0.86603
328 0.866287
329 0.866399
330 0.866594
331 0.866686
332 0.866876
333 0.867014
334 0.867199
335 0.867338
336 0.867573
337 0.867645
338 0.867825
339 0.868142
340 0.868218
341 0.868448
342 0.868612
343 0.868814
344 0.868914
345 0.868963
346 0.869103
347 0.869291
348 0.869467
349 0.869686
350 0.869748
351 0.869875
352 0.870028
353 0.870242
354 0.870413
355 0.870632
356 0.870788
357 0.870979
358 0.871144
359 0.87135
360 0.871522
361 0.871599
362 0.871754
363 0.871861
364 0.87209
365 0.872124
366 0.872397
367 0.872546
368 0.872775
369 0.872797
370 0.873032
371 0.873213
372 0.873375
373 0.873555
374 0.873685
375 0.873757
376 0.874013
377 0.874146
378 0.874264
379 0.874375
380 0.874472
381 0.874742
382 0.874968
383 0.875044
384 0.875149
385 0.875382
386 0.875514
387 0.875688
388 0.875741
389 0.876013
390 0.876112
391 0.876359
392 0.876402
393 0.87659
394 0.876628
395 0.876754
396 0.87696
397 0.877054
398 0.877272
399 0.877414
400 0.877538
