1 0.120716
2 0.120701
3 0.120732
4 0.120623
5 0.120494
6 0.120869
7 0.120662
8 0.120577
9 0.120691
10 0.120422
11 0.120596
12 0.105433
13 0.0965098
14 0.0910413
15 0.0863012
16 0.0822362
17 0.0787788
18 0.0758937
19 0.0733922
20 0.0712287
21 0.0694287
22 0.0678331
23 0.0663809
24 0.0649194
25 0.0635545
26 0.0623878
27 0.0612358
28 0.0601484
29 0.0590934
30 0.0582188
31 0.0571328
32 0.0562222
33 0.0552776
34 0.0544964
35 0.053778
36 0.052878
37 0.0521141
38 0.0511626
39 0.0504997
40 0.0497047
41 0.0491193
42 0.0484162
43 0.047853
44 0.0470651
45 0.0464472
46 0.0460264
47 0.0453251
48 0.0448046
49 0.0442293
50 0.0435955
51 0.0431095
52 0.0426637
53 0.042262
54 0.04178
55 0.041335
56 0.0407592
57 0.040517
58 0.0400698
59 0.0395417
60 0.0391663
61 0.0387637
62 0.0383422
63 0.0380043
64 0.0376122
65 0.0372696
66 0.0369579
67 0.0366315
68 0.03628
69 0.0359187
70 0.0356844
71 0.0352494
72 0.03502
73 0.0345677
74 0.0343248
75 0.0340989
76 0.033769
77 0.0334588
78 0.0332052
79 0.0329981
80 0.0326371
81 0.0324814
82 0.0321365
83 0.0319643
84 0.0316999
85 0.0313724
86 0.0312146
87 0.030905
88 0.0307838
89 0.0304422
90 0.0303612
91 0.0301166
92 0.029807
93 0.0295205
94 0.0294313
95 0.0291595
96 0.0289566
97 0.0288018
98 0.0285665
99 0.0283742
100 0.0282458
101 0.0281561
102 0.0278995
103 0.0277132
104 0.0274611
105 0.0273624
106 0.0272305
107 0.0270172
108 0.0268395
109 0.0267727
110 0.0263947
111 0.0263154
112 0.0261956
113 0.0260342
114 0.0259105
115 0.0256683
116 0.0256139
117 0.0254121
118 0.02526
119 0.0251055
120 0.0249073
121 0.0249235
122 0.0246422
123 0.0245962
124 0.0244295
125 0.0242578
126 0.0241623
127 0.0240246
128 0.0239112
129 0.0238221
130 0.0236892
131 0.0234693
132 0.0234096
133 0.0232949
134 0.0232176
135 0.0230162
136 0.0229066
137 0.0228548
138 0.0227524
139 0.0225981
140 0.0224479
141 0.0223313
142 0.0222888
143 0.0221931
144 0.0220836
145 0.0219387
146 0.0218678
147 0.0217816
148 0.021572
149 0.0215183
150 0.0215083
151 0.0212994
152 0.0213868
153 0.0211345
154 0.0210654
155 0.0210349
156 0.020825
157 0.0207963
158 0.0207179
159 0.020599
160 0.020384
161 0.020495
162 0.0203605
163 0.0202971
164 0.020219
165 0.0201303
166 0.019994
167 0.0198075
168 0.0198812
169 0.019769
170 0.0196943
171 0.0195496
172 0.0195634
173 0.0194759
174 0.0192804
175 0.0192657
176 0.0191557
177 0.019089
178 0.019039
179 0.0189558
180 0.0189424
181 0.0188367
182 0.0187396
183 0.0186288
184 0.0185218
185 0.0185062
186 0.0185285
187 0.0183824
188 0.0183409
189 0.01822
190 0.0181584
191 0.0180674
192 0.0180263
193 0.0180081
194 0.0179156
195 0.0177846
196 0.0178236
197 0.0177593
198 0.0176245
199 0.0176058
200 0.0174882
201 0.0175119
202 0.0173378
203 0.0173016
204 0.0173352
205 0.0172646
206 0.0171495
207 0.0171258
208 0.017064
209 0.0170194
210 0.0169303
211 0.016962
212 0.0168095
213 0.0167185
214 0.0167555
215 0.0166782
216 0.0166147
217 0.0166296
218 0.0164795
219 0.0164812
220 0.0163693
221 0.0163476
222 0.0162849
223 0.0162374
224 0.0162671
225 0.0161223
226 0.0160953
227 0.0160897
228 0.0159888
229 0.0159936
230 0.0159079
231 0.0158274
232 0.0157543
233 0.015713
234 0.0156271
235 0.0156903
236 0.0155564
237 0.0155705
238 0.0154562
239 0.0154871
240 0.015492
241 0.0153618
242 0.0153744
243 0.0152796
244 0.0152416
245 0.0152105
246 0.0150983
247 0.0150153
248 0.0150706
249 0.0150708
250 0.0149206
251 0.015027
252 0.0147728
253 0.0148459
254 0.0147265
255 0.0147598
256 0.0146749
257 0.0145999
258 0.014576
259 0.0146099
260 0.0145344
261 0.0145689
262 0.014465
263 0.0144581
264 0.0143909
265 0.0144006
266 0.0143352
267 0.0142422
268 0.0142316
269 0.0140976
270 0.0141557
271 0.0140938
272 0.0140655
273 0.0140127
274 0.0139576
275 0.0139189
276 0.0139284
277 0.0139086
278 0.0138876
279 0.0137979
280 0.0138257
281 0.0137047
282 0.0137123
283 0.0136739
284 0.0135526
285 0.0136265
286 0.0136256
287 0.0135909
288 0.0134783
289 0.0134088
290 0.0134717
291 0.0133337
292 0.0133878
293 0.013339
294 0.0133395
295 0.0132069
296 0.0132681
297 0.0131762
298 0.0131385
299 0.013155
300 0.0131662
301 0.0131111
302 0.0130846
303 0.0130304
304 0.0129658
305 0.0129473
306 0.0129299
307 0.0128909
308 0.012776
309 0.0128272
310 0.0127537
311 0.0127756
312 0.0126944
313 0.0126843
314 0.0126531
315 0.0125675
316 0.0125859
317 0.0126008
318 0.0125652
319 0.0125822
320 0.0125258
321 0.0124489
322 0.0124906
323 0.0124474
324 0.0124419
325 0.0124325
326 0.0122777
327 0.012359
328 0.0122876
329 0.0122138
330 0.0122578
331 0.0121784
332 0.0122578
333 0.0121722
334 0.0120673
335 0.0121044
336 0.0120647
337 0.012047
338 0.0120522
339 0.0119505
340 0.0119277
341 0.0119555
342 0.0119274
343 0.0119054
344 0.0117821
345 0.0118524
346 0.0118276
347 0.0117778
348 0.011753
349 0.0117953
350 0.0116928
351 0.0117064
352 0.0116239
353 0.0116141
354 0.0116451
355 0.0115941
356 0.0115716
357 0.0115787
358 0.0114918
359 0.0114751
360 0.0114423
361 0.011512
362 0.0114525
363 0.0113529
364 0.011371
365 0.0113353
366 0.0112946
367 0.0112674
368 0.0112853
369 0.011282
370 0.011231
371 0.0112435
372 0.0112243
373 0.0112286
374 0.0112434
375 0.0111282
376 0.0111714
377 0.0111398
378 0.0110519
379 0.0110454
380 0.0109765
381 0.0110427
382 0.0109663
383 0.010999
384 0.0109551
385 0.0109188
386 0.010814
387 0.0108692
388 0.0108571
389 0.0108885
390 0.0108131
391 0.0108566
392 0.0107819
393 0.0107556
394 0.0107236
395 0.0106936
396 0.0106922
397 0.010679
398 0.0106466
399 0.0106251
400 0.0105883
