1 0.500239
2 0.500274
3 0.501057
4 0.501064
5 0.500057
6 0.500033
7 0.583841
8 0.583627
9 0.599684
10 0.60015
11 0.606903
12 0.606958
13 0.646363
14 0.656352
15 0.664841
16 0.668139
17 0.674095
18 0.675321
19 0.693456
20 0.702998
21 0.710709
22 0.715371
23 0.719909
24 0.722118
25 0.730938
26 0.73824
27 0.744073
28 0.747913
29 0.75148
30 0.755096
31 0.760331
32 0.765019
33 0.770099
34 0.773432
35 0.776865
36 0.779367
37 0.782928
38 0.786392
39 0.790148
40 0.79374
41 0.796288
42 0.798391
43 0.800699
44 0.803863
45 0.806541
46 0.809611
47 0.81138
48 0.812997
49 0.815397
50 0.817706
51 0.820282
52 0.822178
53 0.824342
54 0.825688
55 0.827725
56 0.829914
57 0.831696
58 0.832209
59 0.834637
60 0.836212
61 0.837417
62 0.839443
63 0.840761
64 0.84288
65 0.843593
66 0.845072
67 0.846175
68 0.847918
69 0.849398
70 0.850043
71 0.852057
72 0.853045
73 0.853369
74 0.854338
75 0.855838
76 0.856502
77 0.856968
78 0.858159
79 0.85898
80 0.860115
81 0.860511
82 0.862125
83 0.862568
84 0.862849
85 0.863951
86 0.864766
87 0.865051
88 0.865455
89 0.866141
90 0.867073
91 0.867806
92 0.8691
93 0.868805
94 0.869505
95 0.869633
96 0.870418
97 0.871794
98 0.871809
99 0.872304
100 0.872934
101 0.872705
102 0.873431
103 0.873386
104 0.874298
105 0.874105
106 0.875263
107 0.875782
108 0.87564
109 0.875801
110 0.876283
111 0.876602
112 0.876654
113 0.877086
114 0.878056
115 0.878925
116 0.878423
117 0.879177
118 0.878774
119 0.879004
120 0.879785
121 0.879811
122 0.880799
123 0.880698
124 0.881254
125 0.88133
126 0.88155
127 0.881947
128 0.881599
129 0.882151
130 0.882425
131 0.882245
132 0.882424
133 0.883151
134 0.883209
135 0.883626
136 0.883704
137 0.884245
138 0.884437
139 0.884373
140 0.884824
141 0.884654
142 0.885318
143 0.885056
144 0.88538
145 0.885551
146 0.885513
147 0.885702
148 0.886187
149 0.886356
150 0.88677
151 0.886963
152 0.886866
153 0.887673
154 0.887294
155 0.887828
156 0.88781
157 0.887731
158 0.887541
159 0.888116
160 0.888501
161 0.88832
162 0.88846
163 0.888659
164 0.888715
165 0.888711
166 0.889335
167 0.88937
168 0.890073
169 0.889476
170 0.889203
171 0.88962
172 0.89021
173 0.889887
174 0.889981
175 0.88967
176 0.890087
177 0.89077
178 0.890636
179 0.89096
180 0.890586
181 0.891323
182 0.890683
183 0.890961
184 0.890884
185 0.89096
186 0.891831
187 0.891582
188 0.892059
189 0.891546
190 0.891745
191 0.891885
192 0.892106
193 0.892278
194 0.892128
195 0.892281
196 0.892601
197 0.892477
198 0.892426
199 0.892843
200 0.892702
201 0.89246
202 0.892547
203 0.893018
204 0.893209
205 0.893255
206 0.893553
207 0.893323
208 0.8938
209 0.893494
210 0.893101
211 0.893775
212 0.893991
213 0.893863
214 0.89417
215 0.894193
216 0.893768
217 0.894324
218 0.894212
219 0.894526
220 0.894275
221 0.894608
222 0.893885
223 0.894811
224 0.894651
225 0.893813
226 0.894495
227 0.894537
228 0.894796
229 0.894855
230 0.895175
231 0.895288
232 0.894984
233 0.895012
234 0.895122
235 0.895475
236 0.895497
237 0.895338
238 0.895608
239 0.896007
240 0.896005
241 0.895577
242 0.895763
243 0.895904
244 0.896107
245 0.895775
246 0.896248
247 0.896112
248 0.896125
249 0.896565
250 0.895828
251 0.896558
252 0.896583
253 0.89609
254 0.896551
255 0.896209
256 0.896535
257 0.896439
258 0.896826
259 0.896839
260 0.896762
261 0.897212
262 0.896462
263 0.896621
264 0.897149
265 0.896748
266 0.89749
267 0.897025
268 0.897635
269 0.896618
270 0.896972
271 0.8966
272 0.897409
273 0.89728
274 0.897605
275 0.897273
276 0.897716
277 0.897185
278 0.897782
279 0.89831
280 0.897833
281 0.898267
282 0.897926
283 0.89777
284 0.897614
285 0.897852
286 0.898026
287 0.898826
288 0.898507
289 0.898201
290 0.898058
291 0.898348
292 0.898464
293 0.898444
294 0.898699
295 0.898136
296 0.898777
297 0.899045
298 0.89878
299 0.898607
300 0.898707
301 0.898796
302 0.89844
303 0.898561
304 0.898588
305 0.898486
306 0.899226
307 0.898881
308 0.898495
309 0.898631
310 0.898841
311 0.899397
312 0.899387
313 0.899499
314 0.899175
315 0.898942
316 0.899454
317 0.899431
318 0.899356
319 0.899924
320 0.898595
321 0.899668
322 0.898882
323 0.899376
324 0.899511
325 0.899888
326 0.899518
327 0.899444
328 0.899735
329 0.899578
330 0.899463
331 0.89992
332 0.899317
333 0.900029
334 0.900112
335 0.900456
336 0.899654
337 0.899244
338 0.899559
339 0.899816
340 0.900045
341 0.899931
342 0.900643
343 0.900265
344 0.900152
345 0.899538
346 0.900138
347 0.900057
348 0.900125
349 0.900398
350 0.900283
351 0.900375
352 0.900244
353 0.900546
354 0.900532
355 0.900122
356 0.899666
357 0.900303
358 0.900568
359 0.900484
360 0.900703
361 0.900112
362 0.900746
363 0.900521
364 0.900215
365 0.900609
366 0.900815
367 0.900813
368 0.900378
369 0.900536
370 0.900884
371 0.900522
372 0.900695
373 0.900795
374 0.900423
375 0.900904
376 0.900753
377 0.900715
378 0.900269
379 0.900722
380 0.900383
381 0.900573
382 0.900478
383 0.900781
384 0.900696
385 0.901282
386 0.901126
387 0.900778
388 0.901006
389 0.900931
390 0.901012
391 0.900714
392 0.901111
393 0.900697
394 0.901211
395 0.900854
396 0.901145
397 0.901544
398 0.901057
399 0.900527
400 0.90112
