1 0.408577
2 0.408577
3 0.408577
4 0.408577
5 0.408577
6 0.408577
7 0.325507
8 0.325552
9 0.309021
10 0.308717
11 0.301952
12 0.301905
13 0.263038
14 0.253183
15 0.244764
16 0.240723
17 0.235299
18 0.233669
19 0.215615
20 0.205757
21 0.198433
22 0.194199
23 0.189383
24 0.187091
25 0.177994
26 0.170658
27 0.164995
28 0.161054
29 0.157076
30 0.154244
31 0.148823
32 0.143359
33 0.138835
34 0.135434
35 0.132221
36 0.129644
37 0.126146
38 0.122139
39 0.118953
40 0.115841
41 0.113248
42 0.110945
43 0.108063
44 0.105087
45 0.102338
46 0.0998309
47 0.0974679
48 0.0956993
49 0.0935097
50 0.0912657
51 0.0890437
52 0.0867282
53 0.0849006
54 0.0831074
55 0.0813809
56 0.0794795
57 0.0776316
58 0.0759742
59 0.0743716
60 0.0726817
61 0.0710733
62 0.0697922
63 0.0680306
64 0.0666269
65 0.0651099
66 0.0638341
67 0.0625078
68 0.0612329
69 0.0600929
70 0.0586907
71 0.0575517
72 0.0564565
73 0.0554529
74 0.0543633
75 0.0534133
76 0.0524179
77 0.0514934
78 0.050553
79 0.0498434
80 0.0489606
81 0.048234
82 0.0474016
83 0.0467118
84 0.0458284
85 0.0450884
86 0.0444827
87 0.0437955
88 0.0432584
89 0.0424989
90 0.0419126
91 0.0414074
92 0.0406815
93 0.0401051
94 0.0395971
95 0.039011
96 0.0385193
97 0.0381228
98 0.0375027
99 0.037004
100 0.0366408
101 0.0360989
102 0.0356897
103 0.0353094
104 0.0347875
105 0.0344597
106 0.033993
107 0.0336966
108 0.0332339
109 0.0328625
110 0.0324864
111 0.0321983
112 0.0318711
113 0.0314665
114 0.0311342
115 0.0307204
116 0.0305022
117 0.0301481
118 0.0298535
119 0.0295163
120 0.0292034
121 0.0288641
122 0.0287176
123 0.0283651
124 0.028073
125 0.0277823
126 0.0276041
127 0.0272958
128 0.0270293
129 0.0268212
130 0.0265235
131 0.0262614
132 0.0259945
133 0.0258751
134 0.0256522
135 0.0254167
136 0.0251092
137 0.024927
138 0.0247696
139 0.0245353
140 0.0242848
141 0.0240829
142 0.0239147
143 0.0237276
144 0.0235548
145 0.0233087
146 0.0231408
147 0.0230527
148 0.0227285
149 0.0225864
150 0.022506
151 0.0222907
152 0.0220812
153 0.0219326
154 0.0218135
155 0.0216125
156 0.0213997
157 0.0213254
158 0.0211247
159 0.0209883
160 0.020752
161 0.020665
162 0.0205801
163 0.0203832
164 0.0202254
165 0.0201412
166 0.0199639
167 0.01991
168 0.0197192
169 0.0195558
170 0.0194905
171 0.0192954
172 0.0191614
173 0.0190604
174 0.0189417
175 0.0188614
176 0.0187866
177 0.0185897
178 0.0185044
179 0.0183437
180 0.0182593
181 0.018148
182 0.0180173
183 0.0178645
184 0.0178394
185 0.0177062
186 0.0176441
187 0.0175145
188 0.0174221
189 0.0173315
190 0.0172078
191 0.0171123
192 0.0170024
193 0.016887
194 0.0167934
195 0.0167339
196 0.0166404
197 0.0165097
198 0.0164188
199 0.0163132
200 0.0162559
201 0.0161196
202 0.0160671
203 0.016059
204 0.015814
205 0.0158337
206 0.0157501
207 0.01561
208 0.0155493
209 0.0154661
210 0.0153999
211 0.0153722
212 0.0152226
213 0.0152009
214 0.015103
215 0.015013
216 0.0150014
217 0.014856
218 0.0147783
219 0.0147004
220 0.0146631
221 0.0146151
222 0.0144783
223 0.0144653
224 0.014391
225 0.0143397
226 0.0142449
227 0.0141641
228 0.014103
229 0.0140888
230 0.0139693
231 0.0138993
232 0.0138223
233 0.0137598
234 0.0137378
235 0.0136629
236 0.013595
237 0.0135691
238 0.0134961
239 0.0134367
240 0.0133463
241 0.0133168
242 0.013214
243 0.0131608
244 0.0130933
245 0.0130772
246 0.0130377
247 0.012948
248 0.0129311
249 0.0129035
250 0.0128116
251 0.0126845
252 0.0126891
253 0.0126316
254 0.0125375
255 0.0124957
256 0.0124843
257 0.0124273
258 0.0123533
259 0.012341
260 0.0122458
261 0.0121842
262 0.0120756
263 0.0121058
264 0.0120468
265 0.0120382
266 0.0119358
267 0.0118771
268 0.0118308
269 0.0117857
270 0.0117451
271 0.0117412
272 0.0116775
273 0.0116479
274 0.0115783
275 0.0114993
276 0.0114436
277 0.011469
278 0.011396
279 0.0112956
280 0.0113064
281 0.0112797
282 0.0113006
283 0.0111634
284 0.0111387
285 0.0110874
286 0.0110494
287 0.0109893
288 0.011
289 0.0109662
290 0.0108769
291 0.0108269
292 0.0107865
293 0.0107757
294 0.0107716
295 0.0106672
296 0.0106421
297 0.0105958
298 0.0105941
299 0.0105414
300 0.0104544
301 0.0104667
302 0.010421
303 0.0104215
304 0.0103771
305 0.0103104
306 0.0102862
307 0.0102475
308 0.0102789
309 0.0101798
310 0.0101424
311 0.0101105
312 0.0100884
313 0.0100104
314 0.0100157
315 0.00999061
316 0.00995975
317 0.00988017
318 0.00987553
319 0.00987215
320 0.00981793
321 0.00981031
322 0.00975602
323 0.00971628
324 0.00965145
325 0.00966003
326 0.00965807
327 0.00959002
328 0.00958447
329 0.00953447
330 0.00950899
331 0.00948037
332 0.00944189
333 0.00941315
334 0.00939338
335 0.00942105
336 0.00932938
337 0.00930469
338 0.00928563
339 0.00926363
340 0.00923268
341 0.00923763
342 0.00922
343 0.00914642
344 0.00914955
345 0.00906292
346 0.00908831
347 0.00907197
348 0.00904073
349 0.00899221
350 0.00895697
351 0.00894233
352 0.00889906
353 0.00888282
354 0.00886464
355 0.00884187
356 0.0088385
357 0.00881318
358 0.00874185
359 0.0087339
360 0.00874219
361 0.00869075
362 0.0086675
363 0.00863139
364 0.00861788
365 0.00860104
366 0.00856725
367 0.00856738
368 0.00854414
369 0.008508
370 0.00848466
371 0.00849957
372 0.00844924
373 0.0084238
374 0.00837702
375 0.00836353
376 0.00836509
377 0.00830278
378 0.00830725
379 0.00828237
380 0.00825325
381 0.00827408
382 0.00818849
383 0.00820595
384 0.0081801
385 0.00816986
386 0.0081214
387 0.00811194
388 0.00804324
389 0.00807787
390 0.00805666
391 0.00802086
392 0.00798251
393 0.00801975
394 0.00794057
395 0.00796911
396 0.00794776
397 0.0078879
398 0.00788416
399 0.00787875
400 0.00782983
