1 0.408577
2 0.408577
3 0.408577
4 0.408577
5 0.408577
6 0.408577
7 0.39671
8 0.387832
9 0.379072
10 0.372032
11 0.365721
12 0.360402
13 0.352872
14 0.346576
15 0.340062
16 0.333929
17 0.328223
18 0.323137
19 0.317778
20 0.313433
21 0.309036
22 0.304187
23 0.299593
24 0.295416
25 0.291063
26 0.287275
27 0.283383
28 0.279423
29 0.275872
30 0.272288
31 0.269096
32 0.265851
33 0.262618
34 0.259341
35 0.256236
36 0.253295
37 0.25058
38 0.247732
39 0.24513
40 0.242372
41 0.239707
42 0.237209
43 0.234654
44 0.232552
45 0.230038
46 0.227805
47 0.225351
48 0.223345
49 0.221181
50 0.21922
51 0.217109
52 0.215475
53 0.213468
54 0.211492
55 0.209707
56 0.207839
57 0.205856
58 0.204364
59 0.202594
60 0.200853
61 0.199185
62 0.197604
63 0.195835
64 0.194454
65 0.192917
66 0.191407
67 0.18995
68 0.188454
69 0.187014
70 0.185463
71 0.184118
72 0.182855
73 0.181355
74 0.180092
75 0.178706
76 0.177367
77 0.176117
78 0.17492
79 0.173734
80 0.17241
81 0.171206
82 0.170031
83 0.168838
84 0.167654
85 0.16652
86 0.165401
87 0.164442
88 0.163214
89 0.162128
90 0.161129
91 0.160155
92 0.15897
93 0.157969
94 0.157065
95 0.155985
96 0.155112
97 0.154122
98 0.153043
99 0.152178
100 0.151239
101 0.150306
102 0.149455
103 0.148551
104 0.147575
105 0.14678
106 0.145829
107 0.145104
108 0.144208
109 0.143338
110 0.142507
111 0.141713
112 0.141016
113 0.140237
114 0.139359
115 0.13859
116 0.137812
117 0.137066
118 0.136282
119 0.135601
120 0.135077
121 0.134214
122 0.133593
123 0.132886
124 0.13215
125 0.131433
126 0.130909
127 0.130271
128 0.129553
129 0.128943
130 0.128224
131 0.127523
132 0.126967
133 0.126358
134 0.125734
135 0.125037
136 0.124456
137 0.12393
138 0.123384
139 0.122716
140 0.122156
141 0.121516
142 0.121048
143 0.120483
144 0.119905
145 0.119307
146 0.118735
147 0.118307
148 0.117753
149 0.117227
150 0.116676
151 0.116191
152 0.115651
153 0.115098
154 0.114625
155 0.114172
156 0.113613
157 0.113078
158 0.112673
159 0.112192
160 0.111706
161 0.111207
162 0.110776
163 0.110238
164 0.109809
165 0.109371
166 0.108965
167 0.108518
168 0.108065
169 0.107553
170 0.107197
171 0.106732
172 0.106346
173 0.105893
174 0.105377
175 0.105117
176 0.104717
177 0.104233
178 0.103795
179 0.103403
180 0.102998
181 0.102664
182 0.102214
183 0.101831
184 0.10144
185 0.101048
186 0.100691
187 0.100307
188 0.0999702
189 0.0996347
190 0.0991834
191 0.0988292
192 0.0984285
193 0.098076
194 0.0977625
195 0.0973993
196 0.0970472
197 0.0967105
198 0.096303
199 0.0960037
200 0.0956573
201 0.0953107
202 0.0950111
203 0.0946997
204 0.0942846
205 0.0939988
206 0.0936887
207 0.0933258
208 0.0930415
209 0.0926945
210 0.0924093
211 0.0921047
212 0.0917324
213 0.091499
214 0.0911263
215 0.0908611
216 0.0905718
217 0.0902318
218 0.0899106
219 0.0896491
220 0.0893446
221 0.0890886
222 0.0887409
223 0.0885278
224 0.088237
225 0.088008
226 0.0876787
227 0.0873722
228 0.0871102
229 0.0868723
230 0.0865398
231 0.0862284
232 0.0859869
233 0.0856962
234 0.0854738
235 0.0851847
236 0.0849418
237 0.0846658
238 0.0844382
239 0.0841595
240 0.0839066
241 0.0836643
242 0.0834297
243 0.0831801
244 0.0829113
245 0.0826951
246 0.0824575
247 0.0822571
248 0.0820895
249 0.0818553
250 0.0815054
251 0.081245
252 0.0811003
253 0.080889
254 0.0806097
255 0.0804102
256 0.0801607
257 0.0799337
258 0.079704
259 0.0795559
260 0.0793099
261 0.0790629
262 0.0788186
263 0.0786999
264 0.0784452
265 0.0782519
266 0.078044
267 0.0777854
268 0.0776091
269 0.0774039
270 0.0772098
271 0.0770168
272 0.0767864
273 0.0765993
274 0.0764425
275 0.0762326
276 0.0759748
277 0.0758604
278 0.075584
279 0.0753956
280 0.0752286
281 0.0750712
282 0.0749058
283 0.0746468
284 0.0744749
285 0.074299
286 0.0740913
287 0.0739294
288 0.0737479
289 0.0735965
290 0.0733851
291 0.0731706
292 0.0730487
293 0.0728484
294 0.0727188
295 0.0724932
296 0.0723154
297 0.0721631
298 0.0720195
299 0.071802
300 0.0715909
301 0.0714618
302 0.0713179
303 0.0711821
304 0.0709631
305 0.0708013
306 0.0706403
307 0.0704635
308 0.0703427
309 0.0701277
310 0.069953
311 0.0698239
312 0.0696533
313 0.069417
314 0.0693092
315 0.0691323
316 0.0690082
317 0.0688142
318 0.0685729
319 0.0685045
320 0.0683452
321 0.068184
322 0.0679778
323 0.0678782
324 0.0676308
325 0.0675491
326 0.0674248
327 0.0672414
328 0.0670747
329 0.0669251
330 0.0667462
331 0.0666158
332 0.0664794
333 0.0662744
334 0.0661807
335 0.0660381
336 0.0658479
337 0.0657064
338 0.0655688
339 0.0654326
340 0.0652768
341 0.0651575
342 0.0650506
343 0.0648635
344 0.0647331
345 0.064553
346 0.0644725
347 0.0643143
348 0.0641969
349 0.0640321
350 0.0638776
351 0.0637413
352 0.0635951
353 0.0634739
354 0.063304
355 0.0631988
356 0.0630915
357 0.0629777
358 0.0627747
359 0.0626394
360 0.0625337
361 0.0623757
362 0.0622716
363 0.0621019
364 0.0620114
365 0.0618605
366 0.0617164
367 0.0616248
368 0.0614819
369 0.0613776
370 0.0612147
371 0.061122
372 0.0609858
373 0.0608522
374 0.0607259
375 0.060618
376 0.0604964
377 0.0603338
378 0.0602665
379 0.0600978
380 0.0599892
381 0.059913
382 0.0597371
383 0.0596529
384 0.0595082
385 0.0594423
386 0.059277
387 0.0591534
388 0.0590012
389 0.0589585
390 0.0587979
391 0.0587078
392 0.0585602
393 0.0584832
394 0.0583486
395 0.058249
396 0.0581405
397 0.0579676
398 0.0579241
399 0.0577927
400 0.0576826
