1 0.145814
2 0.153829
3 0.151698
4 0.158035
5 0.153532
6 0.158695
7 0.181188
8 0.185054
9 0.193833
10 0.198053
11 0.198461
12 0.200692
13 0.211871
14 0.219771
15 0.226291
16 0.230517
17 0.23361
18 0.236412
19 0.242938
20 0.251713
21 0.257621
22 0.263972
23 0.268381
24 0.271507
25 0.276282
26 0.28312
27 0.288575
28 0.294109
29 0.299714
30 0.303333
31 0.307826
32 0.3141
33 0.319263
34 0.324409
35 0.329135
36 0.333864
37 0.33818
38 0.343222
39 0.347644
40 0.353359
41 0.357776
42 0.36215
43 0.36641
44 0.371998
45 0.3767
46 0.3822
47 0.386372
48 0.390479
49 0.394716
50 0.399517
51 0.403841
52 0.409499
53 0.413661
54 0.418328
55 0.422882
56 0.427356
57 0.430956
58 0.436185
59 0.440276
60 0.444801
61 0.449525
62 0.452252
63 0.45788
64 0.461614
65 0.465946
66 0.469123
67 0.473657
68 0.477703
69 0.481185
70 0.486078
71 0.489841
72 0.492945
73 0.496259
74 0.500125
75 0.503769
76 0.507534
77 0.510671
78 0.513991
79 0.516749
80 0.51948
81 0.522651
82 0.525668
83 0.528674
84 0.531814
85 0.535469
86 0.537473
87 0.540234
88 0.542614
89 0.545919
90 0.548507
91 0.550788
92 0.553629
93 0.556742
94 0.558431
95 0.56071
96 0.563531
97 0.565241
98 0.567437
99 0.570472
100 0.571942
101 0.574848
102 0.576567
103 0.578652
104 0.580975
105 0.58259
106 0.584971
107 0.586707
108 0.589066
109 0.590887
110 0.593213
111 0.594761
112 0.596072
113 0.598485
114 0.599961
115 0.602549
116 0.60385
117 0.605127
118 0.606539
119 0.60856
120 0.611015
121 0.612888
122 0.613556
123 0.615618
124 0.617153
125 0.618819
126 0.620088
127 0.621539
128 0.62357
129 0.624716
130 0.626143
131 0.627889
132 0.629754
133 0.630342
134 0.632002
135 0.633313
136 0.635301
137 0.636532
138 0.636983
139 0.638824
140 0.640429
141 0.641138
142 0.64313
143 0.643423
144 0.645126
145 0.646561
146 0.647874
147 0.648827
148 0.651134
149 0.651898
150 0.652424
151 0.653406
152 0.655023
153 0.655956
154 0.656839
155 0.657816
156 0.659824
157 0.660822
158 0.661518
159 0.662855
160 0.664401
161 0.665021
162 0.665502
163 0.667158
164 0.668483
165 0.66935
166 0.67026
167 0.670753
168 0.671784
169 0.673143
170 0.673569
171 0.675329
172 0.676118
173 0.677131
174 0.677967
175 0.67834
176 0.678883
177 0.680437
178 0.681404
179 0.682805
180 0.683353
181 0.684063
182 0.684941
183 0.686838
184 0.686539
185 0.687598
186 0.687825
187 0.689153
188 0.689918
189 0.689981
190 0.691729
191 0.692317
192 0.693237
193 0.693987
194 0.694906
195 0.69567
196 0.696316
197 0.697511
198 0.698154
199 0.698685
200 0.699492
201 0.700512
202 0.701234
203 0.701013
204 0.703203
205 0.702561
206 0.704052
207 0.704869
208 0.705469
209 0.706835
210 0.706807
211 0.707738
212 0.708048
213 0.708573
214 0.709358
215 0.710323
216 0.710211
217 0.71169
218 0.712234
219 0.713543
220 0.713492
221 0.713784
222 0.714911
223 0.715043
224 0.715913
225 0.716242
226 0.717524
227 0.717756
228 0.71834
229 0.718732
230 0.719461
231 0.720612
232 0.720984
233 0.721364
234 0.72215
235 0.722701
236 0.722946
237 0.723596
238 0.724007
239 0.724794
240 0.72559
241 0.725701
242 0.726846
243 0.727207
244 0.728004
245 0.728239
246 0.72857
247 0.729663
248 0.729876
249 0.729591
250 0.730935
251 0.732032
252 0.732221
253 0.732744
254 0.733827
255 0.734272
256 0.734635
257 0.734616
258 0.73514
259 0.735268
260 0.73678
261 0.737438
262 0.738312
263 0.738294
264 0.738549
265 0.73897
266 0.739398
267 0.740419
268 0.740657
269 0.741516
270 0.742365
271 0.742269
272 0.742348
273 0.743352
274 0.743656
275 0.744448
276 0.745001
277 0.744376
278 0.745584
279 0.74648
280 0.746299
281 0.747044
282 0.746809
283 0.748145
284 0.748471
285 0.749174
286 0.749452
287 0.750207
288 0.749947
289 0.750075
290 0.75143
291 0.751929
292 0.752573
293 0.752366
294 0.75274
295 0.753301
296 0.753789
297 0.754403
298 0.754047
299 0.755099
300 0.756136
301 0.755382
302 0.756298
303 0.756224
304 0.756974
305 0.757293
306 0.757926
307 0.757954
308 0.758061
309 0.759229
310 0.759368
311 0.75952
312 0.759996
313 0.761175
314 0.760853
315 0.760868
316 0.761548
317 0.762194
318 0.762509
319 0.762734
320 0.763297
321 0.762908
322 0.764189
323 0.764338
324 0.765092
325 0.764849
326 0.764971
327 0.766212
328 0.765504
329 0.766408
330 0.766913
331 0.767714
332 0.767553
333 0.76795
334 0.768041
335 0.768014
336 0.768695
337 0.769136
338 0.769223
339 0.769718
340 0.770081
341 0.769965
342 0.770339
343 0.771133
344 0.771111
345 0.772228
346 0.772111
347 0.771839
348 0.772338
349 0.772997
350 0.773135
351 0.773429
352 0.7738
353 0.774297
354 0.77452
355 0.774933
356 0.774952
357 0.775521
358 0.776498
359 0.776193
360 0.776106
361 0.776413
362 0.77719
363 0.777955
364 0.777473
365 0.777668
366 0.778509
367 0.778306
368 0.778312
369 0.77921
370 0.779435
371 0.778948
372 0.77973
373 0.779799
374 0.780867
375 0.780623
376 0.780815
377 0.781223
378 0.781488
379 0.782188
380 0.782515
381 0.78229
382 0.783165
383 0.782894
384 0.783455
385 0.782973
386 0.784084
387 0.783825
388 0.784932
389 0.784403
390 0.784806
391 0.785178
392 0.785891
393 0.785083
394 0.785993
395 0.786008
396 0.786077
397 0.787183
398 0.78716
399 0.787369
400 0.78783
