1 0.0781917
2 0.0779505
3 0.0779984
4 0.0781438
5 0.0781286
6 0.0780136
7 0.0780135
8 0.0781287
9 0.078132
10 0.0780101
11 0.0780932
12 0.078049
13 0.0780797
14 0.0780625
15 0.0781431
16 0.077999
17 0.0780306
18 0.0781116
19 0.0780094
20 0.0781327
21 0.0779862
22 0.078156
23 0.0781948
24 0.0779474
25 0.0780319
26 0.0781917
27 0.0588778
28 0.0507437
29 0.0489434
30 0.0427574
31 0.0424256
32 0.0377363
33 0.0377133
34 0.0341688
35 0.0341207
36 0.0311879
37 0.0312201
38 0.0287457
39 0.0286825
40 0.0266793
41 0.0265786
42 0.0248302
43 0.0248276
44 0.0233745
45 0.0233017
46 0.0219942
47 0.0219662
48 0.0208079
49 0.0207838
50 0.0197458
51 0.0195321
52 0.0188726
53 0.0187025
54 0.0183536
55 0.0180892
56 0.0179065
57 0.0176464
58 0.0175579
59 0.0176232
60 0.0175256
61 0.0175509
62 0.0173729
63 0.0171298
64 0.0176398
65 0.0172872
66 0.0171789
67 0.0175432
68 0.0172725
69 0.0175831
70 0.0176418
71 0.017513
72 0.0175734
73 0.0176239
74 0.0177978
75 0.0179425
76 0.0181188
77 0.0179216
78 0.0183
79 0.0179794
80 0.0181886
81 0.0180255
82 0.0182094
83 0.018225
84 0.0181168
85 0.0184024
86 0.018339
87 0.0183279
88 0.0180515
89 0.0184086
90 0.0179711
91 0.0182291
92 0.0181242
93 0.0179932
94 0.0178361
95 0.0175913
96 0.0176977
97 0.0176252
98 0.0176106
99 0.0175796
100 0.0175063
101 0.0172348
102 0.0175189
103 0.0170003
104 0.0171877
105 0.0169663
106 0.0169671
107 0.0168667
108 0.0166198
109 0.0169313
110 0.0162955
111 0.0163749
112 0.0162846
113 0.016059
114 0.0160716
115 0.0159664
116 0.0156266
117 0.0158144
118 0.0155881
119 0.0155866
120 0.0154029
121 0.0153011
122 0.0153326
123 0.0151512
124 0.0150241
125 0.0147834
126 0.0148942
127 0.0147472
128 0.0145031
129 0.0145445
130 0.0143592
131 0.0142471
132 0.0142804
133 0.0139251
134 0.0140089
135 0.0139182
136 0.0137691
137 0.0138912
138 0.0137486
139 0.0135523
140 0.0134822
141 0.0135507
142 0.013307
143 0.0134024
144 0.0131292
145 0.0130679
146 0.0131077
147 0.0129321
148 0.0129321
149 0.012775
150 0.0128815
151 0.0125856
152 0.0126496
153 0.0126008
154 0.0124663
155 0.0124381
156 0.0123205
157 0.0122239
158 0.0121027
159 0.0121045
160 0.0120098
161 0.0120301
162 0.0119016
163 0.0118227
164 0.0117568
165 0.0117605
166 0.0116339
167 0.0117136
168 0.0114852
169 0.0115826
170 0.0114265
171 0.0114603
172 0.0114288
173 0.0113421
174 0.0113013
175 0.0111711
176 0.0111595
177 0.0111513
178 0.0110719
179 0.0110444
180 0.0110952
181 0.0109413
182 0.0110416
183 0.0109385
184 0.0108081
185 0.0109148
186 0.010806
187 0.0107854
188 0.0107263
189 0.010572
190 0.010558
191 0.0105121
192 0.0104852
193 0.0103021
194 0.0104968
195 0.0102918
196 0.0103916
197 0.0103357
198 0.0103299
199 0.0102764
200 0.0101963
201 0.0101379
202 0.0101694
203 0.0101022
204 0.0100351
205 0.0100571
206 0.0099899
207 0.0100029
208 0.00997408
209 0.00983706
210 0.0098575
211 0.00982988
212 0.00978595
213 0.00982124
214 0.00975326
215 0.00969538
216 0.00977964
217 0.00965143
218 0.00970841
219 0.00958456
220 0.00952379
221 0.0094515
222 0.00955471
223 0.00947685
224 0.00948965
225 0.00942942
226 0.00938462
227 0.00937803
228 0.00931671
229 0.00932068
230 0.00923711
231 0.00928784
232 0.00919417
233 0.0090896
234 0.00924986
235 0.00905756
236 0.00911117
237 0.00901099
238 0.00906012
239 0.00905189
240 0.00898639
241 0.00893136
242 0.00888846
243 0.00889477
244 0.00882077
245 0.00889778
246 0.00885185
247 0.00885448
248 0.00874819
249 0.00873099
250 0.00869081
251 0.00875233
252 0.00864672
253 0.00870276
254 0.00866526
255 0.00860587
256 0.00859673
257 0.0085338
258 0.00860947
259 0.00843873
260 0.00859994
261 0.00843068
262 0.00848307
263 0.00834249
264 0.00846289
265 0.00831225
266 0.00835827
267 0.00837362
268 0.00830771
269 0.00835405
270 0.00830082
271 0.00831545
272 0.00826129
273 0.00832944
274 0.00822635
275 0.008194
276 0.00814638
277 0.00820039
278 0.00812793
279 0.00805463
280 0.00811916
281 0.00802887
282 0.00805773
283 0.00798426
284 0.0080437
285 0.007975
286 0.00801977
287 0.00790089
288 0.00791755
289 0.00783911
290 0.00788488
291 0.0078736
292 0.00776983
293 0.00782648
294 0.00778647
295 0.0077703
296 0.00773504
297 0.00775337
298 0.00760051
299 0.00765506
300 0.00763928
301 0.00764666
302 0.00758987
303 0.00759035
304 0.00761644
305 0.00751338
306 0.00756095
307 0.00752636
308 0.00752266
309 0.00746792
310 0.00747302
311 0.00739284
312 0.00749519
313 0.00735373
314 0.00746108
315 0.00737961
316 0.00737103
317 0.00732504
318 0.00741078
319 0.00733506
320 0.00733914
321 0.00724844
322 0.00727507
323 0.00722064
324 0.00726463
325 0.00723766
326 0.00715475
327 0.00717033
328 0.00716397
329 0.00712826
330 0.00708157
331 0.00709888
332 0.00707934
333 0.00711902
334 0.00700966
335 0.00705305
336 0.00700394
337 0.00702081
338 0.00697069
339 0.00700512
340 0.00698051
341 0.00699482
342 0.00693212
343 0.00692539
344 0.0069095
345 0.00688715
346 0.00683029
347 0.00686447
348 0.0068328
349 0.00680061
350 0.00680153
351 0.00674971
352 0.00676388
353 0.00676589
354 0.00671897
355 0.00676635
356 0.00675781
357 0.00672181
358 0.00669382
359 0.00666174
360 0.00669432
361 0.00663099
362 0.00665637
363 0.00660112
364 0.00655864
365 0.00661696
366 0.00656026
367 0.00654001
368 0.0065333
369 0.00649132
370 0.00649713
371 0.00647188
372 0.00652602
373 0.00647825
374 0.00644618
375 0.00645496
376 0.0064405
377 0.00647687
378 0.00641032
379 0.00640571
380 0.00641796
381 0.00637915
382 0.00641369
383 0.00640056
384 0.00636122
385 0.00628826
386 0.00634368
387 0.00631505
388 0.00627434
389 0.00625944
390 0.0062174
391 0.00624328
392 0.00622649
393 0.00625405
394 0.00621971
395 0.00622707
396 0.00623146
397 0.00621849
398 0.00617965
399 0.00618485
400 0.00620772
