1 0.0588272
2 0.101478
3 0.0490394
4 0.0782166
5 0.0425399
6 0.0648069
7 0.0376975
8 0.0556171
9 0.0341638
10 0.0490554
11 0.0311353
12 0.0439656
13 0.0287267
14 0.039801
15 0.0266747
16 0.0364335
17 0.0248275
18 0.0335868
19 0.0233743
20 0.0312175
21 0.0219933
22 0.029135
23 0.0208072
24 0.0272826
25 0.0197465
26 0.022488
27 0.0188121
28 0.0203406
29 0.0180003
30 0.0185046
31 0.0175387
32 0.0177241
33 0.0166339
34 0.0169291
35 0.0163936
36 0.0163486
37 0.0157476
38 0.0155465
39 0.0150804
40 0.0155787
41 0.0147028
42 0.0146468
43 0.0145419
44 0.0144003
45 0.0141207
46 0.014124
47 0.0135067
48 0.0135746
49 0.0136159
50 0.0133191
51 0.0128867
52 0.0132707
53 0.0125612
54 0.0125067
55 0.0126157
56 0.0122929
57 0.0120928
58 0.0121438
59 0.0116805
60 0.0118042
61 0.0115629
62 0.0112982
63 0.0111204
64 0.011291
65 0.0109293
66 0.0107652
67 0.0107004
68 0.0106274
69 0.0103515
70 0.0104812
71 0.0101831
72 0.0100925
73 0.00995811
74 0.009796
75 0.00969612
76 0.00970213
77 0.00938554
78 0.00938545
79 0.00930538
80 0.00923692
81 0.00898837
82 0.00901314
83 0.00879338
84 0.00882326
85 0.00874603
86 0.00856585
87 0.00843075
88 0.00846619
89 0.00825603
90 0.00829173
91 0.00814438
92 0.00812652
93 0.00793714
94 0.0079528
95 0.0078299
96 0.00777502
97 0.00769071
98 0.00759888
99 0.00753642
100 0.00754466
101 0.00736326
102 0.00730808
103 0.00724349
104 0.00719542
105 0.00712002
106 0.00711807
107 0.00694037
108 0.00693327
109 0.00685235
110 0.00684522
111 0.00672666
112 0.00674839
113 0.00664242
114 0.0065795
115 0.00655525
116 0.00650633
117 0.00640339
118 0.0064014
119 0.00630685
120 0.00633588
121 0.00624515
122 0.00619907
123 0.00615866
124 0.00615484
125 0.00606737
126 0.00601355
127 0.00599212
128 0.0059439
129 0.00585747
130 0.00588499
131 0.00578219
132 0.00577781
133 0.00573753
134 0.00570958
135 0.00564581
136 0.00564801
137 0.00555261
138 0.00553615
139 0.00548967
140 0.00550494
141 0.00543544
142 0.00541685
143 0.00533192
144 0.00532432
145 0.00530654
146 0.00524939
147 0.0052017
148 0.00523391
149 0.00514499
150 0.00514182
151 0.00509607
152 0.0050613
153 0.00501746
154 0.00502024
155 0.00497612
156 0.00495193
157 0.00490581
158 0.00488328
159 0.00483692
160 0.00486157
161 0.00478669
162 0.00478368
163 0.00472881
164 0.00471468
165 0.00468444
166 0.00467256
167 0.0046418
168 0.00463302
169 0.00460006
170 0.00457687
171 0.00451438
172 0.00452689
173 0.0044783
174 0.00446378
175 0.0044465
176 0.00442642
177 0.00437488
178 0.00438259
179 0.00433239
180 0.00434006
181 0.00429621
182 0.00426761
183 0.00425171
184 0.00425431
185 0.00420698
186 0.00418393
187 0.00415845
188 0.00415422
189 0.00412381
190 0.00412247
191 0.00407199
192 0.00406418
193 0.0040283
194 0.00400806
195 0.00398973
196 0.00399865
197 0.00395365
198 0.00394431
199 0.00391561
200 0.00391993
201 0.00388245
202 0.00387165
203 0.00385384
204 0.00386096
205 0.00383123
206 0.00379939
207 0.00377398
208 0.00377048
209 0.00373677
210 0.00374262
211 0.00372433
212 0.00370424
213 0.0036783
214 0.00367969
215 0.00365527
216 0.00363858
217 0.00361797
218 0.00361774
219 0.00358386
220 0.00359642
221 0.00355633
222 0.00355051
223 0.00353714
224 0.0035251
225 0.00351562
226 0.00350651
227 0.00347868
228 0.00347053
229 0.00345163
230 0.00344659
231 0.00342127
232 0.00342567
233 0.00339746
234 0.00339021
235 0.00337756
236 0.00336393
237 0.00334114
238 0.0033407
239 0.00331515
240 0.00330978
241 0.00328565
242 0.00327568
243 0.003256
244 0.00326556
245 0.00323341
246 0.00323918
247 0.0032092
248 0.0032032
249 0.00318639
250 0.00319386
251 0.00316781
252 0.00316558
253 0.00314907
254 0.00313071
255 0.0031216
256 0.00311596
257 0.00308472
258 0.00308213
259 0.00306959
260 0.00306502
261 0.00303988
262 0.00302972
263 0.00301284
264 0.00300978
265 0.00299778
266 0.00299183
267 0.00297649
268 0.00297971
269 0.00294624
270 0.00295119
271 0.00293564
272 0.00292406
273 0.00290725
274 0.00291109
275 0.00289411
276 0.00288544
277 0.00287838
278 0.00287298
279 0.00285826
280 0.00285494
281 0.00283503
282 0.00283233
283 0.00282118
284 0.00281451
285 0.00280391
286 0.00280159
287 0.00277986
288 0.00278157
289 0.00277258
290 0.00276871
291 0.0027605
292 0.00275877
293 0.00272913
294 0.00272641
295 0.00272534
296 0.0027173
297 0.00269429
298 0.00269495
299 0.00268159
300 0.00268521
301 0.00266777
302 0.00265878
303 0.00264942
304 0.00265173
305 0.00263461
306 0.00262411
307 0.00261408
308 0.00261303
309 0.00259806
310 0.00259484
311 0.00257663
312 0.0025754
313 0.00256774
314 0.00256017
315 0.00255315
316 0.00255177
317 0.00252921
318 0.0025255
319 0.00251928
320 0.00251778
321 0.00250686
322 0.00250028
323 0.00248696
324 0.00248469
325 0.00247758
326 0.00246806
327 0.00245652
328 0.00245843
329 0.00244784
330 0.00245227
331 0.00244061
332 0.00243778
333 0.00242474
334 0.00241981
335 0.00240716
336 0.00240448
337 0.00239873
338 0.00238935
339 0.00237452
340 0.00238289
341 0.00236503
342 0.00235657
343 0.00235157
344 0.0023502
345 0.00233551
346 0.00233082
347 0.00232355
348 0.00232603
349 0.00231681
350 0.00230979
351 0.00229654
352 0.00229654
353 0.00228522
354 0.00228502
355 0.00227643
356 0.0022701
357 0.00226371
358 0.00225818
359 0.00224482
360 0.00224897
361 0.00223338
362 0.00223216
363 0.00222298
364 0.00222684
365 0.00221771
366 0.00221298
367 0.00220523
368 0.00220303
369 0.00218869
370 0.00218767
371 0.00218017
372 0.00217834
373 0.00216663
374 0.00216177
375 0.00215369
376 0.00215313
377 0.00214143
378 0.00214343
379 0.00213384
380 0.00213283
381 0.00211963
382 0.00211514
383 0.00211513
384 0.00210999
385 0.00210647
386 0.00209497
387 0.00208923
388 0.00208865
389 0.00208215
390 0.00208289
391 0.00206986
392 0.00206806
393 0.00205923
394 0.00205843
395 0.00205101
396 0.00204964
397 0.00204282
398 0.00204343
399 0.00202908
400 0.00203436
