1 0.530607
2 0.530607
3 0.530607
4 0.530607
5 0.530607
6 0.530607
7 0.530607
8 0.530607
9 0.530607
10 0.530607
11 0.530607
12 0.530607
13 0.530607
14 0.530607
15 0.530607
16 0.530607
17 0.530607
18 0.530607
19 0.530607
20 0.530607
21 0.530607
22 0.530607
23 0.530607
24 0.530607
25 0.530607
26 0.530607
27 0.530607
28 0.530607
29 0.530607
30 0.530607
31 0.530607
32 0.530607
33 0.530607
34 0.530607
35 0.530607
36 0.530607
37 0.530607
38 0.530607
39 0.530607
40 0.530607
41 0.530607
42 0.530607
43 0.530607
44 0.530607
45 0.530607
46 0.530607
47 0.530607
48 0.530607
49 0.530607
50 0.530607
51 0.530607
52 0.530607
53 0.530607
54 0.530607
55 0.530607
56 0.530607
57 0.530607
58 0.530607
59 0.530607
60 0.530607
61 0.530607
62 0.530607
63 0.530607
64 0.530607
65 0.530607
66 0.530607
67 0.530607
68 0.530607
69 0.530607
70 0.530607
71 0.530607
72 0.530607
73 0.530607
74 0.530607
75 0.530607
76 0.530607
77 0.530607
78 0.530607
79 0.530607
80 0.530607
81 0.530607
82 0.530607
83 0.530607
84 0.530607
85 0.530607
86 0.530607
87 0.530607
88 0.530607
89 0.530607
90 0.530607
91 0.530607
92 0.530607
93 0.530607
94 0.530607
95 0.530607
96 0.530607
97 0.530607
98 0.530607
99 0.530607
100 0.530607
101 0.530607
102 0.530607
103 0.530607
104 0.530607
105 0.530607
106 0.530607
107 0.530607
108 0.530607
109 0.530607
110 0.530607
111 0.530607
112 0.530607
113 0.530607
114 0.530607
115 0.530607
116 0.530607
117 0.530607
118 0.530607
119 0.530607
120 0.530607
121 0.530607
122 0.530607
123 0.530607
124 0.530607
125 0.530607
126 0.530607
127 0.530607
128 0.530607
129 0.530607
130 0.530607
131 0.530607
132 0.530607
133 0.530607
134 0.530607
135 0.530607
136 0.530607
137 0.530607
138 0.530607
139 0.530607
140 0.530607
141 0.530607
142 0.530607
143 0.530607
144 0.530607
145 0.530607
146 0.530607
147 0.530607
148 0.530607
149 0.530607
150 0.530607
151 0.530607
152 0.530607
153 0.530607
154 0.530607
155 0.530607
156 0.530607
157 0.530607
158 0.530607
159 0.530607
160 0.530607
161 0.530607
162 0.530607
163 0.530607
164 0.530607
165 0.530607
166 0.530607
167 0.530607
168 0.530607
169 0.530607
170 0.530607
171 0.530607
172 0.530607
173 0.530607
174 0.530607
175 0.530607
176 0.530607
177 0.530607
178 0.530607
179 0.530607
180 0.530607
181 0.530607
182 0.530607
183 0.530607
184 0.530607
185 0.530607
186 0.530607
187 0.530607
188 0.530607
189 0.530607
190 0.530607
191 0.530607
192 0.530607
193 0.530607
194 0.530607
195 0.530607
196 0.530607
197 0.530607
198 0.530607
199 0.530607
200 0.530607
201 0.530607
202 0.530607
203 0.530607
204 0.530607
205 0.530607
206 0.530607
207 0.530607
208 0.530607
209 0.530607
210 0.530607
211 0.530607
212 0.530607
213 0.530607
214 0.530607
215 0.530607
216 0.530607
217 0.530607
218 0.530607
219 0.530607
220 0.530607
221 0.530607
222 0.530607
223 0.530607
224 0.530607
225 0.530607
226 0.530607
227 0.530607
228 0.530607
229 0.530607
230 0.530607
231 0.530607
232 0.530607
233 0.530607
234 0.530607
235 0.530607
236 0.530607
237 0.530607
238 0.530607
239 0.530607
240 0.530607
241 0.530607
242 0.530607
243 0.530607
244 0.530607
245 0.530607
246 0.530607
247 0.530607
248 0.530607
249 0.530607
250 0.530607
251 0.530607
252 0.530607
253 0.530607
254 0.530607
255 0.530607
256 0.530607
257 0.530607
258 0.530607
259 0.530607
260 0.530607
261 0.530607
262 0.530607
263 0.530607
264 0.530607
265 0.530607
266 0.530607
267 0.530607
268 0.530607
269 0.530607
270 0.530607
271 0.530607
272 0.530607
273 0.530607
274 0.530607
275 0.530607
276 0.530607
277 0.530607
278 0.530607
279 0.530607
280 0.530607
281 0.530607
282 0.530607
283 0.530607
284 0.530607
285 0.530607
286 0.530607
287 0.530607
288 0.530607
289 0.530607
290 0.530607
291 0.530607
292 0.530607
293 0.530607
294 0.530607
295 0.530607
296 0.530607
297 0.530607
298 0.530607
299 0.530607
300 0.530607
301 0.530607
302 0.530607
303 0.530607
304 0.530607
305 0.530607
306 0.530607
307 0.530607
308 0.530607
309 0.530607
310 0.530607
311 0.530607
312 0.530607
313 0.530607
314 0.530607
315 0.530607
316 0.530607
317 0.530607
318 0.530607
319 0.530607
320 0.530607
321 0.530607
322 0.530607
323 0.530607
324 0.530607
325 0.530607
326 0.530607
327 0.530607
328 0.530607
329 0.530607
330 0.530607
331 0.530607
332 0.530607
333 0.530607
334 0.530607
335 0.530607
336 0.530607
337 0.530607
338 0.530607
339 0.530607
340 0.530607
341 0.530607
342 0.530607
343 0.530607
344 0.530607
345 0.530607
346 0.530607
347 0.530607
348 0.530607
349 0.530607
350 0.530607
351 0.530607
352 0.530607
353 0.530607
354 0.530607
355 0.530607
356 0.530607
357 0.530607
358 0.530607
359 0.530607
360 0.530607
361 0.530607
362 0.530607
363 0.530607
364 0.530607
365 0.530607
366 0.530607
367 0.530607
368 0.530607
369 0.530607
370 0.530607
371 0.530607
372 0.530607
373 0.530607
374 0.530607
375 0.530607
376 0.530607
377 0.530607
378 0.530607
379 0.530607
380 0.530607
381 0.530607
382 0.530607
383 0.530607
384 0.530607
385 0.530607
386 0.530607
387 0.530607
388 0.530607
389 0.530607
390 0.530607
391 0.530607
392 0.530607
393 0.530607
394 0.530607
395 0.530607
396 0.530607
397 0.530607
398 0.530607
399 0.530607
400 0.530607
