1 0.230826
2 0.230397
3 0.230453
4 0.230744
5 0.230564
6 0.230753
7 0.227109
8 0.224225
9 0.221597
10 0.218833
11 0.215845
12 0.213067
13 0.210251
14 0.207713
15 0.205377
16 0.202785
17 0.200092
18 0.197879
19 0.195366
20 0.193025
21 0.190771
22 0.189078
23 0.186863
24 0.185073
25 0.183119
26 0.181798
27 0.180149
28 0.178698
29 0.177066
30 0.175856
31 0.174584
32 0.173195
33 0.1721
34 0.170746
35 0.169689
36 0.168775
37 0.167907
38 0.166642
39 0.165588
40 0.164484
41 0.163881
42 0.162707
43 0.161733
44 0.161012
45 0.159944
46 0.159037
47 0.158219
48 0.157226
49 0.15654
50 0.155466
51 0.155004
52 0.153667
53 0.152835
54 0.152144
55 0.151048
56 0.149902
57 0.149557
58 0.148638
59 0.147389
60 0.146918
61 0.146063
62 0.145142
63 0.144393
64 0.143771
65 0.142954
66 0.142186
67 0.141388
68 0.140748
69 0.139814
70 0.139098
71 0.138206
72 0.137444
73 0.136827
74 0.13608
75 0.135316
76 0.134662
77 0.133809
78 0.13294
79 0.132542
80 0.131555
81 0.131087
82 0.130358
83 0.1298
84 0.129213
85 0.128351
86 0.127942
87 0.127249
88 0.126383
89 0.125916
90 0.125086
91 0.12449
92 0.123799
93 0.12341
94 0.12269
95 0.122121
96 0.12147
97 0.120919
98 0.120454
99 0.119964
100 0.119341
101 0.11869
102 0.118282
103 0.117295
104 0.116997
105 0.11656
106 0.115957
107 0.115497
108 0.11487
109 0.114438
110 0.114055
111 0.113068
112 0.112594
113 0.112224
114 0.111805
115 0.111226
116 0.110825
117 0.110237
118 0.10961
119 0.10938
120 0.108846
121 0.108239
122 0.107794
123 0.107153
124 0.106826
125 0.106158
126 0.105904
127 0.105444
128 0.105127
129 0.104467
130 0.104066
131 0.103613
132 0.103233
133 0.102803
134 0.102518
135 0.101776
136 0.101662
137 0.101156
138 0.100711
139 0.10038
140 0.0999746
141 0.099385
142 0.0988594
143 0.0986626
144 0.0982777
145 0.0977886
146 0.0973188
147 0.0971715
148 0.0967023
149 0.0962515
150 0.096039
151 0.0952724
152 0.0948803
153 0.094519
154 0.0942688
155 0.0941197
156 0.0936604
157 0.0931633
158 0.0929337
159 0.0924997
160 0.0921733
161 0.0918563
162 0.0916546
163 0.0910751
164 0.0905941
165 0.0903384
166 0.0901258
167 0.0896192
168 0.0894192
169 0.0889973
170 0.0887899
171 0.0882558
172 0.0880136
173 0.0878076
174 0.0873879
175 0.0869328
176 0.086808
177 0.0863695
178 0.086029
179 0.0857676
180 0.0854963
181 0.0854073
182 0.0847922
183 0.0846042
184 0.0843985
185 0.0839964
186 0.0836876
187 0.083262
188 0.0832052
189 0.0828548
190 0.0825697
191 0.0821908
192 0.0818958
193 0.0817392
194 0.0815277
195 0.0812275
196 0.0808064
197 0.080351
198 0.0803045
199 0.0798715
200 0.0797313
201 0.0794645
202 0.0792249
203 0.0789218
204 0.0786219
205 0.0785437
206 0.078079
207 0.0779296
208 0.0776444
209 0.0773945
210 0.0771967
211 0.0768889
212 0.0767011
213 0.0763516
214 0.0761379
215 0.0758756
216 0.0755937
217 0.07548
218 0.0751273
219 0.0748316
220 0.0748338
221 0.0744667
222 0.0742928
223 0.0739331
224 0.0736381
225 0.0732314
226 0.0732315
227 0.0730801
228 0.0726951
229 0.0725948
230 0.0723304
231 0.0720906
232 0.0720288
233 0.071649
234 0.0717583
235 0.0713154
236 0.0711796
237 0.070821
238 0.0705821
239 0.0704005
240 0.0702044
241 0.0698951
242 0.0696423
243 0.0694242
244 0.0691305
245 0.0688228
246 0.0689421
247 0.0687015
248 0.0685608
249 0.0684487
250 0.0681174
251 0.0677756
252 0.0677171
253 0.0676033
254 0.0674065
255 0.0671254
256 0.0667994
257 0.0666797
258 0.0664925
259 0.0663445
260 0.0661784
261 0.066064
262 0.0657526
263 0.0654941
264 0.0653743
265 0.0652342
266 0.0652216
267 0.0649754
268 0.0646917
269 0.0645191
270 0.0643838
271 0.0643598
272 0.0640285
273 0.0638565
274 0.0636745
275 0.0635783
276 0.0634877
277 0.0632106
278 0.0629679
279 0.0626655
280 0.0627177
281 0.0623482
282 0.062116
283 0.0620621
284 0.0618447
285 0.0617304
286 0.0617616
287 0.0613906
288 0.0613819
289 0.0610764
290 0.0609692
291 0.0607918
292 0.0606777
293 0.0605727
294 0.0601239
295 0.0600876
296 0.0600709
297 0.0598515
298 0.0596606
299 0.0595733
300 0.0593707
301 0.059051
302 0.0590932
303 0.0589416
304 0.058729
305 0.0588092
306 0.0584051
307 0.0583126
308 0.0581832
309 0.0580394
310 0.0577901
311 0.0577917
312 0.0574596
313 0.0574085
314 0.0574007
315 0.0572048
316 0.0570903
317 0.0568856
318 0.0567624
319 0.0565068
320 0.0565193
321 0.056371
322 0.0562435
323 0.0561518
324 0.0558767
325 0.0556727
326 0.0557716
327 0.0554877
328 0.0553344
329 0.0552181
330 0.0551285
331 0.0549542
332 0.0550648
333 0.0547775
334 0.0546116
335 0.0543106
336 0.0543423
337 0.0541098
338 0.0539752
339 0.0538651
340 0.0538061
341 0.0538533
342 0.0536267
343 0.0535508
344 0.0532934
345 0.0529961
346 0.0531084
347 0.0529114
348 0.0528054
349 0.0526887
350 0.0526952
351 0.052565
352 0.0523729
353 0.0523364
354 0.052144
355 0.0521887
356 0.0518999
357 0.0517648
358 0.0516851
359 0.0515402
360 0.0512953
361 0.0514198
362 0.0514395
363 0.0511603
364 0.0508041
365 0.0510168
366 0.0507719
367 0.0507543
368 0.0505829
369 0.0503949
370 0.0503946
371 0.0500929
372 0.050102
373 0.0500921
374 0.0498126
375 0.0498753
376 0.0496402
377 0.0495591
378 0.0494689
379 0.0494268
380 0.0493102
381 0.049013
382 0.0490425
383 0.0488832
384 0.0487113
385 0.0487365
386 0.048587
387 0.0485939
388 0.0483758
389 0.0483448
390 0.0481827
391 0.048262
392 0.0480815
393 0.0477768
394 0.0479381
395 0.0477962
396 0.0476741
397 0.0474758
398 0.0473705
399 0.0471749
400 0.0472032
