1 0.145814
2 0.179431
3 0.19585
4 0.218294
5 0.235266
6 0.253164
7 0.267094
8 0.281393
9 0.294145
10 0.306592
11 0.318334
12 0.328162
13 0.337268
14 0.346405
15 0.354898
16 0.364268
17 0.373143
18 0.382201
19 0.389754
20 0.397029
21 0.405319
22 0.411035
23 0.416989
24 0.42453
25 0.429881
26 0.43574
27 0.441943
28 0.446739
29 0.451056
30 0.456115
31 0.460013
32 0.464893
33 0.469513
34 0.473353
35 0.476892
36 0.480422
37 0.484697
38 0.487436
39 0.491362
40 0.494814
41 0.498077
42 0.501517
43 0.50438
44 0.507973
45 0.510988
46 0.513897
47 0.516521
48 0.520093
49 0.523357
50 0.525385
51 0.529132
52 0.531553
53 0.534221
54 0.53688
55 0.540339
56 0.542393
57 0.545113
58 0.547822
59 0.550024
60 0.55204
61 0.555134
62 0.557195
63 0.559265
64 0.561529
65 0.564011
66 0.565458
67 0.567321
68 0.569411
69 0.572242
70 0.573585
71 0.574747
72 0.577203
73 0.579121
74 0.58007
75 0.581816
76 0.583981
77 0.585337
78 0.586328
79 0.588617
80 0.590525
81 0.591214
82 0.593208
83 0.594428
84 0.595587
85 0.597431
86 0.598599
87 0.600794
88 0.601947
89 0.603883
90 0.604358
91 0.605902
92 0.607549
93 0.608868
94 0.609875
95 0.611823
96 0.612776
97 0.613321
98 0.614528
99 0.616054
100 0.617466
101 0.618032
102 0.619456
103 0.621
104 0.622009
105 0.62283
106 0.623754
107 0.624619
108 0.626203
109 0.626722
110 0.628655
111 0.629987
112 0.630387
113 0.631503
114 0.632607
115 0.633655
116 0.634788
117 0.636524
118 0.637289
119 0.638055
120 0.639339
121 0.64035
122 0.641723
123 0.643335
124 0.644553
125 0.644561
126 0.646326
127 0.647038
128 0.648023
129 0.649462
130 0.65014
131 0.650603
132 0.651762
133 0.652762
134 0.653787
135 0.654469
136 0.655266
137 0.655724
138 0.656657
139 0.657669
140 0.658097
141 0.659583
142 0.659895
143 0.660318
144 0.661328
145 0.661698
146 0.662474
147 0.66377
148 0.665021
149 0.665566
150 0.665663
151 0.666945
152 0.667802
153 0.66779
154 0.669225
155 0.669912
156 0.670763
157 0.671313
158 0.672127
159 0.67302
160 0.673825
161 0.673919
162 0.674512
163 0.67579
164 0.675896
165 0.67658
166 0.677597
167 0.678468
168 0.678652
169 0.679033
170 0.680696
171 0.6806
172 0.681014
173 0.681911
174 0.682326
175 0.68331
176 0.683604
177 0.684426
178 0.685441
179 0.685114
180 0.68649
181 0.686278
182 0.687415
183 0.687809
184 0.688503
185 0.688947
186 0.689226
187 0.689938
188 0.690685
189 0.691205
190 0.691833
191 0.692564
192 0.693333
193 0.693956
194 0.693523
195 0.694275
196 0.695011
197 0.696081
198 0.69662
199 0.696895
200 0.697102
201 0.697484
202 0.697955
203 0.698341
204 0.699762
205 0.699985
206 0.700536
207 0.700912
208 0.701649
209 0.702099
210 0.702499
211 0.702567
212 0.70301
213 0.703168
214 0.704315
215 0.704849
216 0.704914
217 0.705406
218 0.705897
219 0.706042
220 0.706776
221 0.707792
222 0.708192
223 0.707886
224 0.708683
225 0.709535
226 0.709939
227 0.709823
228 0.710204
229 0.710959
230 0.711389
231 0.711502
232 0.713124
233 0.713134
234 0.71353
235 0.713286
236 0.713723
237 0.714207
238 0.714909
239 0.715507
240 0.715736
241 0.716503
242 0.717111
243 0.71744
244 0.717976
245 0.718428
246 0.718723
247 0.719212
248 0.720113
249 0.720239
250 0.721443
251 0.72129
252 0.721361
253 0.721784
254 0.722654
255 0.722719
256 0.723042
257 0.723783
258 0.723876
259 0.724199
260 0.724236
261 0.725613
262 0.725237
263 0.725885
264 0.726561
265 0.726445
266 0.72761
267 0.727297
268 0.727705
269 0.728077
270 0.728867
271 0.728965
272 0.729648
273 0.729986
274 0.730263
275 0.730251
276 0.731416
277 0.731263
278 0.731805
279 0.731165
280 0.732399
281 0.732899
282 0.733268
283 0.733814
284 0.733317
285 0.73339
286 0.734565
287 0.734506
288 0.734566
289 0.735133
290 0.735468
291 0.735286
292 0.736451
293 0.736306
294 0.737767
295 0.736052
296 0.737693
297 0.737759
298 0.737985
299 0.73793
300 0.738829
301 0.73904
302 0.739363
303 0.739616
304 0.739755
305 0.740509
306 0.740793
307 0.741314
308 0.740451
309 0.742365
310 0.742532
311 0.741542
312 0.742318
313 0.742745
314 0.743387
315 0.742975
316 0.743691
317 0.743856
318 0.74439
319 0.744552
320 0.744771
321 0.744689
322 0.745556
323 0.745935
324 0.745716
325 0.746397
326 0.747219
327 0.747141
328 0.747418
329 0.748236
330 0.747616
331 0.748389
332 0.748366
333 0.748845
334 0.749098
335 0.748836
336 0.75023
337 0.750611
338 0.750283
339 0.749752
340 0.751022
341 0.750557
342 0.751717
343 0.751487
344 0.751634
345 0.75202
346 0.75185
347 0.752741
348 0.752734
349 0.75318
350 0.753218
351 0.753408
352 0.753311
353 0.753873
354 0.753838
355 0.754839
356 0.754653
357 0.755692
358 0.754829
359 0.755181
360 0.755941
361 0.756113
362 0.756024
363 0.756644
364 0.757252
365 0.756052
366 0.756978
367 0.757054
368 0.758414
369 0.758476
370 0.758218
371 0.758855
372 0.758742
373 0.759198
374 0.759095
375 0.759409
376 0.759476
377 0.760512
378 0.760417
379 0.760298
380 0.760509
381 0.761096
382 0.761646
383 0.76149
384 0.761307
385 0.762028
386 0.761696
387 0.761718
388 0.762546
389 0.763153
390 0.763244
391 0.762883
392 0.763728
393 0.763466
394 0.764224
395 0.764993
396 0.763879
397 0.764914
398 0.765302
399 0.765286
400 0.76527
