1 0.100496
2 0.123094
3 0.138526
4 0.155607
5 0.170133
6 0.183404
7 0.19514
8 0.205982
9 0.216128
10 0.226033
11 0.235533
12 0.243574
13 0.251372
14 0.259485
15 0.267253
16 0.275709
17 0.28361
18 0.29169
19 0.298625
20 0.305189
21 0.31265
22 0.318137
23 0.323645
24 0.330262
25 0.335476
26 0.341058
27 0.346389
28 0.351359
29 0.355988
30 0.360688
31 0.364826
32 0.369251
33 0.373776
34 0.377554
35 0.381342
36 0.385029
37 0.389332
38 0.392311
39 0.396246
40 0.399747
41 0.403382
42 0.406839
43 0.409733
44 0.413691
45 0.41664
46 0.41976
47 0.422645
48 0.426161
49 0.429709
50 0.431882
51 0.435807
52 0.438343
53 0.441369
54 0.444245
55 0.447868
56 0.449965
57 0.452814
58 0.455741
59 0.458123
60 0.460541
61 0.463628
62 0.465861
63 0.467846
64 0.470598
65 0.473048
66 0.47471
67 0.476781
68 0.479103
69 0.481775
70 0.483432
71 0.485003
72 0.487408
73 0.489567
74 0.490691
75 0.492608
76 0.494929
77 0.496629
78 0.49772
79 0.50038
80 0.502209
81 0.503178
82 0.505293
83 0.506818
84 0.508145
85 0.510004
86 0.511415
87 0.513789
88 0.515137
89 0.51729
90 0.517985
91 0.519578
92 0.521334
93 0.523075
94 0.524142
95 0.525996
96 0.52723
97 0.527899
98 0.529296
99 0.531118
100 0.532396
101 0.533326
102 0.534924
103 0.536566
104 0.537612
105 0.538753
106 0.539993
107 0.540888
108 0.542394
109 0.543423
110 0.545345
111 0.546723
112 0.547376
113 0.548695
114 0.549953
115 0.551112
116 0.552332
117 0.554076
118 0.55512
119 0.556225
120 0.557491
121 0.558721
122 0.560124
123 0.56177
124 0.563357
125 0.563478
126 0.565282
127 0.566262
128 0.567523
129 0.568826
130 0.569785
131 0.570347
132 0.571664
133 0.572738
134 0.573782
135 0.574705
136 0.575561
137 0.576296
138 0.577261
139 0.578432
140 0.579123
141 0.580596
142 0.581191
143 0.581812
144 0.582991
145 0.583413
146 0.58428
147 0.58569
148 0.586875
149 0.587614
150 0.588073
151 0.589104
152 0.590153
153 0.590347
154 0.591974
155 0.592474
156 0.593759
157 0.594518
158 0.595331
159 0.59607
160 0.597097
161 0.597387
162 0.598174
163 0.59941
164 0.599659
165 0.600464
166 0.601638
167 0.60256
168 0.602874
169 0.603492
170 0.604909
171 0.604994
172 0.60555
173 0.606694
174 0.607236
175 0.60805
176 0.608681
177 0.609653
178 0.610568
179 0.610318
180 0.611688
181 0.611758
182 0.613079
183 0.613388
184 0.614212
185 0.614978
186 0.615279
187 0.616036
188 0.616826
189 0.617406
190 0.618181
191 0.61897
192 0.61981
193 0.620429
194 0.620457
195 0.62121
196 0.622109
197 0.623016
198 0.623685
199 0.624193
200 0.624514
201 0.625113
202 0.625567
203 0.62595
204 0.627512
205 0.627671
206 0.628237
207 0.628893
208 0.629735
209 0.630292
210 0.630615
211 0.630907
212 0.631356
213 0.631657
214 0.632739
215 0.633435
216 0.633568
217 0.634185
218 0.634475
219 0.63524
220 0.635684
221 0.636844
222 0.637319
223 0.637078
224 0.637993
225 0.639039
226 0.639308
227 0.639465
228 0.639997
229 0.640648
230 0.641005
231 0.641392
232 0.642909
233 0.642907
234 0.643655
235 0.643335
236 0.643922
237 0.644653
238 0.645361
239 0.646013
240 0.646312
241 0.647178
242 0.6479
243 0.648152
244 0.648766
245 0.649466
246 0.64969
247 0.650509
248 0.651282
249 0.651625
250 0.652751
251 0.652694
252 0.652849
253 0.653268
254 0.654292
255 0.65465
256 0.655012
257 0.65563
258 0.655944
259 0.656362
260 0.656343
261 0.657637
262 0.657614
263 0.658245
264 0.658745
265 0.658812
266 0.66012
267 0.659784
268 0.660494
269 0.660967
270 0.661666
271 0.661933
272 0.662601
273 0.662852
274 0.663252
275 0.663227
276 0.664438
277 0.664326
278 0.66503
279 0.664631
280 0.665797
281 0.66642
282 0.666951
283 0.667273
284 0.667035
285 0.667253
286 0.668324
287 0.668464
288 0.668494
289 0.669138
290 0.669431
291 0.669521
292 0.670638
293 0.670438
294 0.671927
295 0.670565
296 0.672107
297 0.672185
298 0.672647
299 0.672526
300 0.673532
301 0.673619
302 0.67403
303 0.674505
304 0.674921
305 0.675385
306 0.675625
307 0.676294
308 0.67568
309 0.67738
310 0.67762
311 0.676998
312 0.677788
313 0.678254
314 0.678873
315 0.678513
316 0.679252
317 0.679607
318 0.680128
319 0.680321
320 0.680449
321 0.680637
322 0.681433
323 0.681854
324 0.681747
325 0.682491
326 0.683311
327 0.683271
328 0.683633
329 0.684362
330 0.683944
331 0.684799
332 0.684812
333 0.685378
334 0.68562
335 0.685254
336 0.686844
337 0.687305
338 0.686802
339 0.686591
340 0.687627
341 0.687394
342 0.688524
343 0.688346
344 0.688683
345 0.68901
346 0.688956
347 0.690028
348 0.689988
349 0.690461
350 0.690408
351 0.690803
352 0.690811
353 0.69142
354 0.691378
355 0.692211
356 0.692358
357 0.693068
358 0.692599
359 0.693021
360 0.693781
361 0.693881
362 0.694094
363 0.694614
364 0.695172
365 0.694274
366 0.695202
367 0.695305
368 0.696587
369 0.696672
370 0.696351
371 0.697078
372 0.697055
373 0.697677
374 0.697686
375 0.697989
376 0.698215
377 0.699066
378 0.699042
379 0.699128
380 0.699392
381 0.699897
382 0.700368
383 0.700404
384 0.700387
385 0.701001
386 0.700714
387 0.700835
388 0.701747
389 0.702245
390 0.702454
391 0.702163
392 0.702811
393 0.702879
394 0.7035
395 0.704233
396 0.703403
397 0.704193
398 0.704742
399 0.704901
400 0.704879
