1 0.5
2 0.379698
3 0.325954
4 0.293975
5 0.271559
6 0.254912
7 0.241034
8 0.23029
9 0.221468
10 0.213005
11 0.206056
12 0.19974
13 0.194319
14 0.1891
15 0.184911
16 0.180835
17 0.176851
18 0.174043
19 0.171852
20 0.168538
21 0.16555
22 0.163508
23 0.16147
24 0.158809
25 0.156527
26 0.155035
27 0.15481
28 0.151454
29 0.150604
30 0.148703
31 0.147783
32 0.145581
33 0.145392
34 0.143257
35 0.142822
36 0.141473
37 0.140798
38 0.139218
39 0.138774
40 0.137681
41 0.136389
42 0.136062
43 0.135255
44 0.134544
45 0.134272
46 0.133101
47 0.132968
48 0.131947
49 0.130548
50 0.130398
51 0.12966
52 0.129376
53 0.129731
54 0.128897
55 0.127846
56 0.127538
57 0.128045
58 0.126396
59 0.126101
60 0.126095
61 0.125429
62 0.12534
63 0.124752
64 0.123614
65 0.124251
66 0.123835
67 0.123128
68 0.122814
69 0.122201
70 0.122293
71 0.121664
72 0.121458
73 0.120053
74 0.120723
75 0.120384
76 0.120078
77 0.119852
78 0.119623
79 0.118905
80 0.118937
81 0.118952
82 0.118022
83 0.118613
84 0.117648
85 0.116297
86 0.117689
87 0.117271
88 0.117079
89 0.117446
90 0.116872
91 0.117027
92 0.116285
93 0.116709
94 0.116046
95 0.115373
96 0.115157
97 0.115225
98 0.114523
99 0.11481
100 0.114524
101 0.11431
102 0.113577
103 0.11445
104 0.113524
105 0.114116
106 0.113275
107 0.112826
108 0.113264
109 0.112707
110 0.113077
111 0.112619
112 0.112269
113 0.112239
114 0.111571
115 0.112203
116 0.111855
117 0.112372
118 0.111287
119 0.111334
120 0.111282
121 0.111243
122 0.111255
123 0.110457
124 0.111021
125 0.110358
126 0.110385
127 0.10976
128 0.110411
129 0.110807
130 0.110628
131 0.109984
132 0.10989
133 0.109488
134 0.109397
135 0.109773
136 0.109271
137 0.109052
138 0.109021
139 0.109157
140 0.108837
141 0.108969
142 0.10891
143 0.108955
144 0.108823
145 0.108264
146 0.108903
147 0.107785
148 0.107938
149 0.107886
150 0.107943
151 0.107697
152 0.107695
153 0.107963
154 0.107657
155 0.107704
156 0.107015
157 0.107387
158 0.106844
159 0.107491
160 0.106796
161 0.10701
162 0.107067
163 0.106906
164 0.106323
165 0.106622
166 0.10703
167 0.106761
168 0.106206
169 0.105801
170 0.104988
171 0.106594
172 0.106301
173 0.106021
174 0.105706
175 0.105582
176 0.105681
177 0.105499
178 0.105947
179 0.105402
180 0.105584
181 0.104937
182 0.105527
183 0.105519
184 0.10524
185 0.104877
186 0.105685
187 0.104539
188 0.105088
189 0.104829
190 0.104534
191 0.104676
192 0.104287
193 0.104521
194 0.104749
195 0.105031
196 0.1042
197 0.104337
198 0.104276
199 0.103994
200 0.104249
201 0.103795
202 0.103695
203 0.103796
204 0.104002
205 0.102219
206 0.103364
207 0.103344
208 0.10329
209 0.10347
210 0.103567
211 0.103313
212 0.103071
213 0.103147
214 0.102945
215 0.103052
216 0.103284
217 0.103104
218 0.103001
219 0.102722
220 0.103154
221 0.102981
222 0.102795
223 0.102838
224 0.102467
225 0.10288
226 0.102491
227 0.102801
228 0.102235
229 0.102356
230 0.102395
231 0.102133
232 0.102389
233 0.10223
234 0.102215
235 0.102532
236 0.102311
237 0.101684
238 0.102019
239 0.102091
240 0.10176
241 0.100902
242 0.101887
243 0.101709
244 0.101491
245 0.101349
246 0.101208
247 0.101358
248 0.10201
249 0.101707
250 0.101216
251 0.101063
252 0.100977
253 0.100606
254 0.100386
255 0.0996354
256 0.101356
257 0.102651
258 0.102121
259 0.101669
260 0.101538
261 0.101527
262 0.100829
263 0.101185
264 0.101035
265 0.100919
266 0.100614
267 0.100992
268 0.100722
269 0.100581
270 0.100741
271 0.100501
272 0.100458
273 0.101196
274 0.100336
275 0.100541
276 0.100105
277 0.100449
278 0.100297
279 0.100455
280 0.100204
281 0.100295
282 0.10032
283 0.100086
284 0.100293
285 0.100017
286 0.100142
287 0.0998201
288 0.10005
289 0.0997636
290 0.0997592
291 0.0999373
292 0.100213
293 0.0994477
294 0.0995944
295 0.0999514
296 0.0995313
297 0.0996453
298 0.0996728
299 0.0994558
300 0.099743
301 0.0995965
302 0.0993202
303 0.099624
304 0.0994303
305 0.0995477
306 0.0996189
307 0.0990661
308 0.0992917
309 0.099295
310 0.0995325
311 0.0991439
312 0.0988323
313 0.0993259
314 0.0992491
315 0.099795
316 0.0988577
317 0.0990077
318 0.0992083
319 0.0988848
320 0.098637
321 0.0988767
322 0.0987243
323 0.0993925
324 0.0989818
325 0.0988495
326 0.0986071
327 0.0983066
328 0.0983641
329 0.098369
330 0.0987596
331 0.0988562
332 0.0990832
333 0.0989209
334 0.0987584
335 0.0986247
336 0.0983935
337 0.0984223
338 0.0983375
339 0.0983702
340 0.0985594
341 0.0997595
342 0.097255
343 0.0978986
344 0.0980275
345 0.0981555
346 0.0979646
347 0.0982535
348 0.0979415
349 0.0978654
350 0.0978757
351 0.0982932
352 0.0980373
353 0.0980558
354 0.0980464
355 0.0977411
356 0.0981406
357 0.0978392
358 0.0976678
359 0.097862
360 0.0978815
361 0.0979366
362 0.097652
363 0.0976566
364 0.09768
365 0.0975555
366 0.0978885
367 0.0976541
368 0.0976041
369 0.0976486
370 0.0977475
371 0.0974363
372 0.0978282
373 0.0974066
374 0.0975194
375 0.0971447
376 0.0974589
377 0.0975369
378 0.0974864
379 0.0973503
380 0.0972173
381 0.0976041
382 0.0970302
383 0.0968103
384 0.0975329
385 0.0977075
386 0.0973837
387 0.0973941
388 0.0972222
389 0.0970679
390 0.0973757
391 0.0969828
392 0.0971453
393 0.0968343
394 0.0969721
395 0.0969607
396 0.0970179
397 0.0969736
398 0.0969121
399 0.0967472
400 0.0969576
