1 0.099478
2 0.0998525
3 0.100108
4 0.10003
5 0.0999547
6 0.10007
7 0.100053
8 0.100023
9 0.0999906
10 0.100041
11 0.107892
12 0.114579
13 0.121045
14 0.128096
15 0.135231
16 0.142317
17 0.148749
18 0.154725
19 0.159831
20 0.164198
21 0.168058
22 0.171366
23 0.174163
24 0.176651
25 0.178937
26 0.180944
27 0.182801
28 0.184546
29 0.186132
30 0.187639
31 0.188847
32 0.190069
33 0.191191
34 0.192387
35 0.193598
36 0.19478
37 0.195959
38 0.197218
39 0.198537
40 0.199891
41 0.201359
42 0.202851
43 0.204376
44 0.205973
45 0.207653
46 0.209304
47 0.210994
48 0.212714
49 0.214482
50 0.216213
51 0.217959
52 0.219753
53 0.221537
54 0.223352
55 0.225031
56 0.226793
57 0.228527
58 0.230241
59 0.231959
60 0.233682
61 0.235387
62 0.23707
63 0.238771
64 0.240396
65 0.242076
66 0.243672
67 0.245279
68 0.246842
69 0.248403
70 0.249945
71 0.251428
72 0.252905
73 0.254344
74 0.255784
75 0.257201
76 0.2586
77 0.260006
78 0.261397
79 0.262785
80 0.26414
81 0.265501
82 0.266844
83 0.26816
84 0.269503
85 0.270794
86 0.272108
87 0.27339
88 0.274685
89 0.275961
90 0.277216
91 0.278486
92 0.279675
93 0.280816
94 0.282043
95 0.283203
96 0.284376
97 0.285533
98 0.286694
99 0.287844
100 0.289006
101 0.290153
102 0.291281
103 0.292437
104 0.293564
105 0.294713
106 0.295807
107 0.296921
108 0.298014
109 0.299114
110 0.300207
111 0.301303
112 0.302376
113 0.303428
114 0.304532
115 0.305568
116 0.306609
117 0.307687
118 0.308704
119 0.309748
120 0.310785
121 0.311811
122 0.312832
123 0.313855
124 0.314867
125 0.315874
126 0.316878
127 0.317871
128 0.318862
129 0.319869
130 0.320846
131 0.321813
132 0.322791
133 0.323755
134 0.324721
135 0.325681
136 0.326622
137 0.327562
138 0.328508
139 0.329442
140 0.330382
141 0.331309
142 0.332237
143 0.333154
144 0.33407
145 0.334969
146 0.335875
147 0.336816
148 0.337719
149 0.338609
150 0.339508
151 0.340414
152 0.341302
153 0.342187
154 0.343071
155 0.343944
156 0.34482
157 0.345685
158 0.346549
159 0.347412
160 0.348263
161 0.34911
162 0.349958
163 0.350792
164 0.351625
165 0.352458
166 0.353286
167 0.354111
168 0.354925
169 0.355738
170 0.356558
171 0.357407
172 0.358198
173 0.358996
174 0.359797
175 0.360593
176 0.361387
177 0.362176
178 0.362984
179 0.363764
180 0.36455
181 0.365333
182 0.366113
183 0.366879
184 0.36765
185 0.368417
186 0.369192
187 0.369946
188 0.3707
189 0.371453
190 0.3722
191 0.37294
192 0.37368
193 0.374423
194 0.375156
195 0.375909
196 0.376623
197 0.377356
198 0.378074
199 0.378791
200 0.37951
201 0.380229
202 0.380943
203 0.381654
204 0.382363
205 0.383103
206 0.383789
207 0.384487
208 0.38518
209 0.385867
210 0.386571
211 0.387251
212 0.387935
213 0.388618
214 0.389303
215 0.389986
216 0.390665
217 0.391346
218 0.392012
219 0.392679
220 0.393348
221 0.394012
222 0.39467
223 0.395331
224 0.395989
225 0.396643
226 0.397293
227 0.39795
228 0.398593
229 0.399242
230 0.399883
231 0.400523
232 0.40116
233 0.401799
234 0.402438
235 0.403062
236 0.403687
237 0.404315
238 0.404937
239 0.405562
240 0.40618
241 0.406782
242 0.407411
243 0.408022
244 0.408637
245 0.409244
246 0.40985
247 0.410455
248 0.411063
249 0.41166
250 0.412259
251 0.412858
252 0.413456
253 0.414046
254 0.414636
255 0.415219
256 0.415816
257 0.416414
258 0.416994
259 0.417571
260 0.418153
261 0.418728
262 0.419304
263 0.419873
264 0.420443
265 0.421012
266 0.421576
267 0.422146
268 0.422709
269 0.423272
270 0.423835
271 0.424394
272 0.424957
273 0.425526
274 0.426068
275 0.426623
276 0.427175
277 0.427722
278 0.42827
279 0.428814
280 0.429363
281 0.429905
282 0.430445
283 0.43098
284 0.431517
285 0.432054
286 0.432588
287 0.433118
288 0.433651
289 0.434181
290 0.434708
291 0.43524
292 0.435769
293 0.43628
294 0.436807
295 0.437328
296 0.437845
297 0.438362
298 0.438873
299 0.439387
300 0.439898
301 0.440405
302 0.440915
303 0.44142
304 0.441923
305 0.442428
306 0.442927
307 0.443424
308 0.443931
309 0.44443
310 0.444925
311 0.445418
312 0.445909
313 0.4464
314 0.446888
315 0.447383
316 0.447858
317 0.448344
318 0.448827
319 0.44931
320 0.449792
321 0.450274
322 0.450753
323 0.45123
324 0.451705
325 0.45218
326 0.452654
327 0.453122
328 0.45359
329 0.454059
330 0.454529
331 0.454991
332 0.455457
333 0.455918
334 0.45638
335 0.456837
336 0.457296
337 0.457755
338 0.458211
339 0.458662
340 0.459114
341 0.459578
342 0.460025
343 0.460472
344 0.46092
345 0.461366
346 0.461814
347 0.462259
348 0.462702
349 0.463143
350 0.463586
351 0.464029
352 0.464465
353 0.464905
354 0.465338
355 0.465774
356 0.466212
357 0.466641
358 0.467074
359 0.467507
360 0.467936
361 0.468364
362 0.46879
363 0.469216
364 0.469643
365 0.470063
366 0.470491
367 0.470908
368 0.471328
369 0.471748
370 0.472166
371 0.472584
372 0.473004
373 0.473413
374 0.473828
375 0.47424
376 0.474651
377 0.475061
378 0.475471
379 0.475879
380 0.476285
381 0.476693
382 0.477098
383 0.477499
384 0.477906
385 0.47831
386 0.47871
387 0.479111
388 0.479512
389 0.479911
390 0.480314
391 0.480704
392 0.481101
393 0.481495
394 0.481887
395 0.482277
396 0.482668
397 0.483055
398 0.483442
399 0.48383
400 0.484217
