1 0.500281
2 0.5
3 0.499893
4 0.5
5 0.500073
6 0.5
7 0.500041
8 0.509282
9 0.518369
10 0.527412
11 0.536647
12 0.544684
13 0.552873
14 0.559969
15 0.566891
16 0.573001
17 0.57842
18 0.583544
19 0.588089
20 0.592067
21 0.595762
22 0.599283
23 0.602513
24 0.605574
25 0.608541
26 0.611583
27 0.614244
28 0.617094
29 0.61965
30 0.622322
31 0.624921
32 0.627463
33 0.62996
34 0.632309
35 0.634614
36 0.637049
37 0.639285
38 0.641377
39 0.643416
40 0.645513
41 0.647493
42 0.649439
43 0.651346
44 0.653197
45 0.654942
46 0.656786
47 0.658478
48 0.660148
49 0.661874
50 0.663483
51 0.66513
52 0.66667
53 0.668176
54 0.669721
55 0.671156
56 0.672598
57 0.673933
58 0.675457
59 0.67683
60 0.678187
61 0.679479
62 0.680776
63 0.68206
64 0.683373
65 0.684529
66 0.685816
67 0.687047
68 0.688236
69 0.689392
70 0.690558
71 0.691701
72 0.692859
73 0.694035
74 0.694998
75 0.696141
76 0.697171
77 0.698195
78 0.699234
79 0.700279
80 0.701269
81 0.70225
82 0.703258
83 0.70417
84 0.705192
85 0.706169
86 0.707016
87 0.707915
88 0.70889
89 0.70969
90 0.710592
91 0.711439
92 0.712358
93 0.713161
94 0.714062
95 0.714866
96 0.715715
97 0.716494
98 0.717302
99 0.718056
100 0.718896
101 0.719644
102 0.720465
103 0.721095
104 0.721888
105 0.722567
106 0.723415
107 0.724124
108 0.724835
109 0.725536
110 0.726205
111 0.726938
112 0.727632
113 0.728327
114 0.72903
115 0.729665
116 0.730334
117 0.73094
118 0.73169
119 0.732301
120 0.732936
121 0.733568
122 0.734158
123 0.734809
124 0.735412
125 0.736056
126 0.736633
127 0.737271
128 0.737839
129 0.738368
130 0.738986
131 0.739564
132 0.740125
133 0.740758
134 0.741328
135 0.74186
136 0.742416
137 0.74297
138 0.743495
139 0.744031
140 0.744551
141 0.745085
142 0.745658
143 0.746173
144 0.746688
145 0.747216
146 0.747671
147 0.748236
148 0.748723
149 0.74924
150 0.74972
151 0.750194
152 0.750726
153 0.751204
154 0.751672
155 0.752158
156 0.752621
157 0.753105
158 0.753577
159 0.754023
160 0.754484
161 0.754933
162 0.755422
163 0.755858
164 0.75637
165 0.756785
166 0.75721
167 0.757654
168 0.758115
169 0.758565
170 0.759054
171 0.75927
172 0.759755
173 0.7602
174 0.760653
175 0.761059
176 0.761472
177 0.761896
178 0.762252
179 0.762725
180 0.763122
181 0.763554
182 0.76392
183 0.764313
184 0.764717
185 0.765109
186 0.76544
187 0.765875
188 0.766246
189 0.766619
190 0.767003
191 0.767388
192 0.767761
193 0.768118
194 0.768493
195 0.76881
196 0.769252
197 0.769598
198 0.769975
199 0.770356
200 0.770699
201 0.771064
202 0.771409
203 0.77176
204 0.772085
205 0.772559
206 0.772816
207 0.773149
208 0.773493
209 0.773857
210 0.774153
211 0.774492
212 0.774848
213 0.77519
214 0.775503
215 0.775828
216 0.776186
217 0.776494
218 0.776832
219 0.77717
220 0.777439
221 0.777773
222 0.77809
223 0.778405
224 0.77872
225 0.779035
226 0.779348
227 0.779635
228 0.779983
229 0.780265
230 0.780567
231 0.78086
232 0.781159
233 0.781432
234 0.781725
235 0.782026
236 0.782326
237 0.78265
238 0.78293
239 0.783216
240 0.783521
241 0.78389
242 0.784112
243 0.784411
244 0.784681
245 0.784947
246 0.785239
247 0.785512
248 0.785779
249 0.786054
250 0.786354
251 0.786627
252 0.786905
253 0.787208
254 0.787493
255 0.787794
256 0.787958
257 0.788115
258 0.788408
259 0.788702
260 0.788972
261 0.789238
262 0.789524
263 0.78978
264 0.790042
265 0.790295
266 0.790562
267 0.790787
268 0.79106
269 0.791304
270 0.791548
271 0.791807
272 0.792042
273 0.792229
274 0.792555
275 0.792807
276 0.793041
277 0.793301
278 0.793537
279 0.793766
280 0.794041
281 0.794271
282 0.794514
283 0.794747
284 0.794997
285 0.795204
286 0.795457
287 0.795684
288 0.795911
289 0.796151
290 0.796384
291 0.796598
292 0.796801
293 0.797108
294 0.797291
295 0.797509
296 0.797736
297 0.797953
298 0.798196
299 0.798399
300 0.798631
301 0.798837
302 0.799062
303 0.799286
304 0.799503
305 0.79971
306 0.799947
307 0.800181
308 0.800338
309 0.800561
310 0.800776
311 0.800999
312 0.801208
313 0.801407
314 0.801618
315 0.80177
316 0.802062
317 0.802258
318 0.802481
319 0.80269
320 0.802885
321 0.803079
322 0.803292
323 0.803483
324 0.803694
325 0.803892
326 0.804077
327 0.804295
328 0.804495
329 0.8047
330 0.804874
331 0.805096
332 0.805268
333 0.80546
334 0.805657
335 0.805852
336 0.806049
337 0.80623
338 0.806421
339 0.806611
340 0.806775
341 0.806883
342 0.807279
343 0.807418
344 0.807591
345 0.807773
346 0.807949
347 0.808134
348 0.808327
349 0.808514
350 0.808694
351 0.808858
352 0.809053
353 0.809222
354 0.809434
355 0.809608
356 0.809768
357 0.809968
358 0.810156
359 0.810309
360 0.810497
361 0.810667
362 0.810853
363 0.811026
364 0.811198
365 0.811398
366 0.811535
367 0.811718
368 0.811896
369 0.812071
370 0.812241
371 0.812413
372 0.812565
373 0.812797
374 0.812959
375 0.813132
376 0.813286
377 0.813453
378 0.813619
379 0.813784
380 0.813961
381 0.814115
382 0.814307
383 0.814487
384 0.814622
385 0.814751
386 0.814927
387 0.815104
388 0.815264
389 0.815437
390 0.815571
391 0.815768
392 0.815916
393 0.816077
394 0.816259
395 0.816399
396 0.816557
397 0.816718
398 0.81689
399 0.817031
400 0.81719
