1 0.499998
2 0.353638
3 0.294982
4 0.258139
5 0.235141
6 0.21711
7 0.204398
8 0.194306
9 0.185895
10 0.179468
11 0.173752
12 0.169127
13 0.16516
14 0.161439
15 0.158627
16 0.155811
17 0.153445
18 0.151099
19 0.149142
20 0.147348
21 0.14537
22 0.144001
23 0.142496
24 0.141052
25 0.139858
26 0.138803
27 0.137599
28 0.13654
29 0.135859
30 0.134937
31 0.134017
32 0.133219
33 0.132474
34 0.132014
35 0.131179
36 0.13044
37 0.129832
38 0.129351
39 0.128872
40 0.128314
41 0.127877
42 0.127229
43 0.126844
44 0.126625
45 0.126128
46 0.125657
47 0.125158
48 0.124867
49 0.124636
50 0.12434
51 0.123984
52 0.123649
53 0.123401
54 0.122902
55 0.122856
56 0.122518
57 0.12231
58 0.122107
59 0.121718
60 0.121515
61 0.121329
62 0.121015
63 0.120727
64 0.12031
65 0.120528
66 0.12029
67 0.1201
68 0.119907
69 0.119732
70 0.119623
71 0.119367
72 0.119113
73 0.118897
74 0.118869
75 0.118657
76 0.118658
77 0.118476
78 0.118399
79 0.118352
80 0.118111
81 0.117923
82 0.117974
83 0.117793
84 0.117592
85 0.117603
86 0.117409
87 0.117308
88 0.117232
89 0.1171
90 0.117017
91 0.116917
92 0.11676
93 0.116631
94 0.116562
95 0.116505
96 0.116332
97 0.116251
98 0.116263
99 0.116137
100 0.116056
101 0.115907
102 0.11599
103 0.115697
104 0.115748
105 0.115627
106 0.115584
107 0.115593
108 0.115433
109 0.115295
110 0.115424
111 0.1152
112 0.115173
113 0.115058
114 0.11495
115 0.114961
116 0.115003
117 0.114959
118 0.114878
119 0.11479
120 0.114671
121 0.114588
122 0.114575
123 0.114531
124 0.114455
125 0.114335
126 0.114234
127 0.114257
128 0.114185
129 0.114226
130 0.114094
131 0.114107
132 0.114159
133 0.11397
134 0.113965
135 0.113915
136 0.113842
137 0.113868
138 0.113728
139 0.11356
140 0.113744
141 0.113591
142 0.113627
143 0.113568
144 0.113441
145 0.11351
146 0.113452
147 0.113316
148 0.113338
149 0.113255
150 0.113208
151 0.113181
152 0.113122
153 0.113091
154 0.113065
155 0.113106
156 0.113013
157 0.112995
158 0.113008
159 0.112955
160 0.112896
161 0.112848
162 0.112785
163 0.112788
164 0.112823
165 0.112775
166 0.112672
167 0.112708
168 0.112604
169 0.112572
170 0.11275
171 0.112677
172 0.112458
173 0.11245
174 0.112449
175 0.112495
176 0.112424
177 0.112421
178 0.11238
179 0.11239
180 0.112292
181 0.112227
182 0.112281
183 0.112277
184 0.112209
185 0.112119
186 0.112047
187 0.112286
188 0.112063
189 0.112036
190 0.112064
191 0.112041
192 0.111884
193 0.112089
194 0.112003
195 0.112056
196 0.112021
197 0.11195
198 0.11192
199 0.111867
200 0.111889
201 0.111828
202 0.111799
203 0.11187
204 0.111721
205 0.111958
206 0.111656
207 0.111788
208 0.111702
209 0.111614
210 0.111647
211 0.11163
212 0.111605
213 0.111503
214 0.111645
215 0.111559
216 0.111545
217 0.111528
218 0.111475
219 0.111517
220 0.111548
221 0.111462
222 0.111425
223 0.111426
224 0.111418
225 0.111312
226 0.111384
227 0.111443
228 0.111362
229 0.111319
230 0.111263
231 0.111301
232 0.111346
233 0.111309
234 0.111271
235 0.11122
236 0.11124
237 0.111218
238 0.111181
239 0.111186
240 0.111148
241 0.11113
242 0.111115
243 0.111125
244 0.111109
245 0.111197
246 0.111129
247 0.111089
248 0.111095
249 0.111053
250 0.111072
251 0.111011
252 0.110981
253 0.110996
254 0.110955
255 0.111147
256 0.111008
257 0.110689
258 0.110907
259 0.11089
260 0.11084
261 0.110823
262 0.110787
263 0.110891
264 0.110894
265 0.110783
266 0.110839
267 0.110891
268 0.110829
269 0.110719
270 0.110698
271 0.110696
272 0.110725
273 0.110699
274 0.110749
275 0.110746
276 0.110655
277 0.110675
278 0.110514
279 0.110658
280 0.110689
281 0.110655
282 0.110619
283 0.110531
284 0.110621
285 0.110591
286 0.110573
287 0.110495
288 0.110493
289 0.110557
290 0.110595
291 0.110448
292 0.110532
293 0.110503
294 0.110426
295 0.11039
296 0.110469
297 0.11042
298 0.110396
299 0.110493
300 0.110409
301 0.11035
302 0.110383
303 0.110341
304 0.110299
305 0.110425
306 0.110319
307 0.110236
308 0.110332
309 0.11022
310 0.11033
311 0.110272
312 0.110259
313 0.110267
314 0.110271
315 0.110246
316 0.110291
317 0.110225
318 0.110208
319 0.11024
320 0.110136
321 0.110299
322 0.110142
323 0.110193
324 0.110178
325 0.110134
326 0.110164
327 0.110119
328 0.110209
329 0.110058
330 0.110164
331 0.110067
332 0.110125
333 0.110133
334 0.110079
335 0.110105
336 0.110022
337 0.110058
338 0.110054
339 0.110075
340 0.110033
341 0.110028
342 0.10995
343 0.110083
344 0.110012
345 0.110015
346 0.109963
347 0.109995
348 0.109941
349 0.109936
350 0.109979
351 0.110022
352 0.109941
353 0.109888
354 0.110008
355 0.109932
356 0.109987
357 0.109878
358 0.109897
359 0.109931
360 0.109887
361 0.10993
362 0.109842
363 0.109871
364 0.109889
365 0.109863
366 0.109849
367 0.109818
368 0.109863
369 0.109825
370 0.109765
371 0.109871
372 0.109779
373 0.109787
374 0.109896
375 0.10975
376 0.109771
377 0.10985
378 0.109732
379 0.109756
380 0.109773
381 0.109721
382 0.109723
383 0.109785
384 0.109738
385 0.109703
386 0.109753
387 0.109742
388 0.109721
389 0.109784
390 0.109693
391 0.109691
392 0.109709
393 0.109732
394 0.109684
395 0.109681
396 0.109683
397 0.109687
398 0.109667
399 0.109636
400 0.109652
