1 0.06646
2 0.066766
3 0.066348
4 0.066972
5 0.066494
6 0.066579
7 0.067005
8 0.066805
9 0.066372
10 0.066896
11 0.066619
12 0.06653
13 0.066599
14 0.066748
15 0.066827
16 0.127641
17 0.130247
18 0.13131
19 0.132474
20 0.132649
21 0.133047
22 0.13302
23 0.133382
24 0.133269
25 0.133262
26 0.133314
27 0.135712
28 0.143092
29 0.148393
30 0.158236
31 0.163539
32 0.172881
33 0.180787
34 0.190218
35 0.201333
36 0.21522
37 0.228676
38 0.237844
39 0.246567
40 0.255903
41 0.264356
42 0.274068
43 0.283014
44 0.291697
45 0.300249
46 0.308017
47 0.314091
48 0.32232
49 0.329645
50 0.335728
51 0.342234
52 0.348731
53 0.353576
54 0.353
55 0.359993
56 0.358664
57 0.364081
58 0.367602
59 0.36743
60 0.372474
61 0.373138
62 0.373248
63 0.372449
64 0.378243
65 0.365471
66 0.373627
67 0.37398
68 0.375978
69 0.375828
70 0.377153
71 0.378964
72 0.38038
73 0.3741
74 0.373339
75 0.381401
76 0.378308
77 0.377129
78 0.379318
79 0.379609
80 0.378838
81 0.383962
82 0.378693
83 0.386057
84 0.383445
85 0.383059
86 0.388066
87 0.388352
88 0.389092
89 0.395096
90 0.391894
91 0.392962
92 0.395546
93 0.397537
94 0.4043
95 0.402121
96 0.404258
97 0.407762
98 0.406556
99 0.411287
100 0.4127
101 0.415164
102 0.41667
103 0.417429
104 0.417688
105 0.421553
106 0.420972
107 0.418024
108 0.416296
109 0.419351
110 0.419931
111 0.417477
112 0.421914
113 0.419216
114 0.417829
115 0.421075
116 0.422385
117 0.423582
118 0.424646
119 0.424348
120 0.425466
121 0.425881
122 0.424827
123 0.42582
124 0.424874
125 0.421789
126 0.42178
127 0.421499
128 0.421227
129 0.420515
130 0.418837
131 0.419012
132 0.417186
133 0.416504
134 0.413296
135 0.413902
136 0.410657
137 0.409037
138 0.405955
139 0.404981
140 0.403812
141 0.400832
142 0.402058
143 0.399174
144 0.400108
145 0.396691
146 0.398803
147 0.395837
148 0.395819
149 0.393406
150 0.394795
151 0.395525
152 0.393333
153 0.395025
154 0.391542
155 0.392762
156 0.392839
157 0.393812
158 0.393027
159 0.39209
160 0.393139
161 0.392471
162 0.393999
163 0.394923
164 0.396786
165 0.3983
166 0.396659
167 0.40014
168 0.400407
169 0.4011
170 0.401841
171 0.403126
172 0.403812
173 0.405079
174 0.408404
175 0.40948
176 0.410706
177 0.411056
178 0.414998
179 0.415134
180 0.418219
181 0.418466
182 0.422959
183 0.423109
184 0.425829
185 0.428398
186 0.431713
187 0.432101
188 0.43505
189 0.438294
190 0.440123
191 0.442805
192 0.446325
193 0.448841
194 0.451165
195 0.453375
196 0.457113
197 0.459374
198 0.461362
199 0.463014
200 0.467018
201 0.469446
202 0.469779
203 0.474248
204 0.476286
205 0.47777
206 0.480369
207 0.483066
208 0.485961
209 0.488364
210 0.489474
211 0.493235
212 0.495707
213 0.49702
214 0.49877
215 0.501174
216 0.503031
217 0.505434
218 0.50575
219 0.50868
220 0.510091
221 0.512315
222 0.513938
223 0.517088
224 0.518026
225 0.51922
226 0.521364
227 0.523123
228 0.523194
229 0.524339
230 0.526504
231 0.527312
232 0.528648
233 0.530393
234 0.532222
235 0.534276
236 0.53346
237 0.535974
238 0.536678
239 0.537119
240 0.537942
241 0.539093
242 0.540928
243 0.540799
244 0.542398
245 0.543671
246 0.544553
247 0.545191
248 0.546523
249 0.547025
250 0.5471
251 0.548463
252 0.549091
253 0.550167
254 0.550485
255 0.551112
256 0.551691
257 0.553262
258 0.553265
259 0.555142
260 0.555025
261 0.555584
262 0.556624
263 0.557241
264 0.557219
265 0.559017
266 0.558563
267 0.55852
268 0.559427
269 0.561836
270 0.561813
271 0.562534
272 0.562715
273 0.562787
274 0.563598
275 0.564133
276 0.565199
277 0.565109
278 0.56539
279 0.565758
280 0.567625
281 0.567995
282 0.568092
283 0.568901
284 0.569002
285 0.569241
286 0.570445
287 0.571217
288 0.570897
289 0.571099
290 0.571537
291 0.573046
292 0.573311
293 0.574001
294 0.573689
295 0.574656
296 0.575377
297 0.575678
298 0.576401
299 0.576258
300 0.577368
301 0.577914
302 0.578241
303 0.579336
304 0.578194
305 0.579259
306 0.579601
307 0.580341
308 0.580222
309 0.581185
310 0.58181
311 0.580892
312 0.581662
313 0.582065
314 0.582768
315 0.583762
316 0.584103
317 0.584138
318 0.585313
319 0.585745
320 0.585541
321 0.586393
322 0.58604
323 0.586884
324 0.587783
325 0.588662
326 0.589256
327 0.589552
328 0.589434
329 0.590092
330 0.590715
331 0.591184
332 0.590898
333 0.591798
334 0.591643
335 0.592364
336 0.592993
337 0.59316
338 0.593773
339 0.593653
340 0.59475
341 0.595011
342 0.594616
343 0.595831
344 0.595685
345 0.596448
346 0.596845
347 0.597777
348 0.597618
349 0.598556
350 0.598197
351 0.599512
352 0.599753
353 0.600551
354 0.600551
355 0.600577
356 0.601551
357 0.600931
358 0.60158
359 0.601875
360 0.602401
361 0.603817
362 0.603148
363 0.604326
364 0.604195
365 0.604945
366 0.604743
367 0.605363
368 0.604866
369 0.606573
370 0.605715
371 0.606243
372 0.606593
373 0.607569
374 0.607667
375 0.607455
376 0.607985
377 0.608479
378 0.608791
379 0.608548
380 0.609263
381 0.609576
382 0.610514
383 0.609771
384 0.610436
385 0.610613
386 0.610126
387 0.611108
388 0.611138
389 0.612167
390 0.612057
391 0.611911
392 0.611796
393 0.613539
394 0.613138
395 0.613475
396 0.613719
397 0.613533
398 0.613103
399 0.61394
400 0.614666
