1 0.097803
2 0.114328
3 0.122918
4 0.127891
5 0.130299
6 0.131463
7 0.132195
8 0.132684
9 0.132916
10 0.133062
11 0.133116
12 0.133145
13 0.133165
14 0.133204
15 0.133219
16 0.172799
17 0.188462
18 0.197797
19 0.20622
20 0.215124
21 0.223221
22 0.23168
23 0.238946
24 0.246085
25 0.251259
26 0.256096
27 0.262159
28 0.269667
29 0.274704
30 0.283256
31 0.291019
32 0.300478
33 0.309687
34 0.318507
35 0.328021
36 0.337753
37 0.346769
38 0.355657
39 0.364659
40 0.373254
41 0.381702
42 0.390567
43 0.398813
44 0.406912
45 0.414858
46 0.422527
47 0.429851
48 0.43764
49 0.444815
50 0.451722
51 0.4584
52 0.465133
53 0.471785
54 0.477943
55 0.484142
56 0.490535
57 0.496081
58 0.502137
59 0.507246
60 0.512581
61 0.517758
62 0.522818
63 0.527249
64 0.532046
65 0.536256
66 0.540708
67 0.545055
68 0.549096
69 0.552918
70 0.557046
71 0.560588
72 0.564388
73 0.567814
74 0.571031
75 0.574062
76 0.577387
77 0.580531
78 0.583751
79 0.586694
80 0.589571
81 0.59237
82 0.595212
83 0.597822
84 0.600327
85 0.602917
86 0.605461
87 0.607984
88 0.610488
89 0.612738
90 0.615138
91 0.617389
92 0.619877
93 0.621767
94 0.624061
95 0.626005
96 0.628225
97 0.630104
98 0.632148
99 0.63424
100 0.636411
101 0.638058
102 0.639898
103 0.641937
104 0.64372
105 0.645444
106 0.647115
107 0.648816
108 0.650815
109 0.652397
110 0.654203
111 0.655781
112 0.65741
113 0.65925
114 0.660946
115 0.662503
116 0.663955
117 0.665438
118 0.667119
119 0.668462
120 0.66981
121 0.671264
122 0.672736
123 0.674297
124 0.675672
125 0.677352
126 0.678501
127 0.679965
128 0.681211
129 0.682493
130 0.683851
131 0.68529
132 0.686736
133 0.688037
134 0.689292
135 0.69061
136 0.692003
137 0.693149
138 0.694322
139 0.695443
140 0.696963
141 0.698052
142 0.699421
143 0.700609
144 0.70175
145 0.702691
146 0.704077
147 0.704974
148 0.705975
149 0.707243
150 0.708224
151 0.70937
152 0.71047
153 0.711581
154 0.712569
155 0.713585
156 0.714613
157 0.715434
158 0.716507
159 0.717325
160 0.718319
161 0.719311
162 0.720307
163 0.721267
164 0.72226
165 0.723044
166 0.723564
167 0.724517
168 0.725385
169 0.726364
170 0.727243
171 0.728221
172 0.729002
173 0.729926
174 0.730738
175 0.731259
176 0.732346
177 0.732979
178 0.733778
179 0.73455
180 0.735525
181 0.736147
182 0.737007
183 0.737838
184 0.738491
185 0.739124
186 0.739977
187 0.740673
188 0.741354
189 0.742183
190 0.742811
191 0.74359
192 0.744464
193 0.74502
194 0.745736
195 0.746476
196 0.747166
197 0.747808
198 0.748345
199 0.748826
200 0.749559
201 0.750243
202 0.750912
203 0.751674
204 0.752305
205 0.753046
206 0.753611
207 0.754315
208 0.754719
209 0.755599
210 0.755987
211 0.756743
212 0.757317
213 0.757968
214 0.758501
215 0.759177
216 0.759667
217 0.76034
218 0.760883
219 0.761494
220 0.762139
221 0.762772
222 0.763154
223 0.76401
224 0.764456
225 0.765281
226 0.765753
227 0.766442
228 0.767016
229 0.767651
230 0.768178
231 0.768695
232 0.769318
233 0.770006
234 0.770443
235 0.770849
236 0.771307
237 0.772039
238 0.772421
239 0.773159
240 0.773579
241 0.774143
242 0.774835
243 0.775411
244 0.775761
245 0.776327
246 0.776948
247 0.77744
248 0.77787
249 0.778498
250 0.778792
251 0.779536
252 0.779856
253 0.780566
254 0.780882
255 0.781435
256 0.781825
257 0.782275
258 0.782775
259 0.78351
260 0.783737
261 0.784411
262 0.78475
263 0.785181
264 0.785617
265 0.786176
266 0.786628
267 0.787032
268 0.787405
269 0.787998
270 0.788524
271 0.788839
272 0.789498
273 0.789883
274 0.790305
275 0.790875
276 0.791459
277 0.791715
278 0.792406
279 0.792796
280 0.793197
281 0.793598
282 0.793974
283 0.79439
284 0.794799
285 0.795168
286 0.795724
287 0.796146
288 0.796494
289 0.797118
290 0.797413
291 0.797847
292 0.79829
293 0.798708
294 0.799048
295 0.799507
296 0.80001
297 0.800351
298 0.800645
299 0.800991
300 0.801477
301 0.801716
302 0.802096
303 0.802585
304 0.803112
305 0.803454
306 0.803863
307 0.804314
308 0.804541
309 0.804993
310 0.805359
311 0.805719
312 0.80613
313 0.806369
314 0.806698
315 0.807135
316 0.807454
317 0.807945
318 0.808342
319 0.808763
320 0.809045
321 0.809447
322 0.809723
323 0.809984
324 0.810381
325 0.810626
326 0.810863
327 0.811291
328 0.811478
329 0.81191
330 0.812266
331 0.812756
332 0.813061
333 0.813308
334 0.8135
335 0.813925
336 0.814186
337 0.814405
338 0.814656
339 0.814961
340 0.815255
341 0.8155
342 0.815737
343 0.815993
344 0.81636
345 0.816723
346 0.817074
347 0.817437
348 0.817699
349 0.818042
350 0.818212
351 0.818666
352 0.818762
353 0.819098
354 0.819516
355 0.819701
356 0.82003
357 0.820366
358 0.82075
359 0.821027
360 0.821227
361 0.821591
362 0.821861
363 0.822173
364 0.822317
365 0.822714
366 0.82309
367 0.823282
368 0.82353
369 0.823867
370 0.824017
371 0.824244
372 0.824591
373 0.824741
374 0.825192
375 0.825458
376 0.825724
377 0.825902
378 0.826289
379 0.826365
380 0.826647
381 0.826711
382 0.827065
383 0.827278
384 0.827545
385 0.827854
386 0.828013
387 0.828343
388 0.828384
389 0.828648
390 0.828985
391 0.829223
392 0.829449
393 0.82962
394 0.829871
395 0.830203
396 0.830317
397 0.830658
398 0.830839
399 0.831129
400 0.831354
