1 0.458126
2 0.33818
3 0.28736
4 0.25851
5 0.239092
6 0.225662
7 0.214886
8 0.207071
9 0.200613
10 0.195354
11 0.190964
12 0.182383
13 0.176637
14 0.172444
15 0.16802
16 0.164849
17 0.161846
18 0.158614
19 0.156375
20 0.154705
21 0.152522
22 0.151365
23 0.149349
24 0.147582
25 0.145868
26 0.144483
27 0.143321
28 0.142108
29 0.140916
30 0.139852
31 0.139105
32 0.138029
33 0.137485
34 0.136346
35 0.135386
36 0.134634
37 0.133919
38 0.133171
39 0.13243
40 0.131626
41 0.130995
42 0.13062
43 0.129979
44 0.129631
45 0.129017
46 0.128643
47 0.12814
48 0.12765
49 0.127054
50 0.126601
51 0.126195
52 0.125735
53 0.12545
54 0.125162
55 0.124608
56 0.12413
57 0.124078
58 0.123663
59 0.123306
60 0.122957
61 0.122491
62 0.122281
63 0.121838
64 0.121506
65 0.121295
66 0.121168
67 0.120861
68 0.120638
69 0.120354
70 0.120144
71 0.120013
72 0.119647
73 0.119267
74 0.11913
75 0.11891
76 0.118765
77 0.118511
78 0.118357
79 0.118021
80 0.117901
81 0.117719
82 0.11749
83 0.117344
84 0.116996
85 0.116825
86 0.116595
87 0.116605
88 0.116388
89 0.116145
90 0.11606
91 0.115765
92 0.11569
93 0.115845
94 0.115399
95 0.115216
96 0.115156
97 0.114898
98 0.114612
99 0.114612
100 0.114449
101 0.114288
102 0.11414
103 0.114086
104 0.113836
105 0.113721
106 0.11372
107 0.11336
108 0.113455
109 0.11331
110 0.113077
111 0.11294
112 0.112883
113 0.112787
114 0.112745
115 0.112521
116 0.112413
117 0.112379
118 0.11208
119 0.111985
120 0.112046
121 0.111843
122 0.111661
123 0.111604
124 0.111556
125 0.111478
126 0.111312
127 0.111234
128 0.110952
129 0.11102
130 0.110969
131 0.110919
132 0.110782
133 0.110557
134 0.110559
135 0.110461
136 0.110367
137 0.110257
138 0.110237
139 0.109981
140 0.110082
141 0.109924
142 0.109864
143 0.109726
144 0.109684
145 0.109569
146 0.109152
147 0.109345
148 0.109354
149 0.10926
150 0.109134
151 0.109024
152 0.109018
153 0.108919
154 0.108896
155 0.108673
156 0.108725
157 0.108667
158 0.108442
159 0.108476
160 0.108359
161 0.108315
162 0.108285
163 0.108154
164 0.108096
165 0.108042
166 0.108002
167 0.107846
168 0.107837
169 0.107752
170 0.107629
171 0.107715
172 0.107512
173 0.107449
174 0.107408
175 0.107294
176 0.107315
177 0.107261
178 0.107259
179 0.107056
180 0.107171
181 0.106916
182 0.107062
183 0.106861
184 0.106886
185 0.106728
186 0.106769
187 0.106661
188 0.106667
189 0.106532
190 0.106457
191 0.106373
192 0.106425
193 0.106333
194 0.106303
195 0.106175
196 0.106112
197 0.10608
198 0.106175
199 0.106075
200 0.10601
201 0.105955
202 0.105821
203 0.105914
204 0.105823
205 0.105482
206 0.105633
207 0.105648
208 0.105522
209 0.105532
210 0.10561
211 0.105426
212 0.105435
213 0.105501
214 0.105211
215 0.105315
216 0.105271
217 0.105219
218 0.105206
219 0.105138
220 0.105066
221 0.104999
222 0.105048
223 0.105025
224 0.104916
225 0.104993
226 0.104889
227 0.104873
228 0.10477
229 0.104776
230 0.104777
231 0.104625
232 0.104571
233 0.104594
234 0.104632
235 0.104506
236 0.104451
237 0.104407
238 0.104377
239 0.104363
240 0.104324
241 0.104444
242 0.104276
243 0.104311
244 0.104187
245 0.104123
246 0.104055
247 0.104062
248 0.104093
249 0.104112
250 0.104027
251 0.103978
252 0.103923
253 0.103926
254 0.103932
255 0.103823
256 0.103897
257 0.103831
258 0.103773
259 0.103724
260 0.103751
261 0.103779
262 0.103694
263 0.103632
264 0.103666
265 0.103601
266 0.103516
267 0.103542
268 0.103514
269 0.103517
270 0.10349
271 0.103407
272 0.103395
273 0.103381
274 0.103354
275 0.10338
276 0.103234
277 0.103273
278 0.103271
279 0.103303
280 0.103193
281 0.10315
282 0.10318
283 0.103143
284 0.10314
285 0.102994
286 0.103031
287 0.103046
288 0.103007
289 0.102961
290 0.102929
291 0.102995
292 0.102905
293 0.102978
294 0.102848
295 0.102795
296 0.102827
297 0.102818
298 0.102826
299 0.102719
300 0.102757
301 0.102723
302 0.102733
303 0.102677
304 0.102602
305 0.102645
306 0.102674
307 0.102572
308 0.102569
309 0.102541
310 0.102457
311 0.102559
312 0.102437
313 0.10248
314 0.102475
315 0.102305
316 0.102452
317 0.102357
318 0.102357
319 0.102354
320 0.102287
321 0.102302
322 0.102373
323 0.102284
324 0.102271
325 0.102205
326 0.102228
327 0.102229
328 0.102248
329 0.102098
330 0.102174
331 0.102213
332 0.102189
333 0.102137
334 0.102158
335 0.102158
336 0.102073
337 0.10196
338 0.101975
339 0.101955
340 0.101933
341 0.102199
342 0.102031
343 0.101957
344 0.101889
345 0.101906
346 0.101886
347 0.101901
348 0.10185
349 0.101812
350 0.101875
351 0.101754
352 0.101823
353 0.101769
354 0.101747
355 0.101738
356 0.101727
357 0.101697
358 0.101735
359 0.101697
360 0.101648
361 0.101683
362 0.101547
363 0.1016
364 0.101602
365 0.101618
366 0.101582
367 0.101467
368 0.101561
369 0.101486
370 0.101433
371 0.101465
372 0.101487
373 0.101405
374 0.101427
375 0.101354
376 0.101511
377 0.101449
378 0.101404
379 0.101401
380 0.101387
381 0.101314
382 0.101371
383 0.101313
384 0.101293
385 0.101301
386 0.101264
387 0.101324
388 0.101315
389 0.101212
390 0.101354
391 0.101234
392 0.101189
393 0.101225
394 0.10121
395 0.1012
396 0.101152
397 0.101071
398 0.101111
399 0.101083
400 0.101145
