1 0.230347
2 0.230347
3 0.230347
4 0.230347
5 0.230347
6 0.230347
7 0.230347
8 0.230347
9 0.230347
10 0.230347
11 0.230347
12 0.228763
13 0.226939
14 0.225283
15 0.223633
16 0.221981
17 0.220403
18 0.219163
19 0.2177
20 0.216411
21 0.215432
22 0.21419
23 0.212664
24 0.211287
25 0.209746
26 0.208296
27 0.206842
28 0.205498
29 0.204153
30 0.202888
31 0.20166
32 0.200493
33 0.19935
34 0.198193
35 0.197078
36 0.195912
37 0.194836
38 0.193694
39 0.19247
40 0.191445
41 0.190281
42 0.189229
43 0.188197
44 0.187234
45 0.1862
46 0.185258
47 0.184254
48 0.183287
49 0.182291
50 0.181279
51 0.180353
52 0.17942
53 0.178517
54 0.177625
55 0.176771
56 0.176085
57 0.175162
58 0.174308
59 0.173537
60 0.172618
61 0.171744
62 0.170952
63 0.170095
64 0.169329
65 0.168559
66 0.167792
67 0.167134
68 0.166274
69 0.165561
70 0.164826
71 0.164046
72 0.163359
73 0.162656
74 0.16189
75 0.161189
76 0.160535
77 0.159853
78 0.159142
79 0.158536
80 0.157811
81 0.157179
82 0.156585
83 0.155906
84 0.155239
85 0.154656
86 0.153995
87 0.153316
88 0.152682
89 0.152163
90 0.151565
91 0.151018
92 0.150368
93 0.149736
94 0.149103
95 0.148658
96 0.148081
97 0.14751
98 0.146895
99 0.146398
100 0.145838
101 0.145283
102 0.144706
103 0.144199
104 0.143704
105 0.143096
106 0.142703
107 0.142174
108 0.141628
109 0.141084
110 0.140574
111 0.140121
112 0.139606
113 0.139183
114 0.13865
115 0.138148
116 0.137648
117 0.13729
118 0.136714
119 0.136347
120 0.135732
121 0.135332
122 0.134821
123 0.134449
124 0.133955
125 0.133476
126 0.133038
127 0.132614
128 0.132158
129 0.131694
130 0.131299
131 0.130863
132 0.130358
133 0.130004
134 0.129559
135 0.129098
136 0.128645
137 0.128265
138 0.127819
139 0.127482
140 0.127094
141 0.12665
142 0.126244
143 0.125869
144 0.125527
145 0.125085
146 0.124732
147 0.12434
148 0.123921
149 0.12353
150 0.123152
151 0.122744
152 0.122427
153 0.122029
154 0.121663
155 0.121295
156 0.120949
157 0.120541
158 0.120164
159 0.119779
160 0.119505
161 0.119142
162 0.118769
163 0.118409
164 0.118133
165 0.117796
166 0.117375
167 0.116916
168 0.116661
169 0.116388
170 0.116032
171 0.115651
172 0.115318
173 0.115052
174 0.114684
175 0.114368
176 0.114105
177 0.113702
178 0.11334
179 0.113041
180 0.112672
181 0.112364
182 0.112103
183 0.111802
184 0.111591
185 0.111115
186 0.110925
187 0.110536
188 0.110216
189 0.109926
190 0.109635
191 0.109396
192 0.109104
193 0.108815
194 0.108485
195 0.108231
196 0.107923
197 0.107638
198 0.107331
199 0.107068
200 0.106765
201 0.106526
202 0.106278
203 0.105981
204 0.10574
205 0.105448
206 0.105223
207 0.104869
208 0.10451
209 0.104359
210 0.104039
211 0.103784
212 0.103549
213 0.103294
214 0.102971
215 0.102784
216 0.102553
217 0.102185
218 0.101998
219 0.10174
220 0.101475
221 0.101203
222 0.101027
223 0.100741
224 0.100501
225 0.100232
226 0.0999622
227 0.0996892
228 0.0994188
229 0.099275
230 0.0990838
231 0.0988465
232 0.0985234
233 0.0982597
234 0.0981497
235 0.0979432
236 0.0976331
237 0.0974149
238 0.0972191
239 0.0969012
240 0.0966635
241 0.0964757
242 0.0962786
243 0.0960735
244 0.0958066
245 0.0955765
246 0.0953588
247 0.0951739
248 0.0949214
249 0.0947211
250 0.094534
251 0.0942431
252 0.0940539
253 0.0939293
254 0.0935674
255 0.0934499
256 0.0932739
257 0.0930231
258 0.0928555
259 0.0925889
260 0.0925095
261 0.0922805
262 0.0920007
263 0.0918267
264 0.0917066
265 0.0914582
266 0.0911868
267 0.0910037
268 0.0908467
269 0.0906806
270 0.0904755
271 0.0902548
272 0.0900512
273 0.0898965
274 0.089678
275 0.089562
276 0.0892435
277 0.0891531
278 0.088899
279 0.0887291
280 0.088564
281 0.088358
282 0.0881218
283 0.08809
284 0.0878398
285 0.087655
286 0.0874378
287 0.0873313
288 0.0870903
289 0.0869212
290 0.0867352
291 0.0866269
292 0.0863941
293 0.086269
294 0.0860209
295 0.0858445
296 0.0857075
297 0.0855812
298 0.0853616
299 0.0851791
300 0.0850528
301 0.084855
302 0.0846944
303 0.0845339
304 0.0843701
305 0.0842418
306 0.0839983
307 0.0838614
308 0.0836882
309 0.083533
310 0.0833919
311 0.0831684
312 0.083064
313 0.0829114
314 0.0826878
315 0.0825481
316 0.0824184
317 0.0821903
318 0.0821109
319 0.0818817
320 0.0817763
321 0.0816275
322 0.0814622
323 0.0813052
324 0.0811129
325 0.0810405
326 0.0808345
327 0.0807092
328 0.0805442
329 0.0804246
330 0.0802172
331 0.0800911
332 0.0799642
333 0.0798056
334 0.0796578
335 0.0795545
336 0.0792834
337 0.0791963
338 0.0790838
339 0.078904
340 0.0788198
341 0.0786404
342 0.0784875
343 0.0783236
344 0.0781633
345 0.0780896
346 0.0779492
347 0.0777528
348 0.0777026
349 0.0774433
350 0.07732
351 0.0772563
352 0.0770584
353 0.0769698
354 0.0768428
355 0.0767281
356 0.0766006
357 0.0764676
358 0.076328
359 0.0761403
360 0.0760088
361 0.0758793
362 0.0757904
363 0.075616
364 0.0755243
365 0.0754243
366 0.0752769
367 0.0750862
368 0.0749556
369 0.0748929
370 0.0747238
371 0.0745602
372 0.07445
373 0.0743368
374 0.0742264
375 0.0741283
376 0.0739838
377 0.0738481
378 0.0737624
379 0.0736346
380 0.0734941
381 0.0733817
382 0.0732438
383 0.0730852
384 0.0730434
385 0.0728515
386 0.0727416
387 0.072678
388 0.0724641
389 0.0723952
390 0.0722765
391 0.0721487
392 0.0719822
393 0.0719239
394 0.0718192
395 0.0717204
396 0.071575
397 0.0714788
398 0.0713399
399 0.0712532
400 0.0711301
