1 0.100222
2 0.100222
3 0.100222
4 0.100222
5 0.100222
6 0.100222
7 0.100222
8 0.100222
9 0.100222
10 0.100222
11 0.100222
12 0.125843
13 0.13123
14 0.129924
15 0.140468
16 0.141777
17 0.139917
18 0.147793
19 0.147753
20 0.145719
21 0.142755
22 0.151129
23 0.167131
24 0.168661
25 0.174699
26 0.179755
27 0.181042
28 0.183544
29 0.187457
30 0.188151
31 0.189388
32 0.189422
33 0.19261
34 0.202743
35 0.20662
36 0.210848
37 0.215589
38 0.217788
39 0.220797
40 0.223741
41 0.225172
42 0.227066
43 0.228183
44 0.231337
45 0.237598
46 0.240329
47 0.24542
48 0.248916
49 0.251218
50 0.254279
51 0.256815
52 0.259141
53 0.260984
54 0.262495
55 0.265714
56 0.270738
57 0.273235
58 0.277387
59 0.280648
60 0.283593
61 0.28652
62 0.288677
63 0.290902
64 0.293237
65 0.295441
66 0.298123
67 0.301251
68 0.304022
69 0.307788
70 0.310886
71 0.313921
72 0.316191
73 0.318496
74 0.32111
75 0.32393
76 0.325882
77 0.328167
78 0.331542
79 0.334382
80 0.337489
81 0.339889
82 0.342789
83 0.345445
84 0.348002
85 0.350476
86 0.352346
87 0.355394
88 0.35763
89 0.360161
90 0.363293
91 0.365285
92 0.367684
93 0.370908
94 0.373699
95 0.375985
96 0.378135
97 0.380692
98 0.382825
99 0.385054
100 0.387666
101 0.39044
102 0.3934
103 0.395612
104 0.398034
105 0.399892
106 0.402343
107 0.404733
108 0.407625
109 0.410355
110 0.411679
111 0.414231
112 0.416474
113 0.419144
114 0.421428
115 0.42372
116 0.426617
117 0.428247
118 0.430415
119 0.432241
120 0.435022
121 0.437382
122 0.439785
123 0.442014
124 0.444187
125 0.445782
126 0.449231
127 0.451152
128 0.4526
129 0.454933
130 0.456608
131 0.458709
132 0.461185
133 0.462795
134 0.465728
135 0.467323
136 0.469336
137 0.471477
138 0.473179
139 0.474648
140 0.4773
141 0.479188
142 0.480648
143 0.482199
144 0.484714
145 0.486076
146 0.488591
147 0.488983
148 0.491416
149 0.493078
150 0.495254
151 0.496372
152 0.497341
153 0.500419
154 0.501546
155 0.503382
156 0.505479
157 0.506428
158 0.5083
159 0.509404
160 0.510736
161 0.512282
162 0.513694
163 0.516157
164 0.516543
165 0.519119
166 0.519854
167 0.521873
168 0.523804
169 0.523637
170 0.525721
171 0.526644
172 0.528553
173 0.529602
174 0.531313
175 0.5326
176 0.533074
177 0.535344
178 0.537182
179 0.538292
180 0.539692
181 0.540804
182 0.542021
183 0.54336
184 0.543526
185 0.545799
186 0.546216
187 0.547916
188 0.54922
189 0.550379
190 0.552513
191 0.552736
192 0.554137
193 0.555017
194 0.555706
195 0.557916
196 0.559088
197 0.559973
198 0.561288
199 0.562145
200 0.563349
201 0.563877
202 0.565152
203 0.565731
204 0.566906
205 0.567931
206 0.569589
207 0.570589
208 0.571898
209 0.572479
210 0.57355
211 0.574146
212 0.576049
213 0.576647
214 0.578183
215 0.578678
216 0.579276
217 0.580785
218 0.58147
219 0.582056
220 0.583321
221 0.584499
222 0.585396
223 0.586456
224 0.586476
225 0.587648
226 0.589049
227 0.590775
228 0.590877
229 0.590946
230 0.591966
231 0.592763
232 0.59411
233 0.594833
234 0.59541
235 0.596277
236 0.597758
237 0.598075
238 0.598937
239 0.599669
240 0.601048
241 0.601844
242 0.602136
243 0.602526
244 0.604215
245 0.604736
246 0.605619
247 0.606187
248 0.607402
249 0.607194
250 0.607787
251 0.609483
252 0.610128
253 0.61079
254 0.612191
255 0.612341
256 0.613187
257 0.614368
258 0.614564
259 0.615976
260 0.615451
261 0.616504
262 0.617742
263 0.618063
264 0.618465
265 0.619067
266 0.620877
267 0.62076
268 0.621551
269 0.6213
270 0.623094
271 0.623358
272 0.623998
273 0.625117
274 0.626065
275 0.626259
276 0.626877
277 0.627827
278 0.628202
279 0.629106
280 0.629188
281 0.630289
282 0.631286
283 0.631568
284 0.631607
285 0.632418
286 0.633545
287 0.633303
288 0.634433
289 0.635103
290 0.636471
291 0.635807
292 0.637229
293 0.637761
294 0.638701
295 0.638897
296 0.639567
297 0.639364
298 0.639857
299 0.641125
300 0.641732
301 0.642331
302 0.642514
303 0.643377
304 0.643167
305 0.644189
306 0.64415
307 0.645038
308 0.645317
309 0.646134
310 0.646789
311 0.647774
312 0.648863
313 0.648727
314 0.648749
315 0.648957
316 0.65034
317 0.650949
318 0.651061
319 0.651398
320 0.651826
321 0.652781
322 0.653236
323 0.653904
324 0.653545
325 0.654074
326 0.655153
327 0.655863
328 0.655713
329 0.656925
330 0.657465
331 0.657679
332 0.658237
333 0.658519
334 0.658538
335 0.658294
336 0.660274
337 0.660204
338 0.660367
339 0.661268
340 0.661421
341 0.662445
342 0.662521
343 0.662773
344 0.663101
345 0.663886
346 0.664028
347 0.664934
348 0.664766
349 0.666376
350 0.666053
351 0.666053
352 0.666803
353 0.66718
354 0.667383
355 0.667834
356 0.668361
357 0.668661
358 0.668529
359 0.669989
360 0.671087
361 0.67076
362 0.670258
363 0.671925
364 0.671604
365 0.672392
366 0.672431
367 0.673577
368 0.673999
369 0.672995
370 0.674471
371 0.674839
372 0.675129
373 0.675545
374 0.676124
375 0.676055
376 0.676468
377 0.676729
378 0.676932
379 0.677402
380 0.67816
381 0.678244
382 0.679341
383 0.679584
384 0.678694
385 0.68021
386 0.680222
387 0.680692
388 0.681117
389 0.681089
390 0.68204
391 0.682603
392 0.682889
393 0.682276
394 0.683005
395 0.683348
396 0.684142
397 0.684352
398 0.684795
399 0.684901
400 0.685134
