1 0.499479
2 0.500521
3 0.949349
4 0.738994
5 0.931671
6 0.897783
7 0.936831
8 0.931545
9 0.940117
10 0.946063
11 0.952823
12 0.947145
13 0.948768
14 0.964055
15 0.963251
16 0.960715
17 0.961628
18 0.957507
19 0.972049
20 0.978534
21 0.97406
22 0.968017
23 0.962876
24 0.963375
25 0.960921
26 0.956378
27 0.95403
28 0.977907
29 0.982458
30 0.977896
31 0.972868
32 0.966399
33 0.961966
34 0.959923
35 0.964723
36 0.963347
37 0.961276
38 0.959472
39 0.959365
40 0.960135
41 0.960148
42 0.965964
43 0.968198
44 0.968608
45 0.968871
46 0.970145
47 0.970692
48 0.972738
49 0.978994
50 0.979546
51 0.979738
52 0.980053
53 0.982698
54 0.982977
55 0.982632
56 0.982496
57 0.983157
58 0.990042
59 0.990145
60 0.990355
61 0.990016
62 0.989019
63 0.980236
64 0.989686
65 0.990951
66 0.990602
67 0.990056
68 0.990151
69 0.996716
70 0.996723
71 0.995403
72 0.99451
73 0.993716
74 0.993144
75 0.99392
76 0.994103
77 0.993374
78 0.993991
79 0.993713
80 0.993958
81 0.993633
82 0.996965
83 0.997178
84 0.996598
85 0.995937
86 0.995115
87 0.994856
88 0.996664
89 0.996358
90 0.995819
91 0.995369
92 0.995704
93 0.995819
94 0.995334
95 0.996351
96 0.996286
97 0.996598
98 0.996394
99 0.997237
100 0.997027
101 0.996614
102 0.997573
103 0.997729
104 0.997015
105 0.996758
106 0.996813
107 0.996454
108 0.996282
109 0.996403
110 0.997612
111 0.997764
112 0.997086
113 0.997194
114 0.997327
115 0.997229
116 0.996748
117 0.996205
118 0.99718
119 0.99789
120 0.998172
121 0.997787
122 0.997091
123 0.997085
124 0.997081
125 0.997364
126 0.998011
127 0.997851
128 0.99796
129 0.997285
130 0.997789
131 0.997365
132 0.996861
133 0.996922
134 0.997392
135 0.997929
136 0.997963
137 0.997419
138 0.9975
139 0.996839
140 0.99717
141 0.99668
142 0.99711
143 0.997241
144 0.997973
145 0.997817
146 0.997229
147 0.996643
148 0.99659
149 0.997265
150 0.997599
151 0.997345
152 0.997139
153 0.996674
154 0.997826
155 0.997908
156 0.997545
157 0.99673
158 0.996237
159 0.995618
160 0.997924
161 0.997592
162 0.997715
163 0.996813
164 0.995791
165 0.996733
166 0.997709
167 0.997684
168 0.996862
169 0.995931
170 0.994878
171 0.997308
172 0.997554
173 0.997471
174 0.996591
175 0.995422
176 0.994818
177 0.99755
178 0.997154
179 0.996969
180 0.995944
181 0.99512
182 0.995453
183 0.997434
184 0.996757
185 0.996183
186 0.996014
187 0.994977
188 0.995129
189 0.997235
190 0.996393
191 0.995978
192 0.995036
193 0.994669
194 0.99493
195 0.997237
196 0.996778
197 0.99608
198 0.994963
199 0.994071
200 0.994808
201 0.997185
202 0.996382
203 0.995879
204 0.994649
205 0.995085
206 0.994538
207 0.996899
208 0.996228
209 0.995476
210 0.994681
211 0.994846
212 0.993612
213 0.992901
214 0.995954
215 0.995624
216 0.994965
217 0.995177
218 0.993838
219 0.992608
220 0.992127
221 0.995751
222 0.994885
223 0.994091
224 0.994519
225 0.993377
226 0.992287
227 0.995951
228 0.995133
229 0.994293
230 0.994777
231 0.993921
232 0.992391
233 0.990972
234 0.994773
235 0.994134
236 0.995734
237 0.994616
238 0.993038
239 0.991512
240 0.98984
241 0.994497
242 0.995971
243 0.995398
244 0.994031
245 0.992081
246 0.99116
247 0.989955
248 0.994225
249 0.99529
250 0.994821
251 0.993325
252 0.99239
253 0.990796
254 0.989245
255 0.995444
256 0.994837
257 0.994893
258 0.993354
259 0.991891
260 0.990476
261 0.9888
262 0.990309
263 0.995506
264 0.994462
265 0.99402
266 0.992644
267 0.990908
268 0.991749
269 0.990452
270 0.99541
271 0.994501
272 0.993672
273 0.992912
274 0.991314
275 0.991644
276 0.990354
277 0.989072
278 0.994857
279 0.994116
280 0.993462
281 0.991977
282 0.992358
283 0.990985
284 0.990547
285 0.989404
286 0.99433
287 0.993538
288 0.993095
289 0.993339
290 0.992916
291 0.99135
292 0.990075
293 0.988814
294 0.993886
295 0.993888
296 0.995149
297 0.993956
298 0.992264
299 0.990765
300 0.989874
301 0.989473
302 0.994515
303 0.995445
304 0.994871
305 0.993493
306 0.992793
307 0.991616
308 0.990718
309 0.989588
310 0.995502
311 0.994851
312 0.995299
313 0.994353
314 0.992863
315 0.991543
316 0.990529
317 0.990826
318 0.996302
319 0.9959
320 0.995096
321 0.993854
322 0.992401
323 0.992344
324 0.992756
325 0.99196
326 0.991211
327 0.995126
328 0.994809
329 0.995197
330 0.99418
331 0.993146
332 0.993476
333 0.992777
334 0.991948
335 0.996223
336 0.995604
337 0.995252
338 0.994591
339 0.994728
340 0.993843
341 0.993679
342 0.99311
343 0.992286
344 0.995876
345 0.995253
346 0.994847
347 0.996082
348 0.995211
349 0.994382
350 0.993775
351 0.993058
352 0.99245
353 0.99639
354 0.997548
355 0.996602
356 0.99557
357 0.994829
358 0.995045
359 0.994537
360 0.993927
361 0.993213
362 0.9943
363 0.997197
364 0.997623
365 0.996918
366 0.996026
367 0.995135
368 0.994613
369 0.994186
370 0.996
371 0.995736
372 0.997502
373 0.997234
374 0.996363
375 0.995571
376 0.996173
377 0.996867
378 0.996551
379 0.995953
380 0.995438
381 0.99498
382 0.996839
383 0.997794
384 0.997163
385 0.997434
386 0.996832
387 0.996321
388 0.996022
389 0.996712
390 0.996406
391 0.995839
392 0.997285
393 0.997986
394 0.997404
395 0.997889
396 0.997445
397 0.997089
398 0.996701
399 0.996343
400 0.996003
