1 0.499966
2 0.295216
3 0.244785
4 0.207389
5 0.194062
6 0.182728
7 0.174726
8 0.167794
9 0.16123
10 0.154931
11 0.14876
12 0.143836
13 0.139264
14 0.134237
15 0.129931
16 0.126087
17 0.122517
18 0.119507
19 0.116056
20 0.112892
21 0.110164
22 0.107791
23 0.105576
24 0.103376
25 0.101323
26 0.0993875
27 0.0975532
28 0.0955186
29 0.093636
30 0.0919078
31 0.0902696
32 0.088765
33 0.0872808
34 0.0858007
35 0.0843089
36 0.0828488
37 0.0814389
38 0.0800647
39 0.0787425
40 0.0774244
41 0.0761427
42 0.0748802
43 0.0736263
44 0.0724162
45 0.0712659
46 0.0701643
47 0.0690984
48 0.0680604
49 0.0670591
50 0.0660955
51 0.0651859
52 0.0643125
53 0.0634778
54 0.0626923
55 0.0619333
56 0.0611989
57 0.0604914
58 0.0598073
59 0.0591518
60 0.0585205
61 0.0579227
62 0.0573304
63 0.0566219
64 0.0560447
65 0.055513
66 0.0550196
67 0.0545316
68 0.0540706
69 0.0536385
70 0.0532158
71 0.0528037
72 0.0524002
73 0.0519929
74 0.0516026
75 0.0512142
76 0.0508252
77 0.0504393
78 0.0500604
79 0.0497025
80 0.049352
81 0.0490088
82 0.0486935
83 0.0483851
84 0.0480702
85 0.0477651
86 0.0474581
87 0.0471717
88 0.0468692
89 0.0465778
90 0.0462946
91 0.0460213
92 0.0457411
93 0.0454643
94 0.0452086
95 0.044947
96 0.0446981
97 0.0444494
98 0.0442059
99 0.0439739
100 0.0437446
101 0.0435281
102 0.0433018
103 0.0430774
104 0.0428616
105 0.0426413
106 0.0424325
107 0.0422223
108 0.0420138
109 0.0418063
110 0.0416096
111 0.0414159
112 0.0412227
113 0.0410294
114 0.0408411
115 0.0406486
116 0.0404634
117 0.0402843
118 0.0401159
119 0.0399395
120 0.0397617
121 0.0395962
122 0.0394257
123 0.0392591
124 0.0390968
125 0.0389306
126 0.0387797
127 0.038628
128 0.038472
129 0.0383243
130 0.0381732
131 0.0380308
132 0.0378829
133 0.0377335
134 0.0375951
135 0.0374521
136 0.037316
137 0.0371818
138 0.0370482
139 0.0369218
140 0.036783
141 0.0366512
142 0.0365288
143 0.0364108
144 0.0362859
145 0.0361593
146 0.0360384
147 0.0359177
148 0.0358031
149 0.0356829
150 0.0355617
151 0.0354475
152 0.0353379
153 0.0352265
154 0.035113
155 0.0349983
156 0.034889
157 0.0347847
158 0.0346827
159 0.0345784
160 0.034467
161 0.034362
162 0.034258
163 0.0341591
164 0.0340627
165 0.0339592
166 0.0338558
167 0.0337551
168 0.0336588
169 0.0335691
170 0.0334846
171 0.0333868
172 0.0332942
173 0.0332043
174 0.0331162
175 0.0330348
176 0.0329572
177 0.0328628
178 0.0327711
179 0.0326855
180 0.0326064
181 0.032523
182 0.0324442
183 0.0323594
184 0.0322748
185 0.032193
186 0.032113
187 0.0320383
188 0.0319614
189 0.0318764
190 0.0317985
191 0.0317192
192 0.0316447
193 0.0315752
194 0.0315032
195 0.0314203
196 0.0313419
197 0.0312712
198 0.0312008
199 0.0311306
200 0.031059
201 0.03098
202 0.0309049
203 0.0308319
204 0.0307627
205 0.0306966
206 0.0306303
207 0.0305556
208 0.0304837
209 0.0304173
210 0.030351
211 0.0302849
212 0.0302219
213 0.0301606
214 0.0300917
215 0.030024
216 0.0299586
217 0.0298921
218 0.0298305
219 0.0297751
220 0.0297167
221 0.0296509
222 0.029587
223 0.0295283
224 0.0294605
225 0.0294036
226 0.0293485
227 0.029286
228 0.0292254
229 0.0291648
230 0.0291091
231 0.0290512
232 0.0289949
233 0.0289412
234 0.028879
235 0.0288206
236 0.0287609
237 0.0287035
238 0.0286466
239 0.0285937
240 0.0285416
241 0.028485
242 0.0284248
243 0.0283693
244 0.0283149
245 0.0282641
246 0.0282103
247 0.0281555
248 0.0280964
249 0.0280429
250 0.0279907
251 0.0279387
252 0.0278841
253 0.0278334
254 0.0277843
255 0.0277311
256 0.0276747
257 0.0276215
258 0.027566
259 0.0275136
260 0.0274659
261 0.0274169
262 0.0273662
263 0.0273139
264 0.0272608
265 0.027211
266 0.0271585
267 0.0271072
268 0.0270564
269 0.027006
270 0.0269549
271 0.0269044
272 0.0268535
273 0.0268037
274 0.0267545
275 0.0267045
276 0.0266526
277 0.0266035
278 0.0265526
279 0.026501
280 0.0264493
281 0.0263988
282 0.0263512
283 0.0263025
284 0.0262534
285 0.0262031
286 0.0261517
287 0.0261012
288 0.026052
289 0.0260035
290 0.0259519
291 0.0259015
292 0.0258517
293 0.0258018
294 0.0257509
295 0.0257038
296 0.0256562
297 0.0256081
298 0.0255576
299 0.0255079
300 0.0254587
301 0.0254087
302 0.0253587
303 0.025311
304 0.0252656
305 0.0252175
306 0.0251709
307 0.0251205
308 0.0250708
309 0.0250233
310 0.0249782
311 0.0249326
312 0.0248866
313 0.024841
314 0.0247941
315 0.0247477
316 0.0246976
317 0.024651
318 0.0246071
319 0.0245624
320 0.0245186
321 0.0244728
322 0.0244291
323 0.0243819
324 0.0243345
325 0.0242863
326 0.0242398
327 0.0241979
328 0.0241561
329 0.0241101
330 0.0240667
331 0.0240209
332 0.023979
333 0.023935
334 0.0238893
335 0.0238473
336 0.0238084
337 0.0237672
338 0.0237242
339 0.0236857
340 0.0236407
341 0.0235945
342 0.0235497
343 0.0235036
344 0.0234639
345 0.023425
346 0.023386
347 0.0233434
348 0.0233018
349 0.0232606
350 0.0232197
351 0.0231788
352 0.023135
353 0.0230953
354 0.0230566
355 0.0230177
356 0.0229825
357 0.0229445
358 0.0229047
359 0.0228647
360 0.0228253
361 0.0227827
362 0.022744
363 0.0227098
364 0.0226756
365 0.0226371
366 0.0225992
367 0.0225613
368 0.0225227
369 0.0224842
370 0.0224455
371 0.0224072
372 0.0223716
373 0.0223367
374 0.0222999
375 0.0222634
376 0.0222264
377 0.0221917
378 0.0221561
379 0.0221196
380 0.0220829
381 0.0220462
382 0.0220148
383 0.0219833
384 0.0219496
385 0.0219187
386 0.0218847
387 0.0218515
388 0.0218186
389 0.0217842
390 0.0217493
391 0.0217137
392 0.0216822
393 0.0216505
394 0.0216204
395 0.0215897
396 0.0215573
397 0.0215253
398 0.0214936
399 0.0214603
400 0.0214265
