1 0.409429
2 0.409173
3 0.409107
4 0.409205
5 0.409188
6 0.409171
7 0.40907
8 0.40906
9 0.409039
10 0.409013
11 0.39482
12 0.382538
13 0.371947
14 0.362782
15 0.354792
16 0.347781
17 0.341595
18 0.336103
19 0.331163
20 0.326696
21 0.322628
22 0.318885
23 0.315401
24 0.312138
25 0.309087
26 0.306203
27 0.30346
28 0.300838
29 0.298226
30 0.295642
31 0.293153
32 0.290708
33 0.288299
34 0.285934
35 0.283378
36 0.280758
37 0.278176
38 0.275599
39 0.273051
40 0.270534
41 0.267771
42 0.264995
43 0.262219
44 0.259475
45 0.256771
46 0.254127
47 0.251339
48 0.248563
49 0.245822
50 0.24313
51 0.240513
52 0.23798
53 0.235424
54 0.232934
55 0.230502
56 0.228165
57 0.225914
58 0.223785
59 0.221687
60 0.219657
61 0.217687
62 0.215804
63 0.214006
64 0.212285
65 0.210619
66 0.209004
67 0.207455
68 0.205988
69 0.204578
70 0.203217
71 0.201914
72 0.200657
73 0.199439
74 0.198278
75 0.197159
76 0.196076
77 0.195047
78 0.194064
79 0.193113
80 0.192206
81 0.191339
82 0.190518
83 0.189722
84 0.188965
85 0.188245
86 0.187558
87 0.186917
88 0.186288
89 0.185686
90 0.18511
91 0.184556
92 0.184031
93 0.183525
94 0.183056
95 0.182605
96 0.182179
97 0.181778
98 0.181397
99 0.181056
100 0.180828
101 0.180625
102 0.180432
103 0.180248
104 0.18007
105 0.179892
106 0.179723
107 0.179561
108 0.179405
109 0.17925
110 0.179105
111 0.178977
112 0.178861
113 0.178764
114 0.178675
115 0.178607
116 0.178552
117 0.178508
118 0.178478
119 0.178462
120 0.178471
121 0.178494
122 0.17854
123 0.178598
124 0.178676
125 0.17878
126 0.178906
127 0.179063
128 0.179257
129 0.179508
130 0.17976
131 0.180002
132 0.180243
133 0.180485
134 0.180721
135 0.180956
136 0.181189
137 0.181419
138 0.181649
139 0.181884
140 0.18212
141 0.182357
142 0.182592
143 0.182831
144 0.183066
145 0.183296
146 0.183517
147 0.18373
148 0.183938
149 0.184143
150 0.184345
151 0.18454
152 0.184723
153 0.184897
154 0.185068
155 0.185227
156 0.185375
157 0.18552
158 0.18566
159 0.185787
160 0.185897
161 0.185999
162 0.186095
163 0.18618
164 0.186256
165 0.186318
166 0.186366
167 0.186396
168 0.186411
169 0.186413
170 0.186404
171 0.186376
172 0.186344
173 0.186291
174 0.186235
175 0.186154
176 0.186067
177 0.185961
178 0.18584
179 0.1857
180 0.185541
181 0.185367
182 0.18517
183 0.184961
184 0.184732
185 0.184492
186 0.184232
187 0.183958
188 0.183669
189 0.183364
190 0.183045
191 0.182712
192 0.182367
193 0.182007
194 0.181633
195 0.181246
196 0.180845
197 0.180444
198 0.180032
199 0.17961
200 0.179177
201 0.178734
202 0.178284
203 0.177824
204 0.177354
205 0.176879
206 0.176396
207 0.175906
208 0.175412
209 0.174909
210 0.1744
211 0.173889
212 0.173373
213 0.172852
214 0.17233
215 0.171804
216 0.171274
217 0.170742
218 0.170208
219 0.169674
220 0.169138
221 0.168601
222 0.168064
223 0.167525
224 0.166987
225 0.166449
226 0.16591
227 0.165373
228 0.164836
229 0.164301
230 0.163766
231 0.163233
232 0.162701
233 0.162172
234 0.161645
235 0.161119
236 0.160595
237 0.160075
238 0.159556
239 0.15904
240 0.158528
241 0.158018
242 0.157511
243 0.157007
244 0.156507
245 0.15601
246 0.155515
247 0.155023
248 0.154534
249 0.154047
250 0.153563
251 0.153083
252 0.152605
253 0.152129
254 0.151658
255 0.151189
256 0.150723
257 0.15026
258 0.149801
259 0.149345
260 0.148893
261 0.148444
262 0.147998
263 0.147555
264 0.147115
265 0.146678
266 0.146244
267 0.145812
268 0.145384
269 0.144958
270 0.144535
271 0.144115
272 0.143697
273 0.143283
274 0.142871
275 0.142463
276 0.142059
277 0.141656
278 0.141256
279 0.14086
280 0.140465
281 0.140073
282 0.139682
283 0.139295
284 0.138909
285 0.138526
286 0.138146
287 0.137768
288 0.137392
289 0.137019
290 0.136648
291 0.136279
292 0.135912
293 0.135549
294 0.135187
295 0.134827
296 0.13447
297 0.134115
298 0.133763
299 0.133412
300 0.133064
301 0.132718
302 0.132375
303 0.132033
304 0.131693
305 0.131355
306 0.13102
307 0.130686
308 0.130354
309 0.130024
310 0.129696
311 0.12937
312 0.129046
313 0.128724
314 0.128403
315 0.128085
316 0.127768
317 0.127453
318 0.12714
319 0.126829
320 0.126519
321 0.126212
322 0.125905
323 0.125601
324 0.125298
325 0.124998
326 0.124699
327 0.124402
328 0.124107
329 0.123814
330 0.123523
331 0.123233
332 0.122945
333 0.122658
334 0.122373
335 0.12209
336 0.121808
337 0.121528
338 0.12125
339 0.120973
340 0.120697
341 0.120423
342 0.12015
343 0.119879
344 0.119609
345 0.119341
346 0.119075
347 0.11881
348 0.118547
349 0.118284
350 0.118023
351 0.117763
352 0.117505
353 0.117248
354 0.116992
355 0.116738
356 0.116485
357 0.116234
358 0.115983
359 0.115734
360 0.115486
361 0.115238
362 0.114992
363 0.114747
364 0.114503
365 0.11426
366 0.114019
367 0.113778
368 0.113539
369 0.113301
370 0.113064
371 0.112828
372 0.112594
373 0.112361
374 0.112128
375 0.111898
376 0.111668
377 0.11144
378 0.111213
379 0.110987
380 0.110763
381 0.11054
382 0.110318
383 0.110097
384 0.109877
385 0.109659
386 0.109441
387 0.109225
388 0.10901
389 0.108796
390 0.108583
391 0.10837
392 0.108159
393 0.107949
394 0.10774
395 0.107532
396 0.107326
397 0.107121
398 0.106917
399 0.106713
400 0.106511
