1 0.145127
2 0.169952
3 0.183434
4 0.190448
5 0.194298
6 0.196723
7 0.19803
8 0.198882
9 0.199472
10 0.199544
11 0.256206
12 0.279064
13 0.290316
14 0.296295
15 0.310978
16 0.318141
17 0.3413
18 0.358681
19 0.367714
20 0.374696
21 0.384514
22 0.389929
23 0.405612
24 0.421558
25 0.429215
26 0.435657
27 0.442156
28 0.446526
29 0.457048
30 0.469617
31 0.476321
32 0.48183
33 0.486581
34 0.490117
35 0.498171
36 0.508486
37 0.514252
38 0.519119
39 0.523594
40 0.527508
41 0.534102
42 0.542387
43 0.547893
44 0.552249
45 0.556659
46 0.561105
47 0.566935
48 0.573288
49 0.578507
50 0.583019
51 0.58755
52 0.591763
53 0.597142
54 0.602572
55 0.60717
56 0.611262
57 0.615336
58 0.619505
59 0.623654
60 0.627864
61 0.631928
62 0.635674
63 0.639114
64 0.64247
65 0.645913
66 0.64892
67 0.651813
68 0.654306
69 0.65716
70 0.659784
71 0.66262
72 0.665101
73 0.667687
74 0.669923
75 0.672319
76 0.674872
77 0.677261
78 0.679336
79 0.68136
80 0.683545
81 0.685713
82 0.688146
83 0.689992
84 0.692136
85 0.694212
86 0.696142
87 0.698006
88 0.699915
89 0.701669
90 0.703603
91 0.7053
92 0.707168
93 0.708862
94 0.710402
95 0.711948
96 0.713479
97 0.715244
98 0.716881
99 0.71825
100 0.719557
101 0.720845
102 0.722378
103 0.72388
104 0.725306
105 0.726736
106 0.728099
107 0.729536
108 0.730862
109 0.732189
110 0.733605
111 0.734991
112 0.736411
113 0.737484
114 0.738723
115 0.739934
116 0.741169
117 0.742321
118 0.7434
119 0.744658
120 0.745904
121 0.747035
122 0.748111
123 0.749281
124 0.750427
125 0.751384
126 0.752493
127 0.753331
128 0.754303
129 0.75519
130 0.756152
131 0.75712
132 0.757972
133 0.758986
134 0.759916
135 0.76092
136 0.761784
137 0.762747
138 0.763567
139 0.76454
140 0.765474
141 0.766211
142 0.767068
143 0.767784
144 0.768799
145 0.769627
146 0.770339
147 0.77111
148 0.77201
149 0.772793
150 0.773729
151 0.774515
152 0.775211
153 0.77595
154 0.776708
155 0.77733
156 0.778294
157 0.779178
158 0.779975
159 0.780597
160 0.78145
161 0.78212
162 0.782569
163 0.783306
164 0.784048
165 0.784858
166 0.785539
167 0.786251
168 0.786937
169 0.787573
170 0.788211
171 0.788851
172 0.789456
173 0.79006
174 0.790653
175 0.791316
176 0.791975
177 0.792599
178 0.793122
179 0.793684
180 0.794159
181 0.794816
182 0.795354
183 0.795991
184 0.796629
185 0.797224
186 0.797778
187 0.798357
188 0.799034
189 0.799613
190 0.800161
191 0.800607
192 0.801183
193 0.801933
194 0.802505
195 0.803058
196 0.803637
197 0.804118
198 0.804568
199 0.805184
200 0.805792
201 0.80626
202 0.806778
203 0.807413
204 0.807937
205 0.808493
206 0.808957
207 0.809571
208 0.81004
209 0.810466
210 0.81104
211 0.811717
212 0.812283
213 0.812696
214 0.813289
215 0.81371
216 0.814244
217 0.81465
218 0.815183
219 0.815751
220 0.816369
221 0.816941
222 0.817393
223 0.817867
224 0.81823
225 0.818661
226 0.819233
227 0.819734
228 0.820287
229 0.820743
230 0.821261
231 0.821861
232 0.822361
233 0.822792
234 0.823283
235 0.823671
236 0.824042
237 0.824499
238 0.824883
239 0.825432
240 0.825876
241 0.826366
242 0.826669
243 0.827084
244 0.827667
245 0.827896
246 0.828435
247 0.828896
248 0.829401
249 0.82987
250 0.830163
251 0.830771
252 0.831181
253 0.83163
254 0.832003
255 0.832393
256 0.83279
257 0.833092
258 0.833438
259 0.833906
260 0.83429
261 0.834823
262 0.835211
263 0.835571
264 0.835888
265 0.836264
266 0.836659
267 0.837046
268 0.837421
269 0.83773
270 0.837985
271 0.838285
272 0.838668
273 0.839055
274 0.839473
275 0.839902
276 0.840314
277 0.840674
278 0.840926
279 0.841293
280 0.841668
281 0.842048
282 0.842317
283 0.842843
284 0.84312
285 0.84348
286 0.84388
287 0.844189
288 0.844437
289 0.844753
290 0.845143
291 0.845384
292 0.84567
293 0.846029
294 0.846269
295 0.84661
296 0.846987
297 0.847357
298 0.847519
299 0.847905
300 0.848329
301 0.84859
302 0.84879
303 0.849114
304 0.849444
305 0.849744
306 0.849977
307 0.850228
308 0.85054
309 0.850897
310 0.851192
311 0.851589
312 0.851873
313 0.852049
314 0.852409
315 0.852738
316 0.853022
317 0.853323
318 0.853497
319 0.853743
320 0.854012
321 0.854231
322 0.854547
323 0.854711
324 0.855039
325 0.855325
326 0.855712
327 0.85607
328 0.856279
329 0.856554
330 0.856686
331 0.857031
332 0.8573
333 0.857604
334 0.85779
335 0.858138
336 0.858445
337 0.858751
338 0.85897
339 0.859381
340 0.859503
341 0.859722
342 0.85994
343 0.860214
344 0.860542
345 0.860756
346 0.861069
347 0.861342
348 0.861587
349 0.861831
350 0.862077
351 0.862372
352 0.862527
353 0.862817
354 0.863129
355 0.863277
356 0.863502
357 0.863705
358 0.863905
359 0.864206
360 0.864431
361 0.864688
362 0.864867
363 0.865049
364 0.865307
365 0.865633
366 0.865878
367 0.865969
368 0.866185
369 0.866374
370 0.866567
371 0.866745
372 0.866942
373 0.867145
374 0.867261
375 0.867552
376 0.86794
377 0.868101
378 0.868257
379 0.868371
380 0.86864
381 0.86881
382 0.869095
383 0.869269
384 0.869446
385 0.869587
386 0.869792
387 0.869946
388 0.870192
389 0.870384
390 0.870583
391 0.870705
392 0.870818
393 0.871086
394 0.871305
395 0.871472
396 0.871674
397 0.871933
398 0.872143
399 0.872365
400 0.872533
