1 0.299724
2 0.299961
3 0.299717
4 0.299786
5 0.29995
6 0.29995
7 0.299522
8 0.300013
9 0.299811
10 0.300161
11 0.299499
12 0.303202
13 0.305797
14 0.309132
15 0.312013
16 0.314427
17 0.317264
18 0.320235
19 0.323053
20 0.325751
21 0.327929
22 0.330325
23 0.33256
24 0.334264
25 0.336079
26 0.338237
27 0.341139
28 0.343131
29 0.346179
30 0.347232
31 0.348416
32 0.351741
33 0.35209
34 0.354481
35 0.356073
36 0.357293
37 0.35917
38 0.360714
39 0.361744
40 0.363833
41 0.364515
42 0.365074
43 0.365822
44 0.367243
45 0.368599
46 0.369519
47 0.370206
48 0.371342
49 0.372108
50 0.372733
51 0.373468
52 0.375155
53 0.376033
54 0.376269
55 0.376853
56 0.378736
57 0.379315
58 0.379438
59 0.380527
60 0.38156
61 0.381249
62 0.383265
63 0.38347
64 0.384772
65 0.385506
66 0.385907
67 0.387183
68 0.388121
69 0.388422
70 0.388751
71 0.390035
72 0.390742
73 0.391651
74 0.393017
75 0.393811
76 0.393373
77 0.394407
78 0.3957
79 0.395871
80 0.396942
81 0.397411
82 0.397261
83 0.399124
84 0.39862
85 0.399826
86 0.401028
87 0.400698
88 0.401397
89 0.402847
90 0.403165
91 0.404624
92 0.405132
93 0.405799
94 0.404973
95 0.40649
96 0.407795
97 0.406951
98 0.407835
99 0.408669
100 0.409518
101 0.410201
102 0.410436
103 0.412149
104 0.412132
105 0.411793
106 0.413614
107 0.413782
108 0.414068
109 0.413364
110 0.415563
111 0.415813
112 0.416401
113 0.417519
114 0.418506
115 0.417964
116 0.417722
117 0.418721
118 0.419847
119 0.420222
120 0.420249
121 0.420716
122 0.420757
123 0.422176
124 0.422667
125 0.423008
126 0.422902
127 0.423758
128 0.424413
129 0.425208
130 0.425274
131 0.427027
132 0.426406
133 0.425977
134 0.427572
135 0.426563
136 0.428011
137 0.428733
138 0.42873
139 0.429438
140 0.42959
141 0.430606
142 0.430323
143 0.431166
144 0.430941
145 0.431281
146 0.432517
147 0.433365
148 0.432512
149 0.43372
150 0.433709
151 0.433608
152 0.43458
153 0.434317
154 0.435207
155 0.436272
156 0.436291
157 0.436303
158 0.437089
159 0.437339
160 0.437314
161 0.437962
162 0.4385
163 0.438289
164 0.438765
165 0.439718
166 0.439463
167 0.440415
168 0.440417
169 0.440866
170 0.440995
171 0.441976
172 0.440655
173 0.442272
174 0.442552
175 0.442578
176 0.443962
177 0.443523
178 0.444067
179 0.443963
180 0.443593
181 0.443716
182 0.444502
183 0.445067
184 0.444621
185 0.446069
186 0.446035
187 0.446344
188 0.447051
189 0.447089
190 0.447074
191 0.448361
192 0.448041
193 0.448448
194 0.448415
195 0.44794
196 0.449284
197 0.448938
198 0.449191
199 0.450766
200 0.449617
201 0.450859
202 0.45069
203 0.451519
204 0.451738
205 0.452099
206 0.451682
207 0.452127
208 0.452536
209 0.453152
210 0.4532
211 0.453352
212 0.454298
213 0.454349
214 0.453995
215 0.454635
216 0.454661
217 0.455637
218 0.455081
219 0.454731
220 0.455402
221 0.455305
222 0.455093
223 0.45671
224 0.456708
225 0.456986
226 0.457103
227 0.45668
228 0.457518
229 0.45803
230 0.457847
231 0.457436
232 0.458542
233 0.459045
234 0.458898
235 0.458895
236 0.45978
237 0.458972
238 0.45943
239 0.460421
240 0.459932
241 0.460321
242 0.460572
243 0.460471
244 0.460375
245 0.459657
246 0.460664
247 0.462237
248 0.46137
249 0.462625
250 0.4624
251 0.46223
252 0.462244
253 0.462553
254 0.46273
255 0.463491
256 0.462929
257 0.46369
258 0.46309
259 0.462995
260 0.463779
261 0.463911
262 0.463506
263 0.465341
264 0.464571
265 0.464798
266 0.464761
267 0.465763
268 0.465651
269 0.465505
270 0.467238
271 0.466961
272 0.466987
273 0.466726
274 0.467618
275 0.466786
276 0.466257
277 0.467046
278 0.466983
279 0.46757
280 0.467856
281 0.467729
282 0.467754
283 0.467958
284 0.46793
285 0.468484
286 0.468931
287 0.46809
288 0.468476
289 0.468828
290 0.469556
291 0.468508
292 0.469959
293 0.470947
294 0.469731
295 0.469796
296 0.469774
297 0.470577
298 0.470835
299 0.470651
300 0.471192
301 0.472118
302 0.470472
303 0.471342
304 0.471515
305 0.471337
306 0.470894
307 0.472177
308 0.47237
309 0.472881
310 0.47247
311 0.472484
312 0.472574
313 0.473405
314 0.472579
315 0.473422
316 0.472702
317 0.473407
318 0.473818
319 0.474235
320 0.474148
321 0.473902
322 0.474255
323 0.473998
324 0.47387
325 0.475258
326 0.475009
327 0.4758
328 0.474506
329 0.475558
330 0.47409
331 0.47555
332 0.476202
333 0.476414
334 0.47619
335 0.475478
336 0.476164
337 0.477317
338 0.477117
339 0.476305
340 0.476813
341 0.476763
342 0.477465
343 0.477288
344 0.4772
345 0.477332
346 0.477421
347 0.478167
348 0.477496
349 0.477738
350 0.478196
351 0.478149
352 0.478454
353 0.477837
354 0.477916
355 0.478809
356 0.478168
357 0.478614
358 0.478691
359 0.478563
360 0.478224
361 0.479048
362 0.479185
363 0.478799
364 0.479156
365 0.479957
366 0.47861
367 0.480088
368 0.479624
369 0.480009
370 0.480987
371 0.480254
372 0.480555
373 0.480491
374 0.480193
375 0.481787
376 0.480889
377 0.481066
378 0.480868
379 0.48142
380 0.480637
381 0.481512
382 0.48237
383 0.481969
384 0.4815
385 0.48179
386 0.481872
387 0.482302
388 0.48238
389 0.48337
390 0.48235
391 0.48311
392 0.482526
393 0.481457
394 0.481659
395 0.483125
396 0.483349
397 0.482385
398 0.482328
399 0.483329
400 0.483369
