1 0.066462
2 0.066767
3 0.066347
4 0.066972
5 0.066494
6 0.066578
7 0.067003
8 0.066804
9 0.066372
10 0.066896
11 0.066619
12 0.066529
13 0.066598
14 0.066748
15 0.066827
16 0.133209
17 0.133231
18 0.133173
19 0.133248
20 0.133559
21 0.13366
22 0.139993
23 0.147758
24 0.160691
25 0.169382
26 0.179667
27 0.189066
28 0.197436
29 0.207535
30 0.217447
31 0.226922
32 0.239
33 0.248641
34 0.261206
35 0.272493
36 0.283675
37 0.293555
38 0.304144
39 0.313497
40 0.323536
41 0.330447
42 0.338042
43 0.344584
44 0.351798
45 0.353308
46 0.360078
47 0.358324
48 0.365015
49 0.36764
50 0.369453
51 0.369369
52 0.372101
53 0.370232
54 0.362782
55 0.36874
56 0.363253
57 0.362421
58 0.36169
59 0.35829
60 0.357994
61 0.356555
62 0.348129
63 0.345113
64 0.351996
65 0.344223
66 0.351762
67 0.345056
68 0.346015
69 0.344277
70 0.353056
71 0.351784
72 0.358341
73 0.354295
74 0.34986
75 0.35355
76 0.360071
77 0.359954
78 0.368192
79 0.369635
80 0.368314
81 0.374973
82 0.37257
83 0.378095
84 0.384867
85 0.389459
86 0.390026
87 0.395641
88 0.397028
89 0.402621
90 0.406158
91 0.407602
92 0.406715
93 0.412204
94 0.413143
95 0.41411
96 0.416919
97 0.419374
98 0.417126
99 0.421334
100 0.423004
101 0.426666
102 0.428581
103 0.428444
104 0.426936
105 0.43115
106 0.432126
107 0.43442
108 0.437311
109 0.436226
110 0.435702
111 0.435966
112 0.433856
113 0.43177
114 0.425263
115 0.429553
116 0.423069
117 0.425528
118 0.421931
119 0.419912
120 0.420034
121 0.416438
122 0.414838
123 0.417367
124 0.414771
125 0.412121
126 0.414047
127 0.41071
128 0.411166
129 0.410203
130 0.409724
131 0.407042
132 0.408407
133 0.406253
134 0.406583
135 0.405162
136 0.402621
137 0.402007
138 0.40037
139 0.397851
140 0.398958
141 0.395206
142 0.394396
143 0.392821
144 0.392469
145 0.390085
146 0.390555
147 0.388923
148 0.389088
149 0.386648
150 0.384854
151 0.387752
152 0.3847
153 0.388101
154 0.386906
155 0.387087
156 0.385136
157 0.389104
158 0.38625
159 0.388527
160 0.390877
161 0.390246
162 0.390885
163 0.394703
164 0.394743
165 0.397323
166 0.397904
167 0.401655
168 0.402763
169 0.404978
170 0.407778
171 0.409172
172 0.411864
173 0.41334
174 0.416964
175 0.419685
176 0.421034
177 0.423041
178 0.427864
179 0.427933
180 0.432773
181 0.434272
182 0.436567
183 0.439635
184 0.443984
185 0.445082
186 0.449932
187 0.451074
188 0.452643
189 0.454906
190 0.459566
191 0.462264
192 0.46449
193 0.468324
194 0.468297
195 0.470685
196 0.474216
197 0.47603
198 0.478235
199 0.481338
200 0.483463
201 0.484728
202 0.487075
203 0.490906
204 0.49135
205 0.494022
206 0.497704
207 0.498235
208 0.499657
209 0.502748
210 0.503395
211 0.506741
212 0.508288
213 0.510192
214 0.511833
215 0.51271
216 0.514257
217 0.516507
218 0.518038
219 0.520357
220 0.521027
221 0.522471
222 0.521967
223 0.524637
224 0.525678
225 0.527467
226 0.529687
227 0.531227
228 0.531165
229 0.533411
230 0.533538
231 0.53548
232 0.536417
233 0.537305
234 0.538323
235 0.540786
236 0.539929
237 0.542089
238 0.542185
239 0.543154
240 0.544297
241 0.544844
242 0.545678
243 0.545734
244 0.547345
245 0.547668
246 0.54864
247 0.549441
248 0.549691
249 0.550407
250 0.551109
251 0.551818
252 0.552795
253 0.553811
254 0.553751
255 0.55474
256 0.554606
257 0.556516
258 0.557236
259 0.558116
260 0.557183
261 0.558074
262 0.559142
263 0.559987
264 0.560384
265 0.56139
266 0.560518
267 0.561839
268 0.5627
269 0.563983
270 0.563664
271 0.5649
272 0.56399
273 0.565102
274 0.565743
275 0.566106
276 0.566853
277 0.5673
278 0.567258
279 0.56823
280 0.569047
281 0.57027
282 0.569791
283 0.570833
284 0.570527
285 0.571572
286 0.57132
287 0.573629
288 0.572716
289 0.574272
290 0.573197
291 0.574922
292 0.574304
293 0.57591
294 0.575832
295 0.576489
296 0.577023
297 0.577869
298 0.577384
299 0.578467
300 0.578758
301 0.578969
302 0.579156
303 0.580031
304 0.579659
305 0.58048
306 0.581295
307 0.581422
308 0.581368
309 0.582477
310 0.581754
311 0.58325
312 0.583903
313 0.584055
314 0.58387
315 0.5856
316 0.584789
317 0.585045
318 0.586001
319 0.586016
320 0.586849
321 0.587257
322 0.587959
323 0.588199
324 0.58903
325 0.588763
326 0.589674
327 0.589866
328 0.590288
329 0.590658
330 0.59074
331 0.592029
332 0.592126
333 0.592687
334 0.593074
335 0.5928
336 0.593172
337 0.594175
338 0.594076
339 0.594827
340 0.595519
341 0.595618
342 0.59638
343 0.59641
344 0.596891
345 0.598093
346 0.597428
347 0.598829
348 0.598493
349 0.598526
350 0.59879
351 0.599425
352 0.599742
353 0.600812
354 0.600682
355 0.601047
356 0.601702
357 0.602227
358 0.602206
359 0.603899
360 0.603289
361 0.604471
362 0.6049
363 0.605705
364 0.605576
365 0.606032
366 0.606269
367 0.60605
368 0.606269
369 0.606689
370 0.607509
371 0.607238
372 0.608037
373 0.608126
374 0.608217
375 0.607581
376 0.608136
377 0.607598
378 0.60837
379 0.609046
380 0.610448
381 0.609919
382 0.610345
383 0.609942
384 0.610709
385 0.611054
386 0.612031
387 0.611326
388 0.612032
389 0.611644
390 0.612831
391 0.612134
392 0.612958
393 0.613248
394 0.61359
395 0.613219
396 0.614336
397 0.614281
398 0.614181
399 0.614727
400 0.615142
