1 0.5
2 0.353445
3 0.288637
4 0.250149
5 0.223769
6 0.20426
7 0.189064
8 0.177026
9 0.166839
10 0.158448
11 0.151139
12 0.144675
13 0.139079
14 0.133773
15 0.12942
16 0.124798
17 0.120879
18 0.116909
19 0.113855
20 0.110896
21 0.107577
22 0.105317
23 0.102704
24 0.100041
25 0.0983893
26 0.0969395
27 0.0952709
28 0.0927591
29 0.0920705
30 0.0905533
31 0.0879186
32 0.0865466
33 0.0847841
34 0.0852589
35 0.0826375
36 0.0809848
37 0.0803842
38 0.0791622
39 0.0794107
40 0.0783872
41 0.0776676
42 0.0761867
43 0.0772492
44 0.0769502
45 0.0767367
46 0.0766559
47 0.0765567
48 0.076085
49 0.0758199
50 0.076423
51 0.0771888
52 0.076536
53 0.0767916
54 0.0767868
55 0.0773903
56 0.0772129
57 0.0792134
58 0.0775887
59 0.0778966
60 0.0781269
61 0.0783144
62 0.0785757
63 0.0789485
64 0.0779558
65 0.0787935
66 0.07895
67 0.0791513
68 0.0788907
69 0.0790684
70 0.0791407
71 0.0787943
72 0.0790224
73 0.0766815
74 0.0790058
75 0.0785283
76 0.078564
77 0.0787447
78 0.0783615
79 0.0786929
80 0.0783361
81 0.0779352
82 0.0779038
83 0.0782378
84 0.0780105
85 0.0769128
86 0.0775737
87 0.0778728
88 0.0780334
89 0.0786307
90 0.0778464
91 0.0784752
92 0.0778931
93 0.0780765
94 0.0780196
95 0.0776613
96 0.077802
97 0.0781982
98 0.0778786
99 0.0784281
100 0.0792822
101 0.078038
102 0.0774064
103 0.0777085
104 0.0784018
105 0.0797526
106 0.0793833
107 0.0786626
108 0.0799958
109 0.0794388
110 0.0792852
111 0.0796059
112 0.0799213
113 0.0803746
114 0.0799325
115 0.0804461
116 0.0801934
117 0.081177
118 0.0803193
119 0.0801094
120 0.0810731
121 0.0812057
122 0.0813944
123 0.0808139
124 0.0810036
125 0.0809587
126 0.0809623
127 0.0827096
128 0.0817394
129 0.0807648
130 0.0822084
131 0.082024
132 0.081445
133 0.0814911
134 0.0817364
135 0.0817539
136 0.0815093
137 0.081062
138 0.0813743
139 0.0812247
140 0.0810378
141 0.0818723
142 0.0816722
143 0.081375
144 0.0813146
145 0.0802729
146 0.0805823
147 0.0801257
148 0.0799161
149 0.0800152
150 0.0800938
151 0.0795445
152 0.0791584
153 0.0791727
154 0.0785848
155 0.0786841
156 0.0781307
157 0.0778954
158 0.0780739
159 0.0778778
160 0.0774753
161 0.0772727
162 0.0771411
163 0.0768481
164 0.0765014
165 0.0761413
166 0.0759893
167 0.0756477
168 0.0751061
169 0.0747625
170 0.0729441
171 0.0763282
172 0.0729646
173 0.0735982
174 0.0733056
175 0.0725348
176 0.072532
177 0.072285
178 0.0719171
179 0.0718778
180 0.0713434
181 0.0705892
182 0.070773
183 0.0705469
184 0.0704154
185 0.0697315
186 0.069622
187 0.0692215
188 0.0688914
189 0.0685761
190 0.0680448
191 0.0684591
192 0.0675207
193 0.0677155
194 0.0670841
195 0.067499
196 0.0667049
197 0.0674981
198 0.0669195
199 0.0662287
200 0.0663735
201 0.0655621
202 0.0653504
203 0.0650171
204 0.0648854
205 0.0640775
206 0.064833
207 0.0645368
208 0.0641848
209 0.0646037
210 0.0645538
211 0.0634141
212 0.0643346
213 0.0649313
214 0.0633111
215 0.0636851
216 0.0640151
217 0.0632795
218 0.0636449
219 0.0637029
220 0.0625524
221 0.0629987
222 0.0626648
223 0.0633694
224 0.0626572
225 0.0626776
226 0.062812
227 0.0622444
228 0.0630918
229 0.0622946
230 0.0624866
231 0.0624098
232 0.0621044
233 0.0623945
234 0.062622
235 0.062342
236 0.0621706
237 0.0624418
238 0.0620151
239 0.0624719
240 0.0623276
241 0.0613031
242 0.0621389
243 0.0622041
244 0.0620343
245 0.0618972
246 0.0619694
247 0.0618823
248 0.0619511
249 0.0617792
250 0.0622851
251 0.0622108
252 0.0611576
253 0.0622381
254 0.0641268
255 0.0593799
256 0.0622319
257 0.0644138
258 0.060364
259 0.061628
260 0.0623491
261 0.0617724
262 0.0614076
263 0.0616352
264 0.0625891
265 0.0616628
266 0.0612842
267 0.0620487
268 0.0620785
269 0.0615636
270 0.0623224
271 0.0612686
272 0.061784
273 0.0629045
274 0.0616454
275 0.0619333
276 0.0612618
277 0.0621687
278 0.0619689
279 0.0615108
280 0.0618992
281 0.0614832
282 0.062531
283 0.0614022
284 0.0628301
285 0.0608841
286 0.0625038
287 0.0610024
288 0.0625715
289 0.0612594
290 0.0615205
291 0.0616763
292 0.0611454
293 0.0624108
294 0.061161
295 0.0624552
296 0.0614328
297 0.0615723
298 0.0620674
299 0.0610493
300 0.0623549
301 0.0617975
302 0.0613041
303 0.0620703
304 0.0617193
305 0.0620218
306 0.0622046
307 0.0606801
308 0.060932
309 0.0620108
310 0.0618153
311 0.0615898
312 0.0616676
313 0.0620194
314 0.0615515
315 0.0626904
316 0.0620021
317 0.0619406
318 0.0617396
319 0.0615564
320 0.0615554
321 0.0620895
322 0.0617053
323 0.0618698
324 0.0619511
325 0.0614706
326 0.0620204
327 0.0611332
328 0.0615278
329 0.0615665
330 0.0619588
331 0.0615883
332 0.0617521
333 0.0619944
334 0.0618452
335 0.0616696
336 0.0615656
337 0.0616014
338 0.0617652
339 0.061291
340 0.0613381
341 0.0633412
342 0.0613566
343 0.0618958
344 0.0614134
345 0.0617912
346 0.0617217
347 0.0618534
348 0.061394
349 0.0614595
350 0.0616468
351 0.0618852
352 0.0615036
353 0.0616705
354 0.0619785
355 0.0614153
356 0.0615375
357 0.0617367
358 0.0617179
359 0.0614202
360 0.0618813
361 0.0615728
362 0.0615607
363 0.0615326
364 0.0614202
365 0.0620521
366 0.0621826
367 0.0617729
368 0.0617907
369 0.061521
370 0.0616125
371 0.0615588
372 0.0614051
373 0.0618495
374 0.0615994
375 0.06152
376 0.0617512
377 0.061569
378 0.0616715
379 0.0613852
380 0.0616493
381 0.0619906
382 0.0615094
383 0.0616169
384 0.0617777
385 0.0619819
386 0.0616696
387 0.0622156
388 0.0613051
389 0.0615292
390 0.0619377
391 0.061685
392 0.0616043
393 0.061291
394 0.0617632
395 0.0617999
396 0.0616178
397 0.0613396
398 0.0612924
399 0.0611888
400 0.0617874
