1 0.110013
2 0.110089
3 0.110241
4 0.110013
5 0.0935453
6 0.0851113
7 0.0822272
8 0.0774832
9 0.0723277
10 0.070001
11 0.066708
12 0.065037
13 0.0638671
14 0.0630077
15 0.061648
16 0.0607777
17 0.0600089
18 0.0598206
19 0.0582126
20 0.0575578
21 0.0568769
22 0.0560131
23 0.0555106
24 0.0551117
25 0.0533633
26 0.0524701
27 0.0522844
28 0.0518785
29 0.0512369
30 0.0501302
31 0.0496573
32 0.0492143
33 0.0483352
34 0.0481747
35 0.0469715
36 0.0464148
37 0.0465114
38 0.045567
39 0.0449039
40 0.0443619
41 0.0435348
42 0.0431238
43 0.042484
44 0.0421382
45 0.0414967
46 0.0409748
47 0.0405784
48 0.0401522
49 0.0397135
50 0.0395194
51 0.039125
52 0.0386103
53 0.0379694
54 0.0378902
55 0.0377878
56 0.0369514
57 0.0364908
58 0.0366164
59 0.0358789
60 0.0355034
61 0.0353915
62 0.0350871
63 0.0344887
64 0.0344138
65 0.0343975
66 0.0335598
67 0.0334437
68 0.0335446
69 0.032942
70 0.0324585
71 0.0325687
72 0.0324017
73 0.0318908
74 0.0317453
75 0.0317033
76 0.0314425
77 0.0309338
78 0.030879
79 0.0308021
80 0.0308148
81 0.0301713
82 0.0300684
83 0.0301424
84 0.0300017
85 0.0295594
86 0.029539
87 0.029387
88 0.0292793
89 0.0289569
90 0.0287439
91 0.0287013
92 0.0285983
93 0.0282972
94 0.0279816
95 0.0280549
96 0.0280699
97 0.0275863
98 0.0274437
99 0.0273517
100 0.0274365
101 0.027121
102 0.0268302
103 0.0268212
104 0.026901
105 0.0267179
106 0.0263887
107 0.026231
108 0.0262336
109 0.0261784
110 0.025887
111 0.0256917
112 0.0257191
113 0.0257848
114 0.0254872
115 0.0252343
116 0.0251521
117 0.0251601
118 0.0251712
119 0.0247935
120 0.024647
121 0.0245473
122 0.0245189
123 0.0244524
124 0.0241877
125 0.0240292
126 0.0239911
127 0.0239649
128 0.0238533
129 0.0235076
130 0.023552
131 0.0235527
132 0.02337
133 0.0233087
134 0.0231129
135 0.0229631
136 0.0229644
137 0.0228603
138 0.022881
139 0.0226545
140 0.022501
141 0.0225992
142 0.0224397
143 0.0223467
144 0.0221555
145 0.0220906
146 0.0220506
147 0.0219189
148 0.0219156
149 0.0218595
150 0.0216763
151 0.0215204
152 0.0215528
153 0.0214833
154 0.0213517
155 0.0211316
156 0.0211158
157 0.0211568
158 0.0210329
159 0.0208688
160 0.0207993
161 0.0207436
162 0.0207046
163 0.0206361
164 0.0205148
165 0.0205807
166 0.0204427
167 0.0203146
168 0.0201715
169 0.020274
170 0.0201427
171 0.0199049
172 0.0199155
173 0.0199156
174 0.0197645
175 0.0196971
176 0.019691
177 0.0194745
178 0.0194295
179 0.0194507
180 0.0193806
181 0.0192818
182 0.0191656
183 0.0190117
184 0.0190603
185 0.0189983
186 0.0189254
187 0.0188628
188 0.0187744
189 0.0186951
190 0.0187059
191 0.0186071
192 0.0185436
193 0.0185212
194 0.0183848
195 0.0183231
196 0.0183102
197 0.0182961
198 0.0181971
199 0.0181661
200 0.018145
201 0.0180368
202 0.0179928
203 0.0179758
204 0.0178733
205 0.0177629
206 0.0177757
207 0.0176446
208 0.0175386
209 0.0176146
210 0.0174757
211 0.0174635
212 0.017396
213 0.0172577
214 0.0172752
215 0.0172469
216 0.0171664
217 0.0170877
218 0.0170769
219 0.0170604
220 0.016959
221 0.0169615
222 0.0168365
223 0.0167853
224 0.0167801
225 0.0167377
226 0.0166324
227 0.0165743
228 0.0166413
229 0.0164909
230 0.0165036
231 0.0165053
232 0.0163637
233 0.0163074
234 0.0163438
235 0.0162097
236 0.0162234
237 0.0161722
238 0.016109
239 0.0160241
240 0.0160124
241 0.0160266
242 0.0159031
243 0.0158835
244 0.0159131
245 0.0157547
246 0.0157502
247 0.0157285
248 0.0155892
249 0.0156184
250 0.0156271
251 0.0155193
252 0.0154524
253 0.0154987
254 0.0154346
255 0.0153752
256 0.0153619
257 0.0152992
258 0.0152441
259 0.0152533
260 0.0152129
261 0.0151213
262 0.0150945
263 0.0150759
264 0.0150178
265 0.0149544
266 0.0149586
267 0.0150251
268 0.0148639
269 0.014853
270 0.0148161
271 0.014844
272 0.0147927
273 0.0147461
274 0.014684
275 0.0146147
276 0.0146285
277 0.0145723
278 0.0145023
279 0.0145142
280 0.0144781
281 0.0144385
282 0.0143536
283 0.0143488
284 0.0143053
285 0.014282
286 0.0142598
287 0.0142296
288 0.0141509
289 0.0141322
290 0.0141255
291 0.0140833
292 0.0140515
293 0.0140078
294 0.0139916
295 0.0139603
296 0.0139096
297 0.0139085
298 0.0138085
299 0.0138181
300 0.0137742
301 0.0137176
302 0.013677
303 0.0136397
304 0.0136662
305 0.0135899
306 0.0135548
307 0.0135902
308 0.0135106
309 0.0134534
310 0.0134589
311 0.0134344
312 0.0133846
313 0.0133502
314 0.0133593
315 0.0132837
316 0.0132668
317 0.0132553
318 0.013215
319 0.0131821
320 0.0131718
321 0.0131787
322 0.0131387
323 0.013101
324 0.013081
325 0.0130601
326 0.0129613
327 0.013004
328 0.0130206
329 0.0129519
330 0.01292
331 0.0128648
332 0.0128791
333 0.0128177
334 0.0127639
335 0.0127442
336 0.0126942
337 0.012627
338 0.0126404
339 0.0126681
340 0.0125642
341 0.0125968
342 0.0125686
343 0.0125551
344 0.0125064
345 0.0124905
346 0.0124497
347 0.0124333
348 0.0124013
349 0.012342
350 0.0123152
351 0.012311
352 0.0123236
353 0.0122503
354 0.0122365
355 0.012204
356 0.0121773
357 0.0121861
358 0.0122167
359 0.0121856
360 0.0121346
361 0.0121301
362 0.012088
363 0.0120943
364 0.0120137
365 0.0120671
366 0.0120277
367 0.0119777
368 0.0119395
369 0.0118942
370 0.0118703
371 0.0118915
372 0.0118838
373 0.0118873
374 0.0118249
375 0.0117464
376 0.0117671
377 0.0117751
378 0.011754
379 0.0116751
380 0.0116391
381 0.0116463
382 0.0116439
383 0.0116077
384 0.0115817
385 0.011595
386 0.0115143
387 0.0115427
388 0.0115443
389 0.011536
390 0.0114906
391 0.0114214
392 0.0114413
393 0.01141
394 0.0113897
395 0.0113464
396 0.0113335
397 0.0113434
398 0.0112493
399 0.0112774
400 0.0112635
