1 0.50004
2 0.499821
3 0.499759
4 0.500623
5 0.515788
6 0.525629
7 0.52821
8 0.532811
9 0.538052
10 0.540158
11 0.543837
12 0.544816
13 0.546177
14 0.54719
15 0.548516
16 0.549787
17 0.550378
18 0.550035
19 0.552022
20 0.552883
21 0.553314
22 0.555006
23 0.554642
24 0.554273
25 0.556583
26 0.557726
27 0.558419
28 0.557944
29 0.559012
30 0.560571
31 0.560369
32 0.560732
33 0.5605
34 0.562355
35 0.563107
36 0.563633
37 0.563998
38 0.564595
39 0.565181
40 0.565384
41 0.566723
42 0.567927
43 0.567639
44 0.566599
45 0.568354
46 0.569341
47 0.569468
48 0.569227
49 0.570119
50 0.571255
51 0.570622
52 0.571123
53 0.572431
54 0.571773
55 0.571941
56 0.573512
57 0.572449
58 0.573571
59 0.574054
60 0.574307
61 0.573881
62 0.57462
63 0.574764
64 0.575589
65 0.575105
66 0.576763
67 0.577333
68 0.577351
69 0.577526
70 0.578567
71 0.577532
72 0.577761
73 0.577884
74 0.578646
75 0.577677
76 0.578748
77 0.578544
78 0.579333
79 0.57916
80 0.578897
81 0.580899
82 0.579995
83 0.579931
84 0.580625
85 0.579837
86 0.580739
87 0.580734
88 0.580468
89 0.581068
90 0.58093
91 0.581624
92 0.581392
93 0.581095
94 0.582346
95 0.581296
96 0.58204
97 0.582169
98 0.583413
99 0.582538
100 0.582917
101 0.582947
102 0.583531
103 0.58326
104 0.583083
105 0.583074
106 0.583548
107 0.584202
108 0.583543
109 0.583768
110 0.583938
111 0.583846
112 0.58423
113 0.584553
114 0.584115
115 0.584525
116 0.585189
117 0.585339
118 0.585863
119 0.585661
120 0.585205
121 0.58569
122 0.585349
123 0.585729
124 0.585863
125 0.585492
126 0.586127
127 0.587371
128 0.586363
129 0.585911
130 0.586938
131 0.586894
132 0.586704
133 0.586147
134 0.586895
135 0.587277
136 0.586625
137 0.587069
138 0.587738
139 0.587575
140 0.587799
141 0.587417
142 0.587722
143 0.587673
144 0.588719
145 0.588131
146 0.587794
147 0.588843
148 0.588143
149 0.588364
150 0.588532
151 0.588139
152 0.5881
153 0.588673
154 0.588997
155 0.589028
156 0.588846
157 0.589007
158 0.588796
159 0.588482
160 0.589388
161 0.589173
162 0.58969
163 0.590429
164 0.589073
165 0.589281
166 0.589856
167 0.589322
168 0.590108
169 0.589776
170 0.590014
171 0.590581
172 0.590428
173 0.589817
174 0.590828
175 0.59038
176 0.59004
177 0.590183
178 0.59088
179 0.591407
180 0.590459
181 0.589928
182 0.591149
183 0.590446
184 0.591077
185 0.591205
186 0.591338
187 0.59113
188 0.59149
189 0.591852
190 0.591417
191 0.591491
192 0.59282
193 0.590771
194 0.591086
195 0.592014
196 0.591417
197 0.591783
198 0.59203
199 0.591494
200 0.591803
201 0.592497
202 0.592375
203 0.591949
204 0.593035
205 0.592006
206 0.592597
207 0.592434
208 0.591863
209 0.592377
210 0.592233
211 0.592979
212 0.593117
213 0.591921
214 0.592418
215 0.59321
216 0.59383
217 0.593258
218 0.593345
219 0.592747
220 0.592654
221 0.592545
222 0.594414
223 0.592682
224 0.594303
225 0.592946
226 0.593455
227 0.593063
228 0.593655
229 0.594079
230 0.593853
231 0.592658
232 0.594038
233 0.593486
234 0.593103
235 0.593951
236 0.593205
237 0.593675
238 0.593808
239 0.593642
240 0.594413
241 0.594164
242 0.595088
243 0.594952
244 0.595109
245 0.594338
246 0.594309
247 0.59495
248 0.595218
249 0.594362
250 0.593986
251 0.594545
252 0.594568
253 0.59468
254 0.593845
255 0.594394
256 0.594778
257 0.594289
258 0.594916
259 0.594391
260 0.594657
261 0.595971
262 0.594521
263 0.595241
264 0.595222
265 0.595399
266 0.595733
267 0.595768
268 0.595145
269 0.595183
270 0.595407
271 0.594787
272 0.595216
273 0.594963
274 0.595148
275 0.595882
276 0.596021
277 0.595601
278 0.595345
279 0.594824
280 0.595379
281 0.59586
282 0.594946
283 0.595757
284 0.595861
285 0.596173
286 0.596451
287 0.596231
288 0.594878
289 0.596003
290 0.596166
291 0.595752
292 0.596296
293 0.596605
294 0.595159
295 0.596989
296 0.596692
297 0.596502
298 0.596556
299 0.595551
300 0.596094
301 0.596427
302 0.597291
303 0.596339
304 0.596805
305 0.596394
306 0.596384
307 0.596335
308 0.596567
309 0.596569
310 0.59629
311 0.596218
312 0.596526
313 0.597031
314 0.597072
315 0.59646
316 0.596451
317 0.596825
318 0.596264
319 0.597339
320 0.597229
321 0.596485
322 0.596821
323 0.597784
324 0.597013
325 0.597364
326 0.59716
327 0.597357
328 0.596974
329 0.59827
330 0.597065
331 0.598083
332 0.598243
333 0.597424
334 0.596493
335 0.596789
336 0.597367
337 0.597424
338 0.59772
339 0.597516
340 0.597402
341 0.597374
342 0.597803
343 0.597253
344 0.597239
345 0.597891
346 0.598014
347 0.597499
348 0.597328
349 0.597175
350 0.597721
351 0.597526
352 0.597933
353 0.598556
354 0.597357
355 0.598229
356 0.597714
357 0.598365
358 0.59769
359 0.597826
360 0.5975
361 0.597678
362 0.599244
363 0.598129
364 0.597618
365 0.59883
366 0.597807
367 0.598143
368 0.598483
369 0.598722
370 0.597872
371 0.598135
372 0.598937
373 0.598721
374 0.598882
375 0.598734
376 0.598804
377 0.598624
378 0.597918
379 0.59843
380 0.598559
381 0.598181
382 0.598115
383 0.598568
384 0.597254
385 0.597766
386 0.599043
387 0.598303
388 0.598342
389 0.5983
390 0.597813
391 0.598702
392 0.5994
393 0.599421
394 0.59796
395 0.598852
396 0.598287
397 0.598828
398 0.59873
399 0.599185
400 0.598345
