1 0.333823
2 0.333497
3 0.333238
4 0.333456
5 0.344425
6 0.356546
7 0.36691
8 0.376909
9 0.386833
10 0.395721
11 0.404157
12 0.411837
13 0.41876
14 0.424935
15 0.430658
16 0.435863
17 0.440684
18 0.445082
19 0.449376
20 0.453374
21 0.457174
22 0.460785
23 0.464188
24 0.467363
25 0.470601
26 0.473722
27 0.476679
28 0.479505
29 0.482232
30 0.484924
31 0.487569
32 0.490093
33 0.49261
34 0.494982
35 0.497417
36 0.499766
37 0.50201
38 0.504217
39 0.506405
40 0.50857
41 0.510694
42 0.512789
43 0.514865
44 0.516863
45 0.518859
46 0.52082
47 0.52276
48 0.524639
49 0.526496
50 0.528294
51 0.530081
52 0.531853
53 0.533581
54 0.535285
55 0.53696
56 0.538596
57 0.540214
58 0.541829
59 0.543421
60 0.544995
61 0.546518
62 0.54805
63 0.549525
64 0.551017
65 0.552444
66 0.553911
67 0.555324
68 0.556717
69 0.558086
70 0.559474
71 0.56081
72 0.562121
73 0.563483
74 0.56474
75 0.565988
76 0.56723
77 0.568496
78 0.569718
79 0.570903
80 0.572091
81 0.573285
82 0.574446
83 0.575592
84 0.576699
85 0.577847
86 0.578945
87 0.580027
88 0.581089
89 0.582138
90 0.583201
91 0.584228
92 0.58528
93 0.586307
94 0.587306
95 0.5883
96 0.589276
97 0.590262
98 0.591227
99 0.59219
100 0.593113
101 0.594042
102 0.595001
103 0.595892
104 0.596805
105 0.597674
106 0.598578
107 0.599467
108 0.600335
109 0.601195
110 0.602057
111 0.602904
112 0.603753
113 0.604593
114 0.605385
115 0.606215
116 0.607031
117 0.607814
118 0.608634
119 0.609424
120 0.61021
121 0.610991
122 0.611754
123 0.612511
124 0.613279
125 0.614035
126 0.614777
127 0.615524
128 0.616269
129 0.616997
130 0.617735
131 0.618452
132 0.619169
133 0.619886
134 0.62058
135 0.621284
136 0.621983
137 0.622674
138 0.623356
139 0.624029
140 0.624708
141 0.625368
142 0.626032
143 0.626692
144 0.627358
145 0.628018
146 0.628653
147 0.629278
148 0.629914
149 0.630551
150 0.631178
151 0.631801
152 0.632425
153 0.63303
154 0.633646
155 0.634261
156 0.634859
157 0.635464
158 0.636055
159 0.636645
160 0.637237
161 0.637822
162 0.638395
163 0.638964
164 0.639548
165 0.64011
166 0.640668
167 0.64123
168 0.641797
169 0.642358
170 0.642953
171 0.643377
172 0.643999
173 0.644552
174 0.645095
175 0.645629
176 0.646169
177 0.646703
178 0.647215
179 0.647751
180 0.648271
181 0.648786
182 0.649295
183 0.649814
184 0.650331
185 0.650843
186 0.651328
187 0.651853
188 0.652353
189 0.652849
190 0.653337
191 0.653832
192 0.654323
193 0.654809
194 0.655289
195 0.655739
196 0.656246
197 0.656701
198 0.657194
199 0.65768
200 0.658138
201 0.658605
202 0.659066
203 0.659531
204 0.659987
205 0.66046
206 0.660876
207 0.661327
208 0.661784
209 0.66224
210 0.662666
211 0.663113
212 0.66357
213 0.664023
214 0.664455
215 0.664889
216 0.665317
217 0.665743
218 0.666172
219 0.66661
220 0.667021
221 0.667447
222 0.667874
223 0.668286
224 0.668707
225 0.669123
226 0.669543
227 0.66995
228 0.670367
229 0.670772
230 0.671179
231 0.67158
232 0.671977
233 0.672368
234 0.672764
235 0.673168
236 0.673568
237 0.673956
238 0.674347
239 0.674722
240 0.675127
241 0.675543
242 0.675892
243 0.676285
244 0.676649
245 0.677027
246 0.677413
247 0.677791
248 0.678158
249 0.678533
250 0.678903
251 0.679268
252 0.679641
253 0.680019
254 0.680392
255 0.680797
256 0.681097
257 0.681391
258 0.681789
259 0.682168
260 0.682522
261 0.682878
262 0.683239
263 0.683586
264 0.683934
265 0.684282
266 0.684629
267 0.684962
268 0.685316
269 0.68566
270 0.685988
271 0.686338
272 0.686664
273 0.686959
274 0.687325
275 0.687663
276 0.68799
277 0.688319
278 0.68865
279 0.688977
280 0.689302
281 0.689626
282 0.689955
283 0.690276
284 0.690605
285 0.690918
286 0.691243
287 0.691556
288 0.691873
289 0.692192
290 0.69251
291 0.692818
292 0.693122
293 0.693461
294 0.693752
295 0.69406
296 0.694371
297 0.694675
298 0.694987
299 0.695287
300 0.695596
301 0.695895
302 0.696188
303 0.696496
304 0.696793
305 0.697084
306 0.69739
307 0.69772
308 0.697971
309 0.698273
310 0.698569
311 0.698861
312 0.699146
313 0.69943
314 0.699723
315 0.699971
316 0.700294
317 0.700573
318 0.700864
319 0.70115
320 0.701432
321 0.701713
322 0.701997
323 0.702276
324 0.70256
325 0.702838
326 0.703105
327 0.703398
328 0.703668
329 0.70395
330 0.70421
331 0.704494
332 0.704753
333 0.705019
334 0.70529
335 0.705569
336 0.705837
337 0.7061
338 0.70637
339 0.706641
340 0.706898
341 0.707109
342 0.707444
343 0.70768
344 0.707939
345 0.7082
346 0.708455
347 0.708717
348 0.708979
349 0.709242
350 0.709496
351 0.709744
352 0.710005
353 0.710255
354 0.710518
355 0.710772
356 0.711012
357 0.711275
358 0.711528
359 0.711766
360 0.712021
361 0.712266
362 0.712516
363 0.712763
364 0.713005
365 0.713266
366 0.713484
367 0.713742
368 0.713983
369 0.714218
370 0.714462
371 0.714701
372 0.714932
373 0.715178
374 0.715416
375 0.715657
376 0.715885
377 0.716122
378 0.71635
379 0.716586
380 0.716813
381 0.717036
382 0.717285
383 0.717528
384 0.717746
385 0.717959
386 0.718198
387 0.71843
388 0.718656
389 0.718885
390 0.719094
391 0.719341
392 0.71956
393 0.719784
394 0.720008
395 0.720222
396 0.720449
397 0.72067
398 0.720905
399 0.721114
400 0.721334
