1 0.120584
2 0.120584
3 0.120584
4 0.120584
5 0.120584
6 0.120584
7 0.120584
8 0.120584
9 0.120584
10 0.120584
11 0.120584
12 0.120584
13 0.120584
14 0.120584
15 0.120584
16 0.120584
17 0.120584
18 0.120584
19 0.120584
20 0.120584
21 0.120584
22 0.120584
23 0.120584
24 0.120584
25 0.120584
26 0.101402
27 0.0950862
28 0.0942111
29 0.0904318
30 0.0869758
31 0.0858475
32 0.0848331
33 0.082537
34 0.0815075
35 0.0814778
36 0.0796583
37 0.0788476
38 0.0785885
39 0.0777299
40 0.0769006
41 0.0764849
42 0.0762299
43 0.0754121
44 0.0750416
45 0.0749737
46 0.0743404
47 0.073897
48 0.0738018
49 0.0734284
50 0.0730522
51 0.0634817
52 0.0606987
53 0.0578938
54 0.0556706
55 0.0540203
56 0.0524784
57 0.0513477
58 0.0495218
59 0.0486794
60 0.048118
61 0.0467887
62 0.0461629
63 0.0453453
64 0.0447485
65 0.0440577
66 0.0434699
67 0.0432004
68 0.0425405
69 0.0419397
70 0.0416197
71 0.0412155
72 0.0406361
73 0.040407
74 0.0400829
75 0.0397229
76 0.037967
77 0.0368893
78 0.0352537
79 0.0340992
80 0.0330071
81 0.0319648
82 0.0310067
83 0.0300893
84 0.0293412
85 0.0285149
86 0.0278508
87 0.0271784
88 0.0266094
89 0.0260214
90 0.025536
91 0.024996
92 0.0245427
93 0.0240362
94 0.023641
95 0.0232822
96 0.0227723
97 0.0224564
98 0.0221273
99 0.0217423
100 0.0215206
101 0.0211499
102 0.0209406
103 0.0205765
104 0.0202207
105 0.0201635
106 0.0198404
107 0.019529
108 0.0193351
109 0.0190359
110 0.0188048
111 0.018629
112 0.0184328
113 0.0182467
114 0.0180049
115 0.017841
116 0.0175971
117 0.0173919
118 0.0172589
119 0.0170604
120 0.0168607
121 0.0167739
122 0.0165938
123 0.016418
124 0.0162742
125 0.0161177
126 0.0160145
127 0.015821
128 0.0157237
129 0.0155546
130 0.0153891
131 0.015327
132 0.0151652
133 0.0150511
134 0.014946
135 0.0147163
136 0.0146853
137 0.0145057
138 0.0144616
139 0.0143429
140 0.0141826
141 0.014113
142 0.0139969
143 0.0138502
144 0.0137868
145 0.0136883
146 0.0135794
147 0.0134697
148 0.0133699
149 0.0132221
150 0.0132036
151 0.0130985
152 0.0129813
153 0.0129043
154 0.0128738
155 0.0127266
156 0.0126975
157 0.0124889
158 0.0124538
159 0.0124063
160 0.0123219
161 0.0121688
162 0.012136
163 0.0120911
164 0.011993
165 0.0119868
166 0.0118557
167 0.0117337
168 0.0116997
169 0.0115668
170 0.0115373
171 0.0114581
172 0.0114166
173 0.0113741
174 0.0113016
175 0.0112017
176 0.0111883
177 0.0111223
178 0.0110608
179 0.0110062
180 0.0108942
181 0.010779
182 0.0107758
183 0.0106625
184 0.0106526
185 0.0105903
186 0.0105227
187 0.0104884
188 0.0104265
189 0.0104013
190 0.0102806
191 0.0103122
192 0.0101698
193 0.0101462
194 0.0100697
195 0.0100426
196 0.0100315
197 0.00990613
198 0.00990023
199 0.00989269
200 0.00982359
201 0.00977009
202 0.00970922
203 0.00965465
204 0.00961447
205 0.00957986
206 0.009539
207 0.00950155
208 0.00945548
209 0.00937484
210 0.00931953
211 0.00928759
212 0.0092618
213 0.0092239
214 0.00915196
215 0.00911247
216 0.0090661
217 0.00903233
218 0.0089725
219 0.00893535
220 0.00897576
221 0.00883951
222 0.00886568
223 0.00884912
224 0.00878825
225 0.00877138
226 0.00871434
227 0.00865204
228 0.00863629
229 0.0086058
230 0.00857201
231 0.00856299
232 0.00850353
233 0.00841486
234 0.00841921
235 0.00835651
236 0.00836871
237 0.00826651
238 0.00827654
239 0.00826763
240 0.00822315
241 0.00816891
242 0.00815818
243 0.00810498
244 0.0080575
245 0.00806249
246 0.00802167
247 0.00797811
248 0.00795908
249 0.00795476
250 0.0078534
251 0.00789323
252 0.00789399
253 0.00784484
254 0.00780785
255 0.00773442
256 0.00770329
257 0.00768696
258 0.00769486
259 0.00761875
260 0.00762645
261 0.00760824
262 0.00757973
263 0.00753778
264 0.00749774
265 0.00746984
266 0.00746093
267 0.00743945
268 0.00744364
269 0.00739915
270 0.00735702
271 0.00732988
272 0.00733195
273 0.00724621
274 0.00724403
275 0.00719829
276 0.00719757
277 0.00719656
278 0.00720466
279 0.00712747
280 0.00706654
281 0.00709324
282 0.0070592
283 0.0070231
284 0.00702893
285 0.00702534
286 0.00696209
287 0.00696019
288 0.00692852
289 0.00692424
290 0.00690411
291 0.00683789
292 0.00685006
293 0.00681486
294 0.00679121
295 0.006785
296 0.00677505
297 0.00676633
298 0.00672844
299 0.00672899
300 0.00666964
301 0.0066701
302 0.00664785
303 0.00663123
304 0.00661016
305 0.00660177
306 0.0065384
307 0.00653577
308 0.00653089
309 0.00649374
310 0.00645898
311 0.00646459
312 0.0064438
313 0.0064319
314 0.00639941
315 0.00642472
316 0.00636806
317 0.00640418
318 0.00636979
319 0.00633312
320 0.00631674
321 0.00628291
322 0.00626528
323 0.00629591
324 0.00623324
325 0.00625543
326 0.00620187
327 0.0062017
328 0.00617476
329 0.00612495
330 0.00613214
331 0.00611319
332 0.00609591
333 0.00608042
334 0.00605403
335 0.00604634
336 0.00605099
337 0.00601033
338 0.00600661
339 0.00600378
340 0.0060198
341 0.00598134
342 0.00591553
343 0.00595424
344 0.00592256
345 0.0058773
346 0.00589471
347 0.00586986
348 0.00587862
349 0.00581254
350 0.00582195
351 0.00582868
352 0.00579627
353 0.00580669
354 0.00576661
355 0.00575702
356 0.00575911
357 0.00572588
358 0.00575694
359 0.00571329
360 0.00568765
361 0.00565685
362 0.00569475
363 0.00564533
364 0.00561147
365 0.00563675
366 0.00559868
367 0.00559014
368 0.00560526
369 0.0055355
370 0.00555285
371 0.00555118
372 0.00550915
373 0.00551159
374 0.00547327
375 0.00551938
376 0.00547058
377 0.00545811
378 0.00545244
379 0.00544906
380 0.00543269
381 0.00540324
382 0.00541407
383 0.00537955
384 0.00538035
385 0.0053696
386 0.00534595
387 0.00538721
388 0.00531073
389 0.00532851
390 0.00529901
391 0.00529539
392 0.00527541
393 0.00523965
394 0.00524337
395 0.00523017
396 0.00523433
397 0.00523585
398 0.0052388
399 0.00518985
400 0.0052036
