1 0.299581
2 0.299955
3 0.299542
4 0.300402
5 0.299414
6 0.299939
7 0.300154
8 0.300717
9 0.299969
10 0.299308
11 0.299471
12 0.300215
13 0.299715
14 0.300383
15 0.299478
16 0.30055
17 0.299518
18 0.299933
19 0.299956
20 0.299716
21 0.299483
22 0.300377
23 0.299404
24 0.300209
25 0.299562
26 0.318655
27 0.325281
28 0.326227
29 0.330737
30 0.333928
31 0.334347
32 0.335335
33 0.337996
34 0.33807
35 0.338832
36 0.340596
37 0.341384
38 0.341024
39 0.343481
40 0.344456
41 0.343582
42 0.344176
43 0.344612
44 0.345978
45 0.346735
46 0.345852
47 0.346331
48 0.346293
49 0.347045
50 0.347873
51 0.356731
52 0.359774
53 0.362285
54 0.365508
55 0.366665
56 0.368602
57 0.368167
58 0.3709
59 0.371945
60 0.372801
61 0.373445
62 0.374037
63 0.375447
64 0.375287
65 0.376744
66 0.376753
67 0.377332
68 0.378027
69 0.378142
70 0.379122
71 0.378936
72 0.380119
73 0.38002
74 0.380341
75 0.380179
76 0.3829
77 0.383796
78 0.384939
79 0.387176
80 0.387427
81 0.388176
82 0.389019
83 0.390817
84 0.391009
85 0.391651
86 0.392311
87 0.392765
88 0.393695
89 0.394214
90 0.395482
91 0.395053
92 0.395833
93 0.395963
94 0.396348
95 0.397622
96 0.398083
97 0.398169
98 0.397593
99 0.398472
100 0.39958
101 0.399302
102 0.399704
103 0.400332
104 0.400578
105 0.400099
106 0.400856
107 0.399978
108 0.400935
109 0.400906
110 0.401986
111 0.401634
112 0.402101
113 0.402342
114 0.402959
115 0.402643
116 0.40193
117 0.403798
118 0.403549
119 0.403873
120 0.40353
121 0.403484
122 0.403773
123 0.403864
124 0.404576
125 0.404295
126 0.405048
127 0.405275
128 0.404849
129 0.403876
130 0.404743
131 0.404499
132 0.404847
133 0.404764
134 0.40564
135 0.405993
136 0.405325
137 0.406399
138 0.406209
139 0.405308
140 0.40608
141 0.406516
142 0.407419
143 0.406483
144 0.406565
145 0.407389
146 0.405952
147 0.406613
148 0.406573
149 0.407013
150 0.406532
151 0.408108
152 0.407459
153 0.407565
154 0.408437
155 0.408086
156 0.40847
157 0.407622
158 0.407516
159 0.407565
160 0.408433
161 0.408451
162 0.408965
163 0.408952
164 0.40869
165 0.408727
166 0.40937
167 0.407782
168 0.408693
169 0.408681
170 0.408727
171 0.409029
172 0.409017
173 0.408898
174 0.40887
175 0.40883
176 0.408942
177 0.410082
178 0.409002
179 0.40911
180 0.409708
181 0.408953
182 0.409545
183 0.409327
184 0.40907
185 0.410054
186 0.411038
187 0.409996
188 0.409688
189 0.410163
190 0.409333
191 0.410054
192 0.410258
193 0.410307
194 0.410065
195 0.410022
196 0.411164
197 0.41107
198 0.410265
199 0.411054
200 0.410365
201 0.411187
202 0.411902
203 0.411248
204 0.411511
205 0.411091
206 0.411216
207 0.41166
208 0.41121
209 0.411098
210 0.411521
211 0.410914
212 0.411608
213 0.410679
214 0.411084
215 0.411609
216 0.410596
217 0.411717
218 0.410953
219 0.412175
220 0.411855
221 0.411724
222 0.412675
223 0.412331
224 0.412036
225 0.411362
226 0.412194
227 0.411151
228 0.412447
229 0.412539
230 0.412075
231 0.411359
232 0.411545
233 0.412108
234 0.412692
235 0.412313
236 0.412084
237 0.413158
238 0.41196
239 0.411311
240 0.411438
241 0.412469
242 0.412412
243 0.412138
244 0.412232
245 0.412909
246 0.412437
247 0.412996
248 0.411506
249 0.412506
250 0.412812
251 0.412595
252 0.412687
253 0.41332
254 0.412945
255 0.411936
256 0.413207
257 0.413393
258 0.412163
259 0.412052
260 0.412642
261 0.412809
262 0.413942
263 0.413382
264 0.413229
265 0.413331
266 0.413304
267 0.412607
268 0.412768
269 0.412856
270 0.412962
271 0.413461
272 0.413164
273 0.412811
274 0.412768
275 0.413027
276 0.41263
277 0.413364
278 0.412818
279 0.412803
280 0.413419
281 0.412977
282 0.413185
283 0.414055
284 0.414004
285 0.412947
286 0.413628
287 0.413225
288 0.413501
289 0.41404
290 0.413058
291 0.413732
292 0.414354
293 0.41398
294 0.413686
295 0.413738
296 0.413294
297 0.414465
298 0.413918
299 0.414461
300 0.414455
301 0.414094
302 0.413585
303 0.414145
304 0.41431
305 0.413567
306 0.413593
307 0.413537
308 0.413425
309 0.413137
310 0.414579
311 0.414131
312 0.414433
313 0.4139
314 0.413815
315 0.413659
316 0.413924
317 0.414062
318 0.414453
319 0.414524
320 0.414151
321 0.414418
322 0.414852
323 0.414443
324 0.414737
325 0.413879
326 0.413534
327 0.414017
328 0.414234
329 0.414089
330 0.413724
331 0.41414
332 0.415192
333 0.414667
334 0.413865
335 0.412872
336 0.414357
337 0.414714
338 0.414757
339 0.414993
340 0.414283
341 0.415338
342 0.414478
343 0.413878
344 0.415209
345 0.414788
346 0.41443
347 0.414822
348 0.415412
349 0.414595
350 0.414556
351 0.416034
352 0.41452
353 0.414617
354 0.414416
355 0.415107
356 0.414446
357 0.414353
358 0.414244
359 0.414411
360 0.414555
361 0.414442
362 0.413908
363 0.415434
364 0.414459
365 0.414715
366 0.415174
367 0.415655
368 0.415424
369 0.415103
370 0.414842
371 0.414991
372 0.415014
373 0.415299
374 0.415004
375 0.41552
376 0.414628
377 0.414655
378 0.415644
379 0.414867
380 0.414683
381 0.414245
382 0.414702
383 0.414642
384 0.415148
385 0.415653
386 0.415558
387 0.415085
388 0.414849
389 0.415145
390 0.41479
391 0.415525
392 0.414754
393 0.415768
394 0.415195
395 0.415213
396 0.415121
397 0.41492
398 0.41498
399 0.41551
400 0.415608
