1 0.666951
2 0.666618
3 0.733204
4 0.733421
5 0.771651
6 0.771549
7 0.796891
8 0.796956
9 0.815478
10 0.81531
11 0.829387
12 0.829476
13 0.840837
14 0.840761
15 0.850036
16 0.849889
17 0.857782
18 0.857874
19 0.864752
20 0.864657
21 0.870433
22 0.870549
23 0.875657
24 0.875754
25 0.880182
26 0.881303
27 0.884209
28 0.885541
29 0.887801
30 0.889077
31 0.890791
32 0.892054
33 0.893647
34 0.894643
35 0.896042
36 0.897086
37 0.898423
38 0.899366
39 0.900346
40 0.901363
41 0.902287
42 0.903068
43 0.904162
44 0.904649
45 0.905432
46 0.906163
47 0.90699
48 0.907534
49 0.908264
50 0.908783
51 0.909534
52 0.910234
53 0.910729
54 0.911509
55 0.912253
56 0.91279
57 0.913525
58 0.914285
59 0.914972
60 0.915779
61 0.916377
62 0.916973
63 0.917506
64 0.918092
65 0.918902
66 0.919626
67 0.920348
68 0.921
69 0.921615
70 0.922306
71 0.922826
72 0.923356
73 0.923931
74 0.924343
75 0.924958
76 0.925465
77 0.92589
78 0.926492
79 0.926943
80 0.927468
81 0.92797
82 0.928439
83 0.928878
84 0.929295
85 0.929731
86 0.930085
87 0.930665
88 0.931034
89 0.931436
90 0.931737
91 0.932328
92 0.932707
93 0.933079
94 0.933381
95 0.93383
96 0.934165
97 0.93449
98 0.934863
99 0.935221
100 0.935624
101 0.935851
102 0.936359
103 0.936601
104 0.936903
105 0.937331
106 0.937632
107 0.937861
108 0.93803
109 0.93837
110 0.938738
111 0.938958
112 0.939223
113 0.939508
114 0.939764
115 0.94014
116 0.940219
117 0.940579
118 0.940603
119 0.94094
120 0.941142
121 0.941431
122 0.94168
123 0.941875
124 0.942268
125 0.942388
126 0.942643
127 0.942844
128 0.943141
129 0.943407
130 0.943501
131 0.943631
132 0.943906
133 0.944062
134 0.94427
135 0.94452
136 0.944763
137 0.944924
138 0.945108
139 0.945353
140 0.945608
141 0.945813
142 0.946039
143 0.946135
144 0.946366
145 0.946599
146 0.946716
147 0.946835
148 0.94691
149 0.947102
150 0.947255
151 0.947545
152 0.947656
153 0.947895
154 0.94802
155 0.948305
156 0.948394
157 0.948528
158 0.948698
159 0.948902
160 0.9491
161 0.949296
162 0.949352
163 0.949526
164 0.949634
165 0.949923
166 0.950026
167 0.9502
168 0.950424
169 0.950473
170 0.95062
171 0.950722
172 0.950987
173 0.951079
174 0.951182
175 0.951315
176 0.951464
177 0.951691
178 0.951824
179 0.951966
180 0.952021
181 0.952055
182 0.952263
183 0.952406
184 0.95247
185 0.952641
186 0.952798
187 0.952968
188 0.953076
189 0.952996
190 0.953251
191 0.95337
192 0.953498
193 0.953596
194 0.953683
195 0.953857
196 0.953957
197 0.954084
198 0.954266
199 0.954298
200 0.95444
201 0.954567
202 0.954609
203 0.954682
204 0.954771
205 0.954868
206 0.954979
207 0.955058
208 0.955056
209 0.955212
210 0.955324
211 0.955425
212 0.955484
213 0.955611
214 0.955645
215 0.955777
216 0.955869
217 0.955988
218 0.956191
219 0.95619
220 0.956318
221 0.956419
222 0.956546
223 0.956542
224 0.95672
225 0.956766
226 0.956994
227 0.956991
228 0.957201
229 0.957267
230 0.95736
231 0.957464
232 0.957566
233 0.957655
234 0.957779
235 0.957892
236 0.958031
237 0.958042
238 0.958099
239 0.958184
240 0.958338
241 0.958354
242 0.958459
243 0.95854
244 0.958596
245 0.958724
246 0.958736
247 0.958751
248 0.958879
249 0.958917
250 0.959081
251 0.959068
252 0.9592
253 0.959342
254 0.959407
255 0.959479
256 0.959562
257 0.959593
258 0.959635
259 0.959709
260 0.959777
261 0.959882
262 0.959971
263 0.959998
264 0.960132
265 0.960153
266 0.960321
267 0.960317
268 0.960352
269 0.960535
270 0.960528
271 0.960624
272 0.960712
273 0.96075
274 0.960837
275 0.960903
276 0.961002
277 0.961017
278 0.961158
279 0.96118
280 0.961321
281 0.961414
282 0.961466
283 0.961469
284 0.961571
285 0.961622
286 0.961683
287 0.961766
288 0.961849
289 0.961908
290 0.962048
291 0.962125
292 0.962161
293 0.962186
294 0.962315
295 0.962375
296 0.962395
297 0.962449
298 0.962457
299 0.96252
300 0.96261
301 0.962752
302 0.96274
303 0.962814
304 0.962982
305 0.96307
306 0.963068
307 0.963184
308 0.963195
309 0.963238
310 0.963345
311 0.963416
312 0.963472
313 0.963549
314 0.963588
315 0.963647
316 0.963699
317 0.963771
318 0.963835
319 0.963789
320 0.963887
321 0.963979
322 0.96399
323 0.963979
324 0.9641
325 0.964196
326 0.964164
327 0.964192
328 0.964225
329 0.964293
330 0.964359
331 0.964336
332 0.964401
333 0.964436
334 0.964527
335 0.964539
336 0.964727
337 0.964709
338 0.964685
339 0.964764
340 0.964753
341 0.964864
342 0.964913
343 0.964926
344 0.964965
345 0.965058
346 0.965129
347 0.965167
348 0.965261
349 0.965278
350 0.965321
351 0.965358
352 0.9654
353 0.96545
354 0.965454
355 0.965533
356 0.965531
357 0.965573
358 0.965661
359 0.96572
360 0.965741
361 0.965811
362 0.965837
363 0.965872
364 0.965989
365 0.965984
366 0.966016
367 0.966047
368 0.966106
369 0.966209
370 0.966181
371 0.966251
372 0.966255
373 0.966267
374 0.966384
375 0.966464
376 0.966546
377 0.966547
378 0.966618
379 0.966653
380 0.966673
381 0.966762
382 0.966817
383 0.966851
384 0.966927
385 0.966916
386 0.966916
387 0.966986
388 0.967039
389 0.967121
390 0.967143
391 0.967184
392 0.967251
393 0.967261
394 0.967279
395 0.96735
396 0.967426
397 0.967422
398 0.9674
399 0.967492
400 0.967514
