1 0.0780356
2 0.0780356
3 0.0780356
4 0.0780356
5 0.0780356
6 0.0780356
7 0.0780356
8 0.0780356
9 0.0780356
10 0.0780356
11 0.0780356
12 0.0780356
13 0.0780356
14 0.0780356
15 0.0780356
16 0.0780356
17 0.0780356
18 0.0780356
19 0.0780356
20 0.0780356
21 0.0780356
22 0.0780356
23 0.0780356
24 0.0780356
25 0.0780356
26 0.05895
27 0.0527121
28 0.0516836
29 0.0478115
30 0.0444279
31 0.0434371
32 0.0424219
33 0.0399917
34 0.0391145
35 0.0390304
36 0.0371961
37 0.0361259
38 0.0360409
39 0.035218
40 0.0342704
41 0.0339505
42 0.0336874
43 0.0329717
44 0.0325072
45 0.0325176
46 0.0318096
47 0.0314715
48 0.0313817
49 0.0308644
50 0.0305003
51 0.0287773
52 0.0276855
53 0.0260455
54 0.0248967
55 0.0241149
56 0.0230842
57 0.0222961
58 0.0213164
59 0.0205335
60 0.019995
61 0.0193683
62 0.0187412
63 0.0181124
64 0.017666
65 0.0172374
66 0.016742
67 0.0163899
68 0.0159001
69 0.01545
70 0.0150934
71 0.0147569
72 0.0145423
73 0.0140656
74 0.0138957
75 0.0137829
76 0.0133746
77 0.0132639
78 0.0129211
79 0.0127052
80 0.0126022
81 0.0123644
82 0.0121849
83 0.0120168
84 0.011823
85 0.0115832
86 0.0115272
87 0.0113503
88 0.0111827
89 0.0110949
90 0.0108615
91 0.0108064
92 0.0106781
93 0.0105561
94 0.0104748
95 0.0103285
96 0.0102071
97 0.0101391
98 0.0100302
99 0.00984882
100 0.00973842
101 0.00971589
102 0.00959428
103 0.00951857
104 0.00944166
105 0.00932458
106 0.00921666
107 0.00914727
108 0.00909092
109 0.00896453
110 0.00892181
111 0.00877017
112 0.00879967
113 0.00870115
114 0.00860157
115 0.00856161
116 0.00848597
117 0.00835954
118 0.00831413
119 0.00826156
120 0.00822626
121 0.00810328
122 0.0080408
123 0.00797648
124 0.00790385
125 0.00788908
126 0.00779765
127 0.00774955
128 0.00769861
129 0.00767552
130 0.0076065
131 0.00753772
132 0.00752666
133 0.00741505
134 0.00735945
135 0.00735429
136 0.00729411
137 0.00726767
138 0.00723685
139 0.00713642
140 0.00710785
141 0.00701939
142 0.00698113
143 0.00694102
144 0.00695394
145 0.00688819
146 0.00679984
147 0.00677379
148 0.00674307
149 0.00668419
150 0.00667979
151 0.00662332
152 0.00655785
153 0.00655379
154 0.0064858
155 0.0064757
156 0.00642593
157 0.00634194
158 0.00632592
159 0.00630226
160 0.00626071
161 0.00619856
162 0.00617011
163 0.00616967
164 0.00611098
165 0.00605842
166 0.00607493
167 0.00601576
168 0.00599853
169 0.00595324
170 0.00591705
171 0.00590319
172 0.00584668
173 0.005831
174 0.00579813
175 0.00578462
176 0.00574915
177 0.00572306
178 0.00568601
179 0.0056741
180 0.00561651
181 0.0055833
182 0.00559724
183 0.00554059
184 0.00551084
185 0.00549612
186 0.00550004
187 0.00544456
188 0.00542869
189 0.00538173
190 0.00535212
191 0.00535463
192 0.00530269
193 0.00526792
194 0.00524147
195 0.00524205
196 0.00518295
197 0.00520568
198 0.00517903
199 0.00515639
200 0.00512529
201 0.00510434
202 0.00504374
203 0.00508061
204 0.00500313
205 0.00500878
206 0.00497799
207 0.00496281
208 0.00495994
209 0.00492399
210 0.00490213
211 0.0048611
212 0.00489803
213 0.00480668
214 0.0048397
215 0.00483142
216 0.00478922
217 0.00480644
218 0.00475581
219 0.00473543
220 0.00471138
221 0.00470763
222 0.00467267
223 0.00467904
224 0.00466325
225 0.00463357
226 0.00463023
227 0.00457867
228 0.00456985
229 0.00456237
230 0.00455732
231 0.00451445
232 0.00448584
233 0.004448
234 0.00446856
235 0.00447198
236 0.00445683
237 0.00441789
238 0.00443078
239 0.00439977
240 0.00435743
241 0.004365
242 0.00432659
243 0.00430777
244 0.00431144
245 0.00428635
246 0.00425467
247 0.00425494
248 0.00425034
249 0.00423037
250 0.00421121
251 0.00419019
252 0.00421458
253 0.00415158
254 0.00416693
255 0.00413112
256 0.0041124
257 0.00411257
258 0.0041107
259 0.00410555
260 0.00408608
261 0.0040745
262 0.00406957
263 0.00400625
264 0.00402571
265 0.00400744
266 0.0039995
267 0.00399355
268 0.00397789
269 0.00398051
270 0.00395321
271 0.00394018
272 0.00392241
273 0.00389937
274 0.00388631
275 0.00389851
276 0.00385577
277 0.00384572
278 0.00388441
279 0.00382176
280 0.00383958
281 0.00381616
282 0.00380925
283 0.00382245
284 0.00379565
285 0.00377529
286 0.00375946
287 0.00374872
288 0.0037272
289 0.00374629
290 0.00371964
291 0.00370985
292 0.00369076
293 0.0037139
294 0.00368196
295 0.00368864
296 0.00367431
297 0.00362547
298 0.00362887
299 0.00363812
300 0.00361627
301 0.00360567
302 0.00358771
303 0.00358876
304 0.0035757
305 0.00356212
306 0.00358067
307 0.00355205
308 0.00355117
309 0.00353688
310 0.00353091
311 0.00351607
312 0.00346666
313 0.00348759
314 0.00347038
315 0.00347987
316 0.00347435
317 0.00345647
318 0.00343625
319 0.00341822
320 0.00342094
321 0.00341943
322 0.00339176
323 0.00337555
324 0.00338672
325 0.00338972
326 0.00338073
327 0.00337698
328 0.0033452
329 0.00333357
330 0.00334799
331 0.00334418
332 0.00332884
333 0.00330165
334 0.00330693
335 0.00331324
336 0.00330097
337 0.00328455
338 0.00330353
339 0.00328816
340 0.00327262
341 0.00327083
342 0.00324677
343 0.00324428
344 0.00322631
345 0.00321355
346 0.00319189
347 0.00320266
348 0.00318165
349 0.00320845
350 0.00316303
351 0.00317792
352 0.00315651
353 0.0031814
354 0.00317025
355 0.00315521
356 0.0031344
357 0.00316011
358 0.00314009
359 0.00313581
360 0.00311248
361 0.0031097
362 0.00311303
363 0.0030821
364 0.00309694
365 0.00309436
366 0.00306417
367 0.00307033
368 0.00304604
369 0.00304032
370 0.00304679
371 0.00305483
372 0.00304862
373 0.00303461
374 0.00300508
375 0.00299942
376 0.00301145
377 0.00300585
378 0.00300311
379 0.00297213
380 0.00299314
381 0.00298953
382 0.00296098
383 0.00295004
384 0.00294534
385 0.00295521
386 0.00293278
387 0.00292708
388 0.00292396
389 0.00293504
390 0.00291448
391 0.00290879
392 0.0029216
393 0.002906
394 0.00289124
395 0.00287197
396 0.00287929
397 0.00288929
398 0.00286491
399 0.00284959
400 0.00287646
