1 0.49986
2 0.49986
3 0.49986
4 0.49986
5 0.49986
6 0.49986
7 0.49986
8 0.49986
9 0.49986
10 0.49986
11 0.49986
12 0.49986
13 0.49986
14 0.49986
15 0.49986
16 0.49986
17 0.49986
18 0.49986
19 0.49986
20 0.49986
21 0.49986
22 0.49986
23 0.49986
24 0.49986
25 0.49986
26 0.502873
27 0.506733
28 0.510431
29 0.514286
30 0.518545
31 0.522734
32 0.526171
33 0.530257
34 0.534193
35 0.537602
36 0.541152
37 0.544926
38 0.547886
39 0.551118
40 0.554594
41 0.557513
42 0.560351
43 0.563343
44 0.566014
45 0.568994
46 0.571467
47 0.574009
48 0.576137
49 0.577883
50 0.579809
51 0.581548
52 0.58372
53 0.585987
54 0.588843
55 0.591087
56 0.593974
57 0.595606
58 0.598024
59 0.600794
60 0.602495
61 0.60504
62 0.607625
63 0.610392
64 0.612825
65 0.614222
66 0.616423
67 0.61869
68 0.621331
69 0.623371
70 0.625512
71 0.628078
72 0.62903
73 0.631726
74 0.634003
75 0.635915
76 0.638117
77 0.639821
78 0.642239
79 0.644509
80 0.645812
81 0.648112
82 0.650058
83 0.651892
84 0.654248
85 0.655053
86 0.656744
87 0.658714
88 0.660628
89 0.662151
90 0.663918
91 0.665762
92 0.667333
93 0.66885
94 0.670077
95 0.671829
96 0.673515
97 0.674681
98 0.67631
99 0.678087
100 0.679552
101 0.681204
102 0.682395
103 0.683542
104 0.685094
105 0.68651
106 0.687857
107 0.689327
108 0.69066
109 0.691961
110 0.693086
111 0.694661
112 0.695588
113 0.696948
114 0.698212
115 0.699198
116 0.700765
117 0.702216
118 0.703239
119 0.704034
120 0.705286
121 0.706651
122 0.707859
123 0.709074
124 0.710094
125 0.710617
126 0.711848
127 0.712895
128 0.714045
129 0.71483
130 0.716008
131 0.716963
132 0.71785
133 0.719082
134 0.720185
135 0.721237
136 0.722177
137 0.723206
138 0.723797
139 0.724793
140 0.725959
141 0.726472
142 0.727666
143 0.728505
144 0.729044
145 0.730082
146 0.73123
147 0.732184
148 0.732601
149 0.733487
150 0.734303
151 0.735229
152 0.736262
153 0.736779
154 0.737778
155 0.738288
156 0.739134
157 0.740118
158 0.741019
159 0.741523
160 0.742338
161 0.743265
162 0.743995
163 0.744592
164 0.745361
165 0.746154
166 0.746678
167 0.747314
168 0.748373
169 0.749
170 0.750138
171 0.749968
172 0.751002
173 0.751471
174 0.752184
175 0.752755
176 0.753242
177 0.753963
178 0.754882
179 0.755233
180 0.756106
181 0.756842
182 0.75725
183 0.758044
184 0.758367
185 0.759455
186 0.759626
187 0.76036
188 0.760995
189 0.761871
190 0.762245
191 0.762864
192 0.763482
193 0.764083
194 0.764731
195 0.765115
196 0.766071
197 0.766262
198 0.766917
199 0.767284
200 0.767803
201 0.768546
202 0.769336
203 0.769324
204 0.77002
205 0.770905
206 0.771499
207 0.771719
208 0.772107
209 0.772652
210 0.772998
211 0.773691
212 0.773862
213 0.774719
214 0.774924
215 0.775335
216 0.776051
217 0.776171
218 0.777134
219 0.777648
220 0.778013
221 0.778357
222 0.778711
223 0.779534
224 0.779933
225 0.780482
226 0.780728
227 0.781173
228 0.781808
229 0.782113
230 0.782217
231 0.78308
232 0.783864
233 0.784137
234 0.784432
235 0.784882
236 0.785369
237 0.785812
238 0.785857
239 0.786084
240 0.78699
241 0.787288
242 0.787962
243 0.788217
244 0.788595
245 0.789017
246 0.789428
247 0.789419
248 0.790183
249 0.790561
250 0.790843
251 0.79136
252 0.79154
253 0.7922
254 0.792647
255 0.792894
256 0.793378
257 0.793534
258 0.79391
259 0.794145
260 0.794976
261 0.79495
262 0.795388
263 0.79625
264 0.795889
265 0.796574
266 0.7968
267 0.796862
268 0.797243
269 0.797874
270 0.798244
271 0.798592
272 0.799102
273 0.799149
274 0.799503
275 0.799696
276 0.800536
277 0.800884
278 0.80062
279 0.801268
280 0.801473
281 0.801841
282 0.802372
283 0.802528
284 0.802997
285 0.803199
286 0.803423
287 0.804096
288 0.80471
289 0.804318
290 0.804867
291 0.805252
292 0.805619
293 0.805548
294 0.806069
295 0.806363
296 0.806611
297 0.807087
298 0.807476
299 0.80712
300 0.807808
301 0.808073
302 0.80859
303 0.808995
304 0.809138
305 0.809224
306 0.809346
307 0.809817
308 0.810005
309 0.810446
310 0.810597
311 0.810909
312 0.811617
313 0.811806
314 0.81211
315 0.812117
316 0.812368
317 0.812947
318 0.812913
319 0.813527
320 0.813796
321 0.814024
322 0.814306
323 0.814613
324 0.814649
325 0.814879
326 0.815248
327 0.81544
328 0.816164
329 0.816153
330 0.816334
331 0.816378
332 0.816584
333 0.817457
334 0.817488
335 0.817452
336 0.817743
337 0.818055
338 0.818045
339 0.818299
340 0.818677
341 0.818911
342 0.819627
343 0.819626
344 0.81999
345 0.820189
346 0.820596
347 0.820617
348 0.821054
349 0.820945
350 0.821486
351 0.821379
352 0.821715
353 0.821826
354 0.821851
355 0.82258
356 0.822721
357 0.822607
358 0.823071
359 0.823264
360 0.823616
361 0.823926
362 0.823948
363 0.824263
364 0.824527
365 0.824595
366 0.824857
367 0.825214
368 0.825597
369 0.825795
370 0.825683
371 0.825766
372 0.82632
373 0.826343
374 0.827045
375 0.827285
376 0.826987
377 0.827283
378 0.827812
379 0.827817
380 0.82796
381 0.827982
382 0.828671
383 0.82876
384 0.829075
385 0.829207
386 0.829539
387 0.829434
388 0.829579
389 0.829885
390 0.830121
391 0.830361
392 0.830408
393 0.830742
394 0.831092
395 0.831428
396 0.831479
397 0.831383
398 0.831626
399 0.832036
400 0.831747
