1 0.500239
2 0.500274
3 0.500274
4 0.500274
5 0.499778
6 0.500274
7 0.499778
8 0.500274
9 0.499778
10 0.500274
11 0.499778
12 0.583801
13 0.625802
14 0.645933
15 0.656553
16 0.662346
17 0.664108
18 0.66523
19 0.665133
20 0.666277
21 0.666089
22 0.693148
23 0.721997
24 0.737455
25 0.747466
26 0.76192
27 0.770898
28 0.777851
29 0.784619
30 0.791238
31 0.795296
32 0.799519
33 0.805344
34 0.812202
35 0.817441
36 0.823354
37 0.826424
38 0.830651
39 0.834747
40 0.838038
41 0.839927
42 0.842855
43 0.844992
44 0.848159
45 0.849637
46 0.853134
47 0.854631
48 0.85688
49 0.858173
50 0.858823
51 0.860672
52 0.863257
53 0.862773
54 0.864497
55 0.865467
56 0.866437
57 0.867816
58 0.869002
59 0.869803
60 0.870116
61 0.872037
62 0.872244
63 0.872942
64 0.873242
65 0.874133
66 0.874741
67 0.875298
68 0.876154
69 0.876947
70 0.876866
71 0.877534
72 0.878455
73 0.878711
74 0.87895
75 0.879681
76 0.880231
77 0.880607
78 0.881116
79 0.881883
80 0.881563
81 0.88244
82 0.882939
83 0.882904
84 0.883173
85 0.883444
86 0.883833
87 0.884492
88 0.884294
89 0.88486
90 0.884938
91 0.885112
92 0.885617
93 0.884949
94 0.885988
95 0.886498
96 0.886235
97 0.886422
98 0.886793
99 0.887044
100 0.887394
101 0.886845
102 0.887171
103 0.88818
104 0.8881
105 0.888344
106 0.88811
107 0.888012
108 0.888795
109 0.889
110 0.888495
111 0.889508
112 0.889543
113 0.88932
114 0.889884
115 0.890128
116 0.889542
117 0.89011
118 0.890435
119 0.890511
120 0.890722
121 0.890497
122 0.89107
123 0.891136
124 0.891495
125 0.891075
126 0.890911
127 0.891462
128 0.892118
129 0.891613
130 0.891091
131 0.891303
132 0.8923
133 0.89228
134 0.89241
135 0.891785
136 0.892092
137 0.892048
138 0.892868
139 0.892914
140 0.892627
141 0.892654
142 0.892946
143 0.892961
144 0.893356
145 0.893456
146 0.8928
147 0.893646
148 0.893504
149 0.893631
150 0.89377
151 0.894132
152 0.893989
153 0.893813
154 0.894327
155 0.89405
156 0.89405
157 0.894142
158 0.89433
159 0.894684
160 0.894291
161 0.894852
162 0.894911
163 0.894525
164 0.895216
165 0.895103
166 0.895128
167 0.894986
168 0.895355
169 0.894724
170 0.895183
171 0.894797
172 0.895199
173 0.895817
174 0.895131
175 0.895901
176 0.895899
177 0.895815
178 0.895799
179 0.895613
180 0.895788
181 0.895849
182 0.895972
183 0.895878
184 0.89613
185 0.895338
186 0.896179
187 0.895857
188 0.896153
189 0.896724
190 0.896769
191 0.896421
192 0.896447
193 0.896802
194 0.896472
195 0.896855
196 0.896817
197 0.897206
198 0.896939
199 0.897788
200 0.896247
201 0.896776
202 0.897286
203 0.897455
204 0.897223
205 0.896891
206 0.896909
207 0.897048
208 0.896866
209 0.897143
210 0.8977
211 0.897116
212 0.897523
213 0.897879
214 0.89804
215 0.897564
216 0.897791
217 0.896937
218 0.897988
219 0.897145
220 0.897274
221 0.898456
222 0.897547
223 0.897907
224 0.897758
225 0.897551
226 0.897821
227 0.897826
228 0.897389
229 0.897863
230 0.89834
231 0.898184
232 0.898406
233 0.898158
234 0.897893
235 0.898254
236 0.898264
237 0.898637
238 0.898559
239 0.898239
240 0.898567
241 0.898604
242 0.898314
243 0.898293
244 0.898709
245 0.898743
246 0.898611
247 0.898306
248 0.89871
249 0.899259
250 0.898802
251 0.898919
252 0.898766
253 0.898533
254 0.899055
255 0.898321
256 0.898903
257 0.898418
258 0.899089
259 0.899223
260 0.899403
261 0.899043
262 0.89882
263 0.899315
264 0.899602
265 0.899079
266 0.899349
267 0.899343
268 0.899568
269 0.899618
270 0.899529
271 0.899673
272 0.899579
273 0.899546
274 0.899537
275 0.899679
276 0.899478
277 0.899436
278 0.899779
279 0.899564
280 0.899787
281 0.89951
282 0.899112
283 0.899365
284 0.899656
285 0.899835
286 0.899917
287 0.900061
288 0.899425
289 0.899819
290 0.899473
291 0.899976
292 0.900177
293 0.899838
294 0.899673
295 0.899787
296 0.900367
297 0.899655
298 0.899533
299 0.900388
300 0.90014
301 0.899886
302 0.900191
303 0.899199
304 0.900357
305 0.9
306 0.899925
307 0.900148
308 0.900121
309 0.900094
310 0.900537
311 0.900184
312 0.900178
313 0.900362
314 0.900027
315 0.900179
316 0.900635
317 0.900217
318 0.900721
319 0.900496
320 0.901294
321 0.900426
322 0.900748
323 0.900615
324 0.901088
325 0.900576
326 0.900854
327 0.900219
328 0.901136
329 0.901342
330 0.900821
331 0.900865
332 0.900785
333 0.900816
334 0.900939
335 0.900848
336 0.90094
337 0.901105
338 0.900674
339 0.900849
340 0.900468
341 0.901045
342 0.900814
343 0.900915
344 0.901245
345 0.901154
346 0.900744
347 0.901267
348 0.901179
349 0.900984
350 0.901542
351 0.900561
352 0.900872
353 0.901736
354 0.901222
355 0.90099
356 0.901142
357 0.901206
358 0.901131
359 0.901176
360 0.901152
361 0.90129
362 0.901148
363 0.900916
364 0.901452
365 0.901028
366 0.901224
367 0.901515
368 0.901453
369 0.901761
370 0.901929
371 0.901492
372 0.90157
373 0.901452
374 0.901649
375 0.901472
376 0.901169
377 0.901521
378 0.901375
379 0.9019
380 0.901898
381 0.901951
382 0.901632
383 0.90164
384 0.901573
385 0.902286
386 0.901254
387 0.901755
388 0.90165
389 0.902019
390 0.901668
391 0.901777
392 0.901441
393 0.90189
394 0.901371
395 0.901955
396 0.901621
397 0.901936
398 0.901631
399 0.901689
400 0.901539
