4 0.699274
5 0.502753
6 0.464966
7 0.49741
8 0.557284
9 0.632275
10 0.709183
11 0.793677
12 0.654342
13 0.637025
14 0.3883
15 0.305989
16 0.231496
17 0.223604
18 0.17433
19 0.177415
20 0.176558
21 0.192507
22 0.160706
23 0.141984
24 0.130335
25 0.127756
26 0.110756
27 0.102342
28 0.0965391
29 0.0925895
30 0.088582
31 0.0801964
32 0.0798536
33 0.07682
34 0.0697709
35 0.0664793
36 0.0636117
37 0.0631029
38 0.0607171
39 0.0572341
40 0.0558772
41 0.0539696
42 0.0532321
43 0.0516806
44 0.0490354
45 0.048669
46 0.0457089
47 0.0454579
48 0.0442324
49 0.0426678
50 0.0423862
51 0.0412289
52 0.0394185
53 0.0393908
54 0.0384702
55 0.0377213
56 0.0368902
57 0.036299
58 0.0349481
59 0.0344281
60 0.0341684
61 0.0331668
62 0.0326677
63 0.0320495
64 0.0316478
65 0.0313699
66 0.0308985
67 0.0300273
68 0.0296662
69 0.0295016
70 0.0289381
71 0.0283203
72 0.0278366
73 0.0278017
74 0.0273908
75 0.0270405
76 0.0264839
77 0.0265358
78 0.0259501
79 0.0258125
80 0.0254572
81 0.0249947
82 0.024887
83 0.0243903
84 0.0242334
85 0.0239679
86 0.023674
87 0.0235519
88 0.0233507
89 0.0230612
90 0.0228699
91 0.0225658
92 0.0223842
93 0.0222291
94 0.0219849
95 0.0217749
96 0.0215525
97 0.0213074
98 0.0211973
99 0.0209827
100 0.0208081
101 0.0206267
102 0.0203981
103 0.0202877
104 0.0200927
105 0.019961
106 0.0197613
107 0.0196731
108 0.0194314
109 0.0194006
110 0.0192584
111 0.0189985
112 0.0189139
113 0.0187977
114 0.0186057
115 0.0184764
116 0.0183159
117 0.0182253
118 0.0181472
119 0.0179288
120 0.0178634
121 0.0177425
122 0.0176962
123 0.0175692
124 0.0173812
125 0.0172967
126 0.0171504
127 0.0170195
128 0.0169618
129 0.0167932
130 0.0167322
131 0.0166864
132 0.0165738
133 0.016442
134 0.016311
135 0.0162648
136 0.0161054
137 0.0160666
138 0.0159345
139 0.015883
140 0.0157532
141 0.015707
142 0.0156158
143 0.0155058
144 0.0154031
145 0.0153175
146 0.0152735
147 0.0151125
148 0.0150636
149 0.0150115
150 0.0148935
151 0.0148797
152 0.0147928
153 0.0147627
154 0.0146525
155 0.0145588
156 0.0145685
157 0.0144111
158 0.0143591
159 0.0142957
160 0.014187
161 0.0141161
162 0.0140498
163 0.0140446
164 0.0139535
165 0.0138396
166 0.0138301
167 0.0136795
168 0.0136827
169 0.0136079
170 0.0135463
171 0.0134777
172 0.0134123
173 0.0133528
174 0.013278
175 0.0132518
176 0.0132382
177 0.0132138
178 0.013122
179 0.0130648
180 0.0129269
181 0.0129368
182 0.0129262
183 0.0128198
184 0.0127297
185 0.0127511
186 0.0126707
187 0.0126335
188 0.0125917
189 0.01254
190 0.0124477
191 0.0123955
192 0.0123968
193 0.0124026
194 0.0122997
195 0.0122669
196 0.0121971
197 0.0121262
198 0.0120757
199 0.0120672
200 0.0120238
201 0.0119227
202 0.0118625
203 0.0118854
204 0.0118396
205 0.0117743
206 0.0117575
207 0.0116894
208 0.0116902
209 0.0116544
210 0.0116178
211 0.0115398
212 0.0114857
213 0.0114665
214 0.011415
215 0.0113445
216 0.0113771
217 0.0112499
218 0.0112482
219 0.0112305
220 0.0111402
221 0.011194
222 0.0111235
223 0.0110424
224 0.0109871
225 0.0109765
226 0.0109608
227 0.0109286
228 0.0108844
229 0.0108522
230 0.0108161
231 0.010783
232 0.0107619
233 0.0107148
234 0.0106425
235 0.0106503
236 0.0105915
237 0.0105844
238 0.010531
239 0.0104824
240 0.0104416
241 0.0104317
242 0.0103929
243 0.0103593
244 0.0104404
245 0.0102746
246 0.0102915
247 0.0103015
248 0.0102171
249 0.0101774
250 0.0101698
251 0.0101552
252 0.0101788
253 0.010073
254 0.0100774
255 0.010046
256 0.010007
257 0.00997188
258 0.00996173
259 0.0099369
260 0.00988576
261 0.00988347
262 0.00981376
263 0.00988559
264 0.00972238
265 0.00975464
266 0.00972666
267 0.00968286
268 0.00966989
269 0.0096348
270 0.00961024
271 0.00960953
272 0.00959302
273 0.00962452
274 0.00953708
275 0.00951981
276 0.00947528
277 0.00948186
278 0.00942398
279 0.00939449
280 0.00940842
281 0.00937265
282 0.00936423
283 0.00929267
284 0.00928312
285 0.00927326
286 0.00918667
287 0.0091848
288 0.00918219
289 0.00920683
290 0.00914221
291 0.0091206
292 0.00907313
293 0.00906182
294 0.00907462
295 0.00904184
296 0.00895802
297 0.00900343
298 0.00899867
299 0.00890319
300 0.00890032
301 0.00891327
302 0.00885496
303 0.00887268
304 0.0088643
305 0.00883164
306 0.00876005
307 0.00880675
308 0.00878247
309 0.00870838
310 0.00865509
311 0.00865816
312 0.0086404
313 0.00865929
314 0.00861483
315 0.00864228
316 0.00859118
317 0.00853042
318 0.00856523
319 0.00847544
320 0.00845352
321 0.00847088
322 0.00849922
323 0.00844724
324 0.00839336
325 0.00843117
326 0.0083639
327 0.00837318
328 0.00834692
329 0.00833809
330 0.00831415
331 0.00828665
332 0.00826244
333 0.00830083
334 0.00825759
335 0.0082255
336 0.00819575
337 0.0082002
338 0.00818328
339 0.0081844
340 0.00817611
341 0.00812761
342 0.00810576
343 0.00807343
344 0.00809106
345 0.00804954
346 0.00802735
347 0.00802728
348 0.00800811
349 0.00799894
350 0.00797739
351 0.00796702
352 0.00798322
353 0.00796336
354 0.00787543
355 0.00789406
356 0.00785527
357 0.00782458
358 0.0078981
359 0.00776866
360 0.00777555
361 0.00778728
362 0.00777523
363 0.00774757
364 0.00777474
365 0.00772539
366 0.00773204
367 0.00773808
368 0.00768831
369 0.0076781
370 0.00761261
371 0.00761135
372 0.00763152
373 0.00764951
374 0.00755751
375 0.00756959
376 0.00758657
377 0.00755147
378 0.0075338
379 0.00757551
380 0.00751317
381 0.00750449
382 0.0074574
383 0.00744169
384 0.00743831
385 0.00746819
386 0.00742149
387 0.00748564
388 0.0074197
389 0.00737102
390 0.00731279
391 0.00733965
392 0.0073129
393 0.00735074
394 0.00732576
395 0.00732748
396 0.00731728
397 0.00727032
398 0.00725098
399 0.00723093
400 0.00721828
