1 0.300878
2 0.30071
3 0.299986
4 0.299529
5 0.299632
6 0.300171
7 0.299888
8 0.300507
9 0.299978
10 0.299977
11 0.299684
12 0.317624
13 0.319316
14 0.32551
15 0.32728
16 0.33063
17 0.332188
18 0.336032
19 0.337029
20 0.338941
21 0.340678
22 0.340658
23 0.343058
24 0.342553
25 0.344207
26 0.345654
27 0.345332
28 0.346096
29 0.345958
30 0.347244
31 0.347417
32 0.348486
33 0.350644
34 0.348907
35 0.350232
36 0.350536
37 0.350411
38 0.351865
39 0.352476
40 0.352196
41 0.353138
42 0.35251
43 0.35403
44 0.353722
45 0.354005
46 0.35501
47 0.354122
48 0.355323
49 0.355658
50 0.355843
51 0.356039
52 0.355512
53 0.357076
54 0.356889
55 0.357289
56 0.357047
57 0.357853
58 0.358431
59 0.357918
60 0.358194
61 0.357977
62 0.359016
63 0.359035
64 0.359314
65 0.359654
66 0.359548
67 0.358792
68 0.35937
69 0.359314
70 0.360725
71 0.360214
72 0.360094
73 0.36007
74 0.361775
75 0.360512
76 0.360649
77 0.360923
78 0.361453
79 0.361642
80 0.361264
81 0.361912
82 0.362916
83 0.361964
84 0.362289
85 0.362005
86 0.362513
87 0.362543
88 0.362682
89 0.363082
90 0.363042
91 0.36292
92 0.362839
93 0.363657
94 0.364003
95 0.363242
96 0.363602
97 0.363158
98 0.36395
99 0.363233
100 0.363702
101 0.364232
102 0.365399
103 0.364946
104 0.364873
105 0.36414
106 0.364641
107 0.364874
108 0.364779
109 0.363599
110 0.364774
111 0.365168
112 0.364675
113 0.36484
114 0.36523
115 0.365521
116 0.364322
117 0.365291
118 0.364756
119 0.364732
120 0.365542
121 0.365498
122 0.366113
123 0.365716
124 0.365901
125 0.366022
126 0.366265
127 0.365366
128 0.365826
129 0.365197
130 0.366579
131 0.366052
132 0.366308
133 0.366304
134 0.366303
135 0.366263
136 0.365854
137 0.365884
138 0.367127
139 0.366834
140 0.366608
141 0.36649
142 0.367485
143 0.366519
144 0.367148
145 0.367006
146 0.366167
147 0.367764
148 0.366438
149 0.367412
150 0.366971
151 0.366851
152 0.367666
153 0.367218
154 0.367212
155 0.36768
156 0.367761
157 0.367053
158 0.366774
159 0.367878
160 0.368402
161 0.367718
162 0.36847
163 0.367836
164 0.367865
165 0.368037
166 0.368043
167 0.367479
168 0.368933
169 0.36795
170 0.367859
171 0.368017
172 0.368522
173 0.368508
174 0.36788
175 0.369237
176 0.368278
177 0.368168
178 0.368462
179 0.368796
180 0.368142
181 0.368324
182 0.368996
183 0.368778
184 0.368348
185 0.36828
186 0.368206
187 0.369017
188 0.368166
189 0.367987
190 0.36929
191 0.368077
192 0.368613
193 0.368936
194 0.369469
195 0.369701
196 0.369873
197 0.368681
198 0.370383
199 0.368853
200 0.36891
201 0.369554
202 0.368879
203 0.369938
204 0.368593
205 0.368898
206 0.370564
207 0.368956
208 0.369573
209 0.368849
210 0.369391
211 0.369439
212 0.368859
213 0.369712
214 0.369827
215 0.369128
216 0.370044
217 0.369519
218 0.36958
219 0.369751
220 0.369558
221 0.369808
222 0.3708
223 0.370335
224 0.370428
225 0.370068
226 0.369364
227 0.369815
228 0.369675
229 0.36988
230 0.369988
231 0.369568
232 0.369988
233 0.370104
234 0.370938
235 0.369404
236 0.371316
237 0.371104
238 0.370707
239 0.369974
240 0.369413
241 0.370176
242 0.370076
243 0.370436
244 0.370442
245 0.370101
246 0.369511
247 0.370738
248 0.369991
249 0.369995
250 0.370605
251 0.370112
252 0.370872
253 0.369745
254 0.370501
255 0.370242
256 0.370799
257 0.370639
258 0.370299
259 0.371093
260 0.369871
261 0.371167
262 0.370777
263 0.370645
264 0.370607
265 0.370422
266 0.371169
267 0.370627
268 0.370503
269 0.370868
270 0.370744
271 0.370099
272 0.371703
273 0.370518
274 0.371188
275 0.37022
276 0.370153
277 0.370735
278 0.370562
279 0.371274
280 0.371187
281 0.371846
282 0.370952
283 0.370498
284 0.371131
285 0.371248
286 0.371017
287 0.371276
288 0.371137
289 0.371497
290 0.370297
291 0.370655
292 0.371951
293 0.371418
294 0.371293
295 0.370857
296 0.371292
297 0.371498
298 0.371744
299 0.372442
300 0.371715
301 0.372097
302 0.371776
303 0.37112
304 0.37182
305 0.371074
306 0.370787
307 0.371017
308 0.370373
309 0.370857
310 0.371761
311 0.371638
312 0.371712
313 0.372425
314 0.371675
315 0.371519
316 0.371133
317 0.371034
318 0.37157
319 0.371475
320 0.371857
321 0.371586
322 0.372098
323 0.371597
324 0.372094
325 0.371522
326 0.370962
327 0.372014
328 0.372143
329 0.372484
330 0.37179
331 0.372188
332 0.372024
333 0.371296
334 0.371623
335 0.371714
336 0.372307
337 0.372684
338 0.372849
339 0.371229
340 0.372103
341 0.371512
342 0.371363
343 0.372555
344 0.372292
345 0.372626
346 0.372054
347 0.372514
348 0.372231
349 0.372248
350 0.372569
351 0.371728
352 0.371956
353 0.371775
354 0.372475
355 0.372073
356 0.372212
357 0.372315
358 0.372272
359 0.371774
360 0.372364
361 0.372789
362 0.372586
363 0.372483
364 0.372327
365 0.373044
366 0.371132
367 0.372106
368 0.372602
369 0.372344
370 0.373102
371 0.373142
372 0.373037
373 0.37187
374 0.372872
375 0.373171
376 0.372392
377 0.37307
378 0.372363
379 0.3726
380 0.372402
381 0.372684
382 0.372731
383 0.373206
384 0.373392
385 0.372729
386 0.372484
387 0.372318
388 0.372693
389 0.373336
390 0.372871
391 0.372415
392 0.372811
393 0.3721
394 0.37275
395 0.372913
396 0.373462
397 0.373213
398 0.372006
399 0.373048
400 0.372622
