1 0.0779639
2 0.077956
3 0.0779365
4 0.077956
5 0.0779545
6 0.077956
7 0.0779722
8 0.077956
9 0.0779724
10 0.077956
11 0.0779527
12 0.0779535
13 0.0764899
14 0.0748828
15 0.0731599
16 0.0713719
17 0.0696843
18 0.0679973
19 0.0664169
20 0.0648768
21 0.0634232
22 0.062039
23 0.0607192
24 0.0595183
25 0.0583309
26 0.0572507
27 0.0562032
28 0.0552187
29 0.0542867
30 0.0533945
31 0.0525419
32 0.0517347
33 0.0509601
34 0.0502254
35 0.0495098
36 0.0488252
37 0.0481696
38 0.0475378
39 0.0469082
40 0.0463209
41 0.0457479
42 0.0451992
43 0.0446623
44 0.044145
45 0.0436396
46 0.0431574
47 0.0426832
48 0.0422219
49 0.0417757
50 0.041341
51 0.0409213
52 0.0405039
53 0.0401091
54 0.0397151
55 0.0393337
56 0.0389632
57 0.0386016
58 0.0382527
59 0.0379057
60 0.0375763
61 0.0372465
62 0.0369251
63 0.0366128
64 0.036311
65 0.0360123
66 0.0357179
67 0.0354345
68 0.0351563
69 0.0348845
70 0.0346156
71 0.0343542
72 0.0341007
73 0.0338486
74 0.0335995
75 0.0333626
76 0.0331224
77 0.0328938
78 0.0326639
79 0.0324409
80 0.0322208
81 0.0320065
82 0.0317916
83 0.0315847
84 0.0313786
85 0.0311778
86 0.0309799
87 0.0307876
88 0.0305979
89 0.0304124
90 0.0302257
91 0.0300449
92 0.0298677
93 0.0296895
94 0.0295158
95 0.0293468
96 0.0291789
97 0.029013
98 0.0288493
99 0.0286925
100 0.0285334
101 0.0283792
102 0.0282265
103 0.0280763
104 0.0279272
105 0.0277827
106 0.0276372
107 0.027494
108 0.0273558
109 0.027217
110 0.0270808
111 0.0269479
112 0.0268132
113 0.0266819
114 0.0265557
115 0.0264256
116 0.0263033
117 0.0261785
118 0.0260559
119 0.025934
120 0.0258154
121 0.0256969
122 0.0255815
123 0.0254655
124 0.0253518
125 0.0252388
126 0.0251288
127 0.0250204
128 0.0249109
129 0.024804
130 0.0246969
131 0.0245942
132 0.0244885
133 0.0243865
134 0.0242861
135 0.0241855
136 0.0240864
137 0.0239881
138 0.0238921
139 0.0237958
140 0.0237015
141 0.0236084
142 0.0235151
143 0.0234237
144 0.0233339
145 0.0232442
146 0.0231546
147 0.0230674
148 0.0229793
149 0.0228938
150 0.0228089
151 0.0227242
152 0.0226412
153 0.0225576
154 0.0224766
155 0.0223948
156 0.0223144
157 0.0222358
158 0.0221564
159 0.0220791
160 0.0220023
161 0.0219263
162 0.0218498
163 0.0217753
164 0.0217012
165 0.0216273
166 0.0215542
167 0.0214813
168 0.0214103
169 0.0213385
170 0.021268
171 0.0211983
172 0.0211285
173 0.0210606
174 0.020992
175 0.0209247
176 0.0208581
177 0.0207912
178 0.0207256
179 0.020661
180 0.0205949
181 0.0205313
182 0.0204681
183 0.0204041
184 0.0203415
185 0.0202789
186 0.0202183
187 0.020157
188 0.0200973
189 0.0200373
190 0.019978
191 0.0199192
192 0.0198605
193 0.0198028
194 0.0197452
195 0.0196876
196 0.019631
197 0.0195744
198 0.0195189
199 0.0194632
200 0.0194082
201 0.0193536
202 0.0192989
203 0.0192454
204 0.0191922
205 0.019139
206 0.0190864
207 0.0190344
208 0.0189822
209 0.0189303
210 0.0188795
211 0.0188284
212 0.0187782
213 0.018728
214 0.0186785
215 0.0186291
216 0.0185802
217 0.018532
218 0.0184834
219 0.0184356
220 0.0183876
221 0.0183394
222 0.0182927
223 0.0182462
224 0.0181998
225 0.0181538
226 0.0181079
227 0.0180625
228 0.0180173
229 0.0179729
230 0.0179284
231 0.0178847
232 0.0178403
233 0.017797
234 0.0177538
235 0.0177107
236 0.0176677
237 0.0176254
238 0.0175833
239 0.0175412
240 0.0174994
241 0.0174578
242 0.0174167
243 0.0173756
244 0.0173353
245 0.0172944
246 0.0172549
247 0.0172148
248 0.017175
249 0.0171366
250 0.0170972
251 0.0170578
252 0.0170195
253 0.0169806
254 0.016943
255 0.0169046
256 0.0168671
257 0.0168296
258 0.0167921
259 0.0167555
260 0.0167187
261 0.0166821
262 0.0166461
263 0.0166099
264 0.0165739
265 0.0165384
266 0.0165025
267 0.0164672
268 0.0164321
269 0.0163973
270 0.0163625
271 0.0163279
272 0.0162933
273 0.0162594
274 0.0162255
275 0.016192
276 0.0161584
277 0.0161248
278 0.0160914
279 0.0160586
280 0.0160258
281 0.015993
282 0.0159606
283 0.0159279
284 0.0158957
285 0.0158639
286 0.0158322
287 0.0158004
288 0.015769
289 0.0157373
290 0.0157062
291 0.0156755
292 0.0156442
293 0.0156138
294 0.015583
295 0.0155524
296 0.015522
297 0.0154919
298 0.0154621
299 0.0154322
300 0.0154025
301 0.015373
302 0.0153436
303 0.0153143
304 0.0152853
305 0.015256
306 0.0152276
307 0.0151987
308 0.0151703
309 0.0151418
310 0.0151138
311 0.0150857
312 0.0150576
313 0.0150299
314 0.0150023
315 0.0149749
316 0.0149474
317 0.0149205
318 0.014893
319 0.0148664
320 0.0148393
321 0.0148124
322 0.0147859
323 0.0147596
324 0.0147331
325 0.0147069
326 0.0146809
327 0.0146549
328 0.0146292
329 0.0146035
330 0.0145777
331 0.0145522
332 0.0145267
333 0.0145016
334 0.0144765
335 0.0144516
336 0.0144269
337 0.0144023
338 0.0143774
339 0.0143531
340 0.0143287
341 0.0143044
342 0.0142803
343 0.0142562
344 0.0142324
345 0.0142084
346 0.014185
347 0.0141612
348 0.0141379
349 0.0141144
350 0.0140914
351 0.0140682
352 0.0140452
353 0.0140221
354 0.0139992
355 0.0139766
356 0.0139539
357 0.0139313
358 0.0139088
359 0.0138864
360 0.0138641
361 0.013842
362 0.0138195
363 0.0137977
364 0.0137755
365 0.0137536
366 0.013732
367 0.0137102
368 0.0136888
369 0.0136671
370 0.0136458
371 0.0136246
372 0.0136034
373 0.013582
374 0.013561
375 0.01354
376 0.013519
377 0.0134983
378 0.0134775
379 0.0134568
380 0.0134361
381 0.0134157
382 0.0133953
383 0.0133748
384 0.0133546
385 0.0133342
386 0.0133142
387 0.013294
388 0.0132741
389 0.0132541
390 0.0132344
391 0.0132145
392 0.0131949
393 0.0131754
394 0.0131559
395 0.0131366
396 0.013117
397 0.0130977
398 0.0130787
399 0.0130594
400 0.0130404
