1 0.0779639
2 0.0779481
3 0.0778973
4 0.0780148
5 0.0779481
6 0.077964
7 0.0780691
8 0.0778429
9 0.0781028
10 0.0778093
11 0.0779195
12 0.0779639
13 0.0589242
14 0.0539916
15 0.0490382
16 0.0445536
17 0.0426812
18 0.0393193
19 0.0379707
20 0.0356152
21 0.0343484
22 0.0329709
23 0.0316825
24 0.0318994
25 0.0298329
26 0.030245
27 0.0289678
28 0.0286372
29 0.0281941
30 0.0275197
31 0.0269619
32 0.0267135
33 0.0261727
34 0.0259805
35 0.025179
36 0.0248623
37 0.0245696
38 0.02416
39 0.0229824
40 0.0234189
41 0.0228305
42 0.0226982
43 0.0221141
44 0.0218978
45 0.0214039
46 0.0214629
47 0.0208642
48 0.020542
49 0.0203584
50 0.0200451
51 0.0199336
52 0.0192141
53 0.0195787
54 0.018835
55 0.0187422
56 0.0185791
57 0.0183599
58 0.0183574
59 0.0177813
60 0.0181448
61 0.0174534
62 0.0173231
63 0.0172524
64 0.0172929
65 0.0168975
66 0.0165852
67 0.0167249
68 0.0165206
69 0.0164075
70 0.0160548
71 0.0160639
72 0.016097
73 0.0156913
74 0.0154181
75 0.0158299
76 0.0151106
77 0.015516
78 0.0149637
79 0.0150501
80 0.0148304
81 0.0148691
82 0.0143812
83 0.0146229
84 0.0142692
85 0.0143086
86 0.0141653
87 0.0142447
88 0.0140901
89 0.0140888
90 0.0136178
91 0.0137626
92 0.0137448
93 0.0132981
94 0.013357
95 0.0134669
96 0.0132217
97 0.0130903
98 0.012971
99 0.0133235
100 0.012782
101 0.012957
102 0.0128102
103 0.012758
104 0.0125661
105 0.0127596
106 0.0123496
107 0.0123212
108 0.012564
109 0.0122289
110 0.0122366
111 0.0123224
112 0.011863
113 0.0119857
114 0.0122922
115 0.0115898
116 0.0122442
117 0.0117024
118 0.0116996
119 0.0115535
120 0.0117038
121 0.0114737
122 0.0116273
123 0.0113073
124 0.0113662
125 0.0112298
126 0.0113755
127 0.0113586
128 0.0110066
129 0.0111288
130 0.0108827
131 0.0112419
132 0.0106438
133 0.0109174
134 0.0109239
135 0.0107123
136 0.0107139
137 0.0106192
138 0.0107313
139 0.0105149
140 0.0105957
141 0.0105675
142 0.010368
143 0.0104312
144 0.0104943
145 0.0103252
146 0.0101569
147 0.0103586
148 0.0100255
149 0.0102302
150 0.0101618
151 0.0100213
152 0.0100968
153 0.00985451
154 0.0100901
155 0.00979084
156 0.00985632
157 0.00998305
158 0.00968197
159 0.00986994
160 0.00979031
161 0.0097733
162 0.0095124
163 0.00972608
164 0.00961635
165 0.00950892
166 0.00949072
167 0.00937563
168 0.00955731
169 0.00927506
170 0.00934903
171 0.00934714
172 0.00919248
173 0.00938068
174 0.00913057
175 0.0092183
176 0.0092054
177 0.00901411
178 0.00911813
179 0.00915109
180 0.00877131
181 0.00907102
182 0.00903317
183 0.00874801
184 0.00889206
185 0.00876676
186 0.00900361
187 0.00875704
188 0.00892747
189 0.00876424
190 0.00876017
191 0.00876783
192 0.00864602
193 0.0087221
194 0.00862131
195 0.00851045
196 0.008598
197 0.00848876
198 0.00859044
199 0.0084283
200 0.00846283
201 0.00843037
202 0.00830467
203 0.00842969
204 0.00840394
205 0.00828786
206 0.00829789
207 0.00831741
208 0.0081773
209 0.00814219
210 0.00825741
211 0.00809029
212 0.00818464
213 0.00809401
214 0.00812614
215 0.0080733
216 0.00805918
217 0.00811948
218 0.00794367
219 0.00800296
220 0.00788742
221 0.00772809
222 0.00797121
223 0.00793233
224 0.00784406
225 0.00786553
226 0.00776764
227 0.00781139
228 0.00773817
229 0.00785364
230 0.00774778
231 0.00782915
232 0.00759514
233 0.00773576
234 0.00769954
235 0.007614
236 0.00757372
237 0.00764992
238 0.00760227
239 0.00752104
240 0.00750493
241 0.00746887
242 0.00751268
243 0.00741818
244 0.00755784
245 0.00731905
246 0.0075605
247 0.00736242
248 0.00735053
249 0.00759875
250 0.00730062
251 0.00720233
252 0.00740185
253 0.00717462
254 0.00743253
255 0.00715553
256 0.00729056
257 0.0072291
258 0.0071624
259 0.00732584
260 0.00718224
261 0.00715609
262 0.00726491
263 0.00710795
264 0.00711811
265 0.00716225
266 0.00700096
267 0.00707365
268 0.00706621
269 0.00704722
270 0.00701867
271 0.00698628
272 0.00691963
273 0.00703696
274 0.00696337
275 0.00701263
276 0.00691005
277 0.0068474
278 0.00684392
279 0.00695601
280 0.006873
281 0.00680613
282 0.00683934
283 0.00672096
284 0.00677938
285 0.00683956
286 0.00678258
287 0.0067143
288 0.00676867
289 0.0066004
290 0.00670021
291 0.0067775
292 0.00653975
293 0.00673373
294 0.00655813
295 0.00657217
296 0.00655287
297 0.00659169
298 0.0065857
299 0.0065371
300 0.00652548
301 0.00651578
302 0.00649387
303 0.00645477
304 0.00649895
305 0.00636808
306 0.00656418
307 0.00633632
308 0.0064522
309 0.00636628
310 0.0064611
311 0.00636152
312 0.00635167
313 0.00637854
314 0.00634789
315 0.00638064
316 0.00627615
317 0.00644093
318 0.0061598
319 0.00640524
320 0.00620197
321 0.00621152
322 0.00627091
323 0.00628824
324 0.00616901
325 0.00623749
326 0.00622852
327 0.00617581
328 0.00620407
329 0.00620598
330 0.00606468
331 0.0061553
332 0.00608759
333 0.00614782
334 0.00612589
335 0.0061355
336 0.00614458
337 0.00613089
338 0.00602014
339 0.00613377
340 0.00604179
341 0.00605506
342 0.00605222
343 0.00600986
344 0.00607113
345 0.00594486
346 0.00610896
347 0.00595482
348 0.00605512
349 0.00592777
350 0.00604543
351 0.00597434
352 0.00594615
353 0.00590067
354 0.00592247
355 0.00598081
356 0.00588515
357 0.00587569
358 0.00587413
359 0.00588748
360 0.00586486
361 0.00586498
362 0.00570435
363 0.005902
364 0.00573163
365 0.00578603
366 0.00583967
367 0.00572879
368 0.0058452
369 0.00568107
370 0.00577923
371 0.00576994
372 0.00574113
373 0.00562271
374 0.00573621
375 0.00568263
376 0.00562275
377 0.00571905
378 0.00564865
379 0.0056349
380 0.00559084
381 0.00565175
382 0.00561242
383 0.0055732
384 0.00561857
385 0.00550101
386 0.00558629
387 0.00551976
388 0.00556168
389 0.00549641
390 0.00555174
391 0.00549261
392 0.0055187
393 0.0055266
394 0.00549688
395 0.00552711
396 0.00536404
397 0.00544921
398 0.00553744
399 0.00538674
400 0.00547055
