1 0.499416
2 0.499398
3 0.499479
4 0.499609
5 0.499588
6 0.49972
7 0.499702
8 0.499799
9 0.499841
10 0.499858
11 0.499854
12 0.499874
13 0.499831
14 0.499814
15 0.499808
16 0.499794
17 0.499826
18 0.499808
19 0.499817
20 0.499822
21 0.499796
22 0.499842
23 0.499862
24 0.499844
25 0.499877
26 0.503069
27 0.507624
28 0.512603
29 0.517491
30 0.522253
31 0.526833
32 0.531218
33 0.535387
34 0.539113
35 0.542818
36 0.54622
37 0.549463
38 0.552454
39 0.55546
40 0.558284
41 0.561526
42 0.5652
43 0.568873
44 0.572599
45 0.57633
46 0.579964
47 0.583445
48 0.586943
49 0.590139
50 0.593266
51 0.596529
52 0.599977
53 0.603274
54 0.606858
55 0.61032
56 0.613847
57 0.61711
58 0.620654
59 0.623984
60 0.627195
61 0.630469
62 0.633532
63 0.636604
64 0.63962
65 0.642545
66 0.645389
67 0.648221
68 0.651028
69 0.653891
70 0.656592
71 0.659343
72 0.661916
73 0.664703
74 0.667062
75 0.669692
76 0.672062
77 0.674526
78 0.677006
79 0.679378
80 0.681787
81 0.684044
82 0.686273
83 0.688564
84 0.690727
85 0.69276
86 0.695009
87 0.697103
88 0.699138
89 0.701169
90 0.703264
91 0.705203
92 0.707163
93 0.709034
94 0.711001
95 0.71293
96 0.7147
97 0.716535
98 0.718273
99 0.720121
100 0.72183
101 0.723427
102 0.725149
103 0.726982
104 0.728512
105 0.72999
106 0.731667
107 0.73319
108 0.734677
109 0.736278
110 0.737781
111 0.739157
112 0.740648
113 0.742082
114 0.743486
115 0.744785
116 0.746184
117 0.747469
118 0.748908
119 0.750173
120 0.751511
121 0.752706
122 0.753997
123 0.75514
124 0.75643
125 0.757693
126 0.758799
127 0.759946
128 0.761131
129 0.762317
130 0.763416
131 0.764552
132 0.765651
133 0.766743
134 0.767786
135 0.768911
136 0.769918
137 0.771009
138 0.771985
139 0.77296
140 0.773952
141 0.774861
142 0.775877
143 0.776885
144 0.77777
145 0.778735
146 0.779668
147 0.780585
148 0.781471
149 0.782372
150 0.783239
151 0.784041
152 0.784997
153 0.785846
154 0.786683
155 0.787476
156 0.788309
157 0.789056
158 0.789934
159 0.790697
160 0.791458
161 0.792219
162 0.793046
163 0.793717
164 0.794442
165 0.795271
166 0.795998
167 0.796734
168 0.797473
169 0.798066
170 0.799034
171 0.799277
172 0.800302
173 0.800885
174 0.801485
175 0.802161
176 0.802858
177 0.803532
178 0.80414
179 0.804775
180 0.805411
181 0.806035
182 0.806653
183 0.807244
184 0.807921
185 0.808448
186 0.80906
187 0.80965
188 0.810269
189 0.810848
190 0.811432
191 0.81197
192 0.81259
193 0.813097
194 0.813654
195 0.814135
196 0.814748
197 0.815268
198 0.815834
199 0.816389
200 0.81689
201 0.817404
202 0.817899
203 0.818398
204 0.818923
205 0.819574
206 0.819896
207 0.820428
208 0.820916
209 0.821397
210 0.821886
211 0.822293
212 0.82275
213 0.823304
214 0.823748
215 0.824249
216 0.824643
217 0.825071
218 0.825567
219 0.826002
220 0.82645
221 0.826814
222 0.827294
223 0.827676
224 0.828117
225 0.82853
226 0.828983
227 0.829492
228 0.829779
229 0.830231
230 0.830672
231 0.831057
232 0.831441
233 0.831712
234 0.832187
235 0.832585
236 0.832947
237 0.833362
238 0.833758
239 0.834089
240 0.834488
241 0.834922
242 0.835229
243 0.835578
244 0.835959
245 0.836348
246 0.836677
247 0.837031
248 0.837345
249 0.837712
250 0.838111
251 0.838376
252 0.838748
253 0.839062
254 0.83946
255 0.839977
256 0.840099
257 0.840202
258 0.840682
259 0.841114
260 0.841474
261 0.841724
262 0.842044
263 0.842364
264 0.842676
265 0.84298
266 0.843247
267 0.843578
268 0.84389
269 0.844193
270 0.844474
271 0.844787
272 0.84513
273 0.845317
274 0.845658
275 0.845975
276 0.846278
277 0.846532
278 0.846802
279 0.847099
280 0.847401
281 0.84764
282 0.84792
283 0.84823
284 0.848495
285 0.848805
286 0.849069
287 0.849307
288 0.849575
289 0.849826
290 0.850136
291 0.850377
292 0.850634
293 0.850917
294 0.851126
295 0.851432
296 0.851673
297 0.851884
298 0.852122
299 0.85236
300 0.852672
301 0.852906
302 0.853116
303 0.853381
304 0.85363
305 0.853873
306 0.854055
307 0.85439
308 0.854525
309 0.854792
310 0.855024
311 0.855253
312 0.855536
313 0.855749
314 0.85592
315 0.856102
316 0.856439
317 0.85658
318 0.856892
319 0.857056
320 0.8573
321 0.857504
322 0.857696
323 0.857935
324 0.858171
325 0.858363
326 0.858559
327 0.858787
328 0.858949
329 0.859182
330 0.859366
331 0.859569
332 0.859757
333 0.859893
334 0.860145
335 0.860365
336 0.860598
337 0.860721
338 0.860917
339 0.8612
340 0.861293
341 0.861411
342 0.861802
343 0.861893
344 0.86208
345 0.862282
346 0.862519
347 0.862666
348 0.862854
349 0.863028
350 0.863263
351 0.863434
352 0.863596
353 0.86382
354 0.863983
355 0.864202
356 0.864343
357 0.864552
358 0.864746
359 0.864841
360 0.865024
361 0.865295
362 0.865389
363 0.865608
364 0.865728
365 0.866
366 0.86602
367 0.866305
368 0.866435
369 0.866611
370 0.866745
371 0.866917
372 0.86713
373 0.867219
374 0.867422
375 0.867613
376 0.867726
377 0.867935
378 0.868021
379 0.86825
380 0.868409
381 0.868513
382 0.86868
383 0.868864
384 0.869004
385 0.869105
386 0.869367
387 0.869453
388 0.869571
389 0.869792
390 0.869872
391 0.87005
392 0.870222
393 0.870354
394 0.870549
395 0.870695
396 0.870814
397 0.870978
398 0.871141
399 0.871287
400 0.871383
