1 0.066742
2 0.066742
3 0.066742
4 0.066742
5 0.066742
6 0.066742
7 0.066742
8 0.066742
9 0.066742
10 0.066742
11 0.066742
12 0.066742
13 0.066742
14 0.066742
15 0.066742
16 0.066742
17 0.066742
18 0.066742
19 0.066742
20 0.066742
21 0.066742
22 0.066742
23 0.066742
24 0.066742
25 0.066742
26 0.098064
27 0.114499
28 0.12339
29 0.128082
30 0.130486
31 0.132291
32 0.132485
33 0.132637
34 0.133103
35 0.133258
36 0.133646
37 0.133712
38 0.133565
39 0.133823
40 0.133321
41 0.153285
42 0.166952
43 0.176543
44 0.183223
45 0.187837
46 0.191566
47 0.194057
48 0.195563
49 0.196714
50 0.1974
51 0.211737
52 0.226434
53 0.239262
54 0.250805
55 0.26157
56 0.27139
57 0.280174
58 0.287266
59 0.293105
60 0.298702
61 0.304057
62 0.309261
63 0.314016
64 0.318024
65 0.321974
66 0.329486
67 0.33832
68 0.347319
69 0.356324
70 0.36526
71 0.37303
72 0.379521
73 0.386738
74 0.392864
75 0.398825
76 0.405776
77 0.413147
78 0.419891
79 0.426
80 0.431783
81 0.437051
82 0.443066
83 0.448489
84 0.453096
85 0.457563
86 0.46299
87 0.468147
88 0.473529
89 0.479544
90 0.484577
91 0.490306
92 0.495467
93 0.50022
94 0.505031
95 0.508921
96 0.513741
97 0.517252
98 0.521323
99 0.525875
100 0.529932
101 0.533439
102 0.537862
103 0.542612
104 0.545204
105 0.547788
106 0.55185
107 0.554084
108 0.556861
109 0.560914
110 0.562315
111 0.565536
112 0.56874
113 0.571369
114 0.574274
115 0.576746
116 0.580205
117 0.583418
118 0.586425
119 0.588179
120 0.590816
121 0.59368
122 0.596307
123 0.598372
124 0.600872
125 0.604063
126 0.605303
127 0.608038
128 0.6098
129 0.612132
130 0.614576
131 0.616355
132 0.617767
133 0.619548
134 0.621668
135 0.623419
136 0.625979
137 0.627336
138 0.629383
139 0.630356
140 0.631896
141 0.633595
142 0.63555
143 0.637128
144 0.638174
145 0.640635
146 0.642002
147 0.644135
148 0.645572
149 0.646699
150 0.64775
151 0.648368
152 0.651267
153 0.652886
154 0.653571
155 0.654661
156 0.656403
157 0.657342
158 0.659331
159 0.660344
160 0.661579
161 0.662709
162 0.663849
163 0.665344
164 0.665948
165 0.667534
166 0.669337
167 0.670317
168 0.671124
169 0.672844
170 0.673425
171 0.674539
172 0.675645
173 0.677652
174 0.677628
175 0.678206
176 0.680241
177 0.681167
178 0.682261
179 0.682922
180 0.683836
181 0.684902
182 0.686006
183 0.686235
184 0.687763
185 0.688712
186 0.689607
187 0.690565
188 0.69108
189 0.692786
190 0.69374
191 0.694175
192 0.694353
193 0.69663
194 0.697186
195 0.696696
196 0.698585
197 0.699763
198 0.699663
199 0.700811
200 0.70159
201 0.702437
202 0.70354
203 0.703441
204 0.704008
205 0.706477
206 0.706461
207 0.70738
208 0.707859
209 0.708169
210 0.709446
211 0.709754
212 0.710639
213 0.712109
214 0.712337
215 0.712944
216 0.713193
217 0.714606
218 0.714972
219 0.714873
220 0.716554
221 0.716732
222 0.717473
223 0.717634
224 0.718297
225 0.719076
226 0.719595
227 0.720754
228 0.720531
229 0.721818
230 0.722039
231 0.72255
232 0.723255
233 0.723921
234 0.724288
235 0.724554
236 0.725955
237 0.726579
238 0.727684
239 0.72764
240 0.728292
241 0.728657
242 0.729632
243 0.729713
244 0.730596
245 0.731229
246 0.731859
247 0.732569
248 0.731808
249 0.733088
250 0.734644
251 0.734387
252 0.73392
253 0.735136
254 0.735146
255 0.735964
256 0.736427
257 0.737203
258 0.736683
259 0.738234
260 0.738937
261 0.739478
262 0.739158
263 0.740184
264 0.740453
265 0.741054
266 0.740445
267 0.741582
268 0.742862
269 0.742975
270 0.743585
271 0.743361
272 0.744886
273 0.744359
274 0.744307
275 0.746012
276 0.74611
277 0.746268
278 0.7464
279 0.747084
280 0.747448
281 0.747565
282 0.747718
283 0.748085
284 0.74917
285 0.749074
286 0.749643
287 0.750231
288 0.750134
289 0.751304
290 0.751026
291 0.752088
292 0.75268
293 0.752282
294 0.752494
295 0.753679
296 0.7534
297 0.75358
298 0.753722
299 0.754004
300 0.754566
301 0.755521
302 0.75574
303 0.756441
304 0.756669
305 0.756765
306 0.757213
307 0.756865
308 0.757467
309 0.757893
310 0.758285
311 0.758365
312 0.759597
313 0.758707
314 0.75985
315 0.7607
316 0.760776
317 0.760966
318 0.761704
319 0.761159
320 0.761833
321 0.76174
322 0.762453
323 0.76262
324 0.763334
325 0.763311
326 0.763981
327 0.763432
328 0.764218
329 0.764617
330 0.764951
331 0.765618
332 0.765912
333 0.765452
334 0.765784
335 0.766433
336 0.767392
337 0.767587
338 0.767088
339 0.768146
340 0.767582
341 0.768426
342 0.768978
343 0.768707
344 0.769749
345 0.768902
346 0.769979
347 0.770086
348 0.770223
349 0.770135
350 0.771065
351 0.770988
352 0.771067
353 0.772125
354 0.77276
355 0.772294
356 0.772491
357 0.772659
358 0.773094
359 0.772657
360 0.773157
361 0.774172
362 0.774001
363 0.774698
364 0.77496
365 0.775578
366 0.774728
367 0.775974
368 0.776072
369 0.775595
370 0.776042
371 0.776559
372 0.777514
373 0.776587
374 0.777266
375 0.777691
376 0.777225
377 0.77751
378 0.778227
379 0.778539
380 0.778778
381 0.7789
382 0.779591
383 0.778845
384 0.77928
385 0.78006
386 0.780249
387 0.780332
388 0.780029
389 0.780581
390 0.780705
391 0.781327
392 0.782066
393 0.781723
394 0.78174
395 0.782329
396 0.782456
397 0.782987
398 0.782755
399 0.782997
400 0.783594
