1 0.437633
2 0.437633
3 0.43759
4 0.43761
5 0.437598
6 0.437595
7 0.437598
8 0.437574
9 0.437585
10 0.437578
11 0.437566
12 0.43756
13 0.437593
14 0.43762
15 0.437594
16 0.437596
17 0.437598
18 0.437593
19 0.437596
20 0.437594
21 0.437594
22 0.437595
23 0.437586
24 0.43759
25 0.437587
26 0.434377
27 0.429864
28 0.424922
29 0.419977
30 0.415166
31 0.410619
32 0.406331
33 0.40223
34 0.398358
35 0.394741
36 0.391315
37 0.388087
38 0.384979
39 0.382062
40 0.379286
41 0.375947
42 0.372325
43 0.368615
44 0.364891
45 0.361193
46 0.357609
47 0.35409
48 0.350656
49 0.347389
50 0.344205
51 0.34097
52 0.33759
53 0.334163
54 0.330628
55 0.32717
56 0.323703
57 0.320297
58 0.316893
59 0.313543
60 0.310331
61 0.307123
62 0.303989
63 0.300938
64 0.297931
65 0.294953
66 0.292142
67 0.289304
68 0.286479
69 0.283611
70 0.280926
71 0.278208
72 0.275574
73 0.272959
74 0.270447
75 0.267875
76 0.265433
77 0.262959
78 0.260469
79 0.258088
80 0.255771
81 0.253483
82 0.251235
83 0.248969
84 0.246797
85 0.244604
86 0.242487
87 0.240401
88 0.23837
89 0.236279
90 0.234281
91 0.232267
92 0.230344
93 0.228458
94 0.226514
95 0.224572
96 0.222844
97 0.22094
98 0.219206
99 0.217393
100 0.21569
101 0.214047
102 0.212269
103 0.210664
104 0.208993
105 0.207456
106 0.205828
107 0.204292
108 0.202794
109 0.201258
110 0.199761
111 0.198327
112 0.196871
113 0.195433
114 0.194073
115 0.19276
116 0.191318
117 0.189982
118 0.188618
119 0.187383
120 0.186036
121 0.184815
122 0.183507
123 0.182366
124 0.181082
125 0.179848
126 0.178697
127 0.177498
128 0.176348
129 0.175286
130 0.17408
131 0.172914
132 0.171889
133 0.170777
134 0.169705
135 0.168647
136 0.167613
137 0.166495
138 0.165553
139 0.164546
140 0.163543
141 0.162634
142 0.161604
143 0.160645
144 0.159725
145 0.158777
146 0.157857
147 0.156898
148 0.156047
149 0.155136
150 0.154272
151 0.153421
152 0.15249
153 0.151649
154 0.150878
155 0.150071
156 0.149213
157 0.148418
158 0.147603
159 0.146812
160 0.146026
161 0.145259
162 0.144472
163 0.143747
164 0.143029
165 0.142224
166 0.141513
167 0.140755
168 0.140053
169 0.13937
170 0.138614
171 0.137995
172 0.137315
173 0.13659
174 0.135992
175 0.135333
176 0.13465
177 0.13399
178 0.133346
179 0.132686
180 0.132115
181 0.131459
182 0.130846
183 0.130251
184 0.129572
185 0.129056
186 0.128406
187 0.127847
188 0.127222
189 0.126639
190 0.12606
191 0.125518
192 0.124938
193 0.124391
194 0.123822
195 0.12334
196 0.122737
197 0.122201
198 0.121708
199 0.121157
200 0.1206
201 0.120116
202 0.119574
203 0.119075
204 0.118587
205 0.118037
206 0.117586
207 0.117055
208 0.116598
209 0.116128
210 0.115606
211 0.115167
212 0.114724
213 0.114184
214 0.113766
215 0.113253
216 0.11285
217 0.112426
218 0.111919
219 0.111513
220 0.111079
221 0.11065
222 0.110204
223 0.10983
224 0.109399
225 0.108947
226 0.108529
227 0.108038
228 0.107696
229 0.107276
230 0.106843
231 0.10645
232 0.106052
233 0.105771
234 0.105297
235 0.104905
236 0.104554
237 0.104179
238 0.103742
239 0.103367
240 0.103031
241 0.102651
242 0.102266
243 0.101923
244 0.101554
245 0.101172
246 0.100839
247 0.10047
248 0.100134
249 0.0997929
250 0.0993985
251 0.0991175
252 0.0987457
253 0.0983841
254 0.0980844
255 0.0977748
256 0.0974173
257 0.0970861
258 0.096792
259 0.0964505
260 0.0960714
261 0.0957496
262 0.0954726
263 0.095169
264 0.0948498
265 0.0945274
266 0.0942509
267 0.0939187
268 0.0935817
269 0.0932908
270 0.0930266
271 0.0927131
272 0.0923578
273 0.0921322
274 0.091855
275 0.0915433
276 0.0912257
277 0.0909463
278 0.0906948
279 0.0903974
280 0.0901218
281 0.0898459
282 0.0895853
283 0.089273
284 0.089012
285 0.0887033
286 0.0884492
287 0.0882005
288 0.0879182
289 0.0877073
290 0.0873855
291 0.0871145
292 0.0868797
293 0.0866166
294 0.0863516
295 0.0860841
296 0.0858437
297 0.0856034
298 0.0853467
299 0.0851538
300 0.0848359
301 0.0846102
302 0.084394
303 0.0841149
304 0.0838789
305 0.083626
306 0.0834236
307 0.0831527
308 0.0829727
309 0.0827094
310 0.0824628
311 0.0822373
312 0.0819682
313 0.0817525
314 0.0815775
315 0.0813327
316 0.0810497
317 0.0808827
318 0.0806181
319 0.0804361
320 0.0801924
321 0.0800007
322 0.0797919
323 0.0795466
324 0.0793392
325 0.0791401
326 0.0789292
327 0.0787292
328 0.0785475
329 0.0783396
330 0.0781405
331 0.0779389
332 0.0777399
333 0.0775717
334 0.0773432
335 0.0771524
336 0.0769184
337 0.0767583
338 0.0765779
339 0.0763368
340 0.0762018
341 0.0759446
342 0.0757786
343 0.0755882
344 0.0754145
345 0.0752277
346 0.0749856
347 0.0748324
348 0.0746601
349 0.0744786
350 0.0742314
351 0.0740771
352 0.0739121
353 0.073706
354 0.0735241
355 0.0733284
356 0.0731475
357 0.0729696
358 0.0727798
359 0.0726464
360 0.0724973
361 0.072222
362 0.0721307
363 0.0719089
364 0.0717716
365 0.071527
366 0.071443
367 0.0712122
368 0.0710645
369 0.0708861
370 0.0707486
371 0.070589
372 0.0703648
373 0.0702606
374 0.070088
375 0.0699098
376 0.069778
377 0.0695711
378 0.0694647
379 0.0692481
380 0.0690913
381 0.0689593
382 0.0688107
383 0.0686729
384 0.0684936
385 0.0683472
386 0.0681645
387 0.0680441
388 0.0679335
389 0.067735
390 0.0676172
391 0.0674433
392 0.0672641
393 0.067144
394 0.0669913
395 0.0668204
396 0.0666764
397 0.0665246
398 0.0663937
399 0.0662378
400 0.0661234
