1 0.499006
2 0.499897
3 0.498944
4 0.499354
5 0.49961
6 0.500125
7 0.500953
8 0.499812
9 0.49851
10 0.500442
11 0.499808
12 0.500607
13 0.500414
14 0.500465
15 0.500227
16 0.656424
17 0.661969
18 0.66408
19 0.665498
20 0.66625
21 0.665949
22 0.666267
23 0.666442
24 0.66665
25 0.666163
26 0.666441
27 0.665923
28 0.666268
29 0.66541
30 0.66605
31 0.666296
32 0.665766
33 0.666988
34 0.665841
35 0.666593
36 0.666633
37 0.666638
38 0.667414
39 0.667286
40 0.667827
41 0.666649
42 0.66655
43 0.667323
44 0.667652
45 0.668231
46 0.667949
47 0.668675
48 0.668756
49 0.669423
50 0.669225
51 0.669955
52 0.670687
53 0.670766
54 0.67235
55 0.672351
56 0.671647
57 0.673508
58 0.674184
59 0.675825
60 0.676817
61 0.677961
62 0.678103
63 0.680033
64 0.681341
65 0.682478
66 0.684137
67 0.685091
68 0.686493
69 0.688464
70 0.68938
71 0.692175
72 0.69504
73 0.697489
74 0.698668
75 0.700469
76 0.702727
77 0.70487
78 0.706417
79 0.707785
80 0.710123
81 0.712471
82 0.71689
83 0.721834
84 0.725168
85 0.72794
86 0.730551
87 0.731615
88 0.732784
89 0.734933
90 0.737457
91 0.73849
92 0.739962
93 0.746716
94 0.752773
95 0.755497
96 0.758824
97 0.761237
98 0.762426
99 0.76405
100 0.766187
101 0.766248
102 0.769056
103 0.769835
104 0.776325
105 0.781239
106 0.784162
107 0.786444
108 0.787668
109 0.788741
110 0.79068
111 0.790638
112 0.791353
113 0.791906
114 0.792788
115 0.797168
116 0.800419
117 0.801863
118 0.802891
119 0.802907
120 0.801969
121 0.801621
122 0.800283
123 0.800114
124 0.798887
125 0.796662
126 0.797559
127 0.796632
128 0.793095
129 0.786183
130 0.785042
131 0.784193
132 0.783034
133 0.780734
134 0.779829
135 0.777428
136 0.776165
137 0.775925
138 0.774439
139 0.774392
140 0.772244
141 0.769016
142 0.767052
143 0.764408
144 0.762396
145 0.759862
146 0.757361
147 0.754734
148 0.752382
149 0.749161
150 0.747044
151 0.742888
152 0.739844
153 0.736961
154 0.733124
155 0.729901
156 0.726299
157 0.722989
158 0.718406
159 0.715092
160 0.71197
161 0.706579
162 0.703283
163 0.698392
164 0.693934
165 0.690854
166 0.686285
167 0.682301
168 0.677701
169 0.674043
170 0.669032
171 0.664746
172 0.659627
173 0.656973
174 0.650541
175 0.647583
176 0.640809
177 0.63635
178 0.630307
179 0.626823
180 0.622547
181 0.616443
182 0.613595
183 0.607019
184 0.604335
185 0.598534
186 0.596315
187 0.590333
188 0.585828
189 0.582096
190 0.577055
191 0.572737
192 0.564247
193 0.561709
194 0.554255
195 0.550735
196 0.548791
197 0.540278
198 0.536703
199 0.534888
200 0.530003
201 0.526644
202 0.524126
203 0.518445
204 0.514939
205 0.513503
206 0.502875
207 0.500861
208 0.497946
209 0.496171
210 0.493462
211 0.491826
212 0.489992
213 0.489497
214 0.486832
215 0.485658
216 0.485487
217 0.485663
218 0.484802
219 0.481848
220 0.482574
221 0.481882
222 0.482379
223 0.482111
224 0.482443
225 0.481712
226 0.482084
227 0.483135
228 0.484186
229 0.48368
230 0.485627
231 0.488065
232 0.489394
233 0.487845
234 0.489235
235 0.491537
236 0.494252
237 0.494346
238 0.495825
239 0.499303
240 0.499757
241 0.502178
242 0.503565
243 0.506112
244 0.499447
245 0.502996
246 0.50692
247 0.509286
248 0.513225
249 0.518167
250 0.521522
251 0.527489
252 0.52984
253 0.534515
254 0.539309
255 0.546678
256 0.550546
257 0.555819
258 0.559704
259 0.565386
260 0.571862
261 0.57676
262 0.58411
263 0.589466
264 0.595645
265 0.601453
266 0.608904
267 0.614914
268 0.620578
269 0.627378
270 0.634053
271 0.640585
272 0.647864
273 0.654423
274 0.661211
275 0.668534
276 0.675375
277 0.682337
278 0.68938
279 0.696095
280 0.702444
281 0.708851
282 0.714919
283 0.721203
284 0.727646
285 0.734431
286 0.741013
287 0.746144
288 0.753707
289 0.75917
290 0.765033
291 0.771057
292 0.776251
293 0.781419
294 0.786292
295 0.791248
296 0.796744
297 0.800843
298 0.805217
299 0.810366
300 0.814308
301 0.81894
302 0.823347
303 0.827028
304 0.830819
305 0.833964
306 0.836604
307 0.84064
308 0.842825
309 0.845984
310 0.848938
311 0.851401
312 0.854636
313 0.857675
314 0.859886
315 0.862141
316 0.864387
317 0.865707
318 0.867979
319 0.869305
320 0.870353
321 0.8721
322 0.873233
323 0.874994
324 0.876345
325 0.87745
326 0.878713
327 0.879846
328 0.881035
329 0.88177
330 0.882304
331 0.883291
332 0.884394
333 0.884465
334 0.885607
335 0.885452
336 0.886616
337 0.886618
338 0.887745
339 0.888076
340 0.888176
341 0.888581
342 0.889125
343 0.889435
344 0.889359
345 0.889757
346 0.889688
347 0.889595
348 0.890074
349 0.89064
350 0.890849
351 0.89058
352 0.891065
353 0.891153
354 0.89125
355 0.891428
356 0.891733
357 0.892131
358 0.892702
359 0.891979
360 0.892376
361 0.892477
362 0.892115
363 0.892663
364 0.892574
365 0.893101
366 0.893048
367 0.892658
368 0.892495
369 0.892765
370 0.892899
371 0.893188
372 0.893657
373 0.893414
374 0.894021
375 0.893726
376 0.894225
377 0.893823
378 0.89393
379 0.89431
380 0.894596
381 0.89449
382 0.894592
383 0.89503
384 0.894128
385 0.894707
386 0.894854
387 0.894651
388 0.894925
389 0.89482
390 0.895105
391 0.895175
392 0.895123
393 0.895062
394 0.895661
395 0.89529
396 0.895762
397 0.89622
398 0.895779
399 0.896163
400 0.896166
