1 0.437837
2 0.4375
3 0.437474
4 0.437448
5 0.437477
6 0.437432
7 0.437292
8 0.43736
9 0.43745
10 0.437409
11 0.437442
12 0.437409
13 0.437427
14 0.437414
15 0.437386
16 0.427636
17 0.418706
18 0.410622
19 0.403323
20 0.396727
21 0.390743
22 0.385294
23 0.380312
24 0.375745
25 0.37155
26 0.367678
27 0.364098
28 0.360771
29 0.357677
30 0.354788
31 0.352085
32 0.349551
33 0.347166
34 0.344922
35 0.342803
36 0.340801
37 0.338902
38 0.337098
39 0.335384
40 0.333754
41 0.332201
42 0.330719
43 0.329301
44 0.327944
45 0.326642
46 0.325392
47 0.324189
48 0.323027
49 0.321902
50 0.320817
51 0.319767
52 0.318749
53 0.317757
54 0.316794
55 0.315853
56 0.314935
57 0.314034
58 0.313149
59 0.312279
60 0.311422
61 0.31057
62 0.309728
63 0.308896
64 0.30807
65 0.307251
66 0.306438
67 0.305629
68 0.304824
69 0.304026
70 0.303229
71 0.302417
72 0.301589
73 0.300753
74 0.29991
75 0.299062
76 0.298213
77 0.297364
78 0.296511
79 0.295656
80 0.294799
81 0.293938
82 0.29304
83 0.292107
84 0.291156
85 0.290193
86 0.289224
87 0.288275
88 0.287322
89 0.286369
90 0.285418
91 0.284465
92 0.283517
93 0.282516
94 0.281483
95 0.280431
96 0.27937
97 0.278309
98 0.27725
99 0.276198
100 0.275157
101 0.27412
102 0.273088
103 0.272065
104 0.271
105 0.269908
106 0.26881
107 0.267713
108 0.266622
109 0.265539
110 0.264465
111 0.263403
112 0.262353
113 0.261319
114 0.260298
115 0.259254
116 0.258197
117 0.257144
118 0.256106
119 0.255084
120 0.254081
121 0.253101
122 0.252146
123 0.251211
124 0.2503
125 0.249424
126 0.248556
127 0.247705
128 0.246896
129 0.246151
130 0.245428
131 0.244724
132 0.24404
133 0.243379
134 0.242739
135 0.242126
136 0.241534
137 0.240951
138 0.240382
139 0.23983
140 0.239297
141 0.238793
142 0.238313
143 0.237856
144 0.237419
145 0.237006
146 0.236619
147 0.236254
148 0.235911
149 0.235591
150 0.235292
151 0.235023
152 0.234774
153 0.23455
154 0.234355
155 0.234184
156 0.234031
157 0.233908
158 0.233814
159 0.233739
160 0.233689
161 0.233668
162 0.233673
163 0.233701
164 0.233758
165 0.233837
166 0.23394
167 0.234065
168 0.234215
169 0.234388
170 0.234589
171 0.234809
172 0.235058
173 0.235321
174 0.235616
175 0.235927
176 0.236271
177 0.236634
178 0.237029
179 0.237441
180 0.237872
181 0.238329
182 0.238801
183 0.239301
184 0.239811
185 0.240346
186 0.240891
187 0.241457
188 0.242042
189 0.242639
190 0.24326
191 0.243897
192 0.244568
193 0.245248
194 0.245958
195 0.246679
196 0.247403
197 0.248164
198 0.248935
199 0.249712
200 0.250503
201 0.251303
202 0.252108
203 0.25293
204 0.25376
205 0.254593
206 0.255469
207 0.256342
208 0.257223
209 0.258101
210 0.258985
211 0.259871
212 0.260752
213 0.261629
214 0.262511
215 0.26339
216 0.264263
217 0.265128
218 0.265992
219 0.266854
220 0.26771
221 0.26856
222 0.269402
223 0.270234
224 0.271059
225 0.271881
226 0.272691
227 0.27349
228 0.274277
229 0.275059
230 0.275826
231 0.276579
232 0.277318
233 0.278058
234 0.278785
235 0.279497
236 0.280191
237 0.280877
238 0.281552
239 0.282208
240 0.282856
241 0.283486
242 0.284105
243 0.284711
244 0.285338
245 0.285947
246 0.286537
247 0.287109
248 0.28766
249 0.288189
250 0.288697
251 0.289182
252 0.289652
253 0.290099
254 0.290523
255 0.290918
256 0.291292
257 0.291645
258 0.291978
259 0.292288
260 0.292573
261 0.292833
262 0.293066
263 0.293273
264 0.293459
265 0.293619
266 0.293751
267 0.293857
268 0.29394
269 0.293997
270 0.294031
271 0.294041
272 0.294025
273 0.293984
274 0.293918
275 0.293827
276 0.293713
277 0.293572
278 0.293409
279 0.293223
280 0.293015
281 0.292785
282 0.292534
283 0.292263
284 0.291971
285 0.291659
286 0.291328
287 0.290977
288 0.290606
289 0.290215
290 0.289808
291 0.289384
292 0.288944
293 0.28849
294 0.288022
295 0.287541
296 0.287047
297 0.28654
298 0.286022
299 0.285492
300 0.284949
301 0.284395
302 0.283832
303 0.283258
304 0.282677
305 0.28209
306 0.281495
307 0.280895
308 0.280287
309 0.279675
310 0.279058
311 0.278435
312 0.277807
313 0.277175
314 0.27654
315 0.275901
316 0.275259
317 0.274617
318 0.273973
319 0.273328
320 0.272682
321 0.272035
322 0.271388
323 0.270741
324 0.270094
325 0.269446
326 0.2688
327 0.268154
328 0.267509
329 0.266865
330 0.266223
331 0.265583
332 0.264944
333 0.264306
334 0.263671
335 0.263038
336 0.262406
337 0.261778
338 0.261151
339 0.260528
340 0.259907
341 0.259288
342 0.258672
343 0.258058
344 0.257447
345 0.256839
346 0.256234
347 0.255632
348 0.255033
349 0.254437
350 0.253843
351 0.253253
352 0.252665
353 0.25208
354 0.251498
355 0.250919
356 0.250343
357 0.249769
358 0.249198
359 0.24863
360 0.248065
361 0.247503
362 0.246945
363 0.246388
364 0.245835
365 0.245284
366 0.244735
367 0.24419
368 0.243647
369 0.243108
370 0.24257
371 0.242035
372 0.241503
373 0.240973
374 0.240446
375 0.239921
376 0.239399
377 0.23888
378 0.238362
379 0.237847
380 0.237335
381 0.236825
382 0.236318
383 0.235812
384 0.23531
385 0.23481
386 0.234313
387 0.233817
388 0.233324
389 0.232833
390 0.232345
391 0.231859
392 0.231375
393 0.230892
394 0.230413
395 0.229935
396 0.22946
397 0.228986
398 0.228515
399 0.228046
400 0.227579
