1 3.17962
2 1.67419
3 1.05212
4 0.838593
5 0.815805
6 0.8794
7 0.984446
8 1.10747
9 1.23799
10 1.37258
11 1.50905
12 1.64579
13 1.7832
14 1.92056
15 2.05803
16 0.735462
17 0.870219
18 0.957382
19 0.660893
20 0.684521
21 0.721188
22 0.57733
23 0.585534
24 0.59906
25 0.518794
26 0.518199
27 0.342495
28 0.357022
29 0.368748
30 0.310809
31 0.308625
32 0.316598
33 0.275378
34 0.276057
35 0.278538
36 0.249699
37 0.250598
38 0.182456
39 0.186041
40 0.189516
41 0.170423
42 0.165372
43 0.168528
44 0.151997
45 0.151273
46 0.15198
47 0.140965
48 0.142835
49 0.116991
50 0.116688
51 0.117479
52 0.112935
53 0.107092
54 0.108084
55 0.101391
56 0.100487
57 0.100452
58 0.0963778
59 0.0985025
60 0.0885997
61 0.0872199
62 0.0870358
63 0.0872016
64 0.0820419
65 0.0821764
66 0.079227
67 0.0783257
68 0.0780032
69 0.076394
70 0.0786315
71 0.0744527
72 0.0728977
73 0.0723931
74 0.0737435
75 0.0693868
76 0.0691717
77 0.0676276
78 0.0668545
79 0.0663604
80 0.0656753
81 0.0675251
82 0.0652303
83 0.0637398
84 0.0630507
85 0.0641874
86 0.0606843
87 0.0601898
88 0.0592568
89 0.0584025
90 0.0578369
91 0.0572634
92 0.058706
93 0.0567319
94 0.0552972
95 0.0545533
96 0.0550396
97 0.0523162
98 0.0516994
99 0.0509189
100 0.0500184
101 0.0494377
102 0.0488273
103 0.0497397
104 0.047811
105 0.0464891
106 0.0456641
107 0.0455424
108 0.0435942
109 0.0429858
110 0.0423203
111 0.0414893
112 0.0410258
113 0.0404208
114 0.0407251
115 0.0390169
116 0.0379282
117 0.0370876
118 0.0366456
119 0.0354136
120 0.0348131
121 0.0342617
122 0.0335612
123 0.0332048
124 0.0326933
125 0.0326145
126 0.0313779
127 0.0305356
128 0.0299168
129 0.029424
130 0.0286826
131 0.0282404
132 0.0278411
133 0.0273773
134 0.0271202
135 0.0267059
136 0.0265508
137 0.0257558
138 0.0252261
139 0.0247913
140 0.0244426
141 0.024048
142 0.0237404
143 0.0234955
144 0.0232188
145 0.023034
146 0.0227728
147 0.0225671
148 0.0221703
149 0.0218663
150 0.0216101
151 0.0213807
152 0.0211569
153 0.020983
154 0.0208275
155 0.0206172
156 0.0204975
157 0.020341
158 0.020196
159 0.0199704
160 0.0197876
161 0.0196133
162 0.0194742
163 0.0193456
164 0.0192079
165 0.019111
166 0.0189681
167 0.0188774
168 0.0187636
169 0.0186273
170 0.0184927
171 0.0183476
172 0.018244
173 0.0181413
174 0.0180368
175 0.0179345
176 0.017851
177 0.0177422
178 0.0176529
179 0.0175597
180 0.0174359
181 0.0173396
182 0.017225
183 0.017093
184 0.0169877
185 0.0168919
186 0.0168086
187 0.0167183
188 0.0166314
189 0.0165142
190 0.0164093
191 0.0162753
192 0.01617
193 0.0160744
194 0.0159825
195 0.0158769
196 0.015784
197 0.0156933
198 0.0155985
199 0.0155135
200 0.0154288
201 0.0153291
202 0.0152271
203 0.0151422
204 0.0150623
205 0.0149628
206 0.0148788
207 0.0148128
208 0.0147275
209 0.0146686
210 0.0146004
211 0.0145324
212 0.0144549
213 0.0143832
214 0.0143193
215 0.0142531
216 0.0141814
217 0.0141157
218 0.0140567
219 0.0139992
220 0.0139427
221 0.0138635
222 0.013828
223 0.0137596
224 0.0136864
225 0.0136271
226 0.0135503
227 0.0134875
228 0.0134317
229 0.0133792
230 0.0133
231 0.0132449
232 0.013182
233 0.0131206
234 0.013054
235 0.0130107
236 0.0129431
237 0.0128675
238 0.0128113
239 0.0127531
240 0.0126864
241 0.0126339
242 0.0125651
243 0.0125074
244 0.0124471
245 0.0123867
246 0.0123342
247 0.0122654
248 0.012193
249 0.0121307
250 0.0120735
251 0.0120107
252 0.0119464
253 0.0118946
254 0.0118334
255 0.0117871
256 0.0117326
257 0.0116873
258 0.0116215
259 0.0115715
260 0.0115157
261 0.0114386
262 0.011384
263 0.0113139
264 0.0112628
265 0.0111941
266 0.0111316
267 0.0110781
268 0.0110064
269 0.0109453
270 0.0109003
271 0.0108467
272 0.0107834
273 0.0107303
274 0.0106641
275 0.0106198
276 0.0105495
277 0.0104916
278 0.0104301
279 0.0103871
280 0.010341
281 0.010287
282 0.0102259
283 0.0101647
284 0.0100902
285 0.0100264
286 0.0099736
287 0.00991534
288 0.00986436
289 0.00980871
290 0.00975876
291 0.00970769
292 0.0096443
293 0.00958402
294 0.00952898
295 0.00947472
296 0.0094238
297 0.00937027
298 0.00931566
299 0.00926806
300 0.00921122
301 0.00915422
302 0.00911225
303 0.00905069
304 0.00900334
305 0.00895046
306 0.00889566
307 0.00885075
308 0.00879959
309 0.00875334
310 0.00870642
311 0.00865216
312 0.00861326
313 0.00855432
314 0.00851555
315 0.00846613
316 0.00840905
317 0.00836342
318 0.00831615
319 0.00828172
320 0.00822322
321 0.00817721
322 0.00812701
323 0.00808076
324 0.00803162
325 0.0079852
326 0.00794176
327 0.00790199
328 0.00786362
329 0.00780689
330 0.00775809
331 0.00771939
332 0.00767425
333 0.00763597
334 0.0076037
335 0.00756064
336 0.00752451
337 0.00747805
338 0.00743227
339 0.00739053
340 0.00734584
341 0.00731102
342 0.00728098
343 0.00724276
344 0.00720156
345 0.00716619
346 0.00712656
347 0.0070938
348 0.00705825
349 0.00701076
350 0.0069731
351 0.00693091
352 0.00689526
353 0.00686484
354 0.00682791
355 0.00678452
356 0.00675103
357 0.00672678
358 0.00668504
359 0.00665334
360 0.00663238
361 0.00659967
362 0.00657382
363 0.00654093
364 0.00651156
365 0.00648158
366 0.00644798
367 0.00641544
368 0.00639068
369 0.00635997
370 0.00633154
371 0.0063013
372 0.00627692
373 0.00624748
374 0.00621269
375 0.00617929
376 0.00615571
377 0.00613175
378 0.00610212
379 0.00607676
380 0.00604573
381 0.00602075
382 0.00599358
383 0.00596423
384 0.00594247
385 0.00591184
386 0.00589085
387 0.00586996
388 0.00584427
389 0.00582179
390 0.00579996
391 0.00576717
392 0.00574255
393 0.00572702
394 0.00570332
395 0.0056842
396 0.00565298
397 0.00562552
398 0.00560324
399 0.00558774
400 0.00557037
