1 0.066917
2 0.066714
3 0.06678
4 0.066851
5 0.06697
6 0.06687
7 0.066271
8 0.066659
9 0.066568
10 0.066285
11 0.06718
12 0.066545
13 0.066379
14 0.066458
15 0.066553
16 0.096831
17 0.097809
18 0.098281
19 0.098421
20 0.098728
21 0.098696
22 0.098648
23 0.098651
24 0.098534
25 0.098604
26 0.098719
27 0.098777
28 0.098914
29 0.098892
30 0.099003
31 0.099151
32 0.099031
33 0.098945
34 0.098949
35 0.09906
36 0.099149
37 0.099238
38 0.099003
39 0.098959
40 0.09896
41 0.098841
42 0.098932
43 0.099132
44 0.09937
45 0.099522
46 0.099743
47 0.09971
48 0.099949
49 0.100656
50 0.100777
51 0.100998
52 0.101094
53 0.1013
54 0.101768
55 0.101973
56 0.102288
57 0.102767
58 0.10343
59 0.103784
60 0.103605
61 0.104563
62 0.105509
63 0.106295
64 0.107287
65 0.108084
66 0.10872
67 0.109236
68 0.109942
69 0.11089
70 0.111656
71 0.1125
72 0.114479
73 0.116246
74 0.11736
75 0.118659
76 0.119695
77 0.120663
78 0.121747
79 0.122656
80 0.123314
81 0.124484
82 0.125079
83 0.128605
84 0.131403
85 0.133168
86 0.135055
87 0.129135
88 0.130248
89 0.130912
90 0.131075
91 0.131514
92 0.131752
93 0.133177
94 0.135155
95 0.138088
96 0.140434
97 0.141512
98 0.141435
99 0.141886
100 0.141592
101 0.140249
102 0.13984
103 0.139329
104 0.139133
105 0.141508
106 0.141567
107 0.142983
108 0.143099
109 0.1434
110 0.142761
111 0.140322
112 0.139537
113 0.137771
114 0.136552
115 0.134637
116 0.135809
117 0.136126
118 0.13375
119 0.132273
120 0.129677
121 0.127387
122 0.124584
123 0.122813
124 0.120065
125 0.117216
126 0.114894
127 0.113804
128 0.11057
129 0.106427
130 0.104531
131 0.102502
132 0.100381
133 0.098082
134 0.095978
135 0.093744
136 0.091709
137 0.090039
138 0.088922
139 0.087485
140 0.08586
141 0.083916
142 0.081942
143 0.080205
144 0.078606
145 0.07662
146 0.075044
147 0.073397
148 0.072065
149 0.070728
150 0.069596
151 0.06835
152 0.067025
153 0.06568
154 0.064432
155 0.063352
156 0.062324
157 0.061188
158 0.060299
159 0.059564
160 0.05874
161 0.057818
162 0.056395
163 0.055652
164 0.054805
165 0.054014
166 0.053208
167 0.052616
168 0.052079
169 0.051616
170 0.051303
171 0.051023
172 0.050549
173 0.050386
174 0.049895
175 0.049706
176 0.049643
177 0.04975
178 0.049949
179 0.050198
180 0.05074
181 0.051323
182 0.052252
183 0.053514
184 0.055378
185 0.05766
186 0.06018
187 0.063227
188 0.066526
189 0.070111
190 0.074088
191 0.078404
192 0.082698
193 0.087412
194 0.092266
195 0.097609
196 0.103168
197 0.108509
198 0.114258
199 0.120312
200 0.126193
201 0.132438
202 0.138741
203 0.144814
204 0.151123
205 0.156907
206 0.162893
207 0.168677
208 0.174882
209 0.179597
210 0.185646
211 0.191581
212 0.197219
213 0.202681
214 0.207993
215 0.213204
216 0.218125
217 0.223035
218 0.227785
219 0.232252
220 0.237144
221 0.242077
222 0.246327
223 0.250604
224 0.254202
225 0.257771
226 0.261034
227 0.264356
228 0.26738
229 0.270482
230 0.273241
231 0.275988
232 0.278289
233 0.280427
234 0.282711
235 0.284816
236 0.28703
237 0.288641
238 0.290305
239 0.292144
240 0.293533
241 0.294766
242 0.296256
243 0.297288
244 0.298088
245 0.299109
246 0.300171
247 0.301317
248 0.302247
249 0.302715
250 0.303433
251 0.303963
252 0.304678
253 0.305383
254 0.305952
255 0.306786
256 0.307234
257 0.306664
258 0.306923
259 0.306431
260 0.307147
261 0.307729
262 0.307919
263 0.308295
264 0.308711
265 0.309086
266 0.309602
267 0.309816
268 0.310537
269 0.311315
270 0.311678
271 0.31149
272 0.312753
273 0.313219
274 0.314022
275 0.314522
276 0.314929
277 0.315491
278 0.316175
279 0.316842
280 0.317618
281 0.318008
282 0.318804
283 0.319671
284 0.320198
285 0.321238
286 0.321833
287 0.322712
288 0.323596
289 0.323876
290 0.324109
291 0.324988
292 0.325481
293 0.32598
294 0.327532
295 0.328067
296 0.328792
297 0.32938
298 0.330342
299 0.33092
300 0.331737
301 0.332534
302 0.333264
303 0.333956
304 0.334602
305 0.334797
306 0.33555
307 0.336165
308 0.336626
309 0.336929
310 0.337682
311 0.338257
312 0.338927
313 0.339892
314 0.340713
315 0.341211
316 0.342108
317 0.343067
318 0.343468
319 0.344037
320 0.344846
321 0.345523
322 0.346141
323 0.346585
324 0.347266
325 0.347875
326 0.348336
327 0.34879
328 0.349379
329 0.349908
330 0.351103
331 0.351722
332 0.351949
333 0.352135
334 0.352905
335 0.353278
336 0.354201
337 0.354506
338 0.355006
339 0.355527
340 0.355922
341 0.356627
342 0.357287
343 0.357521
344 0.358311
345 0.358882
346 0.359322
347 0.359945
348 0.360595
349 0.361478
350 0.362228
351 0.362738
352 0.363191
353 0.364174
354 0.365346
355 0.365739
356 0.366314
357 0.367153
358 0.367733
359 0.36864
360 0.369469
361 0.36992
362 0.370709
363 0.371316
364 0.371864
365 0.372151
366 0.372954
367 0.373309
368 0.373763
369 0.37497
370 0.37565
371 0.375892
372 0.376567
373 0.376902
374 0.377561
375 0.378383
376 0.379094
377 0.379742
378 0.380698
379 0.381073
380 0.381906
381 0.382488
382 0.383444
383 0.383558
384 0.384293
385 0.384525
386 0.38494
387 0.385814
388 0.386606
389 0.387003
390 0.387605
391 0.388426
392 0.38903
393 0.389776
394 0.390769
395 0.391275
396 0.391372
397 0.392304
398 0.392956
399 0.393322
400 0.394003
