1 1.62175
2 0.891448
3 0.604992
4 0.523094
5 0.537004
6 0.594983
7 0.672712
8 0.759932
9 0.850861
10 0.943869
11 1.03762
12 1.13166
13 1.22584
14 1.32037
15 1.41489
16 0.664969
17 0.815297
18 0.576638
19 0.650053
20 0.513336
21 0.558682
22 0.467255
23 0.496766
24 0.431012
25 0.452607
26 0.402293
27 0.309045
28 0.321028
29 0.28118
30 0.288532
31 0.260144
32 0.266103
33 0.242246
34 0.247237
35 0.226979
36 0.231228
37 0.217231
38 0.182931
39 0.186818
40 0.172784
41 0.174995
42 0.164497
43 0.166516
44 0.157869
45 0.159453
46 0.151959
47 0.153226
48 0.151622
49 0.138547
50 0.139327
51 0.133968
52 0.134363
53 0.130427
54 0.131134
55 0.127456
56 0.128153
57 0.124835
58 0.125112
59 0.127582
60 0.122119
61 0.12178
62 0.119517
63 0.118981
64 0.117276
65 0.117394
66 0.115391
67 0.115735
68 0.113719
69 0.113761
70 0.117037
71 0.114144
72 0.113402
73 0.112156
74 0.111152
75 0.110152
76 0.109929
77 0.108489
78 0.108718
79 0.106841
80 0.106883
81 0.109934
82 0.107942
83 0.106935
84 0.106018
85 0.104839
86 0.10416
87 0.103767
88 0.102592
89 0.10266
90 0.101219
91 0.101186
92 0.103542
93 0.101892
94 0.101113
95 0.100439
96 0.0993556
97 0.0988933
98 0.0982842
99 0.09742
100 0.0973089
101 0.0960522
102 0.0958611
103 0.0973581
104 0.0959544
105 0.0952797
106 0.0946843
107 0.0937081
108 0.0932697
109 0.0927004
110 0.0920578
111 0.0918015
112 0.0908895
113 0.0906274
114 0.0913547
115 0.0903259
116 0.0898253
117 0.0891774
118 0.0885793
119 0.0881751
120 0.0876405
121 0.0872079
122 0.0869016
123 0.0862631
124 0.0859346
125 0.0861226
126 0.0854912
127 0.0850982
128 0.0846053
129 0.0841483
130 0.0838423
131 0.0834103
132 0.0830841
133 0.0828029
134 0.0823843
135 0.0820989
136 0.0820005
137 0.0816281
138 0.0813396
139 0.0810393
140 0.0807304
141 0.0804429
142 0.0801392
143 0.0798924
144 0.0796113
145 0.0793652
146 0.0791296
147 0.0789411
148 0.0786682
149 0.0784556
150 0.078225
151 0.0779999
152 0.0777825
153 0.0775687
154 0.0773918
155 0.0771769
156 0.0769626
157 0.0768106
158 0.0766114
159 0.0764279
160 0.0762595
161 0.0760838
162 0.0758912
163 0.0757017
164 0.075579
165 0.0753617
166 0.0751936
167 0.0750312
168 0.0748542
169 0.0746809
170 0.0745451
171 0.074361
172 0.0741986
173 0.0740209
174 0.0738426
175 0.0736724
176 0.0734939
177 0.073301
178 0.0730684
179 0.072844
180 0.0725776
181 0.0722708
182 0.071956
183 0.0715664
184 0.0710401
185 0.0704715
186 0.0698225
187 0.0691835
188 0.0685345
189 0.0678292
190 0.0671889
191 0.0664638
192 0.065818
193 0.0650778
194 0.0644006
195 0.0637279
196 0.0630318
197 0.0623279
198 0.0616514
199 0.0609525
200 0.0603378
201 0.0596802
202 0.0590883
203 0.0584652
204 0.0578929
205 0.0573103
206 0.0567372
207 0.0561857
208 0.0557032
209 0.0551787
210 0.0546883
211 0.0542432
212 0.0537432
213 0.0533316
214 0.0529236
215 0.0524475
216 0.0520535
217 0.0516427
218 0.051225
219 0.0508445
220 0.0504812
221 0.0501095
222 0.0497612
223 0.0493954
224 0.0490235
225 0.0486874
226 0.0483555
227 0.0480201
228 0.047724
229 0.047362
230 0.0470723
231 0.0467234
232 0.0464698
233 0.0461694
234 0.0458836
235 0.0455903
236 0.0452786
237 0.045045
238 0.0447473
239 0.0444583
240 0.0442021
241 0.0439019
242 0.0436308
243 0.0434184
244 0.0431738
245 0.0429542
246 0.0427051
247 0.0424516
248 0.0422389
249 0.0419859
250 0.0417554
251 0.0414856
252 0.0412783
253 0.0410395
254 0.040827
255 0.0406052
256 0.0404055
257 0.0401788
258 0.0399717
259 0.0397594
260 0.0395355
261 0.0393547
262 0.0391333
263 0.0388974
264 0.0386866
265 0.0384768
266 0.0382847
267 0.0380771
268 0.0378871
269 0.0376839
270 0.0374889
271 0.0373116
272 0.0371448
273 0.0369588
274 0.0367713
275 0.0365871
276 0.0364065
277 0.0362244
278 0.0360562
279 0.0358692
280 0.0356795
281 0.0355025
282 0.0353351
283 0.0351859
284 0.0350128
285 0.034823
286 0.0346902
287 0.0345352
288 0.0343783
289 0.0342438
290 0.0340852
291 0.0339227
292 0.0337866
293 0.0336155
294 0.0334571
295 0.0332762
296 0.0331643
297 0.03301
298 0.0328429
299 0.0327431
300 0.0325803
301 0.0324214
302 0.0322693
303 0.0321267
304 0.0319882
305 0.0318639
306 0.0317329
307 0.0315864
308 0.0314664
309 0.0313141
310 0.031186
311 0.0310636
312 0.0309344
313 0.030794
314 0.030661
315 0.0305433
316 0.0304144
317 0.0303017
318 0.0301789
319 0.0300934
320 0.0299829
321 0.0298209
322 0.0297165
323 0.0295866
324 0.0294621
325 0.0293597
326 0.0292457
327 0.029141
328 0.0290307
329 0.0289077
330 0.0288117
331 0.0287051
332 0.0285926
333 0.028498
334 0.0283666
335 0.0282731
336 0.0281644
337 0.0280314
338 0.0279295
339 0.0278311
340 0.0277163
341 0.0275998
342 0.0275251
343 0.0274087
344 0.0272948
345 0.0272056
346 0.0271237
347 0.027025
348 0.0269077
349 0.0268126
350 0.0267349
351 0.0266233
352 0.0265512
353 0.0264622
354 0.0263378
355 0.0262594
356 0.026185
357 0.0261015
358 0.0259951
359 0.0259036
360 0.0258045
361 0.0257226
362 0.0256468
363 0.0255552
364 0.0254691
365 0.0253957
366 0.0253107
367 0.0251929
368 0.0251223
369 0.025029
370 0.024956
371 0.0248582
372 0.024776
373 0.0246853
374 0.0246145
375 0.0245189
376 0.0244322
377 0.0243609
378 0.0242591
379 0.0241749
380 0.0240948
381 0.0240035
382 0.0239375
383 0.0238391
384 0.0237572
385 0.0236889
386 0.0235885
387 0.0235342
388 0.0234322
389 0.0233553
390 0.0232997
391 0.0232159
392 0.0231561
393 0.0230851
394 0.02302
395 0.0229392
396 0.0228634
397 0.0228008
398 0.0227411
399 0.022653
400 0.0225647
