1 0.720105
2 0.720105
3 0.720105
4 0.720105
5 0.720105
6 0.720105
7 0.720105
8 0.720105
9 0.720105
10 0.720105
11 0.720105
12 0.720105
13 0.720105
14 0.720105
15 0.720105
16 0.720105
17 0.720105
18 0.720105
19 0.720105
20 0.720105
21 0.720105
22 0.720105
23 0.720105
24 0.720105
25 0.720105
26 0.720105
27 0.720105
28 0.720105
29 0.720105
30 0.720105
31 0.720105
32 0.720105
33 0.720105
34 0.720105
35 0.720105
36 0.720105
37 0.720105
38 0.720105
39 0.720105
40 0.720105
41 0.720105
42 0.720105
43 0.720105
44 0.720105
45 0.720105
46 0.720105
47 0.720105
48 0.720105
49 0.720105
50 0.720105
51 0.720105
52 0.720105
53 0.720105
54 0.720105
55 0.720105
56 0.720105
57 0.720105
58 0.720105
59 0.720105
60 0.720105
61 0.720105
62 0.720105
63 0.720105
64 0.720105
65 0.720105
66 0.720105
67 0.720105
68 0.720105
69 0.720105
70 0.720105
71 0.720105
72 0.720105
73 0.720105
74 0.720105
75 0.720105
76 0.720105
77 0.720105
78 0.720105
79 0.720105
80 0.720105
81 0.720105
82 0.720105
83 0.720105
84 0.720105
85 0.720105
86 0.720105
87 0.720105
88 0.720105
89 0.720105
90 0.720105
91 0.720105
92 0.720105
93 0.720105
94 0.720105
95 0.720105
96 0.720105
97 0.720105
98 0.720105
99 0.720105
100 0.720105
101 0.720105
102 0.720105
103 0.720105
104 0.720105
105 0.720105
106 0.720105
107 0.720105
108 0.720105
109 0.720105
110 0.720105
111 0.720105
112 0.720105
113 0.720105
114 0.720105
115 0.720105
116 0.720105
117 0.720105
118 0.720105
119 0.720105
120 0.720105
121 0.720105
122 0.720105
123 0.720105
124 0.720105
125 0.720105
126 0.720105
127 0.720105
128 0.720105
129 0.720105
130 0.720105
131 0.720105
132 0.720105
133 0.720105
134 0.720105
135 0.720105
136 0.720105
137 0.720105
138 0.720105
139 0.720105
140 0.720105
141 0.720105
142 0.720105
143 0.720105
144 0.720105
145 0.720105
146 0.720105
147 0.720105
148 0.720105
149 0.720105
150 0.720105
151 0.720105
152 0.720105
153 0.720105
154 0.720105
155 0.720105
156 0.720105
157 0.720105
158 0.720105
159 0.720105
160 0.720105
161 0.720105
162 0.720105
163 0.720105
164 0.720105
165 0.720105
166 0.720105
167 0.720105
168 0.720105
169 0.720105
170 0.720105
171 0.720105
172 0.720105
173 0.720105
174 0.720105
175 0.720105
176 0.720105
177 0.720105
178 0.720105
179 0.720105
180 0.720105
181 0.720105
182 0.720105
183 0.720105
184 0.720105
185 0.720105
186 0.720105
187 0.720105
188 0.720105
189 0.720105
190 0.720105
191 0.720105
192 0.720105
193 0.720105
194 0.720105
195 0.720105
196 0.720105
197 0.720105
198 0.720105
199 0.720105
200 0.720105
201 0.720105
202 0.720105
203 0.720105
204 0.720105
205 0.720105
206 0.720105
207 0.720105
208 0.720105
209 0.720105
210 0.720105
211 0.720105
212 0.720105
213 0.720105
214 0.720105
215 0.720105
216 0.720105
217 0.720105
218 0.720105
219 0.720105
220 0.720105
221 0.720105
222 0.720105
223 0.720105
224 0.720105
225 0.720105
226 0.720105
227 0.720105
228 0.720105
229 0.720105
230 0.720105
231 0.720105
232 0.720105
233 0.720105
234 0.720105
235 0.720105
236 0.720105
237 0.720105
238 0.720105
239 0.720105
240 0.720105
241 0.720105
242 0.720105
243 0.720105
244 0.720105
245 0.720105
246 0.720105
247 0.720105
248 0.720105
249 0.720105
250 0.720105
251 0.720105
252 0.720105
253 0.720105
254 0.720105
255 0.720105
256 0.720105
257 0.720105
258 0.720105
259 0.720105
260 0.720105
261 0.720105
262 0.720105
263 0.720105
264 0.720105
265 0.720105
266 0.720105
267 0.720105
268 0.720105
269 0.720105
270 0.720105
271 0.720105
272 0.720105
273 0.720105
274 0.720105
275 0.720105
276 0.720105
277 0.720105
278 0.720105
279 0.720105
280 0.720105
281 0.720105
282 0.720105
283 0.720105
284 0.720105
285 0.720105
286 0.720105
287 0.720105
288 0.720105
289 0.720105
290 0.720105
291 0.720105
292 0.720105
293 0.720105
294 0.720105
295 0.720105
296 0.720105
297 0.720105
298 0.720105
299 0.720105
300 0.720105
301 0.720105
302 0.720105
303 0.720105
304 0.720105
305 0.720105
306 0.720105
307 0.720105
308 0.720105
309 0.720105
310 0.720105
311 0.720105
312 0.720105
313 0.720105
314 0.720105
315 0.720105
316 0.720105
317 0.720105
318 0.720105
319 0.720105
320 0.720105
321 0.720105
322 0.720105
323 0.720105
324 0.720105
325 0.720105
326 0.720105
327 0.720105
328 0.720105
329 0.720105
330 0.720105
331 0.720105
332 0.720105
333 0.720105
334 0.720105
335 0.720105
336 0.720105
337 0.720105
338 0.720105
339 0.720105
340 0.720105
341 0.720105
342 0.720105
343 0.720105
344 0.720105
345 0.720105
346 0.720105
347 0.720105
348 0.720105
349 0.720105
350 0.720105
351 0.720105
352 0.720105
353 0.720105
354 0.720105
355 0.720105
356 0.720105
357 0.720105
358 0.720105
359 0.720105
360 0.720105
361 0.720105
362 0.720105
363 0.720105
364 0.720105
365 0.720105
366 0.720105
367 0.720105
368 0.720105
369 0.720105
370 0.720105
371 0.720105
372 0.720105
373 0.720105
374 0.720105
375 0.720105
376 0.720105
377 0.720105
378 0.720105
379 0.720105
380 0.720105
381 0.720105
382 0.720105
383 0.720105
384 0.720105
385 0.720105
386 0.720105
387 0.720105
388 0.720105
389 0.720105
390 0.720105
391 0.720105
392 0.720105
393 0.720105
394 0.720105
395 0.720105
396 0.720105
397 0.720105
398 0.720105
399 0.720105
400 0.720105
