1 0.500115
2 0.499759
3 0.501432
4 0.500833
5 0.499749
6 0.500485
7 0.499142
8 0.499316
9 0.500272
10 0.500321
11 0.499357
12 0.503745
13 0.506201
14 0.508285
15 0.511482
16 0.512488
17 0.514883
18 0.515143
19 0.517516
20 0.518047
21 0.519462
22 0.521012
23 0.52188
24 0.522319
25 0.525409
26 0.526009
27 0.527864
28 0.529819
29 0.532122
30 0.534462
31 0.534811
32 0.536983
33 0.538944
34 0.539794
35 0.54148
36 0.543721
37 0.545516
38 0.547328
39 0.547845
40 0.549138
41 0.550888
42 0.552091
43 0.553722
44 0.55525
45 0.556251
46 0.557
47 0.559031
48 0.559713
49 0.561186
50 0.562265
51 0.562267
52 0.563329
53 0.563035
54 0.564213
55 0.566345
56 0.56622
57 0.566472
58 0.568319
59 0.567127
60 0.569108
61 0.56895
62 0.569191
63 0.570397
64 0.570963
65 0.570621
66 0.571842
67 0.571761
68 0.572944
69 0.572857
70 0.574156
71 0.573883
72 0.574454
73 0.574277
74 0.574373
75 0.577158
76 0.57514
77 0.576532
78 0.5774
79 0.578076
80 0.577859
81 0.578196
82 0.578611
83 0.57854
84 0.580275
85 0.579438
86 0.580528
87 0.580681
88 0.580936
89 0.581428
90 0.581647
91 0.582055
92 0.583043
93 0.583496
94 0.583045
95 0.584522
96 0.584345
97 0.585072
98 0.586427
99 0.585599
100 0.587015
101 0.585444
102 0.586512
103 0.587027
104 0.587576
105 0.58816
106 0.589056
107 0.588578
108 0.588777
109 0.589765
110 0.5897
111 0.59086
112 0.590617
113 0.591324
114 0.590615
115 0.591819
116 0.592853
117 0.591934
118 0.593721
119 0.593278
120 0.594638
121 0.594718
122 0.5947
123 0.595113
124 0.596307
125 0.596424
126 0.597269
127 0.596683
128 0.596245
129 0.597114
130 0.597041
131 0.597588
132 0.599227
133 0.59833
134 0.599999
135 0.5997
136 0.599921
137 0.59977
138 0.600859
139 0.601337
140 0.601513
141 0.602121
142 0.601529
143 0.601884
144 0.603651
145 0.603037
146 0.604234
147 0.60434
148 0.604427
149 0.604821
150 0.605004
151 0.6064
152 0.604912
153 0.606159
154 0.606481
155 0.606743
156 0.606517
157 0.606831
158 0.606522
159 0.607547
160 0.608796
161 0.607731
162 0.609442
163 0.60881
164 0.609307
165 0.60938
166 0.609804
167 0.609876
168 0.61087
169 0.610267
170 0.611264
171 0.611407
172 0.611778
173 0.612454
174 0.612929
175 0.612502
176 0.61341
177 0.613848
178 0.61299
179 0.614019
180 0.613305
181 0.612974
182 0.613822
183 0.615338
184 0.61557
185 0.615062
186 0.615922
187 0.615847
188 0.615674
189 0.617161
190 0.61695
191 0.617226
192 0.61698
193 0.617396
194 0.616693
195 0.618766
196 0.618892
197 0.618067
198 0.618963
199 0.618808
200 0.61957
201 0.620033
202 0.620038
203 0.619472
204 0.620067
205 0.621191
206 0.620569
207 0.620592
208 0.621339
209 0.621268
210 0.621721
211 0.622101
212 0.622656
213 0.622727
214 0.622897
215 0.623352
216 0.622682
217 0.623473
218 0.62392
219 0.623729
220 0.624242
221 0.623987
222 0.625246
223 0.624884
224 0.624776
225 0.625061
226 0.624579
227 0.625714
228 0.626121
229 0.626547
230 0.625839
231 0.627193
232 0.625749
233 0.627144
234 0.626951
235 0.626985
236 0.627292
237 0.627735
238 0.628996
239 0.628564
240 0.629308
241 0.628393
242 0.629444
243 0.628439
244 0.629998
245 0.628915
246 0.629167
247 0.630267
248 0.629691
249 0.629993
250 0.630936
251 0.631411
252 0.631256
253 0.630618
254 0.631633
255 0.632167
256 0.631666
257 0.632094
258 0.632512
259 0.633269
260 0.632742
261 0.632743
262 0.633654
263 0.63284
264 0.63339
265 0.633796
266 0.633187
267 0.632652
268 0.633864
269 0.635011
270 0.63505
271 0.634513
272 0.634349
273 0.634179
274 0.635173
275 0.635832
276 0.635789
277 0.635415
278 0.635671
279 0.636178
280 0.635924
281 0.636828
282 0.636864
283 0.636854
284 0.637085
285 0.637245
286 0.637171
287 0.636022
288 0.637693
289 0.637254
290 0.637996
291 0.63788
292 0.639418
293 0.638308
294 0.639063
295 0.639399
296 0.638502
297 0.638302
298 0.639437
299 0.639834
300 0.64044
301 0.639429
302 0.640956
303 0.639861
304 0.64117
305 0.640241
306 0.640932
307 0.641931
308 0.640441
309 0.641457
310 0.641567
311 0.642027
312 0.640702
313 0.641658
314 0.641453
315 0.642516
316 0.642276
317 0.641997
318 0.643282
319 0.64242
320 0.643139
321 0.643198
322 0.642894
323 0.643771
324 0.643319
325 0.643163
326 0.643564
327 0.643887
328 0.644482
329 0.643987
330 0.644633
331 0.644743
332 0.645101
333 0.645364
334 0.644375
335 0.645669
336 0.645259
337 0.645938
338 0.645837
339 0.646451
340 0.645205
341 0.645431
342 0.64535
343 0.646734
344 0.646518
345 0.646897
346 0.646749
347 0.645917
348 0.647138
349 0.646877
350 0.646086
351 0.647566
352 0.64754
353 0.648528
354 0.646918
355 0.647714
356 0.647709
357 0.648556
358 0.649526
359 0.648838
360 0.648313
361 0.648186
362 0.649198
363 0.649204
364 0.649021
365 0.650059
366 0.649202
367 0.64932
368 0.649375
369 0.649393
370 0.649874
371 0.65039
372 0.650183
373 0.650053
374 0.649441
375 0.651252
376 0.650186
377 0.650727
378 0.649951
379 0.651381
380 0.651373
381 0.651271
382 0.651377
383 0.651424
384 0.651974
385 0.651325
386 0.651624
387 0.652128
388 0.652281
389 0.652356
390 0.652739
391 0.652055
392 0.653477
393 0.653264
394 0.652099
395 0.652844
396 0.652482
397 0.653791
398 0.653293
399 0.653327
400 0.653363
