1 0.0825365
2 0.0906087
3 0.0949079
4 0.0970645
5 0.0986675
6 0.0998718
7 0.100805
8 0.102066
9 0.103409
10 0.105222
11 0.107207
12 0.110713
13 0.115249
14 0.119839
15 0.124272
16 0.128846
17 0.133278
18 0.137642
19 0.141835
20 0.146267
21 0.149966
22 0.154072
23 0.157863
24 0.161756
25 0.16545
26 0.169585
27 0.173402
28 0.177454
29 0.181663
30 0.185519
31 0.189505
32 0.19363
33 0.197358
34 0.201256
35 0.205179
36 0.208865
37 0.21277
38 0.216623
39 0.220287
40 0.223638
41 0.227386
42 0.230969
43 0.234177
44 0.237358
45 0.240592
46 0.243826
47 0.247095
48 0.250112
49 0.253614
50 0.256552
51 0.259621
52 0.262703
53 0.265301
54 0.268225
55 0.270847
56 0.273586
57 0.276277
58 0.278868
59 0.281586
60 0.284294
61 0.286477
62 0.289066
63 0.291694
64 0.294308
65 0.296494
66 0.298995
67 0.301447
68 0.303741
69 0.305756
70 0.307905
71 0.310105
72 0.312373
73 0.31471
74 0.316841
75 0.318959
76 0.32085
77 0.322969
78 0.324868
79 0.326983
80 0.328995
81 0.33109
82 0.333028
83 0.334971
84 0.336756
85 0.338634
86 0.340716
87 0.342631
88 0.344608
89 0.346331
90 0.348145
91 0.349845
92 0.351869
93 0.354209
94 0.355873
95 0.357607
96 0.359328
97 0.360715
98 0.362344
99 0.364307
100 0.36594
101 0.367494
102 0.369035
103 0.370853
104 0.372754
105 0.374354
106 0.376238
107 0.37783
108 0.379287
109 0.380966
110 0.382445
111 0.384115
112 0.385734
113 0.387098
114 0.388581
115 0.390202
116 0.391978
117 0.39352
118 0.395179
119 0.39651
120 0.397953
121 0.399393
122 0.400847
123 0.40217
124 0.40385
125 0.405179
126 0.40667
127 0.408016
128 0.409444
129 0.41064
130 0.412065
131 0.413449
132 0.414878
133 0.416184
134 0.417542
135 0.41917
136 0.420386
137 0.421721
138 0.422919
139 0.424179
140 0.425341
141 0.426713
142 0.427948
143 0.42923
144 0.430676
145 0.432019
146 0.433052
147 0.434256
148 0.435513
149 0.436819
150 0.438095
151 0.439222
152 0.440422
153 0.441249
154 0.442615
155 0.443732
156 0.445243
157 0.446294
158 0.447459
159 0.44866
160 0.449819
161 0.451032
162 0.452018
163 0.453193
164 0.454078
165 0.45536
166 0.456486
167 0.457482
168 0.458621
169 0.459833
170 0.461003
171 0.462145
172 0.463205
173 0.464321
174 0.465458
175 0.466333
176 0.467424
177 0.468424
178 0.469544
179 0.470722
180 0.471623
181 0.472727
182 0.473672
183 0.474862
184 0.475998
185 0.47708
186 0.477976
187 0.47892
188 0.480034
189 0.48096
190 0.48194
191 0.482817
192 0.483677
193 0.484613
194 0.485637
195 0.486713
196 0.487725
197 0.488509
198 0.48936
199 0.490517
200 0.491414
201 0.492352
202 0.493538
203 0.49446
204 0.495275
205 0.496282
206 0.496996
207 0.498122
208 0.49889
209 0.499937
210 0.500624
211 0.501687
212 0.502591
213 0.503674
214 0.504639
215 0.505357
216 0.506232
217 0.507343
218 0.508012
219 0.508967
220 0.509749
221 0.510612
222 0.511467
223 0.512256
224 0.51318
225 0.513987
226 0.514864
227 0.515672
228 0.516402
229 0.517277
230 0.518273
231 0.519092
232 0.51987
233 0.520443
234 0.52135
235 0.521965
236 0.522726
237 0.523532
238 0.524432
239 0.52515
240 0.525793
241 0.526573
242 0.527345
243 0.528219
244 0.528753
245 0.529549
246 0.530102
247 0.530924
248 0.531781
249 0.532444
250 0.533308
251 0.533971
252 0.534643
253 0.535279
254 0.536105
255 0.53683
256 0.537389
257 0.538211
258 0.538867
259 0.539555
260 0.540362
261 0.54122
262 0.541895
263 0.542674
264 0.543378
265 0.543934
266 0.544762
267 0.545599
268 0.546175
269 0.546778
270 0.547562
271 0.548183
272 0.54872
273 0.549593
274 0.550308
275 0.550911
276 0.551506
277 0.552223
278 0.552839
279 0.553574
280 0.554326
281 0.554892
282 0.555758
283 0.556335
284 0.556848
285 0.55748
286 0.558086
287 0.558951
288 0.55968
289 0.560201
290 0.560767
291 0.561484
292 0.561923
293 0.562758
294 0.563294
295 0.564069
296 0.564805
297 0.565474
298 0.566092
299 0.566507
300 0.567168
301 0.5676
302 0.568154
303 0.568625
304 0.569272
305 0.569944
306 0.570606
307 0.571189
308 0.571828
309 0.572578
310 0.573218
311 0.573766
312 0.574334
313 0.574893
314 0.575305
315 0.575899
316 0.576531
317 0.577092
318 0.577787
319 0.578147
320 0.57887
321 0.579506
322 0.579899
323 0.580414
324 0.580969
325 0.581506
326 0.581979
327 0.58261
328 0.583116
329 0.583896
330 0.584322
331 0.584819
332 0.585543
333 0.586064
334 0.586483
335 0.586833
336 0.587399
337 0.588052
338 0.588636
339 0.58916
340 0.589556
341 0.59003
342 0.590725
343 0.591206
344 0.59168
345 0.592179
346 0.59268
347 0.593405
348 0.59403
349 0.594434
350 0.594913
351 0.595409
352 0.596042
353 0.596437
354 0.596823
355 0.597369
356 0.597901
357 0.598589
358 0.599135
359 0.599651
360 0.600037
361 0.600417
362 0.60087
363 0.601453
364 0.602063
365 0.602464
366 0.602846
367 0.603438
368 0.603751
369 0.604234
370 0.604664
371 0.605061
372 0.605668
373 0.606283
374 0.606807
375 0.607251
376 0.607812
377 0.608276
378 0.608779
379 0.609332
380 0.60976
381 0.610169
382 0.610416
383 0.610958
384 0.611464
385 0.611991
386 0.612467
387 0.612762
388 0.613258
389 0.613739
390 0.614274
391 0.614541
392 0.615055
393 0.615379
394 0.615937
395 0.616309
396 0.616787
397 0.617118
398 0.617622
399 0.618074
400 0.618519
