1 0.500001
2 0.353714
3 0.289038
4 0.250203
5 0.223943
6 0.204436
7 0.189269
8 0.177262
9 0.167219
10 0.15889
11 0.151629
12 0.145403
13 0.139975
14 0.134899
15 0.130871
16 0.126814
17 0.123422
18 0.120019
19 0.117161
20 0.114485
21 0.111574
22 0.109425
23 0.107123
24 0.105004
25 0.103205
26 0.101501
27 0.0996472
28 0.0979699
29 0.0968589
30 0.0953679
31 0.0939467
32 0.0925985
33 0.0914306
34 0.0905842
35 0.0893828
36 0.0880642
37 0.0869862
38 0.0863547
39 0.0855054
40 0.084673
41 0.084053
42 0.082902
43 0.0822033
44 0.0819442
45 0.0811781
46 0.0802311
47 0.0796512
48 0.0792568
49 0.0789824
50 0.0785422
51 0.0780359
52 0.0774288
53 0.0772363
54 0.0763637
55 0.0763144
56 0.0759056
57 0.0757383
58 0.0754511
59 0.0748907
60 0.0746156
61 0.0743
62 0.0738315
63 0.0735344
64 0.0729917
65 0.0734171
66 0.0730281
67 0.0728423
68 0.0726475
69 0.0723087
70 0.0721707
71 0.0719105
72 0.0713745
73 0.0708977
74 0.0711376
75 0.0710628
76 0.0712194
77 0.0707229
78 0.0706267
79 0.0707395
80 0.0704074
81 0.0702869
82 0.0705066
83 0.0699977
84 0.0697407
85 0.0701559
86 0.0691967
87 0.0694832
88 0.0693808
89 0.0691304
90 0.069013
91 0.0689234
92 0.0685353
93 0.0683193
94 0.0684787
95 0.0684563
96 0.0681931
97 0.0680229
98 0.0683487
99 0.0680318
100 0.0680831
101 0.0677593
102 0.068302
103 0.0678981
104 0.0676252
105 0.0674438
106 0.0673521
107 0.0675875
108 0.0672411
109 0.0669631
110 0.0672764
111 0.0667362
112 0.0669406
113 0.0667469
114 0.0666511
115 0.0667214
116 0.0669052
117 0.0667839
118 0.0667288
119 0.0664897
120 0.0663007
121 0.066231
122 0.0662177
123 0.0663301
124 0.0660625
125 0.0659801
126 0.0657423
127 0.0662753
128 0.0658347
129 0.0655703
130 0.0655728
131 0.0659053
132 0.0658571
133 0.0655607
134 0.0657464
135 0.0657348
136 0.0654843
137 0.0655282
138 0.0653506
139 0.0650416
140 0.0653725
141 0.065313
142 0.0654112
143 0.0654283
144 0.065024
145 0.0654106
146 0.0649912
147 0.0650292
148 0.0650773
149 0.0647981
150 0.0650517
151 0.0649198
152 0.0648854
153 0.0648305
154 0.0647827
155 0.0650521
156 0.0647781
157 0.0647668
158 0.0648397
159 0.0649595
160 0.0648086
161 0.0647256
162 0.0646558
163 0.0645169
164 0.0649244
165 0.0646475
166 0.0644871
167 0.0646362
168 0.0644931
169 0.0642647
170 0.0654745
171 0.0653529
172 0.0639038
173 0.0644855
174 0.0645358
175 0.0647249
176 0.0645522
177 0.0645395
178 0.064238
179 0.0647359
180 0.0643314
181 0.0642853
182 0.0643214
183 0.064365
184 0.0643932
185 0.0642834
186 0.0638114
187 0.064784
188 0.0643166
189 0.0643636
190 0.0642895
191 0.0642582
192 0.0641047
193 0.0644968
194 0.0643048
195 0.0645324
196 0.064467
197 0.0645515
198 0.06434
199 0.0644758
200 0.064387
201 0.0643279
202 0.0642781
203 0.064525
204 0.0641042
205 0.0651231
206 0.064104
207 0.0644487
208 0.0644265
209 0.0641245
210 0.0640624
211 0.0644355
212 0.0643358
213 0.0641337
214 0.0645905
215 0.0643532
216 0.0641672
217 0.0643724
218 0.0642545
219 0.0639798
220 0.0643965
221 0.0644096
222 0.0641684
223 0.0642357
224 0.0643451
225 0.0640675
226 0.0642744
227 0.0645474
228 0.0644989
229 0.0642885
230 0.0642162
231 0.0642438
232 0.0645014
233 0.0646035
234 0.0642475
235 0.0642749
236 0.0643187
237 0.0642496
238 0.0642405
239 0.0644244
240 0.0642955
241 0.0644786
242 0.0644441
243 0.064451
244 0.0644598
245 0.0646897
246 0.064555
247 0.0644529
248 0.0645204
249 0.0644896
250 0.0645952
251 0.0644864
252 0.0643247
253 0.0644894
254 0.0648075
255 0.0655905
256 0.0645746
257 0.0631246
258 0.0639791
259 0.0643659
260 0.0643221
261 0.064383
262 0.0643566
263 0.0647574
264 0.064603
265 0.0644235
266 0.0645476
267 0.0648346
268 0.0646807
269 0.0644275
270 0.0643374
271 0.064251
272 0.0645174
273 0.0645402
274 0.0646258
275 0.0646673
276 0.0644272
277 0.064606
278 0.0642538
279 0.0645935
280 0.0646851
281 0.0646424
282 0.064644
283 0.0644917
284 0.0647104
285 0.0646242
286 0.0647309
287 0.0645056
288 0.0644573
289 0.0647389
290 0.0649779
291 0.0644832
292 0.0644993
293 0.0644631
294 0.0645557
295 0.0643962
296 0.0646869
297 0.0646611
298 0.0646016
299 0.0647564
300 0.0647486
301 0.0645982
302 0.0646844
303 0.064621
304 0.0645252
305 0.0648909
306 0.0646194
307 0.0642966
308 0.0646051
309 0.0645317
310 0.064881
311 0.0646297
312 0.0648213
313 0.064671
314 0.0648084
315 0.0648282
316 0.0647873
317 0.0649854
318 0.0647037
319 0.0650026
320 0.0646986
321 0.0651066
322 0.0647631
323 0.0648624
324 0.0648792
325 0.064845
326 0.0647679
327 0.0648158
328 0.0650466
329 0.064848
330 0.0649685
331 0.0647866
332 0.0649416
333 0.065001
334 0.0648289
335 0.0649802
336 0.0648213
337 0.0649345
338 0.0649568
339 0.064938
340 0.0650013
341 0.064609
342 0.0650022
343 0.0651899
344 0.0650503
345 0.0651121
346 0.0649669
347 0.0650744
348 0.065012
349 0.0650569
350 0.0651
351 0.0653128
352 0.0650599
353 0.0650556
354 0.0652797
355 0.0651474
356 0.0651679
357 0.0650627
358 0.0651437
359 0.0652335
360 0.0651053
361 0.0652539
362 0.0650977
363 0.0651581
364 0.0651577
365 0.0651549
366 0.0650515
367 0.0650652
368 0.0652575
369 0.0652388
370 0.065084
371 0.0653882
372 0.0650879
373 0.0652079
374 0.0655246
375 0.0651403
376 0.0651933
377 0.0654832
378 0.0651565
379 0.0652116
380 0.0653344
381 0.0652497
382 0.0651961
383 0.065576
384 0.0653358
385 0.0651572
386 0.0654267
387 0.0654005
388 0.0653157
389 0.0656223
390 0.0651901
391 0.065388
392 0.0653638
393 0.0656003
394 0.0654597
395 0.0653768
396 0.0654686
397 0.065493
398 0.0656091
399 0.0652534
400 0.0654315
