1 0.299708
2 0.300166
3 0.300005
4 0.299762
5 0.299749
6 0.299611
7 0.29975
8 0.299702
9 0.299699
10 0.299752
11 0.304058
12 0.308176
13 0.311856
14 0.315169
15 0.318167
16 0.320856
17 0.323236
18 0.325319
19 0.327245
20 0.328993
21 0.330571
22 0.331983
23 0.333287
24 0.33457
25 0.335836
26 0.336836
27 0.337828
28 0.338887
29 0.339775
30 0.340724
31 0.341328
32 0.342003
33 0.342433
34 0.342921
35 0.343296
36 0.34368
37 0.343954
38 0.344173
39 0.34437
40 0.344397
41 0.344523
42 0.344396
43 0.344326
44 0.344132
45 0.343894
46 0.34351
47 0.343135
48 0.342734
49 0.342314
50 0.341874
51 0.341367
52 0.340867
53 0.340293
54 0.339705
55 0.339177
56 0.338517
57 0.337828
58 0.337204
59 0.336557
60 0.335897
61 0.335263
62 0.334597
63 0.333977
64 0.33332
65 0.33271
66 0.33207
67 0.331485
68 0.330843
69 0.330276
70 0.329723
71 0.32921
72 0.328745
73 0.328377
74 0.328
75 0.32773
76 0.327565
77 0.327477
78 0.327456
79 0.32752
80 0.327712
81 0.327966
82 0.328307
83 0.328685
84 0.329205
85 0.329716
86 0.330331
87 0.330982
88 0.331684
89 0.332419
90 0.333176
91 0.333993
92 0.334794
93 0.335516
94 0.336441
95 0.337296
96 0.338173
97 0.339027
98 0.339912
99 0.340775
100 0.341637
101 0.342513
102 0.343351
103 0.344235
104 0.345092
105 0.345968
106 0.346768
107 0.347645
108 0.348449
109 0.349271
110 0.350077
111 0.350869
112 0.351643
113 0.352411
114 0.3531
115 0.353956
116 0.354693
117 0.35545
118 0.356167
119 0.356882
120 0.357598
121 0.358302
122 0.358978
123 0.359666
124 0.360337
125 0.36099
126 0.361629
127 0.362294
128 0.36293
129 0.363575
130 0.36417
131 0.364803
132 0.365426
133 0.366032
134 0.366636
135 0.367229
136 0.36781
137 0.368403
138 0.368964
139 0.369543
140 0.370106
141 0.370654
142 0.371218
143 0.371755
144 0.372303
145 0.372844
146 0.373465
147 0.373889
148 0.374408
149 0.374906
150 0.375423
151 0.375918
152 0.376406
153 0.376883
154 0.377389
155 0.377871
156 0.37835
157 0.378827
158 0.379289
159 0.379761
160 0.380226
161 0.380678
162 0.381142
163 0.381582
164 0.382031
165 0.382475
166 0.382902
167 0.383347
168 0.383783
169 0.384203
170 0.384633
171 0.384971
172 0.385473
173 0.385894
174 0.386303
175 0.386702
176 0.387114
177 0.387512
178 0.38788
179 0.388304
180 0.388696
181 0.389078
182 0.389441
183 0.389846
184 0.390216
185 0.390597
186 0.390942
187 0.391344
188 0.391711
189 0.392083
190 0.392439
191 0.392802
192 0.393159
193 0.393514
194 0.393865
195 0.394228
196 0.394567
197 0.394903
198 0.395266
199 0.3956
200 0.395941
201 0.396281
202 0.39662
203 0.396949
204 0.397278
205 0.397719
206 0.397936
207 0.398253
208 0.398576
209 0.398895
210 0.399197
211 0.399528
212 0.399841
213 0.400154
214 0.40047
215 0.400773
216 0.40108
217 0.401389
218 0.40169
219 0.401981
220 0.402286
221 0.402574
222 0.402866
223 0.403158
224 0.403448
225 0.403734
226 0.404031
227 0.404312
228 0.404591
229 0.40488
230 0.405158
231 0.405428
232 0.40571
233 0.405985
234 0.406237
235 0.406524
236 0.406795
237 0.407063
238 0.407329
239 0.407577
240 0.407851
241 0.408104
242 0.40838
243 0.408634
244 0.408887
245 0.40914
246 0.409396
247 0.409651
248 0.409903
249 0.410151
250 0.410412
251 0.410652
252 0.410899
253 0.411155
254 0.411386
255 0.411659
256 0.411878
257 0.412102
258 0.412355
259 0.412595
260 0.412834
261 0.413058
262 0.413294
263 0.413537
264 0.413766
265 0.413999
266 0.414231
267 0.414453
268 0.414679
269 0.414906
270 0.41513
271 0.41536
272 0.415577
273 0.41581
274 0.416025
275 0.41624
276 0.416462
277 0.41668
278 0.416895
279 0.417103
280 0.41733
281 0.417541
282 0.417754
283 0.417968
284 0.418182
285 0.418392
286 0.418598
287 0.418812
288 0.419021
289 0.419225
290 0.419435
291 0.419631
292 0.419831
293 0.420025
294 0.420238
295 0.420433
296 0.420637
297 0.420835
298 0.421035
299 0.421232
300 0.421428
301 0.421616
302 0.421816
303 0.422016
304 0.422208
305 0.4224
306 0.422588
307 0.422794
308 0.422969
309 0.42316
310 0.423347
311 0.423531
312 0.423714
313 0.423901
314 0.424088
315 0.424278
316 0.424449
317 0.424627
318 0.424808
319 0.424991
320 0.425169
321 0.425347
322 0.425523
323 0.425698
324 0.425876
325 0.42605
326 0.42622
327 0.4264
328 0.426574
329 0.426747
330 0.426915
331 0.427087
332 0.427262
333 0.427433
334 0.427598
335 0.427771
336 0.427938
337 0.428107
338 0.428266
339 0.428431
340 0.428605
341 0.428688
342 0.428882
343 0.429089
344 0.42925
345 0.429414
346 0.429578
347 0.429736
348 0.429894
349 0.430051
350 0.430208
351 0.430372
352 0.430525
353 0.430685
354 0.430842
355 0.430994
356 0.431146
357 0.431302
358 0.431455
359 0.431608
360 0.43176
361 0.431913
362 0.432064
363 0.432214
364 0.432364
365 0.432515
366 0.432661
367 0.432814
368 0.432961
369 0.433109
370 0.433255
371 0.433395
372 0.433542
373 0.433689
374 0.433836
375 0.433978
376 0.434123
377 0.434269
378 0.434409
379 0.434554
380 0.434694
381 0.434841
382 0.434977
383 0.43512
384 0.435256
385 0.435394
386 0.435532
387 0.435675
388 0.435811
389 0.435946
390 0.43607
391 0.436224
392 0.436356
393 0.436494
394 0.436617
395 0.436761
396 0.436895
397 0.43703
398 0.437172
399 0.437298
400 0.43743
