1 0.299708
2 0.300623
3 0.299737
4 0.298981
5 0.299416
6 0.299189
7 0.300354
8 0.299609
9 0.299423
10 0.300477
11 0.347847
12 0.352745
13 0.355756
14 0.358293
15 0.360024
16 0.361516
17 0.361679
18 0.360993
19 0.362038
20 0.361487
21 0.361675
22 0.362176
23 0.361847
24 0.364104
25 0.36378
26 0.364701
27 0.364463
28 0.366189
29 0.36549
30 0.367878
31 0.361865
32 0.360021
33 0.359549
34 0.355195
35 0.355882
36 0.357781
37 0.354947
38 0.35288
39 0.349367
40 0.346182
41 0.345512
42 0.343763
43 0.340609
44 0.336009
45 0.332607
46 0.327788
47 0.325353
48 0.323737
49 0.32203
50 0.32019
51 0.316916
52 0.31475
53 0.311632
54 0.309998
55 0.307436
56 0.302787
57 0.301813
58 0.299917
59 0.298268
60 0.297447
61 0.296517
62 0.294289
63 0.294084
64 0.293176
65 0.292379
66 0.291886
67 0.291781
68 0.289916
69 0.291246
70 0.291694
71 0.292575
72 0.295681
73 0.298073
74 0.304366
75 0.307952
76 0.315086
77 0.32049
78 0.326879
79 0.333036
80 0.34143
81 0.348425
82 0.355859
83 0.362308
84 0.368925
85 0.37499
86 0.381869
87 0.386575
88 0.392257
89 0.397488
90 0.401424
91 0.404472
92 0.408854
93 0.411839
94 0.413993
95 0.417881
96 0.420492
97 0.422214
98 0.424154
99 0.426171
100 0.427288
101 0.429292
102 0.430539
103 0.432389
104 0.432992
105 0.435125
106 0.435561
107 0.43595
108 0.436523
109 0.437254
110 0.437807
111 0.438603
112 0.437584
113 0.439411
114 0.440376
115 0.440595
116 0.440149
117 0.441082
118 0.441959
119 0.441699
120 0.442376
121 0.441887
122 0.442061
123 0.442173
124 0.443479
125 0.442613
126 0.443599
127 0.443173
128 0.44432
129 0.444948
130 0.444663
131 0.445606
132 0.445519
133 0.446261
134 0.446883
135 0.446115
136 0.447044
137 0.448583
138 0.446953
139 0.448667
140 0.448327
141 0.44871
142 0.448829
143 0.44908
144 0.450582
145 0.451034
146 0.448999
147 0.450126
148 0.450407
149 0.450222
150 0.449999
151 0.450429
152 0.450777
153 0.450772
154 0.452432
155 0.452506
156 0.452948
157 0.452722
158 0.453384
159 0.454268
160 0.453317
161 0.453926
162 0.454281
163 0.454195
164 0.454675
165 0.455006
166 0.454711
167 0.45609
168 0.456204
169 0.456621
170 0.456141
171 0.457396
172 0.456864
173 0.457721
174 0.457049
175 0.456642
176 0.458445
177 0.457503
178 0.458105
179 0.458948
180 0.458624
181 0.457759
182 0.458744
183 0.459197
184 0.458964
185 0.460136
186 0.459296
187 0.460988
188 0.46123
189 0.461856
190 0.460606
191 0.461019
192 0.461529
193 0.461356
194 0.462383
195 0.46196
196 0.462828
197 0.463888
198 0.462605
199 0.46313
200 0.463317
201 0.463767
202 0.463871
203 0.464429
204 0.464376
205 0.464777
206 0.464899
207 0.465226
208 0.464777
209 0.464878
210 0.466135
211 0.465005
212 0.466239
213 0.466537
214 0.466912
215 0.46707
216 0.466458
217 0.467362
218 0.467106
219 0.467161
220 0.467636
221 0.466289
222 0.467922
223 0.468114
224 0.467494
225 0.468715
226 0.468297
227 0.46893
228 0.468381
229 0.469457
230 0.469541
231 0.468578
232 0.470404
233 0.469351
234 0.469272
235 0.469749
236 0.470055
237 0.470155
238 0.47027
239 0.469376
240 0.471164
241 0.471496
242 0.470865
243 0.471568
244 0.470566
245 0.471307
246 0.472165
247 0.471621
248 0.471993
249 0.473145
250 0.472938
251 0.472643
252 0.472845
253 0.473383
254 0.472859
255 0.473665
256 0.473547
257 0.474477
258 0.47346
259 0.473556
260 0.473847
261 0.473864
262 0.474872
263 0.474497
264 0.474405
265 0.475319
266 0.474943
267 0.474393
268 0.475402
269 0.475574
270 0.475503
271 0.476108
272 0.47587
273 0.476513
274 0.476338
275 0.476701
276 0.47694
277 0.477396
278 0.47664
279 0.477502
280 0.477235
281 0.477667
282 0.477825
283 0.478002
284 0.477854
285 0.47844
286 0.477838
287 0.479364
288 0.478928
289 0.478125
290 0.478526
291 0.478415
292 0.478467
293 0.479059
294 0.47886
295 0.478692
296 0.480225
297 0.480455
298 0.479449
299 0.480128
300 0.479965
301 0.480072
302 0.481374
303 0.480899
304 0.480177
305 0.481103
306 0.480461
307 0.481844
308 0.480461
309 0.481753
310 0.480489
311 0.480686
312 0.481294
313 0.482282
314 0.481801
315 0.481643
316 0.481198
317 0.481438
318 0.481985
319 0.48226
320 0.482369
321 0.481964
322 0.482789
323 0.482015
324 0.483244
325 0.481875
326 0.483162
327 0.483537
328 0.483208
329 0.483464
330 0.483423
331 0.483849
332 0.484555
333 0.48375
334 0.484505
335 0.48378
336 0.484025
337 0.483957
338 0.483449
339 0.484663
340 0.48527
341 0.484227
342 0.484921
343 0.484805
344 0.484809
345 0.485061
346 0.485318
347 0.484267
348 0.485286
349 0.484843
350 0.485589
351 0.485594
352 0.485693
353 0.48652
354 0.485329
355 0.486109
356 0.485819
357 0.486424
358 0.485752
359 0.486351
360 0.486327
361 0.486502
362 0.486756
363 0.487519
364 0.486599
365 0.487382
366 0.487198
367 0.487214
368 0.487023
369 0.486765
370 0.48766
371 0.486797
372 0.487531
373 0.487777
374 0.487687
375 0.487916
376 0.488587
377 0.488506
378 0.487661
379 0.489022
380 0.488291
381 0.489205
382 0.488971
383 0.488164
384 0.488184
385 0.489224
386 0.488457
387 0.489493
388 0.489157
389 0.488502
390 0.489547
391 0.489329
392 0.489079
393 0.490073
394 0.489362
395 0.489816
396 0.490359
397 0.49057
398 0.490724
399 0.489452
400 0.490056
