1 0.230618
2 0.230419
3 0.230382
4 0.230469
5 0.230479
6 0.230486
7 0.230455
8 0.230508
9 0.230507
10 0.230505
11 0.226102
12 0.222054
13 0.218385
14 0.215088
15 0.212127
16 0.209467
17 0.207084
18 0.205005
19 0.203074
20 0.201365
21 0.199835
22 0.198381
23 0.197056
24 0.19579
25 0.19461
26 0.193485
27 0.192467
28 0.191492
29 0.190578
30 0.18965
31 0.18898
32 0.188405
33 0.187912
34 0.187534
35 0.187154
36 0.186764
37 0.186449
38 0.186222
39 0.186104
40 0.186062
41 0.186048
42 0.186079
43 0.186163
44 0.186356
45 0.186618
46 0.186967
47 0.187364
48 0.18777
49 0.188199
50 0.188639
51 0.18913
52 0.189646
53 0.190187
54 0.190749
55 0.19132
56 0.191967
57 0.192613
58 0.193264
59 0.193919
60 0.194578
61 0.19523
62 0.19588
63 0.196519
64 0.197158
65 0.19779
66 0.198409
67 0.199016
68 0.199617
69 0.200193
70 0.200744
71 0.201271
72 0.201747
73 0.20216
74 0.202501
75 0.202758
76 0.202929
77 0.203015
78 0.20302
79 0.202942
80 0.202774
81 0.202517
82 0.202179
83 0.201766
84 0.201285
85 0.200743
86 0.200144
87 0.199493
88 0.198796
89 0.198059
90 0.19729
91 0.196497
92 0.195683
93 0.194853
94 0.194009
95 0.193154
96 0.192291
97 0.191423
98 0.190551
99 0.189678
100 0.188806
101 0.187936
102 0.187069
103 0.186207
104 0.185352
105 0.184504
106 0.183663
107 0.182832
108 0.182009
109 0.181195
110 0.180391
111 0.179596
112 0.17881
113 0.178034
114 0.177267
115 0.176509
116 0.175762
117 0.175022
118 0.17429
119 0.173572
120 0.172863
121 0.172167
122 0.171479
123 0.170799
124 0.170129
125 0.169466
126 0.168811
127 0.168164
128 0.167525
129 0.166892
130 0.166266
131 0.165647
132 0.165034
133 0.164427
134 0.163827
135 0.163234
136 0.162648
137 0.162069
138 0.161495
139 0.160927
140 0.160365
141 0.159809
142 0.159258
143 0.158713
144 0.158172
145 0.157636
146 0.157107
147 0.156586
148 0.156069
149 0.155559
150 0.155053
151 0.154552
152 0.154055
153 0.153563
154 0.153075
155 0.152591
156 0.152112
157 0.151637
158 0.151166
159 0.150699
160 0.150236
161 0.149778
162 0.149324
163 0.148873
164 0.148426
165 0.147984
166 0.147544
167 0.147108
168 0.146676
169 0.146247
170 0.145822
171 0.145401
172 0.144984
173 0.144571
174 0.144161
175 0.143755
176 0.143353
177 0.142954
178 0.142557
179 0.142163
180 0.141773
181 0.141386
182 0.141
183 0.140618
184 0.140238
185 0.139861
186 0.139487
187 0.139115
188 0.138746
189 0.13838
190 0.138018
191 0.137657
192 0.137299
193 0.136943
194 0.136589
195 0.136238
196 0.135888
197 0.135541
198 0.135197
199 0.134855
200 0.134516
201 0.134179
202 0.133844
203 0.133511
204 0.13318
205 0.132852
206 0.132525
207 0.1322
208 0.131879
209 0.131561
210 0.131244
211 0.130929
212 0.130615
213 0.130303
214 0.129994
215 0.129685
216 0.129379
217 0.129075
218 0.128773
219 0.128473
220 0.128175
221 0.127879
222 0.127585
223 0.127292
224 0.127002
225 0.126713
226 0.126426
227 0.12614
228 0.125856
229 0.125575
230 0.125296
231 0.125018
232 0.124742
233 0.124469
234 0.124197
235 0.123926
236 0.123657
237 0.123389
238 0.123123
239 0.122859
240 0.122596
241 0.122334
242 0.122074
243 0.121815
244 0.121558
245 0.121303
246 0.121049
247 0.120796
248 0.120544
249 0.120293
250 0.120044
251 0.119796
252 0.119548
253 0.119303
254 0.119058
255 0.118815
256 0.118572
257 0.118332
258 0.118092
259 0.117853
260 0.117616
261 0.11738
262 0.117146
263 0.116912
264 0.116681
265 0.116449
266 0.11622
267 0.115991
268 0.115763
269 0.115537
270 0.115312
271 0.115088
272 0.114865
273 0.114644
274 0.114423
275 0.114203
276 0.113984
277 0.113766
278 0.113549
279 0.113334
280 0.113118
281 0.112904
282 0.112691
283 0.112478
284 0.112267
285 0.112056
286 0.111846
287 0.111638
288 0.11143
289 0.111224
290 0.111019
291 0.110814
292 0.110611
293 0.110409
294 0.110207
295 0.110007
296 0.109808
297 0.109609
298 0.109412
299 0.109215
300 0.109019
301 0.108824
302 0.108629
303 0.108436
304 0.108244
305 0.108052
306 0.107861
307 0.107671
308 0.107482
309 0.107293
310 0.107106
311 0.106919
312 0.106733
313 0.106548
314 0.106365
315 0.106182
316 0.105999
317 0.105818
318 0.105637
319 0.105458
320 0.105278
321 0.1051
322 0.104922
323 0.104746
324 0.104569
325 0.104394
326 0.10422
327 0.104046
328 0.103873
329 0.1037
330 0.103528
331 0.103357
332 0.103187
333 0.103018
334 0.102849
335 0.10268
336 0.102512
337 0.102345
338 0.102179
339 0.102013
340 0.101848
341 0.101684
342 0.10152
343 0.101358
344 0.101196
345 0.101034
346 0.100873
347 0.100713
348 0.100553
349 0.100394
350 0.100236
351 0.100079
352 0.0999218
353 0.0997652
354 0.0996096
355 0.0994541
356 0.0992997
357 0.0991457
358 0.0989924
359 0.0988392
360 0.0986866
361 0.098535
362 0.0983836
363 0.0982327
364 0.0980826
365 0.0979329
366 0.0977838
367 0.0976351
368 0.0974873
369 0.0973398
370 0.0971929
371 0.0970467
372 0.0969009
373 0.0967556
374 0.0966107
375 0.0964665
376 0.0963231
377 0.0961802
378 0.0960376
379 0.0958955
380 0.095754
381 0.0956128
382 0.0954724
383 0.0953322
384 0.0951925
385 0.0950536
386 0.094915
387 0.0947769
388 0.0946394
389 0.0945023
390 0.0943659
391 0.0942297
392 0.0940942
393 0.0939591
394 0.0938242
395 0.0936901
396 0.0935565
397 0.0934234
398 0.0932906
399 0.0931583
400 0.0930264
