1 0.500146
2 0.500049
3 0.527873
4 0.545149
5 0.558182
6 0.568012
7 0.57601
8 0.582101
9 0.586906
10 0.591666
11 0.595113
12 0.598313
13 0.600897
14 0.603561
15 0.605827
16 0.607808
17 0.609517
18 0.61115
19 0.612536
20 0.614088
21 0.615439
22 0.616668
23 0.617743
24 0.618804
25 0.619838
26 0.62059
27 0.621419
28 0.622026
29 0.622759
30 0.62358
31 0.62426
32 0.62495
33 0.625598
34 0.626315
35 0.626901
36 0.627368
37 0.627871
38 0.628416
39 0.628908
40 0.629376
41 0.629918
42 0.630368
43 0.630782
44 0.631247
45 0.631655
46 0.632054
47 0.632464
48 0.632847
49 0.633231
50 0.633586
51 0.633955
52 0.634269
53 0.634575
54 0.634934
55 0.635259
56 0.635551
57 0.635776
58 0.636151
59 0.636449
60 0.636707
61 0.636977
62 0.637217
63 0.637362
64 0.637626
65 0.637822
66 0.638073
67 0.638323
68 0.638543
69 0.63877
70 0.638992
71 0.63923
72 0.639443
73 0.639717
74 0.639822
75 0.640039
76 0.640239
77 0.640333
78 0.640483
79 0.640671
80 0.640846
81 0.641008
82 0.641207
83 0.641354
84 0.641542
85 0.641737
86 0.641833
87 0.64201
88 0.642116
89 0.642218
90 0.64241
91 0.64254
92 0.64272
93 0.642853
94 0.643033
95 0.643169
96 0.643323
97 0.643391
98 0.643532
99 0.643655
100 0.643802
101 0.643928
102 0.644075
103 0.644141
104 0.644277
105 0.644318
106 0.644464
107 0.644585
108 0.644706
109 0.644826
110 0.644936
111 0.645053
112 0.645169
113 0.645245
114 0.645352
115 0.645444
116 0.645551
117 0.645622
118 0.645769
119 0.645861
120 0.64592
121 0.646021
122 0.646104
123 0.646212
124 0.646311
125 0.646423
126 0.646473
127 0.646568
128 0.646653
129 0.646706
130 0.646814
131 0.646905
132 0.646998
133 0.647105
134 0.647195
135 0.647273
136 0.647365
137 0.647459
138 0.647545
139 0.647625
140 0.647697
141 0.64778
142 0.647869
143 0.647944
144 0.648027
145 0.648111
146 0.648172
147 0.648267
148 0.64833
149 0.648414
150 0.64849
151 0.648555
152 0.648636
153 0.648703
154 0.64877
155 0.648844
156 0.648909
157 0.648982
158 0.64906
159 0.649121
160 0.649197
161 0.649259
162 0.649336
163 0.649391
164 0.649474
165 0.649529
166 0.649593
167 0.649659
168 0.649731
169 0.649796
170 0.649885
171 0.649832
172 0.64995
173 0.650015
174 0.650077
175 0.650132
176 0.650196
177 0.650263
178 0.6503
179 0.650368
180 0.650418
181 0.650478
182 0.650521
183 0.65058
184 0.650643
185 0.650699
186 0.650732
187 0.650812
188 0.650858
189 0.65091
190 0.650968
191 0.651016
192 0.651059
193 0.651102
194 0.651155
195 0.651179
196 0.651255
197 0.651287
198 0.651352
199 0.651407
200 0.651451
201 0.651496
202 0.651539
203 0.651586
204 0.651624
205 0.651704
206 0.651716
207 0.651754
208 0.651802
209 0.651858
210 0.651882
211 0.651924
212 0.651975
213 0.652018
214 0.652056
215 0.652098
216 0.652146
217 0.65218
218 0.652229
219 0.652272
220 0.652299
221 0.652344
222 0.65239
223 0.652429
224 0.652473
225 0.65251
226 0.652549
227 0.652584
228 0.652638
229 0.652671
230 0.652707
231 0.652742
232 0.652776
233 0.652803
234 0.652839
235 0.652874
236 0.652915
237 0.652956
238 0.652986
239 0.653016
240 0.653059
241 0.653126
242 0.653131
243 0.653175
244 0.653205
245 0.653237
246 0.653273
247 0.653309
248 0.653338
249 0.653375
250 0.653411
251 0.653439
252 0.653475
253 0.653512
254 0.653546
255 0.653595
256 0.653592
257 0.653586
258 0.653633
259 0.653678
260 0.653709
261 0.653742
262 0.653776
263 0.653807
264 0.653838
265 0.653871
266 0.653905
267 0.653927
268 0.653963
269 0.653992
270 0.654017
271 0.654057
272 0.654079
273 0.654079
274 0.654135
275 0.654164
276 0.654188
277 0.654217
278 0.654244
279 0.654269
280 0.654302
281 0.654326
282 0.654354
283 0.654384
284 0.654413
285 0.654432
286 0.65446
287 0.654488
288 0.654513
289 0.654541
290 0.654567
291 0.654586
292 0.654603
293 0.654654
294 0.654667
295 0.654689
296 0.654716
297 0.654738
298 0.654769
299 0.654789
300 0.654819
301 0.654837
302 0.654866
303 0.654892
304 0.654916
305 0.654936
306 0.654969
307 0.655014
308 0.655004
309 0.655029
310 0.655051
311 0.655075
312 0.6551
313 0.655119
314 0.655143
315 0.655134
316 0.655189
317 0.655202
318 0.655231
319 0.655254
320 0.655277
321 0.655294
322 0.655317
323 0.655336
324 0.65536
325 0.655383
326 0.655399
327 0.655428
328 0.655448
329 0.655474
330 0.655489
331 0.655515
332 0.655526
333 0.655545
334 0.655566
335 0.655591
336 0.65561
337 0.655628
338 0.65565
339 0.655672
340 0.655686
341 0.655679
342 0.655748
343 0.655755
344 0.655776
345 0.655798
346 0.655812
347 0.655832
348 0.655856
349 0.655877
350 0.655896
351 0.65591
352 0.655932
353 0.655945
354 0.65597
355 0.655988
356 0.656001
357 0.656028
358 0.656047
359 0.65606
360 0.656081
361 0.656094
362 0.656115
363 0.656132
364 0.656151
365 0.656177
366 0.656179
367 0.656203
368 0.65622
369 0.656233
370 0.656251
371 0.656267
372 0.656277
373 0.656305
374 0.656322
375 0.656342
376 0.656354
377 0.656371
378 0.656389
379 0.656406
380 0.656421
381 0.656432
382 0.656459
383 0.656479
384 0.656489
385 0.656501
386 0.65652
387 0.656538
388 0.656554
389 0.656573
390 0.656583
391 0.656611
392 0.656623
393 0.656638
394 0.656659
395 0.656669
396 0.656688
397 0.656706
398 0.656725
399 0.656737
400 0.656751
