1 0.067358
2 0.066559
3 0.06656
4 0.066651
5 0.066499
6 0.066361
7 0.066329
8 0.066455
9 0.067159
10 0.066936
11 0.066597
12 0.066458
13 0.066791
14 0.066872
15 0.06645
16 0.067227
17 0.066566
18 0.066466
19 0.066625
20 0.066784
21 0.066427
22 0.066701
23 0.066769
24 0.066309
25 0.066747
26 0.069177
27 0.071367
28 0.073185
29 0.075598
30 0.077287
31 0.079454
32 0.081922
33 0.084048
34 0.085303
35 0.088307
36 0.090384
37 0.092579
38 0.094106
39 0.096398
40 0.098386
41 0.100571
42 0.10256
43 0.10431
44 0.106374
45 0.10866
46 0.110895
47 0.112901
48 0.114395
49 0.116786
50 0.118596
51 0.121047
52 0.122353
53 0.12438
54 0.126669
55 0.128745
56 0.130479
57 0.133525
58 0.135272
59 0.137188
60 0.13959
61 0.141683
62 0.143404
63 0.145748
64 0.148452
65 0.150011
66 0.151554
67 0.153811
68 0.155909
69 0.157967
70 0.159548
71 0.162269
72 0.163862
73 0.165729
74 0.167262
75 0.168811
76 0.170593
77 0.172095
78 0.174164
79 0.17532
80 0.177081
81 0.178213
82 0.179915
83 0.18124
84 0.183398
85 0.184073
86 0.185936
87 0.186728
88 0.188501
89 0.189162
90 0.190817
91 0.192349
92 0.193605
93 0.194943
94 0.1965
95 0.197411
96 0.19814
97 0.199904
98 0.200879
99 0.202162
100 0.203557
101 0.20466
102 0.20574
103 0.207415
104 0.207932
105 0.20923
106 0.210927
107 0.211483
108 0.212938
109 0.213844
110 0.216238
111 0.216473
112 0.21782
113 0.219076
114 0.219456
115 0.221688
116 0.222784
117 0.223981
118 0.225487
119 0.226558
120 0.227116
121 0.22842
122 0.229695
123 0.230868
124 0.232788
125 0.233936
126 0.235993
127 0.23626
128 0.237841
129 0.238513
130 0.239383
131 0.241079
132 0.241795
133 0.243026
134 0.244568
135 0.246756
136 0.247234
137 0.248606
138 0.249574
139 0.2512
140 0.252197
141 0.254023
142 0.254503
143 0.255362
144 0.257091
145 0.258711
146 0.259695
147 0.261471
148 0.261911
149 0.263635
150 0.264214
151 0.265753
152 0.266926
153 0.26841
154 0.269641
155 0.270742
156 0.272876
157 0.272935
158 0.274269
159 0.275637
160 0.276832
161 0.277686
162 0.279317
163 0.279811
164 0.281078
165 0.282979
166 0.283485
167 0.285288
168 0.285532
169 0.287282
170 0.288375
171 0.28924
172 0.291014
173 0.291838
174 0.29336
175 0.294701
176 0.294679
177 0.296511
178 0.297823
179 0.29934
180 0.299848
181 0.300637
182 0.301845
183 0.302468
184 0.30405
185 0.305595
186 0.306928
187 0.307208
188 0.308093
189 0.30911
190 0.311145
191 0.312105
192 0.313092
193 0.313669
194 0.315929
195 0.31704
196 0.316826
197 0.318441
198 0.319744
199 0.321559
200 0.321447
201 0.322952
202 0.324102
203 0.325488
204 0.326175
205 0.327075
206 0.327678
207 0.329438
208 0.330572
209 0.330979
210 0.332247
211 0.333545
212 0.333935
213 0.33567
214 0.336929
215 0.336902
216 0.338814
217 0.340818
218 0.340135
219 0.342247
220 0.342769
221 0.343735
222 0.344099
223 0.346388
224 0.346204
225 0.348037
226 0.348707
227 0.349566
228 0.351148
229 0.351739
230 0.35276
231 0.354011
232 0.355165
233 0.35545
234 0.356713
235 0.357233
236 0.357741
237 0.359352
238 0.360521
239 0.36163
240 0.362904
241 0.363019
242 0.363932
243 0.365753
244 0.366776
245 0.367465
246 0.367691
247 0.369501
248 0.370077
249 0.370486
250 0.371608
251 0.372376
252 0.373736
253 0.37445
254 0.375285
255 0.376619
256 0.376839
257 0.377761
258 0.379419
259 0.379319
260 0.380343
261 0.381605
262 0.382181
263 0.38289
264 0.384186
265 0.384848
266 0.38614
267 0.386172
268 0.387045
269 0.388109
270 0.389523
271 0.39057
272 0.390807
273 0.391678
274 0.392744
275 0.393075
276 0.393898
277 0.395304
278 0.395827
279 0.395931
280 0.397302
281 0.39804
282 0.399064
283 0.400071
284 0.400891
285 0.401597
286 0.402786
287 0.403787
288 0.403837
289 0.405067
290 0.405362
291 0.406645
292 0.407444
293 0.408619
294 0.40911
295 0.410798
296 0.410286
297 0.411872
298 0.412123
299 0.413574
300 0.413764
301 0.415382
302 0.414897
303 0.416309
304 0.417421
305 0.417449
306 0.417896
307 0.419086
308 0.419856
309 0.421166
310 0.421821
311 0.422259
312 0.423105
313 0.423837
314 0.42462
315 0.425517
316 0.425661
317 0.426601
318 0.427382
319 0.427585
320 0.429293
321 0.429387
322 0.430345
323 0.430601
324 0.431998
325 0.432393
326 0.432834
327 0.434162
328 0.434128
329 0.434916
330 0.435799
331 0.437694
332 0.438179
333 0.437985
334 0.438968
335 0.439669
336 0.44016
337 0.441192
338 0.441519
339 0.442275
340 0.443417
341 0.444371
342 0.445076
343 0.444914
344 0.446434
345 0.446684
346 0.44685
347 0.4483
348 0.448366
349 0.449446
350 0.450273
351 0.450825
352 0.450978
353 0.452367
354 0.451999
355 0.453056
356 0.45292
357 0.454758
358 0.455068
359 0.45655
360 0.457276
361 0.457249
362 0.45818
363 0.45892
364 0.460088
365 0.459522
366 0.461109
367 0.46091
368 0.462454
369 0.46243
370 0.463419
371 0.463621
372 0.464365
373 0.465648
374 0.4659
375 0.46665
376 0.467031
377 0.467731
378 0.468117
379 0.46938
380 0.469492
381 0.470164
382 0.471234
383 0.471794
384 0.471599
385 0.472681
386 0.472724
387 0.473625
388 0.474334
389 0.474871
390 0.474935
391 0.475619
392 0.477322
393 0.477433
394 0.477389
395 0.478813
396 0.478947
397 0.479724
398 0.480572
399 0.480245
400 0.481871
