1 0.458174
2 0.325136
3 0.266241
4 0.231145
5 0.207241
6 0.189862
7 0.176205
8 0.165395
9 0.15633
10 0.148845
11 0.142515
12 0.136686
13 0.131676
14 0.127121
15 0.123199
16 0.119706
17 0.116439
18 0.113491
19 0.110833
20 0.108294
21 0.105778
22 0.103832
23 0.101853
24 0.0999069
25 0.0979202
26 0.0966371
27 0.0951162
28 0.0935041
29 0.0924252
30 0.0911159
31 0.0901023
32 0.0887534
33 0.0880177
34 0.0867544
35 0.0856984
36 0.0848428
37 0.0841379
38 0.0834352
39 0.0825293
40 0.0819608
41 0.0809662
42 0.0804802
43 0.0798714
44 0.0794541
45 0.0787608
46 0.0784114
47 0.0778085
48 0.077332
49 0.0769186
50 0.0764809
51 0.0761316
52 0.0758322
53 0.0753932
54 0.0752885
55 0.0747077
56 0.0743559
57 0.0742736
58 0.0739865
59 0.0735834
60 0.0734279
61 0.073016
62 0.0728689
63 0.0724239
64 0.072319
65 0.0721174
66 0.0720644
67 0.0718301
68 0.0718699
69 0.0716368
70 0.0714214
71 0.0712756
72 0.0710532
73 0.0706836
74 0.0709063
75 0.0707342
76 0.0706592
77 0.0706459
78 0.0705961
79 0.0704519
80 0.0703774
81 0.0703044
82 0.0701893
83 0.0703144
84 0.0699723
85 0.0700462
86 0.0699567
87 0.0700035
88 0.0699483
89 0.0699236
90 0.0699216
91 0.0697047
92 0.0697507
93 0.0701779
94 0.0697528
95 0.0696455
96 0.0696349
97 0.0696669
98 0.0695172
99 0.0696627
100 0.0695925
101 0.0695239
102 0.0696037
103 0.0695464
104 0.0694843
105 0.0693677
106 0.069618
107 0.0694421
108 0.0695635
109 0.0695128
110 0.0694991
111 0.0695095
112 0.0695466
113 0.0696361
114 0.0699601
115 0.0696105
116 0.0695611
117 0.069547
118 0.0695646
119 0.0694971
120 0.0696303
121 0.0696771
122 0.0696389
123 0.0696277
124 0.069678
125 0.0697139
126 0.0697651
127 0.0697252
128 0.0695688
129 0.0697718
130 0.0699195
131 0.0699459
132 0.0699176
133 0.0698197
134 0.0699586
135 0.0700421
136 0.0699893
137 0.0700453
138 0.0701069
139 0.0700494
140 0.0701437
141 0.0702285
142 0.0701805
143 0.0702041
144 0.0702635
145 0.0702914
146 0.0698185
147 0.0703503
148 0.0704029
149 0.0704744
150 0.070442
151 0.0705095
152 0.0706162
153 0.0706541
154 0.0706763
155 0.0706653
156 0.0707185
157 0.070767
158 0.0708131
159 0.0709547
160 0.0709058
161 0.0710242
162 0.0710297
163 0.0710426
164 0.071079
165 0.0711195
166 0.07124
167 0.0712078
168 0.0712654
169 0.0713485
170 0.0713035
171 0.0718933
172 0.07142
173 0.0714998
174 0.0715789
175 0.0716297
176 0.0716999
177 0.0717217
178 0.0719481
179 0.0718097
180 0.0718938
181 0.0718305
182 0.072101
183 0.0720151
184 0.072144
185 0.0721401
186 0.0722412
187 0.0721802
188 0.0723663
189 0.0723027
190 0.0723049
191 0.0724518
192 0.0724599
193 0.0725207
194 0.0726176
195 0.072595
196 0.072663
197 0.0728631
198 0.0728418
199 0.0728453
200 0.0729766
201 0.072993
202 0.0729838
203 0.0731124
204 0.0731428
205 0.0725311
206 0.0732354
207 0.0733457
208 0.0732793
209 0.0734216
210 0.0735358
211 0.0734824
212 0.0735714
213 0.0737219
214 0.0735732
215 0.0737519
216 0.0738236
217 0.0737419
218 0.0738298
219 0.0739351
220 0.0739886
221 0.0740068
222 0.0740943
223 0.0742104
224 0.0742021
225 0.0742751
226 0.0743105
227 0.0744305
228 0.0743772
229 0.0744797
230 0.0746036
231 0.0746111
232 0.0746059
233 0.0746803
234 0.0748572
235 0.0747797
236 0.0748098
237 0.0748163
238 0.0748329
239 0.0750164
240 0.0750529
241 0.0752343
242 0.0751248
243 0.0752717
244 0.0752391
245 0.0752706
246 0.0752837
247 0.0754034
248 0.0754681
249 0.0755683
250 0.0755004
251 0.0755758
252 0.0755938
253 0.0757138
254 0.0757575
255 0.0757503
256 0.0758715
257 0.0759258
258 0.0759756
259 0.0759792
260 0.0760797
261 0.0762177
262 0.0762487
263 0.0761837
264 0.0762741
265 0.0762711
266 0.0762933
267 0.0764695
268 0.0764652
269 0.0764282
270 0.0766684
271 0.0765571
272 0.0766359
273 0.0767281
274 0.0767201
275 0.0768401
276 0.0768771
277 0.0769494
278 0.0769508
279 0.0771083
280 0.0770799
281 0.0771012
282 0.0772226
283 0.0772558
284 0.0773369
285 0.0772214
286 0.0773772
287 0.077382
288 0.0774928
289 0.0774448
290 0.0774846
291 0.077648
292 0.0776653
293 0.0777916
294 0.0776573
295 0.0778023
296 0.0777952
297 0.0778984
298 0.07792
299 0.0778924
300 0.0780202
301 0.0781123
302 0.0780862
303 0.0781641
304 0.0781791
305 0.0782085
306 0.0782921
307 0.07817
308 0.0783765
309 0.0784555
310 0.0784645
311 0.0784736
312 0.0784827
313 0.0785552
314 0.0786082
315 0.0785546
316 0.0786863
317 0.0787311
318 0.0788737
319 0.0788152
320 0.0788687
321 0.0789459
322 0.0790142
323 0.0790489
324 0.0791051
325 0.0791034
326 0.0791521
327 0.0791745
328 0.079237
329 0.0792759
330 0.0793341
331 0.0793778
332 0.0794572
333 0.0794748
334 0.0795278
335 0.0795497
336 0.0795641
337 0.0795181
338 0.0795901
339 0.0796674
340 0.0795901
341 0.0802457
342 0.0800954
343 0.0797909
344 0.0798263
345 0.0799439
346 0.0799271
347 0.0800085
348 0.079976
349 0.0800002
350 0.0800715
351 0.0800918
352 0.0801584
353 0.0802466
354 0.0802094
355 0.0802525
356 0.0803122
357 0.0802963
358 0.0804163
359 0.0804445
360 0.0804917
361 0.0804929
362 0.0804475
363 0.0805697
364 0.0806227
365 0.0806921
366 0.0806766
367 0.0806762
368 0.0808109
369 0.0807427
370 0.0807944
371 0.0807971
372 0.0809314
373 0.0808851
374 0.0809166
375 0.0809532
376 0.0810634
377 0.0810642
378 0.0810733
379 0.0811416
380 0.0811066
381 0.0811605
382 0.0812545
383 0.0812545
384 0.0812271
385 0.0814129
386 0.081345
387 0.0814316
388 0.0814342
389 0.0814172
390 0.0815825
391 0.0814891
392 0.0815551
393 0.0815689
394 0.0817109
395 0.0816469
396 0.0817423
397 0.0816671
398 0.0817714
399 0.0816944
400 0.0818607
