1 0.261734
2 0.262037
3 0.26202
4 0.26213
5 0.262044
6 0.262182
7 0.262112
8 0.262098
9 0.261896
10 0.261889
11 0.262143
12 0.262162
13 0.262107
14 0.261804
15 0.262146
16 0.261761
17 0.262179
18 0.262022
19 0.262102
20 0.261871
21 0.262044
22 0.261995
23 0.261946
24 0.261984
25 0.261944
26 0.259907
27 0.257464
28 0.255444
29 0.253444
30 0.251696
31 0.249161
32 0.247081
33 0.245002
34 0.243743
35 0.241227
36 0.239719
37 0.237719
38 0.236008
39 0.234086
40 0.232394
41 0.230732
42 0.228946
43 0.227448
44 0.225709
45 0.224109
46 0.222474
47 0.220862
48 0.219393
49 0.217891
50 0.216226
51 0.214573
52 0.21316
53 0.211877
54 0.210224
55 0.208754
56 0.207496
57 0.205673
58 0.204278
59 0.20291
60 0.201581
61 0.200179
62 0.198927
63 0.197523
64 0.19611
65 0.19505
66 0.194016
67 0.192699
68 0.191444
69 0.190281
70 0.189249
71 0.188177
72 0.187093
73 0.186176
74 0.185234
75 0.184189
76 0.183307
77 0.182622
78 0.181704
79 0.181103
80 0.180338
81 0.179489
82 0.178684
83 0.178002
84 0.177345
85 0.177083
86 0.176192
87 0.175751
88 0.174835
89 0.174445
90 0.173823
91 0.173174
92 0.172746
93 0.172265
94 0.171321
95 0.171227
96 0.170645
97 0.169916
98 0.16945
99 0.168893
100 0.168469
101 0.167993
102 0.167663
103 0.166905
104 0.16651
105 0.166152
106 0.165502
107 0.165136
108 0.164619
109 0.164217
110 0.163184
111 0.163003
112 0.162387
113 0.161879
114 0.161513
115 0.16072
116 0.160409
117 0.15967
118 0.15943
119 0.158777
120 0.158399
121 0.15799
122 0.157428
123 0.156926
124 0.156338
125 0.155627
126 0.155147
127 0.15482
128 0.154114
129 0.153843
130 0.153607
131 0.152862
132 0.15233
133 0.151854
134 0.151217
135 0.150508
136 0.150301
137 0.149651
138 0.149256
139 0.148569
140 0.14814
141 0.147596
142 0.147172
143 0.146644
144 0.146219
145 0.14557
146 0.145073
147 0.144449
148 0.144235
149 0.143734
150 0.143442
151 0.142822
152 0.142261
153 0.141648
154 0.141085
155 0.140873
156 0.140194
157 0.139993
158 0.139369
159 0.138785
160 0.138354
161 0.137996
162 0.137429
163 0.137205
164 0.136829
165 0.135929
166 0.135887
167 0.135167
168 0.134928
169 0.134503
170 0.134028
171 0.133718
172 0.132916
173 0.132563
174 0.132083
175 0.131511
176 0.131414
177 0.130756
178 0.130443
179 0.129963
180 0.12955
181 0.129323
182 0.128631
183 0.128559
184 0.12793
185 0.127423
186 0.126832
187 0.126708
188 0.126321
189 0.126102
190 0.125258
191 0.124972
192 0.124631
193 0.124389
194 0.12364
195 0.123425
196 0.1232
197 0.122592
198 0.12214
199 0.121586
200 0.121583
201 0.121075
202 0.120861
203 0.120149
204 0.119907
205 0.119546
206 0.119352
207 0.118853
208 0.118474
209 0.118139
210 0.117838
211 0.117383
212 0.117135
213 0.116511
214 0.116083
215 0.115946
216 0.115649
217 0.11499
218 0.114853
219 0.114534
220 0.114148
221 0.113716
222 0.11366
223 0.112969
224 0.112812
225 0.112302
226 0.112127
227 0.11177
228 0.111248
229 0.110944
230 0.110661
231 0.110395
232 0.109833
233 0.109762
234 0.109376
235 0.109088
236 0.108853
237 0.108489
238 0.108192
239 0.107756
240 0.107546
241 0.107335
242 0.106929
243 0.106485
244 0.106168
245 0.105969
246 0.105612
247 0.105348
248 0.104962
249 0.104786
250 0.10466
251 0.104213
252 0.10382
253 0.103542
254 0.1033
255 0.102888
256 0.102875
257 0.102423
258 0.102139
259 0.101911
260 0.101698
261 0.10124
262 0.101182
263 0.10069
264 0.100451
265 0.100283
266 0.0999343
267 0.0997635
268 0.099457
269 0.099077
270 0.0987671
271 0.0984692
272 0.0982863
273 0.0982794
274 0.0977572
275 0.0977413
276 0.0974322
277 0.0968894
278 0.0969404
279 0.0966523
280 0.0962796
281 0.0961962
282 0.0959318
283 0.0956146
284 0.0953286
285 0.0951439
286 0.0947573
287 0.094464
288 0.0943467
289 0.0941438
290 0.093864
291 0.0935233
292 0.0933849
293 0.0930054
294 0.0929098
295 0.0923914
296 0.0924689
297 0.0919716
298 0.0918757
299 0.0913485
300 0.0914778
301 0.0910394
302 0.0911106
303 0.0905595
304 0.0904749
305 0.0902565
306 0.0900831
307 0.0896177
308 0.0896975
309 0.0892766
310 0.0891268
311 0.0887945
312 0.0886168
313 0.0882319
314 0.0882177
315 0.0878564
316 0.0878321
317 0.0876165
318 0.0873987
319 0.0872568
320 0.0868046
321 0.0867823
322 0.0864452
323 0.086416
324 0.0861509
325 0.0859194
326 0.08568
327 0.0855348
328 0.0853911
329 0.0851521
330 0.084956
331 0.0844349
332 0.0844843
333 0.0841244
334 0.0842505
335 0.0838728
336 0.0836814
337 0.0835167
338 0.0833451
339 0.0830016
340 0.08282
341 0.0825583
342 0.0824087
343 0.0824315
344 0.0819615
345 0.0818156
346 0.0817296
347 0.0814439
348 0.0814439
349 0.0810834
350 0.0809565
351 0.0808574
352 0.0807137
353 0.0802621
354 0.0801783
355 0.0800528
356 0.080104
357 0.0794766
358 0.0795146
359 0.0792503
360 0.0789606
361 0.0789009
362 0.0788024
363 0.0785107
364 0.0780597
365 0.0783406
366 0.077893
367 0.0778568
368 0.0775727
369 0.0775153
370 0.0773078
371 0.0772283
372 0.0770247
373 0.0766667
374 0.0766155
375 0.0764662
376 0.0762893
377 0.0760482
378 0.0760207
379 0.0756898
380 0.075831
381 0.0754055
382 0.0751988
383 0.0750253
384 0.0750751
385 0.0748527
386 0.0748633
387 0.0744132
388 0.0744261
389 0.0741994
390 0.0741147
391 0.0739276
392 0.0735995
393 0.0734954
394 0.0735767
395 0.0731597
396 0.0730739
397 0.0729182
398 0.0728564
399 0.072786
400 0.0723129
