1 0.299807
2 0.29967
3 0.299686
4 0.299641
5 0.299778
6 0.299668
7 0.299778
8 0.299761
9 0.299881
10 0.299819
11 0.299722
12 0.299787
13 0.299854
14 0.299862
15 0.299926
16 0.299887
17 0.299834
18 0.299832
19 0.29985
20 0.299933
21 0.299971
22 0.299918
23 0.299938
24 0.299942
25 0.300018
26 0.299997
27 0.300131
28 0.300393
29 0.300662
30 0.300979
31 0.301306
32 0.301793
33 0.302179
34 0.302744
35 0.303291
36 0.303803
37 0.304342
38 0.304898
39 0.305551
40 0.306107
41 0.30681
42 0.307344
43 0.308003
44 0.308644
45 0.309311
46 0.309948
47 0.310635
48 0.3113
49 0.311965
50 0.312627
51 0.313266
52 0.31395
53 0.314606
54 0.315267
55 0.31603
56 0.316717
57 0.317355
58 0.318086
59 0.318796
60 0.31947
61 0.320186
62 0.320865
63 0.321585
64 0.322265
65 0.322983
66 0.323632
67 0.32432
68 0.324961
69 0.325649
70 0.32631
71 0.326985
72 0.32765
73 0.328369
74 0.328955
75 0.329605
76 0.330245
77 0.330888
78 0.331503
79 0.332131
80 0.332756
81 0.333382
82 0.333998
83 0.334561
84 0.335207
85 0.335755
86 0.336339
87 0.336914
88 0.337491
89 0.338053
90 0.338599
91 0.339186
92 0.33972
93 0.340134
94 0.340762
95 0.341287
96 0.341817
97 0.34232
98 0.342849
99 0.34335
100 0.343849
101 0.344352
102 0.344817
103 0.345317
104 0.345802
105 0.346298
106 0.346723
107 0.347239
108 0.34768
109 0.348147
110 0.348614
111 0.34906
112 0.349514
113 0.34996
114 0.35032
115 0.350863
116 0.351293
117 0.351748
118 0.352161
119 0.352592
120 0.35302
121 0.353451
122 0.353857
123 0.354276
124 0.3547
125 0.355099
126 0.355495
127 0.355935
128 0.356331
129 0.356743
130 0.357113
131 0.357517
132 0.357924
133 0.358311
134 0.358709
135 0.359101
136 0.359478
137 0.359867
138 0.360238
139 0.360624
140 0.361008
141 0.361371
142 0.361756
143 0.362127
144 0.362501
145 0.362863
146 0.363338
147 0.363603
148 0.363981
149 0.364332
150 0.36471
151 0.365072
152 0.365425
153 0.365774
154 0.366147
155 0.366499
156 0.36685
157 0.367206
158 0.367553
159 0.367896
160 0.368247
161 0.368583
162 0.368939
163 0.369272
164 0.369606
165 0.369958
166 0.370287
167 0.370635
168 0.370972
169 0.371298
170 0.371633
171 0.371876
172 0.372304
173 0.372632
174 0.372969
175 0.373292
176 0.373623
177 0.373948
178 0.374245
179 0.374593
180 0.37492
181 0.375237
182 0.375537
183 0.375882
184 0.376191
185 0.376507
186 0.376804
187 0.377142
188 0.377444
189 0.377754
190 0.378059
191 0.378374
192 0.37868
193 0.378987
194 0.379291
195 0.37961
196 0.379897
197 0.380182
198 0.380509
199 0.380802
200 0.381103
201 0.381404
202 0.381704
203 0.381998
204 0.382284
205 0.382707
206 0.382875
207 0.383159
208 0.383457
209 0.383748
210 0.384016
211 0.384325
212 0.384613
213 0.384901
214 0.385189
215 0.385466
216 0.385755
217 0.386037
218 0.386317
219 0.386586
220 0.38687
221 0.387151
222 0.387419
223 0.3877
224 0.387981
225 0.388251
226 0.388536
227 0.388802
228 0.389073
229 0.389345
230 0.389611
231 0.389872
232 0.390144
233 0.39041
234 0.390657
235 0.390938
236 0.3912
237 0.391466
238 0.391726
239 0.391972
240 0.392245
241 0.392493
242 0.392775
243 0.393028
244 0.393285
245 0.393539
246 0.39379
247 0.394049
248 0.394306
249 0.394552
250 0.394811
251 0.395054
252 0.395308
253 0.395565
254 0.395803
255 0.396063
256 0.396304
257 0.396544
258 0.396786
259 0.39704
260 0.39728
261 0.397512
262 0.397758
263 0.398009
264 0.398246
265 0.398487
266 0.398728
267 0.398962
268 0.399198
269 0.399436
270 0.399673
271 0.399913
272 0.400139
273 0.400377
274 0.400602
275 0.400824
276 0.401059
277 0.401285
278 0.401514
279 0.401728
280 0.401971
281 0.402195
282 0.402421
283 0.402649
284 0.402876
285 0.403098
286 0.403323
287 0.40355
288 0.403776
289 0.403992
290 0.40422
291 0.40443
292 0.404649
293 0.404854
294 0.40509
295 0.405303
296 0.405522
297 0.405736
298 0.405956
299 0.406174
300 0.40639
301 0.406596
302 0.406813
303 0.407032
304 0.407242
305 0.407454
306 0.407664
307 0.407895
308 0.408083
309 0.408291
310 0.408503
311 0.408711
312 0.408914
313 0.409123
314 0.409334
315 0.409546
316 0.409745
317 0.409946
318 0.410154
319 0.410359
320 0.410559
321 0.410764
322 0.410962
323 0.411159
324 0.411362
325 0.411564
326 0.411759
327 0.411962
328 0.412161
329 0.412362
330 0.412554
331 0.412753
332 0.412951
333 0.413151
334 0.41334
335 0.413537
336 0.413732
337 0.413924
338 0.414112
339 0.414302
340 0.414505
341 0.414581
342 0.414807
343 0.415061
344 0.415254
345 0.415444
346 0.415629
347 0.415817
348 0.416003
349 0.41619
350 0.416372
351 0.416564
352 0.416744
353 0.41693
354 0.417116
355 0.417293
356 0.417472
357 0.417657
358 0.417837
359 0.418017
360 0.418196
361 0.418378
362 0.418558
363 0.418733
364 0.418913
365 0.41909
366 0.419262
367 0.419445
368 0.419621
369 0.419799
370 0.419972
371 0.420142
372 0.420317
373 0.420497
374 0.420672
375 0.420843
376 0.421015
377 0.421188
378 0.42136
379 0.421534
380 0.421702
381 0.421876
382 0.42204
383 0.422214
384 0.422379
385 0.422544
386 0.422711
387 0.422884
388 0.423047
389 0.423216
390 0.423363
391 0.423554
392 0.423714
393 0.423879
394 0.424028
395 0.424203
396 0.424368
397 0.424527
398 0.4247
399 0.424854
400 0.425016
