1 0.50031
2 0.50031
3 0.50031
4 0.50031
5 0.50031
6 0.50031
7 0.50031
8 0.50031
9 0.50031
10 0.390877
11 0.632986
12 0.373645
13 0.385311
14 0.384539
15 0.394892
16 0.394909
17 0.40424
18 0.407616
19 0.413715
20 0.41896
21 0.423946
22 0.426075
23 0.431622
24 0.435741
25 0.440797
26 0.442118
27 0.447617
28 0.450257
29 0.454039
30 0.455974
31 0.460035
32 0.46226
33 0.466145
34 0.467496
35 0.470466
36 0.472627
37 0.475104
38 0.477683
39 0.479662
40 0.481342
41 0.483509
42 0.486266
43 0.487283
44 0.490036
45 0.491585
46 0.493667
47 0.495312
48 0.496123
49 0.498418
50 0.50002
51 0.502238
52 0.50364
53 0.505338
54 0.507001
55 0.507923
56 0.509731
57 0.511016
58 0.511182
59 0.513948
60 0.515202
61 0.515204
62 0.517181
63 0.518707
64 0.518967
65 0.521771
66 0.521303
67 0.523642
68 0.524523
69 0.524981
70 0.5271
71 0.527594
72 0.528382
73 0.529137
74 0.529298
75 0.530909
76 0.531924
77 0.532221
78 0.533307
79 0.534724
80 0.535182
81 0.536724
82 0.538227
83 0.537375
84 0.538957
85 0.539818
86 0.540383
87 0.541382
88 0.541997
89 0.543174
90 0.544239
91 0.543631
92 0.544444
93 0.544986
94 0.546326
95 0.546599
96 0.547458
97 0.54813
98 0.548876
99 0.549307
100 0.54919
101 0.550845
102 0.551172
103 0.550499
104 0.551435
105 0.551775
106 0.552861
107 0.553643
108 0.553685
109 0.55361
110 0.555558
111 0.554637
112 0.556448
113 0.556013
114 0.557055
115 0.557894
116 0.558844
117 0.559425
118 0.559157
119 0.559553
120 0.559907
121 0.560591
122 0.560919
123 0.561101
124 0.561994
125 0.561618
126 0.562113
127 0.563404
128 0.563997
129 0.56377
130 0.565117
131 0.565357
132 0.565329
133 0.565452
134 0.56629
135 0.565369
136 0.565838
137 0.566746
138 0.566946
139 0.567425
140 0.566973
141 0.568532
142 0.56826
143 0.568311
144 0.569426
145 0.569824
146 0.569369
147 0.570864
148 0.571046
149 0.570618
150 0.571107
151 0.570659
152 0.571631
153 0.572526
154 0.572652
155 0.57282
156 0.573145
157 0.573226
158 0.573597
159 0.574429
160 0.574025
161 0.574398
162 0.57439
163 0.574713
164 0.574851
165 0.574784
166 0.576499
167 0.576292
168 0.575383
169 0.576798
170 0.576808
171 0.577204
172 0.577115
173 0.57761
174 0.577588
175 0.577144
176 0.577409
177 0.577285
178 0.578134
179 0.578468
180 0.578965
181 0.57962
182 0.578673
183 0.580327
184 0.579029
185 0.579794
186 0.580249
187 0.581002
188 0.580032
189 0.580705
190 0.580834
191 0.58163
192 0.58217
193 0.58106
194 0.581764
195 0.5817
196 0.582319
197 0.583061
198 0.582985
199 0.582745
200 0.584278
201 0.583441
202 0.582499
203 0.583668
204 0.584362
205 0.584196
206 0.58455
207 0.585084
208 0.584652
209 0.583271
210 0.585447
211 0.586302
212 0.584849
213 0.585479
214 0.585121
215 0.584715
216 0.58585
217 0.585947
218 0.586418
219 0.586633
220 0.586061
221 0.587069
222 0.587403
223 0.58661
224 0.586253
225 0.587455
226 0.587102
227 0.587926
228 0.587181
229 0.587512
230 0.588463
231 0.588033
232 0.58798
233 0.588647
234 0.588468
235 0.587321
236 0.589393
237 0.589892
238 0.58882
239 0.589204
240 0.589627
241 0.588947
242 0.58997
243 0.590722
244 0.590226
245 0.590765
246 0.59017
247 0.58998
248 0.592024
249 0.590945
250 0.590849
251 0.590529
252 0.591649
253 0.590347
254 0.590967
255 0.59197
256 0.591183
257 0.592249
258 0.591969
259 0.592296
260 0.59165
261 0.592231
262 0.591873
263 0.592106
264 0.591697
265 0.592588
266 0.593496
267 0.592118
268 0.593805
269 0.592575
270 0.593057
271 0.594028
272 0.59294
273 0.593253
274 0.593945
275 0.593627
276 0.594171
277 0.593965
278 0.594171
279 0.594339
280 0.593608
281 0.593863
282 0.594901
283 0.594002
284 0.595334
285 0.594102
286 0.594793
287 0.594379
288 0.59423
289 0.594566
290 0.595138
291 0.594569
292 0.595084
293 0.595747
294 0.595075
295 0.596267
296 0.595828
297 0.596113
298 0.595548
299 0.596013
300 0.596207
301 0.595791
302 0.596055
303 0.596287
304 0.596727
305 0.596569
306 0.596393
307 0.59686
308 0.596506
309 0.596408
310 0.596408
311 0.596608
312 0.596164
313 0.597312
314 0.597268
315 0.596669
316 0.597162
317 0.597125
318 0.597317
319 0.598457
320 0.59755
321 0.598
322 0.598509
323 0.59811
324 0.598598
325 0.598441
326 0.59797
327 0.598163
328 0.59759
329 0.598229
330 0.597199
331 0.598598
332 0.59886
333 0.599505
334 0.599133
335 0.598753
336 0.598734
337 0.59889
338 0.598664
339 0.598737
340 0.59938
341 0.598908
342 0.598304
343 0.599009
344 0.599734
345 0.599639
346 0.599595
347 0.600403
348 0.599845
349 0.59973
350 0.599382
351 0.599872
352 0.599693
353 0.600072
354 0.600662
355 0.600134
356 0.600291
357 0.600885
358 0.600027
359 0.599906
360 0.600768
361 0.600443
362 0.599898
363 0.599936
364 0.600271
365 0.600793
366 0.60027
367 0.601172
368 0.600864
369 0.601423
370 0.601305
371 0.600966
372 0.601078
373 0.601349
374 0.601941
375 0.601514
376 0.601541
377 0.601298
378 0.601896
379 0.601847
380 0.601696
381 0.601329
382 0.601931
383 0.601505
384 0.601614
385 0.601173
386 0.601689
387 0.602033
388 0.602636
389 0.603159
390 0.601546
391 0.601348
392 0.60293
393 0.602202
394 0.602063
395 0.602617
396 0.601642
397 0.602599
398 0.602219
399 0.602894
400 0.603294
