1 0.500804
2 0.499759
3 0.500307
4 0.500189
5 0.500274
6 0.500161
7 0.500121
8 0.500066
9 0.50009
10 0.500048
11 0.502847
12 0.500125
13 0.502501
14 0.504681
15 0.506683
16 0.508582
17 0.510429
18 0.512004
19 0.513499
20 0.515036
21 0.516298
22 0.517556
23 0.51858
24 0.519833
25 0.520797
26 0.52174
27 0.522757
28 0.523716
29 0.524645
30 0.525317
31 0.526051
32 0.52685
33 0.52754
34 0.528186
35 0.528853
36 0.529442
37 0.530062
38 0.530701
39 0.531218
40 0.531763
41 0.532245
42 0.53279
43 0.533264
44 0.533764
45 0.534201
46 0.534556
47 0.534932
48 0.535415
49 0.53582
50 0.536218
51 0.53658
52 0.536922
53 0.537346
54 0.537708
55 0.53801
56 0.538455
57 0.538634
58 0.539103
59 0.539305
60 0.539596
61 0.539864
62 0.540259
63 0.540402
64 0.540716
65 0.541008
66 0.541386
67 0.541569
68 0.541832
69 0.541977
70 0.542226
71 0.542503
72 0.542779
73 0.543036
74 0.543226
75 0.543378
76 0.54363
77 0.543805
78 0.544009
79 0.544205
80 0.544476
81 0.54461
82 0.544759
83 0.545045
84 0.545212
85 0.54533
86 0.545603
87 0.545695
88 0.545855
89 0.546013
90 0.546201
91 0.546372
92 0.546525
93 0.546692
94 0.546851
95 0.546939
96 0.547075
97 0.547201
98 0.54736
99 0.547588
100 0.547752
101 0.54786
102 0.547936
103 0.548071
104 0.548211
105 0.548324
106 0.548519
107 0.548641
108 0.548759
109 0.548867
110 0.548965
111 0.549154
112 0.549212
113 0.549336
114 0.549456
115 0.549561
116 0.549735
117 0.549748
118 0.5499
119 0.550005
120 0.550074
121 0.550206
122 0.550343
123 0.550462
124 0.550505
125 0.550697
126 0.550761
127 0.550837
128 0.550908
129 0.550982
130 0.55116
131 0.551228
132 0.551276
133 0.551421
134 0.551422
135 0.551562
136 0.551624
137 0.551761
138 0.551741
139 0.551881
140 0.552
141 0.552037
142 0.552162
143 0.552232
144 0.552308
145 0.552405
146 0.552488
147 0.552579
148 0.55258
149 0.552746
150 0.552764
151 0.552832
152 0.552908
153 0.553011
154 0.553033
155 0.553165
156 0.553206
157 0.55324
158 0.553309
159 0.553355
160 0.553476
161 0.5535
162 0.55364
163 0.553694
164 0.553719
165 0.553834
166 0.553888
167 0.553893
168 0.553933
169 0.553979
170 0.554012
171 0.554162
172 0.554232
173 0.554286
174 0.554326
175 0.554448
176 0.554448
177 0.554435
178 0.554515
179 0.554585
180 0.554654
181 0.554682
182 0.554807
183 0.554837
184 0.554872
185 0.554942
186 0.555002
187 0.55494
188 0.555068
189 0.55514
190 0.555213
191 0.555245
192 0.555283
193 0.555344
194 0.555391
195 0.555407
196 0.555472
197 0.555516
198 0.555642
199 0.555553
200 0.555639
201 0.555673
202 0.555783
203 0.555822
204 0.555841
205 0.555875
206 0.555948
207 0.555974
208 0.555966
209 0.556028
210 0.556072
211 0.556091
212 0.556181
213 0.556238
214 0.556293
215 0.556384
216 0.556362
217 0.556373
218 0.556433
219 0.556467
220 0.556526
221 0.556563
222 0.556561
223 0.556624
224 0.556582
225 0.55671
226 0.556763
227 0.55675
228 0.556819
229 0.556884
230 0.556942
231 0.556942
232 0.556986
233 0.556989
234 0.557076
235 0.557107
236 0.557109
237 0.557121
238 0.55723
239 0.557209
240 0.557248
241 0.557257
242 0.557327
243 0.557372
244 0.557405
245 0.557382
246 0.557471
247 0.557501
248 0.557518
249 0.557529
250 0.557523
251 0.557625
252 0.557616
253 0.557731
254 0.557728
255 0.557708
256 0.557803
257 0.55785
258 0.557915
259 0.557878
260 0.557913
261 0.557961
262 0.557928
263 0.557956
264 0.558032
265 0.558041
266 0.558049
267 0.558065
268 0.558165
269 0.558142
270 0.55813
271 0.55823
272 0.558236
273 0.558233
274 0.558306
275 0.558337
276 0.558339
277 0.558374
278 0.558403
279 0.558434
280 0.558444
281 0.558488
282 0.558524
283 0.558525
284 0.558545
285 0.558605
286 0.558651
287 0.558641
288 0.558635
289 0.558711
290 0.558711
291 0.558703
292 0.558753
293 0.558798
294 0.558835
295 0.558887
296 0.558854
297 0.558945
298 0.558927
299 0.55899
300 0.558999
301 0.558964
302 0.559004
303 0.559022
304 0.559025
305 0.559024
306 0.559145
307 0.559111
308 0.559137
309 0.559188
310 0.559176
311 0.559206
312 0.559241
313 0.559269
314 0.559286
315 0.559279
316 0.559345
317 0.559417
318 0.559335
319 0.559363
320 0.55941
321 0.559388
322 0.559443
323 0.559491
324 0.559435
325 0.559545
326 0.55955
327 0.559608
328 0.55957
329 0.559572
330 0.559598
331 0.559636
332 0.559635
333 0.559692
334 0.559707
335 0.559722
336 0.559698
337 0.559784
338 0.559794
339 0.559787
340 0.559792
341 0.559841
342 0.559798
343 0.55987
344 0.5599
345 0.559895
346 0.559901
347 0.559926
348 0.55994
349 0.559991
350 0.560001
351 0.559962
352 0.560033
353 0.56002
354 0.560039
355 0.56006
356 0.560097
357 0.560124
358 0.560189
359 0.560134
360 0.560221
361 0.560209
362 0.560232
363 0.560267
364 0.560241
365 0.560251
366 0.560262
367 0.560255
368 0.560286
369 0.560359
370 0.560348
371 0.560364
372 0.560391
373 0.560438
374 0.560426
375 0.560423
376 0.560455
377 0.560439
378 0.56048
379 0.56046
380 0.560549
381 0.560535
382 0.560519
383 0.560542
384 0.560542
385 0.56055
386 0.560601
387 0.560643
388 0.560629
389 0.560677
390 0.560666
391 0.560655
392 0.560718
393 0.560639
394 0.560714
395 0.560718
396 0.560718
397 0.560756
398 0.560782
399 0.560823
400 0.560767
