1 0.499425
2 0.49968
3 0.5114
4 0.519246
5 0.525476
6 0.530698
7 0.534814
8 0.538041
9 0.540683
10 0.543319
11 0.545429
12 0.547204
13 0.548749
14 0.55044
15 0.551811
16 0.553112
17 0.55421
18 0.55521
19 0.556223
20 0.557318
21 0.558211
22 0.559084
23 0.559815
24 0.56057
25 0.561275
26 0.561899
27 0.562493
28 0.563132
29 0.56372
30 0.564345
31 0.564967
32 0.565492
33 0.566
34 0.566507
35 0.567023
36 0.567509
37 0.567962
38 0.568395
39 0.568811
40 0.569224
41 0.569605
42 0.570013
43 0.570357
44 0.570732
45 0.571077
46 0.571437
47 0.571766
48 0.572093
49 0.572425
50 0.57273
51 0.573029
52 0.573342
53 0.573612
54 0.573926
55 0.574207
56 0.574465
57 0.574692
58 0.575027
59 0.575296
60 0.575541
61 0.575798
62 0.576041
63 0.576221
64 0.576477
65 0.57669
66 0.57692
67 0.577125
68 0.577342
69 0.577555
70 0.577772
71 0.577969
72 0.578172
73 0.578449
74 0.578589
75 0.578764
76 0.578959
77 0.579137
78 0.579315
79 0.57948
80 0.579655
81 0.579827
82 0.57999
83 0.580171
84 0.580342
85 0.580493
86 0.580678
87 0.580829
88 0.580977
89 0.581121
90 0.581279
91 0.5814
92 0.581554
93 0.581701
94 0.581831
95 0.58198
96 0.582118
97 0.582241
98 0.582377
99 0.582521
100 0.582653
101 0.582787
102 0.582895
103 0.583043
104 0.583157
105 0.583265
106 0.583396
107 0.583514
108 0.58363
109 0.583749
110 0.583869
111 0.583985
112 0.584098
113 0.584212
114 0.584317
115 0.584425
116 0.584531
117 0.584615
118 0.584728
119 0.584835
120 0.584935
121 0.585043
122 0.58514
123 0.585229
124 0.585334
125 0.58543
126 0.585522
127 0.585602
128 0.585707
129 0.585792
130 0.585888
131 0.585962
132 0.586058
133 0.586146
134 0.58622
135 0.586313
136 0.586399
137 0.586479
138 0.586561
139 0.586641
140 0.586721
141 0.586798
142 0.586882
143 0.586956
144 0.587036
145 0.58712
146 0.587198
147 0.587276
148 0.587347
149 0.587416
150 0.587494
151 0.587556
152 0.587629
153 0.587704
154 0.587776
155 0.587846
156 0.587909
157 0.587981
158 0.588044
159 0.588112
160 0.588179
161 0.588249
162 0.588307
163 0.588381
164 0.588445
165 0.588507
166 0.588571
167 0.588629
168 0.588693
169 0.588754
170 0.588799
171 0.588809
172 0.588944
173 0.589001
174 0.589063
175 0.589115
176 0.589177
177 0.589238
178 0.589297
179 0.589347
180 0.589408
181 0.589471
182 0.58953
183 0.589587
184 0.589633
185 0.589684
186 0.589744
187 0.589793
188 0.589843
189 0.589892
190 0.589945
191 0.589994
192 0.590048
193 0.590098
194 0.590153
195 0.590186
196 0.590253
197 0.590285
198 0.590349
199 0.590398
200 0.590447
201 0.590499
202 0.59054
203 0.590587
204 0.590633
205 0.590674
206 0.590727
207 0.590772
208 0.59082
209 0.590874
210 0.590922
211 0.590964
212 0.591008
213 0.591052
214 0.591097
215 0.591142
216 0.591185
217 0.59123
218 0.591278
219 0.591319
220 0.591364
221 0.591407
222 0.591453
223 0.591491
224 0.591529
225 0.591571
226 0.591612
227 0.591653
228 0.591692
229 0.591731
230 0.591772
231 0.59181
232 0.591847
233 0.591887
234 0.591929
235 0.591959
236 0.592001
237 0.592039
238 0.59208
239 0.592105
240 0.592152
241 0.592204
242 0.592225
243 0.592264
244 0.592301
245 0.592336
246 0.59237
247 0.592407
248 0.592441
249 0.592478
250 0.592509
251 0.592545
252 0.592585
253 0.592617
254 0.592651
255 0.592666
256 0.592722
257 0.592772
258 0.592794
259 0.592824
260 0.592856
261 0.592889
262 0.592919
263 0.592952
264 0.592986
265 0.59302
266 0.593045
267 0.59308
268 0.593112
269 0.593143
270 0.59317
271 0.593206
272 0.593229
273 0.593242
274 0.593289
275 0.593322
276 0.593346
277 0.593373
278 0.593409
279 0.593436
280 0.593467
281 0.593497
282 0.593528
283 0.593558
284 0.593585
285 0.593616
286 0.593645
287 0.593673
288 0.593703
289 0.59373
290 0.593758
291 0.593784
292 0.593814
293 0.593837
294 0.593863
295 0.593889
296 0.593918
297 0.593947
298 0.593975
299 0.594
300 0.594026
301 0.594049
302 0.594078
303 0.594105
304 0.594128
305 0.594152
306 0.59418
307 0.594231
308 0.594232
309 0.59426
310 0.594285
311 0.59431
312 0.594335
313 0.594362
314 0.594382
315 0.594394
316 0.594433
317 0.594452
318 0.594486
319 0.594509
320 0.594533
321 0.594555
322 0.59458
323 0.594604
324 0.594627
325 0.594655
326 0.594678
327 0.594702
328 0.594723
329 0.594746
330 0.594769
331 0.594795
332 0.594816
333 0.594835
334 0.59486
335 0.594884
336 0.594904
337 0.594926
338 0.594951
339 0.594973
340 0.594996
341 0.595023
342 0.595039
343 0.59506
344 0.595082
345 0.595104
346 0.595127
347 0.59515
348 0.595171
349 0.595189
350 0.59521
351 0.595233
352 0.595256
353 0.595279
354 0.595299
355 0.595323
356 0.595342
357 0.595363
358 0.595382
359 0.595401
360 0.595421
361 0.59544
362 0.595461
363 0.595479
364 0.595502
365 0.595525
366 0.595549
367 0.595566
368 0.595585
369 0.595604
370 0.595625
371 0.595645
372 0.595665
373 0.595683
374 0.595702
375 0.595724
376 0.595743
377 0.595764
378 0.59578
379 0.595797
380 0.595817
381 0.595832
382 0.595857
383 0.595874
384 0.595894
385 0.59591
386 0.595932
387 0.59595
388 0.595969
389 0.595986
390 0.596008
391 0.59602
392 0.596039
393 0.596055
394 0.596075
395 0.59609
396 0.596113
397 0.596132
398 0.596146
399 0.596166
400 0.596185
