1 0.908988
2 0.908988
3 0.908988
4 0.908988
5 0.908988
6 0.908988
7 0.908988
8 0.908988
9 0.908988
10 0.908988
11 0.908988
12 0.908988
13 0.908988
14 0.908988
15 0.908988
16 0.908988
17 0.908988
18 0.908988
19 0.908988
20 0.908988
21 0.908988
22 0.908988
23 0.908988
24 0.908988
25 0.908988
26 0.908988
27 0.908988
28 0.908988
29 0.908988
30 0.908988
31 0.908988
32 0.908988
33 0.908988
34 0.908988
35 0.908988
36 0.908988
37 0.908988
38 0.908988
39 0.908988
40 0.908988
41 0.908988
42 0.908988
43 0.908988
44 0.908988
45 0.908988
46 0.908988
47 0.908988
48 0.908988
49 0.908988
50 0.908988
51 0.908988
52 0.908988
53 0.908988
54 0.908988
55 0.908988
56 0.908988
57 0.908988
58 0.908988
59 0.908988
60 0.908988
61 0.908988
62 0.908988
63 0.908988
64 0.908988
65 0.908988
66 0.908988
67 0.908988
68 0.908988
69 0.908988
70 0.908988
71 0.908988
72 0.908988
73 0.908988
74 0.908988
75 0.908988
76 0.908988
77 0.908988
78 0.908988
79 0.908988
80 0.908988
81 0.908988
82 0.908988
83 0.908988
84 0.908988
85 0.908988
86 0.908988
87 0.908988
88 0.908988
89 0.908988
90 0.908988
91 0.908988
92 0.908988
93 0.908988
94 0.908988
95 0.908988
96 0.908988
97 0.908988
98 0.908988
99 0.908988
100 0.908988
101 0.908988
102 0.908988
103 0.908988
104 0.908988
105 0.908988
106 0.908988
107 0.908988
108 0.908988
109 0.908988
110 0.908988
111 0.908988
112 0.908988
113 0.908988
114 0.908988
115 0.908988
116 0.908988
117 0.908988
118 0.908988
119 0.908988
120 0.908988
121 0.908988
122 0.908988
123 0.908988
124 0.908988
125 0.908988
126 0.908988
127 0.908988
128 0.908988
129 0.908988
130 0.908988
131 0.908988
132 0.908988
133 0.908988
134 0.908988
135 0.908988
136 0.908988
137 0.908988
138 0.908988
139 0.908988
140 0.908988
141 0.908988
142 0.908988
143 0.908988
144 0.908988
145 0.908988
146 0.908988
147 0.908988
148 0.908988
149 0.908988
150 0.908988
151 0.908988
152 0.908988
153 0.908988
154 0.908988
155 0.908988
156 0.908988
157 0.908988
158 0.908988
159 0.908988
160 0.908988
161 0.908988
162 0.908988
163 0.908988
164 0.908988
165 0.908988
166 0.908988
167 0.908988
168 0.908988
169 0.908988
170 0.908988
171 0.908988
172 0.908988
173 0.908988
174 0.908988
175 0.908988
176 0.908988
177 0.908988
178 0.908988
179 0.908988
180 0.908988
181 0.908988
182 0.908988
183 0.908988
184 0.908988
185 0.908988
186 0.908988
187 0.908988
188 0.908988
189 0.908988
190 0.908988
191 0.908988
192 0.908988
193 0.908988
194 0.908988
195 0.908988
196 0.908988
197 0.908988
198 0.908988
199 0.908988
200 0.908988
201 0.908988
202 0.908988
203 0.908988
204 0.908988
205 0.908988
206 0.908988
207 0.908988
208 0.908988
209 0.908988
210 0.908988
211 0.908988
212 0.908988
213 0.908988
214 0.908988
215 0.908988
216 0.908988
217 0.908988
218 0.908988
219 0.908988
220 0.908988
221 0.908988
222 0.908988
223 0.908988
224 0.908988
225 0.908988
226 0.908988
227 0.908988
228 0.908988
229 0.908988
230 0.908988
231 0.908988
232 0.908988
233 0.908988
234 0.908988
235 0.908988
236 0.908988
237 0.908988
238 0.908988
239 0.908988
240 0.908988
241 0.908988
242 0.908988
243 0.908988
244 0.908988
245 0.908988
246 0.908988
247 0.908988
248 0.908988
249 0.908988
250 0.908988
251 0.908988
252 0.908988
253 0.908988
254 0.908988
255 0.908988
256 0.908988
257 0.908988
258 0.908988
259 0.908988
260 0.908988
261 0.908988
262 0.908988
263 0.908988
264 0.908988
265 0.908988
266 0.908988
267 0.908988
268 0.908988
269 0.908988
270 0.908988
271 0.908988
272 0.908988
273 0.908988
274 0.908988
275 0.908988
276 0.908988
277 0.908988
278 0.908988
279 0.908988
280 0.908988
281 0.908988
282 0.908988
283 0.908988
284 0.908988
285 0.908988
286 0.908988
287 0.908988
288 0.908988
289 0.908988
290 0.908988
291 0.908988
292 0.908988
293 0.908988
294 0.908988
295 0.908988
296 0.908988
297 0.908988
298 0.908988
299 0.908988
300 0.908988
301 0.908988
302 0.908988
303 0.908988
304 0.908988
305 0.908988
306 0.908988
307 0.908988
308 0.908988
309 0.908988
310 0.908988
311 0.908988
312 0.908988
313 0.908988
314 0.908988
315 0.908988
316 0.908988
317 0.908988
318 0.908988
319 0.908988
320 0.908988
321 0.908988
322 0.908988
323 0.908988
324 0.908988
325 0.908988
326 0.908988
327 0.908988
328 0.908988
329 0.908988
330 0.908988
331 0.908988
332 0.908988
333 0.908988
334 0.908988
335 0.908988
336 0.908988
337 0.908988
338 0.908988
339 0.908988
340 0.908988
341 0.908988
342 0.908988
343 0.908988
344 0.908988
345 0.908988
346 0.908988
347 0.908988
348 0.908988
349 0.908988
350 0.908988
351 0.908988
352 0.908988
353 0.908988
354 0.908988
355 0.908988
356 0.908988
357 0.908988
358 0.908988
359 0.908988
360 0.908988
361 0.908988
362 0.908988
363 0.908988
364 0.908988
365 0.908988
366 0.908988
367 0.908988
368 0.908988
369 0.908988
370 0.908988
371 0.908988
372 0.908988
373 0.908988
374 0.908988
375 0.908988
376 0.908988
377 0.908988
378 0.908988
379 0.908988
380 0.908988
381 0.908988
382 0.908988
383 0.908988
384 0.908988
385 0.908988
386 0.908988
387 0.908988
388 0.908988
389 0.908988
390 0.908988
391 0.908988
392 0.908988
393 0.908988
394 0.908988
395 0.908988
396 0.908988
397 0.908988
398 0.908988
399 0.908988
400 0.908988
