1 0.230527
2 0.230687
3 0.230673
4 0.230307
5 0.230703
6 0.23051
7 0.230831
8 0.230708
9 0.230498
10 0.230195
11 0.230547
12 0.230547
13 0.230567
14 0.230774
15 0.230564
16 0.230656
17 0.230534
18 0.230537
19 0.230803
20 0.230593
21 0.230467
22 0.230514
23 0.230418
24 0.230814
25 0.230609
26 0.220986
27 0.21269
28 0.205499
29 0.199281
30 0.193607
31 0.188961
32 0.184643
33 0.181236
34 0.177735
35 0.174894
36 0.172288
37 0.169576
38 0.16719
39 0.164834
40 0.162694
41 0.160677
42 0.158847
43 0.157053
44 0.155477
45 0.153693
46 0.152619
47 0.151486
48 0.15031
49 0.14941
50 0.148085
51 0.147206
52 0.146043
53 0.144998
54 0.143925
55 0.14278
56 0.142067
57 0.140956
58 0.140278
59 0.139223
60 0.138286
61 0.137426
62 0.136806
63 0.136041
64 0.135346
65 0.13449
66 0.134227
67 0.133143
68 0.132655
69 0.132049
70 0.131231
71 0.130529
72 0.129944
73 0.129106
74 0.128569
75 0.127828
76 0.127118
77 0.126231
78 0.125799
79 0.124826
80 0.124286
81 0.123584
82 0.12303
83 0.122465
84 0.121695
85 0.121099
86 0.120623
87 0.119707
88 0.11909
89 0.118618
90 0.11793
91 0.117414
92 0.11681
93 0.116321
94 0.115289
95 0.114963
96 0.114227
97 0.113462
98 0.11334
99 0.112718
100 0.112099
101 0.111515
102 0.110972
103 0.110131
104 0.109886
105 0.109179
106 0.108611
107 0.108059
108 0.107486
109 0.106882
110 0.106465
111 0.105963
112 0.105259
113 0.10486
114 0.104283
115 0.103787
116 0.103175
117 0.102445
118 0.102248
119 0.10174
120 0.101158
121 0.100751
122 0.100236
123 0.0994074
124 0.0991122
125 0.0985873
126 0.0984482
127 0.0976648
128 0.097386
129 0.0967695
130 0.0962036
131 0.0957305
132 0.0955446
133 0.094999
134 0.0945189
135 0.0941212
136 0.0937237
137 0.0932406
138 0.0928059
139 0.0923268
140 0.0919374
141 0.0913469
142 0.0910292
143 0.0904891
144 0.0901451
145 0.0899243
146 0.0893854
147 0.089068
148 0.0888186
149 0.0884637
150 0.0879125
151 0.0873741
152 0.0873161
153 0.0867342
154 0.0864447
155 0.0859373
156 0.0856539
157 0.0854134
158 0.0849739
159 0.0845322
160 0.0843305
161 0.0839501
162 0.0837361
163 0.0833137
164 0.0826735
165 0.0825342
166 0.0822602
167 0.0818653
168 0.0815497
169 0.0811721
170 0.0808534
171 0.0805384
172 0.0802165
173 0.0798781
174 0.0796458
175 0.0791462
176 0.0789367
177 0.0786518
178 0.0781493
179 0.0778708
180 0.0774693
181 0.0772784
182 0.0770761
183 0.0767925
184 0.0764512
185 0.0761972
186 0.0759206
187 0.0754742
188 0.07545
189 0.0750819
190 0.0747321
191 0.0745399
192 0.0741319
193 0.0738789
194 0.0735518
195 0.0734926
196 0.073
197 0.0729057
198 0.0726569
199 0.0723851
200 0.0719606
201 0.0718846
202 0.0717869
203 0.0712798
204 0.0711136
205 0.0708511
206 0.0705098
207 0.0703915
208 0.0699401
209 0.0699719
210 0.0695575
211 0.0691757
212 0.0690781
213 0.0688069
214 0.0686205
215 0.0684365
216 0.0682838
217 0.0678898
218 0.0677618
219 0.067322
220 0.0671554
221 0.0670114
222 0.0667617
223 0.0665301
224 0.0663753
225 0.0660698
226 0.0658758
227 0.0657296
228 0.0654375
229 0.0652438
230 0.0650087
231 0.0648684
232 0.0645063
233 0.0642549
234 0.0641585
235 0.0639798
236 0.0638473
237 0.0637036
238 0.0633839
239 0.0631701
240 0.0629021
241 0.0628569
242 0.0626083
243 0.0623332
244 0.062418
245 0.0620516
246 0.061689
247 0.0616208
248 0.0615873
249 0.0613397
250 0.0611769
251 0.0610063
252 0.0606018
253 0.0605223
254 0.0603325
255 0.060224
256 0.0599089
257 0.0598526
258 0.059643
259 0.0596756
260 0.0592155
261 0.0590703
262 0.0589549
263 0.0587902
264 0.0586026
265 0.0583843
266 0.0582412
267 0.0580417
268 0.0578854
269 0.0575532
270 0.0576968
271 0.0575006
272 0.0572811
273 0.057099
274 0.0570268
275 0.0567635
276 0.0567241
277 0.0565151
278 0.0561275
279 0.0560838
280 0.055944
281 0.0557489
282 0.0557685
283 0.0554704
284 0.0552544
285 0.0551462
286 0.0549912
287 0.0549415
288 0.0547114
289 0.0546164
290 0.0545274
291 0.0544888
292 0.0542486
293 0.0540343
294 0.0538423
295 0.0537784
296 0.0537103
297 0.0533874
298 0.0532447
299 0.0532733
300 0.0531734
301 0.0530727
302 0.0529148
303 0.0526645
304 0.0523676
305 0.0523553
306 0.0524865
307 0.0523441
308 0.0520145
309 0.0519103
310 0.051699
311 0.0516574
312 0.0515421
313 0.0514436
314 0.0512425
315 0.0512726
316 0.0509116
317 0.0508556
318 0.0507957
319 0.0505507
320 0.0506084
321 0.0503793
322 0.0502376
323 0.050005
324 0.0499302
325 0.0499129
326 0.0497491
327 0.0496613
328 0.0495203
329 0.0494382
330 0.0491804
331 0.0490675
332 0.0491513
333 0.0490618
334 0.0489134
335 0.0487087
336 0.0485837
337 0.0485563
338 0.0482679
339 0.0481974
340 0.0482474
341 0.0480882
342 0.047996
343 0.047895
344 0.0478337
345 0.0476808
346 0.0474572
347 0.0474049
348 0.0470856
349 0.0471297
350 0.047081
351 0.0467865
352 0.046995
353 0.0468149
354 0.0467063
355 0.046463
356 0.0463564
357 0.0464807
358 0.0462802
359 0.0461743
360 0.0460361
361 0.0459338
362 0.0458649
363 0.0457653
364 0.0455177
365 0.0454533
366 0.0454262
367 0.0453858
368 0.0451974
369 0.0451202
370 0.0450302
371 0.044889
372 0.0448293
373 0.044737
374 0.0446312
375 0.044513
376 0.0443616
377 0.0443168
378 0.044135
379 0.0442414
380 0.0440544
381 0.0439077
382 0.0437926
383 0.0436811
384 0.0437619
385 0.0436374
386 0.0435512
387 0.04328
388 0.0434213
389 0.0433149
390 0.0430785
391 0.0431057
392 0.0429436
393 0.042846
394 0.0428616
395 0.0428133
396 0.0426021
397 0.0424545
398 0.0424237
399 0.0422965
400 0.0423623
