1 0.099906
2 0.0999595
3 0.0999968
4 0.100044
5 0.0999497
6 0.0999948
7 0.099938
8 0.0999661
9 0.0999561
10 0.10007
11 0.100024
12 0.100036
13 0.100047
14 0.100056
15 0.100015
16 0.100037
17 0.10006
18 0.100047
19 0.100009
20 0.100041
21 0.0999969
22 0.100003
23 0.0999786
24 0.0999718
25 0.10001
26 0.100478
27 0.101337
28 0.102554
29 0.103927
30 0.105546
31 0.107211
32 0.109022
33 0.110852
34 0.112802
35 0.114773
36 0.11677
37 0.118765
38 0.1208
39 0.122828
40 0.124874
41 0.126947
42 0.128958
43 0.131009
44 0.132992
45 0.135017
46 0.136983
47 0.138915
48 0.140845
49 0.142741
50 0.144642
51 0.146461
52 0.148297
53 0.150116
54 0.15194
55 0.153721
56 0.155496
57 0.157292
58 0.159018
59 0.160779
60 0.16251
61 0.164207
62 0.16589
63 0.167618
64 0.169263
65 0.170937
66 0.172509
67 0.174152
68 0.175743
69 0.177317
70 0.178904
71 0.180451
72 0.181991
73 0.183505
74 0.18503
75 0.186549
76 0.188055
77 0.189533
78 0.191002
79 0.192464
80 0.193907
81 0.195351
82 0.196796
83 0.198179
84 0.199609
85 0.200998
86 0.202385
87 0.203767
88 0.205147
89 0.206479
90 0.207881
91 0.209242
92 0.210553
93 0.211838
94 0.213197
95 0.214498
96 0.215804
97 0.217107
98 0.218388
99 0.219658
100 0.220935
101 0.222196
102 0.223446
103 0.22471
104 0.225944
105 0.227213
106 0.228422
107 0.22965
108 0.230868
109 0.232083
110 0.233287
111 0.234493
112 0.235683
113 0.236852
114 0.238072
115 0.239225
116 0.240402
117 0.241605
118 0.242734
119 0.243896
120 0.245047
121 0.246194
122 0.247341
123 0.248488
124 0.249614
125 0.25074
126 0.251864
127 0.252978
128 0.254076
129 0.2552
130 0.256295
131 0.257388
132 0.258478
133 0.259563
134 0.260646
135 0.261729
136 0.262793
137 0.263861
138 0.264928
139 0.265983
140 0.267039
141 0.268088
142 0.269135
143 0.270188
144 0.271226
145 0.272241
146 0.273262
147 0.274319
148 0.275322
149 0.276326
150 0.277341
151 0.278356
152 0.27935
153 0.280346
154 0.281341
155 0.282333
156 0.283324
157 0.284297
158 0.285276
159 0.286247
160 0.287212
161 0.288175
162 0.289129
163 0.290085
164 0.291032
165 0.291982
166 0.292928
167 0.293872
168 0.294805
169 0.295731
170 0.296649
171 0.29761
172 0.298509
173 0.29942
174 0.300336
175 0.301249
176 0.302153
177 0.303048
178 0.303968
179 0.304851
180 0.305748
181 0.306637
182 0.307527
183 0.308404
184 0.309279
185 0.31015
186 0.311031
187 0.311897
188 0.312756
189 0.313619
190 0.314477
191 0.315333
192 0.316179
193 0.317032
194 0.317876
195 0.318739
196 0.319551
197 0.320396
198 0.32122
199 0.322042
200 0.322874
201 0.323697
202 0.32451
203 0.325326
204 0.326126
205 0.326989
206 0.327766
207 0.32856
208 0.329359
209 0.33015
210 0.330957
211 0.331746
212 0.332529
213 0.333314
214 0.334097
215 0.334876
216 0.335652
217 0.336434
218 0.337198
219 0.337966
220 0.338738
221 0.339502
222 0.340265
223 0.341022
224 0.341776
225 0.342531
226 0.343278
227 0.344031
228 0.344774
229 0.345519
230 0.346259
231 0.346995
232 0.347731
233 0.348469
234 0.349204
235 0.349926
236 0.350642
237 0.351366
238 0.352084
239 0.352805
240 0.353514
241 0.354201
242 0.35493
243 0.355636
244 0.356343
245 0.357043
246 0.357747
247 0.358439
248 0.359139
249 0.359827
250 0.360518
251 0.361208
252 0.361897
253 0.36258
254 0.363259
255 0.363929
256 0.364616
257 0.365302
258 0.365967
259 0.366625
260 0.367295
261 0.367957
262 0.368626
263 0.369286
264 0.369947
265 0.370606
266 0.371257
267 0.371916
268 0.372565
269 0.373217
270 0.373864
271 0.374503
272 0.375148
273 0.375809
274 0.376424
275 0.377063
276 0.377696
277 0.378329
278 0.37896
279 0.379583
280 0.380215
281 0.380839
282 0.381462
283 0.382081
284 0.3827
285 0.383315
286 0.383931
287 0.384542
288 0.385153
289 0.385763
290 0.386363
291 0.38697
292 0.387576
293 0.388168
294 0.388771
295 0.389368
296 0.389961
297 0.390555
298 0.391146
299 0.391734
300 0.392322
301 0.392905
302 0.393492
303 0.39407
304 0.394654
305 0.395233
306 0.395806
307 0.396364
308 0.396951
309 0.39752
310 0.398089
311 0.398656
312 0.399222
313 0.399786
314 0.400347
315 0.400925
316 0.401468
317 0.402029
318 0.402582
319 0.403136
320 0.403687
321 0.404239
322 0.404789
323 0.405336
324 0.405883
325 0.406429
326 0.406974
327 0.407511
328 0.408053
329 0.408588
330 0.40913
331 0.409663
332 0.410199
333 0.410731
334 0.41126
335 0.411787
336 0.412315
337 0.41284
338 0.413363
339 0.41388
340 0.414398
341 0.414925
342 0.415473
343 0.415966
344 0.416477
345 0.416987
346 0.4175
347 0.41801
348 0.418522
349 0.41903
350 0.419539
351 0.420048
352 0.420549
353 0.421053
354 0.42155
355 0.422052
356 0.422555
357 0.423048
358 0.423544
359 0.424039
360 0.424531
361 0.425022
362 0.425511
363 0.425999
364 0.426491
365 0.426973
366 0.427465
367 0.427943
368 0.428426
369 0.428909
370 0.429386
371 0.429866
372 0.430347
373 0.430819
374 0.431294
375 0.431768
376 0.432243
377 0.432713
378 0.433184
379 0.433651
380 0.43412
381 0.434591
382 0.435053
383 0.435513
384 0.435978
385 0.436442
386 0.436901
387 0.437361
388 0.437817
389 0.438272
390 0.438736
391 0.439182
392 0.439635
393 0.440086
394 0.440542
395 0.440987
396 0.441435
397 0.441883
398 0.442326
399 0.442774
400 0.44322
