1 0.2996
2 0.299818
3 0.299903
4 0.300112
5 0.300026
6 0.299974
7 0.300017
8 0.300012
9 0.300012
10 0.300135
11 0.299976
12 0.300054
13 0.300031
14 0.299996
15 0.300023
16 0.29999
17 0.299959
18 0.299975
19 0.299968
20 0.299982
21 0.300031
22 0.3
23 0.299998
24 0.300012
25 0.300129
26 0.300381
27 0.301009
28 0.301909
29 0.302886
30 0.304044
31 0.305195
32 0.306516
33 0.307729
34 0.309167
35 0.310508
36 0.311787
37 0.313098
38 0.314411
39 0.315778
40 0.317059
41 0.318454
42 0.319647
43 0.320923
44 0.32213
45 0.323357
46 0.324509
47 0.325676
48 0.326825
49 0.327923
50 0.329023
51 0.330072
52 0.331153
53 0.332158
54 0.333125
55 0.334192
56 0.335155
57 0.336047
58 0.337032
59 0.337965
60 0.338866
61 0.339769
62 0.340643
63 0.341517
64 0.342333
65 0.343183
66 0.343969
67 0.34478
68 0.345534
69 0.346317
70 0.347069
71 0.34785
72 0.348582
73 0.34938
74 0.350017
75 0.350731
76 0.351416
77 0.352109
78 0.352774
79 0.353469
80 0.354124
81 0.354787
82 0.35545
83 0.356041
84 0.356706
85 0.357323
86 0.357927
87 0.358535
88 0.359137
89 0.359731
90 0.360313
91 0.360921
92 0.361482
93 0.361934
94 0.362623
95 0.363178
96 0.36374
97 0.364281
98 0.364835
99 0.365369
100 0.365894
101 0.36643
102 0.366929
103 0.367458
104 0.367979
105 0.3685
106 0.368964
107 0.369502
108 0.369974
109 0.370474
110 0.370958
111 0.371428
112 0.371907
113 0.372379
114 0.372781
115 0.373338
116 0.373799
117 0.37428
118 0.374718
119 0.375167
120 0.375631
121 0.376085
122 0.37652
123 0.376977
124 0.377407
125 0.377838
126 0.378251
127 0.378703
128 0.379121
129 0.37955
130 0.379945
131 0.380368
132 0.380782
133 0.381186
134 0.381598
135 0.382008
136 0.382404
137 0.382808
138 0.383191
139 0.383602
140 0.383997
141 0.384381
142 0.384779
143 0.385156
144 0.385546
145 0.385918
146 0.386391
147 0.386681
148 0.387052
149 0.387416
150 0.387805
151 0.388167
152 0.388523
153 0.388878
154 0.389254
155 0.389611
156 0.389966
157 0.390327
158 0.390667
159 0.391017
160 0.391368
161 0.391702
162 0.392052
163 0.39238
164 0.392718
165 0.393052
166 0.393379
167 0.39372
168 0.394049
169 0.394367
170 0.394701
171 0.394945
172 0.395342
173 0.395658
174 0.395979
175 0.396293
176 0.396607
177 0.396924
178 0.397208
179 0.397538
180 0.397848
181 0.398153
182 0.39844
183 0.398757
184 0.399054
185 0.399357
186 0.399636
187 0.399959
188 0.400248
189 0.400541
190 0.40083
191 0.401123
192 0.401411
193 0.401697
194 0.401985
195 0.402283
196 0.402554
197 0.402821
198 0.403116
199 0.403389
200 0.403669
201 0.403948
202 0.404223
203 0.404498
204 0.404761
205 0.405128
206 0.405295
207 0.40556
208 0.405829
209 0.406096
210 0.406345
211 0.406625
212 0.406886
213 0.407142
214 0.407398
215 0.407648
216 0.407904
217 0.40816
218 0.408408
219 0.408654
220 0.408905
221 0.409153
222 0.409391
223 0.409634
224 0.409881
225 0.410123
226 0.410376
227 0.410612
228 0.410847
229 0.41109
230 0.411321
231 0.411555
232 0.411793
233 0.412027
234 0.412243
235 0.412487
236 0.412721
237 0.412953
238 0.41318
239 0.413397
240 0.413627
241 0.413842
242 0.414079
243 0.414295
244 0.414514
245 0.414733
246 0.414953
247 0.41517
248 0.415388
249 0.415599
250 0.415822
251 0.416032
252 0.416246
253 0.416462
254 0.416665
255 0.4169
256 0.41709
257 0.41728
258 0.4175
259 0.417712
260 0.417918
261 0.418117
262 0.418321
263 0.418531
264 0.418734
265 0.418938
266 0.41914
267 0.419338
268 0.419533
269 0.419735
270 0.419931
271 0.42013
272 0.420319
273 0.420523
274 0.420711
275 0.420899
276 0.421093
277 0.421285
278 0.421475
279 0.421657
280 0.421854
281 0.422042
282 0.422229
283 0.422417
284 0.422604
285 0.422787
286 0.422972
287 0.423158
288 0.423342
289 0.423525
290 0.423713
291 0.423886
292 0.424063
293 0.424231
294 0.424422
295 0.424596
296 0.424776
297 0.424948
298 0.425128
299 0.425303
300 0.425478
301 0.425645
302 0.425818
303 0.425994
304 0.426164
305 0.426336
306 0.426503
307 0.426684
308 0.426844
309 0.427011
310 0.42718
311 0.427346
312 0.427509
313 0.42767
314 0.427839
315 0.428008
316 0.428165
317 0.428328
318 0.42849
319 0.428652
320 0.42881
321 0.428972
322 0.429127
323 0.429286
324 0.429445
325 0.429599
326 0.429754
327 0.429914
328 0.430072
329 0.430231
330 0.430382
331 0.43054
332 0.430698
333 0.430853
334 0.430999
335 0.431153
336 0.431305
337 0.431454
338 0.431605
339 0.431753
340 0.431907
341 0.431979
342 0.432152
343 0.432341
344 0.432492
345 0.432639
346 0.432781
347 0.432929
348 0.433075
349 0.433221
350 0.433361
351 0.433509
352 0.433646
353 0.433788
354 0.43393
355 0.434068
356 0.434207
357 0.434346
358 0.434483
359 0.434621
360 0.434761
361 0.4349
362 0.435036
363 0.43517
364 0.435308
365 0.435446
366 0.435576
367 0.435715
368 0.435851
369 0.435985
370 0.436117
371 0.436247
372 0.436383
373 0.436522
374 0.436654
375 0.436786
376 0.436917
377 0.437046
378 0.437174
379 0.437303
380 0.437432
381 0.437564
382 0.437688
383 0.43782
384 0.437947
385 0.438074
386 0.438199
387 0.438329
388 0.438455
389 0.438579
390 0.438692
391 0.438832
392 0.438954
393 0.43908
394 0.439196
395 0.439326
396 0.43945
397 0.439572
398 0.439704
399 0.43982
400 0.439941
