1 0.458083
2 0.324129
3 0.265124
4 0.229889
5 0.206019
6 0.188582
7 0.174887
8 0.164023
9 0.155019
10 0.147718
11 0.141453
12 0.135713
13 0.13083
14 0.126427
15 0.122636
16 0.119262
17 0.116169
18 0.113358
19 0.110803
20 0.108382
21 0.106026
22 0.104183
23 0.102332
24 0.100478
25 0.098578
26 0.097495
27 0.0962189
28 0.0948829
29 0.0941035
30 0.0930976
31 0.0923944
32 0.0913597
33 0.0909176
34 0.089916
35 0.0892077
36 0.0886665
37 0.0882828
38 0.0878934
39 0.0872869
40 0.0870138
41 0.0863211
42 0.0862113
43 0.085949
44 0.0858481
45 0.0855328
46 0.0855541
47 0.0852772
48 0.0851279
49 0.0849537
50 0.084843
51 0.0847706
52 0.0847441
53 0.0846917
54 0.0848875
55 0.0844814
56 0.084401
57 0.084608
58 0.08454
59 0.0843639
60 0.0844239
61 0.0842918
62 0.08436
63 0.0841365
64 0.0841354
65 0.0842169
66 0.0843685
67 0.0842659
68 0.0843837
69 0.0844041
70 0.0844082
71 0.0844291
72 0.0843807
73 0.0841301
74 0.0845104
75 0.084473
76 0.0845318
77 0.0846348
78 0.0846961
79 0.0845984
80 0.0846973
81 0.0847981
82 0.0847154
83 0.0849769
84 0.0847999
85 0.0848734
86 0.084956
87 0.0851089
88 0.0850985
89 0.0851679
90 0.0852717
91 0.085179
92 0.0852707
93 0.0857599
94 0.0854314
95 0.0853868
96 0.0854694
97 0.0855417
98 0.0854234
99 0.0856675
100 0.0856313
101 0.0856345
102 0.0857316
103 0.0857983
104 0.0857679
105 0.085773
106 0.0860356
107 0.0859094
108 0.0861255
109 0.0860986
110 0.0861358
111 0.0862101
112 0.0862649
113 0.0864269
114 0.0867019
115 0.0864775
116 0.0864504
117 0.0865212
118 0.0865709
119 0.086557
120 0.086718
121 0.0867836
122 0.086808
123 0.0868024
124 0.0869339
125 0.0869673
126 0.0870585
127 0.0870446
128 0.086972
129 0.0871717
130 0.0873415
131 0.0874035
132 0.0874305
133 0.0873481
134 0.0875089
135 0.0875836
136 0.0875784
137 0.0876602
138 0.0877123
139 0.0877194
140 0.087847
141 0.0879194
142 0.0879136
143 0.0879424
144 0.0880295
145 0.0880535
146 0.0877421
147 0.0881075
148 0.0882193
149 0.0882843
150 0.0883065
151 0.0883704
152 0.0884731
153 0.0885204
154 0.0885519
155 0.0885409
156 0.0885888
157 0.0886475
158 0.0886806
159 0.0888458
160 0.088793
161 0.0888869
162 0.0889316
163 0.0889395
164 0.0889724
165 0.0890396
166 0.0891577
167 0.0891353
168 0.0891899
169 0.0892526
170 0.089186
171 0.0896497
172 0.0893138
173 0.0894021
174 0.089462
175 0.0894943
176 0.0895569
177 0.0895792
178 0.0897476
179 0.0896566
180 0.0897485
181 0.0896541
182 0.0899097
183 0.0898299
184 0.0899364
185 0.0899382
186 0.0900247
187 0.089957
188 0.0901176
189 0.090046
190 0.0900648
191 0.0901707
192 0.0901868
193 0.0902353
194 0.0903139
195 0.0902994
196 0.0903442
197 0.0904739
198 0.0904848
199 0.0904707
200 0.0905809
201 0.0905904
202 0.0905842
203 0.0906831
204 0.0906812
205 0.0902724
206 0.0907698
207 0.0908151
208 0.0907634
209 0.0908919
210 0.0909781
211 0.0909221
212 0.0909801
213 0.0911082
214 0.0909596
215 0.0910998
216 0.0911855
217 0.0910859
218 0.0911464
219 0.0912407
220 0.091241
221 0.0912662
222 0.0913216
223 0.0914005
224 0.0913845
225 0.0914331
226 0.0914646
227 0.0915346
228 0.0914825
229 0.0915573
230 0.0916411
231 0.0916289
232 0.0916239
233 0.0916494
234 0.0918059
235 0.0917347
236 0.0917244
237 0.0917357
238 0.0917496
239 0.091837
240 0.0918944
241 0.0920072
242 0.0919292
243 0.0920356
244 0.0919884
245 0.0919964
246 0.0919895
247 0.0920873
248 0.0921248
249 0.0921791
250 0.0921218
251 0.092166
252 0.0921772
253 0.0922642
254 0.0922772
255 0.0922023
256 0.0923522
257 0.0924359
258 0.0923888
259 0.0923896
260 0.0924711
261 0.0925583
262 0.0925534
263 0.0925116
264 0.0925731
265 0.0925361
266 0.0925431
267 0.0926604
268 0.0926481
269 0.092614
270 0.0927864
271 0.0926962
272 0.0927338
273 0.092787
274 0.0927799
275 0.092845
276 0.0928584
277 0.0928935
278 0.0928819
279 0.0929867
280 0.0929563
281 0.0929508
282 0.0930442
283 0.0930497
284 0.0931176
285 0.0929967
286 0.0931036
287 0.0930899
288 0.0931743
289 0.0931174
290 0.0931404
291 0.0932465
292 0.093245
293 0.0933233
294 0.0932068
295 0.0933123
296 0.0932997
297 0.0933547
298 0.0933588
299 0.0933223
300 0.0934155
301 0.0934443
302 0.0934325
303 0.0934909
304 0.0934789
305 0.0934974
306 0.09355
307 0.0934698
308 0.0935764
309 0.0936077
310 0.0936092
311 0.0936054
312 0.093597
313 0.0936444
314 0.0936719
315 0.0936134
316 0.0937009
317 0.0937072
318 0.0938171
319 0.0937569
320 0.093783
321 0.0938323
322 0.0938629
323 0.0938798
324 0.0939136
325 0.0938917
326 0.0939138
327 0.0939225
328 0.0939556
329 0.0939593
330 0.0940069
331 0.0940372
332 0.0940848
333 0.0940797
334 0.0941078
335 0.0941117
336 0.0941067
337 0.0940486
338 0.094099
339 0.0941398
340 0.094082
341 0.0944763
342 0.094352
343 0.0941578
344 0.0941802
345 0.0942577
346 0.0942321
347 0.0942878
348 0.0942463
349 0.0942422
350 0.0942844
351 0.0943011
352 0.0943291
353 0.0943795
354 0.0943286
355 0.0943434
356 0.0943724
357 0.0943568
358 0.0944341
359 0.0944397
360 0.0944667
361 0.0944518
362 0.0943904
363 0.0944666
364 0.0945169
365 0.0945534
366 0.0945252
367 0.0945073
368 0.0945989
369 0.0945397
370 0.094547
371 0.0945447
372 0.0946344
373 0.0945869
374 0.094595
375 0.0946069
376 0.0946899
377 0.0946775
378 0.0946553
379 0.0947089
380 0.0946598
381 0.0946864
382 0.0947501
383 0.0947243
384 0.0946951
385 0.0948284
386 0.0947566
387 0.09482
388 0.094813
389 0.0947738
390 0.0948928
391 0.0948099
392 0.0948489
393 0.0948424
394 0.0949268
395 0.0948817
396 0.0949392
397 0.0948667
398 0.0949353
399 0.0948696
400 0.0949714
