1 0.5
2 0.354626
3 0.290917
4 0.253137
5 0.227799
6 0.209285
7 0.195148
8 0.184181
9 0.17532
10 0.168296
11 0.162188
12 0.157409
13 0.153322
14 0.149511
15 0.146477
16 0.143339
17 0.140631
18 0.137762
19 0.135485
20 0.133251
21 0.130722
22 0.128932
23 0.127052
24 0.125132
25 0.123638
26 0.122348
27 0.120881
28 0.119207
29 0.118503
30 0.117385
31 0.115809
32 0.114803
33 0.113699
34 0.113641
35 0.112114
36 0.11096
37 0.110365
38 0.109626
39 0.109489
40 0.108877
41 0.108262
42 0.107096
43 0.107206
44 0.107069
45 0.106603
46 0.106067
47 0.105927
48 0.105424
49 0.105175
50 0.105135
51 0.105195
52 0.104572
53 0.104534
54 0.104189
55 0.104241
56 0.104053
57 0.104917
58 0.103799
59 0.103703
60 0.103672
61 0.103486
62 0.103446
63 0.103469
64 0.102814
65 0.103445
66 0.103273
67 0.103411
68 0.103211
69 0.103318
70 0.103213
71 0.10306
72 0.103193
73 0.101585
74 0.103272
75 0.10293
76 0.10318
77 0.103125
78 0.102966
79 0.103142
80 0.103062
81 0.10289
82 0.102992
83 0.103184
84 0.103058
85 0.102404
86 0.10269
87 0.102982
88 0.103104
89 0.103534
90 0.103064
91 0.103388
92 0.103081
93 0.103178
94 0.103225
95 0.102627
96 0.102927
97 0.102976
98 0.102784
99 0.103012
100 0.103355
101 0.102603
102 0.102356
103 0.102697
104 0.102912
105 0.103345
106 0.102956
107 0.102644
108 0.103263
109 0.102868
110 0.102786
111 0.10277
112 0.102833
113 0.102932
114 0.102696
115 0.103033
116 0.102674
117 0.103308
118 0.10257
119 0.102452
120 0.10299
121 0.102758
122 0.10299
123 0.102498
124 0.102536
125 0.102463
126 0.102372
127 0.10328
128 0.102718
129 0.102436
130 0.102906
131 0.102901
132 0.102497
133 0.10241
134 0.102636
135 0.102848
136 0.102534
137 0.102461
138 0.102453
139 0.102638
140 0.102445
141 0.102833
142 0.102891
143 0.102752
144 0.102817
145 0.102223
146 0.102597
147 0.102214
148 0.102212
149 0.102589
150 0.102645
151 0.102179
152 0.102452
153 0.102653
154 0.102045
155 0.102322
156 0.102056
157 0.102113
158 0.10236
159 0.102486
160 0.102214
161 0.102395
162 0.102369
163 0.102371
164 0.102272
165 0.102332
166 0.102423
167 0.102214
168 0.102148
169 0.102381
170 0.100777
171 0.103464
172 0.101821
173 0.101719
174 0.101981
175 0.101877
176 0.101801
177 0.101947
178 0.1019
179 0.101959
180 0.10204
181 0.101422
182 0.101966
183 0.101841
184 0.102047
185 0.101513
186 0.102033
187 0.101491
188 0.101767
189 0.101562
190 0.101547
191 0.101734
192 0.101354
193 0.101548
194 0.101525
195 0.101913
196 0.1015
197 0.101848
198 0.101556
199 0.101262
200 0.10156
201 0.10123
202 0.101346
203 0.101139
204 0.101269
205 0.100318
206 0.101356
207 0.101186
208 0.101035
209 0.101276
210 0.101311
211 0.101102
212 0.101183
213 0.10119
214 0.100855
215 0.10106
216 0.101403
217 0.100959
218 0.1011
219 0.100906
220 0.101057
221 0.101043
222 0.100837
223 0.101178
224 0.100712
225 0.101147
226 0.100895
227 0.100811
228 0.100818
229 0.100578
230 0.10096
231 0.10051
232 0.101172
233 0.100855
234 0.10065
235 0.100993
236 0.100685
237 0.10039
238 0.100458
239 0.100782
240 0.100529
241 0.0998458
242 0.100531
243 0.100453
244 0.10042
245 0.100469
246 0.100369
247 0.100276
248 0.100339
249 0.100375
250 0.100265
251 0.100437
252 0.100563
253 0.100362
254 0.0999952
255 0.098817
256 0.100415
257 0.101642
258 0.100744
259 0.100121
260 0.0998622
261 0.0999967
262 0.099806
263 0.100077
264 0.100086
265 0.0999946
266 0.0997532
267 0.100111
268 0.0998153
269 0.0997439
270 0.100063
271 0.0995824
272 0.0998834
273 0.100515
274 0.0997675
275 0.099932
276 0.099618
277 0.0999877
278 0.0997598
279 0.0996806
280 0.0997218
281 0.0997104
282 0.0998392
283 0.0995696
284 0.0997837
285 0.0994342
286 0.0997705
287 0.0994114
288 0.0996853
289 0.099379
290 0.0994288
291 0.0995316
292 0.0995726
293 0.0994453
294 0.0994153
295 0.0996145
296 0.0992782
297 0.0993889
298 0.0995181
299 0.0991785
300 0.0995555
301 0.0993058
302 0.0990787
303 0.0994309
304 0.0992866
305 0.0993736
306 0.0996393
307 0.0987584
308 0.0990339
309 0.0990682
310 0.099394
311 0.0990441
312 0.0988667
313 0.0993394
314 0.0992584
315 0.0995355
316 0.0988411
317 0.0990345
318 0.0993319
319 0.0990679
320 0.0987346
321 0.0987464
322 0.0988013
323 0.0992106
324 0.0991034
325 0.0989568
326 0.0988968
327 0.0984983
328 0.0987455
329 0.0987183
330 0.0988691
331 0.0985829
332 0.0988938
333 0.098939
334 0.0988338
335 0.0987219
336 0.0986237
337 0.0986074
338 0.0985633
339 0.0984801
340 0.098599
341 0.099758
342 0.0981066
343 0.0985968
344 0.098579
345 0.0986301
346 0.0984592
347 0.0986029
348 0.0984084
349 0.0982614
350 0.098295
351 0.0986219
352 0.098289
353 0.0984368
354 0.098494
355 0.0981728
356 0.098438
357 0.0982523
358 0.0982441
359 0.098292
360 0.0983178
361 0.0982911
362 0.0981737
363 0.0981327
364 0.0982116
365 0.0981111
366 0.0984435
367 0.0980649
368 0.0981351
369 0.0981473
370 0.098198
371 0.0980382
372 0.0980905
373 0.0980197
374 0.0980646
375 0.0978233
376 0.098102
377 0.0980169
378 0.098068
379 0.0979515
380 0.0979676
381 0.0983644
382 0.0977935
383 0.0975946
384 0.0980984
385 0.0982984
386 0.0979527
387 0.0979585
388 0.0977633
389 0.0977045
390 0.0979278
391 0.097677
392 0.0977962
393 0.0975344
394 0.0977228
395 0.0977371
396 0.0977224
397 0.0977209
398 0.0975848
399 0.0975081
400 0.0977417
