1 0.409408
2 0.409431
3 0.409183
4 0.409129
5 0.409088
6 0.409054
7 0.409049
8 0.40913
9 0.409175
10 0.409204
11 0.409145
12 0.407005
13 0.403677
14 0.399567
15 0.395023
16 0.390329
17 0.385562
18 0.380762
19 0.376053
20 0.371426
21 0.366892
22 0.362476
23 0.358112
24 0.353749
25 0.349367
26 0.344968
27 0.34057
28 0.336177
29 0.331814
30 0.327471
31 0.323171
32 0.318928
33 0.314746
34 0.310645
35 0.306604
36 0.302627
37 0.298723
38 0.294884
39 0.291128
40 0.287445
41 0.283842
42 0.280308
43 0.276844
44 0.273451
45 0.270129
46 0.266883
47 0.263707
48 0.2606
49 0.25756
50 0.254578
51 0.251661
52 0.248812
53 0.246025
54 0.243306
55 0.24064
56 0.238032
57 0.235484
58 0.232994
59 0.230553
60 0.228166
61 0.225827
62 0.223541
63 0.221303
64 0.21911
65 0.216962
66 0.214858
67 0.212797
68 0.210783
69 0.208807
70 0.206871
71 0.204972
72 0.203111
73 0.201286
74 0.199497
75 0.197744
76 0.196023
77 0.194335
78 0.192674
79 0.191047
80 0.189448
81 0.187883
82 0.186342
83 0.184831
84 0.183347
85 0.181888
86 0.180455
87 0.179048
88 0.177666
89 0.176306
90 0.17497
91 0.173658
92 0.172365
93 0.171096
94 0.169846
95 0.168616
96 0.167404
97 0.166213
98 0.165043
99 0.163889
100 0.162754
101 0.161635
102 0.160534
103 0.15945
104 0.158383
105 0.15733
106 0.156296
107 0.155275
108 0.15427
109 0.153277
110 0.1523
111 0.151337
112 0.150387
113 0.149451
114 0.148527
115 0.147617
116 0.146719
117 0.145833
118 0.144959
119 0.144099
120 0.143249
121 0.14241
122 0.141581
123 0.140764
124 0.139957
125 0.139161
126 0.138376
127 0.1376
128 0.136835
129 0.136079
130 0.135332
131 0.134595
132 0.133865
133 0.133145
134 0.132435
135 0.131732
136 0.131038
137 0.130353
138 0.129676
139 0.129006
140 0.128345
141 0.12769
142 0.127042
143 0.126404
144 0.125772
145 0.125147
146 0.124529
147 0.123918
148 0.123313
149 0.122716
150 0.122125
151 0.12154
152 0.120962
153 0.120389
154 0.119823
155 0.119263
156 0.118709
157 0.118161
158 0.117618
159 0.11708
160 0.11655
161 0.116023
162 0.115503
163 0.114988
164 0.114478
165 0.113972
166 0.113472
167 0.112978
168 0.112487
169 0.112002
170 0.111521
171 0.111045
172 0.110574
173 0.110107
174 0.109645
175 0.109187
176 0.108733
177 0.108284
178 0.107838
179 0.107397
180 0.10696
181 0.106527
182 0.106099
183 0.105674
184 0.105252
185 0.104835
186 0.104421
187 0.104011
188 0.103605
189 0.103202
190 0.102804
191 0.102408
192 0.102016
193 0.101628
194 0.101243
195 0.100861
196 0.100482
197 0.100106
198 0.0997333
199 0.099363
200 0.0989962
201 0.0986334
202 0.098274
203 0.0979168
204 0.0975631
205 0.0972116
206 0.0968624
207 0.0965167
208 0.0961737
209 0.0958336
210 0.0954966
211 0.0951625
212 0.0948306
213 0.0945012
214 0.0941741
215 0.0938494
216 0.0935279
217 0.0932083
218 0.0928921
219 0.0925778
220 0.0922662
221 0.0919572
222 0.0916502
223 0.091345
224 0.0910426
225 0.0907422
226 0.0904445
227 0.0901486
228 0.0898546
229 0.0895627
230 0.0892739
231 0.0889868
232 0.0887016
233 0.0884186
234 0.0881373
235 0.0878578
236 0.0875808
237 0.0873059
238 0.0870332
239 0.0867624
240 0.0864933
241 0.0862259
242 0.0859603
243 0.0856968
244 0.0854347
245 0.0851749
246 0.0849169
247 0.0846606
248 0.0844057
249 0.0841535
250 0.0839023
251 0.0836529
252 0.0834049
253 0.0831587
254 0.0829146
255 0.0826718
256 0.0824303
257 0.0821903
258 0.0819526
259 0.0817163
260 0.081481
261 0.0812472
262 0.0810156
263 0.0807849
264 0.0805561
265 0.0803287
266 0.0801029
267 0.0798785
268 0.0796556
269 0.079434
270 0.0792137
271 0.0789946
272 0.0787774
273 0.0785608
274 0.0783459
275 0.0781328
276 0.0779207
277 0.0777098
278 0.0775007
279 0.0772927
280 0.0770861
281 0.0768803
282 0.0766762
283 0.0764729
284 0.0762701
285 0.076069
286 0.0758692
287 0.0756704
288 0.0754731
289 0.075277
290 0.0750824
291 0.0748886
292 0.0746961
293 0.0745044
294 0.0743142
295 0.0741248
296 0.0739366
297 0.0737493
298 0.0735635
299 0.0733786
300 0.0731946
301 0.0730118
302 0.0728299
303 0.0726489
304 0.0724692
305 0.0722903
306 0.0721124
307 0.0719359
308 0.0717603
309 0.0715858
310 0.0714117
311 0.0712387
312 0.0710668
313 0.0708955
314 0.0707251
315 0.0705562
316 0.0703881
317 0.0702205
318 0.0700539
319 0.0698881
320 0.0697235
321 0.0695593
322 0.0693967
323 0.0692349
324 0.069074
325 0.0689136
326 0.0687541
327 0.068595
328 0.068437
329 0.06828
330 0.0681239
331 0.0679688
332 0.0678142
333 0.0676608
334 0.0675077
335 0.0673556
336 0.0672042
337 0.0670535
338 0.0669035
339 0.0667545
340 0.066606
341 0.0664584
342 0.0663117
343 0.0661655
344 0.0660203
345 0.0658758
346 0.0657318
347 0.0655884
348 0.0654458
349 0.065304
350 0.0651627
351 0.0650224
352 0.0648826
353 0.0647436
354 0.0646051
355 0.0644675
356 0.0643303
357 0.0641939
358 0.064058
359 0.0639231
360 0.0637884
361 0.0636546
362 0.0635215
363 0.063389
364 0.063257
365 0.0631258
366 0.0629951
367 0.062865
368 0.0627357
369 0.0626071
370 0.0624787
371 0.0623511
372 0.0622237
373 0.0620974
374 0.0619713
375 0.0618461
376 0.0617214
377 0.0615973
378 0.0614738
379 0.0613509
380 0.0612285
381 0.0611066
382 0.0609854
383 0.0608647
384 0.0607442
385 0.0606247
386 0.0605052
387 0.0603864
388 0.0602681
389 0.0601504
390 0.0600332
391 0.0599167
392 0.0598005
393 0.0596847
394 0.0595696
395 0.0594552
396 0.0593407
397 0.0592274
398 0.0591144
399 0.0590017
400 0.0588897
