1 0.0780356
2 0.0780356
3 0.0780356
4 0.0780356
5 0.0780356
6 0.0780356
7 0.0780356
8 0.0780356
9 0.0780356
10 0.0780356
11 0.0780356
12 0.0780356
13 0.0780356
14 0.0780356
15 0.0780356
16 0.0780356
17 0.0780356
18 0.0780356
19 0.0780356
20 0.0780356
21 0.0780356
22 0.0780356
23 0.0780356
24 0.0780356
25 0.0780356
26 0.05895
27 0.0652248
28 0.0544833
29 0.061283
30 0.0667949
31 0.0707504
32 0.0643242
33 0.0683846
34 0.0711457
35 0.0665192
36 0.0694816
37 0.0715912
38 0.068085
39 0.0702867
40 0.0718944
41 0.0690925
42 0.0708523
43 0.0722576
44 0.0733265
45 0.0712249
46 0.0724451
47 0.0734529
48 0.0716634
49 0.0726536
50 0.073569
51 0.0628155
52 0.0523756
53 0.0475022
54 0.0422266
55 0.03699
56 0.0321629
57 0.0305514
58 0.0269038
59 0.0248393
60 0.0235349
61 0.0219735
62 0.0206154
63 0.0194991
64 0.0186847
65 0.0175149
66 0.016959
67 0.0164589
68 0.0156854
69 0.0152464
70 0.0147846
71 0.0144485
72 0.0139327
73 0.0136667
74 0.0134132
75 0.0131004
76 0.0127657
77 0.0126524
78 0.0122317
79 0.0120334
80 0.0118767
81 0.0117692
82 0.0115018
83 0.0113927
84 0.0112357
85 0.0110468
86 0.010959
87 0.0108585
88 0.0106367
89 0.0105572
90 0.0104657
91 0.0102788
92 0.0101867
93 0.0101049
94 0.0100618
95 0.00985282
96 0.00981028
97 0.00969532
98 0.00960052
99 0.00949876
100 0.0094161
101 0.00938562
102 0.00925887
103 0.00920618
104 0.0091934
105 0.0089748
106 0.00898459
107 0.00896181
108 0.00882621
109 0.00876965
110 0.00867054
111 0.00864724
112 0.00859998
113 0.00849606
114 0.00843783
115 0.00839487
116 0.00830517
117 0.00824481
118 0.00823688
119 0.00813452
120 0.00808174
121 0.0080509
122 0.00794461
123 0.0079337
124 0.00788274
125 0.0078174
126 0.00780004
127 0.00772144
128 0.00771034
129 0.00763354
130 0.00757433
131 0.00750027
132 0.0074682
133 0.00742362
134 0.00732568
135 0.00733341
136 0.00731674
137 0.00726513
138 0.00721239
139 0.00713827
140 0.00714389
141 0.00706405
142 0.00702606
143 0.00700977
144 0.00699246
145 0.00692481
146 0.00683475
147 0.00684227
148 0.00680101
149 0.00676084
150 0.00668386
151 0.00671849
152 0.00665554
153 0.00661701
154 0.00658258
155 0.00656784
156 0.00652162
157 0.00646855
158 0.00642396
159 0.00639681
160 0.00632259
161 0.00634647
162 0.00633508
163 0.00628218
164 0.00626843
165 0.00619331
166 0.00619309
167 0.00613333
168 0.00611915
169 0.00610494
170 0.00610277
171 0.00607043
172 0.00596687
173 0.00597092
174 0.0059925
175 0.00593449
176 0.00589042
177 0.0058486
178 0.00585177
179 0.00582283
180 0.00580043
181 0.00576915
182 0.00578498
183 0.00572369
184 0.00571334
185 0.00564979
186 0.00561973
187 0.00562538
188 0.00563697
189 0.00558869
190 0.00556905
191 0.00555565
192 0.00554661
193 0.00550843
194 0.00546838
195 0.00544867
196 0.00545875
197 0.00544989
198 0.00540297
199 0.00542074
200 0.00534181
201 0.0053664
202 0.00535659
203 0.00530575
204 0.00525639
205 0.00525603
206 0.00524139
207 0.00520297
208 0.00520356
209 0.00519748
210 0.00515122
211 0.00517359
212 0.00513045
213 0.0051314
214 0.00508305
215 0.00506624
216 0.00507835
217 0.00508175
218 0.00504436
219 0.00500857
220 0.00499501
221 0.00501297
222 0.00496441
223 0.00500465
224 0.00490997
225 0.00492832
226 0.00492198
227 0.00489877
228 0.0048914
229 0.00485722
230 0.00484452
231 0.00485319
232 0.00484118
233 0.00481606
234 0.0047852
235 0.00478143
236 0.00473167
237 0.00478046
238 0.00474066
239 0.004705
240 0.00473329
241 0.00472401
242 0.00467126
243 0.00469479
244 0.00469795
245 0.00463833
246 0.00464022
247 0.00461461
248 0.00461826
249 0.00463171
250 0.00461887
251 0.00459496
252 0.00456891
253 0.0045749
254 0.00456868
255 0.00456202
256 0.00453445
257 0.00451624
258 0.00451605
259 0.00447604
260 0.00447307
261 0.00448876
262 0.00445487
263 0.00448099
264 0.00444473
265 0.00446165
266 0.00442184
267 0.00440561
268 0.00439762
269 0.00438068
270 0.00439326
271 0.00435774
272 0.00436899
273 0.00435927
274 0.0043656
275 0.0043188
276 0.00431751
277 0.00432334
278 0.00429627
279 0.0043127
280 0.0042928
281 0.00428636
282 0.00427488
283 0.00424822
284 0.00425258
285 0.00425403
286 0.00419379
287 0.00422259
288 0.00419082
289 0.00424259
290 0.00418088
291 0.00417904
292 0.00419162
293 0.00419104
294 0.00416535
295 0.00417573
296 0.00414447
297 0.00415233
298 0.00412759
299 0.00412908
300 0.00412879
301 0.00408065
302 0.00409339
303 0.0040765
304 0.00409537
305 0.00410817
306 0.00406134
307 0.00407641
308 0.00405455
309 0.00405719
310 0.00405139
311 0.00401187
312 0.00403481
313 0.00404139
314 0.0039968
315 0.00400423
316 0.00400539
317 0.0039976
318 0.00396773
319 0.0039725
320 0.00395309
321 0.00396303
322 0.0039498
323 0.00394815
324 0.00393833
325 0.00394979
326 0.00392898
327 0.00389204
328 0.00393341
329 0.00391398
330 0.00392943
331 0.00391429
332 0.00391801
333 0.00388441
334 0.00388268
335 0.00387504
336 0.00387553
337 0.00389184
338 0.00386964
339 0.00382835
340 0.00386147
341 0.00384055
342 0.00384724
343 0.00384421
344 0.00383723
345 0.00381153
346 0.00383235
347 0.00381602
348 0.00382447
349 0.00380124
350 0.00377958
351 0.00379158
352 0.00377985
353 0.00377262
354 0.00376595
355 0.0037808
356 0.00374663
357 0.00378209
358 0.00372574
359 0.00374194
360 0.00371654
361 0.00371551
362 0.00372313
363 0.00374937
364 0.00371853
365 0.00369617
366 0.00372572
367 0.00372431
368 0.00371752
369 0.00369764
370 0.00372281
371 0.00371714
372 0.00369152
373 0.00368764
374 0.00367977
375 0.00365821
376 0.00367424
377 0.00367074
378 0.00366763
379 0.00366481
380 0.00365929
381 0.00364384
382 0.0036515
383 0.00363685
384 0.00359857
385 0.00361358
386 0.00360115
387 0.00362675
388 0.00361934
389 0.00358611
390 0.00362952
391 0.00359546
392 0.00357783
393 0.00358881
394 0.00356158
395 0.00356505
396 0.00357315
397 0.00357573
398 0.00355944
399 0.00355045
400 0.00356067
