1 0.500502
2 0.500786
3 0.500786
4 0.500372
5 0.499419
6 0.500489
7 0.583408
8 0.584215
9 0.611328
10 0.611836
11 0.625702
12 0.625334
13 0.633469
14 0.634706
15 0.638351
16 0.639357
17 0.641926
18 0.643271
19 0.644131
20 0.645499
21 0.647067
22 0.647333
23 0.648314
24 0.649265
25 0.650031
26 0.651237
27 0.651319
28 0.651869
29 0.651618
30 0.652029
31 0.653068
32 0.653846
33 0.65392
34 0.653825
35 0.654791
36 0.655418
37 0.655106
38 0.655757
39 0.655613
40 0.656383
41 0.655696
42 0.655985
43 0.656726
44 0.656452
45 0.656804
46 0.656937
47 0.65778
48 0.657966
49 0.65778
50 0.658284
51 0.65843
52 0.657458
53 0.657881
54 0.65828
55 0.65808
56 0.659297
57 0.657811
58 0.65895
59 0.659096
60 0.65913
61 0.658542
62 0.659526
63 0.659663
64 0.660104
65 0.659933
66 0.660298
67 0.659464
68 0.660575
69 0.659702
70 0.660425
71 0.660105
72 0.65911
73 0.660124
74 0.661151
75 0.661332
76 0.660369
77 0.660921
78 0.660643
79 0.660979
80 0.661461
81 0.661251
82 0.660417
83 0.660745
84 0.661172
85 0.661232
86 0.660199
87 0.661118
88 0.661104
89 0.660883
90 0.661783
91 0.661513
92 0.661392
93 0.661648
94 0.661369
95 0.661128
96 0.661284
97 0.661281
98 0.661648
99 0.661006
100 0.661228
101 0.661232
102 0.661378
103 0.661934
104 0.661296
105 0.661952
106 0.662347
107 0.661682
108 0.661751
109 0.661665
110 0.663086
111 0.661835
112 0.6621
113 0.661521
114 0.661751
115 0.661482
116 0.6625
117 0.662593
118 0.662759
119 0.66278
120 0.662776
121 0.66287
122 0.662372
123 0.662705
124 0.662679
125 0.663177
126 0.66238
127 0.663618
128 0.661789
129 0.662149
130 0.662118
131 0.662329
132 0.663061
133 0.663408
134 0.663642
135 0.662104
136 0.662591
137 0.663086
138 0.663032
139 0.662567
140 0.662356
141 0.663199
142 0.663124
143 0.661917
144 0.662826
145 0.66284
146 0.66238
147 0.662769
148 0.663119
149 0.663882
150 0.662772
151 0.663592
152 0.662916
153 0.662678
154 0.662646
155 0.663039
156 0.66291
157 0.662931
158 0.663739
159 0.663728
160 0.663368
161 0.663033
162 0.663921
163 0.663352
164 0.663468
165 0.662921
166 0.663464
167 0.662267
168 0.662755
169 0.663737
170 0.662813
171 0.663671
172 0.662875
173 0.66364
174 0.664286
175 0.662992
176 0.663687
177 0.663593
178 0.663078
179 0.663838
180 0.664166
181 0.663526
182 0.663951
183 0.664344
184 0.663606
185 0.663348
186 0.664123
187 0.663669
188 0.663649
189 0.663006
190 0.663928
191 0.663492
192 0.66298
193 0.663511
194 0.664264
195 0.663286
196 0.663844
197 0.663468
198 0.663509
199 0.663772
200 0.664288
201 0.66367
202 0.663032
203 0.663427
204 0.663865
205 0.663228
206 0.664422
207 0.663755
208 0.665103
209 0.664187
210 0.663978
211 0.663363
212 0.664186
213 0.663714
214 0.664176
215 0.663409
216 0.66427
217 0.663299
218 0.663982
219 0.663659
220 0.664737
221 0.663859
222 0.66396
223 0.664383
224 0.663679
225 0.663488
226 0.664449
227 0.664677
228 0.664073
229 0.664488
230 0.664218
231 0.66383
232 0.664497
233 0.664468
234 0.663758
235 0.664167
236 0.664348
237 0.663908
238 0.663807
239 0.66414
240 0.663997
241 0.664207
242 0.664554
243 0.664317
244 0.664426
245 0.662996
246 0.664364
247 0.663995
248 0.663882
249 0.665141
250 0.664021
251 0.664421
252 0.664049
253 0.665011
254 0.66413
255 0.66432
256 0.664356
257 0.663898
258 0.664094
259 0.664858
260 0.663975
261 0.664213
262 0.66453
263 0.665276
264 0.664549
265 0.664765
266 0.664963
267 0.664138
268 0.664345
269 0.664399
270 0.664996
271 0.665274
272 0.66432
273 0.665424
274 0.664445
275 0.664397
276 0.664179
277 0.665056
278 0.664135
279 0.665538
280 0.664864
281 0.664676
282 0.664587
283 0.665081
284 0.664921
285 0.664171
286 0.664584
287 0.664467
288 0.664398
289 0.663989
290 0.664801
291 0.664398
292 0.664332
293 0.664551
294 0.664221
295 0.664442
296 0.664588
297 0.664285
298 0.665483
299 0.664329
300 0.664244
301 0.664315
302 0.664759
303 0.664126
304 0.665305
305 0.664475
306 0.664133
307 0.664164
308 0.664518
309 0.664868
310 0.665104
311 0.664642
312 0.665205
313 0.664746
314 0.664338
315 0.664611
316 0.6653
317 0.664372
318 0.664913
319 0.664705
320 0.663807
321 0.664743
322 0.66468
323 0.665014
324 0.664969
325 0.66519
326 0.664708
327 0.663939
328 0.664724
329 0.665066
330 0.664817
331 0.664514
332 0.665405
333 0.664888
334 0.665296
335 0.664197
336 0.664786
337 0.664397
338 0.665458
339 0.663999
340 0.665189
341 0.665036
342 0.665015
343 0.664879
344 0.665315
345 0.665257
346 0.665456
347 0.664969
348 0.66557
349 0.665039
350 0.66522
351 0.66564
352 0.665179
353 0.664755
354 0.664102
355 0.664635
356 0.664978
357 0.665081
358 0.665341
359 0.664136
360 0.665584
361 0.664567
362 0.664963
363 0.665297
364 0.664645
365 0.665409
366 0.664589
367 0.664918
368 0.665508
369 0.664933
370 0.665215
371 0.665288
372 0.663738
373 0.664589
374 0.665391
375 0.665235
376 0.664497
377 0.664723
378 0.664828
379 0.664819
380 0.66497
381 0.665186
382 0.665006
383 0.664287
384 0.665323
385 0.664723
386 0.664522
387 0.664934
388 0.665222
389 0.665658
390 0.664603
391 0.664737
392 0.664491
393 0.664828
394 0.665664
395 0.665375
396 0.665768
397 0.665202
398 0.665266
399 0.66536
400 0.664726
