1 0.0835145
2 0.133347
3 0.0555839
4 0.0934188
5 0.041697
6 0.0467985
7 0.0334106
8 0.0385498
9 0.0285144
10 0.0286637
11 0.0288235
12 0.0274372
13 0.0222722
14 0.0246988
15 0.0203489
16 0.0220365
17 0.0201006
18 0.0187856
19 0.0174115
20 0.0185445
21 0.0168914
22 0.0166052
23 0.0158441
24 0.0159064
25 0.0142937
26 0.0152887
27 0.0136156
28 0.0140789
29 0.0133351
30 0.0129471
31 0.0127453
32 0.0126988
33 0.0118279
34 0.0117787
35 0.0114928
36 0.0115282
37 0.0108805
38 0.0110155
39 0.0105109
40 0.0104837
41 0.0103491
42 0.0100322
43 0.00968176
44 0.00983821
45 0.00946862
46 0.00948371
47 0.00914568
48 0.00915967
49 0.00882827
50 0.00895829
51 0.00866508
52 0.00865216
53 0.00843896
54 0.0083056
55 0.0081344
56 0.00825201
57 0.00792838
58 0.00792639
59 0.00779794
60 0.00773486
61 0.00758252
62 0.00756523
63 0.00737529
64 0.00732516
65 0.00727845
66 0.00717147
67 0.00704132
68 0.00710207
69 0.00694653
70 0.00689613
71 0.00683066
72 0.00674709
73 0.00667654
74 0.00666792
75 0.00651745
76 0.00657868
77 0.00644866
78 0.00638928
79 0.00627333
80 0.00631729
81 0.00616141
82 0.00616832
83 0.00615134
84 0.00604046
85 0.00593947
86 0.00598169
87 0.00592988
88 0.00585048
89 0.00579327
90 0.00576056
91 0.00566793
92 0.00571261
93 0.00558582
94 0.00557905
95 0.00553385
96 0.00550333
97 0.00544139
98 0.00543674
99 0.00536963
100 0.00534719
101 0.00535336
102 0.00523364
103 0.00523279
104 0.00521416
105 0.00514246
106 0.00510693
107 0.0050497
108 0.00504443
109 0.00498121
110 0.00502875
111 0.00495607
112 0.00492832
113 0.00490814
114 0.00489508
115 0.00484893
116 0.00480676
117 0.00474596
118 0.0047046
119 0.00469424
120 0.00469269
121 0.00465836
122 0.00468191
123 0.00460879
124 0.00455792
125 0.0045905
126 0.00453857
127 0.0044714
128 0.00450666
129 0.00443328
130 0.00442781
131 0.00438899
132 0.00438063
133 0.00440466
134 0.00433158
135 0.00435841
136 0.00430936
137 0.00428475
138 0.00418784
139 0.00425214
140 0.00422033
141 0.00420739
142 0.00418162
143 0.00416761
144 0.00414884
145 0.00410038
146 0.00412431
147 0.00404749
148 0.00405844
149 0.00402645
150 0.0040285
151 0.00399105
152 0.00399083
153 0.00391343
154 0.00393308
155 0.00389141
156 0.00390224
157 0.00390028
158 0.00383584
159 0.00388208
160 0.00384016
161 0.00383505
162 0.0038232
163 0.00380786
164 0.00376432
165 0.0037344
166 0.00370074
167 0.00371667
168 0.00370242
169 0.00368587
170 0.00367739
171 0.00364633
172 0.00364343
173 0.00362044
174 0.00359943
175 0.00360907
176 0.00363313
177 0.00354452
178 0.00358039
179 0.00356662
180 0.00348656
181 0.00348423
182 0.00346727
183 0.00350103
184 0.00348543
185 0.00347974
186 0.00346304
187 0.00341411
188 0.00342652
189 0.00341945
190 0.0033561
191 0.0034057
192 0.00336917
193 0.00337353
194 0.00336196
195 0.00334989
196 0.00331079
197 0.00332734
198 0.00331409
199 0.0032812
200 0.00326341
201 0.00326799
202 0.00324317
203 0.00325785
204 0.0032308
205 0.00321305
206 0.00321947
207 0.00319141
208 0.0031867
209 0.00318786
210 0.00316352
211 0.00319179
212 0.00313885
213 0.00312784
214 0.00312427
215 0.00311845
216 0.00311835
217 0.00309718
218 0.00310029
219 0.00306422
220 0.00305246
221 0.00307244
222 0.00302949
223 0.00302174
224 0.00304609
225 0.00298454
226 0.00304495
227 0.00299162
228 0.00298901
229 0.0029793
230 0.00297482
231 0.00295439
232 0.00293034
233 0.00295591
234 0.00294463
235 0.00293457
236 0.00290018
237 0.00294106
238 0.00286705
239 0.00287651
240 0.0028716
241 0.00288177
242 0.0028564
243 0.00287314
244 0.00286814
245 0.00279918
246 0.0028288
247 0.00283655
248 0.00281484
249 0.00279354
250 0.0027944
251 0.00280494
252 0.00278946
253 0.00276164
254 0.00277829
255 0.00273136
256 0.00274547
257 0.00271629
258 0.00273999
259 0.00271514
260 0.00272864
261 0.00271238
262 0.00272403
263 0.00271497
264 0.00271974
265 0.00266277
266 0.0026599
267 0.00266413
268 0.0026702
269 0.00265723
270 0.00264543
271 0.00262626
272 0.00262982
273 0.00261024
274 0.00261357
275 0.00263867
276 0.00262192
277 0.00260384
278 0.00260725
279 0.00260578
280 0.00256679
281 0.00257482
282 0.00258615
283 0.00255853
284 0.00255631
285 0.00254616
286 0.00254676
287 0.00251286
288 0.00255629
289 0.00253673
290 0.00251259
291 0.00247929
292 0.00251552
293 0.00248322
294 0.00247766
295 0.00246734
296 0.00248718
297 0.0024535
298 0.00247086
299 0.0024531
300 0.00246068
301 0.00243901
302 0.00243653
303 0.00240434
304 0.00242505
305 0.00245419
306 0.0024087
307 0.00243087
308 0.00241263
309 0.00241177
310 0.00240993
311 0.00239299
312 0.0023624
313 0.00239499
314 0.00237907
315 0.00236646
316 0.00236697
317 0.00235548
318 0.00236361
319 0.00236353
320 0.00236531
321 0.00235107
322 0.00233621
323 0.00233665
324 0.00234643
325 0.00231987
326 0.00229325
327 0.0023241
328 0.00228319
329 0.00231803
330 0.00228268
331 0.00228375
332 0.00228489
333 0.00229548
334 0.00228222
335 0.00227396
336 0.00224879
337 0.0022554
338 0.00228105
339 0.00227254
340 0.00224886
341 0.00226843
342 0.00223449
343 0.00222175
344 0.00224789
345 0.00222159
346 0.00220001
347 0.00221752
348 0.00221469
349 0.00217382
350 0.00220021
351 0.00218634
352 0.0021772
353 0.002173
354 0.00217801
355 0.00218074
356 0.00216182
357 0.00216296
358 0.00216469
359 0.00216684
360 0.00215012
361 0.00216576
362 0.00214249
363 0.00213193
364 0.00213627
365 0.00212286
366 0.00212031
367 0.00212346
368 0.00211603
369 0.00208418
370 0.00212651
371 0.0020974
372 0.0021432
373 0.00211221
374 0.00209368
375 0.00210939
376 0.0020997
377 0.00206591
378 0.00208331
379 0.00207895
380 0.00207603
381 0.00208524
382 0.00206002
383 0.00206676
384 0.00205802
385 0.00205266
386 0.00204963
387 0.0020587
388 0.00201493
389 0.00202444
390 0.00203318
391 0.00203737
392 0.00201622
393 0.00202
394 0.0020261
395 0.00203284
396 0.00202649
397 0.00201803
398 0.00202505
399 0.00202422
400 0.00201236
