1 0.166478
2 0.166478
3 0.166478
4 0.166964
5 0.166964
6 0.166964
7 0.0837991
8 0.0834013
9 0.0555768
10 0.0554735
11 0.0417319
12 0.0417538
13 0.0333693
14 0.0329706
15 0.0285283
16 0.0276658
17 0.0252721
18 0.0241286
19 0.0223668
20 0.0217113
21 0.0202554
22 0.0197028
23 0.0185974
24 0.0179046
25 0.0169324
26 0.0166403
27 0.0159277
28 0.0154771
29 0.0149448
30 0.0144361
31 0.0140194
32 0.0137446
33 0.013204
34 0.0128879
35 0.0125441
36 0.0122207
37 0.0120062
38 0.011625
39 0.0114317
40 0.0111052
41 0.0109395
42 0.0106616
43 0.0104128
44 0.0102752
45 0.010051
46 0.0098992
47 0.00963538
48 0.00954761
49 0.00937425
50 0.00928963
51 0.00905624
52 0.00895802
53 0.00877443
54 0.00865792
55 0.00854308
56 0.00842555
57 0.00829224
58 0.00820508
59 0.00804336
60 0.00800547
61 0.00785314
62 0.00777998
63 0.0076508
64 0.00750731
65 0.00749512
66 0.00734018
67 0.0072969
68 0.00723912
69 0.00716888
70 0.00710865
71 0.00699428
72 0.00690783
73 0.00683952
74 0.0068022
75 0.00668996
76 0.00669851
77 0.00661117
78 0.00654177
79 0.00643344
80 0.00641856
81 0.00629563
82 0.00628133
83 0.00628092
84 0.00612724
85 0.00605729
86 0.00605196
87 0.00604209
88 0.00594099
89 0.00589077
90 0.00585068
91 0.00576698
92 0.00579327
93 0.00570232
94 0.00565999
95 0.00561674
96 0.00557223
97 0.00554381
98 0.00551585
99 0.00545746
100 0.00540505
101 0.00541159
102 0.00530782
103 0.00531038
104 0.00526552
105 0.00522591
106 0.00517037
107 0.00512166
108 0.00510416
109 0.00504799
110 0.00506553
111 0.00502052
112 0.0049894
113 0.00495889
114 0.0049518
115 0.00490482
116 0.00484835
117 0.00480244
118 0.00474718
119 0.00473256
120 0.00474455
121 0.00470851
122 0.00471521
123 0.00465658
124 0.00459789
125 0.00462941
126 0.00456791
127 0.00452257
128 0.00453429
129 0.0044767
130 0.00447166
131 0.00442571
132 0.00440533
133 0.00445
134 0.00435258
135 0.00439603
136 0.00433651
137 0.00432517
138 0.00422577
139 0.0042883
140 0.00424742
141 0.0042439
142 0.00421183
143 0.0041968
144 0.00417072
145 0.00414044
146 0.00415407
147 0.00408068
148 0.00408284
149 0.00406048
150 0.00405461
151 0.00401703
152 0.00401552
153 0.00394547
154 0.00395931
155 0.00391955
156 0.00392001
157 0.00393138
158 0.00386359
159 0.00391481
160 0.00386663
161 0.00385343
162 0.00385269
163 0.00383519
164 0.00378161
165 0.00375833
166 0.00372388
167 0.00373141
168 0.00372292
169 0.00371206
170 0.00369367
171 0.00367452
172 0.00366263
173 0.00364349
174 0.00361474
175 0.00362989
176 0.00364982
177 0.00356698
178 0.0035957
179 0.00358764
180 0.00350817
181 0.00349899
182 0.00348728
183 0.00352253
184 0.00350145
185 0.00349384
186 0.00347224
187 0.00342603
188 0.0034398
189 0.00343372
190 0.00337525
191 0.00341418
192 0.00338399
193 0.00338399
194 0.00337675
195 0.00336255
196 0.00332126
197 0.00333932
198 0.00332392
199 0.00329428
200 0.00327192
201 0.00328256
202 0.00325664
203 0.00327216
204 0.00323709
205 0.00322551
206 0.00322462
207 0.00320648
208 0.00320001
209 0.00320104
210 0.00317446
211 0.00320366
212 0.0031437
213 0.00314156
214 0.00314268
215 0.00312689
216 0.0031263
217 0.00310878
218 0.00311057
219 0.00307323
220 0.00306544
221 0.00308153
222 0.00304337
223 0.0030342
224 0.00305266
225 0.00300013
226 0.00305291
227 0.00299696
228 0.00299417
229 0.00299144
230 0.00298192
231 0.0029654
232 0.00293839
233 0.00297023
234 0.00294877
235 0.00294696
236 0.00290397
237 0.00294685
238 0.00287598
239 0.00288329
240 0.00288132
241 0.00288966
242 0.00286479
243 0.00288043
244 0.00287469
245 0.00280895
246 0.0028383
247 0.00284398
248 0.00281977
249 0.00280252
250 0.00280646
251 0.00281324
252 0.00279799
253 0.00276994
254 0.00279295
255 0.00273975
256 0.00274844
257 0.00272609
258 0.00274944
259 0.00272712
260 0.00273479
261 0.00272534
262 0.00273424
263 0.00272454
264 0.00272564
265 0.00267199
266 0.00266593
267 0.00267785
268 0.00267438
269 0.00266575
270 0.00265263
271 0.00262719
272 0.00263782
273 0.00261557
274 0.00262071
275 0.00264422
276 0.00262627
277 0.0026085
278 0.00261345
279 0.00261323
280 0.00257247
281 0.002576
282 0.00258955
283 0.00256186
284 0.0025617
285 0.00255132
286 0.0025524
287 0.0025166
288 0.00255933
289 0.00254022
290 0.00251402
291 0.00248747
292 0.00252059
293 0.00249023
294 0.00248212
295 0.00247156
296 0.00248991
297 0.00246013
298 0.00247607
299 0.00245549
300 0.00246462
301 0.00244428
302 0.0024381
303 0.00241172
304 0.00242801
305 0.00245889
306 0.00241196
307 0.00243435
308 0.00241866
309 0.00241455
310 0.00241209
311 0.00239629
312 0.0023681
313 0.00240004
314 0.00238278
315 0.00237195
316 0.00237081
317 0.00235782
318 0.00236679
319 0.0023675
320 0.00236703
321 0.00235477
322 0.00234252
323 0.00233893
324 0.00234659
325 0.00232401
326 0.00229583
327 0.0023308
328 0.00229182
329 0.00232515
330 0.00229111
331 0.00228868
332 0.002288
333 0.00230327
334 0.00228478
335 0.00227691
336 0.0022556
337 0.00225914
338 0.00228327
339 0.00227654
340 0.00225116
341 0.00226999
342 0.0022394
343 0.00222729
344 0.00225259
345 0.0022268
346 0.00220659
347 0.00222245
348 0.00221899
349 0.00218
350 0.00220282
351 0.00218628
352 0.00218304
353 0.002176
354 0.00218255
355 0.00218577
356 0.00216678
357 0.00216782
358 0.00216998
359 0.00216925
360 0.00215206
361 0.00216636
362 0.00214556
363 0.00213504
364 0.00213924
365 0.00212561
366 0.00212329
367 0.00212526
368 0.00211801
369 0.00208776
370 0.00212882
371 0.00210032
372 0.00214501
373 0.00211646
374 0.00209704
375 0.00211452
376 0.0021005
377 0.00206906
378 0.00208773
379 0.00207977
380 0.00207755
381 0.00208883
382 0.00206229
383 0.00206722
384 0.0020605
385 0.00205448
386 0.0020521
387 0.00206294
388 0.0020181
389 0.00202787
390 0.00203744
391 0.0020413
392 0.00201841
393 0.00202428
394 0.00202842
395 0.00203502
396 0.00202998
397 0.0020205
398 0.00202955
399 0.00202625
400 0.00201363
