1 0.5
2 0.408163
3 0.318869
4 0.288434
5 0.276825
6 0.271874
7 0.257098
8 0.253298
9 0.249808
10 0.24802
11 0.246448
12 0.245343
13 0.24454
14 0.243905
15 0.243589
16 0.243264
17 0.242859
18 0.242556
19 0.242736
20 0.242524
21 0.242321
22 0.242401
23 0.242373
24 0.24217
25 0.242086
26 0.242126
27 0.242288
28 0.241958
29 0.242165
30 0.241744
31 0.241819
32 0.241702
33 0.241713
34 0.241743
35 0.241725
36 0.241568
37 0.241581
38 0.241497
39 0.241511
40 0.241287
41 0.24137
42 0.241359
43 0.24135
44 0.241298
45 0.241417
46 0.241285
47 0.241194
48 0.241199
49 0.241105
50 0.241083
51 0.241106
52 0.24108
53 0.241031
54 0.240986
55 0.240918
56 0.240936
57 0.241112
58 0.240861
59 0.240857
60 0.240786
61 0.240781
62 0.240785
63 0.240798
64 0.240485
65 0.24081
66 0.240725
67 0.240593
68 0.24066
69 0.240585
70 0.240504
71 0.240521
72 0.24049
73 0.240344
74 0.240493
75 0.240382
76 0.24054
77 0.240348
78 0.240418
79 0.240372
80 0.24033
81 0.240381
82 0.240246
83 0.24032
84 0.240225
85 0.240112
86 0.240233
87 0.240211
88 0.240135
89 0.240205
90 0.240099
91 0.240173
92 0.240067
93 0.240129
94 0.240036
95 0.239979
96 0.23987
97 0.240068
98 0.239903
99 0.239991
100 0.239905
101 0.239917
102 0.239851
103 0.240004
104 0.239933
105 0.239904
106 0.239775
107 0.239807
108 0.239767
109 0.239733
110 0.239794
111 0.239729
112 0.23972
113 0.239655
114 0.239624
115 0.239715
116 0.239693
117 0.239727
118 0.23959
119 0.239578
120 0.239592
121 0.239652
122 0.239636
123 0.239546
124 0.239579
125 0.239416
126 0.239453
127 0.239468
128 0.239511
129 0.239542
130 0.239548
131 0.239449
132 0.239472
133 0.239382
134 0.239402
135 0.239528
136 0.239474
137 0.23937
138 0.239354
139 0.239327
140 0.239348
141 0.239336
142 0.23931
143 0.239285
144 0.239377
145 0.23929
146 0.239337
147 0.239112
148 0.239286
149 0.239255
150 0.239176
151 0.239231
152 0.239233
153 0.239153
154 0.23917
155 0.239199
156 0.239092
157 0.239142
158 0.239129
159 0.239168
160 0.239072
161 0.239072
162 0.239091
163 0.239127
164 0.239027
165 0.239072
166 0.239029
167 0.239125
168 0.239014
169 0.238991
170 0.238939
171 0.239184
172 0.238978
173 0.238992
174 0.238931
175 0.23899
176 0.238965
177 0.238929
178 0.239016
179 0.238956
180 0.238911
181 0.238839
182 0.238931
183 0.238925
184 0.238871
185 0.238895
186 0.238898
187 0.238832
188 0.238819
189 0.238848
190 0.238846
191 0.238843
192 0.238723
193 0.238784
194 0.238843
195 0.238885
196 0.238765
197 0.238807
198 0.238836
199 0.238761
200 0.23872
201 0.238693
202 0.238711
203 0.238778
204 0.238695
205 0.238624
206 0.238686
207 0.238702
208 0.23862
209 0.238629
210 0.238687
211 0.238682
212 0.238589
213 0.238605
214 0.23862
215 0.238661
216 0.238663
217 0.238648
218 0.238595
219 0.238596
220 0.238574
221 0.238594
222 0.238549
223 0.23862
224 0.238646
225 0.238539
226 0.238568
227 0.238588
228 0.238543
229 0.238526
230 0.238556
231 0.238498
232 0.238534
233 0.238527
234 0.238549
235 0.238467
236 0.238514
237 0.238516
238 0.238436
239 0.238506
240 0.238399
241 0.238398
242 0.238464
243 0.238421
244 0.238472
245 0.238434
246 0.238372
247 0.238351
248 0.238464
249 0.238439
250 0.238408
251 0.238381
252 0.238363
253 0.238365
254 0.238368
255 0.238273
256 0.238362
257 0.238437
258 0.238398
259 0.238346
260 0.238312
261 0.23831
262 0.238344
263 0.238344
264 0.238295
265 0.238311
266 0.238273
267 0.238327
268 0.238278
269 0.238228
270 0.238293
271 0.238225
272 0.238267
273 0.238376
274 0.238194
275 0.238233
276 0.238272
277 0.238262
278 0.238213
279 0.238224
280 0.238211
281 0.238213
282 0.238254
283 0.238222
284 0.238208
285 0.238188
286 0.238182
287 0.238179
288 0.238196
289 0.238162
290 0.238177
291 0.238187
292 0.238265
293 0.238063
294 0.238139
295 0.238143
296 0.238122
297 0.238122
298 0.238153
299 0.238135
300 0.238156
301 0.238084
302 0.238078
303 0.238107
304 0.238101
305 0.238122
306 0.238071
307 0.238006
308 0.238113
309 0.238095
310 0.238145
311 0.238016
312 0.238022
313 0.238092
314 0.238069
315 0.238115
316 0.238013
317 0.238057
318 0.238015
319 0.237999
320 0.237972
321 0.238053
322 0.238028
323 0.238034
324 0.238004
325 0.23798
326 0.238021
327 0.237968
328 0.237961
329 0.23797
330 0.237961
331 0.237862
332 0.238015
333 0.238015
334 0.237991
335 0.237967
336 0.237991
337 0.23797
338 0.237922
339 0.237936
340 0.237939
341 0.238068
342 0.237866
343 0.237895
344 0.23793
345 0.237936
346 0.237888
347 0.237932
348 0.237882
349 0.237885
350 0.23789
351 0.237878
352 0.237876
353 0.237863
354 0.237883
355 0.237879
356 0.237896
357 0.23784
358 0.237854
359 0.237865
360 0.237894
361 0.237872
362 0.237788
363 0.237879
364 0.237815
365 0.237817
366 0.237829
367 0.237823
368 0.237842
369 0.237832
370 0.237836
371 0.237817
372 0.237863
373 0.237855
374 0.237842
375 0.237773
376 0.237771
377 0.237818
378 0.237803
379 0.237767
380 0.237835
381 0.237777
382 0.237737
383 0.237733
384 0.237808
385 0.237768
386 0.237797
387 0.237759
388 0.237727
389 0.237717
390 0.237769
391 0.23775
392 0.237726
393 0.237715
394 0.237735
395 0.237721
396 0.237738
397 0.237746
398 0.237701
399 0.237712
400 0.237759
