1 0.0733213
2 0.0732997
3 0.0733044
4 0.073299
5 0.0733016
6 0.0733192
7 0.0725255
8 0.0714205
9 0.0701861
10 0.0689065
11 0.0676488
12 0.0664241
13 0.0652376
14 0.0641017
15 0.0630211
16 0.0619922
17 0.0610151
18 0.0600755
19 0.0591918
20 0.0583435
21 0.0575273
22 0.0567439
23 0.0559918
24 0.0552721
25 0.0545807
26 0.0539134
27 0.0532695
28 0.0526532
29 0.0520567
30 0.0514799
31 0.0509216
32 0.0503837
33 0.0498622
34 0.0493598
35 0.0488702
36 0.0483962
37 0.0479357
38 0.0474869
39 0.0470488
40 0.0466269
41 0.0462116
42 0.045809
43 0.0454171
44 0.0450337
45 0.0446616
46 0.044294
47 0.0439367
48 0.0435886
49 0.0432486
50 0.0429156
51 0.0425903
52 0.0422733
53 0.0419618
54 0.0416571
55 0.0413599
56 0.0410684
57 0.0407801
58 0.0404983
59 0.0402239
60 0.0399531
61 0.0396877
62 0.0394257
63 0.039172
64 0.0389216
65 0.0386758
66 0.038435
67 0.0381967
68 0.0379622
69 0.0377331
70 0.0375074
71 0.0372857
72 0.0370669
73 0.0368527
74 0.0366412
75 0.0364328
76 0.036228
77 0.0360256
78 0.035827
79 0.0356319
80 0.03544
81 0.0352495
82 0.0350624
83 0.0348789
84 0.0346957
85 0.034517
86 0.0343405
87 0.0341668
88 0.0339957
89 0.0338272
90 0.0336607
91 0.0334962
92 0.0333344
93 0.033174
94 0.0330156
95 0.0328595
96 0.0327054
97 0.0325538
98 0.0324037
99 0.0322559
100 0.0321096
101 0.0319651
102 0.0318221
103 0.0316815
104 0.0315419
105 0.0314046
106 0.0312684
107 0.0311341
108 0.0310007
109 0.0308698
110 0.0307403
111 0.0306114
112 0.0304852
113 0.0303597
114 0.0302352
115 0.0301128
116 0.0299916
117 0.0298716
118 0.0297529
119 0.0296351
120 0.0295179
121 0.0294031
122 0.0292898
123 0.0291769
124 0.0290656
125 0.0289556
126 0.0288466
127 0.0287388
128 0.0286321
129 0.0285267
130 0.0284226
131 0.0283186
132 0.028216
133 0.0281147
134 0.0280136
135 0.0279137
136 0.0278146
137 0.0277167
138 0.0276195
139 0.0275238
140 0.0274284
141 0.0273342
142 0.0272408
143 0.0271483
144 0.0270566
145 0.0269658
146 0.0268759
147 0.0267866
148 0.0266986
149 0.0266109
150 0.0265236
151 0.0264371
152 0.0263514
153 0.026267
154 0.0261831
155 0.0260996
156 0.026017
157 0.0259353
158 0.0258537
159 0.0257729
160 0.0256928
161 0.0256136
162 0.0255351
163 0.0254574
164 0.0253799
165 0.0253034
166 0.0252272
167 0.0251515
168 0.0250766
169 0.025002
170 0.0249283
171 0.0248551
172 0.0247824
173 0.0247104
174 0.0246389
175 0.0245681
176 0.0244978
177 0.024428
178 0.0243585
179 0.0242896
180 0.0242209
181 0.0241534
182 0.0240861
183 0.0240193
184 0.023953
185 0.0238873
186 0.0238219
187 0.023757
188 0.0236925
189 0.0236285
190 0.0235648
191 0.0235015
192 0.0234391
193 0.0233767
194 0.023315
195 0.0232536
196 0.0231927
197 0.0231322
198 0.0230724
199 0.0230129
200 0.0229537
201 0.0228949
202 0.0228366
203 0.0227784
204 0.0227208
205 0.0226634
206 0.0226063
207 0.0225497
208 0.0224938
209 0.0224378
210 0.0223822
211 0.0223273
212 0.0222723
213 0.0222178
214 0.0221637
215 0.0221099
216 0.0220565
217 0.0220035
218 0.0219507
219 0.0218981
220 0.021846
221 0.0217942
222 0.0217428
223 0.0216917
224 0.021641
225 0.0215905
226 0.0215404
227 0.0214907
228 0.0214411
229 0.0213919
230 0.0213429
231 0.0212945
232 0.0212461
233 0.021198
234 0.0211503
235 0.0211026
236 0.0210553
237 0.0210081
238 0.0209612
239 0.0209148
240 0.0208688
241 0.020823
242 0.0207773
243 0.0207319
244 0.0206868
245 0.0206419
246 0.0205975
247 0.020553
248 0.0205089
249 0.0204649
250 0.0204211
251 0.0203777
252 0.0203347
253 0.0202917
254 0.020249
255 0.0202064
256 0.0201639
257 0.0201217
258 0.0200801
259 0.0200387
260 0.0199974
261 0.0199562
262 0.0199154
263 0.0198746
264 0.0198343
265 0.019794
266 0.0197541
267 0.0197142
268 0.0196746
269 0.0196352
270 0.0195961
271 0.0195573
272 0.0195184
273 0.0194799
274 0.0194415
275 0.0194033
276 0.0193652
277 0.0193274
278 0.0192897
279 0.0192521
280 0.0192147
281 0.0191774
282 0.0191404
283 0.0191038
284 0.0190673
285 0.0190311
286 0.0189951
287 0.0189592
288 0.0189233
289 0.0188877
290 0.0188521
291 0.0188167
292 0.0187815
293 0.0187465
294 0.0187117
295 0.018677
296 0.0186426
297 0.0186081
298 0.0185739
299 0.0185398
300 0.0185059
301 0.0184722
302 0.0184386
303 0.018405
304 0.0183717
305 0.0183387
306 0.0183057
307 0.0182729
308 0.0182403
309 0.0182078
310 0.0181754
311 0.0181432
312 0.0181111
313 0.0180793
314 0.0180476
315 0.0180159
316 0.0179845
317 0.0179532
318 0.0179221
319 0.0178909
320 0.01786
321 0.0178293
322 0.0177986
323 0.017768
324 0.0177377
325 0.0177075
326 0.0176773
327 0.0176475
328 0.0176177
329 0.017588
330 0.0175585
331 0.0175289
332 0.0174996
333 0.0174705
334 0.0174415
335 0.0174126
336 0.0173838
337 0.017355
338 0.0173263
339 0.0172979
340 0.0172696
341 0.0172413
342 0.0172131
343 0.0171852
344 0.0171574
345 0.0171297
346 0.0171021
347 0.0170745
348 0.0170471
349 0.0170198
350 0.0169926
351 0.0169656
352 0.0169387
353 0.0169119
354 0.0168852
355 0.0168586
356 0.016832
357 0.0168057
358 0.0167795
359 0.0167532
360 0.0167272
361 0.0167012
362 0.0166753
363 0.0166495
364 0.0166238
365 0.0165981
366 0.0165726
367 0.0165472
368 0.0165218
369 0.0164966
370 0.0164715
371 0.0164465
372 0.0164215
373 0.0163967
374 0.0163719
375 0.0163474
376 0.0163228
377 0.0162984
378 0.0162739
379 0.0162497
380 0.0162256
381 0.0162014
382 0.0161774
383 0.0161535
384 0.0161297
385 0.016106
386 0.0160823
387 0.0160587
388 0.0160353
389 0.0160119
390 0.0159886
391 0.0159653
392 0.0159421
393 0.0159191
394 0.0158962
395 0.0158733
396 0.0158505
397 0.0158278
398 0.0158052
399 0.0157827
400 0.0157601
