1 0.500352
2 0.500392
3 0.500486
4 0.500112
5 0.500133
6 0.499415
7 0.524412
8 0.542042
9 0.557199
10 0.570771
11 0.581034
12 0.590198
13 0.599513
14 0.60688
15 0.613713
16 0.61993
17 0.625204
18 0.631823
19 0.635571
20 0.640777
21 0.645463
22 0.649762
23 0.654254
24 0.657998
25 0.661488
26 0.665093
27 0.669567
28 0.671823
29 0.674952
30 0.678636
31 0.681495
32 0.683369
33 0.686384
34 0.688447
35 0.691905
36 0.693933
37 0.696422
38 0.699
39 0.701292
40 0.702961
41 0.70575
42 0.707443
43 0.709685
44 0.711665
45 0.713642
46 0.716419
47 0.718279
48 0.719666
49 0.721081
50 0.722869
51 0.724369
52 0.725633
53 0.728072
54 0.729296
55 0.73045
56 0.732137
57 0.735009
58 0.735957
59 0.736325
60 0.738522
61 0.74
62 0.742138
63 0.74168
64 0.744185
65 0.744976
66 0.746003
67 0.747817
68 0.749184
69 0.749803
70 0.751607
71 0.752257
72 0.75388
73 0.754134
74 0.756071
75 0.757246
76 0.758231
77 0.759679
78 0.76017
79 0.761028
80 0.76164
81 0.763635
82 0.764351
83 0.765209
84 0.767054
85 0.767234
86 0.768114
87 0.769047
88 0.769793
89 0.770109
90 0.77129
91 0.772509
92 0.773034
93 0.77436
94 0.775169
95 0.775771
96 0.776636
97 0.777186
98 0.778265
99 0.778625
100 0.779368
101 0.780616
102 0.781725
103 0.781501
104 0.783117
105 0.783476
106 0.784742
107 0.784867
108 0.786333
109 0.786227
110 0.786774
111 0.788216
112 0.788129
113 0.789028
114 0.790044
115 0.790137
116 0.790649
117 0.791846
118 0.79223
119 0.79341
120 0.794507
121 0.794404
122 0.794233
123 0.795825
124 0.796153
125 0.796253
126 0.797574
127 0.797581
128 0.797689
129 0.798443
130 0.799145
131 0.800099
132 0.800436
133 0.800619
134 0.801966
135 0.802535
136 0.803351
137 0.803548
138 0.804087
139 0.803815
140 0.804858
141 0.805321
142 0.805698
143 0.806293
144 0.806812
145 0.807405
146 0.807635
147 0.808107
148 0.808749
149 0.809085
150 0.810043
151 0.81068
152 0.811227
153 0.810927
154 0.811507
155 0.812588
156 0.812428
157 0.813066
158 0.814054
159 0.814112
160 0.814482
161 0.814664
162 0.815302
163 0.815517
164 0.816062
165 0.816341
166 0.81711
167 0.817406
168 0.817901
169 0.818374
170 0.818545
171 0.819216
172 0.819157
173 0.819918
174 0.820131
175 0.820383
176 0.820704
177 0.821367
178 0.82192
179 0.822171
180 0.822747
181 0.822624
182 0.823334
183 0.823943
184 0.824205
185 0.824123
186 0.825038
187 0.825178
188 0.825341
189 0.825819
190 0.82645
191 0.826704
192 0.826566
193 0.82747
194 0.8274
195 0.828092
196 0.828209
197 0.828733
198 0.828476
199 0.828978
200 0.829826
201 0.82958
202 0.829832
203 0.830701
204 0.830897
205 0.830913
206 0.831934
207 0.831863
208 0.831506
209 0.832615
210 0.833067
211 0.832912
212 0.833589
213 0.833712
214 0.834034
215 0.834388
216 0.834285
217 0.835116
218 0.835413
219 0.835548
220 0.835857
221 0.836095
222 0.83608
223 0.83665
224 0.836892
225 0.837333
226 0.837148
227 0.837666
228 0.837927
229 0.838018
230 0.838338
231 0.838612
232 0.839236
233 0.839269
234 0.839173
235 0.84028
236 0.840195
237 0.841129
238 0.841016
239 0.840672
240 0.84091
241 0.841278
242 0.842039
243 0.841808
244 0.84189
245 0.842526
246 0.842736
247 0.843116
248 0.843482
249 0.843834
250 0.84391
251 0.843804
252 0.843824
253 0.844242
254 0.844934
255 0.845324
256 0.845717
257 0.845637
258 0.845059
259 0.845718
260 0.846018
261 0.846242
262 0.846351
263 0.847063
264 0.846916
265 0.84677
266 0.846999
267 0.847788
268 0.847704
269 0.847804
270 0.847999
271 0.848756
272 0.848761
273 0.848707
274 0.849417
275 0.849345
276 0.849671
277 0.849845
278 0.850532
279 0.850467
280 0.850557
281 0.851349
282 0.851167
283 0.851133
284 0.851348
285 0.851438
286 0.851406
287 0.851737
288 0.852401
289 0.852329
290 0.853101
291 0.853172
292 0.852922
293 0.853129
294 0.853704
295 0.854114
296 0.853761
297 0.854381
298 0.854237
299 0.855041
300 0.854846
301 0.854811
302 0.855735
303 0.855709
304 0.855752
305 0.855315
306 0.855991
307 0.856172
308 0.85637
309 0.856216
310 0.857057
311 0.856863
312 0.857379
313 0.857099
314 0.857281
315 0.857866
316 0.857845
317 0.857941
318 0.857885
319 0.858528
320 0.858613
321 0.858485
322 0.859035
323 0.859422
324 0.858737
325 0.859262
326 0.860017
327 0.859432
328 0.860059
329 0.860267
330 0.859781
331 0.860518
332 0.860595
333 0.860708
334 0.860695
335 0.861145
336 0.861202
337 0.861625
338 0.861545
339 0.861488
340 0.862069
341 0.862104
342 0.862398
343 0.862421
344 0.862331
345 0.862838
346 0.862458
347 0.863297
348 0.863012
349 0.863659
350 0.863597
351 0.863801
352 0.863423
353 0.863927
354 0.863904
355 0.864213
356 0.864439
357 0.864166
358 0.864588
359 0.865139
360 0.864685
361 0.865682
362 0.865363
363 0.865563
364 0.866076
365 0.866059
366 0.866067
367 0.866245
368 0.866226
369 0.86642
370 0.866813
371 0.866751
372 0.866951
373 0.867338
374 0.867224
375 0.867217
376 0.867773
377 0.867925
378 0.868144
379 0.867791
380 0.868025
381 0.868216
382 0.868338
383 0.868782
384 0.868791
385 0.869036
386 0.869337
387 0.869149
388 0.869027
389 0.869627
390 0.869174
391 0.870072
392 0.870103
393 0.87033
394 0.869914
395 0.870257
396 0.870611
397 0.87082
398 0.870417
399 0.870761
400 0.870934
