4 0.908513
5 0.680075
6 0.593583
7 0.470686
8 0.419518
9 0.346229
10 0.310455
11 0.262448
12 0.233836
13 0.208454
14 0.187804
15 0.16608
16 0.155069
17 0.139643
18 0.128742
19 0.121522
20 0.112946
21 0.10538
22 0.10137
23 0.0957156
24 0.0913333
25 0.0884941
26 0.0849506
27 0.0811969
28 0.0790777
29 0.0766718
30 0.0742519
31 0.0725697
32 0.0704878
33 0.0684531
34 0.0670737
35 0.0654316
36 0.0641318
37 0.0626572
38 0.0614189
39 0.0600894
40 0.0590681
41 0.0579426
42 0.05687
43 0.0556651
44 0.0547454
45 0.0537576
46 0.0529469
47 0.0521036
48 0.0511534
49 0.050255
50 0.0496407
51 0.0488172
52 0.0480099
53 0.0473497
54 0.046647
55 0.0458786
56 0.0453174
57 0.0445854
58 0.0439356
59 0.0434724
60 0.0429627
61 0.0422726
62 0.0418213
63 0.0412513
64 0.040812
65 0.0402034
66 0.0398542
67 0.0394008
68 0.0390322
69 0.0384359
70 0.0381062
71 0.037687
72 0.0373068
73 0.0369135
74 0.0365191
75 0.0362306
76 0.0357683
77 0.0355044
78 0.0352499
79 0.034879
80 0.0344564
81 0.0342453
82 0.0338872
83 0.0336178
84 0.0334175
85 0.0330244
86 0.0327942
87 0.0324056
88 0.0321643
89 0.031882
90 0.0316492
91 0.0313324
92 0.0311082
93 0.0308169
94 0.0306468
95 0.030377
96 0.0301867
97 0.0299523
98 0.0298339
99 0.0295173
100 0.0292894
101 0.0290936
102 0.0288624
103 0.0285986
104 0.0284373
105 0.0282868
106 0.0280585
107 0.0279061
108 0.0276388
109 0.02757
110 0.0273201
111 0.0270482
112 0.026983
113 0.026797
114 0.026624
115 0.0264104
116 0.0262482
117 0.0260372
118 0.0258808
119 0.0256946
120 0.0255518
121 0.0253713
122 0.0251984
123 0.0249622
124 0.02478
125 0.0246897
126 0.0245576
127 0.024393
128 0.0242668
129 0.0240107
130 0.0239336
131 0.0237838
132 0.0236365
133 0.0235355
134 0.0234205
135 0.0232501
136 0.0231034
137 0.0230564
138 0.022865
139 0.0227827
140 0.0226756
141 0.022461
142 0.0224299
143 0.0223122
144 0.0222562
145 0.0221319
146 0.0219512
147 0.0218033
148 0.0216926
149 0.0216207
150 0.0215623
151 0.0214125
152 0.0212911
153 0.0212404
154 0.0211241
155 0.0209293
156 0.020892
157 0.0207788
158 0.0206916
159 0.0205528
160 0.0204628
161 0.0203907
162 0.0203478
163 0.0201453
164 0.0201515
165 0.0200585
166 0.0199571
167 0.0197969
168 0.0197799
169 0.0197429
170 0.0195243
171 0.0194477
172 0.0194511
173 0.0193536
174 0.01927
175 0.0191384
176 0.0190443
177 0.0190167
178 0.0189081
179 0.0189032
180 0.0187414
181 0.0187558
182 0.0186549
183 0.0186065
184 0.0185
185 0.0184153
186 0.0183442
187 0.0182423
188 0.018157
189 0.0181044
190 0.0180215
191 0.0179872
192 0.0178912
193 0.0178154
194 0.017814
195 0.017686
196 0.017642
197 0.0175254
198 0.017455
199 0.0173929
200 0.0173418
201 0.0173292
202 0.0171907
203 0.0172274
204 0.0170708
205 0.0169869
206 0.0169987
207 0.0168743
208 0.0168261
209 0.0167488
210 0.0167634
211 0.0166556
212 0.0166194
213 0.0166096
214 0.01649
215 0.0164216
216 0.0164112
217 0.0163783
218 0.0162954
219 0.0162347
220 0.0162105
221 0.0160881
222 0.0160105
223 0.0159892
224 0.0159572
225 0.0158616
226 0.0158264
227 0.015841
228 0.0157186
229 0.0157284
230 0.0156523
231 0.0155828
232 0.0154869
233 0.0154579
234 0.0154097
235 0.0154484
236 0.0153575
237 0.0153071
238 0.0152436
239 0.0152325
240 0.0151565
241 0.0150827
242 0.0150255
243 0.0149343
244 0.0149279
245 0.0148537
246 0.0148447
247 0.0147777
248 0.0147507
249 0.0146824
250 0.0145633
251 0.0145867
252 0.0145366
253 0.0145478
254 0.0144629
255 0.0143792
256 0.0143479
257 0.0143362
258 0.0142965
259 0.0142558
260 0.0142625
261 0.0141409
262 0.0141517
263 0.0140995
264 0.0140229
265 0.0139773
266 0.0138904
267 0.0139558
268 0.0138898
269 0.0138471
270 0.0137705
271 0.0137444
272 0.013676
273 0.0136359
274 0.0135824
275 0.0135959
276 0.0134844
277 0.0134802
278 0.0134757
279 0.0135162
280 0.0133711
281 0.0133436
282 0.0133317
283 0.0132856
284 0.0133136
285 0.01326
286 0.0131782
287 0.0131798
288 0.0131694
289 0.0131355
290 0.013084
291 0.0130861
292 0.0130031
293 0.0129734
294 0.012888
295 0.0129711
296 0.0128656
297 0.0128446
298 0.0128109
299 0.0127747
300 0.0127174
301 0.0127072
302 0.012656
303 0.0126496
304 0.0126131
305 0.0126
306 0.0125268
307 0.0124756
308 0.0125256
309 0.0124134
310 0.0123809
311 0.0124475
312 0.0123651
313 0.0123196
314 0.0122846
315 0.012314
316 0.01224
317 0.0122486
318 0.0121714
319 0.0121359
320 0.0121311
321 0.012138
322 0.0120752
323 0.012044
324 0.0120188
325 0.0120006
326 0.0118926
327 0.0119264
328 0.011866
329 0.0118214
330 0.0118449
331 0.0117916
332 0.0118176
333 0.0117599
334 0.0117469
335 0.0117341
336 0.0116369
337 0.0116265
338 0.0115874
339 0.0116236
340 0.0115248
341 0.0115264
342 0.0114933
343 0.0115106
344 0.0114869
345 0.011456
346 0.0114617
347 0.0114212
348 0.0113776
349 0.011303
350 0.0113365
351 0.0112931
352 0.0113401
353 0.011252
354 0.0112697
355 0.0111523
356 0.0111789
357 0.011145
358 0.0111258
359 0.0111436
360 0.0110893
361 0.0110499
362 0.0110382
363 0.011004
364 0.0109662
365 0.0110033
366 0.0109549
367 0.0109778
368 0.0108595
369 0.0109113
370 0.0108828
371 0.0108121
372 0.0108131
373 0.0107882
374 0.0107823
375 0.0107449
376 0.0107366
377 0.010688
378 0.0106428
379 0.0106366
380 0.0106331
381 0.0106212
382 0.0105663
383 0.0105773
384 0.0105622
385 0.0105567
386 0.0105088
387 0.0105198
388 0.0104593
389 0.0104533
390 0.010412
391 0.0104093
392 0.0103889
393 0.0103764
394 0.0103352
395 0.0102972
396 0.0103477
397 0.0102377
398 0.0102097
399 0.0102126
400 0.0102494
