1 0.0888751
2 0.10003
3 0.107178
4 0.112597
5 0.117488
6 0.122316
7 0.127509
8 0.133086
9 0.138911
10 0.144781
11 0.150924
12 0.156799
13 0.162568
14 0.168399
15 0.174338
16 0.180186
17 0.186015
18 0.192215
19 0.198121
20 0.20413
21 0.21016
22 0.216327
23 0.222247
24 0.228053
25 0.234326
26 0.24015
27 0.246006
28 0.252113
29 0.257962
30 0.263718
31 0.269586
32 0.27525
33 0.280612
34 0.286276
35 0.291402
36 0.296893
37 0.302062
38 0.30713
39 0.312313
40 0.317645
41 0.322594
42 0.327466
43 0.332286
44 0.33693
45 0.341753
46 0.346521
47 0.350981
48 0.355576
49 0.359792
50 0.364118
51 0.368543
52 0.372804
53 0.376513
54 0.38041
55 0.38434
56 0.388147
57 0.391685
58 0.395311
59 0.398877
60 0.402407
61 0.405696
62 0.409063
63 0.412482
64 0.415894
65 0.419032
66 0.422362
67 0.425263
68 0.428325
69 0.431243
70 0.434222
71 0.43714
72 0.439884
73 0.442682
74 0.445315
75 0.448121
76 0.450924
77 0.453736
78 0.456416
79 0.459012
80 0.461506
81 0.464126
82 0.46667
83 0.468935
84 0.471295
85 0.473696
86 0.475853
87 0.478157
88 0.48047
89 0.482589
90 0.484818
91 0.486952
92 0.489226
93 0.491449
94 0.493449
95 0.495796
96 0.497922
97 0.499981
98 0.501894
99 0.503936
100 0.505717
101 0.507912
102 0.509692
103 0.511417
104 0.51339
105 0.515197
106 0.517066
107 0.519036
108 0.520768
109 0.522585
110 0.524329
111 0.52625
112 0.528008
113 0.529861
114 0.531573
115 0.533202
116 0.534917
117 0.536618
118 0.538375
119 0.540067
120 0.541646
121 0.543315
122 0.544923
123 0.546795
124 0.548213
125 0.549809
126 0.551164
127 0.552709
128 0.554152
129 0.555671
130 0.557125
131 0.558839
132 0.560382
133 0.56184
134 0.563285
135 0.564622
136 0.566099
137 0.56755
138 0.568819
139 0.570289
140 0.571814
141 0.572929
142 0.574351
143 0.575796
144 0.57714
145 0.578565
146 0.579514
147 0.580872
148 0.582321
149 0.583612
150 0.58481
151 0.586244
152 0.587643
153 0.588774
154 0.590023
155 0.591104
156 0.592349
157 0.593596
158 0.594698
159 0.595981
160 0.597224
161 0.598426
162 0.599559
163 0.600679
164 0.601794
165 0.602896
166 0.603894
167 0.605019
168 0.606201
169 0.60738
170 0.608589
171 0.60969
172 0.610767
173 0.611658
174 0.612538
175 0.6135
176 0.614526
177 0.61552
178 0.616753
179 0.617801
180 0.618753
181 0.619722
182 0.620737
183 0.621545
184 0.622563
185 0.623504
186 0.6245
187 0.62546
188 0.626563
189 0.627601
190 0.628747
191 0.629655
192 0.630583
193 0.631387
194 0.632131
195 0.633065
196 0.634033
197 0.635011
198 0.635788
199 0.636607
200 0.637687
201 0.638338
202 0.639249
203 0.640249
204 0.640985
205 0.641633
206 0.642433
207 0.643365
208 0.644453
209 0.645206
210 0.645983
211 0.647065
212 0.647818
213 0.648492
214 0.649349
215 0.65029
216 0.651088
217 0.651935
218 0.652672
219 0.653401
220 0.654117
221 0.654963
222 0.655529
223 0.656376
224 0.657084
225 0.657782
226 0.658536
227 0.659244
228 0.660028
229 0.660776
230 0.661429
231 0.662319
232 0.663024
233 0.663827
234 0.664478
235 0.665317
236 0.665982
237 0.666498
238 0.667177
239 0.667958
240 0.668924
241 0.669545
242 0.670232
243 0.670737
244 0.671447
245 0.672016
246 0.672669
247 0.673357
248 0.674059
249 0.674862
250 0.675448
251 0.676147
252 0.676713
253 0.677365
254 0.67794
255 0.678427
256 0.679044
257 0.679741
258 0.680464
259 0.681139
260 0.681561
261 0.682329
262 0.682733
263 0.683323
264 0.684037
265 0.684514
266 0.685109
267 0.685778
268 0.686335
269 0.687084
270 0.687702
271 0.688253
272 0.688854
273 0.689356
274 0.690052
275 0.690621
276 0.691198
277 0.69173
278 0.692307
279 0.692804
280 0.693356
281 0.693865
282 0.694384
283 0.694849
284 0.695574
285 0.696079
286 0.696633
287 0.69733
288 0.697716
289 0.698215
290 0.698659
291 0.699144
292 0.699887
293 0.700452
294 0.700927
295 0.701531
296 0.702148
297 0.702631
298 0.703077
299 0.703627
300 0.704154
301 0.704597
302 0.705038
303 0.705566
304 0.705933
305 0.706481
306 0.706997
307 0.707424
308 0.707894
309 0.708361
310 0.708877
311 0.709421
312 0.710004
313 0.710462
314 0.710945
315 0.711418
316 0.711728
317 0.712249
318 0.712534
319 0.713074
320 0.713628
321 0.713959
322 0.714434
323 0.71492
324 0.715514
325 0.715845
326 0.71635
327 0.716782
328 0.717385
329 0.717649
330 0.718153
331 0.718691
332 0.719269
333 0.719594
334 0.720042
335 0.720465
336 0.720882
337 0.721125
338 0.721587
339 0.722003
340 0.722484
341 0.722922
342 0.723347
343 0.723835
344 0.724119
345 0.724636
346 0.725056
347 0.725515
348 0.725933
349 0.726447
350 0.727068
351 0.727522
352 0.728021
353 0.72836
354 0.728804
355 0.729239
356 0.729564
357 0.73007
358 0.730516
359 0.730899
360 0.731391
361 0.731733
362 0.732046
363 0.732436
364 0.732962
365 0.733341
366 0.733602
367 0.733917
368 0.73427
369 0.734807
370 0.735179
371 0.735601
372 0.735868
373 0.73617
374 0.73639
375 0.736863
376 0.737233
377 0.73761
378 0.73793
379 0.738361
380 0.738772
381 0.739145
382 0.739362
383 0.739709
384 0.740091
385 0.740528
386 0.74087
387 0.741251
388 0.741539
389 0.742012
390 0.742307
391 0.74268
392 0.743091
393 0.743439
394 0.743924
395 0.744388
396 0.744677
397 0.744922
398 0.745194
399 0.745596
400 0.745884
