1 0.066573
2 0.066535
3 0.066566
4 0.066655
5 0.066409
6 0.066521
7 0.069133
8 0.072061
9 0.07455
10 0.076877
11 0.079666
12 0.081703
13 0.084316
14 0.086957
15 0.089763
16 0.092865
17 0.095827
18 0.099233
19 0.10138
20 0.104718
21 0.107544
22 0.110854
23 0.114094
24 0.117184
25 0.121335
26 0.124341
27 0.128383
28 0.131732
29 0.135226
30 0.1396
31 0.142301
32 0.146154
33 0.149241
34 0.154188
35 0.157361
36 0.161327
37 0.164945
38 0.168527
39 0.172762
40 0.176005
41 0.17956
42 0.183088
43 0.186975
44 0.190528
45 0.194015
46 0.19737
47 0.201237
48 0.204415
49 0.208167
50 0.210758
51 0.214632
52 0.217734
53 0.221148
54 0.223072
55 0.226277
56 0.229553
57 0.231864
58 0.235186
59 0.23832
60 0.240725
61 0.243423
62 0.246517
63 0.248904
64 0.251855
65 0.253769
66 0.256174
67 0.25844
68 0.260974
69 0.263232
70 0.265801
71 0.26764
72 0.27019
73 0.272123
74 0.274575
75 0.277115
76 0.279154
77 0.281549
78 0.28276
79 0.285092
80 0.28689
81 0.289518
82 0.290838
83 0.293286
84 0.29581
85 0.297435
86 0.299091
87 0.300862
88 0.302797
89 0.305116
90 0.30723
91 0.308647
92 0.310452
93 0.312642
94 0.314365
95 0.315987
96 0.317004
97 0.318874
98 0.321077
99 0.322527
100 0.324396
101 0.327135
102 0.328252
103 0.32938
104 0.331267
105 0.332807
106 0.33507
107 0.336798
108 0.337717
109 0.339043
110 0.341589
111 0.343217
112 0.344798
113 0.34608
114 0.347915
115 0.35004
116 0.351593
117 0.352763
118 0.35377
119 0.356164
120 0.357215
121 0.359042
122 0.360301
123 0.362367
124 0.363003
125 0.364404
126 0.367119
127 0.368392
128 0.369185
129 0.371292
130 0.372078
131 0.373249
132 0.375124
133 0.376719
134 0.377798
135 0.380266
136 0.380658
137 0.382079
138 0.384292
139 0.385332
140 0.387274
141 0.387951
142 0.389469
143 0.391246
144 0.391797
145 0.394218
146 0.394598
147 0.396184
148 0.397224
149 0.398778
150 0.400589
151 0.402127
152 0.402544
153 0.404429
154 0.40577
155 0.407059
156 0.408172
157 0.409799
158 0.41126
159 0.412157
160 0.412782
161 0.415557
162 0.416095
163 0.417033
164 0.41788
165 0.419404
166 0.421047
167 0.42169
168 0.423247
169 0.423777
170 0.42552
171 0.426325
172 0.428289
173 0.429644
174 0.430171
175 0.431785
176 0.433478
177 0.43361
178 0.434551
179 0.435723
180 0.437656
181 0.438577
182 0.439611
183 0.441532
184 0.442578
185 0.443097
186 0.443613
187 0.445107
188 0.446434
189 0.447003
190 0.448004
191 0.450086
192 0.450336
193 0.451355
194 0.451785
195 0.453821
196 0.455346
197 0.454649
198 0.456517
199 0.457972
200 0.459001
201 0.459358
202 0.460136
203 0.461772
204 0.46247
205 0.463707
206 0.465002
207 0.465937
208 0.467147
209 0.468418
210 0.46923
211 0.470094
212 0.471369
213 0.471907
214 0.472724
215 0.473526
216 0.474468
217 0.475226
218 0.476897
219 0.477765
220 0.478997
221 0.480006
222 0.479396
223 0.481672
224 0.482894
225 0.482771
226 0.484141
227 0.484769
228 0.485892
229 0.486127
230 0.487583
231 0.488122
232 0.489244
233 0.489595
234 0.491415
235 0.491676
236 0.492858
237 0.493707
238 0.493884
239 0.495243
240 0.496495
241 0.497443
242 0.49853
243 0.498809
244 0.498685
245 0.499931
246 0.500841
247 0.502739
248 0.502814
249 0.503718
250 0.504918
251 0.505535
252 0.506654
253 0.507069
254 0.50761
255 0.508973
256 0.509898
257 0.510097
258 0.510231
259 0.511391
260 0.512765
261 0.513021
262 0.514242
263 0.514477
264 0.515614
265 0.515889
266 0.517306
267 0.51793
268 0.519559
269 0.518999
270 0.519923
271 0.521109
272 0.52184
273 0.522218
274 0.523625
275 0.52408
276 0.524206
277 0.525659
278 0.526385
279 0.52677
280 0.527775
281 0.528515
282 0.529379
283 0.529598
284 0.530924
285 0.531633
286 0.531888
287 0.532352
288 0.53301
289 0.534055
290 0.534409
291 0.53576
292 0.536134
293 0.537409
294 0.537588
295 0.538134
296 0.539229
297 0.538992
298 0.540437
299 0.540705
300 0.541792
301 0.542053
302 0.542345
303 0.543241
304 0.543755
305 0.544036
306 0.544657
307 0.546497
308 0.546326
309 0.546759
310 0.547795
311 0.548503
312 0.548902
313 0.549873
314 0.550402
315 0.551008
316 0.550596
317 0.551898
318 0.553159
319 0.553593
320 0.55439
321 0.554473
322 0.555532
323 0.556401
324 0.556787
325 0.558143
326 0.557919
327 0.558229
328 0.558598
329 0.560666
330 0.560431
331 0.560147
332 0.561312
333 0.561888
334 0.562749
335 0.562685
336 0.563931
337 0.564547
338 0.564972
339 0.564614
340 0.565604
341 0.566126
342 0.567397
343 0.567555
344 0.567791
345 0.568896
346 0.569351
347 0.569347
348 0.570157
349 0.571388
350 0.572095
351 0.572992
352 0.572555
353 0.573089
354 0.574166
355 0.574216
356 0.575087
357 0.575067
358 0.575374
359 0.576178
360 0.577638
361 0.578495
362 0.578501
363 0.578836
364 0.579757
365 0.580226
366 0.58055
367 0.581079
368 0.581118
369 0.58202
370 0.582534
371 0.582714
372 0.583283
373 0.583464
374 0.584744
375 0.584662
376 0.585426
377 0.585973
378 0.586703
379 0.586776
380 0.587933
381 0.58773
382 0.588484
383 0.589153
384 0.589607
385 0.58981
386 0.590226
387 0.590866
388 0.591437
389 0.592098
390 0.592012
391 0.593851
392 0.594002
393 0.592896
394 0.59412
395 0.594337
396 0.595328
397 0.59546
398 0.595995
399 0.596821
400 0.596462
