1 0.499933
2 0.50025
3 0.499623
4 0.499642
5 0.500249
6 0.500284
7 0.49975
8 0.582906
9 0.597169
10 0.611641
11 0.620111
12 0.625
13 0.630082
14 0.632286
15 0.636005
16 0.636923
17 0.637471
18 0.638197
19 0.640057
20 0.640647
21 0.642163
22 0.642904
23 0.643549
24 0.644842
25 0.645028
26 0.642088
27 0.647669
28 0.645123
29 0.647017
30 0.648014
31 0.647968
32 0.646688
33 0.649915
34 0.647918
35 0.649544
36 0.649992
37 0.65039
38 0.65015
39 0.651719
40 0.650429
41 0.651587
42 0.65164
43 0.652045
44 0.651894
45 0.652736
46 0.65199
47 0.651984
48 0.654461
49 0.653033
50 0.652886
51 0.653399
52 0.654128
53 0.653632
54 0.653777
55 0.653809
56 0.653391
57 0.654688
58 0.655264
59 0.65453
60 0.655038
61 0.655378
62 0.654601
63 0.655581
64 0.656126
65 0.65565
66 0.655479
67 0.654764
68 0.655933
69 0.655608
70 0.656317
71 0.655899
72 0.655046
73 0.655711
74 0.655507
75 0.656499
76 0.656082
77 0.656548
78 0.656109
79 0.656597
80 0.656898
81 0.656525
82 0.656877
83 0.657249
84 0.656538
85 0.655853
86 0.6569
87 0.657456
88 0.657347
89 0.657314
90 0.657252
91 0.657845
92 0.657581
93 0.657395
94 0.657397
95 0.658007
96 0.65768
97 0.658548
98 0.657347
99 0.657868
100 0.659101
101 0.658063
102 0.658605
103 0.658582
104 0.65807
105 0.658865
106 0.658626
107 0.657809
108 0.657769
109 0.658754
110 0.658346
111 0.65824
112 0.658105
113 0.658091
114 0.657675
115 0.659022
116 0.659051
117 0.658361
118 0.659015
119 0.658717
120 0.658432
121 0.659257
122 0.65942
123 0.658804
124 0.65904
125 0.659342
126 0.660032
127 0.658462
128 0.659463
129 0.659606
130 0.659212
131 0.659658
132 0.659774
133 0.659497
134 0.65978
135 0.659855
136 0.659915
137 0.659102
138 0.659062
139 0.658662
140 0.659734
141 0.660069
142 0.659404
143 0.659723
144 0.660507
145 0.658103
146 0.65848
147 0.659215
148 0.659881
149 0.659719
150 0.659965
151 0.659897
152 0.659931
153 0.659251
154 0.660203
155 0.659512
156 0.660297
157 0.660179
158 0.660434
159 0.659635
160 0.659494
161 0.660416
162 0.660345
163 0.658911
164 0.660125
165 0.660494
166 0.660057
167 0.659942
168 0.660638
169 0.660344
170 0.660609
171 0.660572
172 0.660274
173 0.660468
174 0.660464
175 0.660928
176 0.660097
177 0.660854
178 0.659966
179 0.660141
180 0.66095
181 0.66061
182 0.660618
183 0.661508
184 0.660377
185 0.660952
186 0.660658
187 0.660433
188 0.66072
189 0.660576
190 0.661444
191 0.660496
192 0.660434
193 0.661016
194 0.660907
195 0.661026
196 0.660565
197 0.661202
198 0.660662
199 0.660406
200 0.660387
201 0.661184
202 0.661384
203 0.660759
204 0.661032
205 0.660923
206 0.660588
207 0.661532
208 0.661031
209 0.661496
210 0.660815
211 0.661055
212 0.660901
213 0.660457
214 0.66134
215 0.660171
216 0.661003
217 0.661758
218 0.660718
219 0.662016
220 0.661213
221 0.661672
222 0.661586
223 0.661575
224 0.660816
225 0.661162
226 0.661278
227 0.660728
228 0.661427
229 0.661229
230 0.660541
231 0.661073
232 0.661841
233 0.66133
234 0.661195
235 0.661773
236 0.661187
237 0.661258
238 0.661168
239 0.662172
240 0.66113
241 0.6618
242 0.66193
243 0.661792
244 0.661295
245 0.661425
246 0.661255
247 0.661156
248 0.661371
249 0.661494
250 0.661297
251 0.661833
252 0.661656
253 0.662251
254 0.660466
255 0.661854
256 0.662442
257 0.661674
258 0.66133
259 0.661955
260 0.661739
261 0.66128
262 0.661524
263 0.661712
264 0.662375
265 0.662604
266 0.662939
267 0.661704
268 0.662359
269 0.661788
270 0.662453
271 0.662051
272 0.662084
273 0.662396
274 0.661624
275 0.661904
276 0.661458
277 0.662282
278 0.662082
279 0.662135
280 0.662375
281 0.662037
282 0.661976
283 0.662133
284 0.661262
285 0.662225
286 0.662192
287 0.661829
288 0.661925
289 0.661978
290 0.661563
291 0.661723
292 0.662195
293 0.661984
294 0.661975
295 0.662034
296 0.661904
297 0.662985
298 0.662942
299 0.66145
300 0.66173
301 0.662585
302 0.662799
303 0.662695
304 0.662587
305 0.662484
306 0.662115
307 0.661834
308 0.662305
309 0.662696
310 0.661723
311 0.662429
312 0.662418
313 0.66231
314 0.662779
315 0.662511
316 0.662537
317 0.662467
318 0.663158
319 0.662734
320 0.662656
321 0.662126
322 0.662168
323 0.662638
324 0.662286
325 0.661952
326 0.663093
327 0.661979
328 0.662898
329 0.661863
330 0.662141
331 0.663014
332 0.662525
333 0.661988
334 0.662971
335 0.662701
336 0.663031
337 0.66234
338 0.662983
339 0.662679
340 0.662175
341 0.662907
342 0.661902
343 0.662216
344 0.662492
345 0.662461
346 0.661611
347 0.662609
348 0.662395
349 0.661821
350 0.663096
351 0.663229
352 0.662816
353 0.662506
354 0.662521
355 0.662621
356 0.662248
357 0.662137
358 0.662092
359 0.661875
360 0.662213
361 0.662538
362 0.662189
363 0.662855
364 0.66228
365 0.663287
366 0.662515
367 0.662739
368 0.663418
369 0.662563
370 0.662751
371 0.662532
372 0.662518
373 0.662862
374 0.663404
375 0.662232
376 0.662757
377 0.662056
378 0.662727
379 0.663585
380 0.662787
381 0.663319
382 0.663077
383 0.662906
384 0.662731
385 0.663108
386 0.663147
387 0.662852
388 0.662227
389 0.663519
390 0.662063
391 0.662795
392 0.663119
393 0.662655
394 0.663087
395 0.663351
396 0.662669
397 0.66326
398 0.662725
399 0.662866
400 0.66285
