1 0.500061
2 0.499682
3 0.499545
4 0.50005
5 0.499131
6 0.500133
7 0.500645
8 0.500719
9 0.499761
10 0.498781
11 0.499416
12 0.499909
13 0.50036
14 0.500201
15 0.49973
16 0.50038
17 0.500109
18 0.499909
19 0.499677
20 0.49896
21 0.500052
22 0.500293
23 0.499776
24 0.500578
25 0.499351
26 0.51497
27 0.516482
28 0.523731
29 0.523487
30 0.528099
31 0.527198
32 0.530623
33 0.531306
34 0.532779
35 0.534144
36 0.534939
37 0.534899
38 0.536899
39 0.536979
40 0.53754
41 0.538401
42 0.539531
43 0.538888
44 0.5393
45 0.539967
46 0.540962
47 0.540836
48 0.540925
49 0.541398
50 0.541961
51 0.547269
52 0.551114
53 0.552754
54 0.553469
55 0.556769
56 0.557199
57 0.558498
58 0.560162
59 0.560034
60 0.560708
61 0.562452
62 0.562715
63 0.565222
64 0.565417
65 0.56569
66 0.56632
67 0.566708
68 0.567134
69 0.567694
70 0.568303
71 0.568647
72 0.569434
73 0.569229
74 0.56934
75 0.569493
76 0.570687
77 0.572226
78 0.572484
79 0.57413
80 0.574216
81 0.576068
82 0.576164
83 0.575879
84 0.577284
85 0.578796
86 0.579845
87 0.579785
88 0.580059
89 0.580673
90 0.582
91 0.58163
92 0.581879
93 0.581762
94 0.58178
95 0.583636
96 0.583249
97 0.584056
98 0.58493
99 0.584138
100 0.58493
101 0.58505
102 0.585811
103 0.586719
104 0.585882
105 0.587114
106 0.586499
107 0.586947
108 0.587725
109 0.588283
110 0.587373
111 0.588329
112 0.587935
113 0.589228
114 0.588925
115 0.589428
116 0.589884
117 0.589689
118 0.589427
119 0.589904
120 0.59065
121 0.589241
122 0.589923
123 0.591341
124 0.591581
125 0.591696
126 0.5921
127 0.592057
128 0.592004
129 0.59061
130 0.59193
131 0.591929
132 0.592912
133 0.592985
134 0.593055
135 0.592842
136 0.592901
137 0.592898
138 0.592925
139 0.592623
140 0.593056
141 0.593157
142 0.593957
143 0.593747
144 0.593854
145 0.593729
146 0.594247
147 0.59415
148 0.594858
149 0.593883
150 0.594098
151 0.594842
152 0.594578
153 0.595169
154 0.594882
155 0.593884
156 0.595625
157 0.594928
158 0.595808
159 0.595231
160 0.594973
161 0.594608
162 0.596577
163 0.596305
164 0.59684
165 0.595686
166 0.595167
167 0.595687
168 0.59676
169 0.596902
170 0.596322
171 0.59683
172 0.596462
173 0.597345
174 0.596636
175 0.595999
176 0.596941
177 0.597146
178 0.597231
179 0.597617
180 0.598376
181 0.597455
182 0.597126
183 0.597593
184 0.597918
185 0.597836
186 0.597386
187 0.597779
188 0.597212
189 0.59735
190 0.598339
191 0.598418
192 0.597609
193 0.598022
194 0.597776
195 0.598178
196 0.597992
197 0.598387
198 0.598485
199 0.598419
200 0.598052
201 0.598769
202 0.598477
203 0.59891
204 0.598131
205 0.599157
206 0.598299
207 0.598497
208 0.598761
209 0.599027
210 0.59892
211 0.598614
212 0.598405
213 0.59933
214 0.598478
215 0.599102
216 0.60005
217 0.598915
218 0.599408
219 0.599208
220 0.600173
221 0.599828
222 0.599519
223 0.599386
224 0.599442
225 0.599625
226 0.599306
227 0.599634
228 0.600165
229 0.599736
230 0.600672
231 0.600382
232 0.600031
233 0.599963
234 0.599252
235 0.600073
236 0.600184
237 0.600894
238 0.600592
239 0.601342
240 0.60074
241 0.600418
242 0.600651
243 0.599581
244 0.600476
245 0.600134
246 0.600919
247 0.600959
248 0.599758
249 0.601078
250 0.600498
251 0.599606
252 0.60086
253 0.600397
254 0.600122
255 0.600388
256 0.600945
257 0.601712
258 0.601234
259 0.601675
260 0.600575
261 0.600226
262 0.601676
263 0.601806
264 0.601701
265 0.601523
266 0.601183
267 0.601197
268 0.601268
269 0.600762
270 0.602036
271 0.600622
272 0.600446
273 0.600591
274 0.601905
275 0.601098
276 0.601584
277 0.601172
278 0.601235
279 0.60138
280 0.601592
281 0.601814
282 0.601469
283 0.602456
284 0.60114
285 0.601405
286 0.601296
287 0.601937
288 0.601838
289 0.601878
290 0.601786
291 0.602244
292 0.601583
293 0.601547
294 0.602437
295 0.602313
296 0.601417
297 0.602408
298 0.601542
299 0.602498
300 0.60113
301 0.601371
302 0.602515
303 0.602768
304 0.602344
305 0.601806
306 0.603127
307 0.602902
308 0.601575
309 0.602276
310 0.602227
311 0.60288
312 0.602275
313 0.602452
314 0.601825
315 0.602685
316 0.602457
317 0.603263
318 0.602812
319 0.602503
320 0.602538
321 0.602456
322 0.602517
323 0.60116
324 0.602184
325 0.602904
326 0.602591
327 0.602792
328 0.602455
329 0.603273
330 0.602462
331 0.602153
332 0.602792
333 0.603055
334 0.602632
335 0.602548
336 0.602869
337 0.603229
338 0.602559
339 0.602338
340 0.603128
341 0.602385
342 0.603321
343 0.602724
344 0.602779
345 0.603816
346 0.602488
347 0.603872
348 0.602825
349 0.603407
350 0.603179
351 0.602684
352 0.602928
353 0.603218
354 0.603092
355 0.602795
356 0.60343
357 0.603998
358 0.602686
359 0.604069
360 0.603574
361 0.602509
362 0.603271
363 0.602944
364 0.603849
365 0.603179
366 0.603128
367 0.603157
368 0.602695
369 0.60312
370 0.603436
371 0.603591
372 0.603594
373 0.604171
374 0.60262
375 0.603567
376 0.603457
377 0.603147
378 0.603262
379 0.602351
380 0.603665
381 0.603901
382 0.604554
383 0.604112
384 0.603454
385 0.603396
386 0.603884
387 0.603819
388 0.602913
389 0.603732
390 0.603631
391 0.60395
392 0.603051
393 0.60254
394 0.60369
395 0.603799
396 0.604035
397 0.603516
398 0.603725
399 0.603806
400 0.603601
