1 0.333506
2 0.333506
3 0.333506
4 0.333506
5 0.333506
6 0.333506
7 0.333506
8 0.333506
9 0.333506
10 0.333506
11 0.333506
12 0.333506
13 0.333506
14 0.333506
15 0.333506
16 0.333506
17 0.333506
18 0.333506
19 0.333506
20 0.333506
21 0.333506
22 0.333506
23 0.333506
24 0.333506
25 0.333506
26 0.388738
27 0.386358
28 0.412253
29 0.409209
30 0.426749
31 0.42327
32 0.437922
33 0.434607
34 0.446765
35 0.442857
36 0.452638
37 0.448652
38 0.458254
39 0.455527
40 0.462852
41 0.459678
42 0.467555
43 0.463743
44 0.470166
45 0.467946
46 0.473517
47 0.470769
48 0.476135
49 0.473925
50 0.478666
51 0.50234
52 0.515157
53 0.524135
54 0.532337
55 0.537945
56 0.545088
57 0.549033
58 0.554326
59 0.561769
60 0.564968
61 0.569319
62 0.571915
63 0.575994
64 0.579151
65 0.582077
66 0.584149
67 0.588165
68 0.589835
69 0.592057
70 0.593056
71 0.596614
72 0.597674
73 0.600393
74 0.601202
75 0.603704
76 0.608226
77 0.614032
78 0.619158
79 0.62484
80 0.628129
81 0.633043
82 0.636975
83 0.640857
84 0.64552
85 0.648603
86 0.6523
87 0.655428
88 0.657517
89 0.661768
90 0.663487
91 0.667363
92 0.669947
93 0.67211
94 0.674728
95 0.677428
96 0.679574
97 0.682123
98 0.68342
99 0.685744
100 0.687415
101 0.689392
102 0.69175
103 0.693676
104 0.695194
105 0.697497
106 0.699646
107 0.701098
108 0.702287
109 0.704305
110 0.706275
111 0.707898
112 0.709234
113 0.711386
114 0.712732
115 0.714426
116 0.716496
117 0.717543
118 0.718094
119 0.720187
120 0.72174
121 0.722736
122 0.724449
123 0.725446
124 0.726305
125 0.728021
126 0.728999
127 0.730015
128 0.731459
129 0.731683
130 0.734124
131 0.734238
132 0.7354
133 0.73735
134 0.738468
135 0.739633
136 0.739987
137 0.739917
138 0.742149
139 0.743479
140 0.743681
141 0.745109
142 0.745387
143 0.746998
144 0.747845
145 0.749097
146 0.749433
147 0.749753
148 0.751638
149 0.752163
150 0.752825
151 0.754117
152 0.754055
153 0.75584
154 0.755977
155 0.756901
156 0.757302
157 0.758527
158 0.759686
159 0.760451
160 0.761173
161 0.762043
162 0.762395
163 0.763308
164 0.764373
165 0.764746
166 0.765542
167 0.765649
168 0.766577
169 0.767957
170 0.767965
171 0.768269
172 0.769019
173 0.769991
174 0.770647
175 0.771896
176 0.772375
177 0.772629
178 0.772674
179 0.774101
180 0.774985
181 0.775496
182 0.775018
183 0.777089
184 0.777628
185 0.777614
186 0.778317
187 0.778788
188 0.779471
189 0.779611
190 0.77993
191 0.780993
192 0.78101
193 0.782784
194 0.7821
195 0.783789
196 0.783656
197 0.7843
198 0.785809
199 0.785233
200 0.786544
201 0.78659
202 0.787313
203 0.787437
204 0.787827
205 0.78767
206 0.787994
207 0.789615
208 0.789809
209 0.790953
210 0.790396
211 0.791166
212 0.792286
213 0.791885
214 0.793082
215 0.793545
216 0.79352
217 0.793589
218 0.794473
219 0.794816
220 0.795567
221 0.796107
222 0.796227
223 0.796129
224 0.797301
225 0.797499
226 0.797748
227 0.798937
228 0.799024
229 0.798683
230 0.80043
231 0.800595
232 0.800144
233 0.801002
234 0.801641
235 0.802109
236 0.802251
237 0.801829
238 0.803106
239 0.803073
240 0.803526
241 0.803521
242 0.804305
243 0.805084
244 0.805036
245 0.805717
246 0.805793
247 0.806047
248 0.806416
249 0.807473
250 0.807437
251 0.80796
252 0.808483
253 0.80838
254 0.809151
255 0.809754
256 0.809419
257 0.809924
258 0.810355
259 0.810562
260 0.810607
261 0.811237
262 0.81146
263 0.811572
264 0.812348
265 0.812774
266 0.812534
267 0.812926
268 0.812928
269 0.813729
270 0.814203
271 0.814554
272 0.81427
273 0.814697
274 0.815275
275 0.815676
276 0.816116
277 0.815878
278 0.816462
279 0.816412
280 0.816591
281 0.816903
282 0.817543
283 0.818023
284 0.818285
285 0.818134
286 0.818295
287 0.819003
288 0.819108
289 0.819498
290 0.820133
291 0.81995
292 0.820825
293 0.820654
294 0.821264
295 0.821448
296 0.821563
297 0.821663
298 0.822374
299 0.821924
300 0.822054
301 0.822937
302 0.822945
303 0.822983
304 0.8236
305 0.823532
306 0.824555
307 0.824707
308 0.824546
309 0.825399
310 0.825319
311 0.825296
312 0.825529
313 0.825793
314 0.826761
315 0.82669
316 0.826675
317 0.826644
318 0.82671
319 0.827843
320 0.827884
321 0.827389
322 0.828491
323 0.828079
324 0.828597
325 0.828447
326 0.82894
327 0.830088
328 0.829948
329 0.829569
330 0.829954
331 0.830075
332 0.830644
333 0.830536
334 0.830729
335 0.830559
336 0.83172
337 0.831623
338 0.831822
339 0.832209
340 0.832422
341 0.832865
342 0.832611
343 0.83294
344 0.833624
345 0.833598
346 0.832802
347 0.833741
348 0.834176
349 0.834843
350 0.834533
351 0.833781
352 0.83503
353 0.834694
354 0.83475
355 0.834668
356 0.835795
357 0.835406
358 0.835306
359 0.836056
360 0.836297
361 0.836418
362 0.836198
363 0.837195
364 0.83753
365 0.837536
366 0.836827
367 0.837766
368 0.837916
369 0.837999
370 0.838081
371 0.838694
372 0.838933
373 0.838335
374 0.839168
375 0.839226
376 0.839464
377 0.839505
378 0.839971
379 0.839794
380 0.84019
381 0.840074
382 0.840449
383 0.841547
384 0.840967
385 0.84117
386 0.841044
387 0.841202
388 0.841369
389 0.841895
390 0.841858
391 0.842879
392 0.84219
393 0.842801
394 0.84278
395 0.843244
396 0.842889
397 0.842342
398 0.843174
399 0.843103
400 0.843643
