1 0.143026
2 0.218528
3 0.133852
4 0.186429
5 0.128271
6 0.168852
7 0.124244
8 0.157759
9 0.121048
10 0.149638
11 0.118636
12 0.143578
13 0.11653
14 0.138698
15 0.115103
16 0.135023
17 0.113639
18 0.131832
19 0.11233
20 0.129206
21 0.111417
22 0.12673
23 0.11059
24 0.124612
25 0.109696
26 0.0847443
27 0.08583
28 0.0726052
29 0.0717827
30 0.0662867
31 0.0654246
32 0.0625758
33 0.0608072
34 0.058643
35 0.0578494
36 0.05638
37 0.0553623
38 0.0539185
39 0.0529557
40 0.0523068
41 0.0514168
42 0.0506962
43 0.0500679
44 0.0493974
45 0.0483224
46 0.0474094
47 0.0470727
48 0.0461505
49 0.0458813
50 0.0451223
51 0.0433486
52 0.042827
53 0.0412591
54 0.0403913
55 0.039066
56 0.0384089
57 0.0374403
58 0.0366846
59 0.0354782
60 0.0349605
61 0.0341636
62 0.0338613
63 0.0331106
64 0.0324751
65 0.031965
66 0.0315301
67 0.0308663
68 0.0304141
69 0.0298645
70 0.0294401
71 0.0290284
72 0.0287242
73 0.0280924
74 0.0279712
75 0.027584
76 0.0270278
77 0.026873
78 0.0263835
79 0.0259957
80 0.0257165
81 0.0254726
82 0.0250817
83 0.0247025
84 0.024304
85 0.0240383
86 0.0236377
87 0.0235192
88 0.0232875
89 0.0229708
90 0.0226737
91 0.0224133
92 0.022153
93 0.0219373
94 0.0216926
95 0.0214641
96 0.0212442
97 0.021035
98 0.0208615
99 0.0207102
100 0.0204532
101 0.0202703
102 0.0200634
103 0.0198474
104 0.0196877
105 0.0195424
106 0.0192456
107 0.0191306
108 0.0189603
109 0.0188325
110 0.0186226
111 0.0184461
112 0.0183639
113 0.0180805
114 0.0180022
115 0.0178574
116 0.0176525
117 0.0176209
118 0.0174497
119 0.0172915
120 0.0171166
121 0.0170295
122 0.0169109
123 0.0167984
124 0.016693
125 0.0165476
126 0.0164387
127 0.0163573
128 0.0162083
129 0.0161159
130 0.0159268
131 0.015903
132 0.01583
133 0.0156482
134 0.0155019
135 0.0154237
136 0.0153257
137 0.0153064
138 0.0151667
139 0.0149849
140 0.0149294
141 0.0148708
142 0.014769
143 0.0146481
144 0.0145721
145 0.0144575
146 0.0143949
147 0.014399
148 0.0142064
149 0.014125
150 0.0140447
151 0.0139595
152 0.0139791
153 0.0137865
154 0.0137464
155 0.013673
156 0.0135867
157 0.0135291
158 0.0134001
159 0.0133228
160 0.0132693
161 0.0131585
162 0.0131494
163 0.0130591
164 0.0129698
165 0.0129293
166 0.0128452
167 0.012821
168 0.0127739
169 0.0126221
170 0.012635
171 0.0125834
172 0.0125051
173 0.0124495
174 0.012381
175 0.0122958
176 0.0121873
177 0.0121801
178 0.012131
179 0.0120392
180 0.0119433
181 0.0119266
182 0.0119107
183 0.0118021
184 0.0117597
185 0.0117218
186 0.0116452
187 0.0116314
188 0.0115369
189 0.0115482
190 0.0114964
191 0.0114172
192 0.0113953
193 0.0112925
194 0.0112729
195 0.011159
196 0.0111082
197 0.0111298
198 0.0110358
199 0.0110432
200 0.0109516
201 0.0109257
202 0.0108942
203 0.0108379
204 0.010807
205 0.0107723
206 0.0107265
207 0.0106251
208 0.0106154
209 0.0105207
210 0.010505
211 0.0105131
212 0.0104178
213 0.010444
214 0.010329
215 0.0102864
216 0.010274
217 0.0102718
218 0.010183
219 0.0101727
220 0.0101063
221 0.0100156
222 0.0100166
223 0.0100364
224 0.00998222
225 0.00990017
226 0.00988946
227 0.00983341
228 0.00978639
229 0.00978234
230 0.0096856
231 0.00968054
232 0.00970641
233 0.00963337
234 0.00960021
235 0.00955684
236 0.00951137
237 0.00954524
238 0.00950132
239 0.00941796
240 0.00940211
241 0.00939624
242 0.00936844
243 0.00926449
244 0.00927658
245 0.00923464
246 0.00920723
247 0.0092094
248 0.00915649
249 0.0090916
250 0.00906386
251 0.00904917
252 0.00898572
253 0.00900984
254 0.00893806
255 0.00891257
256 0.00887855
257 0.0088503
258 0.00886237
259 0.00881924
260 0.00880927
261 0.0087773
262 0.00870624
263 0.00870523
264 0.00865872
265 0.00862063
266 0.00863444
267 0.00858538
268 0.00860571
269 0.00852909
270 0.00848734
271 0.00847462
272 0.00845797
273 0.00844909
274 0.00840649
275 0.00834547
276 0.00831316
277 0.0083289
278 0.00830938
279 0.00830554
280 0.00829403
281 0.00825686
282 0.00823715
283 0.00814668
284 0.0081698
285 0.00817186
286 0.00813549
287 0.00811307
288 0.00807277
289 0.00806568
290 0.00800421
291 0.00804353
292 0.00792584
293 0.0079346
294 0.00793149
295 0.007881
296 0.00789166
297 0.00789366
298 0.00782075
299 0.00779807
300 0.00781756
301 0.00776806
302 0.00778186
303 0.00778964
304 0.00772917
305 0.00769701
306 0.00763117
307 0.00762613
308 0.00764899
309 0.00760811
310 0.00757766
311 0.00757091
312 0.00758497
313 0.00753874
314 0.00746541
315 0.00746989
316 0.007475
317 0.00748496
318 0.00743559
319 0.00740913
320 0.00736185
321 0.00740159
322 0.00731822
323 0.00734447
324 0.00733497
325 0.00732568
326 0.00729121
327 0.00722073
328 0.00721443
329 0.00719717
330 0.00720991
331 0.00718956
332 0.00715795
333 0.00716898
334 0.00714101
335 0.0071443
336 0.00705324
337 0.00707833
338 0.00704695
339 0.00702274
340 0.00702587
341 0.00700319
342 0.0070036
343 0.00697423
344 0.00695426
345 0.00694551
346 0.00694061
347 0.00689736
348 0.00692687
349 0.00685414
350 0.00685789
351 0.00691098
352 0.00682769
353 0.00683575
354 0.00684059
355 0.00682098
356 0.00676529
357 0.00676734
358 0.00677521
359 0.00675919
360 0.0067354
361 0.00668988
362 0.00668842
363 0.00666972
364 0.00662759
365 0.00663563
366 0.0066565
367 0.00663168
368 0.00659753
369 0.00658368
370 0.00659445
371 0.00654654
372 0.00652237
373 0.0065323
374 0.00651875
375 0.00648391
376 0.00647165
377 0.00648204
378 0.00642372
379 0.00645079
380 0.00640112
381 0.00641839
382 0.00640126
383 0.00636504
384 0.00636117
385 0.00634359
386 0.00635907
387 0.00633653
388 0.00633486
389 0.00629557
390 0.00628645
391 0.00624036
392 0.0062978
393 0.00625141
394 0.00623657
395 0.00620117
396 0.00620512
397 0.0062348
398 0.00621246
399 0.00620829
400 0.00616049
