1 0.499553
2 0.499495
3 0.499772
4 0.499552
5 0.501084
6 0.500416
7 0.499592
8 0.500196
9 0.499779
10 0.500079
11 0.531157
12 0.532895
13 0.532224
14 0.53443
15 0.5323
16 0.533394
17 0.536013
18 0.540386
19 0.545245
20 0.549197
21 0.553613
22 0.560928
23 0.563764
24 0.567882
25 0.570179
26 0.574856
27 0.574929
28 0.578418
29 0.576982
30 0.577841
31 0.579265
32 0.579362
33 0.578377
34 0.57846
35 0.577634
36 0.576355
37 0.575398
38 0.573653
39 0.573658
40 0.572543
41 0.570386
42 0.570972
43 0.571183
44 0.570362
45 0.571186
46 0.569704
47 0.569144
48 0.568931
49 0.56941
50 0.569076
51 0.569907
52 0.568972
53 0.569386
54 0.568829
55 0.569136
56 0.56678
57 0.56702
58 0.567752
59 0.567647
60 0.568571
61 0.567612
62 0.567452
63 0.567163
64 0.567835
65 0.567638
66 0.569067
67 0.56825
68 0.569237
69 0.569436
70 0.569335
71 0.57227
72 0.572439
73 0.57303
74 0.573767
75 0.575056
76 0.576533
77 0.576983
78 0.577922
79 0.580269
80 0.58177
81 0.58166
82 0.582803
83 0.585099
84 0.585503
85 0.587055
86 0.587959
87 0.58935
88 0.589821
89 0.592098
90 0.592072
91 0.593889
92 0.595179
93 0.595764
94 0.597852
95 0.597722
96 0.598175
97 0.600323
98 0.60093
99 0.603264
100 0.602674
101 0.603449
102 0.604022
103 0.605159
104 0.605612
105 0.607965
106 0.608235
107 0.608144
108 0.609421
109 0.609408
110 0.609661
111 0.610196
112 0.611966
113 0.611329
114 0.611426
115 0.612885
116 0.612815
117 0.613198
118 0.614096
119 0.615776
120 0.615048
121 0.61477
122 0.615607
123 0.615878
124 0.616445
125 0.617605
126 0.617201
127 0.617357
128 0.617516
129 0.617764
130 0.618261
131 0.618765
132 0.617978
133 0.619127
134 0.62009
135 0.619946
136 0.619307
137 0.619981
138 0.619809
139 0.619907
140 0.620452
141 0.619561
142 0.620514
143 0.620993
144 0.620371
145 0.621014
146 0.622432
147 0.621456
148 0.621602
149 0.622203
150 0.622554
151 0.622062
152 0.623105
153 0.623231
154 0.623318
155 0.623074
156 0.623516
157 0.623136
158 0.623075
159 0.623681
160 0.624386
161 0.624484
162 0.625198
163 0.62389
164 0.624318
165 0.625297
166 0.624487
167 0.624561
168 0.625283
169 0.624896
170 0.625271
171 0.625792
172 0.626152
173 0.625491
174 0.626096
175 0.626151
176 0.626507
177 0.626727
178 0.626835
179 0.625803
180 0.626602
181 0.627458
182 0.626638
183 0.627359
184 0.627706
185 0.62834
186 0.628767
187 0.628232
188 0.627558
189 0.627998
190 0.628072
191 0.628787
192 0.627795
193 0.629094
194 0.628087
195 0.628962
196 0.628475
197 0.628574
198 0.629003
199 0.629202
200 0.629329
201 0.629295
202 0.629425
203 0.630381
204 0.630913
205 0.630448
206 0.630584
207 0.630407
208 0.630291
209 0.630891
210 0.630302
211 0.630581
212 0.631667
213 0.630656
214 0.631285
215 0.631197
216 0.632133
217 0.631707
218 0.632454
219 0.633377
220 0.631976
221 0.632653
222 0.632517
223 0.632634
224 0.633243
225 0.63254
226 0.633133
227 0.633182
228 0.633645
229 0.633949
230 0.633825
231 0.634053
232 0.634231
233 0.633409
234 0.633159
235 0.634718
236 0.634767
237 0.633785
238 0.634837
239 0.635139
240 0.63522
241 0.636854
242 0.635519
243 0.635252
244 0.635085
245 0.636292
246 0.635141
247 0.636029
248 0.6363
249 0.636635
250 0.635653
251 0.636354
252 0.636487
253 0.636741
254 0.637116
255 0.637272
256 0.637657
257 0.63782
258 0.637205
259 0.637248
260 0.637751
261 0.638868
262 0.638119
263 0.638063
264 0.637682
265 0.638149
266 0.637471
267 0.638688
268 0.63869
269 0.639774
270 0.639102
271 0.638979
272 0.639568
273 0.639749
274 0.640168
275 0.639942
276 0.64018
277 0.640397
278 0.639695
279 0.640195
280 0.640579
281 0.641367
282 0.640158
283 0.640256
284 0.640591
285 0.640896
286 0.641822
287 0.641939
288 0.641887
289 0.641457
290 0.641608
291 0.642202
292 0.641271
293 0.642512
294 0.642735
295 0.642355
296 0.643133
297 0.642664
298 0.643278
299 0.64254
300 0.642642
301 0.643538
302 0.643083
303 0.643846
304 0.642739
305 0.643798
306 0.643425
307 0.643897
308 0.642924
309 0.643711
310 0.64415
311 0.643984
312 0.644241
313 0.644737
314 0.644832
315 0.644449
316 0.645086
317 0.645486
318 0.644682
319 0.645146
320 0.645953
321 0.644807
322 0.645538
323 0.645767
324 0.646017
325 0.645991
326 0.645871
327 0.646571
328 0.646679
329 0.646511
330 0.646548
331 0.64718
332 0.647123
333 0.647232
334 0.647042
335 0.647333
336 0.64725
337 0.646977
338 0.6477
339 0.647249
340 0.64718
341 0.647694
342 0.647784
343 0.647948
344 0.649336
345 0.648281
346 0.647821
347 0.649053
348 0.648473
349 0.648639
350 0.649592
351 0.649215
352 0.648881
353 0.648878
354 0.649252
355 0.648726
356 0.649731
357 0.649815
358 0.649344
359 0.648284
360 0.65045
361 0.650083
362 0.649959
363 0.650024
364 0.650201
365 0.650995
366 0.649842
367 0.650461
368 0.65102
369 0.65009
370 0.651631
371 0.650753
372 0.650734
373 0.651011
374 0.651069
375 0.650713
376 0.651247
377 0.652066
378 0.651527
379 0.651589
380 0.651254
381 0.651272
382 0.651487
383 0.652055
384 0.652141
385 0.652318
386 0.652492
387 0.651679
388 0.652004
389 0.651534
390 0.652704
391 0.653339
392 0.652857
393 0.653328
394 0.653313
395 0.654283
396 0.653117
397 0.653199
398 0.652893
399 0.653933
400 0.65266
