1 0.099973
2 0.100059
3 0.0998962
4 0.0999405
5 0.100055
6 0.100083
7 0.100034
8 0.100029
9 0.0999962
10 0.100041
11 0.103778
12 0.10719
13 0.110064
14 0.112629
15 0.114796
16 0.116692
17 0.118735
18 0.120915
19 0.123364
20 0.125908
21 0.128771
22 0.131875
23 0.135133
24 0.138468
25 0.141858
26 0.145223
27 0.148552
28 0.151794
29 0.154893
30 0.1579
31 0.160759
32 0.163511
33 0.16603
34 0.168469
35 0.170806
36 0.172922
37 0.174822
38 0.176662
39 0.17838
40 0.179905
41 0.181398
42 0.182795
43 0.184128
44 0.185385
45 0.186621
46 0.187762
47 0.188841
48 0.189892
49 0.19094
50 0.191925
51 0.192885
52 0.193842
53 0.194745
54 0.195608
55 0.196427
56 0.197233
57 0.198002
58 0.198726
59 0.199444
60 0.200128
61 0.200794
62 0.20142
63 0.202088
64 0.202669
65 0.20329
66 0.203839
67 0.204431
68 0.204991
69 0.205576
70 0.206171
71 0.206744
72 0.207334
73 0.20792
74 0.20854
75 0.209182
76 0.20982
77 0.210476
78 0.211165
79 0.211865
80 0.212577
81 0.213329
82 0.21408
83 0.214829
84 0.215636
85 0.216445
86 0.217294
87 0.218137
88 0.219009
89 0.21986
90 0.220806
91 0.221732
92 0.222635
93 0.223533
94 0.224527
95 0.225473
96 0.226441
97 0.227406
98 0.228411
99 0.229399
100 0.230409
101 0.23143
102 0.232436
103 0.233474
104 0.234488
105 0.235553
106 0.236562
107 0.2376
108 0.238636
109 0.239668
110 0.240687
111 0.241718
112 0.242751
113 0.243754
114 0.244808
115 0.245821
116 0.246831
117 0.247869
118 0.248844
119 0.249846
120 0.250852
121 0.251856
122 0.252856
123 0.253845
124 0.254831
125 0.255798
126 0.256774
127 0.257738
128 0.258692
129 0.259668
130 0.260614
131 0.261552
132 0.262496
133 0.263417
134 0.264349
135 0.265267
136 0.266184
137 0.2671
138 0.268007
139 0.268899
140 0.269798
141 0.270684
142 0.271556
143 0.272437
144 0.273299
145 0.274148
146 0.275014
147 0.275887
148 0.276737
149 0.277563
150 0.278403
151 0.279243
152 0.280056
153 0.28088
154 0.281704
155 0.282512
156 0.283323
157 0.28412
158 0.284917
159 0.285714
160 0.286502
161 0.287282
162 0.288063
163 0.288837
164 0.289593
165 0.290363
166 0.291127
167 0.291882
168 0.292626
169 0.293367
170 0.294111
171 0.294869
172 0.2956
173 0.296326
174 0.297048
175 0.297766
176 0.298479
177 0.299193
178 0.299917
179 0.300608
180 0.30131
181 0.302009
182 0.302704
183 0.303388
184 0.304066
185 0.304744
186 0.305424
187 0.306089
188 0.306758
189 0.307425
190 0.308083
191 0.30874
192 0.309393
193 0.310049
194 0.310694
195 0.31136
196 0.311969
197 0.312609
198 0.313237
199 0.313857
200 0.314487
201 0.315112
202 0.315731
203 0.316351
204 0.316964
205 0.317633
206 0.318203
207 0.318811
208 0.319417
209 0.320015
210 0.320625
211 0.321219
212 0.321805
213 0.322399
214 0.322991
215 0.323583
216 0.324164
217 0.324754
218 0.325327
219 0.325903
220 0.326482
221 0.327055
222 0.327626
223 0.328195
224 0.328758
225 0.329318
226 0.329879
227 0.330442
228 0.330985
229 0.331546
230 0.332099
231 0.332649
232 0.333196
233 0.333745
234 0.334295
235 0.334834
236 0.335372
237 0.335919
238 0.336458
239 0.336996
240 0.337531
241 0.338036
242 0.33859
243 0.339117
244 0.339648
245 0.34017
246 0.340687
247 0.341205
248 0.341729
249 0.342244
250 0.342761
251 0.343273
252 0.343785
253 0.344295
254 0.344802
255 0.345309
256 0.345818
257 0.34633
258 0.346829
259 0.347324
260 0.347827
261 0.34832
262 0.348819
263 0.349313
264 0.349807
265 0.350298
266 0.350787
267 0.35128
268 0.351759
269 0.352246
270 0.352731
271 0.353213
272 0.353697
273 0.354199
274 0.354653
275 0.355134
276 0.355613
277 0.35609
278 0.356566
279 0.357039
280 0.357518
281 0.357989
282 0.358463
283 0.358933
284 0.359404
285 0.359873
286 0.360339
287 0.360806
288 0.361271
289 0.361734
290 0.362196
291 0.36266
292 0.363123
293 0.363566
294 0.36403
295 0.364491
296 0.364949
297 0.365403
298 0.365858
299 0.366312
300 0.366761
301 0.367211
302 0.367666
303 0.368115
304 0.36856
305 0.369008
306 0.369451
307 0.369889
308 0.370338
309 0.370782
310 0.371222
311 0.371663
312 0.372101
313 0.37254
314 0.372977
315 0.373431
316 0.373845
317 0.374283
318 0.374714
319 0.375147
320 0.375576
321 0.376006
322 0.376434
323 0.376863
324 0.377282
325 0.377711
326 0.378137
327 0.378561
328 0.378984
329 0.379409
330 0.379835
331 0.380253
332 0.38068
333 0.381099
334 0.381516
335 0.381935
336 0.382353
337 0.38277
338 0.383183
339 0.383595
340 0.384009
341 0.384397
342 0.384856
343 0.385258
344 0.385669
345 0.386079
346 0.386489
347 0.386898
348 0.387306
349 0.387711
350 0.388117
351 0.388524
352 0.388925
353 0.389329
354 0.38973
355 0.390132
356 0.390537
357 0.390932
358 0.391334
359 0.391733
360 0.392132
361 0.392531
362 0.392919
363 0.393316
364 0.393714
365 0.394104
366 0.394501
367 0.394893
368 0.395286
369 0.39568
370 0.396068
371 0.396457
372 0.396849
373 0.397231
374 0.397619
375 0.398005
376 0.398392
377 0.398776
378 0.399162
379 0.399545
380 0.399927
381 0.400315
382 0.400691
383 0.401072
384 0.401452
385 0.401832
386 0.402209
387 0.402586
388 0.402961
389 0.403337
390 0.403717
391 0.404086
392 0.404461
393 0.404834
394 0.40521
395 0.405579
396 0.405948
397 0.406314
398 0.406683
399 0.407054
400 0.40742
