1 0.0980259
2 0.121849
3 0.13247
4 0.148123
5 0.159703
6 0.171772
7 0.181083
8 0.191171
9 0.199283
10 0.208089
11 0.215501
12 0.222595
13 0.228638
14 0.235581
15 0.242493
16 0.248882
17 0.256333
18 0.262255
19 0.269505
20 0.275013
21 0.281055
22 0.286887
23 0.291921
24 0.297088
25 0.302274
26 0.307742
27 0.31264
28 0.317623
29 0.322296
30 0.327335
31 0.331453
32 0.335778
33 0.340297
34 0.344416
35 0.347586
36 0.351669
37 0.355368
38 0.359584
39 0.362706
40 0.366807
41 0.36998
42 0.373606
43 0.376908
44 0.380064
45 0.38357
46 0.385981
47 0.389721
48 0.392363
49 0.396524
50 0.399547
51 0.401563
52 0.405245
53 0.40715
54 0.410472
55 0.413708
56 0.41622
57 0.419088
58 0.422595
59 0.424905
60 0.42767
61 0.430795
62 0.432781
63 0.435222
64 0.438047
65 0.440223
66 0.442091
67 0.444935
68 0.447028
69 0.45021
70 0.45195
71 0.454663
72 0.455323
73 0.458529
74 0.460369
75 0.462062
76 0.464715
77 0.465914
78 0.468234
79 0.469496
80 0.471435
81 0.473621
82 0.475245
83 0.477293
84 0.479411
85 0.480031
86 0.482437
87 0.483472
88 0.485549
89 0.486358
90 0.488414
91 0.489672
92 0.492092
93 0.493138
94 0.495228
95 0.496728
96 0.497473
97 0.500063
98 0.500365
99 0.501286
100 0.50462
101 0.504926
102 0.506338
103 0.507561
104 0.509023
105 0.510128
106 0.512463
107 0.51284
108 0.514087
109 0.515367
110 0.517546
111 0.518451
112 0.51989
113 0.521238
114 0.521624
115 0.524023
116 0.524553
117 0.525321
118 0.527206
119 0.52837
120 0.529009
121 0.531506
122 0.532498
123 0.533044
124 0.535234
125 0.536636
126 0.537287
127 0.538403
128 0.540856
129 0.540179
130 0.54188
131 0.543841
132 0.545039
133 0.545333
134 0.545938
135 0.548004
136 0.548984
137 0.549937
138 0.551263
139 0.551557
140 0.553095
141 0.554095
142 0.554986
143 0.555712
144 0.55714
145 0.557563
146 0.559648
147 0.560332
148 0.56035
149 0.562007
150 0.563324
151 0.563809
152 0.564812
153 0.565809
154 0.566081
155 0.567411
156 0.568347
157 0.568757
158 0.569759
159 0.570438
160 0.571587
161 0.573452
162 0.573475
163 0.574145
164 0.575099
165 0.576337
166 0.576801
167 0.577807
168 0.579161
169 0.579425
170 0.579846
171 0.58082
172 0.582141
173 0.582373
174 0.583557
175 0.583755
176 0.585165
177 0.586366
178 0.585594
179 0.587142
180 0.587184
181 0.58823
182 0.589361
183 0.58922
184 0.589862
185 0.591258
186 0.592893
187 0.592712
188 0.59358
189 0.593881
190 0.594319
191 0.596025
192 0.595613
193 0.596809
194 0.59706
195 0.598094
196 0.598838
197 0.59954
198 0.600568
199 0.601058
200 0.600995
201 0.601376
202 0.602578
203 0.602755
204 0.604244
205 0.604698
206 0.60587
207 0.605233
208 0.606295
209 0.607038
210 0.608126
211 0.608616
212 0.608745
213 0.609386
214 0.609754
215 0.610768
216 0.61076
217 0.61158
218 0.612622
219 0.613219
220 0.613673
221 0.614432
222 0.614725
223 0.614927
224 0.615355
225 0.615846
226 0.616673
227 0.617436
228 0.617308
229 0.618704
230 0.619219
231 0.619931
232 0.619525
233 0.620676
234 0.620242
235 0.622723
236 0.622473
237 0.622351
238 0.623054
239 0.62408
240 0.625452
241 0.624994
242 0.625644
243 0.625979
244 0.62682
245 0.627343
246 0.628374
247 0.627634
248 0.628838
249 0.629222
250 0.630164
251 0.630449
252 0.631177
253 0.631482
254 0.632626
255 0.633034
256 0.633717
257 0.634371
258 0.634959
259 0.634615
260 0.636045
261 0.636418
262 0.637323
263 0.63751
264 0.637603
265 0.638038
266 0.638984
267 0.639451
268 0.639603
269 0.639662
270 0.640733
271 0.641223
272 0.642277
273 0.641699
274 0.642534
275 0.643414
276 0.643317
277 0.643807
278 0.644394
279 0.644344
280 0.645252
281 0.645414
282 0.645728
283 0.646193
284 0.646944
285 0.646403
286 0.647717
287 0.64827
288 0.648634
289 0.649065
290 0.649298
291 0.649607
292 0.64999
293 0.651208
294 0.651663
295 0.651661
296 0.652594
297 0.651706
298 0.652214
299 0.653291
300 0.653497
301 0.654066
302 0.654904
303 0.655151
304 0.654972
305 0.655559
306 0.655774
307 0.656949
308 0.656618
309 0.657431
310 0.65809
311 0.657384
312 0.6576
313 0.658201
314 0.65849
315 0.659669
316 0.659481
317 0.660415
318 0.661061
319 0.660448
320 0.661771
321 0.661997
322 0.662157
323 0.661681
324 0.662494
325 0.663488
326 0.663231
327 0.664034
328 0.664622
329 0.664081
330 0.665922
331 0.665451
332 0.665825
333 0.666333
334 0.665933
335 0.667208
336 0.666659
337 0.667614
338 0.667967
339 0.667888
340 0.668092
341 0.668918
342 0.669257
343 0.66973
344 0.670475
345 0.66963
346 0.670015
347 0.670008
348 0.670657
349 0.670865
350 0.671715
351 0.671994
352 0.671513
353 0.673018
354 0.672699
355 0.673214
356 0.674562
357 0.67419
358 0.674299
359 0.674723
360 0.674451
361 0.675535
362 0.675909
363 0.676301
364 0.675183
365 0.676849
366 0.676483
367 0.677067
368 0.677821
369 0.678112
370 0.678294
371 0.679345
372 0.678823
373 0.679702
374 0.679725
375 0.67973
376 0.679987
377 0.680204
378 0.680727
379 0.68101
380 0.68133
381 0.681375
382 0.6818
383 0.681591
384 0.682661
385 0.683053
386 0.682401
387 0.682949
388 0.683267
389 0.684093
390 0.684808
391 0.684739
392 0.685222
393 0.684832
394 0.685102
395 0.685647
396 0.685229
397 0.686353
398 0.686535
399 0.686592
400 0.686804
