1 0.573362
2 0.573434
3 0.603893
4 0.608954
5 0.630044
6 0.634885
7 0.650919
8 0.654909
9 0.668774
10 0.669968
11 0.682043
12 0.682778
13 0.69415
14 0.694592
15 0.704875
16 0.704844
17 0.712923
18 0.713982
19 0.721766
20 0.723896
21 0.728948
22 0.731637
23 0.736854
24 0.739013
25 0.743002
26 0.743864
27 0.749796
28 0.750105
29 0.754679
30 0.756086
31 0.7592
32 0.761183
33 0.763562
34 0.765217
35 0.768327
36 0.769727
37 0.771923
38 0.773567
39 0.775499
40 0.777075
41 0.778716
42 0.781072
43 0.781949
44 0.78357
45 0.78542
46 0.787326
47 0.787981
48 0.789146
49 0.790583
50 0.792014
51 0.793382
52 0.794752
53 0.794941
54 0.797039
55 0.798165
56 0.798447
57 0.79999
58 0.801077
59 0.802283
60 0.802831
61 0.803968
62 0.8052
63 0.805988
64 0.807194
65 0.80833
66 0.808752
67 0.810064
68 0.810497
69 0.81156
70 0.812501
71 0.813492
72 0.8144
73 0.814581
74 0.816153
75 0.81679
76 0.817172
77 0.818397
78 0.819149
79 0.820223
80 0.820602
81 0.821654
82 0.821733
83 0.82307
84 0.823014
85 0.824107
86 0.824685
87 0.825077
88 0.825693
89 0.826545
90 0.827159
91 0.827743
92 0.828438
93 0.829552
94 0.829733
95 0.830374
96 0.830979
97 0.831385
98 0.832143
99 0.83232
100 0.833108
101 0.833592
102 0.833847
103 0.834467
104 0.836377
105 0.835685
106 0.836784
107 0.837133
108 0.837932
109 0.837719
110 0.838764
111 0.839806
112 0.839219
113 0.839922
114 0.840551
115 0.840922
116 0.841368
117 0.841896
118 0.842531
119 0.842374
120 0.843286
121 0.843996
122 0.844607
123 0.844938
124 0.844994
125 0.844954
126 0.845551
127 0.846009
128 0.846767
129 0.84748
130 0.8471
131 0.847769
132 0.848521
133 0.848732
134 0.848975
135 0.849687
136 0.849753
137 0.850577
138 0.850748
139 0.851336
140 0.851393
141 0.85161
142 0.852572
143 0.852475
144 0.852809
145 0.852969
146 0.853569
147 0.854407
148 0.854557
149 0.854716
150 0.854893
151 0.855851
152 0.855861
153 0.856187
154 0.856146
155 0.856302
156 0.857135
157 0.857257
158 0.857615
159 0.858523
160 0.858169
161 0.858285
162 0.85882
163 0.858927
164 0.859095
165 0.859871
166 0.860681
167 0.86042
168 0.860844
169 0.860988
170 0.861975
171 0.861444
172 0.861614
173 0.862386
174 0.862376
175 0.862689
176 0.862921
177 0.862824
178 0.863633
179 0.863806
180 0.864412
181 0.86413
182 0.864671
183 0.864972
184 0.865363
185 0.865056
186 0.865628
187 0.865916
188 0.865821
189 0.866027
190 0.86597
191 0.866903
192 0.866983
193 0.867456
194 0.867329
195 0.867838
196 0.868503
197 0.868365
198 0.868431
199 0.869508
200 0.869181
201 0.869534
202 0.869909
203 0.869529
204 0.870186
205 0.870234
206 0.870673
207 0.871357
208 0.870398
209 0.870942
210 0.871848
211 0.871438
212 0.871937
213 0.871848
214 0.872548
215 0.87323
216 0.872533
217 0.873236
218 0.873486
219 0.873091
220 0.873647
221 0.873681
222 0.873839
223 0.873845
224 0.87441
225 0.874121
226 0.874638
227 0.87503
228 0.875122
229 0.875458
230 0.875614
231 0.875598
232 0.875584
233 0.876396
234 0.876718
235 0.876352
236 0.876738
237 0.876881
238 0.877654
239 0.877695
240 0.87781
241 0.877988
242 0.877832
243 0.877914
244 0.878098
245 0.878375
246 0.878829
247 0.878713
248 0.879308
249 0.879426
250 0.879423
251 0.879331
252 0.879674
253 0.879223
254 0.87978
255 0.880003
256 0.880208
257 0.88035
258 0.880919
259 0.880868
260 0.881469
261 0.881129
262 0.881391
263 0.881538
264 0.881535
265 0.881363
266 0.882169
267 0.881853
268 0.881877
269 0.882393
270 0.883052
271 0.882819
272 0.883164
273 0.882813
274 0.883001
275 0.883545
276 0.883533
277 0.88385
278 0.883707
279 0.88378
280 0.884636
281 0.884098
282 0.884602
283 0.88468
284 0.884712
285 0.884749
286 0.88577
287 0.885207
288 0.885854
289 0.885674
290 0.885894
291 0.885921
292 0.88616
293 0.886165
294 0.886376
295 0.886423
296 0.88627
297 0.886879
298 0.886998
299 0.886755
300 0.887756
301 0.887049
302 0.887108
303 0.887507
304 0.887539
305 0.887429
306 0.888137
307 0.887808
308 0.888407
309 0.888163
310 0.888524
311 0.888713
312 0.888257
313 0.888662
314 0.888991
315 0.889389
316 0.888951
317 0.889287
318 0.889714
319 0.889506
320 0.889594
321 0.889635
322 0.890117
323 0.890036
324 0.890442
325 0.890218
326 0.89036
327 0.890788
328 0.890701
329 0.890897
330 0.890402
331 0.890912
332 0.891323
333 0.891729
334 0.891685
335 0.891237
336 0.891663
337 0.891843
338 0.892049
339 0.891771
340 0.891912
341 0.892237
342 0.892496
343 0.89252
344 0.892341
345 0.892472
346 0.892671
347 0.892961
348 0.893339
349 0.893398
350 0.893026
351 0.893487
352 0.893354
353 0.893818
354 0.893678
355 0.894116
356 0.894272
357 0.894458
358 0.894377
359 0.894558
360 0.894616
361 0.894441
362 0.89479
363 0.895263
364 0.894827
365 0.894934
366 0.894508
367 0.895352
368 0.895168
369 0.895779
370 0.895289
371 0.896089
372 0.895754
373 0.895672
374 0.896025
375 0.895938
376 0.89647
377 0.896337
378 0.895956
379 0.896587
380 0.896168
381 0.896974
382 0.896707
383 0.896792
384 0.89725
385 0.89726
386 0.897121
387 0.897536
388 0.897425
389 0.897134
390 0.897599
391 0.897304
392 0.897738
393 0.897955
394 0.897786
395 0.898244
396 0.898203
397 0.898082
398 0.898573
399 0.898766
400 0.898607
