1 0.0733145
2 0.0733145
3 0.0733145
4 0.0734395
5 0.0733645
6 0.0733979
7 0.0733859
8 0.0734083
9 0.0734534
10 0.0734144
11 0.0734282
12 0.0734395
13 0.0734492
14 0.0734395
15 0.0734312
16 0.0734395
17 0.0734175
18 0.0734395
19 0.0734198
20 0.073427
21 0.0734217
22 0.073451
23 0.0734558
24 0.0734499
25 0.0734245
26 0.0727925
27 0.0721915
28 0.0713896
29 0.0706024
30 0.0697018
31 0.0688546
32 0.0679291
33 0.0670957
34 0.0661944
35 0.0653753
36 0.0644902
37 0.063623
38 0.0627798
39 0.0620115
40 0.0611788
41 0.0604217
42 0.0596405
43 0.0589025
44 0.0581798
45 0.0574838
46 0.0567305
47 0.0561095
48 0.0554251
49 0.0547543
50 0.0541098
51 0.0535367
52 0.0528743
53 0.052356
54 0.051764
55 0.0512027
56 0.0506428
57 0.0500916
58 0.0495618
59 0.0490412
60 0.048566
61 0.0480791
62 0.0475433
63 0.0471194
64 0.0466648
65 0.0462237
66 0.0457713
67 0.0453374
68 0.0449023
69 0.0445314
70 0.0440696
71 0.0437161
72 0.0433329
73 0.0429273
74 0.0425407
75 0.0421986
76 0.041865
77 0.04152
78 0.0411841
79 0.040801
80 0.0404867
81 0.0401536
82 0.0398959
83 0.0395294
84 0.0392736
85 0.0389236
86 0.0386191
87 0.0383805
88 0.0380973
89 0.037844
90 0.0375318
91 0.0372388
92 0.0369916
93 0.0367394
94 0.0365263
95 0.0362238
96 0.0359653
97 0.0357263
98 0.0354616
99 0.0352678
100 0.0350077
101 0.0348066
102 0.0345662
103 0.0343163
104 0.0341285
105 0.0339143
106 0.0336835
107 0.0334841
108 0.0333014
109 0.0330902
110 0.0328863
111 0.032679
112 0.03251
113 0.032304
114 0.0321324
115 0.0319186
116 0.0317574
117 0.0315672
118 0.031384
119 0.0312484
120 0.0310513
121 0.0308752
122 0.0306674
123 0.0304904
124 0.0303229
125 0.0302517
126 0.0300565
127 0.0298837
128 0.0297047
129 0.0295629
130 0.0294251
131 0.0292646
132 0.0290838
133 0.0289699
134 0.028823
135 0.0287009
136 0.0285352
137 0.0283897
138 0.0282607
139 0.0281314
140 0.0279517
141 0.0278451
142 0.0277267
143 0.0275906
144 0.0274651
145 0.0273474
146 0.0272193
147 0.0270615
148 0.0269249
149 0.0268093
150 0.0267041
151 0.0265666
152 0.0264807
153 0.026358
154 0.0262986
155 0.0261341
156 0.0260127
157 0.0258714
158 0.02577
159 0.0256491
160 0.0255792
161 0.0254428
162 0.0253441
163 0.025257
164 0.0251634
165 0.0250573
166 0.0249029
167 0.0248186
168 0.0247166
169 0.0246008
170 0.0245403
171 0.0244353
172 0.0243031
173 0.0242307
174 0.0241511
175 0.0240452
176 0.0239526
177 0.023877
178 0.0237406
179 0.0237033
180 0.0235899
181 0.0235083
182 0.0234139
183 0.0233173
184 0.0232697
185 0.0231724
186 0.0230593
187 0.0230168
188 0.0228993
189 0.0228307
190 0.0227579
191 0.0226594
192 0.0226142
193 0.0225
194 0.0224441
195 0.0223639
196 0.0222396
197 0.0221951
198 0.022127
199 0.0220098
200 0.0219415
201 0.0218363
202 0.0217935
203 0.0217451
204 0.0216795
205 0.0215766
206 0.0215138
207 0.0214323
208 0.0213749
209 0.0213108
210 0.0212003
211 0.0211538
212 0.0210958
213 0.021054
214 0.0209258
215 0.0208779
216 0.0208443
217 0.0207493
218 0.0206764
219 0.0206247
220 0.0205545
221 0.0204889
222 0.0204184
223 0.020386
224 0.0202874
225 0.0202594
226 0.0201932
227 0.0201035
228 0.020075
229 0.0199559
230 0.0199535
231 0.0198683
232 0.0198361
233 0.0197628
234 0.0196873
235 0.0196458
236 0.0195705
237 0.0195461
238 0.0194748
239 0.0194141
240 0.0193393
241 0.0192928
242 0.019243
243 0.0192078
244 0.0191409
245 0.0191159
246 0.0190105
247 0.0189785
248 0.018919
249 0.0188534
250 0.0188126
251 0.018799
252 0.0186948
253 0.0186882
254 0.0185968
255 0.0185342
256 0.0184914
257 0.0184689
258 0.0184045
259 0.0183859
260 0.0183122
261 0.0182495
262 0.018201
263 0.0181662
264 0.0181184
265 0.0180781
266 0.0180029
267 0.0179689
268 0.0179385
269 0.0178828
270 0.017834
271 0.0177809
272 0.0177374
273 0.0177221
274 0.0176548
275 0.017638
276 0.0175763
277 0.0175492
278 0.0174743
279 0.0174278
280 0.0173782
281 0.0173532
282 0.0173128
283 0.0172553
284 0.0172179
285 0.0171572
286 0.0171194
287 0.0171127
288 0.0170431
289 0.0170041
290 0.0169414
291 0.0169091
292 0.016867
293 0.0168537
294 0.0168163
295 0.0167631
296 0.0167481
297 0.0167066
298 0.0166427
299 0.0166388
300 0.016552
301 0.0165699
302 0.0165086
303 0.0164398
304 0.0164225
305 0.0164023
306 0.0163353
307 0.0163128
308 0.0162798
309 0.0162558
310 0.0161875
311 0.016185
312 0.0161438
313 0.0160932
314 0.0160781
315 0.015989
316 0.015998
317 0.0159351
318 0.0159265
319 0.0158912
320 0.0158505
321 0.0158069
322 0.0157635
323 0.0157606
324 0.0156875
325 0.0156676
326 0.0156418
327 0.0155946
328 0.0155604
329 0.0155341
330 0.0155103
331 0.0154587
332 0.0154403
333 0.0153842
334 0.0153773
335 0.0153591
336 0.0153363
337 0.0152882
338 0.0152482
339 0.0152358
340 0.0152112
341 0.0151623
342 0.0151176
343 0.0150727
344 0.0150799
345 0.0150205
346 0.0150108
347 0.0149832
348 0.0149546
349 0.0149179
350 0.0148688
351 0.01487
352 0.0148353
353 0.0148009
354 0.0147563
355 0.0147223
356 0.0146832
357 0.0146594
358 0.014644
359 0.0146154
360 0.0145607
361 0.0145633
362 0.0145461
363 0.0144848
364 0.0145004
365 0.0144567
366 0.0144307
367 0.0143609
368 0.0143576
369 0.0143228
370 0.0143262
371 0.0142742
372 0.0142506
373 0.0142472
374 0.014214
375 0.0141607
376 0.0141419
377 0.0141111
378 0.0141063
379 0.0140484
380 0.0140575
381 0.0140342
382 0.0139946
383 0.0139763
384 0.0139351
385 0.0139113
386 0.0139195
387 0.0138515
388 0.0138383
389 0.0138377
390 0.0137773
391 0.0137668
392 0.013748
393 0.013712
394 0.0137065
395 0.0136818
396 0.0136457
397 0.0136081
398 0.0135865
399 0.0135614
400 0.0135437
