1 0.500804
2 0.500194
3 0.500376
4 0.499749
5 0.499946
6 0.499946
7 0.500025
8 0.500025
9 0.499946
10 0.500108
11 0.499503
12 0.499039
13 0.500108
14 0.500445
15 0.500434
16 0.49997
17 0.499834
18 0.499529
19 0.500819
20 0.500819
21 0.500063
22 0.499879
23 0.500375
24 0.500375
25 0.501225
26 0.516856
27 0.516208
28 0.524599
29 0.524485
30 0.530061
31 0.530141
32 0.533153
33 0.534647
34 0.537671
35 0.536522
36 0.539696
37 0.540336
38 0.542147
39 0.541619
40 0.5432
41 0.543966
42 0.545771
43 0.545851
44 0.547934
45 0.547229
46 0.548625
47 0.548375
48 0.549523
49 0.550303
50 0.550894
51 0.550867
52 0.550741
53 0.551585
54 0.553149
55 0.552689
56 0.553601
57 0.553617
58 0.554623
59 0.554269
60 0.555928
61 0.553614
62 0.554943
63 0.555394
64 0.555182
65 0.555819
66 0.55642
67 0.556082
68 0.556597
69 0.556517
70 0.558262
71 0.557308
72 0.557435
73 0.558062
74 0.558336
75 0.558559
76 0.558347
77 0.558627
78 0.559474
79 0.558843
80 0.55915
81 0.559045
82 0.559806
83 0.559393
84 0.559928
85 0.559654
86 0.559267
87 0.560778
88 0.560389
89 0.560125
90 0.559882
91 0.560443
92 0.560508
93 0.561029
94 0.561216
95 0.561446
96 0.561021
97 0.561463
98 0.561407
99 0.561097
100 0.561525
101 0.561448
102 0.562232
103 0.56273
104 0.562073
105 0.5622
106 0.561596
107 0.562321
108 0.56212
109 0.562136
110 0.563455
111 0.562265
112 0.563531
113 0.563203
114 0.56298
115 0.563589
116 0.56271
117 0.56337
118 0.562655
119 0.562983
120 0.56299
121 0.563523
122 0.563109
123 0.563693
124 0.564143
125 0.563027
126 0.564233
127 0.563325
128 0.563994
129 0.563999
130 0.563292
131 0.564307
132 0.564151
133 0.564021
134 0.563698
135 0.564176
136 0.564413
137 0.564784
138 0.564978
139 0.564473
140 0.564058
141 0.564785
142 0.565039
143 0.565011
144 0.565294
145 0.565401
146 0.564677
147 0.564842
148 0.564815
149 0.564448
150 0.564413
151 0.565276
152 0.565488
153 0.564759
154 0.565286
155 0.565365
156 0.565206
157 0.564888
158 0.565132
159 0.565312
160 0.564902
161 0.565599
162 0.565493
163 0.565352
164 0.565925
165 0.56612
166 0.565871
167 0.56544
168 0.565347
169 0.56562
170 0.566085
171 0.565543
172 0.566068
173 0.565645
174 0.565958
175 0.565816
176 0.565598
177 0.566687
178 0.56598
179 0.566102
180 0.565823
181 0.566934
182 0.566214
183 0.566305
184 0.566152
185 0.566314
186 0.566148
187 0.565976
188 0.566146
189 0.566844
190 0.567037
191 0.565996
192 0.567261
193 0.566322
194 0.567789
195 0.56642
196 0.567011
197 0.565529
198 0.567113
199 0.566731
200 0.566036
201 0.566484
202 0.566943
203 0.567159
204 0.566596
205 0.566136
206 0.566637
207 0.568247
208 0.567207
209 0.566067
210 0.56739
211 0.566549
212 0.567411
213 0.567246
214 0.567697
215 0.568747
216 0.567034
217 0.567289
218 0.567738
219 0.567443
220 0.566908
221 0.5673
222 0.567381
223 0.567621
224 0.567487
225 0.566759
226 0.567718
227 0.568355
228 0.567201
229 0.567339
230 0.56809
231 0.56796
232 0.567668
233 0.567386
234 0.566641
235 0.567151
236 0.567797
237 0.56856
238 0.56792
239 0.568207
240 0.566364
241 0.566936
242 0.568127
243 0.567527
244 0.568274
245 0.567436
246 0.567694
247 0.567043
248 0.567972
249 0.567818
250 0.567185
251 0.567127
252 0.567553
253 0.566747
254 0.568126
255 0.567531
256 0.566447
257 0.567586
258 0.568722
259 0.568121
260 0.56825
261 0.568145
262 0.567753
263 0.567482
264 0.567382
265 0.568226
266 0.568442
267 0.568012
268 0.567934
269 0.568852
270 0.568462
271 0.568418
272 0.568134
273 0.568451
274 0.56794
275 0.568364
276 0.568262
277 0.56834
278 0.568302
279 0.567832
280 0.567468
281 0.568837
282 0.567992
283 0.56841
284 0.568851
285 0.568684
286 0.568994
287 0.569362
288 0.567585
289 0.56782
290 0.568127
291 0.568482
292 0.567463
293 0.568989
294 0.568749
295 0.568448
296 0.568501
297 0.568537
298 0.568488
299 0.567918
300 0.568662
301 0.568564
302 0.568688
303 0.568092
304 0.56779
305 0.569467
306 0.568088
307 0.569049
308 0.568684
309 0.568016
310 0.568606
311 0.5686
312 0.568129
313 0.568832
314 0.568482
315 0.569182
316 0.568261
317 0.568416
318 0.568882
319 0.568336
320 0.568633
321 0.568599
322 0.568466
323 0.569551
324 0.568628
325 0.569024
326 0.568197
327 0.569165
328 0.568973
329 0.568732
330 0.568037
331 0.568289
332 0.568883
333 0.56966
334 0.56902
335 0.568084
336 0.569688
337 0.568971
338 0.568556
339 0.569195
340 0.568765
341 0.568507
342 0.569213
343 0.568963
344 0.568672
345 0.568304
346 0.569068
347 0.569031
348 0.569709
349 0.569757
350 0.569443
351 0.569176
352 0.568809
353 0.569189
354 0.569473
355 0.569722
356 0.56931
357 0.569438
358 0.569445
359 0.570106
360 0.569134
361 0.568803
362 0.568971
363 0.570252
364 0.568774
365 0.56895
366 0.569338
367 0.568508
368 0.568626
369 0.569176
370 0.569905
371 0.568874
372 0.569573
373 0.569638
374 0.570142
375 0.568814
376 0.569492
377 0.56959
378 0.569964
379 0.569594
380 0.569338
381 0.569318
382 0.569013
383 0.569567
384 0.569869
385 0.570212
386 0.568742
387 0.568736
388 0.569433
389 0.569819
390 0.569808
391 0.569172
392 0.568747
393 0.569231
394 0.570275
395 0.569341
396 0.569722
397 0.57076
398 0.568675
399 0.569251
400 0.569651
