1 0.0733145
2 0.0733145
3 0.0733145
4 0.0735646
5 0.0733145
6 0.0733145
7 0.0733145
8 0.0733145
9 0.0733145
10 0.0733145
11 0.0735646
12 0.0735646
13 0.0733145
14 0.0733145
15 0.0735646
16 0.0735646
17 0.0733145
18 0.0733145
19 0.0733145
20 0.0733145
21 0.0733145
22 0.0735646
23 0.0735646
24 0.0735646
25 0.0733145
26 0.0567413
27 0.0566544
28 0.0491192
29 0.0489528
30 0.0437259
31 0.0436971
32 0.0395366
33 0.039776
34 0.0364812
35 0.0365585
36 0.0338397
37 0.0337194
38 0.0315399
39 0.0316533
40 0.029631
41 0.0295737
42 0.0279334
43 0.0278959
44 0.0263722
45 0.0264275
46 0.0249989
47 0.0250983
48 0.0238573
49 0.0238294
50 0.0226844
51 0.0226445
52 0.0216815
53 0.0217317
54 0.0210143
55 0.0207994
56 0.020182
57 0.0200369
58 0.0194876
59 0.0193088
60 0.0188582
61 0.0186656
62 0.0181586
63 0.0180842
64 0.0177019
65 0.0175395
66 0.0172071
67 0.0170365
68 0.0167052
69 0.0166529
70 0.016267
71 0.0161408
72 0.0158922
73 0.0157128
74 0.01542
75 0.0153442
76 0.0151284
77 0.0150053
78 0.0148079
79 0.0146177
80 0.0144625
81 0.0143243
82 0.014204
83 0.0139589
84 0.0138799
85 0.0137088
86 0.013561
87 0.013513
88 0.013363
89 0.0131947
90 0.0130679
91 0.0129475
92 0.0127992
93 0.0126917
94 0.0126159
95 0.0124688
96 0.0123447
97 0.0122723
98 0.0121191
99 0.0120341
100 0.0119062
101 0.0118557
102 0.0117234
103 0.0116502
104 0.0114555
105 0.0114233
106 0.011275
107 0.0112319
108 0.0111386
109 0.0111246
110 0.0109518
111 0.0109042
112 0.0108522
113 0.0107309
114 0.0106625
115 0.0105666
116 0.0105015
117 0.0104061
118 0.0103131
119 0.0103319
120 0.0101844
121 0.0101781
122 0.0100103
123 0.00993653
124 0.00988012
125 0.00988505
126 0.0098021
127 0.00972968
128 0.00961139
129 0.00961581
130 0.00955925
131 0.00952689
132 0.00936728
133 0.00934406
134 0.00928859
135 0.00924671
136 0.00916347
137 0.00910642
138 0.00904222
139 0.00899136
140 0.00892696
141 0.00893278
142 0.00887773
143 0.0087946
144 0.00873877
145 0.00876285
146 0.00866572
147 0.00859982
148 0.00855332
149 0.00848285
150 0.00848167
151 0.00837686
152 0.00837399
153 0.008309
154 0.00833089
155 0.00825247
156 0.00820476
157 0.00815567
158 0.00811015
159 0.00803152
160 0.00806029
161 0.00799078
162 0.00793201
163 0.00794883
164 0.00792385
165 0.00785592
166 0.00776708
167 0.00775004
168 0.00769718
169 0.00766501
170 0.00763683
171 0.00764026
172 0.0075513
173 0.00752992
174 0.00751881
175 0.0074828
176 0.00744647
177 0.00744142
178 0.00734145
179 0.00737763
180 0.00727784
181 0.00726434
182 0.00724195
183 0.00722332
184 0.00719811
185 0.0071749
186 0.00711622
187 0.0070996
188 0.00707578
189 0.00705685
190 0.00703084
191 0.00698025
192 0.00696613
193 0.00688124
194 0.00691001
195 0.00687537
196 0.00681197
197 0.00680006
198 0.00679413
199 0.00671805
200 0.00675091
201 0.00667074
202 0.00666535
203 0.00668262
204 0.00662182
205 0.00660282
206 0.0065565
207 0.00653025
208 0.00653554
209 0.00651949
210 0.00646755
211 0.00642502
212 0.00643255
213 0.00643106
214 0.00636229
215 0.00632061
216 0.00635883
217 0.00628438
218 0.00627512
219 0.00626909
220 0.00622185
221 0.00622843
222 0.00619165
223 0.00621345
224 0.00617109
225 0.00616003
226 0.00613133
227 0.00607869
228 0.00608016
229 0.00600177
230 0.006042
231 0.00599778
232 0.00602448
233 0.00596377
234 0.00592505
235 0.00593891
236 0.0058875
237 0.00593304
238 0.0058284
239 0.00582468
240 0.00581095
241 0.0057974
242 0.00579475
243 0.00580834
244 0.00577918
245 0.0057555
246 0.00570314
247 0.00572504
248 0.00566641
249 0.00564334
250 0.0056399
251 0.00565714
252 0.0056087
253 0.00563887
254 0.00560585
255 0.00555733
256 0.00554853
257 0.00554386
258 0.00549945
259 0.00552614
260 0.00548765
261 0.00544957
262 0.00544669
263 0.00543522
264 0.00542545
265 0.00543591
266 0.0053933
267 0.00538405
268 0.00539841
269 0.00534691
270 0.00533275
271 0.00530731
272 0.0052856
273 0.00528916
274 0.00528375
275 0.0052703
276 0.00523203
277 0.00524795
278 0.00521231
279 0.00520939
280 0.00514302
281 0.00519068
282 0.00516168
283 0.00513967
284 0.00512406
285 0.00512489
286 0.00507415
287 0.00511893
288 0.00505282
289 0.00504277
290 0.00503484
291 0.00501822
292 0.00498787
293 0.00500577
294 0.00500606
295 0.0049774
296 0.00498968
297 0.00495755
298 0.00494194
299 0.00495318
300 0.00486027
301 0.00491617
302 0.00492219
303 0.00487002
304 0.00486667
305 0.00489674
306 0.00483539
307 0.00485043
308 0.00483267
309 0.00482361
310 0.00479822
311 0.0048148
312 0.00480591
313 0.00476424
314 0.0047561
315 0.0047181
316 0.00474703
317 0.00470159
318 0.00469707
319 0.00469761
320 0.00469806
321 0.00468103
322 0.00464437
323 0.00466896
324 0.00461867
325 0.0046436
326 0.00460905
327 0.00459593
328 0.00459699
329 0.00458254
330 0.00458769
331 0.0045572
332 0.00456185
333 0.00452766
334 0.00452039
335 0.00453797
336 0.00454673
337 0.00451981
338 0.00448006
339 0.00448966
340 0.00452178
341 0.00448424
342 0.00446058
343 0.00442881
344 0.00446595
345 0.00443556
346 0.00444438
347 0.00440277
348 0.00440281
349 0.00438808
350 0.00438356
351 0.0044029
352 0.00437681
353 0.00435072
354 0.00432968
355 0.00432569
356 0.00430739
357 0.00431351
358 0.00430868
359 0.00430814
360 0.00427082
361 0.00427638
362 0.00426585
363 0.00423202
364 0.00426323
365 0.00425471
366 0.0042593
367 0.00421349
368 0.00421847
369 0.00419993
370 0.00422869
371 0.00418303
372 0.0041806
373 0.00420717
374 0.00417196
375 0.00416644
376 0.00415067
377 0.00414085
378 0.00416756
379 0.00412683
380 0.00412052
381 0.00412125
382 0.00409121
383 0.0040987
384 0.00408537
385 0.00407467
386 0.00408045
387 0.00404094
388 0.00405477
389 0.00405361
390 0.00403945
391 0.004048
392 0.00403582
393 0.00401265
394 0.00401432
395 0.0040123
396 0.00398804
397 0.00397616
398 0.00397388
399 0.00395125
400 0.00396253
