1 0.50031
2 0.50031
3 0.50031
4 0.5
5 0.500186
6 0.500103
7 0.500133
8 0.500077
9 0.499966
10 0.500062
11 0.500028
12 0.5
13 0.499976
14 0.5
15 0.500021
16 0.5
17 0.500055
18 0.5
19 0.500049
20 0.500031
21 0.500044
22 0.499972
23 0.49996
24 0.499974
25 0.500037
26 0.502819
27 0.505444
28 0.509057
29 0.512536
30 0.516642
31 0.520501
32 0.524685
33 0.528447
34 0.532577
35 0.536374
36 0.540418
37 0.54447
38 0.548456
39 0.552029
40 0.556066
41 0.559495
42 0.563305
43 0.566682
44 0.570082
45 0.573567
46 0.577258
47 0.580212
48 0.583557
49 0.586775
50 0.590082
51 0.592649
52 0.596146
53 0.598369
54 0.601634
55 0.604452
56 0.607011
57 0.609719
58 0.612426
59 0.615134
60 0.617533
61 0.620016
62 0.622832
63 0.624915
64 0.627243
65 0.629586
66 0.632031
67 0.634148
68 0.636418
69 0.638279
70 0.640855
71 0.642568
72 0.644681
73 0.6468
74 0.648736
75 0.650493
76 0.652132
77 0.654141
78 0.655894
79 0.657935
80 0.65974
81 0.661554
82 0.662809
83 0.664764
84 0.666039
85 0.667961
86 0.669642
87 0.670778
88 0.672453
89 0.67355
90 0.675505
91 0.677083
92 0.67842
93 0.679896
94 0.681036
95 0.682643
96 0.683923
97 0.685356
98 0.686834
99 0.687846
100 0.689362
101 0.690521
102 0.691782
103 0.693021
104 0.694517
105 0.695347
106 0.69659
107 0.697952
108 0.698846
109 0.70008
110 0.701319
111 0.702747
112 0.703256
113 0.704582
114 0.70532
115 0.706728
116 0.707504
117 0.708712
118 0.709578
119 0.710328
120 0.711617
121 0.712845
122 0.713899
123 0.715057
124 0.715754
125 0.716293
126 0.71725
127 0.718243
128 0.71945
129 0.720473
130 0.720913
131 0.721962
132 0.723004
133 0.723812
134 0.724587
135 0.725356
136 0.726367
137 0.727307
138 0.727822
139 0.728789
140 0.729729
141 0.730412
142 0.731241
143 0.731659
144 0.732644
145 0.733211
146 0.73424
147 0.735225
148 0.736001
149 0.7364
150 0.737229
151 0.738168
152 0.738555
153 0.739386
154 0.739718
155 0.740552
156 0.741387
157 0.742324
158 0.742809
159 0.743715
160 0.743912
161 0.744939
162 0.745522
163 0.745924
164 0.746427
165 0.747346
166 0.748653
167 0.748708
168 0.749225
169 0.750085
170 0.75094
171 0.750989
172 0.751654
173 0.752637
174 0.752934
175 0.753494
176 0.754105
177 0.754483
178 0.755459
179 0.755682
180 0.756403
181 0.756658
182 0.757494
183 0.758111
184 0.758473
185 0.758885
186 0.759508
187 0.760093
188 0.760539
189 0.761054
190 0.761529
191 0.762037
192 0.762396
193 0.763287
194 0.76359
195 0.764009
196 0.765002
197 0.765092
198 0.765497
199 0.766739
200 0.766905
201 0.767678
202 0.767944
203 0.768035
204 0.768594
205 0.769247
206 0.769715
207 0.770231
208 0.770212
209 0.770829
210 0.771789
211 0.771893
212 0.77237
213 0.772506
214 0.773593
215 0.773875
216 0.773982
217 0.774762
218 0.775222
219 0.775347
220 0.776014
221 0.776344
222 0.776563
223 0.776796
224 0.777775
225 0.77769
226 0.778268
227 0.778787
228 0.779163
229 0.779886
230 0.779905
231 0.780192
232 0.780344
233 0.781095
234 0.781758
235 0.781828
236 0.782379
237 0.78253
238 0.783211
239 0.783606
240 0.783879
241 0.784433
242 0.784376
243 0.784752
244 0.785261
245 0.785365
246 0.78625
247 0.786385
248 0.78686
249 0.787187
250 0.78744
251 0.787385
252 0.788483
253 0.788246
254 0.789149
255 0.789481
256 0.789497
257 0.789383
258 0.790151
259 0.790367
260 0.791128
261 0.791354
262 0.791763
263 0.79181
264 0.792199
265 0.792396
266 0.793168
267 0.793082
268 0.793252
269 0.793877
270 0.794288
271 0.794537
272 0.795037
273 0.794772
274 0.795375
275 0.795656
276 0.795858
277 0.796083
278 0.796569
279 0.797021
280 0.797551
281 0.797291
282 0.797823
283 0.798056
284 0.798573
285 0.798943
286 0.799385
287 0.799242
288 0.799863
289 0.799896
290 0.800514
291 0.800685
292 0.800904
293 0.801117
294 0.801167
295 0.801681
296 0.801792
297 0.802128
298 0.802578
299 0.802332
300 0.80336
301 0.803011
302 0.803285
303 0.803899
304 0.804011
305 0.803922
306 0.804694
307 0.804829
308 0.805209
309 0.805132
310 0.805908
311 0.805815
312 0.805714
313 0.806349
314 0.806613
315 0.807198
316 0.806953
317 0.807351
318 0.80773
319 0.807814
320 0.808064
321 0.808284
322 0.808797
323 0.808811
324 0.809268
325 0.809414
326 0.809495
327 0.81002
328 0.81018
329 0.810553
330 0.81025
331 0.810752
332 0.810939
333 0.811677
334 0.811652
335 0.811467
336 0.811959
337 0.812359
338 0.812711
339 0.81245
340 0.812777
341 0.812957
342 0.813673
343 0.813644
344 0.813555
345 0.813945
346 0.814227
347 0.814406
348 0.814536
349 0.815004
350 0.815283
351 0.815326
352 0.815398
353 0.815849
354 0.815965
355 0.816483
356 0.816773
357 0.816967
358 0.817115
359 0.81722
360 0.817564
361 0.817502
362 0.817665
363 0.81826
364 0.818061
365 0.818303
366 0.818354
367 0.819145
368 0.819178
369 0.819392
370 0.819234
371 0.819994
372 0.819887
373 0.819892
374 0.820184
375 0.820465
376 0.820913
377 0.821014
378 0.820871
379 0.821391
380 0.821091
381 0.821747
382 0.821749
383 0.821885
384 0.822492
385 0.82243
386 0.822281
387 0.823006
388 0.823035
389 0.822884
390 0.823369
391 0.823387
392 0.823664
393 0.82388
394 0.823935
395 0.824212
396 0.824337
397 0.824766
398 0.824975
399 0.8252
400 0.825234
