1 0.300107
2 0.299384
3 0.299431
4 0.318601
5 0.325842
6 0.325931
7 0.338245
8 0.34396
9 0.346587
10 0.354007
11 0.358669
12 0.361259
13 0.36746
14 0.371414
15 0.375336
16 0.378849
17 0.381846
18 0.383958
19 0.387105
20 0.390529
21 0.392439
22 0.395319
23 0.39796
24 0.400803
25 0.402716
26 0.404798
27 0.406517
28 0.409562
29 0.411085
30 0.413366
31 0.414874
32 0.417847
33 0.419388
34 0.420633
35 0.422645
36 0.423368
37 0.425991
38 0.427201
39 0.429351
40 0.430083
41 0.431765
42 0.433066
43 0.434916
44 0.43596
45 0.437292
46 0.438387
47 0.440024
48 0.442007
49 0.442943
50 0.444464
51 0.445581
52 0.446143
53 0.447589
54 0.448655
55 0.449226
56 0.450822
57 0.451931
58 0.453597
59 0.45366
60 0.454969
61 0.455683
62 0.457511
63 0.457674
64 0.45948
65 0.459809
66 0.460706
67 0.462267
68 0.461972
69 0.46345
70 0.463969
71 0.46555
72 0.466401
73 0.467185
74 0.46747
75 0.469108
76 0.469235
77 0.469961
78 0.470476
79 0.471682
80 0.47202
81 0.47268
82 0.473616
83 0.474498
84 0.474625
85 0.475712
86 0.476348
87 0.477337
88 0.477403
89 0.478628
90 0.478709
91 0.479758
92 0.479635
93 0.481638
94 0.481399
95 0.482049
96 0.481513
97 0.482793
98 0.48264
99 0.484189
100 0.484534
101 0.484823
102 0.485288
103 0.485921
104 0.486731
105 0.486909
106 0.486832
107 0.487251
108 0.487564
109 0.488888
110 0.488302
111 0.489971
112 0.488726
113 0.490458
114 0.49035
115 0.490924
116 0.49228
117 0.492369
118 0.492352
119 0.492653
120 0.492916
121 0.494444
122 0.493625
123 0.494031
124 0.49555
125 0.496036
126 0.495913
127 0.495342
128 0.495944
129 0.496748
130 0.496972
131 0.497447
132 0.497168
133 0.497582
134 0.497366
135 0.498543
136 0.499942
137 0.498856
138 0.498466
139 0.499366
140 0.500124
141 0.499589
142 0.500419
143 0.500981
144 0.501388
145 0.501928
146 0.501362
147 0.50112
148 0.501961
149 0.50317
150 0.503971
151 0.502777
152 0.503479
153 0.503616
154 0.50456
155 0.504211
156 0.504241
157 0.505291
158 0.504717
159 0.505134
160 0.505783
161 0.505925
162 0.506084
163 0.506398
164 0.507015
165 0.50644
166 0.506912
167 0.507167
168 0.50728
169 0.507637
170 0.508064
171 0.50897
172 0.508617
173 0.508756
174 0.509208
175 0.508711
176 0.509226
177 0.509136
178 0.509652
179 0.509264
180 0.510674
181 0.510835
182 0.510445
183 0.510375
184 0.510545
185 0.511178
186 0.511087
187 0.510689
188 0.511476
189 0.512048
190 0.51154
191 0.512563
192 0.511658
193 0.512047
194 0.512804
195 0.511779
196 0.511902
197 0.513626
198 0.512886
199 0.513417
200 0.514544
201 0.513959
202 0.513599
203 0.514785
204 0.513877
205 0.514645
206 0.51577
207 0.515149
208 0.514533
209 0.514705
210 0.516077
211 0.515795
212 0.514655
213 0.51528
214 0.516775
215 0.515933
216 0.517054
217 0.515837
218 0.515994
219 0.516474
220 0.517623
221 0.517434
222 0.517335
223 0.51777
224 0.51718
225 0.51742
226 0.516896
227 0.517674
228 0.518576
229 0.517377
230 0.517979
231 0.518208
232 0.518398
233 0.518799
234 0.518649
235 0.51957
236 0.518848
237 0.518351
238 0.519687
239 0.51968
240 0.51974
241 0.518068
242 0.51936
243 0.519365
244 0.520386
245 0.519915
246 0.519742
247 0.520659
248 0.520477
249 0.520934
250 0.520495
251 0.520986
252 0.521334
253 0.52096
254 0.521265
255 0.519944
256 0.52104
257 0.521863
258 0.521737
259 0.522474
260 0.521932
261 0.521904
262 0.522458
263 0.522338
264 0.52269
265 0.522449
266 0.522662
267 0.522899
268 0.523342
269 0.522077
270 0.522099
271 0.523272
272 0.523724
273 0.523126
274 0.522709
275 0.522991
276 0.524546
277 0.523468
278 0.524881
279 0.524605
280 0.52303
281 0.524613
282 0.523844
283 0.523697
284 0.524573
285 0.524769
286 0.525072
287 0.524701
288 0.524944
289 0.525144
290 0.524617
291 0.524934
292 0.525
293 0.524778
294 0.524795
295 0.525614
296 0.52506
297 0.525241
298 0.525314
299 0.525669
300 0.526249
301 0.525306
302 0.5258
303 0.525566
304 0.526155
305 0.525729
306 0.526208
307 0.525814
308 0.526949
309 0.527215
310 0.526262
311 0.526541
312 0.527092
313 0.526817
314 0.526768
315 0.526855
316 0.526916
317 0.526785
318 0.526543
319 0.526884
320 0.52717
321 0.527125
322 0.527386
323 0.52819
324 0.527968
325 0.527932
326 0.528069
327 0.527789
328 0.528773
329 0.528052
330 0.528319
331 0.528245
332 0.528732
333 0.528863
334 0.528213
335 0.528544
336 0.528974
337 0.5288
338 0.527635
339 0.528501
340 0.529076
341 0.529394
342 0.529396
343 0.528559
344 0.528922
345 0.5288
346 0.529446
347 0.529274
348 0.529714
349 0.529462
350 0.529016
351 0.530056
352 0.530699
353 0.529445
354 0.529529
355 0.529869
356 0.529603
357 0.530357
358 0.529884
359 0.530052
360 0.530494
361 0.53079
362 0.530557
363 0.530255
364 0.530849
365 0.530669
366 0.530567
367 0.530525
368 0.530936
369 0.53017
370 0.530871
371 0.531218
372 0.531301
373 0.531272
374 0.531037
375 0.530971
376 0.530912
377 0.531434
378 0.531828
379 0.532063
380 0.531152
381 0.531596
382 0.531281
383 0.532076
384 0.531316
385 0.531313
386 0.531964
387 0.531785
388 0.531248
389 0.532362
390 0.532095
391 0.532199
392 0.531915
393 0.531978
394 0.532199
395 0.532607
396 0.532388
397 0.531823
398 0.532044
399 0.533155
400 0.532718
