1 0.066714
2 0.066714
3 0.066714
4 0.085694
5 0.089127
6 0.087487
7 0.103017
8 0.108443
9 0.108764
10 0.118711
11 0.125306
12 0.12822
13 0.134506
14 0.140372
15 0.143515
16 0.14911
17 0.154217
18 0.157652
19 0.162183
20 0.166625
21 0.170104
22 0.174414
23 0.177832
24 0.181146
25 0.184761
26 0.18843
27 0.191623
28 0.195783
29 0.198466
30 0.201411
31 0.205815
32 0.208735
33 0.211404
34 0.214695
35 0.217772
36 0.220999
37 0.223935
38 0.227158
39 0.229862
40 0.232804
41 0.236238
42 0.239053
43 0.241507
44 0.244864
45 0.247218
46 0.250176
47 0.252746
48 0.256308
49 0.258816
50 0.26165
51 0.265253
52 0.267504
53 0.270171
54 0.27272
55 0.275199
56 0.277811
57 0.280506
58 0.283703
59 0.285636
60 0.288567
61 0.290692
62 0.29373
63 0.296296
64 0.298489
65 0.300943
66 0.303269
67 0.305344
68 0.307878
69 0.31027
70 0.312183
71 0.314311
72 0.316701
73 0.318945
74 0.32121
75 0.323827
76 0.325653
77 0.326999
78 0.328967
79 0.331665
80 0.333644
81 0.33575
82 0.337604
83 0.339977
84 0.341774
85 0.34302
86 0.345159
87 0.346954
88 0.34916
89 0.35205
90 0.3535
91 0.354993
92 0.356686
93 0.359363
94 0.360641
95 0.362391
96 0.364176
97 0.366091
98 0.367835
99 0.369723
100 0.370072
101 0.372598
102 0.37448
103 0.375435
104 0.377816
105 0.379184
106 0.380746
107 0.382671
108 0.38419
109 0.38616
110 0.387216
111 0.388565
112 0.389956
113 0.392795
114 0.393112
115 0.39521
116 0.397023
117 0.398382
118 0.399811
119 0.400294
120 0.401358
121 0.404767
122 0.405219
123 0.406907
124 0.408251
125 0.408788
126 0.410683
127 0.411971
128 0.413196
129 0.414029
130 0.415273
131 0.416265
132 0.418273
133 0.419242
134 0.420793
135 0.421649
136 0.423528
137 0.423844
138 0.424962
139 0.426967
140 0.427642
141 0.428866
142 0.430268
143 0.43135
144 0.433751
145 0.433729
146 0.43534
147 0.435841
148 0.437722
149 0.438637
150 0.44013
151 0.440721
152 0.441938
153 0.442645
154 0.443266
155 0.445185
156 0.446155
157 0.446462
158 0.448464
159 0.448632
160 0.449444
161 0.451208
162 0.452411
163 0.453031
164 0.454049
165 0.454917
166 0.456685
167 0.457334
168 0.458103
169 0.459702
170 0.460188
171 0.46077
172 0.461544
173 0.46313
174 0.46488
175 0.464962
176 0.466432
177 0.466455
178 0.467975
179 0.468196
180 0.469605
181 0.470215
182 0.4706
183 0.471764
184 0.472254
185 0.473847
186 0.473811
187 0.475704
188 0.475918
189 0.477635
190 0.478992
191 0.479582
192 0.480944
193 0.480181
194 0.481228
195 0.482961
196 0.482893
197 0.483962
198 0.485302
199 0.485473
200 0.486686
201 0.487316
202 0.487876
203 0.488327
204 0.489434
205 0.490534
206 0.49173
207 0.492037
208 0.493048
209 0.493947
210 0.494153
211 0.495033
212 0.496061
213 0.49676
214 0.496989
215 0.497935
216 0.499417
217 0.498795
218 0.499777
219 0.501533
220 0.501156
221 0.50253
222 0.503783
223 0.503382
224 0.504726
225 0.505181
226 0.506461
227 0.506046
228 0.507111
229 0.50766
230 0.509175
231 0.509658
232 0.509381
233 0.509931
234 0.511159
235 0.511986
236 0.512971
237 0.513532
238 0.514098
239 0.514314
240 0.515588
241 0.51526
242 0.516479
243 0.517729
244 0.518105
245 0.518271
246 0.518874
247 0.519725
248 0.520409
249 0.520876
250 0.520794
251 0.522036
252 0.522772
253 0.5231
254 0.523904
255 0.5252
256 0.526951
257 0.525855
258 0.526283
259 0.526885
260 0.527202
261 0.528548
262 0.528055
263 0.529641
264 0.530054
265 0.530081
266 0.531632
267 0.532335
268 0.53276
269 0.532887
270 0.533992
271 0.53392
272 0.534774
273 0.535644
274 0.536326
275 0.536542
276 0.537004
277 0.537244
278 0.538985
279 0.537845
280 0.539207
281 0.539443
282 0.53994
283 0.540906
284 0.542054
285 0.542515
286 0.541921
287 0.543527
288 0.543128
289 0.543925
290 0.543697
291 0.544996
292 0.545191
293 0.546023
294 0.547006
295 0.546776
296 0.54827
297 0.548807
298 0.549334
299 0.550052
300 0.54943
301 0.549824
302 0.550178
303 0.5516
304 0.551781
305 0.551874
306 0.552631
307 0.552874
308 0.553888
309 0.553831
310 0.554926
311 0.554846
312 0.55515
313 0.555545
314 0.555944
315 0.556015
316 0.557424
317 0.557705
318 0.557363
319 0.558442
320 0.558091
321 0.559071
322 0.560817
323 0.560442
324 0.560889
325 0.560939
326 0.561956
327 0.562009
328 0.562928
329 0.563524
330 0.563942
331 0.563507
332 0.564087
333 0.564558
334 0.566275
335 0.565675
336 0.566576
337 0.566523
338 0.566224
339 0.566991
340 0.56843
341 0.568462
342 0.568851
343 0.569463
344 0.569177
345 0.570566
346 0.569769
347 0.571743
348 0.571079
349 0.572155
350 0.571985
351 0.57251
352 0.573013
353 0.573269
354 0.572884
355 0.573694
356 0.574138
357 0.574938
358 0.575873
359 0.574065
360 0.576273
361 0.576166
362 0.576229
363 0.577194
364 0.577566
365 0.576976
366 0.577861
367 0.578729
368 0.578637
369 0.579078
370 0.58002
371 0.581046
372 0.580709
373 0.580546
374 0.581036
375 0.581302
376 0.58222
377 0.582468
378 0.583224
379 0.583016
380 0.584219
381 0.584567
382 0.585116
383 0.585473
384 0.585322
385 0.585462
386 0.586408
387 0.585986
388 0.586884
389 0.58794
390 0.587847
391 0.5882
392 0.588317
393 0.589163
394 0.588678
395 0.589748
396 0.588973
397 0.590096
398 0.590159
399 0.58974
400 0.590228
