1 0.300325
2 0.300323
3 0.30026
4 0.300091
5 0.299789
6 0.29976
7 0.301717
8 0.303555
9 0.305729
10 0.307689
11 0.30943
12 0.311185
13 0.312787
14 0.314301
15 0.31572
16 0.316933
17 0.318096
18 0.319198
19 0.320293
20 0.321287
21 0.322259
22 0.323129
23 0.324001
24 0.324799
25 0.32564
26 0.326309
27 0.327024
28 0.327704
29 0.32836
30 0.329009
31 0.329566
32 0.330225
33 0.330698
34 0.331341
35 0.3319
36 0.332409
37 0.33289
38 0.333364
39 0.333868
40 0.334299
41 0.334832
42 0.335176
43 0.335598
44 0.33599
45 0.33642
46 0.336752
47 0.33714
48 0.337498
49 0.337838
50 0.338193
51 0.338522
52 0.338859
53 0.339169
54 0.339457
55 0.339798
56 0.340088
57 0.340363
58 0.340663
59 0.340963
60 0.341238
61 0.341503
62 0.341768
63 0.342063
64 0.342286
65 0.342552
66 0.342776
67 0.343033
68 0.343253
69 0.343484
70 0.34371
71 0.343945
72 0.344168
73 0.344395
74 0.344579
75 0.344777
76 0.344974
77 0.345179
78 0.345369
79 0.345563
80 0.345756
81 0.345935
82 0.346132
83 0.346287
84 0.34649
85 0.34668
86 0.346837
87 0.347008
88 0.347171
89 0.347347
90 0.347497
91 0.347688
92 0.347826
93 0.3479
94 0.348141
95 0.348287
96 0.348451
97 0.348596
98 0.34876
99 0.348906
100 0.349062
101 0.349198
102 0.349337
103 0.349468
104 0.349609
105 0.349754
106 0.349857
107 0.350003
108 0.350124
109 0.350254
110 0.350378
111 0.350503
112 0.350626
113 0.350734
114 0.350833
115 0.350983
116 0.351092
117 0.351225
118 0.351324
119 0.351441
120 0.351546
121 0.351656
122 0.351759
123 0.351864
124 0.351972
125 0.352083
126 0.352181
127 0.3523
128 0.352395
129 0.352505
130 0.352589
131 0.352695
132 0.35279
133 0.352889
134 0.352995
135 0.353091
136 0.353185
137 0.353279
138 0.353372
139 0.353466
140 0.353557
141 0.353639
142 0.353732
143 0.35382
144 0.3539
145 0.353978
146 0.354103
147 0.354158
148 0.354241
149 0.35432
150 0.3544
151 0.354483
152 0.354555
153 0.354631
154 0.35472
155 0.3548
156 0.354875
157 0.354958
158 0.355033
159 0.355108
160 0.355182
161 0.355248
162 0.355329
163 0.355394
164 0.355466
165 0.355537
166 0.355604
167 0.355672
168 0.35574
169 0.355804
170 0.355878
171 0.355915
172 0.356014
173 0.356079
174 0.356148
175 0.35621
176 0.356274
177 0.356332
178 0.356388
179 0.356464
180 0.35653
181 0.356594
182 0.356649
183 0.356722
184 0.356782
185 0.356845
186 0.356897
187 0.356963
188 0.357023
189 0.35708
190 0.357143
191 0.357207
192 0.357261
193 0.357321
194 0.357378
195 0.357453
196 0.357491
197 0.357541
198 0.357603
199 0.357651
200 0.357708
201 0.357764
202 0.357822
203 0.357878
204 0.35793
205 0.358071
206 0.358038
207 0.35809
208 0.358143
209 0.358189
210 0.358234
211 0.358292
212 0.358346
213 0.358393
214 0.358442
215 0.358487
216 0.358539
217 0.358594
218 0.35864
219 0.358687
220 0.358734
221 0.358783
222 0.358827
223 0.358872
224 0.358918
225 0.358962
226 0.359013
227 0.359057
228 0.359099
229 0.35915
230 0.359193
231 0.359238
232 0.359283
233 0.359324
234 0.359358
235 0.359413
236 0.359457
237 0.359501
238 0.359547
239 0.359584
240 0.359629
241 0.35965
242 0.359715
243 0.359751
244 0.359794
245 0.359837
246 0.359877
247 0.359913
248 0.359954
249 0.359994
250 0.360036
251 0.360074
252 0.360118
253 0.36016
254 0.360193
255 0.360236
256 0.360274
257 0.360313
258 0.360348
259 0.360387
260 0.360425
261 0.360455
262 0.360496
263 0.360538
264 0.360572
265 0.36061
266 0.360647
267 0.360676
268 0.360718
269 0.360754
270 0.36079
271 0.36083
272 0.360863
273 0.360914
274 0.360931
275 0.360963
276 0.360996
277 0.361031
278 0.361065
279 0.361105
280 0.361139
281 0.361174
282 0.361207
283 0.361241
284 0.361274
285 0.361307
286 0.361338
287 0.361371
288 0.361404
289 0.361435
290 0.361474
291 0.361507
292 0.361538
293 0.361572
294 0.361603
295 0.361635
296 0.361667
297 0.361695
298 0.361725
299 0.361758
300 0.361787
301 0.361816
302 0.361845
303 0.361876
304 0.361906
305 0.361936
306 0.361964
307 0.362006
308 0.362026
309 0.362054
310 0.362085
311 0.362117
312 0.362144
313 0.362174
314 0.362201
315 0.362244
316 0.362254
317 0.362279
318 0.362303
319 0.362332
320 0.362357
321 0.362386
322 0.362412
323 0.362441
324 0.362472
325 0.3625
326 0.362526
327 0.362552
328 0.362579
329 0.362605
330 0.362635
331 0.362657
332 0.362689
333 0.362719
334 0.362741
335 0.36277
336 0.362794
337 0.362822
338 0.362848
339 0.362872
340 0.362901
341 0.362843
342 0.362922
343 0.362981
344 0.363006
345 0.363031
346 0.363057
347 0.363084
348 0.363108
349 0.363132
350 0.363156
351 0.363182
352 0.363205
353 0.363229
354 0.363257
355 0.363276
356 0.363299
357 0.36332
358 0.363344
359 0.363367
360 0.36339
361 0.363414
362 0.36344
363 0.363462
364 0.363485
365 0.363505
366 0.363531
367 0.363556
368 0.363577
369 0.363602
370 0.363624
371 0.363642
372 0.363671
373 0.363694
374 0.363717
375 0.363739
376 0.363761
377 0.363784
378 0.363805
379 0.363829
380 0.36385
381 0.36388
382 0.363893
383 0.363916
384 0.363937
385 0.363959
386 0.363978
387 0.363999
388 0.364019
389 0.364043
390 0.364053
391 0.364086
392 0.364102
393 0.364123
394 0.364136
395 0.364164
396 0.364181
397 0.364202
398 0.364222
399 0.364242
400 0.36426
