1 0.333334
2 0.333504
3 0.333238
4 0.333333
5 0.333524
6 0.333238
7 0.342087
8 0.353905
9 0.36358
10 0.373938
11 0.384251
12 0.392895
13 0.402183
14 0.410779
15 0.419067
16 0.426548
17 0.434213
18 0.440702
19 0.447563
20 0.453643
21 0.459343
22 0.46537
23 0.470093
24 0.476333
25 0.480434
26 0.486004
27 0.490337
28 0.494935
29 0.499414
30 0.503269
31 0.507405
32 0.511065
33 0.514906
34 0.518632
35 0.52229
36 0.52452
37 0.528511
38 0.532341
39 0.535069
40 0.538335
41 0.541194
42 0.544121
43 0.546513
44 0.5493
45 0.552325
46 0.555542
47 0.557621
48 0.560144
49 0.562442
50 0.564879
51 0.566963
52 0.569634
53 0.571858
54 0.573827
55 0.57587
56 0.577902
57 0.580064
58 0.581905
59 0.583489
60 0.585659
61 0.587714
62 0.589075
63 0.591272
64 0.59307
65 0.594519
66 0.595997
67 0.598011
68 0.599838
69 0.601298
70 0.60336
71 0.604241
72 0.606188
73 0.607221
74 0.609322
75 0.609878
76 0.61196
77 0.613124
78 0.614905
79 0.616105
80 0.617564
81 0.619055
82 0.620547
83 0.621214
84 0.622392
85 0.623531
86 0.625168
87 0.62624
88 0.627881
89 0.628227
90 0.629861
91 0.630714
92 0.631854
93 0.632816
94 0.63411
95 0.635414
96 0.636219
97 0.637391
98 0.638532
99 0.639746
100 0.640535
101 0.641322
102 0.643145
103 0.644039
104 0.644298
105 0.645393
106 0.646497
107 0.646486
108 0.648034
109 0.648701
110 0.649893
111 0.651173
112 0.651809
113 0.652213
114 0.653114
115 0.654052
116 0.654955
117 0.656004
118 0.656359
119 0.657219
120 0.657587
121 0.658599
122 0.659395
123 0.66006
124 0.661275
125 0.661643
126 0.662467
127 0.663261
128 0.664041
129 0.664528
130 0.665857
131 0.666148
132 0.666516
133 0.667675
134 0.668392
135 0.668612
136 0.669598
137 0.670465
138 0.670919
139 0.671685
140 0.672288
141 0.672826
142 0.673706
143 0.675099
144 0.674392
145 0.675375
146 0.6757
147 0.676736
148 0.677426
149 0.677833
150 0.67852
151 0.678809
152 0.679638
153 0.680185
154 0.680729
155 0.681615
156 0.681784
157 0.682791
158 0.682448
159 0.682662
160 0.684184
161 0.684768
162 0.684963
163 0.68518
164 0.685695
165 0.686295
166 0.687405
167 0.687531
168 0.688043
169 0.687682
170 0.688826
171 0.689379
172 0.690083
173 0.690189
174 0.690853
175 0.691343
176 0.691789
177 0.69202
178 0.693095
179 0.692532
180 0.693923
181 0.693756
182 0.694744
183 0.695266
184 0.696057
185 0.696025
186 0.695889
187 0.696711
188 0.696832
189 0.697429
190 0.698354
191 0.698658
192 0.698211
193 0.699185
194 0.699297
195 0.70005
196 0.70049
197 0.700672
198 0.700533
199 0.701431
200 0.702528
201 0.702344
202 0.702163
203 0.70273
204 0.703532
205 0.703338
206 0.703705
207 0.704687
208 0.704991
209 0.70582
210 0.70582
211 0.706055
212 0.706645
213 0.706458
214 0.706678
215 0.707044
216 0.707883
217 0.708463
218 0.708063
219 0.708803
220 0.70915
221 0.70947
222 0.709573
223 0.710186
224 0.710638
225 0.710398
226 0.711229
227 0.71157
228 0.710858
229 0.711818
230 0.711834
231 0.712453
232 0.712755
233 0.712975
234 0.713752
235 0.713421
236 0.71414
237 0.714405
238 0.714869
239 0.714621
240 0.715344
241 0.715554
242 0.71556
243 0.715752
244 0.716174
245 0.716601
246 0.716839
247 0.717033
248 0.717474
249 0.718134
250 0.717979
251 0.718754
252 0.71861
253 0.718816
254 0.718791
255 0.719259
256 0.719768
257 0.719471
258 0.719957
259 0.719311
260 0.720631
261 0.720378
262 0.721121
263 0.72118
264 0.721272
265 0.721731
266 0.722245
267 0.721807
268 0.722971
269 0.722686
270 0.722967
271 0.723411
272 0.723314
273 0.723314
274 0.724433
275 0.724298
276 0.724199
277 0.725261
278 0.725409
279 0.72475
280 0.725173
281 0.72623
282 0.725514
283 0.726215
284 0.725518
285 0.726019
286 0.726431
287 0.727321
288 0.726648
289 0.727382
290 0.727526
291 0.727977
292 0.727969
293 0.72847
294 0.728607
295 0.728599
296 0.728723
297 0.729009
298 0.729201
299 0.729595
300 0.729361
301 0.73021
302 0.73017
303 0.729955
304 0.729966
305 0.730605
306 0.730734
307 0.731548
308 0.731722
309 0.731421
310 0.731693
311 0.732315
312 0.73181
313 0.732018
314 0.732421
315 0.732638
316 0.732973
317 0.73293
318 0.733157
319 0.733148
320 0.733262
321 0.733829
322 0.734204
323 0.734293
324 0.734866
325 0.734792
326 0.734174
327 0.734905
328 0.735133
329 0.735866
330 0.735881
331 0.735196
332 0.735934
333 0.735646
334 0.736467
335 0.736501
336 0.737162
337 0.736872
338 0.736455
339 0.737055
340 0.736418
341 0.737279
342 0.737059
343 0.738558
344 0.737655
345 0.73802
346 0.73862
347 0.738203
348 0.737794
349 0.739445
350 0.739629
351 0.739051
352 0.7396
353 0.739521
354 0.739586
355 0.739665
356 0.738904
357 0.739899
358 0.740106
359 0.740044
360 0.740121
361 0.740946
362 0.740871
363 0.740889
364 0.741428
365 0.741047
366 0.741245
367 0.741556
368 0.741135
369 0.741761
370 0.741445
371 0.741924
372 0.74212
373 0.741526
374 0.742275
375 0.742951
376 0.742656
377 0.74225
378 0.74328
379 0.742672
380 0.743833
381 0.743861
382 0.743399
383 0.743865
384 0.744091
385 0.744285
386 0.744746
387 0.744403
388 0.744455
389 0.744856
390 0.74491
391 0.744985
392 0.744789
393 0.745153
394 0.745285
395 0.74546
396 0.745628
397 0.746001
398 0.74606
399 0.745846
400 0.745323
