1 0.066637
2 0.0667525
3 0.0666931
4 0.0667285
5 0.0667662
6 0.0667389
7 0.0667279
8 0.0667385
9 0.0667583
10 0.0667816
11 0.0667277
12 0.0667214
13 0.0666998
14 0.0667085
15 0.0666546
16 0.0707264
17 0.0743136
18 0.0776695
19 0.0812388
20 0.0852592
21 0.0896826
22 0.0943234
23 0.0989812
24 0.10346
25 0.107647
26 0.111454
27 0.114889
28 0.117952
29 0.120571
30 0.122973
31 0.125097
32 0.127014
33 0.128748
34 0.130286
35 0.13176
36 0.133054
37 0.134193
38 0.135282
39 0.136256
40 0.13711
41 0.137939
42 0.138644
43 0.139267
44 0.139788
45 0.140269
46 0.140689
47 0.141103
48 0.141557
49 0.142043
50 0.142499
51 0.142916
52 0.143413
53 0.143934
54 0.144541
55 0.14513
56 0.145797
57 0.146526
58 0.147299
59 0.148143
60 0.149064
61 0.150023
62 0.151044
63 0.152147
64 0.153265
65 0.154443
66 0.155599
67 0.15684
68 0.15807
69 0.159345
70 0.160674
71 0.161947
72 0.163244
73 0.164542
74 0.165861
75 0.167212
76 0.168538
77 0.169849
78 0.171196
79 0.172499
80 0.173796
81 0.175125
82 0.176424
83 0.177658
84 0.178951
85 0.18019
86 0.181445
87 0.182672
88 0.183908
89 0.185072
90 0.186334
91 0.187532
92 0.188688
93 0.189788
94 0.190935
95 0.192038
96 0.193137
97 0.194208
98 0.195293
99 0.196339
100 0.197398
101 0.198446
102 0.199466
103 0.200495
104 0.201489
105 0.202519
106 0.203485
107 0.204444
108 0.205403
109 0.206335
110 0.207262
111 0.208193
112 0.209115
113 0.210007
114 0.210947
115 0.211827
116 0.212722
117 0.213641
118 0.214495
119 0.215392
120 0.216273
121 0.217162
122 0.218031
123 0.21892
124 0.219795
125 0.220657
126 0.221526
127 0.22238
128 0.223228
129 0.224101
130 0.224946
131 0.225785
132 0.226635
133 0.227466
134 0.228299
135 0.229131
136 0.22994
137 0.230758
138 0.231577
139 0.232385
140 0.233209
141 0.234018
142 0.234823
143 0.235637
144 0.236448
145 0.237238
146 0.238049
147 0.238884
148 0.239687
149 0.240477
150 0.241279
151 0.242092
152 0.242878
153 0.243668
154 0.244465
155 0.245261
156 0.246053
157 0.246838
158 0.247624
159 0.248409
160 0.249185
161 0.249966
162 0.250746
163 0.251517
164 0.252278
165 0.253046
166 0.253814
167 0.254574
168 0.255338
169 0.256091
170 0.256853
171 0.257638
172 0.258381
173 0.25913
174 0.259876
175 0.260623
176 0.261366
177 0.26211
178 0.262866
179 0.263597
180 0.264339
181 0.265081
182 0.265827
183 0.266557
184 0.267286
185 0.268016
186 0.26875
187 0.269477
188 0.270204
189 0.270928
190 0.271641
191 0.272357
192 0.27307
193 0.273786
194 0.274497
195 0.275237
196 0.275918
197 0.27663
198 0.277326
199 0.278019
200 0.278719
201 0.279421
202 0.280111
203 0.280803
204 0.281494
205 0.282244
206 0.282899
207 0.283588
208 0.284273
209 0.284954
210 0.285647
211 0.286316
212 0.286988
213 0.287661
214 0.288341
215 0.289019
216 0.289693
217 0.290374
218 0.291037
219 0.2917
220 0.292366
221 0.293027
222 0.293681
223 0.294337
224 0.294989
225 0.295639
226 0.296288
227 0.296942
228 0.297584
229 0.298233
230 0.298877
231 0.299516
232 0.300154
233 0.300797
234 0.30144
235 0.302063
236 0.30269
237 0.303326
238 0.303953
239 0.304585
240 0.305208
241 0.305806
242 0.306454
243 0.307072
244 0.307692
245 0.308301
246 0.308912
247 0.309518
248 0.310135
249 0.310734
250 0.311343
251 0.311948
252 0.312554
253 0.313152
254 0.313751
255 0.314347
256 0.314951
257 0.315558
258 0.316147
259 0.316734
260 0.317326
261 0.317906
262 0.3185
263 0.319083
264 0.319667
265 0.320244
266 0.320821
267 0.321402
268 0.321978
269 0.322551
270 0.323129
271 0.323699
272 0.324273
273 0.324867
274 0.32541
275 0.325977
276 0.326544
277 0.327108
278 0.327669
279 0.328228
280 0.328794
281 0.329352
282 0.329913
283 0.330464
284 0.331021
285 0.331576
286 0.332129
287 0.332679
288 0.333227
289 0.333774
290 0.334318
291 0.334868
292 0.335413
293 0.335947
294 0.336492
295 0.337036
296 0.337573
297 0.338109
298 0.338642
299 0.339177
300 0.339708
301 0.340236
302 0.340768
303 0.341296
304 0.341818
305 0.342346
306 0.342867
307 0.343383
308 0.343914
309 0.344435
310 0.344952
311 0.345468
312 0.345983
313 0.346498
314 0.34701
315 0.347546
316 0.348034
317 0.348547
318 0.349052
319 0.349557
320 0.350061
321 0.350566
322 0.351067
323 0.351567
324 0.352068
325 0.352569
326 0.353069
327 0.353566
328 0.354057
329 0.35455
330 0.355046
331 0.35553
332 0.356027
333 0.356517
334 0.357004
335 0.357489
336 0.357974
337 0.358462
338 0.358943
339 0.359421
340 0.3599
341 0.360352
342 0.360887
343 0.361349
344 0.361824
345 0.362298
346 0.362771
347 0.363243
348 0.363711
349 0.364179
350 0.364649
351 0.365116
352 0.365579
353 0.366046
354 0.366505
355 0.366969
356 0.367436
357 0.367891
358 0.368355
359 0.368816
360 0.369275
361 0.369734
362 0.370188
363 0.370645
364 0.371103
365 0.371552
366 0.37201
367 0.372462
368 0.372912
369 0.373365
370 0.373811
371 0.374258
372 0.374709
373 0.375148
374 0.375594
375 0.376035
376 0.37648
377 0.37692
378 0.377363
379 0.377802
380 0.378238
381 0.378683
382 0.379114
383 0.37955
384 0.379986
385 0.380423
386 0.380855
387 0.381287
388 0.381718
389 0.382151
390 0.382586
391 0.383007
392 0.383434
393 0.383861
394 0.384292
395 0.384715
396 0.385137
397 0.385559
398 0.38598
399 0.386403
400 0.386821
