1 0.333334
2 0.333504
3 0.333238
4 0.363474
5 0.382163
6 0.400372
7 0.412293
8 0.42375
9 0.434566
10 0.44306
11 0.451811
12 0.459711
13 0.467059
14 0.473118
15 0.478996
16 0.484977
17 0.490726
18 0.495166
19 0.500495
20 0.504858
21 0.509732
22 0.513634
23 0.516837
24 0.521896
25 0.525406
26 0.52891
27 0.532413
28 0.535759
29 0.539499
30 0.542264
31 0.545247
32 0.547894
33 0.550875
34 0.552807
35 0.556176
36 0.558958
37 0.561116
38 0.563964
39 0.566401
40 0.568489
41 0.570544
42 0.572883
43 0.575613
44 0.577324
45 0.578968
46 0.580826
47 0.582855
48 0.584615
49 0.586805
50 0.588858
51 0.590783
52 0.591593
53 0.593341
54 0.595408
55 0.597308
56 0.598038
57 0.600126
58 0.601447
59 0.603257
60 0.605118
61 0.606259
62 0.607388
63 0.608963
64 0.610886
65 0.611452
66 0.613559
67 0.614002
68 0.616159
69 0.616274
70 0.618298
71 0.618907
72 0.620278
73 0.621669
74 0.622567
75 0.623837
76 0.624958
77 0.625901
78 0.627135
79 0.628502
80 0.628837
81 0.630291
82 0.631133
83 0.631851
84 0.633252
85 0.634422
86 0.634818
87 0.635936
88 0.636867
89 0.63763
90 0.638297
91 0.639104
92 0.640429
93 0.64144
94 0.642091
95 0.642868
96 0.643672
97 0.644137
98 0.64583
99 0.646661
100 0.647255
101 0.647537
102 0.648835
103 0.648603
104 0.650546
105 0.650341
106 0.651835
107 0.652609
108 0.653075
109 0.652803
110 0.65459
111 0.654321
112 0.655644
113 0.656211
114 0.657999
115 0.657512
116 0.65806
117 0.659385
118 0.659549
119 0.660435
120 0.660714
121 0.661091
122 0.662209
123 0.662767
124 0.663284
125 0.664292
126 0.664149
127 0.66546
128 0.665493
129 0.665747
130 0.666206
131 0.667036
132 0.667794
133 0.667508
134 0.669261
135 0.668429
136 0.669922
137 0.670816
138 0.670825
139 0.671424
140 0.671902
141 0.672211
142 0.673192
143 0.673359
144 0.674672
145 0.674118
146 0.67501
147 0.675219
148 0.674917
149 0.675783
150 0.676319
151 0.677285
152 0.677945
153 0.678086
154 0.678267
155 0.678406
156 0.679034
157 0.679714
158 0.680173
159 0.680781
160 0.68085
161 0.681173
162 0.681277
163 0.682142
164 0.682227
165 0.682207
166 0.68369
167 0.683636
168 0.684278
169 0.684985
170 0.685026
171 0.685452
172 0.685873
173 0.685608
174 0.686621
175 0.686247
176 0.687097
177 0.687821
178 0.687794
179 0.688491
180 0.688435
181 0.688754
182 0.689175
183 0.689305
184 0.690107
185 0.689889
186 0.689935
187 0.691252
188 0.691111
189 0.691413
190 0.691903
191 0.692672
192 0.692424
193 0.692921
194 0.693653
195 0.693052
196 0.694146
197 0.693988
198 0.69446
199 0.694582
200 0.694734
201 0.695522
202 0.695935
203 0.696037
204 0.696022
205 0.695758
206 0.695921
207 0.696754
208 0.697255
209 0.697912
210 0.698009
211 0.698028
212 0.698148
213 0.698378
214 0.698912
215 0.699229
216 0.699345
217 0.699113
218 0.700304
219 0.700368
220 0.700508
221 0.700364
222 0.701773
223 0.701042
224 0.701306
225 0.702151
226 0.701753
227 0.702608
228 0.702677
229 0.702953
230 0.703181
231 0.703784
232 0.703188
233 0.704076
234 0.704661
235 0.70475
236 0.704921
237 0.704637
238 0.704832
239 0.705136
240 0.705352
241 0.705681
242 0.705768
243 0.706198
244 0.706466
245 0.706666
246 0.706378
247 0.706814
248 0.707824
249 0.707608
250 0.706912
251 0.708048
252 0.707301
253 0.708259
254 0.708002
255 0.708231
256 0.709324
257 0.709238
258 0.709348
259 0.709041
260 0.710154
261 0.709856
262 0.710401
263 0.710643
264 0.710845
265 0.710761
266 0.710568
267 0.710822
268 0.711581
269 0.711702
270 0.711516
271 0.711633
272 0.712718
273 0.712137
274 0.712833
275 0.712757
276 0.712827
277 0.712401
278 0.713578
279 0.71288
280 0.713695
281 0.713135
282 0.713685
283 0.714786
284 0.714148
285 0.714303
286 0.714664
287 0.714472
288 0.715668
289 0.715164
290 0.714815
291 0.71584
292 0.71531
293 0.71559
294 0.716118
295 0.715846
296 0.715858
297 0.716038
298 0.716654
299 0.716948
300 0.716996
301 0.716721
302 0.717144
303 0.717307
304 0.718045
305 0.71816
306 0.718017
307 0.717924
308 0.718452
309 0.718384
310 0.718501
311 0.71911
312 0.719436
313 0.719512
314 0.719347
315 0.719299
316 0.72016
317 0.719559
318 0.719316
319 0.720217
320 0.719917
321 0.72104
322 0.720193
323 0.720668
324 0.720762
325 0.721174
326 0.720621
327 0.721905
328 0.72142
329 0.721171
330 0.722077
331 0.721601
332 0.72174
333 0.721499
334 0.722391
335 0.7221
336 0.722144
337 0.723057
338 0.722866
339 0.722565
340 0.723315
341 0.723063
342 0.723206
343 0.723187
344 0.723281
345 0.723454
346 0.723281
347 0.724096
348 0.723642
349 0.724191
350 0.724386
351 0.724269
352 0.724835
353 0.723924
354 0.72447
355 0.724072
356 0.725121
357 0.725005
358 0.725181
359 0.725179
360 0.72547
361 0.725416
362 0.726174
363 0.725441
364 0.725403
365 0.72593
366 0.726263
367 0.726714
368 0.725962
369 0.726414
370 0.726591
371 0.726197
372 0.727034
373 0.72724
374 0.727076
375 0.7274
376 0.727488
377 0.727007
378 0.727522
379 0.727309
380 0.727875
381 0.728694
382 0.72795
383 0.728635
384 0.727624
385 0.728146
386 0.728152
387 0.728225
388 0.728848
389 0.728706
390 0.729511
391 0.729012
392 0.72877
393 0.729191
394 0.729318
395 0.730021
396 0.729539
397 0.72979
398 0.729438
399 0.729789
400 0.729898
