1 0.333334
2 0.333674
3 0.332992
4 0.348817
5 0.36774
6 0.39738
7 0.390615
8 0.416595
9 0.432958
10 0.427162
11 0.442822
12 0.459549
13 0.46125
14 0.464333
15 0.471574
16 0.483607
17 0.484015
18 0.487671
19 0.502818
20 0.502821
21 0.507822
22 0.514473
23 0.516345
24 0.520943
25 0.526257
26 0.528214
27 0.533969
28 0.536717
29 0.539769
30 0.543087
31 0.546322
32 0.549817
33 0.550835
34 0.553986
35 0.560054
36 0.560257
37 0.561483
38 0.564642
39 0.568181
40 0.570324
41 0.571072
42 0.574386
43 0.577956
44 0.577906
45 0.57987
46 0.581616
47 0.583993
48 0.586989
49 0.587816
50 0.588402
51 0.591566
52 0.592354
53 0.592473
54 0.594611
55 0.597903
56 0.597243
57 0.597969
58 0.602423
59 0.602935
60 0.604092
61 0.604018
62 0.606521
63 0.607618
64 0.608745
65 0.609536
66 0.611449
67 0.611225
68 0.614292
69 0.613276
70 0.615672
71 0.616164
72 0.616632
73 0.619323
74 0.619072
75 0.620163
76 0.620356
77 0.621415
78 0.62242
79 0.624016
80 0.624291
81 0.624996
82 0.625496
83 0.626055
84 0.62699
85 0.6285
86 0.628985
87 0.629383
88 0.630172
89 0.631311
90 0.631088
91 0.632169
92 0.632967
93 0.633771
94 0.634433
95 0.634819
96 0.635007
97 0.63548
98 0.637149
99 0.637851
100 0.637883
101 0.638204
102 0.638965
103 0.639199
104 0.640176
105 0.640297
106 0.641063
107 0.641986
108 0.641728
109 0.641838
110 0.642767
111 0.642833
112 0.644801
113 0.64468
114 0.645649
115 0.645862
116 0.645911
117 0.64634
118 0.647027
119 0.647101
120 0.647515
121 0.647596
122 0.648806
123 0.649289
124 0.649405
125 0.650169
126 0.649012
127 0.65025
128 0.650787
129 0.65135
130 0.651057
131 0.652244
132 0.652503
133 0.652212
134 0.654246
135 0.652529
136 0.653852
137 0.654414
138 0.654223
139 0.654427
140 0.65514
141 0.655411
142 0.65502
143 0.655971
144 0.656538
145 0.657493
146 0.656814
147 0.657325
148 0.657244
149 0.657448
150 0.657633
151 0.659062
152 0.658404
153 0.659497
154 0.659208
155 0.659002
156 0.659085
157 0.659559
158 0.659506
159 0.661041
160 0.660669
161 0.661111
162 0.660477
163 0.66134
164 0.662255
165 0.660729
166 0.662187
167 0.662549
168 0.662648
169 0.663146
170 0.663766
171 0.664097
172 0.663625
173 0.663895
174 0.664596
175 0.664143
176 0.66432
177 0.66503
178 0.665381
179 0.665468
180 0.665044
181 0.665537
182 0.665906
183 0.664834
184 0.665902
185 0.666312
186 0.666035
187 0.666753
188 0.666652
189 0.667368
190 0.666895
191 0.668551
192 0.667809
193 0.668103
194 0.667929
195 0.667676
196 0.668174
197 0.668136
198 0.668672
199 0.668305
200 0.668558
201 0.66849
202 0.669101
203 0.669534
204 0.669748
205 0.669078
206 0.669407
207 0.6703
208 0.669819
209 0.671286
210 0.671038
211 0.670428
212 0.670568
213 0.670238
214 0.671478
215 0.670672
216 0.671292
217 0.671187
218 0.672391
219 0.671997
220 0.672226
221 0.671931
222 0.672869
223 0.671738
224 0.672429
225 0.673513
226 0.672402
227 0.672815
228 0.672606
229 0.673305
230 0.67327
231 0.67346
232 0.673928
233 0.673809
234 0.673961
235 0.674174
236 0.674435
237 0.674061
238 0.6744
239 0.674371
240 0.674802
241 0.674683
242 0.674708
243 0.674806
244 0.675274
245 0.675325
246 0.674539
247 0.674742
248 0.675477
249 0.676376
250 0.675239
251 0.67638
252 0.674928
253 0.676127
254 0.67548
255 0.675803
256 0.676816
257 0.676745
258 0.676611
259 0.67599
260 0.677215
261 0.676718
262 0.676867
263 0.677693
264 0.677547
265 0.677166
266 0.676918
267 0.676853
268 0.677808
269 0.678009
270 0.677491
271 0.678247
272 0.678328
273 0.678445
274 0.67865
275 0.678362
276 0.678636
277 0.678479
278 0.678978
279 0.6786
280 0.678604
281 0.678616
282 0.679141
283 0.678846
284 0.678818
285 0.679372
286 0.679341
287 0.67909
288 0.679923
289 0.679229
290 0.678732
291 0.679774
292 0.679186
293 0.679611
294 0.679785
295 0.679407
296 0.680145
297 0.68007
298 0.680478
299 0.679863
300 0.680565
301 0.680149
302 0.68008
303 0.680824
304 0.680456
305 0.680809
306 0.680792
307 0.680634
308 0.681506
309 0.680776
310 0.680998
311 0.681612
312 0.681498
313 0.681517
314 0.681386
315 0.681565
316 0.681832
317 0.680749
318 0.680894
319 0.6819
320 0.681604
321 0.683107
322 0.682337
323 0.682283
324 0.682569
325 0.682063
326 0.682342
327 0.682918
328 0.68283
329 0.682556
330 0.682607
331 0.682701
332 0.682868
333 0.68251
334 0.683082
335 0.682695
336 0.682717
337 0.682952
338 0.682766
339 0.682839
340 0.683362
341 0.683175
342 0.683468
343 0.683454
344 0.683328
345 0.683038
346 0.683207
347 0.684152
348 0.683929
349 0.684599
350 0.684344
351 0.68378
352 0.684562
353 0.683902
354 0.684472
355 0.683905
356 0.684587
357 0.68441
358 0.684048
359 0.683743
360 0.684252
361 0.684018
362 0.684718
363 0.684453
364 0.684124
365 0.684
366 0.684165
367 0.685385
368 0.684521
369 0.68488
370 0.684816
371 0.683784
372 0.684639
373 0.685363
374 0.68492
375 0.685499
376 0.685377
377 0.685118
378 0.684973
379 0.685027
380 0.685844
381 0.68533
382 0.68519
383 0.686337
384 0.685186
385 0.685603
386 0.685084
387 0.685356
388 0.68617
389 0.685624
390 0.686551
391 0.685841
392 0.685522
393 0.685668
394 0.685949
395 0.686598
396 0.686192
397 0.686354
398 0.685722
399 0.685751
400 0.685794
