1 0.5
2 0.353316
3 0.288412
4 0.263136
5 0.246433
6 0.236543
7 0.2314
8 0.228456
9 0.226019
10 0.22469
11 0.223631
12 0.222528
13 0.222224
14 0.22133
15 0.220931
16 0.220156
17 0.219308
18 0.219061
19 0.218735
20 0.217833
21 0.217339
22 0.217017
23 0.216672
24 0.216019
25 0.21551
26 0.215222
27 0.215234
28 0.214017
29 0.213534
30 0.212701
31 0.212424
32 0.211694
33 0.211733
34 0.211125
35 0.21108
36 0.210686
37 0.210275
38 0.209825
39 0.209743
40 0.20933
41 0.209003
42 0.208854
43 0.208711
44 0.208574
45 0.208526
46 0.20825
47 0.208081
48 0.207856
49 0.207555
50 0.207408
51 0.207244
52 0.207225
53 0.207219
54 0.207013
55 0.206812
56 0.206686
57 0.206961
58 0.206412
59 0.206237
60 0.206208
61 0.206168
62 0.205983
63 0.205796
64 0.205306
65 0.205612
66 0.205436
67 0.205178
68 0.205134
69 0.204978
70 0.204932
71 0.204748
72 0.204662
73 0.204187
74 0.204512
75 0.204311
76 0.204274
77 0.204067
78 0.203899
79 0.203722
80 0.203668
81 0.20365
82 0.203389
83 0.203476
84 0.203204
85 0.202913
86 0.203125
87 0.203056
88 0.202873
89 0.202881
90 0.202676
91 0.202728
92 0.202494
93 0.202541
94 0.202391
95 0.202236
96 0.202147
97 0.202126
98 0.201816
99 0.201885
100 0.201727
101 0.201572
102 0.201394
103 0.201642
104 0.20148
105 0.201517
106 0.201236
107 0.201073
108 0.201164
109 0.200967
110 0.201029
111 0.200972
112 0.20088
113 0.200747
114 0.200598
115 0.200726
116 0.200571
117 0.200689
118 0.200395
119 0.200366
120 0.200349
121 0.200228
122 0.200263
123 0.20006
124 0.200116
125 0.199987
126 0.199968
127 0.199889
128 0.199858
129 0.199876
130 0.199787
131 0.199713
132 0.199614
133 0.199552
134 0.199571
135 0.199694
136 0.199574
137 0.199485
138 0.199492
139 0.199495
140 0.199461
141 0.199476
142 0.19945
143 0.199404
144 0.199404
145 0.199345
146 0.199487
147 0.199242
148 0.199286
149 0.199305
150 0.199259
151 0.199237
152 0.199301
153 0.199275
154 0.199213
155 0.199247
156 0.199104
157 0.19916
158 0.199086
159 0.199257
160 0.199082
161 0.199146
162 0.199173
163 0.199112
164 0.19907
165 0.199098
166 0.199145
167 0.19911
168 0.198958
169 0.198881
170 0.198697
171 0.199397
172 0.199011
173 0.198978
174 0.198912
175 0.198875
176 0.198876
177 0.19885
178 0.19895
179 0.198873
180 0.198874
181 0.198733
182 0.198863
183 0.198858
184 0.198833
185 0.198735
186 0.198869
187 0.198736
188 0.198783
189 0.198744
190 0.198674
191 0.198742
192 0.198571
193 0.198682
194 0.198713
195 0.198808
196 0.198606
197 0.198736
198 0.198673
199 0.198598
200 0.198598
201 0.198514
202 0.198526
203 0.198526
204 0.198573
205 0.198298
206 0.198523
207 0.198521
208 0.198485
209 0.198481
210 0.198518
211 0.198463
212 0.198419
213 0.198454
214 0.198402
215 0.198401
216 0.198441
217 0.198396
218 0.198371
219 0.19836
220 0.198419
221 0.198378
222 0.198346
223 0.198404
224 0.198318
225 0.198372
226 0.198326
227 0.198386
228 0.198288
229 0.198327
230 0.19831
231 0.198255
232 0.198313
233 0.198307
234 0.198251
235 0.198261
236 0.198259
237 0.198151
238 0.19819
239 0.198265
240 0.19818
241 0.198028
242 0.1982
243 0.198197
244 0.198141
245 0.198109
246 0.198071
247 0.198084
248 0.198196
249 0.198171
250 0.19809
251 0.198042
252 0.198042
253 0.198009
254 0.198005
255 0.19782
256 0.198121
257 0.198268
258 0.198138
259 0.198052
260 0.19803
261 0.198073
262 0.197961
263 0.198013
264 0.197989
265 0.197946
266 0.197905
267 0.198009
268 0.197945
269 0.197884
270 0.197979
271 0.19783
272 0.19791
273 0.198074
274 0.197863
275 0.197885
276 0.197844
277 0.197893
278 0.197856
279 0.197834
280 0.197861
281 0.197864
282 0.197889
283 0.197818
284 0.197846
285 0.197752
286 0.197814
287 0.197742
288 0.197778
289 0.197715
290 0.197739
291 0.197791
292 0.19782
293 0.197707
294 0.197695
295 0.197762
296 0.197667
297 0.197739
298 0.19775
299 0.197657
300 0.197706
301 0.197684
302 0.197641
303 0.197698
304 0.197697
305 0.197685
306 0.197689
307 0.197476
308 0.197643
309 0.197648
310 0.197666
311 0.197579
312 0.197554
313 0.197637
314 0.197618
315 0.197722
316 0.197548
317 0.197605
318 0.197633
319 0.19755
320 0.197463
321 0.197554
322 0.197535
323 0.19757
324 0.197562
325 0.197531
326 0.197504
327 0.197404
328 0.19744
329 0.197447
330 0.197481
331 0.197453
332 0.197537
333 0.197523
334 0.197485
335 0.197447
336 0.197437
337 0.197418
338 0.197384
339 0.19741
340 0.197433
341 0.197661
342 0.197294
343 0.197367
344 0.197384
345 0.19744
346 0.197352
347 0.197405
348 0.197336
349 0.197338
350 0.197331
351 0.197405
352 0.197313
353 0.197352
354 0.197339
355 0.197307
356 0.197359
357 0.197269
358 0.19731
359 0.197284
360 0.197287
361 0.197327
362 0.19724
363 0.197276
364 0.197245
365 0.197257
366 0.197318
367 0.197234
368 0.197277
369 0.197213
370 0.197249
371 0.197215
372 0.197256
373 0.197204
374 0.197245
375 0.197152
376 0.197194
377 0.197236
378 0.197208
379 0.197177
380 0.197197
381 0.197241
382 0.197124
383 0.197141
384 0.197203
385 0.197224
386 0.19716
387 0.197194
388 0.197114
389 0.1971
390 0.197176
391 0.197113
392 0.197131
393 0.197073
394 0.197109
395 0.197114
396 0.197103
397 0.197065
398 0.197059
399 0.197024
400 0.197087
