1 0.5
2 0.365017
3 0.294733
4 0.257993
5 0.235372
6 0.219203
7 0.204585
8 0.195052
9 0.18532
10 0.179055
11 0.172101
12 0.166935
13 0.163192
14 0.158636
15 0.155784
16 0.152863
17 0.150284
18 0.148008
19 0.146165
20 0.144337
21 0.142625
22 0.141175
23 0.13991
24 0.138398
25 0.137489
26 0.136656
27 0.13554
28 0.134669
29 0.134177
30 0.133268
31 0.132376
32 0.131679
33 0.130957
34 0.130693
35 0.130029
36 0.12928
37 0.128733
38 0.128488
39 0.128054
40 0.127437
41 0.127326
42 0.126759
43 0.126343
44 0.126164
45 0.125776
46 0.125372
47 0.124955
48 0.12461
49 0.124598
50 0.124197
51 0.12399
52 0.12373
53 0.123472
54 0.122987
55 0.123061
56 0.122866
57 0.122508
58 0.122449
59 0.122104
60 0.121941
61 0.121619
62 0.121472
63 0.121197
64 0.120975
65 0.121107
66 0.120913
67 0.120815
68 0.120491
69 0.120448
70 0.12037
71 0.120023
72 0.119811
73 0.119677
74 0.119656
75 0.119362
76 0.119414
77 0.119308
78 0.119188
79 0.119101
80 0.118955
81 0.118798
82 0.118863
83 0.118694
84 0.118499
85 0.118553
86 0.11838
87 0.118292
88 0.118224
89 0.118064
90 0.11791
91 0.117945
92 0.117755
93 0.117695
94 0.117515
95 0.117591
96 0.117403
97 0.11729
98 0.117312
99 0.117189
100 0.117096
101 0.116987
102 0.117042
103 0.116803
104 0.116844
105 0.11676
106 0.116714
107 0.116688
108 0.116608
109 0.116407
110 0.116501
111 0.116297
112 0.116279
113 0.116183
114 0.116117
115 0.116177
116 0.116172
117 0.11607
118 0.11594
119 0.115853
120 0.115866
121 0.115719
122 0.115725
123 0.115688
124 0.115587
125 0.115509
126 0.115412
127 0.115414
128 0.115374
129 0.115496
130 0.115256
131 0.115229
132 0.115263
133 0.115168
134 0.115175
135 0.115097
136 0.115095
137 0.115125
138 0.114955
139 0.114793
140 0.114981
141 0.114791
142 0.11478
143 0.114799
144 0.114662
145 0.11473
146 0.114579
147 0.114445
148 0.114571
149 0.114444
150 0.114386
151 0.114379
152 0.114346
153 0.114316
154 0.114304
155 0.11433
156 0.114198
157 0.114164
158 0.114285
159 0.114202
160 0.114113
161 0.113932
162 0.114031
163 0.113988
164 0.114012
165 0.114005
166 0.113807
167 0.113894
168 0.113821
169 0.113767
170 0.113981
171 0.113903
172 0.113619
173 0.113674
174 0.113687
175 0.113756
176 0.113605
177 0.113602
178 0.113603
179 0.113527
180 0.113522
181 0.113384
182 0.113469
183 0.113441
184 0.113466
185 0.113293
186 0.113218
187 0.113522
188 0.113258
189 0.113192
190 0.113247
191 0.113144
192 0.113067
193 0.113269
194 0.113119
195 0.113198
196 0.113118
197 0.113089
198 0.11303
199 0.113001
200 0.113046
201 0.11304
202 0.112978
203 0.113066
204 0.112844
205 0.113055
206 0.11277
207 0.112994
208 0.112826
209 0.112732
210 0.112785
211 0.112839
212 0.112732
213 0.1126
214 0.112807
215 0.112709
216 0.112741
217 0.112618
218 0.11258
219 0.112708
220 0.112655
221 0.112624
222 0.112497
223 0.112561
224 0.11256
225 0.112434
226 0.112455
227 0.112569
228 0.112508
229 0.112436
230 0.112352
231 0.112402
232 0.112509
233 0.11248
234 0.112358
235 0.112261
236 0.112262
237 0.112314
238 0.112238
239 0.112313
240 0.112158
241 0.112229
242 0.112228
243 0.112232
244 0.112254
245 0.112299
246 0.112214
247 0.112146
248 0.112147
249 0.112174
250 0.112122
251 0.112094
252 0.112064
253 0.112011
254 0.112038
255 0.11222
256 0.11206
257 0.111733
258 0.112011
259 0.111935
260 0.111974
261 0.111886
262 0.111828
263 0.111993
264 0.111952
265 0.111831
266 0.111923
267 0.111986
268 0.111896
269 0.1118
270 0.111781
271 0.111767
272 0.111835
273 0.111785
274 0.111786
275 0.111823
276 0.111707
277 0.111736
278 0.111555
279 0.111686
280 0.111727
281 0.111709
282 0.111675
283 0.111594
284 0.111679
285 0.111624
286 0.111602
287 0.111559
288 0.111542
289 0.111559
290 0.111584
291 0.111452
292 0.111519
293 0.111542
294 0.1115
295 0.11143
296 0.111491
297 0.111447
298 0.111397
299 0.111488
300 0.111416
301 0.111395
302 0.111405
303 0.111339
304 0.111322
305 0.11145
306 0.11132
307 0.111199
308 0.11132
309 0.11121
310 0.111352
311 0.111257
312 0.111273
313 0.111273
314 0.111246
315 0.111272
316 0.111303
317 0.11124
318 0.111223
319 0.111204
320 0.111135
321 0.1113
322 0.11115
323 0.111215
324 0.111144
325 0.111089
326 0.111168
327 0.11106
328 0.111172
329 0.111036
330 0.111155
331 0.111041
332 0.111106
333 0.111078
334 0.111007
335 0.111056
336 0.110971
337 0.111064
338 0.110984
339 0.110998
340 0.110974
341 0.110975
342 0.110971
343 0.111008
344 0.110972
345 0.110969
346 0.110902
347 0.110914
348 0.110925
349 0.110841
350 0.110962
351 0.110999
352 0.110867
353 0.11086
354 0.110927
355 0.11089
356 0.110919
357 0.110817
358 0.110884
359 0.110873
360 0.110813
361 0.110879
362 0.110769
363 0.110768
364 0.110842
365 0.110768
366 0.110822
367 0.110698
368 0.110819
369 0.11079
370 0.110686
371 0.110782
372 0.110719
373 0.110682
374 0.110765
375 0.110669
376 0.110635
377 0.11073
378 0.110635
379 0.110658
380 0.110646
381 0.110613
382 0.110604
383 0.110641
384 0.11063
385 0.110555
386 0.110611
387 0.110646
388 0.110594
389 0.110677
390 0.110558
391 0.110518
392 0.110569
393 0.110613
394 0.110555
395 0.110592
396 0.110539
397 0.110592
398 0.110544
399 0.11054
400 0.110539
