1 0.499857
2 0.499787
3 0.499552
4 0.499566
5 0.498837
6 0.499609
7 0.5831
8 0.582873
9 0.600217
10 0.599541
11 0.607071
12 0.606912
13 0.646012
14 0.655724
15 0.664311
16 0.667857
17 0.673432
18 0.674547
19 0.683108
20 0.690739
21 0.697815
22 0.701699
23 0.7065
24 0.708558
25 0.709954
26 0.713242
27 0.714679
28 0.71675
29 0.717721
30 0.719001
31 0.72083
32 0.721379
33 0.72245
34 0.723054
35 0.724011
36 0.726084
37 0.725727
38 0.725894
39 0.727678
40 0.728278
41 0.727952
42 0.729297
43 0.729458
44 0.729575
45 0.72991
46 0.73055
47 0.731299
48 0.73104
49 0.732134
50 0.731871
51 0.733164
52 0.733297
53 0.733641
54 0.733632
55 0.734373
56 0.734092
57 0.735034
58 0.735024
59 0.73478
60 0.735549
61 0.735437
62 0.735671
63 0.736026
64 0.736549
65 0.736876
66 0.736843
67 0.736278
68 0.736927
69 0.736774
70 0.737584
71 0.737198
72 0.736601
73 0.737085
74 0.737827
75 0.737574
76 0.737791
77 0.738551
78 0.738618
79 0.738811
80 0.738727
81 0.738551
82 0.738721
83 0.738695
84 0.73913
85 0.73967
86 0.73985
87 0.739484
88 0.739717
89 0.739167
90 0.739274
91 0.740145
92 0.739743
93 0.740338
94 0.740693
95 0.740053
96 0.740485
97 0.74013
98 0.740259
99 0.740586
100 0.74102
101 0.740931
102 0.74094
103 0.740623
104 0.741058
105 0.740975
106 0.740821
107 0.740819
108 0.741394
109 0.741371
110 0.741532
111 0.741113
112 0.741349
113 0.741791
114 0.741691
115 0.741674
116 0.74133
117 0.741673
118 0.741822
119 0.741783
120 0.742039
121 0.741759
122 0.741846
123 0.742381
124 0.742035
125 0.742365
126 0.742359
127 0.742382
128 0.742433
129 0.742788
130 0.742584
131 0.742989
132 0.742439
133 0.742566
134 0.742485
135 0.742028
136 0.742682
137 0.743236
138 0.742502
139 0.742664
140 0.742716
141 0.743097
142 0.742565
143 0.742367
144 0.742771
145 0.743147
146 0.742924
147 0.742837
148 0.743156
149 0.743414
150 0.743157
151 0.743108
152 0.743225
153 0.743674
154 0.743694
155 0.743572
156 0.742922
157 0.743049
158 0.743598
159 0.743833
160 0.743025
161 0.744213
162 0.743703
163 0.743092
164 0.743871
165 0.743992
166 0.743878
167 0.743323
168 0.744162
169 0.744054
170 0.744482
171 0.744636
172 0.743646
173 0.744693
174 0.743797
175 0.743571
176 0.743792
177 0.744016
178 0.744174
179 0.744168
180 0.744495
181 0.744261
182 0.744547
183 0.744176
184 0.743769
185 0.744558
186 0.744178
187 0.743394
188 0.744098
189 0.744043
190 0.744136
191 0.744226
192 0.744195
193 0.744861
194 0.744697
195 0.74363
196 0.744457
197 0.743871
198 0.744772
199 0.744506
200 0.7446
201 0.745073
202 0.74429
203 0.744892
204 0.744684
205 0.74519
206 0.74512
207 0.744863
208 0.745559
209 0.74546
210 0.744502
211 0.744919
212 0.745183
213 0.744754
214 0.745549
215 0.745273
216 0.745652
217 0.744972
218 0.744961
219 0.7456
220 0.745215
221 0.744777
222 0.745005
223 0.745387
224 0.744526
225 0.744953
226 0.745939
227 0.745141
228 0.744405
229 0.745105
230 0.745347
231 0.745633
232 0.745238
233 0.745107
234 0.745725
235 0.745617
236 0.745387
237 0.744762
238 0.745286
239 0.744718
240 0.745455
241 0.744641
242 0.745183
243 0.746132
244 0.744885
245 0.745236
246 0.745512
247 0.74546
248 0.745915
249 0.74552
250 0.745245
251 0.745747
252 0.745595
253 0.745678
254 0.745161
255 0.74521
256 0.745682
257 0.745376
258 0.745862
259 0.745739
260 0.745887
261 0.7462
262 0.745706
263 0.7454
264 0.745027
265 0.746058
266 0.745084
267 0.746663
268 0.745748
269 0.746303
270 0.746128
271 0.745866
272 0.746131
273 0.745464
274 0.746182
275 0.745486
276 0.745543
277 0.746465
278 0.746614
279 0.745798
280 0.745586
281 0.746141
282 0.746574
283 0.746482
284 0.745405
285 0.746144
286 0.745965
287 0.745562
288 0.745894
289 0.746199
290 0.746511
291 0.746067
292 0.745063
293 0.746432
294 0.745682
295 0.746009
296 0.746132
297 0.747254
298 0.746425
299 0.746165
300 0.74588
301 0.745973
302 0.746416
303 0.74565
304 0.745677
305 0.746304
306 0.745639
307 0.746302
308 0.746518
309 0.746137
310 0.746783
311 0.746856
312 0.745971
313 0.746744
314 0.746741
315 0.747092
316 0.745957
317 0.745977
318 0.746219
319 0.746824
320 0.746279
321 0.745423
322 0.746413
323 0.747106
324 0.746368
325 0.746241
326 0.746705
327 0.747097
328 0.746418
329 0.746202
330 0.746309
331 0.746013
332 0.746032
333 0.746037
334 0.746704
335 0.745844
336 0.747146
337 0.746718
338 0.746547
339 0.746508
340 0.746257
341 0.746282
342 0.746327
343 0.746818
344 0.746358
345 0.746088
346 0.746772
347 0.746176
348 0.746884
349 0.746292
350 0.74665
351 0.746087
352 0.746587
353 0.746388
354 0.745926
355 0.746154
356 0.746911
357 0.746469
358 0.746365
359 0.746635
360 0.746582
361 0.746365
362 0.747149
363 0.746145
364 0.746046
365 0.745673
366 0.747212
367 0.745945
368 0.746219
369 0.74622
370 0.746073
371 0.746592
372 0.74673
373 0.745903
374 0.746331
375 0.747227
376 0.747062
377 0.747155
378 0.746705
379 0.746069
380 0.746987
381 0.746326
382 0.746337
383 0.746025
384 0.746304
385 0.74665
386 0.746858
387 0.746613
388 0.746317
389 0.747179
390 0.746711
391 0.74658
392 0.746164
393 0.747618
394 0.746745
395 0.746784
396 0.746552
397 0.746861
398 0.746241
399 0.747589
400 0.746813
