1 0.500001
2 0.5
3 0.5
4 0.5
5 0.5
6 0.5
7 0.499729
8 0.499751
9 0.499442
10 0.499474
11 0.499597
12 0.499705
13 0.499045
14 0.499033
15 0.498883
16 0.498652
17 0.498646
18 0.498801
19 0.498252
20 0.498156
21 0.498055
22 0.497924
23 0.497547
24 0.497403
25 0.497106
26 0.496808
27 0.496762
28 0.496613
29 0.49628
30 0.496304
31 0.496164
32 0.496022
33 0.495839
34 0.49568
35 0.495538
36 0.495436
37 0.495419
38 0.495358
39 0.495187
40 0.495018
41 0.494731
42 0.494794
43 0.494618
44 0.494537
45 0.494419
46 0.494297
47 0.49442
48 0.49419
49 0.49417
50 0.494136
51 0.493921
52 0.493961
53 0.493843
54 0.493809
55 0.493616
56 0.493748
57 0.493587
58 0.493716
59 0.493575
60 0.493493
61 0.493473
62 0.493458
63 0.493239
64 0.493154
65 0.493175
66 0.493161
67 0.49313
68 0.493061
69 0.49312
70 0.493092
71 0.49301
72 0.492974
73 0.49287
74 0.492892
75 0.492669
76 0.492767
77 0.492665
78 0.49288
79 0.492531
80 0.492492
81 0.492665
82 0.492496
83 0.492595
84 0.492429
85 0.492342
86 0.492448
87 0.4924
88 0.492254
89 0.492442
90 0.492446
91 0.49231
92 0.492107
93 0.492257
94 0.492317
95 0.492267
96 0.492393
97 0.492278
98 0.492143
99 0.492252
100 0.492
101 0.492031
102 0.492016
103 0.491958
104 0.49193
105 0.492082
106 0.491867
107 0.491827
108 0.492088
109 0.4919
110 0.491827
111 0.492021
112 0.491806
113 0.491757
114 0.491818
115 0.491802
116 0.491849
117 0.491721
118 0.491745
119 0.491754
120 0.49177
121 0.491731
122 0.491747
123 0.491522
124 0.491727
125 0.491724
126 0.491648
127 0.491716
128 0.491518
129 0.491715
130 0.491666
131 0.491438
132 0.491471
133 0.491538
134 0.491697
135 0.49156
136 0.491599
137 0.491503
138 0.491423
139 0.491656
140 0.491381
141 0.491404
142 0.491358
143 0.491349
144 0.491307
145 0.491499
146 0.49132
147 0.491383
148 0.491358
149 0.4914
150 0.491406
151 0.491452
152 0.491339
153 0.491313
154 0.491355
155 0.491374
156 0.491385
157 0.491321
158 0.491283
159 0.491519
160 0.491207
161 0.491343
162 0.491333
163 0.491429
164 0.491275
165 0.491164
166 0.491134
167 0.491257
168 0.491221
169 0.491167
170 0.491313
171 0.491324
172 0.491247
173 0.491342
174 0.49107
175 0.491239
176 0.491153
177 0.491171
178 0.491057
179 0.49129
180 0.491057
181 0.491243
182 0.491315
183 0.491145
184 0.491239
185 0.491212
186 0.491086
187 0.491101
188 0.490997
189 0.491226
190 0.491027
191 0.491164
192 0.49121
193 0.491059
194 0.491102
195 0.491253
196 0.490964
197 0.49116
198 0.491069
199 0.490978
200 0.490995
201 0.491047
202 0.491189
203 0.491115
204 0.491032
205 0.491092
206 0.490987
207 0.490974
208 0.491013
209 0.490966
210 0.490921
211 0.491036
212 0.491067
213 0.491081
214 0.49098
215 0.491011
216 0.490923
217 0.49094
218 0.491035
219 0.491199
220 0.490847
221 0.491086
222 0.490871
223 0.491098
224 0.491059
225 0.49104
226 0.490915
227 0.490881
228 0.490884
229 0.490969
230 0.490799
231 0.490841
232 0.491025
233 0.491045
234 0.490834
235 0.490878
236 0.49084
237 0.4909
238 0.490973
239 0.49081
240 0.490994
241 0.490964
242 0.490905
243 0.4908
244 0.490885
245 0.490809
246 0.491005
247 0.490903
248 0.490881
249 0.490895
250 0.490854
251 0.491
252 0.490833
253 0.490833
254 0.490932
255 0.490697
256 0.490897
257 0.490849
258 0.490827
259 0.490985
260 0.490881
261 0.49083
262 0.490901
263 0.490816
264 0.490949
265 0.490746
266 0.490818
267 0.490705
268 0.490741
269 0.490707
270 0.490666
271 0.490874
272 0.490961
273 0.490884
274 0.490866
275 0.490838
276 0.490839
277 0.490723
278 0.490802
279 0.490814
280 0.490767
281 0.490784
282 0.490661
283 0.490925
284 0.49069
285 0.49061
286 0.490872
287 0.490746
288 0.491041
289 0.490839
290 0.491025
291 0.490848
292 0.490916
293 0.49063
294 0.490764
295 0.490848
296 0.490716
297 0.490662
298 0.490723
299 0.490723
300 0.490524
301 0.490741
302 0.490639
303 0.490709
304 0.490746
305 0.490646
306 0.490789
307 0.490778
308 0.490844
309 0.490746
310 0.49068
311 0.490741
312 0.490561
313 0.490807
314 0.490729
315 0.490709
316 0.490589
317 0.490585
318 0.490817
319 0.490562
320 0.490758
321 0.490648
322 0.490664
323 0.490676
324 0.490486
325 0.490548
326 0.490857
327 0.490754
328 0.490821
329 0.490659
330 0.49059
331 0.490517
332 0.490646
333 0.490566
334 0.490703
335 0.49081
336 0.490646
337 0.490666
338 0.490656
339 0.490666
340 0.490479
341 0.490703
342 0.490907
343 0.49063
344 0.490477
345 0.490712
346 0.490606
347 0.490614
348 0.490433
349 0.490738
350 0.490646
351 0.490554
352 0.490515
353 0.490753
354 0.490652
355 0.490609
356 0.490635
357 0.490684
358 0.490556
359 0.490598
360 0.490489
361 0.490562
362 0.490518
363 0.490552
364 0.490709
365 0.490557
366 0.490689
367 0.490684
368 0.490522
369 0.490589
370 0.490501
371 0.490586
372 0.490624
373 0.490637
374 0.490593
375 0.490472
376 0.490544
377 0.490679
378 0.490542
379 0.490754
380 0.490654
381 0.490687
382 0.490717
383 0.490579
384 0.490491
385 0.490432
386 0.490606
387 0.49066
388 0.490651
389 0.490651
390 0.490435
391 0.490649
392 0.490576
393 0.490509
394 0.49041
395 0.490607
396 0.490573
397 0.490587
398 0.490491
399 0.490715
400 0.490594
