1 0.100222
2 0.100222
3 0.100181
4 0.100093
5 0.100214
6 0.100124
7 0.100132
8 0.100089
9 0.100031
10 0.100032
11 0.0999859
12 0.100011
13 0.100026
14 0.100056
15 0.100061
16 0.100043
17 0.100078
18 0.100046
19 0.100018
20 0.100033
21 0.0999909
22 0.0999921
23 0.0999798
24 0.100021
25 0.100063
26 0.101024
27 0.102591
28 0.104566
29 0.106739
30 0.109013
31 0.111248
32 0.113453
33 0.115592
34 0.11769
35 0.119693
36 0.121873
37 0.124161
38 0.126542
39 0.129338
40 0.131903
41 0.134445
42 0.137032
43 0.139409
44 0.142006
45 0.144295
46 0.146735
47 0.14892
48 0.151266
49 0.153965
50 0.156594
51 0.158825
52 0.161178
53 0.16395
54 0.166185
55 0.16891
56 0.171398
57 0.173683
58 0.176186
59 0.178661
60 0.181535
61 0.184083
62 0.186295
63 0.188888
64 0.191122
65 0.194097
66 0.196336
67 0.19871
68 0.201306
69 0.203606
70 0.205894
71 0.20848
72 0.21105
73 0.213181
74 0.215646
75 0.217894
76 0.220112
77 0.222818
78 0.224825
79 0.227204
80 0.229161
81 0.231372
82 0.233698
83 0.235899
84 0.23795
85 0.240522
86 0.242164
87 0.244264
88 0.246916
89 0.2484
90 0.250723
91 0.252934
92 0.254948
93 0.256582
94 0.258974
95 0.260706
96 0.26288
97 0.26511
98 0.267082
99 0.269101
100 0.270677
101 0.273043
102 0.274218
103 0.276532
104 0.27796
105 0.280249
106 0.281856
107 0.284003
108 0.285867
109 0.287468
110 0.28917
111 0.290895
112 0.292383
113 0.294571
114 0.295851
115 0.297585
116 0.299545
117 0.301047
118 0.302597
119 0.304248
120 0.305699
121 0.306986
122 0.308823
123 0.310631
124 0.311758
125 0.313614
126 0.3156
127 0.317113
128 0.31831
129 0.320016
130 0.321581
131 0.32299
132 0.324107
133 0.325828
134 0.327224
135 0.328403
136 0.33055
137 0.331154
138 0.333227
139 0.334428
140 0.335881
141 0.337398
142 0.338686
143 0.340285
144 0.341315
145 0.342785
146 0.343676
147 0.344768
148 0.346657
149 0.347378
150 0.349195
151 0.350515
152 0.351791
153 0.352844
154 0.35476
155 0.355803
156 0.357234
157 0.357605
158 0.359567
159 0.36027
160 0.361248
161 0.36254
162 0.36421
163 0.365649
164 0.366624
165 0.367418
166 0.368995
167 0.369946
168 0.371009
169 0.372233
170 0.373244
171 0.374448
172 0.375451
173 0.376766
174 0.378351
175 0.379197
176 0.37994
177 0.380771
178 0.382325
179 0.383488
180 0.38442
181 0.385104
182 0.386755
183 0.387531
184 0.388416
185 0.389817
186 0.3907
187 0.391299
188 0.392686
189 0.393639
190 0.394486
191 0.395565
192 0.396892
193 0.397645
194 0.398701
195 0.39935
196 0.400683
197 0.401444
198 0.402458
199 0.40315
200 0.403958
201 0.405364
202 0.406229
203 0.406895
204 0.407677
205 0.408486
206 0.409846
207 0.410803
208 0.411743
209 0.412578
210 0.413471
211 0.414627
212 0.415251
213 0.416172
214 0.41736
215 0.417543
216 0.418727
217 0.419482
218 0.420528
219 0.420933
220 0.422073
221 0.422832
222 0.424063
223 0.424616
224 0.424893
225 0.426753
226 0.426913
227 0.427677
228 0.428494
229 0.429536
230 0.430321
231 0.431821
232 0.431764
233 0.432688
234 0.433483
235 0.434094
236 0.435149
237 0.436371
238 0.436552
239 0.437523
240 0.438557
241 0.439104
242 0.439705
243 0.440404
244 0.441069
245 0.442253
246 0.442041
247 0.443763
248 0.443992
249 0.444462
250 0.445536
251 0.446451
252 0.447067
253 0.447632
254 0.448741
255 0.449669
256 0.450426
257 0.450213
258 0.451503
259 0.452928
260 0.452814
261 0.453717
262 0.454398
263 0.455035
264 0.455644
265 0.455877
266 0.456815
267 0.45781
268 0.458027
269 0.459113
270 0.459199
271 0.460398
272 0.460616
273 0.461141
274 0.462469
275 0.462973
276 0.463904
277 0.464482
278 0.465154
279 0.465526
280 0.466398
281 0.466749
282 0.467297
283 0.467631
284 0.468714
285 0.469557
286 0.470091
287 0.470203
288 0.471782
289 0.471794
290 0.472254
291 0.473287
292 0.473532
293 0.475021
294 0.475445
295 0.475887
296 0.476403
297 0.476568
298 0.477284
299 0.477974
300 0.478039
301 0.47905
302 0.479487
303 0.480246
304 0.481043
305 0.481204
306 0.482
307 0.483077
308 0.483149
309 0.484042
310 0.484138
311 0.484922
312 0.485145
313 0.48623
314 0.486168
315 0.486823
316 0.487277
317 0.488298
318 0.488787
319 0.48951
320 0.490209
321 0.490701
322 0.491081
323 0.491859
324 0.492265
325 0.492648
326 0.493032
327 0.493392
328 0.493505
329 0.495113
330 0.495282
331 0.496076
332 0.496309
333 0.496722
334 0.4972
335 0.497517
336 0.49896
337 0.498978
338 0.498804
339 0.50023
340 0.500184
341 0.50136
342 0.501033
343 0.501734
344 0.501973
345 0.502969
346 0.503295
347 0.503825
348 0.504798
349 0.505313
350 0.50536
351 0.506455
352 0.506355
353 0.507207
354 0.507072
355 0.507694
356 0.507692
357 0.508401
358 0.508537
359 0.509755
360 0.510424
361 0.510754
362 0.510922
363 0.511584
364 0.511859
365 0.512315
366 0.51312
367 0.513606
368 0.513819
369 0.514167
370 0.514593
371 0.51501
372 0.516398
373 0.516016
374 0.516548
375 0.51671
376 0.517485
377 0.518242
378 0.518845
379 0.517986
380 0.519417
381 0.519516
382 0.520735
383 0.520752
384 0.521348
385 0.521837
386 0.522037
387 0.522211
388 0.523134
389 0.523041
390 0.524038
391 0.52413
392 0.524556
393 0.524663
394 0.525172
395 0.526112
396 0.52594
397 0.526449
398 0.527047
399 0.5268
400 0.527177
