1 0.458126
2 0.33818
3 0.272267
4 0.234106
5 0.208496
6 0.189937
7 0.175315
8 0.163748
9 0.154083
10 0.146056
11 0.13933
12 0.135158
13 0.130526
14 0.126254
15 0.122529
16 0.119068
17 0.115892
18 0.112943
19 0.110199
20 0.107541
21 0.10499
22 0.103291
23 0.10147
24 0.0996883
25 0.0977822
26 0.0969583
27 0.0960482
28 0.0948423
29 0.0942475
30 0.0935173
31 0.0928676
32 0.0919238
33 0.091453
34 0.0902536
35 0.0893006
36 0.0885328
37 0.0881621
38 0.0879267
39 0.0875223
40 0.0875042
41 0.0869812
42 0.0871684
43 0.0870669
44 0.0870755
45 0.0868494
46 0.0869337
47 0.0867824
48 0.0867202
49 0.0867213
50 0.0868741
51 0.0869176
52 0.0871469
53 0.0873017
54 0.0874635
55 0.0873026
56 0.0874086
57 0.0878715
58 0.0878641
59 0.0878514
60 0.0880385
61 0.0879978
62 0.0881491
63 0.0881095
64 0.0882729
65 0.0883948
66 0.088785
67 0.0887062
68 0.0889311
69 0.0891288
70 0.0891678
71 0.0892337
72 0.0894303
73 0.0891831
74 0.0896523
75 0.0896948
76 0.0897999
77 0.0901319
78 0.0902271
79 0.090067
80 0.0903371
81 0.0905394
82 0.0905262
83 0.0908381
84 0.0907439
85 0.0908578
86 0.0909774
87 0.0913273
88 0.0913733
89 0.0914478
90 0.0916507
91 0.0916448
92 0.0917965
93 0.0923273
94 0.092099
95 0.0921719
96 0.0922041
97 0.0923734
98 0.0923538
99 0.0926869
100 0.092612
101 0.092746
102 0.0928638
103 0.0929503
104 0.0929996
105 0.0930652
106 0.0933377
107 0.0931939
108 0.0936394
109 0.0935184
110 0.0936152
111 0.0937513
112 0.0938305
113 0.0939964
114 0.0942968
115 0.0941798
116 0.0942068
117 0.0942199
118 0.0942718
119 0.0944124
120 0.0945384
121 0.0946125
122 0.0946735
123 0.0946552
124 0.0948009
125 0.0948325
126 0.0948975
127 0.0948786
128 0.0948419
129 0.0952345
130 0.0953581
131 0.0953571
132 0.0955418
133 0.0952884
134 0.0955761
135 0.0955814
136 0.0956222
137 0.095745
138 0.0957399
139 0.0957724
140 0.0959733
141 0.0960459
142 0.095976
143 0.0961247
144 0.0962287
145 0.0961403
146 0.0960284
147 0.0962705
148 0.0963532
149 0.0964665
150 0.0965652
151 0.096577
152 0.0966607
153 0.0966389
154 0.0968048
155 0.0967097
156 0.0966974
157 0.0967817
158 0.0967882
159 0.0969492
160 0.0969238
161 0.0970223
162 0.0970473
163 0.0970859
164 0.0970903
165 0.0972334
166 0.0972776
167 0.0973543
168 0.0972648
169 0.0973426
170 0.0972579
171 0.0974449
172 0.0974161
173 0.0974991
174 0.0974399
175 0.0974686
176 0.0976405
177 0.0975674
178 0.0976861
179 0.0977035
180 0.0978152
181 0.0976546
182 0.0979395
183 0.0977545
184 0.0979563
185 0.0979344
186 0.0979682
187 0.0979138
188 0.0979945
189 0.0978887
190 0.0978622
191 0.0981532
192 0.0981513
193 0.0980836
194 0.0981451
195 0.0981864
196 0.098142
197 0.0982819
198 0.0982142
199 0.0981921
200 0.0984269
201 0.0983303
202 0.0982727
203 0.0983379
204 0.09834
205 0.0981019
206 0.0984158
207 0.0984272
208 0.0984074
209 0.0984387
210 0.098519
211 0.0985211
212 0.0986806
213 0.0986574
214 0.098537
215 0.0985732
216 0.098684
217 0.0985762
218 0.0986769
219 0.0988214
220 0.0987292
221 0.0987412
222 0.0987528
223 0.0987273
224 0.0988089
225 0.0988157
226 0.0988761
227 0.0988785
228 0.098809
229 0.0988495
230 0.098886
231 0.0988558
232 0.0988799
233 0.098921
234 0.0990065
235 0.0988406
236 0.0989655
237 0.0989581
238 0.099004
239 0.0990458
240 0.0990244
241 0.099085
242 0.0990068
243 0.0991757
244 0.0989932
245 0.0989834
246 0.0990821
247 0.0991569
248 0.0990718
249 0.099137
250 0.0991672
251 0.0991303
252 0.0991721
253 0.0992676
254 0.099172
255 0.0990436
256 0.0992601
257 0.0993674
258 0.0992662
259 0.0991672
260 0.099313
261 0.0994103
262 0.0993261
263 0.0992482
264 0.0993538
265 0.0993657
266 0.0992813
267 0.0993577
268 0.0992928
269 0.099272
270 0.0993595
271 0.0993101
272 0.0993766
273 0.09941
274 0.0993817
275 0.0994839
276 0.0994328
277 0.0992963
278 0.0994077
279 0.0994946
280 0.0994257
281 0.0994244
282 0.0994682
283 0.0994922
284 0.0995165
285 0.0994781
286 0.0995063
287 0.099466
288 0.0995155
289 0.0994827
290 0.0995179
291 0.0995402
292 0.0995869
293 0.0996106
294 0.0994854
295 0.0995412
296 0.0995773
297 0.0994674
298 0.0994767
299 0.0995723
300 0.099549
301 0.099589
302 0.0996326
303 0.0995788
304 0.099548
305 0.0995913
306 0.0995736
307 0.0995705
308 0.099636
309 0.0997499
310 0.0996538
311 0.0996114
312 0.0995839
313 0.0996364
314 0.0996762
315 0.0995901
316 0.099642
317 0.0996775
318 0.0996732
319 0.0996006
320 0.0996726
321 0.0996663
322 0.0997201
323 0.0997598
324 0.0997004
325 0.0996603
326 0.0997142
327 0.0996753
328 0.0998008
329 0.0996335
330 0.099783
331 0.099742
332 0.0998183
333 0.0997522
334 0.0997875
335 0.0997263
336 0.0997326
337 0.0996825
338 0.0996888
339 0.099791
340 0.0996391
341 0.0999402
342 0.0997785
343 0.0997252
344 0.0997689
345 0.0998
346 0.0997366
347 0.0997963
348 0.0997287
349 0.0997116
350 0.0997398
351 0.0998328
352 0.0997441
353 0.0997747
354 0.0997579
355 0.0997373
356 0.0998828
357 0.0997995
358 0.0998463
359 0.0997915
360 0.099779
361 0.0997999
362 0.0997323
363 0.0998362
364 0.099853
365 0.0997993
366 0.0998484
367 0.0997736
368 0.0998597
369 0.0997542
370 0.0997105
371 0.0998611
372 0.099776
373 0.0998229
374 0.0998792
375 0.0997868
376 0.099842
377 0.099843
378 0.0997972
379 0.0998786
380 0.0998001
381 0.0997596
382 0.099794
383 0.0997722
384 0.0996989
385 0.0998338
386 0.0998295
387 0.099844
388 0.0998039
389 0.099778
390 0.0999941
391 0.0997828
392 0.0997677
393 0.099804
394 0.0998202
395 0.0998584
396 0.0998735
397 0.0997506
398 0.0997933
399 0.0998107
400 0.0998159
