1 0.49996
2 0.5
3 0.499777
4 0.499823
5 0.51544
6 0.530486
7 0.541224
8 0.553363
9 0.563084
10 0.572722
11 0.580642
12 0.586609
13 0.593632
14 0.600172
15 0.604493
16 0.610233
17 0.614965
18 0.619278
19 0.623658
20 0.628066
21 0.631279
22 0.634765
23 0.638376
24 0.641542
25 0.644655
26 0.647809
27 0.650822
28 0.653522
29 0.656428
30 0.658964
31 0.661398
32 0.663624
33 0.66621
34 0.668321
35 0.670539
36 0.672689
37 0.674669
38 0.676717
39 0.678557
40 0.680472
41 0.682472
42 0.684089
43 0.685942
44 0.687595
45 0.68929
46 0.690906
47 0.692447
48 0.694027
49 0.695551
50 0.697088
51 0.698605
52 0.699871
53 0.701288
54 0.70277
55 0.703994
56 0.705366
57 0.706551
58 0.707972
59 0.709224
60 0.71044
61 0.711638
62 0.712822
63 0.713915
64 0.715133
65 0.716263
66 0.717348
67 0.718495
68 0.719591
69 0.720618
70 0.721672
71 0.72272
72 0.723707
73 0.724889
74 0.725633
75 0.726714
76 0.727611
77 0.728562
78 0.729433
79 0.7304
80 0.731284
81 0.732134
82 0.733085
83 0.73386
84 0.734777
85 0.735711
86 0.7364
87 0.737239
88 0.7381
89 0.73883
90 0.739661
91 0.740417
92 0.741238
93 0.741947
94 0.742762
95 0.743489
96 0.744245
97 0.744948
98 0.745704
99 0.746364
100 0.747129
101 0.747828
102 0.748573
103 0.749104
104 0.749817
105 0.750451
106 0.75122
107 0.751832
108 0.752477
109 0.753119
110 0.753719
111 0.754355
112 0.755001
113 0.755618
114 0.756252
115 0.756809
116 0.757429
117 0.75795
118 0.758609
119 0.759161
120 0.759716
121 0.760304
122 0.760818
123 0.761427
124 0.76194
125 0.762529
126 0.763055
127 0.763643
128 0.764128
129 0.76457
130 0.765133
131 0.765679
132 0.766192
133 0.766754
134 0.767258
135 0.767734
136 0.768247
137 0.768743
138 0.769202
139 0.769712
140 0.770153
141 0.770636
142 0.771153
143 0.771605
144 0.772066
145 0.772535
146 0.772923
147 0.773465
148 0.773876
149 0.774351
150 0.774788
151 0.775208
152 0.775672
153 0.776102
154 0.776523
155 0.776954
156 0.777382
157 0.777812
158 0.778251
159 0.778637
160 0.779069
161 0.779467
162 0.779907
163 0.780284
164 0.780734
165 0.781101
166 0.781491
167 0.781913
168 0.782338
169 0.782745
170 0.783173
171 0.783344
172 0.783751
173 0.784149
174 0.784564
175 0.784944
176 0.785324
177 0.78571
178 0.786019
179 0.786432
180 0.786775
181 0.787153
182 0.787474
183 0.787828
184 0.788207
185 0.78855
186 0.78883
187 0.789245
188 0.789567
189 0.789899
190 0.790261
191 0.790609
192 0.790931
193 0.791248
194 0.791592
195 0.791856
196 0.792251
197 0.792551
198 0.792887
199 0.793241
200 0.793549
201 0.793858
202 0.794177
203 0.794483
204 0.794766
205 0.795225
206 0.795439
207 0.795729
208 0.796033
209 0.796364
210 0.796615
211 0.796926
212 0.797265
213 0.797567
214 0.797841
215 0.798134
216 0.798447
217 0.798716
218 0.799032
219 0.799342
220 0.799567
221 0.799872
222 0.800157
223 0.800453
224 0.800731
225 0.801009
226 0.801287
227 0.801538
228 0.801873
229 0.802119
230 0.802391
231 0.802649
232 0.802933
233 0.803176
234 0.803429
235 0.803706
236 0.803975
237 0.804261
238 0.80451
239 0.804764
240 0.80503
241 0.805363
242 0.80555
243 0.805816
244 0.806081
245 0.806307
246 0.806587
247 0.806827
248 0.807074
249 0.807331
250 0.807597
251 0.807844
252 0.808099
253 0.80837
254 0.808623
255 0.808884
256 0.809008
257 0.80913
258 0.809386
259 0.80965
260 0.809886
261 0.810131
262 0.810394
263 0.810618
264 0.810852
265 0.811085
266 0.811335
267 0.81153
268 0.811788
269 0.812003
270 0.812234
271 0.812465
272 0.812673
273 0.812826
274 0.813124
275 0.813338
276 0.813546
277 0.813774
278 0.81398
279 0.814179
280 0.814421
281 0.814618
282 0.814839
283 0.815056
284 0.815276
285 0.815462
286 0.815686
287 0.815901
288 0.8161
289 0.816314
290 0.81652
291 0.816702
292 0.816871
293 0.817175
294 0.817328
295 0.817517
296 0.81772
297 0.81791
298 0.818134
299 0.818303
300 0.818515
301 0.818691
302 0.818911
303 0.819104
304 0.819307
305 0.819488
306 0.819704
307 0.819907
308 0.820046
309 0.820243
310 0.820436
311 0.820634
312 0.820835
313 0.821009
314 0.821197
315 0.821321
316 0.821586
317 0.82176
318 0.821954
319 0.822144
320 0.822312
321 0.822482
322 0.822674
323 0.822844
324 0.823044
325 0.823219
326 0.823386
327 0.823579
328 0.823766
329 0.823944
330 0.824093
331 0.824295
332 0.82444
333 0.824613
334 0.824792
335 0.824965
336 0.825137
337 0.825295
338 0.825465
339 0.825624
340 0.825766
341 0.825848
342 0.826252
343 0.826367
344 0.826509
345 0.82667
346 0.826821
347 0.826983
348 0.827151
349 0.827319
350 0.827478
351 0.827618
352 0.827794
353 0.82794
354 0.82813
355 0.82828
356 0.828416
357 0.828606
358 0.82877
359 0.8289
360 0.82907
361 0.829215
362 0.829395
363 0.829548
364 0.829697
365 0.829877
366 0.83
367 0.830158
368 0.830319
369 0.830475
370 0.83062
371 0.83077
372 0.830898
373 0.831108
374 0.831247
375 0.831399
376 0.831532
377 0.831681
378 0.831837
379 0.831984
380 0.832141
381 0.83228
382 0.832455
383 0.832611
384 0.832723
385 0.832832
386 0.832987
387 0.833141
388 0.833288
389 0.833443
390 0.833557
391 0.833742
392 0.833872
393 0.834013
394 0.834185
395 0.834306
396 0.834441
397 0.834585
398 0.834736
399 0.834861
400 0.835002
