1 0.458094
2 0.324048
3 0.272372
4 0.241687
5 0.222423
6 0.209085
7 0.199174
8 0.191696
9 0.185678
10 0.180668
11 0.176531
12 0.172893
13 0.169795
14 0.167075
15 0.164724
16 0.162623
17 0.160781
18 0.159178
19 0.157657
20 0.156259
21 0.154908
22 0.153764
23 0.15273
24 0.151763
25 0.150685
26 0.149967
27 0.149275
28 0.148458
29 0.147884
30 0.147209
31 0.146732
32 0.145991
33 0.145653
34 0.144963
35 0.144419
36 0.143999
37 0.14362
38 0.143255
39 0.142835
40 0.142486
41 0.141951
42 0.14173
43 0.141424
44 0.141204
45 0.140827
46 0.140613
47 0.140292
48 0.140063
49 0.139765
50 0.139513
51 0.139295
52 0.139078
53 0.138901
54 0.138754
55 0.138432
56 0.138217
57 0.138098
58 0.13794
59 0.137689
60 0.137564
61 0.137366
62 0.137203
63 0.136945
64 0.136772
65 0.13672
66 0.136655
67 0.136478
68 0.136378
69 0.136252
70 0.136126
71 0.13606
72 0.135885
73 0.135712
74 0.135658
75 0.135546
76 0.135421
77 0.135354
78 0.135246
79 0.135131
80 0.135032
81 0.134956
82 0.134809
83 0.134819
84 0.13464
85 0.134545
86 0.13448
87 0.134464
88 0.134369
89 0.134268
90 0.134233
91 0.134081
92 0.134037
93 0.134165
94 0.133902
95 0.133825
96 0.13378
97 0.133724
98 0.133581
99 0.133589
100 0.133483
101 0.133433
102 0.133371
103 0.133308
104 0.133234
105 0.13315
106 0.133176
107 0.133088
108 0.133093
109 0.133024
110 0.132953
111 0.132882
112 0.132847
113 0.132836
114 0.1328
115 0.132713
116 0.132635
117 0.13257
118 0.132544
119 0.132465
120 0.132479
121 0.132454
122 0.132406
123 0.132355
124 0.132315
125 0.13228
126 0.132214
127 0.132179
128 0.132046
129 0.132098
130 0.132102
131 0.132086
132 0.132045
133 0.131946
134 0.131953
135 0.131934
136 0.13188
137 0.13187
138 0.131803
139 0.131757
140 0.131761
141 0.13173
142 0.13169
143 0.131628
144 0.131621
145 0.131599
146 0.131491
147 0.131493
148 0.131509
149 0.131476
150 0.131448
151 0.131434
152 0.131437
153 0.131391
154 0.131368
155 0.131316
156 0.131305
157 0.131283
158 0.131241
159 0.131256
160 0.13119
161 0.131189
162 0.131161
163 0.131116
164 0.131094
165 0.131066
166 0.13107
167 0.131042
168 0.131011
169 0.131015
170 0.130952
171 0.131044
172 0.130917
173 0.130929
174 0.130916
175 0.130883
176 0.130889
177 0.130863
178 0.130858
179 0.130811
180 0.130821
181 0.130719
182 0.13079
183 0.130755
184 0.130746
185 0.13071
186 0.130698
187 0.130661
188 0.130674
189 0.130615
190 0.130593
191 0.130613
192 0.130571
193 0.130547
194 0.130567
195 0.130505
196 0.130519
197 0.130522
198 0.13051
199 0.130457
200 0.130463
201 0.130444
202 0.130406
203 0.130419
204 0.130382
205 0.130134
206 0.13035
207 0.130344
208 0.130305
209 0.130321
210 0.130316
211 0.130259
212 0.130272
213 0.130296
214 0.130225
215 0.130227
216 0.130242
217 0.130158
218 0.130167
219 0.130176
220 0.130146
221 0.130127
222 0.130137
223 0.130122
224 0.130104
225 0.130099
226 0.130076
227 0.130081
228 0.130047
229 0.130052
230 0.130062
231 0.130024
232 0.130004
233 0.129993
234 0.13001
235 0.129949
236 0.129931
237 0.129924
238 0.129901
239 0.129909
240 0.129918
241 0.129978
242 0.129877
243 0.129897
244 0.129867
245 0.129845
246 0.129825
247 0.129837
248 0.129819
249 0.12983
250 0.129775
251 0.129794
252 0.129752
253 0.129776
254 0.129754
255 0.129743
256 0.129745
257 0.129717
258 0.129711
259 0.129699
260 0.129702
261 0.129727
262 0.12971
263 0.129666
264 0.129673
265 0.129647
266 0.129636
267 0.129668
268 0.129628
269 0.129618
270 0.129661
271 0.1296
272 0.129607
273 0.129558
274 0.12958
275 0.129573
276 0.129566
277 0.129562
278 0.129525
279 0.129535
280 0.129538
281 0.129517
282 0.129542
283 0.12953
284 0.129525
285 0.129471
286 0.129477
287 0.129484
288 0.129485
289 0.129446
290 0.129465
291 0.129474
292 0.129458
293 0.129453
294 0.129397
295 0.129421
296 0.129417
297 0.129419
298 0.129415
299 0.129374
300 0.12938
301 0.129377
302 0.129369
303 0.129358
304 0.129369
305 0.129357
306 0.129347
307 0.129306
308 0.129345
309 0.129336
310 0.129321
311 0.129311
312 0.129294
313 0.129292
314 0.129297
315 0.129212
316 0.129272
317 0.129266
318 0.129294
319 0.12925
320 0.129254
321 0.129268
322 0.129258
323 0.129244
324 0.129251
325 0.12923
326 0.129212
327 0.129226
328 0.129222
329 0.129199
330 0.1292
331 0.129213
332 0.129197
333 0.12918
334 0.129191
335 0.129168
336 0.129165
337 0.129132
338 0.129138
339 0.129151
340 0.129127
341 0.129358
342 0.129219
343 0.129117
344 0.129094
345 0.129126
346 0.129102
347 0.129117
348 0.129086
349 0.12907
350 0.129077
351 0.12909
352 0.129071
353 0.129073
354 0.12904
355 0.12906
356 0.129043
357 0.129017
358 0.129042
359 0.129031
360 0.129043
361 0.12902
362 0.128982
363 0.129009
364 0.128997
365 0.129019
366 0.128993
367 0.12896
368 0.128984
369 0.128955
370 0.128956
371 0.128959
372 0.128958
373 0.128941
374 0.128941
375 0.128939
376 0.128941
377 0.128946
378 0.128906
379 0.128914
380 0.128899
381 0.128891
382 0.128917
383 0.128903
384 0.128855
385 0.128899
386 0.128872
387 0.128896
388 0.128892
389 0.128853
390 0.12889
391 0.128844
392 0.128853
393 0.128854
394 0.128875
395 0.128854
396 0.128862
397 0.128823
398 0.128844
399 0.12879
400 0.128821
