1 0.499896
2 0.499952
3 0.499893
4 0.499702
5 0.499772
6 0.499829
7 0.499767
8 0.499732
9 0.499722
10 0.49965
11 0.499676
12 0.499647
13 0.499652
14 0.499729
15 0.499739
16 0.499758
17 0.49976
18 0.49974
19 0.499789
20 0.499796
21 0.499804
22 0.49982
23 0.49981
24 0.499833
25 0.49984
26 0.499831
27 0.500471
28 0.501349
29 0.502293
30 0.503284
31 0.504234
32 0.505108
33 0.505974
34 0.506781
35 0.507539
36 0.508263
37 0.508929
38 0.509554
39 0.510156
40 0.510733
41 0.51128
42 0.511828
43 0.51234
44 0.512807
45 0.513252
46 0.513716
47 0.51412
48 0.514517
49 0.514897
50 0.515272
51 0.515636
52 0.516023
53 0.51638
54 0.516735
55 0.517075
56 0.517392
57 0.517698
58 0.518027
59 0.518326
60 0.518622
61 0.518924
62 0.519221
63 0.519482
64 0.519755
65 0.520025
66 0.520302
67 0.520533
68 0.520785
69 0.521041
70 0.521293
71 0.521517
72 0.521756
73 0.52202
74 0.522254
75 0.522495
76 0.522748
77 0.523013
78 0.523262
79 0.52349
80 0.523745
81 0.523977
82 0.524208
83 0.524477
84 0.524701
85 0.524893
86 0.525179
87 0.525379
88 0.525604
89 0.525816
90 0.526046
91 0.52623
92 0.526439
93 0.526658
94 0.526832
95 0.527019
96 0.52721
97 0.527405
98 0.527578
99 0.527783
100 0.527975
101 0.528184
102 0.52834
103 0.528548
104 0.528775
105 0.528963
106 0.529147
107 0.529314
108 0.529481
109 0.529667
110 0.529846
111 0.529998
112 0.530145
113 0.530295
114 0.530438
115 0.530567
116 0.530712
117 0.530855
118 0.53097
119 0.531124
120 0.531247
121 0.53137
122 0.531497
123 0.531599
124 0.531734
125 0.531838
126 0.531973
127 0.532034
128 0.532172
129 0.532303
130 0.532389
131 0.532456
132 0.532556
133 0.532616
134 0.532678
135 0.532742
136 0.53281
137 0.532875
138 0.532929
139 0.532977
140 0.533036
141 0.533055
142 0.533092
143 0.533138
144 0.533171
145 0.533199
146 0.533224
147 0.533237
148 0.533263
149 0.533282
150 0.533293
151 0.533313
152 0.533321
153 0.533324
154 0.533321
155 0.533308
156 0.533296
157 0.533267
158 0.533235
159 0.533214
160 0.533185
161 0.533148
162 0.533109
163 0.533082
164 0.533016
165 0.532986
166 0.53295
167 0.532899
168 0.53284
169 0.532819
170 0.532673
171 0.532624
172 0.532668
173 0.532565
174 0.532514
175 0.532447
176 0.532392
177 0.532324
178 0.532284
179 0.532177
180 0.532112
181 0.532028
182 0.531962
183 0.531876
184 0.531778
185 0.531701
186 0.531643
187 0.531505
188 0.531421
189 0.531322
190 0.531237
191 0.53114
192 0.531048
193 0.530954
194 0.530855
195 0.530753
196 0.530657
197 0.530546
198 0.530465
199 0.530355
200 0.530267
201 0.530164
202 0.530064
203 0.529964
204 0.529858
205 0.529717
206 0.529663
207 0.529546
208 0.529439
209 0.529324
210 0.529224
211 0.529088
212 0.528974
213 0.528855
214 0.528741
215 0.528627
216 0.528513
217 0.528397
218 0.528276
219 0.528179
220 0.528064
221 0.527928
222 0.527814
223 0.527699
224 0.527584
225 0.527469
226 0.527346
227 0.527221
228 0.527103
229 0.527008
230 0.526898
231 0.526788
232 0.526672
233 0.526551
234 0.526456
235 0.526328
236 0.526204
237 0.526089
238 0.525972
239 0.525846
240 0.525736
241 0.525618
242 0.525496
243 0.525369
244 0.525252
245 0.525129
246 0.525011
247 0.524894
248 0.524778
249 0.524665
250 0.524543
251 0.524429
252 0.524328
253 0.524196
254 0.524075
255 0.523954
256 0.523905
257 0.523854
258 0.523746
259 0.523623
260 0.523512
261 0.523406
262 0.523301
263 0.5232
264 0.523111
265 0.523013
266 0.522917
267 0.52283
268 0.52274
269 0.522662
270 0.522576
271 0.522494
272 0.522409
273 0.522331
274 0.522258
275 0.522184
276 0.522114
277 0.522039
278 0.52198
279 0.521919
280 0.521855
281 0.521796
282 0.521742
283 0.5217
284 0.521645
285 0.521607
286 0.521573
287 0.521539
288 0.521505
289 0.52147
290 0.521438
291 0.521423
292 0.521419
293 0.521392
294 0.521367
295 0.521356
296 0.521347
297 0.521341
298 0.521328
299 0.521335
300 0.521327
301 0.52134
302 0.521346
303 0.521355
304 0.52137
305 0.521393
306 0.521413
307 0.521467
308 0.521496
309 0.521527
310 0.521576
311 0.521629
312 0.521687
313 0.521752
314 0.521814
315 0.521881
316 0.521956
317 0.522028
318 0.522113
319 0.52219
320 0.522281
321 0.522368
322 0.522459
323 0.522547
324 0.522646
325 0.522747
326 0.522858
327 0.522956
328 0.523066
329 0.523175
330 0.523303
331 0.523431
332 0.523562
333 0.523696
334 0.523836
335 0.52398
336 0.524125
337 0.52428
338 0.524439
339 0.524602
340 0.524757
341 0.524987
342 0.525092
343 0.525265
344 0.525457
345 0.525628
346 0.525811
347 0.525986
348 0.526171
349 0.526351
350 0.526533
351 0.526718
352 0.526908
353 0.527096
354 0.52728
355 0.527479
356 0.527692
357 0.527878
358 0.528075
359 0.528293
360 0.528499
361 0.528706
362 0.528928
363 0.529152
364 0.529373
365 0.529596
366 0.529823
367 0.530033
368 0.530257
369 0.530485
370 0.530714
371 0.530937
372 0.531188
373 0.531394
374 0.53161
375 0.531842
376 0.532068
377 0.532291
378 0.53252
379 0.532741
380 0.532965
381 0.533182
382 0.533406
383 0.53361
384 0.533858
385 0.534103
386 0.534313
387 0.53453
388 0.534759
389 0.534983
390 0.535226
391 0.535422
392 0.535649
393 0.535867
394 0.536088
395 0.536307
396 0.536528
397 0.536746
398 0.536946
399 0.537171
400 0.537378
