1 0.219891
2 0.220003
3 0.220012
4 0.220037
5 0.220031
6 0.220049
7 0.220056
8 0.220056
9 0.220047
10 0.220034
11 0.220014
12 0.220031
13 0.220032
14 0.220027
15 0.220023
16 0.220026
17 0.220033
18 0.220016
19 0.220016
20 0.220019
21 0.220018
22 0.220008
23 0.220009
24 0.220001
25 0.220006
26 0.220002
27 0.21938
28 0.218499
29 0.217537
30 0.21657
31 0.215631
32 0.214735
33 0.213887
34 0.213085
35 0.212328
36 0.211613
37 0.210937
38 0.210295
39 0.209684
40 0.209107
41 0.208556
42 0.208032
43 0.207535
44 0.20706
45 0.206604
46 0.206166
47 0.20575
48 0.20535
49 0.20496
50 0.204577
51 0.204205
52 0.20384
53 0.203483
54 0.203133
55 0.202792
56 0.202459
57 0.202133
58 0.201815
59 0.201504
60 0.201199
61 0.200902
62 0.200612
63 0.200328
64 0.200051
65 0.19978
66 0.199517
67 0.199261
68 0.199011
69 0.198766
70 0.198527
71 0.198291
72 0.198056
73 0.197822
74 0.197585
75 0.19734
76 0.197095
77 0.19685
78 0.196606
79 0.196364
80 0.196123
81 0.195885
82 0.195649
83 0.195417
84 0.195187
85 0.19496
86 0.194736
87 0.194515
88 0.194297
89 0.194082
90 0.193869
91 0.193662
92 0.193461
93 0.193264
94 0.193071
95 0.19288
96 0.192692
97 0.192504
98 0.192314
99 0.19212
100 0.191918
101 0.191717
102 0.191517
103 0.191321
104 0.191128
105 0.190941
106 0.190759
107 0.190581
108 0.190406
109 0.190236
110 0.190069
111 0.189907
112 0.189754
113 0.189604
114 0.189459
115 0.189318
116 0.189181
117 0.189049
118 0.188921
119 0.188795
120 0.188672
121 0.188551
122 0.188431
123 0.18831
124 0.188191
125 0.18807
126 0.187952
127 0.18784
128 0.187734
129 0.187635
130 0.187544
131 0.187459
132 0.187378
133 0.187304
134 0.187235
135 0.18717
136 0.18711
137 0.187054
138 0.187001
139 0.186953
140 0.186908
141 0.186866
142 0.186828
143 0.186793
144 0.18676
145 0.186729
146 0.186706
147 0.186686
148 0.186666
149 0.186648
150 0.186631
151 0.186618
152 0.18661
153 0.186609
154 0.186614
155 0.186624
156 0.186639
157 0.186659
158 0.186684
159 0.186713
160 0.186745
161 0.186781
162 0.18682
163 0.186861
164 0.186905
165 0.186951
166 0.186999
167 0.187049
168 0.1871
169 0.187153
170 0.187207
171 0.187261
172 0.187316
173 0.187373
174 0.187431
175 0.18749
176 0.187553
177 0.187618
178 0.187687
179 0.18776
180 0.187835
181 0.187914
182 0.187995
183 0.188078
184 0.188164
185 0.188252
186 0.188341
187 0.188432
188 0.188524
189 0.188617
190 0.188711
191 0.188806
192 0.188903
193 0.188999
194 0.189096
195 0.189193
196 0.189289
197 0.189389
198 0.189488
199 0.189588
200 0.189688
201 0.189788
202 0.189889
203 0.189991
204 0.190094
205 0.190199
206 0.190304
207 0.190411
208 0.190524
209 0.190638
210 0.190753
211 0.190868
212 0.190983
213 0.191099
214 0.191215
215 0.191331
216 0.191447
217 0.191564
218 0.19168
219 0.191798
220 0.191917
221 0.192035
222 0.192153
223 0.19227
224 0.192386
225 0.192502
226 0.192617
227 0.192732
228 0.192846
229 0.19296
230 0.193074
231 0.193188
232 0.193302
233 0.193419
234 0.193536
235 0.193653
236 0.193771
237 0.193889
238 0.194006
239 0.194124
240 0.194245
241 0.194364
242 0.194484
243 0.194605
244 0.194726
245 0.194846
246 0.194965
247 0.195083
248 0.1952
249 0.195315
250 0.195429
251 0.195541
252 0.195652
253 0.195761
254 0.195868
255 0.195974
256 0.19608
257 0.196183
258 0.196286
259 0.196387
260 0.196487
261 0.196587
262 0.196685
263 0.196782
264 0.196878
265 0.196972
266 0.197064
267 0.197154
268 0.197243
269 0.19733
270 0.197415
271 0.197499
272 0.19758
273 0.19766
274 0.197737
275 0.197811
276 0.197884
277 0.197953
278 0.19802
279 0.198083
280 0.198142
281 0.198198
282 0.198251
283 0.1983
284 0.198345
285 0.198387
286 0.198426
287 0.198462
288 0.198496
289 0.198526
290 0.198553
291 0.198578
292 0.198599
293 0.198617
294 0.198633
295 0.198645
296 0.198655
297 0.198663
298 0.198669
299 0.198671
300 0.198671
301 0.198667
302 0.198659
303 0.198648
304 0.198631
305 0.19861
306 0.198583
307 0.198552
308 0.198516
309 0.198474
310 0.198427
311 0.198375
312 0.198319
313 0.198257
314 0.198192
315 0.198123
316 0.19805
317 0.197973
318 0.197894
319 0.197811
320 0.197725
321 0.197636
322 0.197545
323 0.197451
324 0.197354
325 0.197255
326 0.197152
327 0.197046
328 0.196936
329 0.196821
330 0.196701
331 0.196576
332 0.196447
333 0.196313
334 0.196174
335 0.196029
336 0.195879
337 0.195725
338 0.195566
339 0.195403
340 0.195238
341 0.195068
342 0.194898
343 0.194725
344 0.194549
345 0.194373
346 0.194194
347 0.194014
348 0.193833
349 0.193651
350 0.193466
351 0.19328
352 0.193093
353 0.192904
354 0.192713
355 0.192519
356 0.192322
357 0.192122
358 0.191919
359 0.191712
360 0.191503
361 0.191291
362 0.191077
363 0.190859
364 0.19064
365 0.190419
366 0.190197
367 0.189973
368 0.189748
369 0.189523
370 0.189297
371 0.189071
372 0.188845
373 0.188619
374 0.188394
375 0.188169
376 0.187945
377 0.187721
378 0.187497
379 0.187274
380 0.187051
381 0.186827
382 0.186604
383 0.186381
384 0.186157
385 0.185933
386 0.185709
387 0.185484
388 0.18526
389 0.185035
390 0.184811
391 0.184588
392 0.184366
393 0.184145
394 0.183925
395 0.183705
396 0.183487
397 0.18327
398 0.183055
399 0.182842
400 0.182636
