1 0.5
2 0.379538
3 0.32599
4 0.301924
5 0.285209
6 0.273548
7 0.26524
8 0.25919
9 0.25426
10 0.250136
11 0.24698
12 0.243839
13 0.241295
14 0.238873
15 0.237238
16 0.235316
17 0.233385
18 0.232299
19 0.231262
20 0.229813
21 0.228578
22 0.227878
23 0.226755
24 0.225863
25 0.224627
26 0.224116
27 0.223858
28 0.222726
29 0.222314
30 0.221399
31 0.22101
32 0.220161
33 0.219871
34 0.219046
35 0.218917
36 0.218311
37 0.217848
38 0.217379
39 0.217202
40 0.216749
41 0.21612
42 0.215862
43 0.21569
44 0.215291
45 0.215289
46 0.214769
47 0.214648
48 0.214344
49 0.213877
50 0.213564
51 0.213071
52 0.213041
53 0.212986
54 0.212738
55 0.21249
56 0.212055
57 0.212397
58 0.211734
59 0.211636
60 0.211385
61 0.21122
62 0.211107
63 0.211063
64 0.210304
65 0.210702
66 0.210544
67 0.210182
68 0.210017
69 0.209728
70 0.209725
71 0.20957
72 0.209407
73 0.208933
74 0.209205
75 0.208998
76 0.208915
77 0.208831
78 0.208733
79 0.208448
80 0.208405
81 0.208425
82 0.208159
83 0.208101
84 0.207857
85 0.207608
86 0.207815
87 0.207705
88 0.207573
89 0.207667
90 0.207414
91 0.207457
92 0.207237
93 0.2072
94 0.207114
95 0.206795
96 0.206849
97 0.20681
98 0.206709
99 0.206674
100 0.206548
101 0.206244
102 0.206134
103 0.20641
104 0.206167
105 0.206241
106 0.206037
107 0.205879
108 0.205976
109 0.205773
110 0.205895
111 0.205649
112 0.205674
113 0.205534
114 0.205365
115 0.205466
116 0.205325
117 0.205483
118 0.205243
119 0.205107
120 0.205216
121 0.204955
122 0.205083
123 0.204978
124 0.205045
125 0.204749
126 0.204706
127 0.204788
128 0.20475
129 0.204814
130 0.204731
131 0.20463
132 0.204531
133 0.204498
134 0.204408
135 0.204437
136 0.204439
137 0.204257
138 0.204239
139 0.204248
140 0.204132
141 0.204214
142 0.204098
143 0.204073
144 0.204103
145 0.20398
146 0.204159
147 0.203899
148 0.203814
149 0.203889
150 0.203813
151 0.203755
152 0.203795
153 0.203689
154 0.2036
155 0.203707
156 0.203523
157 0.203524
158 0.203389
159 0.203621
160 0.203405
161 0.203393
162 0.203398
163 0.203281
164 0.203166
165 0.203278
166 0.203254
167 0.203299
168 0.203161
169 0.203015
170 0.202864
171 0.203418
172 0.203047
173 0.203081
174 0.202989
175 0.20288
176 0.202848
177 0.202884
178 0.202979
179 0.202856
180 0.202869
181 0.202675
182 0.202767
183 0.202741
184 0.20274
185 0.202589
186 0.202821
187 0.202558
188 0.20261
189 0.20261
190 0.202433
191 0.202573
192 0.202389
193 0.202478
194 0.202502
195 0.202592
196 0.202348
197 0.202413
198 0.202442
199 0.202306
200 0.202286
201 0.202255
202 0.202235
203 0.202177
204 0.202288
205 0.201926
206 0.202121
207 0.2022
208 0.202096
209 0.202055
210 0.202119
211 0.202044
212 0.201898
213 0.202078
214 0.20199
215 0.201891
216 0.201919
217 0.201848
218 0.201969
219 0.201818
220 0.201916
221 0.201936
222 0.201749
223 0.20186
224 0.201829
225 0.201788
226 0.201827
227 0.201923
228 0.201852
229 0.201711
230 0.201649
231 0.201625
232 0.201716
233 0.201608
234 0.201655
235 0.201635
236 0.201606
237 0.201504
238 0.201507
239 0.201598
240 0.201546
241 0.20137
242 0.201456
243 0.201422
244 0.201416
245 0.201392
246 0.201334
247 0.201365
248 0.201458
249 0.201445
250 0.201394
251 0.201333
252 0.201406
253 0.201231
254 0.201343
255 0.201101
256 0.201438
257 0.201381
258 0.201311
259 0.201336
260 0.201278
261 0.201215
262 0.201223
263 0.201173
264 0.20125
265 0.201119
266 0.201125
267 0.201233
268 0.201175
269 0.201117
270 0.201149
271 0.200996
272 0.201179
273 0.201209
274 0.201012
275 0.201072
276 0.201045
277 0.200988
278 0.201023
279 0.200981
280 0.200973
281 0.200883
282 0.201039
283 0.200835
284 0.200941
285 0.20088
286 0.200903
287 0.200828
288 0.200866
289 0.200928
290 0.200794
291 0.2009
292 0.200882
293 0.200796
294 0.200779
295 0.200813
296 0.20077
297 0.200835
298 0.2008
299 0.200736
300 0.200711
301 0.20075
302 0.200675
303 0.2007
304 0.200711
305 0.200627
306 0.200755
307 0.200502
308 0.200611
309 0.200692
310 0.200703
311 0.200583
312 0.2006
313 0.20074
314 0.200649
315 0.200812
316 0.200614
317 0.200631
318 0.200664
319 0.20055
320 0.200394
321 0.200534
322 0.200532
323 0.200622
324 0.200571
325 0.200406
326 0.20045
327 0.200397
328 0.200386
329 0.200402
330 0.200476
331 0.200477
332 0.200482
333 0.200516
334 0.20048
335 0.200448
336 0.200484
337 0.200423
338 0.20043
339 0.200374
340 0.200441
341 0.20057
342 0.20018
343 0.200266
344 0.200305
345 0.200353
346 0.200258
347 0.200292
348 0.200226
349 0.200253
350 0.200261
351 0.200274
352 0.200201
353 0.200223
354 0.200248
355 0.200217
356 0.200269
357 0.200162
358 0.200221
359 0.200195
360 0.200178
361 0.200207
362 0.200174
363 0.200149
364 0.200112
365 0.20012
366 0.200209
367 0.200178
368 0.200154
369 0.200098
370 0.200176
371 0.200105
372 0.200178
373 0.200122
374 0.200174
375 0.200008
376 0.200083
377 0.200117
378 0.200038
379 0.20012
380 0.200008
381 0.200103
382 0.200005
383 0.200053
384 0.200062
385 0.200013
386 0.200038
387 0.200071
388 0.20004
389 0.199969
390 0.200067
391 0.199987
392 0.200044
393 0.199895
394 0.199982
395 0.199962
396 0.199958
397 0.199873
398 0.199952
399 0.199891
400 0.19996
