1 0.45828
2 0.461325
3 0.463012
4 0.464611
5 0.466465
6 0.467639
7 0.468437
8 0.469609
9 0.470501
10 0.471331
11 0.472026
12 0.472755
13 0.473314
14 0.473625
15 0.474386
16 0.474903
17 0.47521
18 0.476091
19 0.476386
20 0.476967
21 0.477525
22 0.477523
23 0.477942
24 0.478219
25 0.478618
26 0.478785
27 0.479207
28 0.479567
29 0.4799
30 0.479966
31 0.480158
32 0.480783
33 0.480697
34 0.480994
35 0.481359
36 0.481464
37 0.481532
38 0.481759
39 0.482078
40 0.482243
41 0.482412
42 0.482699
43 0.482573
44 0.482863
45 0.483091
46 0.483148
47 0.483207
48 0.483246
49 0.483665
50 0.483818
51 0.484
52 0.484158
53 0.48388
54 0.484157
55 0.484451
56 0.484437
57 0.484556
58 0.484388
59 0.484636
60 0.484703
61 0.484864
62 0.484861
63 0.485192
64 0.485251
65 0.485332
66 0.485505
67 0.485489
68 0.485455
69 0.485556
70 0.485779
71 0.485636
72 0.485725
73 0.485831
74 0.485997
75 0.486184
76 0.486327
77 0.486221
78 0.486447
79 0.486308
80 0.486687
81 0.486502
82 0.486644
83 0.486535
84 0.486883
85 0.486853
86 0.486827
87 0.486901
88 0.487046
89 0.486818
90 0.487174
91 0.487086
92 0.4872
93 0.487237
94 0.487259
95 0.487283
96 0.487445
97 0.487414
98 0.487611
99 0.487687
100 0.487688
101 0.487675
102 0.487693
103 0.48765
104 0.487626
105 0.487868
106 0.487624
107 0.487874
108 0.487695
109 0.48795
110 0.487989
111 0.488164
112 0.488055
113 0.487824
114 0.487996
115 0.48813
116 0.488309
117 0.488285
118 0.488345
119 0.488254
120 0.488331
121 0.48841
122 0.488369
123 0.488521
124 0.488453
125 0.488521
126 0.488515
127 0.488446
128 0.488857
129 0.48878
130 0.488535
131 0.488595
132 0.488751
133 0.488857
134 0.488904
135 0.488747
136 0.488676
137 0.48884
138 0.488925
139 0.488976
140 0.48897
141 0.489105
142 0.488926
143 0.48902
144 0.488934
145 0.489034
146 0.48906
147 0.489234
148 0.489161
149 0.48918
150 0.489168
151 0.489186
152 0.489113
153 0.48924
154 0.489355
155 0.489337
156 0.489155
157 0.489335
158 0.48931
159 0.489345
160 0.489378
161 0.489222
162 0.489462
163 0.489605
164 0.489492
165 0.489573
166 0.489489
167 0.489503
168 0.489613
169 0.489501
170 0.489593
171 0.489741
172 0.489491
173 0.489775
174 0.489795
175 0.489523
176 0.489728
177 0.489534
178 0.489689
179 0.489696
180 0.489563
181 0.48972
182 0.489802
183 0.489992
184 0.489723
185 0.489902
186 0.489838
187 0.490024
188 0.489913
189 0.489811
190 0.490028
191 0.490064
192 0.489906
193 0.48972
194 0.489961
195 0.489938
196 0.490086
197 0.490135
198 0.489884
199 0.490055
200 0.49012
201 0.489998
202 0.49
203 0.490202
204 0.490214
205 0.489939
206 0.490233
207 0.490264
208 0.490176
209 0.490222
210 0.49007
211 0.490297
212 0.490255
213 0.490186
214 0.490197
215 0.490335
216 0.49034
217 0.490383
218 0.490354
219 0.490374
220 0.490384
221 0.490424
222 0.490219
223 0.490359
224 0.490387
225 0.490339
226 0.490426
227 0.490562
228 0.490536
229 0.490599
230 0.490488
231 0.490488
232 0.490599
233 0.490774
234 0.490699
235 0.49046
236 0.490594
237 0.49061
238 0.490651
239 0.490546
240 0.490611
241 0.490506
242 0.490498
243 0.490636
244 0.490685
245 0.490481
246 0.490795
247 0.490584
248 0.490589
249 0.490704
250 0.490611
251 0.490771
252 0.490748
253 0.49058
254 0.490637
255 0.490551
256 0.490585
257 0.490787
258 0.490746
259 0.490777
260 0.490921
261 0.490891
262 0.490747
263 0.490719
264 0.490938
265 0.490801
266 0.490859
267 0.490855
268 0.490873
269 0.490816
270 0.491034
271 0.49074
272 0.490926
273 0.49095
274 0.490964
275 0.490829
276 0.490971
277 0.49082
278 0.490871
279 0.491046
280 0.491111
281 0.491196
282 0.490969
283 0.491164
284 0.49111
285 0.490845
286 0.491012
287 0.491069
288 0.49104
289 0.490845
290 0.490923
291 0.490917
292 0.491056
293 0.491093
294 0.490954
295 0.491048
296 0.491296
297 0.491117
298 0.49095
299 0.491051
300 0.491082
301 0.491096
302 0.491032
303 0.491197
304 0.491145
305 0.49107
306 0.491105
307 0.491218
308 0.491166
309 0.491235
310 0.491215
311 0.491274
312 0.491299
313 0.491131
314 0.491165
315 0.491137
316 0.491077
317 0.491157
318 0.491393
319 0.491256
320 0.491231
321 0.491324
322 0.491168
323 0.491175
324 0.491283
325 0.491197
326 0.49139
327 0.491246
328 0.491282
329 0.49144
330 0.491389
331 0.491299
332 0.49123
333 0.491298
334 0.491377
335 0.491298
336 0.491479
337 0.491486
338 0.491453
339 0.49126
340 0.491379
341 0.491358
342 0.491381
343 0.491366
344 0.491432
345 0.491415
346 0.491366
347 0.491313
348 0.491399
349 0.491391
350 0.491321
351 0.491355
352 0.491451
353 0.491462
354 0.491366
355 0.491407
356 0.49144
357 0.491521
358 0.491336
359 0.49159
360 0.491507
361 0.491508
362 0.491446
363 0.491696
364 0.49153
365 0.491596
366 0.49156
367 0.491539
368 0.49149
369 0.491445
370 0.491538
371 0.491513
372 0.491557
373 0.491474
374 0.491612
375 0.49142
376 0.49163
377 0.49166
378 0.491648
379 0.491611
380 0.491612
381 0.491592
382 0.491474
383 0.491548
384 0.491581
385 0.491677
386 0.491552
387 0.491578
388 0.491593
389 0.491614
390 0.491828
391 0.491754
392 0.491455
393 0.491496
394 0.491487
395 0.49158
396 0.491697
397 0.491728
398 0.491753
399 0.491621
400 0.491687
