1 0.300206
2 0.300467
3 0.300247
4 0.300418
5 0.300394
6 0.300324
7 0.300253
8 0.300211
9 0.300165
10 0.300139
11 0.300124
12 0.300163
13 0.300189
14 0.300152
15 0.300175
16 0.300152
17 0.300161
18 0.300182
19 0.300131
20 0.300155
21 0.300188
22 0.300143
23 0.300116
24 0.300144
25 0.300195
26 0.300335
27 0.300753
28 0.30134
29 0.30203
30 0.302781
31 0.303522
32 0.304454
33 0.305263
34 0.306274
35 0.307213
36 0.308133
37 0.309034
38 0.309991
39 0.310973
40 0.311882
41 0.312888
42 0.313729
43 0.314664
44 0.315573
45 0.316487
46 0.317342
47 0.318234
48 0.31909
49 0.319945
50 0.320771
51 0.321595
52 0.322422
53 0.32321
54 0.323987
55 0.324811
56 0.325563
57 0.326283
58 0.327038
59 0.327773
60 0.328483
61 0.329178
62 0.329856
63 0.330567
64 0.331218
65 0.331901
66 0.332512
67 0.333153
68 0.333747
69 0.334351
70 0.334951
71 0.335546
72 0.336127
73 0.336722
74 0.33725
75 0.337803
76 0.33834
77 0.338871
78 0.339383
79 0.339905
80 0.340416
81 0.340915
82 0.341416
83 0.341866
84 0.342379
85 0.342864
86 0.343331
87 0.343791
88 0.34424
89 0.344692
90 0.345122
91 0.345574
92 0.345988
93 0.346315
94 0.346824
95 0.347225
96 0.347646
97 0.34804
98 0.348448
99 0.348822
100 0.349219
101 0.349597
102 0.349964
103 0.350331
104 0.350708
105 0.351094
106 0.351419
107 0.3518
108 0.352131
109 0.352467
110 0.352805
111 0.353135
112 0.353467
113 0.353789
114 0.354074
115 0.354442
116 0.354748
117 0.355083
118 0.355373
119 0.35568
120 0.355983
121 0.356283
122 0.356571
123 0.356862
124 0.357148
125 0.357429
126 0.357704
127 0.357995
128 0.358267
129 0.358546
130 0.358804
131 0.359088
132 0.359359
133 0.359619
134 0.359881
135 0.360135
136 0.36039
137 0.360642
138 0.36088
139 0.361131
140 0.361374
141 0.361612
142 0.361851
143 0.362079
144 0.362312
145 0.362538
146 0.362823
147 0.363007
148 0.363233
149 0.363455
150 0.363682
151 0.363899
152 0.364111
153 0.36432
154 0.364539
155 0.36475
156 0.364955
157 0.365167
158 0.365371
159 0.365571
160 0.365775
161 0.365975
162 0.366186
163 0.366382
164 0.366581
165 0.366774
166 0.366962
167 0.367159
168 0.36735
169 0.367529
170 0.367717
171 0.367855
172 0.368085
173 0.368265
174 0.368445
175 0.368621
176 0.368798
177 0.36897
178 0.369133
179 0.369323
180 0.369491
181 0.369664
182 0.369818
183 0.369995
184 0.370154
185 0.370323
186 0.370477
187 0.370651
188 0.370806
189 0.370964
190 0.371122
191 0.371284
192 0.371438
193 0.371592
194 0.37174
195 0.37191
196 0.372043
197 0.372189
198 0.372352
199 0.37249
200 0.372637
201 0.372784
202 0.372932
203 0.373076
204 0.373213
205 0.373449
206 0.373491
207 0.373629
208 0.373769
209 0.373907
210 0.374032
211 0.374179
212 0.374312
213 0.374445
214 0.374584
215 0.37471
216 0.374843
217 0.374975
218 0.375105
219 0.375231
220 0.375359
221 0.375481
222 0.375605
223 0.375732
224 0.375856
225 0.37598
226 0.376108
227 0.376228
228 0.376344
229 0.376468
230 0.376584
231 0.3767
232 0.376819
233 0.376937
234 0.377042
235 0.377169
236 0.377281
237 0.3774
238 0.37751
239 0.377616
240 0.377734
241 0.377828
242 0.377959
243 0.378064
244 0.378175
245 0.378281
246 0.378389
247 0.378497
248 0.378605
249 0.378712
250 0.378818
251 0.37892
252 0.379029
253 0.379137
254 0.379232
255 0.379333
256 0.379438
257 0.379541
258 0.379633
259 0.379735
260 0.379835
261 0.379927
262 0.380026
263 0.380132
264 0.380224
265 0.380325
266 0.380422
267 0.380513
268 0.38061
269 0.380706
270 0.380803
271 0.380904
272 0.380989
273 0.381098
274 0.381175
275 0.381264
276 0.381352
277 0.381439
278 0.381524
279 0.381615
280 0.381706
281 0.381792
282 0.381878
283 0.381968
284 0.382055
285 0.382139
286 0.382224
287 0.382309
288 0.382396
289 0.382478
290 0.382567
291 0.382647
292 0.382731
293 0.382812
294 0.382897
295 0.382978
296 0.38306
297 0.383138
298 0.38322
299 0.383298
300 0.383378
301 0.383455
302 0.38353
303 0.383612
304 0.383688
305 0.383768
306 0.383843
307 0.383936
308 0.383998
309 0.384076
310 0.384155
311 0.38423
312 0.384303
313 0.384379
314 0.384455
315 0.38454
316 0.384597
317 0.384667
318 0.384744
319 0.384819
320 0.384891
321 0.384964
322 0.385033
323 0.385102
324 0.385175
325 0.385246
326 0.385318
327 0.385389
328 0.38546
329 0.385527
330 0.385596
331 0.385661
332 0.385734
333 0.385803
334 0.385869
335 0.38594
336 0.386006
337 0.386072
338 0.386137
339 0.386204
340 0.386268
341 0.386244
342 0.386349
343 0.386465
344 0.38653
345 0.386595
346 0.386659
347 0.38672
348 0.386781
349 0.38684
350 0.386904
351 0.386967
352 0.387028
353 0.387088
354 0.387156
355 0.387213
356 0.387275
357 0.387333
358 0.387394
359 0.387455
360 0.387515
361 0.387577
362 0.387639
363 0.38769
364 0.38775
365 0.387808
366 0.387868
367 0.387927
368 0.387984
369 0.388044
370 0.388102
371 0.388155
372 0.388215
373 0.388271
374 0.388327
375 0.388382
376 0.388438
377 0.388493
378 0.388547
379 0.388604
380 0.388658
381 0.388718
382 0.388765
383 0.388821
384 0.388877
385 0.388932
386 0.388983
387 0.389041
388 0.389093
389 0.389147
390 0.389188
391 0.389257
392 0.389306
393 0.389361
394 0.3894
395 0.389462
396 0.389515
397 0.389568
398 0.389616
399 0.389668
400 0.389721
