1 0.49986
2 0.5
3 0.499954
4 0.5
5 0.499972
6 0.5
7 0.499979
8 0.5
9 0.499985
10 0.5
11 0.499988
12 0.506469
13 0.511987
14 0.519813
15 0.5263
16 0.534107
17 0.540923
18 0.54829
19 0.554594
20 0.561516
21 0.567648
22 0.5741
23 0.579335
24 0.585058
25 0.590498
26 0.595459
27 0.600635
28 0.605463
29 0.609876
30 0.614321
31 0.618622
32 0.622448
33 0.626317
34 0.629763
35 0.633217
36 0.637104
37 0.640361
38 0.643611
39 0.647218
40 0.649715
41 0.652852
42 0.655766
43 0.658532
44 0.661256
45 0.663719
46 0.666451
47 0.668735
48 0.671677
49 0.67344
50 0.675974
51 0.677992
52 0.680653
53 0.682689
54 0.684682
55 0.686238
56 0.68885
57 0.690291
58 0.692648
59 0.694211
60 0.696202
61 0.697969
62 0.699449
63 0.701419
64 0.703547
65 0.70413
66 0.7062
67 0.707929
68 0.709436
69 0.711164
70 0.712357
71 0.71356
72 0.715186
73 0.716816
74 0.71787
75 0.719493
76 0.720637
77 0.722199
78 0.723512
79 0.724663
80 0.725938
81 0.727363
82 0.728084
83 0.7297
84 0.730201
85 0.731824
86 0.732616
87 0.734055
88 0.734907
89 0.735835
90 0.737474
91 0.738505
92 0.739546
93 0.740081
94 0.741379
95 0.742655
96 0.743021
97 0.744031
98 0.745521
99 0.746271
100 0.74697
101 0.748464
102 0.748598
103 0.749429
104 0.750587
105 0.751456
106 0.752286
107 0.753266
108 0.754275
109 0.754725
110 0.756027
111 0.756662
112 0.75664
113 0.758288
114 0.759013
115 0.759646
116 0.760368
117 0.760691
118 0.761645
119 0.762231
120 0.763372
121 0.763977
122 0.764785
123 0.765407
124 0.765777
125 0.76673
126 0.76668
127 0.767834
128 0.768378
129 0.769395
130 0.769619
131 0.770678
132 0.771402
133 0.771623
134 0.772598
135 0.772901
136 0.773289
137 0.77425
138 0.775032
139 0.775123
140 0.775665
141 0.776333
142 0.777084
143 0.777434
144 0.77815
145 0.77911
146 0.779221
147 0.780074
148 0.780176
149 0.780889
150 0.78094
151 0.782161
152 0.782399
153 0.782398
154 0.783088
155 0.783748
156 0.784151
157 0.784421
158 0.784841
159 0.785603
160 0.786216
161 0.786826
162 0.787155
163 0.787037
164 0.788032
165 0.788265
166 0.788786
167 0.789429
168 0.789981
169 0.790085
170 0.790779
171 0.790912
172 0.791305
173 0.791978
174 0.792354
175 0.792677
176 0.792681
177 0.793245
178 0.793883
179 0.794265
180 0.79469
181 0.795571
182 0.795916
183 0.795573
184 0.796148
185 0.796699
186 0.796878
187 0.797661
188 0.797905
189 0.798086
190 0.798769
191 0.79905
192 0.799244
193 0.79972
194 0.80029
195 0.800105
196 0.801175
197 0.801278
198 0.80141
199 0.801455
200 0.80185
201 0.802376
202 0.8028
203 0.803142
204 0.803497
205 0.803744
206 0.803503
207 0.804014
208 0.804302
209 0.805009
210 0.805523
211 0.805894
212 0.80603
213 0.806543
214 0.806277
215 0.806283
216 0.807086
217 0.80706
218 0.807407
219 0.808085
220 0.808005
221 0.808162
222 0.808769
223 0.809225
224 0.809531
225 0.809672
226 0.809797
227 0.81031
228 0.810729
229 0.810626
230 0.811152
231 0.811328
232 0.811271
233 0.811403
234 0.812131
235 0.812902
236 0.812702
237 0.813155
238 0.813295
239 0.813698
240 0.813351
241 0.813694
242 0.814237
243 0.814083
244 0.814752
245 0.814951
246 0.815253
247 0.815371
248 0.815565
249 0.816158
250 0.816501
251 0.816666
252 0.816984
253 0.817323
254 0.817215
255 0.81752
256 0.817939
257 0.817832
258 0.817795
259 0.818811
260 0.818078
261 0.818493
262 0.818553
263 0.81911
264 0.819335
265 0.819719
266 0.819784
267 0.819617
268 0.820454
269 0.820517
270 0.820221
271 0.821119
272 0.821055
273 0.821159
274 0.821731
275 0.821593
276 0.821668
277 0.822268
278 0.82277
279 0.822631
280 0.822852
281 0.822717
282 0.823291
283 0.823479
284 0.823731
285 0.823753
286 0.824037
287 0.824057
288 0.824462
289 0.824195
290 0.824841
291 0.824612
292 0.825022
293 0.825322
294 0.825502
295 0.825776
296 0.825508
297 0.82596
298 0.826528
299 0.826417
300 0.826471
301 0.826818
302 0.826744
303 0.827532
304 0.827199
305 0.827044
306 0.827515
307 0.827491
308 0.827886
309 0.827824
310 0.828112
311 0.82849
312 0.828904
313 0.828871
314 0.82918
315 0.828975
316 0.829525
317 0.829565
318 0.829134
319 0.829702
320 0.830146
321 0.830102
322 0.830046
323 0.830287
324 0.830916
325 0.830489
326 0.831259
327 0.831008
328 0.831593
329 0.831566
330 0.831455
331 0.831552
332 0.832015
333 0.831956
334 0.832159
335 0.831986
336 0.832643
337 0.83269
338 0.83294
339 0.833006
340 0.832949
341 0.832892
342 0.833582
343 0.833874
344 0.833828
345 0.83422
346 0.833887
347 0.834567
348 0.834467
349 0.834687
350 0.834403
351 0.834456
352 0.834651
353 0.8349
354 0.835379
355 0.834945
356 0.835255
357 0.835864
358 0.835743
359 0.835684
360 0.835321
361 0.835943
362 0.83596
363 0.835912
364 0.836684
365 0.836755
366 0.83616
367 0.837089
368 0.83706
369 0.837091
370 0.837413
371 0.837254
372 0.837391
373 0.837635
374 0.837857
375 0.838137
376 0.837488
377 0.83784
378 0.838269
379 0.838424
380 0.838278
381 0.838844
382 0.838875
383 0.839113
384 0.838981
385 0.839081
386 0.839553
387 0.839805
388 0.8394
389 0.839281
390 0.839618
391 0.83968
392 0.840141
393 0.839985
394 0.840402
395 0.840619
396 0.840976
397 0.840216
398 0.840615
399 0.840675
400 0.840661
