1 0.0780356
2 0.0780039
3 0.0780356
4 0.0780039
5 0.0780356
6 0.0780039
7 0.0780356
8 0.0780039
9 0.0780356
10 0.0780039
11 0.0780356
12 0.0589201
13 0.0590154
14 0.0490378
15 0.0491713
16 0.0427319
17 0.0426017
18 0.0378894
19 0.0379454
20 0.0343156
21 0.0342612
22 0.0313773
23 0.0311148
24 0.0292902
25 0.0287051
26 0.0275252
27 0.0269842
28 0.0260909
29 0.0253841
30 0.0245102
31 0.0241466
32 0.0233286
33 0.0228776
34 0.0224359
35 0.0219399
36 0.0215183
37 0.0210665
38 0.0206234
39 0.0201989
40 0.0198833
41 0.0194969
42 0.0190964
43 0.0187432
44 0.0184425
45 0.0181908
46 0.0178826
47 0.0175759
48 0.0171125
49 0.0170536
50 0.0168264
51 0.0164448
52 0.0162101
53 0.0159885
54 0.0157995
55 0.0155768
56 0.0152921
57 0.01515
58 0.0149183
59 0.0147573
60 0.0145928
61 0.014408
62 0.0142984
63 0.0140596
64 0.0138433
65 0.0138236
66 0.0135973
67 0.0134014
68 0.0132621
69 0.0130877
70 0.0130499
71 0.0128462
72 0.0127401
73 0.0126501
74 0.0125935
75 0.0123144
76 0.0122065
77 0.0121428
78 0.0120608
79 0.0119798
80 0.0118421
81 0.0117108
82 0.0116547
83 0.0115515
84 0.0114824
85 0.0113512
86 0.0113115
87 0.0111893
88 0.0111304
89 0.0109922
90 0.0108591
91 0.0108777
92 0.0107338
93 0.0107363
94 0.0105884
95 0.0104966
96 0.0104798
97 0.0104074
98 0.0103316
99 0.0102671
100 0.0102138
101 0.0100723
102 0.0101299
103 0.0100222
104 0.00997761
105 0.00990018
106 0.00979619
107 0.00975213
108 0.00966235
109 0.00967478
110 0.00953138
111 0.00943782
112 0.0095314
113 0.00939948
114 0.00931344
115 0.0093353
116 0.00927504
117 0.00923287
118 0.00921373
119 0.00914202
120 0.00906326
121 0.00905273
122 0.00894285
123 0.00896894
124 0.00893834
125 0.00886059
126 0.00892293
127 0.0088217
128 0.00873827
129 0.00870263
130 0.00870417
131 0.0085913
132 0.00852592
133 0.00856464
134 0.00851194
135 0.00847638
136 0.00852457
137 0.00839838
138 0.00836745
139 0.0083678
140 0.00834323
141 0.0083052
142 0.00827494
143 0.00824726
144 0.00822091
145 0.00810766
146 0.00813162
147 0.00807352
148 0.00805642
149 0.00804016
150 0.0080476
151 0.00796467
152 0.00795996
153 0.00797821
154 0.00794501
155 0.00784962
156 0.00786193
157 0.00786991
158 0.00784861
159 0.00778611
160 0.0077625
161 0.00771507
162 0.00770425
163 0.00770328
164 0.00763677
165 0.00767284
166 0.00762979
167 0.00760295
168 0.0075599
169 0.00755054
170 0.00753064
171 0.0075261
172 0.00748783
173 0.00743648
174 0.00743962
175 0.00743367
176 0.0074973
177 0.00743832
178 0.00741841
179 0.00736921
180 0.00735152
181 0.00727945
182 0.00726737
183 0.00729354
184 0.00728549
185 0.00722691
186 0.00723495
187 0.00719015
188 0.00720141
189 0.00719126
190 0.00713696
191 0.00717404
192 0.007094
193 0.00707657
194 0.00708652
195 0.00705696
196 0.00702612
197 0.00697977
198 0.0070377
199 0.0070434
200 0.00702321
201 0.00698127
202 0.00693848
203 0.00692199
204 0.00693748
205 0.00692117
206 0.00693009
207 0.00694202
208 0.00691648
209 0.00684443
210 0.00685371
211 0.00680135
212 0.00681502
213 0.00678131
214 0.00679747
215 0.00681169
216 0.00678967
217 0.00675488
218 0.00677637
219 0.00676984
220 0.00674025
221 0.00674303
222 0.00670186
223 0.00667542
224 0.0066935
225 0.00662899
226 0.0066673
227 0.00662984
228 0.00662032
229 0.00664415
230 0.00663267
231 0.00661024
232 0.00662618
233 0.00661088
234 0.00657138
235 0.0065062
236 0.00656956
237 0.00650615
238 0.00650603
239 0.00654625
240 0.00654067
241 0.00653734
242 0.00646357
243 0.00648639
244 0.00642432
245 0.00645414
246 0.00643823
247 0.00643738
248 0.00644078
249 0.00641956
250 0.0064104
251 0.00638547
252 0.00635268
253 0.00635463
254 0.00639068
255 0.00637986
256 0.00633749
257 0.00633889
258 0.00635672
259 0.00627694
260 0.00633367
261 0.00631479
262 0.00632806
263 0.006295
264 0.00626592
265 0.00627666
266 0.0062646
267 0.0062676
268 0.00625843
269 0.00625013
270 0.00625034
271 0.00621753
272 0.00623927
273 0.00624217
274 0.00618355
275 0.00624864
276 0.00619434
277 0.00616447
278 0.00616108
279 0.00618448
280 0.00615476
281 0.00616969
282 0.0061464
283 0.00613117
284 0.00613999
285 0.00615479
286 0.00612009
287 0.00613786
288 0.00610997
289 0.00610282
290 0.00609525
291 0.00612415
292 0.00608626
293 0.00609575
294 0.0060691
295 0.00606083
296 0.00606355
297 0.00605897
298 0.00598826
299 0.00605475
300 0.00606586
301 0.00601439
302 0.0060489
303 0.00595513
304 0.00602452
305 0.00598476
306 0.00603299
307 0.00599905
308 0.00598495
309 0.00602269
310 0.00598973
311 0.00595479
312 0.005967
313 0.00596335
314 0.00593196
315 0.00595104
316 0.00593594
317 0.00594354
318 0.00599651
319 0.005931
320 0.0059207
321 0.00594327
322 0.00591165
323 0.00592255
324 0.00591356
325 0.00592445
326 0.00589103
327 0.00592795
328 0.00587694
329 0.00585083
330 0.00588635
331 0.00584371
332 0.0058667
333 0.00585827
334 0.00586004
335 0.00586754
336 0.00581763
337 0.00583954
338 0.00583157
339 0.00582605
340 0.00580302
341 0.00586674
342 0.00579655
343 0.00582675
344 0.00580719
345 0.00577811
346 0.00578564
347 0.00574756
348 0.00575854
349 0.0057754
350 0.00581186
351 0.00577659
352 0.00578341
353 0.0057593
354 0.0057937
355 0.00576089
356 0.00576911
357 0.0057531
358 0.00573535
359 0.00574194
360 0.00579707
361 0.0057446
362 0.00574666
363 0.00575916
364 0.00572702
365 0.00572233
366 0.00573456
367 0.00570828
368 0.0057009
369 0.00570931
370 0.00567183
371 0.00571527
372 0.00568467
373 0.00565887
374 0.00566225
375 0.00565023
376 0.00572817
377 0.00571895
378 0.00570043
379 0.00566976
380 0.00567601
381 0.00565655
382 0.00566203
383 0.0056479
384 0.00563403
385 0.00564643
386 0.00559756
387 0.00559904
388 0.00563944
389 0.0056476
390 0.00560453
391 0.00565466
392 0.00559757
393 0.00561677
394 0.00557908
395 0.00560816
396 0.00556125
397 0.00566549
398 0.00559153
399 0.00561655
400 0.00559096
