1 0.458379
2 0.324359
3 0.272336
4 0.239337
5 0.219323
6 0.20342
7 0.192164
8 0.182597
9 0.17544
10 0.169166
11 0.164385
12 0.160622
13 0.15731
14 0.15498
15 0.152711
16 0.151189
17 0.149603
18 0.148394
19 0.147239
20 0.146133
21 0.145071
22 0.144136
23 0.143532
24 0.143052
25 0.142114
26 0.141721
27 0.141255
28 0.140899
29 0.140374
30 0.140005
31 0.139725
32 0.139307
33 0.139189
34 0.138623
35 0.138338
36 0.138065
37 0.138041
38 0.13784
39 0.137407
40 0.137246
41 0.136968
42 0.136876
43 0.136685
44 0.136605
45 0.13632
46 0.136348
47 0.136156
48 0.135927
49 0.135879
50 0.135631
51 0.135524
52 0.135426
53 0.135369
54 0.135347
55 0.135006
56 0.134964
57 0.134814
58 0.13487
59 0.13469
60 0.134683
61 0.134481
62 0.134439
63 0.134182
64 0.134138
65 0.134105
66 0.134143
67 0.133987
68 0.133936
69 0.133871
70 0.133851
71 0.133717
72 0.133619
73 0.133547
74 0.133586
75 0.133468
76 0.13338
77 0.133429
78 0.133317
79 0.133281
80 0.133143
81 0.133104
82 0.132978
83 0.133112
84 0.133008
85 0.132905
86 0.132813
87 0.132797
88 0.132832
89 0.132799
90 0.132688
91 0.132608
92 0.132686
93 0.132682
94 0.13247
95 0.132436
96 0.132435
97 0.132364
98 0.132282
99 0.13223
100 0.132144
101 0.13213
102 0.132163
103 0.132075
104 0.132066
105 0.131899
106 0.131985
107 0.131956
108 0.131971
109 0.131901
110 0.13186
111 0.131842
112 0.131811
113 0.13182
114 0.131748
115 0.131733
116 0.13165
117 0.131621
118 0.131577
119 0.131579
120 0.13159
121 0.131574
122 0.13146
123 0.131489
124 0.131439
125 0.131419
126 0.131342
127 0.13128
128 0.131177
129 0.131315
130 0.131258
131 0.131276
132 0.131203
133 0.131216
134 0.131161
135 0.131221
136 0.131134
137 0.13109
138 0.131046
139 0.130999
140 0.131092
141 0.131001
142 0.131021
143 0.130981
144 0.13088
145 0.130921
146 0.130814
147 0.130878
148 0.130831
149 0.130859
150 0.130743
151 0.130816
152 0.130808
153 0.130733
154 0.130767
155 0.130758
156 0.130652
157 0.130646
158 0.130634
159 0.130675
160 0.130671
161 0.130564
162 0.130567
163 0.130479
164 0.130496
165 0.130504
166 0.130558
167 0.130468
168 0.130399
169 0.130449
170 0.130448
171 0.130547
172 0.130347
173 0.130407
174 0.130453
175 0.130286
176 0.130371
177 0.130349
178 0.130354
179 0.130257
180 0.13028
181 0.130149
182 0.13029
183 0.130236
184 0.130183
185 0.130163
186 0.130174
187 0.130194
188 0.130181
189 0.13014
190 0.130079
191 0.130165
192 0.130092
193 0.130061
194 0.130075
195 0.130015
196 0.130098
197 0.130056
198 0.130023
199 0.129968
200 0.130002
201 0.129971
202 0.129961
203 0.129927
204 0.129969
205 0.129677
206 0.129955
207 0.129916
208 0.12987
209 0.129877
210 0.129894
211 0.129785
212 0.129909
213 0.12993
214 0.129814
215 0.129771
216 0.129806
217 0.129726
218 0.129735
219 0.129755
220 0.129696
221 0.129707
222 0.129761
223 0.129751
224 0.129678
225 0.12968
226 0.12969
227 0.129706
228 0.129646
229 0.129678
230 0.129688
231 0.129598
232 0.129632
233 0.129637
234 0.129628
235 0.129614
236 0.129578
237 0.129543
238 0.129531
239 0.129528
240 0.129589
241 0.129598
242 0.129483
243 0.129545
244 0.129505
245 0.129485
246 0.129535
247 0.12949
248 0.129503
249 0.129434
250 0.129454
251 0.129451
252 0.129393
253 0.129395
254 0.12941
255 0.129399
256 0.129362
257 0.129363
258 0.129368
259 0.12935
260 0.129355
261 0.12936
262 0.129392
263 0.129341
264 0.129366
265 0.129309
266 0.129269
267 0.129305
268 0.129264
269 0.129317
270 0.129285
271 0.129245
272 0.12927
273 0.129185
274 0.129255
275 0.129261
276 0.129261
277 0.129221
278 0.129119
279 0.129187
280 0.129236
281 0.129186
282 0.129223
283 0.129187
284 0.129162
285 0.129135
286 0.129156
287 0.129151
288 0.129136
289 0.129119
290 0.129152
291 0.129129
292 0.129107
293 0.129107
294 0.129066
295 0.129129
296 0.129087
297 0.129111
298 0.129097
299 0.129038
300 0.12906
301 0.129029
302 0.129046
303 0.128978
304 0.128987
305 0.129078
306 0.129037
307 0.128995
308 0.128996
309 0.12899
310 0.129062
311 0.128971
312 0.128972
313 0.128951
314 0.128953
315 0.128959
316 0.128954
317 0.12898
318 0.128959
319 0.128939
320 0.128973
321 0.128956
322 0.128996
323 0.128945
324 0.128933
325 0.128879
326 0.128914
327 0.128916
328 0.128934
329 0.128924
330 0.128887
331 0.128925
332 0.128875
333 0.128869
334 0.128859
335 0.128887
336 0.128836
337 0.128835
338 0.128865
339 0.128819
340 0.128844
341 0.129025
342 0.12892
343 0.128789
344 0.128748
345 0.128793
346 0.128803
347 0.128835
348 0.128763
349 0.128703
350 0.128789
351 0.128809
352 0.128741
353 0.128719
354 0.128729
355 0.128722
356 0.128718
357 0.128706
358 0.12869
359 0.128722
360 0.128786
361 0.128708
362 0.128705
363 0.12872
364 0.128702
365 0.128726
366 0.128707
367 0.128654
368 0.128721
369 0.128673
370 0.128651
371 0.128657
372 0.128688
373 0.128641
374 0.128659
375 0.128674
376 0.128675
377 0.128655
378 0.12863
379 0.128648
380 0.128629
381 0.128597
382 0.128584
383 0.12856
384 0.128547
385 0.128567
386 0.128561
387 0.128606
388 0.128607
389 0.128565
390 0.128609
391 0.128537
392 0.128512
393 0.128568
394 0.128616
395 0.128561
396 0.12856
397 0.128549
398 0.128565
399 0.128504
400 0.128519
