1 0.066543
2 0.066584
3 0.0665748
4 0.0667325
5 0.0667002
6 0.0667111
7 0.0671598
8 0.0678917
9 0.0687597
10 0.0697387
11 0.0706738
12 0.0716547
13 0.0726484
14 0.0737528
15 0.0747921
16 0.0759912
17 0.0771617
18 0.0783487
19 0.0795684
20 0.0808701
21 0.0821659
22 0.0835631
23 0.0849616
24 0.0863985
25 0.0878989
26 0.0894046
27 0.0909386
28 0.092542
29 0.094141
30 0.0958333
31 0.0975154
32 0.0992312
33 0.100931
34 0.102697
35 0.104486
36 0.106317
37 0.108132
38 0.109991
39 0.11184
40 0.113718
41 0.115621
42 0.117507
43 0.119413
44 0.121283
45 0.123198
46 0.125113
47 0.127018
48 0.128925
49 0.130832
50 0.132741
51 0.134585
52 0.136462
53 0.138318
54 0.140171
55 0.141975
56 0.143798
57 0.145613
58 0.14739
59 0.149174
60 0.150941
61 0.152692
62 0.154402
63 0.156164
64 0.15785
65 0.159562
66 0.16118
67 0.162871
68 0.164495
69 0.166132
70 0.167774
71 0.169375
72 0.170962
73 0.172526
74 0.174094
75 0.175659
76 0.177207
77 0.178725
78 0.180235
79 0.181727
80 0.183212
81 0.184691
82 0.186171
83 0.187592
84 0.18905
85 0.190474
86 0.191898
87 0.193309
88 0.194714
89 0.196059
90 0.197494
91 0.198875
92 0.200212
93 0.201533
94 0.202906
95 0.204233
96 0.20556
97 0.206865
98 0.208181
99 0.209477
100 0.210772
101 0.212071
102 0.21334
103 0.214631
104 0.215892
105 0.217179
106 0.218397
107 0.219635
108 0.22087
109 0.222089
110 0.223303
111 0.224517
112 0.225716
113 0.226895
114 0.228124
115 0.229297
116 0.230473
117 0.231673
118 0.232805
119 0.233967
120 0.235122
121 0.236273
122 0.23742
123 0.238562
124 0.23969
125 0.240808
126 0.241928
127 0.243041
128 0.244132
129 0.245252
130 0.246337
131 0.247419
132 0.248504
133 0.24958
134 0.250657
135 0.251729
136 0.252787
137 0.253845
138 0.254901
139 0.255943
140 0.256992
141 0.258028
142 0.259054
143 0.260089
144 0.26111
145 0.262113
146 0.263119
147 0.264165
148 0.265166
149 0.266155
150 0.267158
151 0.268158
152 0.269135
153 0.270114
154 0.271095
155 0.272071
156 0.273046
157 0.274011
158 0.274974
159 0.275934
160 0.276885
161 0.277832
162 0.278779
163 0.279724
164 0.28065
165 0.281584
166 0.282521
167 0.283448
168 0.284368
169 0.285277
170 0.286184
171 0.287127
172 0.288017
173 0.288922
174 0.289818
175 0.290713
176 0.291606
177 0.292493
178 0.293388
179 0.294255
180 0.295134
181 0.296006
182 0.296882
183 0.297739
184 0.298604
185 0.299462
186 0.300328
187 0.301175
188 0.302025
189 0.302873
190 0.303711
191 0.304551
192 0.305383
193 0.306224
194 0.307055
195 0.307909
196 0.308701
197 0.309529
198 0.310338
199 0.311146
200 0.311962
201 0.312773
202 0.313574
203 0.314376
204 0.315171
205 0.316021
206 0.316779
207 0.317568
208 0.318353
209 0.319133
210 0.319929
211 0.320703
212 0.321477
213 0.32225
214 0.323022
215 0.323793
216 0.324556
217 0.325324
218 0.32608
219 0.326836
220 0.327599
221 0.328352
222 0.3291
223 0.32985
224 0.330594
225 0.331333
226 0.33207
227 0.332812
228 0.333539
229 0.334276
230 0.335006
231 0.335729
232 0.336454
233 0.337179
234 0.337908
235 0.338619
236 0.339328
237 0.340046
238 0.34075
239 0.341461
240 0.342163
241 0.342838
242 0.343562
243 0.344261
244 0.344962
245 0.345653
246 0.346345
247 0.347028
248 0.347721
249 0.3484
250 0.349082
251 0.349762
252 0.350438
253 0.351112
254 0.35178
255 0.352446
256 0.353121
257 0.353795
258 0.354453
259 0.355107
260 0.355768
261 0.356417
262 0.357079
263 0.357729
264 0.358383
265 0.359029
266 0.359673
267 0.360325
268 0.360964
269 0.361605
270 0.362246
271 0.362877
272 0.363514
273 0.364165
274 0.364774
275 0.365401
276 0.366029
277 0.366651
278 0.367274
279 0.36789
280 0.368514
281 0.369129
282 0.369743
283 0.370354
284 0.370964
285 0.371573
286 0.372184
287 0.372789
288 0.373395
289 0.373997
290 0.374597
291 0.375199
292 0.375797
293 0.376381
294 0.376979
295 0.377571
296 0.378162
297 0.378746
298 0.379332
299 0.379918
300 0.380501
301 0.381082
302 0.381664
303 0.382241
304 0.382813
305 0.38339
306 0.383959
307 0.384519
308 0.385101
309 0.385669
310 0.386234
311 0.386801
312 0.387365
313 0.387926
314 0.388484
315 0.389062
316 0.389598
317 0.390155
318 0.390707
319 0.391259
320 0.391807
321 0.392356
322 0.392903
323 0.393448
324 0.393987
325 0.39453
326 0.395071
327 0.395609
328 0.396147
329 0.396683
330 0.397223
331 0.397752
332 0.398288
333 0.398819
334 0.399347
335 0.399872
336 0.400398
337 0.400923
338 0.401443
339 0.401963
340 0.402479
341 0.402993
342 0.403546
343 0.404042
344 0.404554
345 0.405063
346 0.405577
347 0.406088
348 0.406595
349 0.407098
350 0.407607
351 0.408113
352 0.408614
353 0.409117
354 0.409612
355 0.41011
356 0.410614
357 0.411106
358 0.411602
359 0.412097
360 0.412591
361 0.413084
362 0.413571
363 0.414059
364 0.414551
365 0.415034
366 0.415522
367 0.416004
368 0.416487
369 0.416971
370 0.417449
371 0.417927
372 0.418407
373 0.418876
374 0.419354
375 0.419827
376 0.420302
377 0.420773
378 0.421245
379 0.421714
380 0.422183
381 0.422654
382 0.423115
383 0.423577
384 0.424042
385 0.424506
386 0.424967
387 0.425427
388 0.425884
389 0.426342
390 0.426805
391 0.427252
392 0.427704
393 0.428156
394 0.428613
395 0.429059
396 0.42951
397 0.429958
398 0.430404
399 0.430852
400 0.431297
