1 2.29523
2 1.25626
3 0.840453
4 0.707894
5 0.700177
6 0.744427
7 0.768716
8 0.755291
9 0.708875
10 0.643655
11 0.573861
12 0.510337
13 0.457546
14 0.416331
15 0.383786
16 0.357413
17 0.334536
18 0.313084
19 0.293328
20 0.275059
21 0.258103
22 0.242938
23 0.229364
24 0.217277
25 0.206378
26 0.196819
27 0.188541
28 0.181186
29 0.174382
30 0.168005
31 0.162608
32 0.157602
33 0.152738
34 0.148175
35 0.143916
36 0.139777
37 0.135892
38 0.132205
39 0.128755
40 0.125396
41 0.122208
42 0.119289
43 0.116427
44 0.113733
45 0.111101
46 0.108598
47 0.106316
48 0.104136
49 0.102014
50 0.0999934
51 0.0980288
52 0.0961276
53 0.0943702
54 0.0926887
55 0.091156
56 0.0895484
57 0.0880817
58 0.0865203
59 0.0851576
60 0.0838482
61 0.082573
62 0.0812692
63 0.080024
64 0.0787303
65 0.077617
66 0.0766085
67 0.0756079
68 0.0746356
69 0.0736452
70 0.0726376
71 0.0716941
72 0.0707953
73 0.0698498
74 0.068893
75 0.0680609
76 0.0671928
77 0.0663783
78 0.0655921
79 0.0648249
80 0.0641044
81 0.0633466
82 0.0626086
83 0.0619555
84 0.0612858
85 0.0605614
86 0.0598902
87 0.0592559
88 0.0585711
89 0.0580287
90 0.0573827
91 0.0567579
92 0.0561402
93 0.0555285
94 0.0549805
95 0.0544065
96 0.0538526
97 0.0532725
98 0.0527689
99 0.0522434
100 0.0517011
101 0.051189
102 0.0507195
103 0.0502201
104 0.0497063
105 0.049264
106 0.0488165
107 0.0483352
108 0.0478656
109 0.0474571
110 0.0469989
111 0.0465238
112 0.0461501
113 0.0457172
114 0.0452782
115 0.0448894
116 0.0445308
117 0.044208
118 0.0437991
119 0.0434545
120 0.0430874
121 0.0427456
122 0.0423976
123 0.0420103
124 0.0416208
125 0.0413157
126 0.0409439
127 0.0406196
128 0.0402756
129 0.0399977
130 0.0396889
131 0.0393823
132 0.0390906
133 0.0387767
134 0.0384743
135 0.0381818
136 0.0378685
137 0.0375496
138 0.0373178
139 0.037035
140 0.0367935
141 0.0365175
142 0.0362464
143 0.0359768
144 0.0357387
145 0.035495
146 0.0352462
147 0.0350136
148 0.0347609
149 0.0345144
150 0.0342613
151 0.0340237
152 0.03381
153 0.0335728
154 0.0333139
155 0.0330662
156 0.0328743
157 0.0326552
158 0.0324503
159 0.0322397
160 0.0320135
161 0.0318132
162 0.0316032
163 0.0313707
164 0.0311468
165 0.030938
166 0.0307501
167 0.0305531
168 0.0303681
169 0.0301836
170 0.0300004
171 0.0298038
172 0.0296203
173 0.0294094
174 0.0292608
175 0.0290667
176 0.0289105
177 0.0286989
178 0.0285213
179 0.0283655
180 0.0281876
181 0.0280279
182 0.0278527
183 0.0277185
184 0.0275532
185 0.0273863
186 0.0272386
187 0.0270739
188 0.0269292
189 0.0267801
190 0.0266226
191 0.0264823
192 0.0263556
193 0.0262125
194 0.026068
195 0.0259343
196 0.025805
197 0.0256566
198 0.0255104
199 0.0253418
200 0.0252019
201 0.0250781
202 0.0249366
203 0.0248027
204 0.0246858
205 0.0245577
206 0.0244441
207 0.0242928
208 0.0241556
209 0.0240138
210 0.0239341
211 0.0238076
212 0.0236824
213 0.023582
214 0.0234293
215 0.023319
216 0.0231961
217 0.0230663
218 0.02295
219 0.0228409
220 0.0227424
221 0.0226399
222 0.0225381
223 0.0224319
224 0.0223011
225 0.0221819
226 0.0220852
227 0.0219759
228 0.0218839
229 0.0217821
230 0.0216845
231 0.0215637
232 0.021457
233 0.0213529
234 0.0212297
235 0.0211461
236 0.0210468
237 0.0209608
238 0.0208659
239 0.0207507
240 0.0206477
241 0.0205658
242 0.0204602
243 0.0203497
244 0.0202542
245 0.0201703
246 0.0200777
247 0.0199922
248 0.0199087
249 0.0198325
250 0.0197334
251 0.0196307
252 0.0195601
253 0.0194804
254 0.0193933
255 0.0192976
256 0.019218
257 0.0191302
258 0.0190402
259 0.0189547
260 0.0188879
261 0.0187981
262 0.0187284
263 0.0186679
264 0.0185893
265 0.018516
266 0.0184356
267 0.0183591
268 0.0182799
269 0.0182137
270 0.0181311
271 0.0180538
272 0.0179584
273 0.0178966
274 0.0178271
275 0.0177291
276 0.0176546
277 0.017599
278 0.0175507
279 0.0174804
280 0.017416
281 0.0173451
282 0.0172434
283 0.0171769
284 0.0171014
285 0.017053
286 0.0169756
287 0.0169152
288 0.016835
289 0.0167672
290 0.0167086
291 0.0166357
292 0.0165665
293 0.0165077
294 0.0164299
295 0.0163773
296 0.01632
297 0.0162615
298 0.0162005
299 0.0161315
300 0.0160808
301 0.0160274
302 0.0159765
303 0.0159018
304 0.0158661
305 0.0158158
306 0.0157545
307 0.0156942
308 0.0156336
309 0.0155788
310 0.0155185
311 0.0154713
312 0.0154284
313 0.0153728
314 0.015331
315 0.015277
316 0.0152208
317 0.0151745
318 0.0151242
319 0.015088
320 0.0150488
321 0.0149951
322 0.0149422
323 0.0148968
324 0.0148448
325 0.0147975
326 0.0147431
327 0.0146908
328 0.0146284
329 0.0145879
330 0.0145259
331 0.0144707
332 0.0144287
333 0.014381
334 0.0143227
335 0.014283
336 0.0142362
337 0.0141911
338 0.0141451
339 0.014096
340 0.0140444
341 0.0139885
342 0.0139527
343 0.0138946
344 0.0138592
345 0.013824
346 0.0137785
347 0.013735
348 0.0137043
349 0.0136488
350 0.0136003
351 0.0135569
352 0.0135205
353 0.0134804
354 0.0134289
355 0.0134043
356 0.0133521
357 0.0132971
358 0.01326
359 0.0132017
360 0.0131734
361 0.0131362
362 0.013098
363 0.0130618
364 0.013024
365 0.0129768
366 0.012939
367 0.0128974
368 0.0128564
369 0.0128294
370 0.0127733
371 0.0127361
372 0.0126921
373 0.0126622
374 0.0126261
375 0.01259
376 0.0125472
377 0.0125142
378 0.0124776
379 0.0124415
380 0.0124076
381 0.0123644
382 0.0123244
383 0.0123021
384 0.0122572
385 0.012223
386 0.0121846
387 0.012132
388 0.0121035
389 0.0120737
390 0.0120353
391 0.0120016
392 0.0119575
393 0.0119237
394 0.0118978
395 0.0118719
396 0.0118416
397 0.0118054
398 0.0117739
399 0.0117333
400 0.0116921
