1 0.313704
2 0.313756
3 0.313832
4 0.313868
5 0.313875
6 0.313896
7 0.313174
8 0.312009
9 0.310622
10 0.309121
11 0.307622
12 0.306088
13 0.304526
14 0.302931
15 0.301338
16 0.299671
17 0.298016
18 0.296355
19 0.294672
20 0.292957
21 0.291266
22 0.28954
23 0.287816
24 0.286093
25 0.284371
26 0.282645
27 0.280919
28 0.279187
29 0.277477
30 0.275758
31 0.274049
32 0.272352
33 0.270661
34 0.268983
35 0.267324
36 0.265677
37 0.26405
38 0.26244
39 0.260844
40 0.259272
41 0.257719
42 0.256186
43 0.254673
44 0.253186
45 0.251721
46 0.250268
47 0.248847
48 0.247445
49 0.24607
50 0.244713
51 0.243387
52 0.242081
53 0.240796
54 0.239528
55 0.238289
56 0.23707
57 0.235874
58 0.234697
59 0.233536
60 0.232396
61 0.231269
62 0.230169
63 0.229081
64 0.228014
65 0.226961
66 0.225931
67 0.224915
68 0.223913
69 0.222925
70 0.221953
71 0.220996
72 0.22005
73 0.219118
74 0.2182
75 0.217293
76 0.216398
77 0.215521
78 0.214653
79 0.213793
80 0.212942
81 0.212107
82 0.211281
83 0.210463
84 0.209654
85 0.208855
86 0.208072
87 0.207292
88 0.206522
89 0.205758
90 0.205007
91 0.204261
92 0.203526
93 0.202796
94 0.202075
95 0.201361
96 0.200652
97 0.199952
98 0.199261
99 0.198573
100 0.197895
101 0.19722
102 0.196553
103 0.195892
104 0.195237
105 0.194589
106 0.193949
107 0.193312
108 0.192682
109 0.192057
110 0.191437
111 0.190822
112 0.190214
113 0.189609
114 0.189012
115 0.188416
116 0.187827
117 0.187244
118 0.186665
119 0.186091
120 0.185521
121 0.184958
122 0.184397
123 0.18384
124 0.183288
125 0.182742
126 0.1822
127 0.18166
128 0.181126
129 0.180596
130 0.180071
131 0.179549
132 0.179031
133 0.178517
134 0.178004
135 0.177495
136 0.176991
137 0.176491
138 0.175993
139 0.175499
140 0.17501
141 0.174525
142 0.174042
143 0.173562
144 0.173085
145 0.172613
146 0.172143
147 0.171677
148 0.171214
149 0.170754
150 0.170297
151 0.169844
152 0.169393
153 0.168946
154 0.168501
155 0.168058
156 0.167619
157 0.167181
158 0.166748
159 0.166316
160 0.165888
161 0.165464
162 0.165042
163 0.164621
164 0.164203
165 0.163788
166 0.163376
167 0.162965
168 0.162558
169 0.162153
170 0.161751
171 0.161352
172 0.160955
173 0.160558
174 0.160165
175 0.159775
176 0.159387
177 0.159001
178 0.158619
179 0.158239
180 0.15786
181 0.157484
182 0.157111
183 0.156739
184 0.156368
185 0.156
186 0.155634
187 0.15527
188 0.154908
189 0.154548
190 0.154192
191 0.153836
192 0.153484
193 0.153131
194 0.152781
195 0.152434
196 0.152088
197 0.151745
198 0.151403
199 0.151063
200 0.150724
201 0.150388
202 0.150055
203 0.149722
204 0.149391
205 0.149062
206 0.148735
207 0.148409
208 0.148084
209 0.147762
210 0.147441
211 0.147122
212 0.146804
213 0.146488
214 0.146174
215 0.145862
216 0.145551
217 0.145242
218 0.144934
219 0.144627
220 0.144323
221 0.144019
222 0.143718
223 0.143416
224 0.143117
225 0.142821
226 0.142525
227 0.142231
228 0.141939
229 0.141647
230 0.141357
231 0.141069
232 0.140782
233 0.140497
234 0.140212
235 0.139929
236 0.139648
237 0.139367
238 0.139089
239 0.138812
240 0.138536
241 0.138262
242 0.137988
243 0.137716
244 0.137445
245 0.137174
246 0.136905
247 0.136638
248 0.136372
249 0.136107
250 0.135844
251 0.135582
252 0.135322
253 0.135062
254 0.134803
255 0.134545
256 0.13429
257 0.134036
258 0.133782
259 0.13353
260 0.133278
261 0.133028
262 0.132779
263 0.132531
264 0.132283
265 0.132038
266 0.131793
267 0.131548
268 0.131305
269 0.131063
270 0.130822
271 0.130583
272 0.130345
273 0.130108
274 0.12987
275 0.129635
276 0.1294
277 0.129167
278 0.128935
279 0.128703
280 0.128473
281 0.128244
282 0.128016
283 0.127789
284 0.127562
285 0.127337
286 0.127112
287 0.126888
288 0.126665
289 0.126443
290 0.126222
291 0.126001
292 0.125783
293 0.125564
294 0.125347
295 0.125131
296 0.124915
297 0.124701
298 0.124487
299 0.124274
300 0.124062
301 0.12385
302 0.12364
303 0.12343
304 0.123222
305 0.123014
306 0.122807
307 0.122601
308 0.122395
309 0.12219
310 0.121987
311 0.121784
312 0.121581
313 0.12138
314 0.12118
315 0.12098
316 0.120781
317 0.120582
318 0.120385
319 0.120188
320 0.119992
321 0.119797
322 0.119603
323 0.119409
324 0.119216
325 0.119024
326 0.118832
327 0.118642
328 0.118452
329 0.118262
330 0.118073
331 0.117885
332 0.117698
333 0.117511
334 0.117325
335 0.11714
336 0.116956
337 0.116773
338 0.11659
339 0.116407
340 0.116226
341 0.116045
342 0.115865
343 0.115685
344 0.115506
345 0.115328
346 0.11515
347 0.114973
348 0.114797
349 0.114621
350 0.114446
351 0.114272
352 0.114098
353 0.113925
354 0.113752
355 0.113581
356 0.113409
357 0.113239
358 0.113069
359 0.112899
360 0.11273
361 0.112561
362 0.112394
363 0.112226
364 0.112059
365 0.111893
366 0.111728
367 0.111563
368 0.111398
369 0.111234
370 0.111072
371 0.110909
372 0.110748
373 0.110586
374 0.110425
375 0.110264
376 0.110105
377 0.109946
378 0.109787
379 0.109629
380 0.109471
381 0.109313
382 0.109157
383 0.109001
384 0.108846
385 0.108691
386 0.108537
387 0.108383
388 0.108229
389 0.108076
390 0.107924
391 0.107773
392 0.107622
393 0.107471
394 0.107321
395 0.107171
396 0.107021
397 0.106872
398 0.106724
399 0.106577
400 0.10643
