1 0.333506
2 0.333506
3 0.333506
4 0.333506
5 0.333506
6 0.333506
7 0.333506
8 0.333506
9 0.333506
10 0.333506
11 0.333506
12 0.338049
13 0.342058
14 0.347003
15 0.351599
16 0.35509
17 0.357429
18 0.361112
19 0.363838
20 0.365682
21 0.368576
22 0.371063
23 0.373851
24 0.377119
25 0.380771
26 0.384221
27 0.386613
28 0.389858
29 0.392746
30 0.395565
31 0.397848
32 0.400952
33 0.403217
34 0.405829
35 0.408913
36 0.411574
37 0.414506
38 0.417603
39 0.420911
40 0.424469
41 0.427448
42 0.430529
43 0.433947
44 0.437211
45 0.440773
46 0.44428
47 0.447126
48 0.450749
49 0.453807
50 0.45672
51 0.459927
52 0.46301
53 0.466233
54 0.468932
55 0.472169
56 0.474483
57 0.477753
58 0.4806
59 0.483453
60 0.485875
61 0.488927
62 0.491008
63 0.493976
64 0.496317
65 0.499101
66 0.50168
67 0.504099
68 0.506278
69 0.508595
70 0.511086
71 0.513498
72 0.515688
73 0.518172
74 0.520187
75 0.52226
76 0.524275
77 0.526449
78 0.528602
79 0.530297
80 0.532656
81 0.534481
82 0.536792
83 0.538589
84 0.540122
85 0.54192
86 0.544336
87 0.546146
88 0.54815
89 0.549206
90 0.551362
91 0.553038
92 0.554857
93 0.556468
94 0.558141
95 0.559602
96 0.560997
97 0.563256
98 0.564344
99 0.565991
100 0.567936
101 0.56888
102 0.570606
103 0.572044
104 0.572786
105 0.574929
106 0.576293
107 0.577603
108 0.578718
109 0.580358
110 0.58197
111 0.582963
112 0.584086
113 0.585251
114 0.586854
115 0.587998
116 0.589376
117 0.590838
118 0.59193
119 0.593207
120 0.594149
121 0.595527
122 0.596567
123 0.598053
124 0.599348
125 0.600082
126 0.601122
127 0.602303
128 0.603279
129 0.604061
130 0.605474
131 0.606803
132 0.607729
133 0.609263
134 0.609203
135 0.610758
136 0.611828
137 0.612705
138 0.613668
139 0.614411
140 0.615368
141 0.616692
142 0.618002
143 0.618597
144 0.619567
145 0.619866
146 0.621617
147 0.621737
148 0.623053
149 0.623753
150 0.624746
151 0.625594
152 0.6264
153 0.627371
154 0.628254
155 0.62891
156 0.630202
157 0.630556
158 0.631689
159 0.63242
160 0.633289
161 0.634012
162 0.634508
163 0.635207
164 0.636182
165 0.637007
166 0.637764
167 0.638634
168 0.639048
169 0.639678
170 0.640595
171 0.641284
172 0.642353
173 0.642944
174 0.643618
175 0.644546
176 0.644481
177 0.645508
178 0.646485
179 0.646934
180 0.647879
181 0.648224
182 0.649281
183 0.649479
184 0.650484
185 0.651163
186 0.651429
187 0.651779
188 0.6534
189 0.653427
190 0.654231
191 0.654592
192 0.655128
193 0.656022
194 0.656326
195 0.656987
196 0.657643
197 0.658619
198 0.658882
199 0.659319
200 0.659869
201 0.660066
202 0.661021
203 0.661882
204 0.66225
205 0.662581
206 0.663886
207 0.663959
208 0.664084
209 0.665538
210 0.666014
211 0.666153
212 0.666797
213 0.667091
214 0.66751
215 0.668268
216 0.667919
217 0.669134
218 0.669869
219 0.669796
220 0.670757
221 0.671686
222 0.671774
223 0.671482
224 0.672633
225 0.6733
226 0.673258
227 0.674208
228 0.674301
229 0.674792
230 0.675475
231 0.676118
232 0.676455
233 0.676916
234 0.67676
235 0.677489
236 0.678251
237 0.678734
238 0.679031
239 0.679618
240 0.679442
241 0.680057
242 0.680458
243 0.680413
244 0.681151
245 0.68162
246 0.682181
247 0.682928
248 0.683469
249 0.682931
250 0.683696
251 0.684265
252 0.68517
253 0.684851
254 0.685116
255 0.686044
256 0.686595
257 0.686493
258 0.687212
259 0.687473
260 0.68808
261 0.688401
262 0.688635
263 0.688627
264 0.68918
265 0.68973
266 0.690409
267 0.690875
268 0.689997
269 0.690844
270 0.691309
271 0.69161
272 0.692568
273 0.692829
274 0.693003
275 0.69327
276 0.693647
277 0.694098
278 0.695193
279 0.694773
280 0.694923
281 0.695608
282 0.696358
283 0.696389
284 0.696593
285 0.69712
286 0.696904
287 0.697444
288 0.697441
289 0.697665
290 0.698615
291 0.698977
292 0.69907
293 0.699272
294 0.69953
295 0.700387
296 0.69992
297 0.700651
298 0.700594
299 0.701275
300 0.70185
301 0.702414
302 0.702588
303 0.702432
304 0.702916
305 0.702688
306 0.703001
307 0.703838
308 0.704202
309 0.704449
310 0.70443
311 0.70431
312 0.704654
313 0.705309
314 0.705377
315 0.706374
316 0.706555
317 0.706445
318 0.706905
319 0.707612
320 0.707304
321 0.707816
322 0.7076
323 0.707945
324 0.708508
325 0.708261
326 0.708871
327 0.709243
328 0.710093
329 0.709823
330 0.710639
331 0.710544
332 0.710632
333 0.711388
334 0.7111
335 0.71131
336 0.71214
337 0.711871
338 0.712387
339 0.712286
340 0.712862
341 0.712179
342 0.713161
343 0.713158
344 0.713524
345 0.713694
346 0.71413
347 0.714666
348 0.714414
349 0.714663
350 0.714968
351 0.714821
352 0.715751
353 0.715334
354 0.716023
355 0.715907
356 0.716362
357 0.716686
358 0.717041
359 0.717795
360 0.717422
361 0.717686
362 0.71822
363 0.718452
364 0.718494
365 0.718471
366 0.71891
367 0.71914
368 0.718962
369 0.719786
370 0.719655
371 0.720152
372 0.720757
373 0.720133
374 0.720529
375 0.720951
376 0.720931
377 0.720543
378 0.721532
379 0.721864
380 0.72168
381 0.721754
382 0.722212
383 0.722415
384 0.722651
385 0.722734
386 0.723022
387 0.723337
388 0.723732
389 0.722887
390 0.7239
391 0.724127
392 0.723589
393 0.724224
394 0.724533
395 0.724863
396 0.725076
397 0.725275
398 0.725418
399 0.725634
400 0.725896
