1 0.110084
2 0.110084
3 0.110084
4 0.110084
5 0.110084
6 0.110084
7 0.110084
8 0.110084
9 0.110084
10 0.110084
11 0.110084
12 0.108707
13 0.107514
14 0.10602
15 0.104721
16 0.103749
17 0.103095
18 0.102072
19 0.101326
20 0.100869
21 0.100049
22 0.0994148
23 0.098646
24 0.0977965
25 0.096833
26 0.0959722
27 0.0952111
28 0.0944199
29 0.093693
30 0.0929796
31 0.092339
32 0.0915346
33 0.0909589
34 0.0903354
35 0.0895386
36 0.0888507
37 0.0880836
38 0.0873094
39 0.0864988
40 0.0856107
41 0.0848563
42 0.0840447
43 0.0832417
44 0.0824417
45 0.0815519
46 0.0807647
47 0.0799586
48 0.0791441
49 0.0784095
50 0.0776386
51 0.0768776
52 0.076177
53 0.0753829
54 0.0747129
55 0.074005
56 0.0733567
57 0.0726917
58 0.0720294
59 0.071335
60 0.0707498
61 0.0701126
62 0.0695507
63 0.0688832
64 0.068351
65 0.0677112
66 0.0671519
67 0.0665988
68 0.0660562
69 0.0655538
70 0.0650072
71 0.0644758
72 0.0639454
73 0.0634134
74 0.0629707
75 0.0624824
76 0.06201
77 0.0615453
78 0.0610767
79 0.0606579
80 0.060188
81 0.0597387
82 0.0593124
83 0.0589015
84 0.0585305
85 0.0581219
86 0.0576748
87 0.0572623
88 0.056868
89 0.0565643
90 0.0561597
91 0.0557711
92 0.0553814
93 0.0550908
94 0.054685
95 0.0543829
96 0.054067
97 0.0536222
98 0.0533731
99 0.053011
100 0.0526392
101 0.0524148
102 0.0520537
103 0.0517555
104 0.051516
105 0.051162
106 0.0508638
107 0.0506143
108 0.050334
109 0.0500156
110 0.0497632
111 0.0494754
112 0.0492432
113 0.0489502
114 0.0486512
115 0.0484638
116 0.0481588
117 0.0479173
118 0.047651
119 0.0474269
120 0.0472222
121 0.0469243
122 0.0466939
123 0.0464471
124 0.0462002
125 0.0459817
126 0.0457684
127 0.0455509
128 0.0453148
129 0.0451409
130 0.0449329
131 0.0446894
132 0.0444741
133 0.0442348
134 0.0441315
135 0.043852
136 0.0436641
137 0.0434977
138 0.0433161
139 0.0431051
140 0.0429207
141 0.0426972
142 0.0424846
143 0.0423566
144 0.0421604
145 0.0420261
146 0.0417881
147 0.0416533
148 0.0414653
149 0.0413133
150 0.0411253
151 0.0409535
152 0.0407752
153 0.0406252
154 0.0404847
155 0.0403044
156 0.0401014
157 0.0399887
158 0.0398191
159 0.0396404
160 0.0394792
161 0.0393519
162 0.0392481
163 0.0391024
164 0.0389184
165 0.0387563
166 0.0386557
167 0.0384682
168 0.0383491
169 0.0382038
170 0.0380876
171 0.0379383
172 0.0377897
173 0.0376517
174 0.0375398
175 0.0373652
176 0.0372989
177 0.0371322
178 0.0369814
179 0.0368709
180 0.0367181
181 0.0366249
182 0.0364733
183 0.0363749
184 0.0362502
185 0.0361369
186 0.036039
187 0.0359139
188 0.0357402
189 0.0356567
190 0.0354872
191 0.0354388
192 0.0353223
193 0.0352002
194 0.0351129
195 0.0349647
196 0.0348826
197 0.034756
198 0.0346658
199 0.0346035
200 0.034439
201 0.0343754
202 0.0342398
203 0.0341128
204 0.0340509
205 0.0339717
206 0.0338047
207 0.0337159
208 0.0336694
209 0.0335128
210 0.0334012
211 0.0333296
212 0.033251
213 0.0331533
214 0.0330672
215 0.0329549
216 0.0329123
217 0.0327286
218 0.0326612
219 0.0326106
220 0.032501
221 0.0323617
222 0.0323117
223 0.0322642
224 0.032147
225 0.0320852
226 0.0320172
227 0.0318849
228 0.0318389
229 0.031736
230 0.031635
231 0.0315113
232 0.0314633
233 0.0313821
234 0.0313218
235 0.0312482
236 0.031171
237 0.0310697
238 0.0310109
239 0.0309087
240 0.0308966
241 0.0307966
242 0.0306926
243 0.0306908
244 0.0306011
245 0.0304978
246 0.0304088
247 0.0303105
248 0.030263
249 0.0302285
250 0.0301311
251 0.0300383
252 0.0299745
253 0.0299346
254 0.0298653
255 0.029753
256 0.0297041
257 0.0296209
258 0.0295356
259 0.0294919
260 0.0294138
261 0.0293232
262 0.0292556
263 0.0292511
264 0.0291592
265 0.0291104
266 0.0289989
267 0.0289345
268 0.0289772
269 0.0288199
270 0.0287766
271 0.0287204
272 0.0286514
273 0.02855
274 0.0284935
275 0.0284798
276 0.0284138
277 0.0283058
278 0.0282246
279 0.0282018
280 0.0281863
281 0.0281007
282 0.0279725
283 0.0279876
284 0.0279193
285 0.0278509
286 0.0277908
287 0.0277408
288 0.0277453
289 0.027656
290 0.0275682
291 0.0275408
292 0.0274864
293 0.0274105
294 0.027345
295 0.0272888
296 0.0273106
297 0.0272051
298 0.0271746
299 0.0270785
300 0.0270364
301 0.0269357
302 0.0268789
303 0.0268899
304 0.0268267
305 0.0268009
306 0.0267312
307 0.0266751
308 0.0265999
309 0.02656
310 0.0265542
311 0.0265335
312 0.0264772
313 0.0263911
314 0.0263402
315 0.0262563
316 0.0262347
317 0.0261653
318 0.0261388
319 0.0260509
320 0.0260861
321 0.0259992
322 0.0259808
323 0.0259228
324 0.0258522
325 0.0258806
326 0.0258095
327 0.0257199
328 0.0255938
329 0.025639
330 0.0255795
331 0.0255462
332 0.0254995
333 0.0254479
334 0.0254393
335 0.0253754
336 0.025305
337 0.025291
338 0.0252438
339 0.0252268
340 0.0251628
341 0.0251702
342 0.0250835
343 0.0250406
344 0.0250043
345 0.0249593
346 0.024898
347 0.0248391
348 0.0248458
349 0.0247877
350 0.024762
351 0.0247307
352 0.0246269
353 0.0246653
354 0.024564
355 0.0245905
356 0.0244968
357 0.0244806
358 0.0244242
359 0.024371
360 0.0243854
361 0.0243317
362 0.0242749
363 0.0242264
364 0.0242004
365 0.0241788
366 0.0241376
367 0.0241208
368 0.0240673
369 0.0240168
370 0.0239975
371 0.0239402
372 0.0238816
373 0.0238857
374 0.0238471
375 0.0238184
376 0.0238015
377 0.0237933
378 0.0236933
379 0.023642
380 0.0236647
381 0.023619
382 0.0235885
383 0.023537
384 0.0234953
385 0.0234871
386 0.0234416
387 0.0233958
388 0.0233636
389 0.0233691
390 0.0233096
391 0.0232833
392 0.0232683
393 0.0232335
394 0.0231916
395 0.0231208
396 0.023097
397 0.0230681
398 0.0230198
399 0.0230002
400 0.0229623
