1 0.500001
2 0.365179
3 0.307198
4 0.273822
5 0.251831
6 0.235743
7 0.223622
8 0.214389
9 0.206536
10 0.200144
11 0.194676
12 0.186748
13 0.17908
14 0.173334
15 0.168433
16 0.163858
17 0.159705
18 0.156461
19 0.153846
20 0.151165
21 0.14909
22 0.147406
23 0.145104
24 0.142431
25 0.140397
26 0.138549
27 0.136426
28 0.134779
29 0.133368
30 0.131875
31 0.130648
32 0.129535
33 0.128658
34 0.127602
35 0.126632
36 0.125385
37 0.124395
38 0.123668
39 0.122773
40 0.122008
41 0.121136
42 0.120163
43 0.119638
44 0.11913
45 0.118367
46 0.11755
47 0.116933
48 0.116482
49 0.115969
50 0.115462
51 0.115067
52 0.114584
53 0.114202
54 0.113484
55 0.113277
56 0.112958
57 0.112612
58 0.112273
59 0.111769
60 0.11152
61 0.111311
62 0.110749
63 0.110541
64 0.109984
65 0.110226
66 0.109983
67 0.109696
68 0.109535
69 0.109233
70 0.109118
71 0.108833
72 0.108509
73 0.108187
74 0.10831
75 0.108123
76 0.10812
77 0.107867
78 0.107799
79 0.10774
80 0.10741
81 0.107298
82 0.107315
83 0.107171
84 0.10695
85 0.107094
86 0.10668
87 0.106735
88 0.106659
89 0.106559
90 0.106309
91 0.1063
92 0.1061
93 0.105953
94 0.105889
95 0.105927
96 0.105802
97 0.105733
98 0.105622
99 0.105594
100 0.105458
101 0.105397
102 0.105526
103 0.10529
104 0.10526
105 0.10506
106 0.105064
107 0.10517
108 0.104965
109 0.104818
110 0.104934
111 0.10478
112 0.104692
113 0.104589
114 0.104431
115 0.104541
116 0.104664
117 0.104679
118 0.104559
119 0.104442
120 0.104395
121 0.104205
122 0.104354
123 0.104197
124 0.104228
125 0.104079
126 0.103895
127 0.104053
128 0.103915
129 0.104036
130 0.103859
131 0.104003
132 0.104005
133 0.103811
134 0.103802
135 0.103802
136 0.10369
137 0.103829
138 0.103656
139 0.103426
140 0.103698
141 0.103546
142 0.103575
143 0.103566
144 0.103395
145 0.103491
146 0.103451
147 0.103324
148 0.103294
149 0.103231
150 0.103299
151 0.103227
152 0.103171
153 0.103182
154 0.103164
155 0.103266
156 0.103072
157 0.103096
158 0.103157
159 0.103124
160 0.102935
161 0.10303
162 0.103003
163 0.102957
164 0.10304
165 0.10296
166 0.102858
167 0.102867
168 0.10274
169 0.10274
170 0.103121
171 0.103076
172 0.102658
173 0.1027
174 0.102662
175 0.10276
176 0.102658
177 0.10272
178 0.102604
179 0.102718
180 0.102653
181 0.102566
182 0.102627
183 0.102527
184 0.10252
185 0.102496
186 0.102304
187 0.102763
188 0.102449
189 0.102352
190 0.102505
191 0.102448
192 0.102289
193 0.102484
194 0.102422
195 0.102559
196 0.102494
197 0.102379
198 0.102368
199 0.102414
200 0.102368
201 0.102317
202 0.102268
203 0.102311
204 0.102235
205 0.102619
206 0.102125
207 0.102315
208 0.102239
209 0.102085
210 0.102107
211 0.102185
212 0.102172
213 0.102008
214 0.102233
215 0.102191
216 0.102044
217 0.10203
218 0.102063
219 0.102029
220 0.102201
221 0.102144
222 0.102057
223 0.10199
224 0.101986
225 0.101918
226 0.101976
227 0.102046
228 0.101995
229 0.101973
230 0.101922
231 0.101959
232 0.102057
233 0.101938
234 0.101973
235 0.101912
236 0.101924
237 0.101896
238 0.101788
239 0.101922
240 0.101857
241 0.101894
242 0.101872
243 0.101906
244 0.101789
245 0.101988
246 0.10189
247 0.101813
248 0.101896
249 0.101833
250 0.101912
251 0.101819
252 0.101737
253 0.101837
254 0.10171
255 0.102187
256 0.101865
257 0.101229
258 0.101725
259 0.101707
260 0.101652
261 0.101611
262 0.10161
263 0.101756
264 0.101776
265 0.101573
266 0.101663
267 0.101847
268 0.101815
269 0.101554
270 0.101495
271 0.101533
272 0.101588
273 0.101589
274 0.101608
275 0.101669
276 0.101483
277 0.101622
278 0.10139
279 0.101527
280 0.101576
281 0.10158
282 0.101505
283 0.101502
284 0.101606
285 0.101523
286 0.101518
287 0.101429
288 0.10141
289 0.101507
290 0.101646
291 0.101398
292 0.101533
293 0.101456
294 0.101335
295 0.101367
296 0.101511
297 0.101404
298 0.101422
299 0.101511
300 0.101377
301 0.101391
302 0.101337
303 0.101337
304 0.101303
305 0.101454
306 0.101415
307 0.101233
308 0.101373
309 0.101286
310 0.10138
311 0.101341
312 0.101372
313 0.101311
314 0.101319
315 0.101384
316 0.10141
317 0.101293
318 0.101295
319 0.10138
320 0.10126
321 0.101426
322 0.101228
323 0.101326
324 0.101251
325 0.101235
326 0.10126
327 0.101197
328 0.101275
329 0.101173
330 0.101242
331 0.10114
332 0.101252
333 0.101226
334 0.10117
335 0.101238
336 0.101148
337 0.101181
338 0.101168
339 0.101163
340 0.101166
341 0.101189
342 0.101096
343 0.101248
344 0.101181
345 0.101206
346 0.101154
347 0.101097
348 0.101138
349 0.101123
350 0.101175
351 0.101246
352 0.10112
353 0.101128
354 0.101236
355 0.101141
356 0.101113
357 0.101056
358 0.101078
359 0.101127
360 0.101076
361 0.101148
362 0.101044
363 0.101115
364 0.101053
365 0.101093
366 0.101074
367 0.101076
368 0.101075
369 0.10109
370 0.100941
371 0.101112
372 0.101054
373 0.101031
374 0.101145
375 0.100998
376 0.101003
377 0.101107
378 0.100987
379 0.100992
380 0.101078
381 0.101023
382 0.101039
383 0.101037
384 0.101001
385 0.101016
386 0.101046
387 0.101043
388 0.100989
389 0.101142
390 0.100929
391 0.101019
392 0.101027
393 0.101094
394 0.100942
395 0.100992
396 0.10099
397 0.101088
398 0.100997
399 0.100851
400 0.100923
