1 0.500001
2 0.5
3 0.5
4 0.5
5 0.5
6 0.5
7 0.5
8 0.5
9 0.5
10 0.499999
11 0.5
12 0.499733
13 0.499716
14 0.499453
15 0.49943
16 0.499602
17 0.4997
18 0.499359
19 0.499539
20 0.499647
21 0.499312
22 0.499462
23 0.499218
24 0.498882
25 0.498721
26 0.4987
27 0.498822
28 0.498709
29 0.498568
30 0.49862
31 0.498618
32 0.49854
33 0.498516
34 0.498305
35 0.497873
36 0.497812
37 0.497677
38 0.49716
39 0.496983
40 0.496847
41 0.496605
42 0.49638
43 0.496268
44 0.496058
45 0.495891
46 0.495728
47 0.495672
48 0.495395
49 0.495374
50 0.495159
51 0.495008
52 0.494968
53 0.494715
54 0.494777
55 0.49451
56 0.494506
57 0.494343
58 0.494164
59 0.494152
60 0.494056
61 0.493978
62 0.493881
63 0.493801
64 0.493683
65 0.493741
66 0.493402
67 0.493395
68 0.493484
69 0.493348
70 0.493381
71 0.493306
72 0.492926
73 0.493052
74 0.493016
75 0.492928
76 0.492947
77 0.492755
78 0.492848
79 0.49274
80 0.492644
81 0.4926
82 0.492681
83 0.492505
84 0.492576
85 0.492573
86 0.492413
87 0.492362
88 0.49236
89 0.492278
90 0.492366
91 0.492311
92 0.492369
93 0.492279
94 0.492206
95 0.49219
96 0.492138
97 0.49198
98 0.492019
99 0.492094
100 0.491974
101 0.492009
102 0.491891
103 0.491733
104 0.491905
105 0.491885
106 0.491807
107 0.49192
108 0.4918
109 0.491748
110 0.49164
111 0.491814
112 0.491631
113 0.491689
114 0.491665
115 0.491647
116 0.491565
117 0.491473
118 0.491551
119 0.4914
120 0.491503
121 0.491456
122 0.491631
123 0.491415
124 0.491483
125 0.491366
126 0.491435
127 0.491503
128 0.491306
129 0.491328
130 0.491208
131 0.491369
132 0.491239
133 0.491202
134 0.491252
135 0.49133
136 0.491155
137 0.491299
138 0.491139
139 0.491159
140 0.491267
141 0.490996
142 0.491074
143 0.491124
144 0.491208
145 0.491063
146 0.491104
147 0.491165
148 0.491044
149 0.491098
150 0.490975
151 0.491055
152 0.49091
153 0.491151
154 0.491007
155 0.49091
156 0.490944
157 0.490975
158 0.491005
159 0.490947
160 0.490956
161 0.490935
162 0.490819
163 0.491016
164 0.490817
165 0.490819
166 0.490784
167 0.490795
168 0.490809
169 0.490717
170 0.490646
171 0.49082
172 0.490961
173 0.490745
174 0.490713
175 0.490544
176 0.490836
177 0.490854
178 0.490652
179 0.490689
180 0.490663
181 0.490468
182 0.490717
183 0.490676
184 0.490741
185 0.490553
186 0.490651
187 0.490731
188 0.490715
189 0.490588
190 0.490746
191 0.490723
192 0.490509
193 0.490718
194 0.4905
195 0.490562
196 0.490585
197 0.490621
198 0.49052
199 0.490483
200 0.490426
201 0.490544
202 0.490434
203 0.490503
204 0.490632
205 0.490596
206 0.490609
207 0.490564
208 0.490578
209 0.490547
210 0.49054
211 0.490439
212 0.490488
213 0.490582
214 0.490444
215 0.490438
216 0.490449
217 0.490339
218 0.490501
219 0.490539
220 0.490547
221 0.490357
222 0.490503
223 0.490414
224 0.49032
225 0.49045
226 0.490435
227 0.490343
228 0.490187
229 0.490155
230 0.490282
231 0.49039
232 0.490354
233 0.490196
234 0.490507
235 0.490315
236 0.490413
237 0.490401
238 0.490405
239 0.490434
240 0.490341
241 0.490354
242 0.490465
243 0.490444
244 0.490482
245 0.490319
246 0.490298
247 0.49035
248 0.490333
249 0.490235
250 0.490273
251 0.490354
252 0.490409
253 0.490369
254 0.490346
255 0.490301
256 0.490325
257 0.490384
258 0.490355
259 0.490309
260 0.490224
261 0.490494
262 0.490361
263 0.490349
264 0.490263
265 0.490281
266 0.490237
267 0.490332
268 0.490206
269 0.490184
270 0.490196
271 0.490209
272 0.490211
273 0.49034
274 0.490284
275 0.490147
276 0.490159
277 0.490345
278 0.49011
279 0.490073
280 0.490076
281 0.490273
282 0.490229
283 0.490144
284 0.490243
285 0.490092
286 0.490151
287 0.49029
288 0.49031
289 0.490059
290 0.490106
291 0.490022
292 0.490332
293 0.490036
294 0.490173
295 0.490233
296 0.490007
297 0.490141
298 0.490213
299 0.490141
300 0.490015
301 0.490115
302 0.490131
303 0.489969
304 0.490298
305 0.490038
306 0.490115
307 0.489975
308 0.490139
309 0.490246
310 0.489971
311 0.490125
312 0.490205
313 0.490075
314 0.490181
315 0.490168
316 0.490238
317 0.490166
318 0.490208
319 0.490106
320 0.489998
321 0.490143
322 0.490153
323 0.490092
324 0.490197
325 0.490019
326 0.490078
327 0.490085
328 0.49
329 0.490181
330 0.490162
331 0.490068
332 0.489976
333 0.490022
334 0.490006
335 0.490123
336 0.489997
337 0.490166
338 0.490133
339 0.490066
340 0.489996
341 0.490142
342 0.489912
343 0.490078
344 0.489949
345 0.489977
346 0.490144
347 0.490093
348 0.490039
349 0.490049
350 0.489911
351 0.490109
352 0.489966
353 0.490025
354 0.489945
355 0.489873
356 0.490097
357 0.489909
358 0.489865
359 0.489982
360 0.489977
361 0.489903
362 0.489965
363 0.489944
364 0.489795
365 0.489971
366 0.490111
367 0.489946
368 0.489934
369 0.490058
370 0.489971
371 0.49
372 0.490073
373 0.48991
374 0.490068
375 0.490052
376 0.489963
377 0.489975
378 0.489915
379 0.490031
380 0.490051
381 0.48994
382 0.489988
383 0.489909
384 0.489968
385 0.490043
386 0.489957
387 0.490086
388 0.489925
389 0.490101
390 0.489792
391 0.489939
392 0.489968
393 0.48988
394 0.489876
395 0.48995
396 0.49021
397 0.489897
398 0.489909
399 0.489823
400 0.489925
