1 0.100222
2 0.100222
3 0.100222
4 0.106573
5 0.111513
6 0.114485
7 0.119804
8 0.124426
9 0.128593
10 0.133465
11 0.138257
12 0.142258
13 0.146518
14 0.151325
15 0.155062
16 0.159114
17 0.163036
18 0.166516
19 0.170519
20 0.173816
21 0.177791
22 0.180972
23 0.184477
24 0.188037
25 0.191108
26 0.194257
27 0.197418
28 0.200716
29 0.20386
30 0.207275
31 0.210041
32 0.213142
33 0.216356
34 0.219327
35 0.221853
36 0.22494
37 0.227645
38 0.230453
39 0.233317
40 0.235938
41 0.238797
42 0.241315
43 0.24361
44 0.246843
45 0.249309
46 0.2514
47 0.254408
48 0.257323
49 0.259162
50 0.261822
51 0.264254
52 0.266906
53 0.269045
54 0.272007
55 0.274329
56 0.276678
57 0.27856
58 0.280992
59 0.283064
60 0.285489
61 0.28758
62 0.289654
63 0.292309
64 0.293305
65 0.295885
66 0.297778
67 0.299974
68 0.301932
69 0.304064
70 0.305979
71 0.308244
72 0.309711
73 0.310966
74 0.313584
75 0.315791
76 0.316859
77 0.31871
78 0.32092
79 0.322707
80 0.323787
81 0.325775
82 0.327596
83 0.329164
84 0.330858
85 0.332615
86 0.333982
87 0.335965
88 0.33708
89 0.339559
90 0.340551
91 0.342143
92 0.343983
93 0.344716
94 0.346366
95 0.348116
96 0.349362
97 0.351236
98 0.352985
99 0.353882
100 0.356177
101 0.357256
102 0.358359
103 0.35977
104 0.361594
105 0.36258
106 0.364239
107 0.365758
108 0.367282
109 0.368155
110 0.369319
111 0.370911
112 0.372263
113 0.373009
114 0.374539
115 0.376464
116 0.377002
117 0.378488
118 0.379367
119 0.380959
120 0.382095
121 0.383903
122 0.384455
123 0.385805
124 0.387402
125 0.387983
126 0.389079
127 0.38985
128 0.391445
129 0.392344
130 0.393816
131 0.395423
132 0.395709
133 0.396658
134 0.398194
135 0.4
136 0.400892
137 0.401647
138 0.402233
139 0.403494
140 0.404419
141 0.405293
142 0.406622
143 0.407525
144 0.408887
145 0.409737
146 0.410969
147 0.411895
148 0.412694
149 0.41356
150 0.415023
151 0.415195
152 0.416998
153 0.418
154 0.418422
155 0.419807
156 0.420163
157 0.42202
158 0.42256
159 0.423098
160 0.42418
161 0.425088
162 0.425784
163 0.427378
164 0.428141
165 0.428366
166 0.429819
167 0.430537
168 0.431609
169 0.431896
170 0.433706
171 0.433933
172 0.435244
173 0.435252
174 0.436754
175 0.436996
176 0.438443
177 0.438937
178 0.43966
179 0.440751
180 0.441457
181 0.441935
182 0.443699
183 0.443724
184 0.444369
185 0.445052
186 0.446431
187 0.446512
188 0.447407
189 0.448469
190 0.449116
191 0.450877
192 0.451055
193 0.450987
194 0.452053
195 0.453513
196 0.4537
197 0.454745
198 0.455239
199 0.456243
200 0.456393
201 0.457818
202 0.458235
203 0.458474
204 0.459753
205 0.460819
206 0.461071
207 0.461982
208 0.462797
209 0.46358
210 0.46365
211 0.464261
212 0.465142
213 0.466183
214 0.467045
215 0.468026
216 0.468136
217 0.468493
218 0.468824
219 0.470202
220 0.471129
221 0.471295
222 0.472519
223 0.473338
224 0.473184
225 0.473473
226 0.474167
227 0.47521
228 0.475873
229 0.477075
230 0.4775
231 0.477903
232 0.477927
233 0.4789
234 0.479375
235 0.480812
236 0.481496
237 0.481784
238 0.48199
239 0.482815
240 0.482609
241 0.484172
242 0.484366
243 0.48451
244 0.485727
245 0.485992
246 0.487512
247 0.487606
248 0.487907
249 0.488423
250 0.489325
251 0.489903
252 0.489971
253 0.491055
254 0.491367
255 0.491812
256 0.492426
257 0.493029
258 0.493824
259 0.494523
260 0.495008
261 0.496265
262 0.496506
263 0.496648
264 0.497101
265 0.49795
266 0.498419
267 0.498408
268 0.498943
269 0.500013
270 0.50099
271 0.499949
272 0.500904
273 0.501866
274 0.502521
275 0.502888
276 0.503102
277 0.504147
278 0.505069
279 0.505029
280 0.50532
281 0.506274
282 0.506795
283 0.506964
284 0.508102
285 0.507885
286 0.508619
287 0.508487
288 0.509195
289 0.509424
290 0.510373
291 0.51074
292 0.511582
293 0.511921
294 0.512324
295 0.513416
296 0.513867
297 0.513781
298 0.514594
299 0.515281
300 0.515475
301 0.516073
302 0.5156
303 0.517088
304 0.517619
305 0.517435
306 0.518236
307 0.517942
308 0.519036
309 0.519694
310 0.519261
311 0.519502
312 0.520872
313 0.520507
314 0.521424
315 0.522503
316 0.522796
317 0.523176
318 0.523215
319 0.523582
320 0.524508
321 0.524149
322 0.525224
323 0.525307
324 0.525928
325 0.52656
326 0.526737
327 0.52742
328 0.527845
329 0.528619
330 0.528392
331 0.528917
332 0.529861
333 0.529645
334 0.531096
335 0.530592
336 0.531121
337 0.531295
338 0.531636
339 0.53277
340 0.532928
341 0.533424
342 0.533573
343 0.533564
344 0.535086
345 0.534401
346 0.534884
347 0.535633
348 0.53605
349 0.535611
350 0.5377
351 0.537288
352 0.537619
353 0.537435
354 0.538112
355 0.53868
356 0.539249
357 0.539567
358 0.539774
359 0.54043
360 0.540816
361 0.540677
362 0.540553
363 0.541925
364 0.542324
365 0.542615
366 0.542706
367 0.543777
368 0.543935
369 0.544409
370 0.544464
371 0.544871
372 0.545459
373 0.546401
374 0.545924
375 0.546256
376 0.546915
377 0.547359
378 0.547231
379 0.548038
380 0.548822
381 0.548598
382 0.548807
383 0.549021
384 0.549698
385 0.549669
386 0.550426
387 0.550553
388 0.551517
389 0.551188
390 0.551876
391 0.552259
392 0.552386
393 0.55275
394 0.553563
395 0.553468
396 0.553828
397 0.55459
398 0.554277
399 0.555093
400 0.554467
