1 0.230347
2 0.230347
3 0.230347
4 0.211427
5 0.205063
6 0.204069
7 0.191188
8 0.186298
9 0.183767
10 0.176283
11 0.171585
12 0.168378
13 0.163473
14 0.159297
15 0.156224
16 0.152166
17 0.148889
18 0.146183
19 0.143046
20 0.14031
21 0.137552
22 0.134989
23 0.13249
24 0.130182
25 0.127835
26 0.125622
27 0.12358
28 0.121512
29 0.119501
30 0.117255
31 0.115314
32 0.113503
33 0.111758
34 0.110026
35 0.108385
36 0.106643
37 0.104926
38 0.103657
39 0.102037
40 0.100577
41 0.0992836
42 0.0979153
43 0.0968155
44 0.0951579
45 0.0941031
46 0.0929055
47 0.0918168
48 0.0904636
49 0.0895707
50 0.0883575
51 0.0872486
52 0.0862976
53 0.085209
54 0.0841294
55 0.0831638
56 0.0823447
57 0.0815705
58 0.0805676
59 0.0797076
60 0.0788951
61 0.0780747
62 0.0773124
63 0.0763225
64 0.075856
65 0.0750663
66 0.0744139
67 0.073666
68 0.0730178
69 0.0723345
70 0.0715822
71 0.0709683
72 0.0703063
73 0.0698542
74 0.0691462
75 0.0684974
76 0.0680172
77 0.0674243
78 0.0667054
79 0.06634
80 0.0658453
81 0.0652366
82 0.0646367
83 0.0642414
84 0.0637976
85 0.0633424
86 0.0628673
87 0.0623983
88 0.0620042
89 0.0614985
90 0.0610633
91 0.0606697
92 0.0600476
93 0.0598567
94 0.05955
95 0.0591608
96 0.058626
97 0.0581714
98 0.0577985
99 0.0574666
100 0.0568978
101 0.0566955
102 0.0563225
103 0.0559388
104 0.0554023
105 0.0552469
106 0.0549146
107 0.0545496
108 0.0541125
109 0.0538748
110 0.0534702
111 0.0532336
112 0.0528712
113 0.0526504
114 0.0523454
115 0.0518527
116 0.0517135
117 0.0513814
118 0.0511899
119 0.0508173
120 0.0505225
121 0.0502756
122 0.0500163
123 0.0496465
124 0.0494528
125 0.0491978
126 0.0489358
127 0.0487195
128 0.0483914
129 0.0482118
130 0.0479043
131 0.0476252
132 0.0474564
133 0.0472523
134 0.0469424
135 0.0466027
136 0.0464403
137 0.0463268
138 0.046117
139 0.0458351
140 0.0455982
141 0.0454606
142 0.04516
143 0.0449465
144 0.0447236
145 0.0444763
146 0.0442383
147 0.0440898
148 0.0439403
149 0.0438495
150 0.0434887
151 0.043459
152 0.0430871
153 0.0430149
154 0.0427645
155 0.0425704
156 0.0424284
157 0.0421571
158 0.0420515
159 0.0418427
160 0.0416789
161 0.0415437
162 0.0413442
163 0.0411103
164 0.0409035
165 0.0408692
166 0.0406059
167 0.0404644
168 0.0402906
169 0.0402132
170 0.0398615
171 0.0397563
172 0.0396179
173 0.0395774
174 0.0393208
175 0.0392595
176 0.0390894
177 0.0389174
178 0.0387901
179 0.0385455
180 0.0385014
181 0.0383263
182 0.038059
183 0.0380133
184 0.0379135
185 0.0377853
186 0.0376462
187 0.0375071
188 0.0373746
189 0.0372315
190 0.0370511
191 0.036891
192 0.0367584
193 0.036695
194 0.0365346
195 0.0363171
196 0.036281
197 0.0360621
198 0.0360097
199 0.0358354
200 0.0358305
201 0.035532
202 0.0355431
203 0.0354656
204 0.035266
205 0.0351273
206 0.035018
207 0.0349009
208 0.0347656
209 0.0345694
210 0.0346163
211 0.0345098
212 0.0343495
213 0.0342459
214 0.0340637
215 0.0338776
216 0.0338607
217 0.0338015
218 0.0337854
219 0.0335259
220 0.0334894
221 0.033341
222 0.0332065
223 0.033098
224 0.0330795
225 0.0330792
226 0.0329211
227 0.032727
228 0.0326813
229 0.0324667
230 0.0324722
231 0.0323333
232 0.0323061
233 0.0321692
234 0.0320553
235 0.0318704
236 0.0317939
237 0.0316896
238 0.0316798
239 0.0315178
240 0.0315591
241 0.0312958
242 0.0312526
243 0.0312406
244 0.0310969
245 0.0310278
246 0.0308759
247 0.0308616
248 0.0308018
249 0.0306841
250 0.0306481
251 0.030498
252 0.0304376
253 0.0303668
254 0.0302518
255 0.030117
256 0.0301271
257 0.0299838
258 0.0299003
259 0.0298177
260 0.0297623
261 0.0296132
262 0.0295232
263 0.0294799
264 0.029426
265 0.0292751
266 0.0292732
267 0.0291468
268 0.0290785
269 0.0289941
270 0.0288995
271 0.0289465
272 0.0289139
273 0.0287383
274 0.0286818
275 0.0285791
276 0.0285261
277 0.0284314
278 0.0282298
279 0.0282376
280 0.0282198
281 0.0281297
282 0.0279948
283 0.027956
284 0.0279012
285 0.0278236
286 0.0277551
287 0.0278024
288 0.0276404
289 0.0276648
290 0.0275458
291 0.0275006
292 0.0274002
293 0.0273352
294 0.0272324
295 0.0270847
296 0.0270452
297 0.0270375
298 0.026976
299 0.0268951
300 0.0268804
301 0.0267447
302 0.0268547
303 0.0266188
304 0.0265611
305 0.0265703
306 0.0264523
307 0.0264636
308 0.026335
309 0.0262928
310 0.0263504
311 0.0262641
312 0.0261437
313 0.0261487
314 0.026052
315 0.025906
316 0.0258616
317 0.0258341
318 0.0257481
319 0.0258087
320 0.0256717
321 0.0257156
322 0.0255415
323 0.025499
324 0.0255021
325 0.0253147
326 0.0253561
327 0.0252745
328 0.0252385
329 0.0250946
330 0.0251752
331 0.025058
332 0.024969
333 0.0249994
334 0.0248296
335 0.0248492
336 0.0248302
337 0.0247289
338 0.0247178
339 0.024652
340 0.0245894
341 0.0245656
342 0.0244864
343 0.024491
344 0.0243215
345 0.024361
346 0.0242852
347 0.0242282
348 0.0241501
349 0.0241469
350 0.0240344
351 0.0240139
352 0.0239613
353 0.0239966
354 0.0238931
355 0.0239003
356 0.0238065
357 0.0237521
358 0.0237259
359 0.0236275
360 0.0235627
361 0.0235603
362 0.0236674
363 0.0234598
364 0.0233901
365 0.0233179
366 0.0233496
367 0.0232336
368 0.0231195
369 0.0231541
370 0.0230839
371 0.0231154
372 0.0230387
373 0.0229304
374 0.0229582
375 0.0229625
376 0.0228606
377 0.0227506
378 0.0227352
379 0.0227461
380 0.0226131
381 0.0226173
382 0.0226078
383 0.0226455
384 0.022542
385 0.0224757
386 0.0224799
387 0.0224372
388 0.0222788
389 0.0223447
390 0.0222371
391 0.0221996
392 0.022181
393 0.0220995
394 0.0220456
395 0.0221028
396 0.0220014
397 0.0219131
398 0.0219707
399 0.0218528
400 0.0219239
