1 0.333736
2 0.333554
3 0.333527
4 0.332857
5 0.332618
6 0.33289
7 0.353898
8 0.370695
9 0.386778
10 0.399026
11 0.412801
12 0.423972
13 0.434219
14 0.443223
15 0.452766
16 0.459674
17 0.465839
18 0.473374
19 0.479468
20 0.485351
21 0.491236
22 0.496882
23 0.501421
24 0.506926
25 0.511596
26 0.516442
27 0.52165
28 0.524779
29 0.528906
30 0.533042
31 0.537809
32 0.541365
33 0.543993
34 0.548634
35 0.55177
36 0.555729
37 0.559702
38 0.562633
39 0.566385
40 0.569204
41 0.572033
42 0.574572
43 0.578356
44 0.580666
45 0.583776
46 0.586756
47 0.588665
48 0.590752
49 0.593922
50 0.597125
51 0.599125
52 0.60164
53 0.60395
54 0.606746
55 0.608928
56 0.611544
57 0.613614
58 0.6152
59 0.617683
60 0.619792
61 0.621411
62 0.624091
63 0.626234
64 0.627621
65 0.629532
66 0.631413
67 0.633187
68 0.635302
69 0.637248
70 0.639516
71 0.640865
72 0.641849
73 0.643464
74 0.645544
75 0.647831
76 0.648592
77 0.650636
78 0.651982
79 0.654173
80 0.654899
81 0.657067
82 0.658089
83 0.660008
84 0.661208
85 0.663173
86 0.663755
87 0.665293
88 0.666273
89 0.667843
90 0.669729
91 0.670554
92 0.67179
93 0.673744
94 0.674979
95 0.67613
96 0.677315
97 0.678866
98 0.680036
99 0.680592
100 0.682507
101 0.683444
102 0.683709
103 0.686146
104 0.686172
105 0.687807
106 0.689101
107 0.68942
108 0.690922
109 0.692175
110 0.693392
111 0.693984
112 0.694966
113 0.696344
114 0.697225
115 0.697616
116 0.699929
117 0.699919
118 0.700971
119 0.702125
120 0.702523
121 0.703856
122 0.704881
123 0.705026
124 0.706887
125 0.708333
126 0.709
127 0.708922
128 0.710472
129 0.71077
130 0.712261
131 0.712582
132 0.713667
133 0.714797
134 0.715492
135 0.715797
136 0.716593
137 0.718006
138 0.719453
139 0.719608
140 0.720021
141 0.720826
142 0.721778
143 0.722862
144 0.723392
145 0.724516
146 0.725276
147 0.725503
148 0.727032
149 0.727087
150 0.728331
151 0.728284
152 0.728913
153 0.730141
154 0.730772
155 0.731789
156 0.732239
157 0.733079
158 0.733536
159 0.734043
160 0.734657
161 0.73589
162 0.736253
163 0.736481
164 0.737863
165 0.738135
166 0.739314
167 0.739788
168 0.740245
169 0.74049
170 0.741308
171 0.741307
172 0.74194
173 0.743495
174 0.74323
175 0.744376
176 0.744559
177 0.745022
178 0.746102
179 0.746282
180 0.747569
181 0.748235
182 0.7474
183 0.748342
184 0.749684
185 0.749817
186 0.750535
187 0.75142
188 0.75155
189 0.752209
190 0.752522
191 0.752929
192 0.753653
193 0.754316
194 0.754703
195 0.75463
196 0.755926
197 0.75641
198 0.756998
199 0.757274
200 0.757619
201 0.758009
202 0.759007
203 0.759247
204 0.759306
205 0.759809
206 0.760916
207 0.761384
208 0.761607
209 0.762218
210 0.762246
211 0.762845
212 0.763578
213 0.763259
214 0.764151
215 0.764889
216 0.765049
217 0.76589
218 0.765886
219 0.767047
220 0.766544
221 0.76685
222 0.768251
223 0.768283
224 0.768648
225 0.769094
226 0.769716
227 0.76974
228 0.770736
229 0.771021
230 0.77162
231 0.772221
232 0.772419
233 0.77251
234 0.773403
235 0.77385
236 0.773549
237 0.773574
238 0.774603
239 0.775162
240 0.775787
241 0.776132
242 0.775799
243 0.776303
244 0.77677
245 0.777415
246 0.777824
247 0.777567
248 0.779058
249 0.778642
250 0.779238
251 0.779397
252 0.779902
253 0.780607
254 0.780657
255 0.780791
256 0.781402
257 0.781424
258 0.782593
259 0.78193
260 0.783331
261 0.7833
262 0.783913
263 0.784363
264 0.784717
265 0.78389
266 0.785131
267 0.785822
268 0.784928
269 0.785621
270 0.786007
271 0.786743
272 0.787002
273 0.787176
274 0.788576
275 0.788133
276 0.788076
277 0.788607
278 0.788378
279 0.788998
280 0.789608
281 0.790107
282 0.789875
283 0.790575
284 0.790603
285 0.79065
286 0.792018
287 0.792159
288 0.792066
289 0.792121
290 0.792674
291 0.793151
292 0.792995
293 0.793643
294 0.794096
295 0.794444
296 0.794142
297 0.794421
298 0.794847
299 0.795338
300 0.795506
301 0.795712
302 0.796034
303 0.796624
304 0.797102
305 0.797078
306 0.797067
307 0.798235
308 0.798081
309 0.798488
310 0.798243
311 0.798681
312 0.798759
313 0.799634
314 0.79973
315 0.799775
316 0.799965
317 0.800215
318 0.800882
319 0.800821
320 0.801549
321 0.800731
322 0.801957
323 0.802062
324 0.8027
325 0.802266
326 0.802572
327 0.802635
328 0.802822
329 0.803456
330 0.80399
331 0.803701
332 0.805029
333 0.804196
334 0.804864
335 0.804888
336 0.805402
337 0.805876
338 0.80587
339 0.805821
340 0.806352
341 0.806888
342 0.807069
343 0.807036
344 0.807357
345 0.80754
346 0.807714
347 0.807875
348 0.80847
349 0.80843
350 0.808894
351 0.80862
352 0.8097
353 0.8097
354 0.809823
355 0.809613
356 0.810352
357 0.811155
358 0.810242
359 0.811514
360 0.81071
361 0.811125
362 0.811521
363 0.811806
364 0.811512
365 0.81233
366 0.812429
367 0.812269
368 0.813001
369 0.812953
370 0.813505
371 0.813494
372 0.813923
373 0.814001
374 0.814195
375 0.814846
376 0.81479
377 0.81513
378 0.814696
379 0.815202
380 0.815275
381 0.815286
382 0.815892
383 0.816026
384 0.816387
385 0.816979
386 0.816804
387 0.816881
388 0.817601
389 0.816982
390 0.81721
391 0.817978
392 0.818481
393 0.817825
394 0.818753
395 0.818623
396 0.818646
397 0.818848
398 0.818871
399 0.819799
400 0.820034
