1 0.420583
2 0.420583
3 0.420583
4 0.420583
5 0.420583
6 0.420583
7 0.420583
8 0.420583
9 0.420583
10 0.420583
11 0.420583
12 0.420583
13 0.420583
14 0.420583
15 0.420583
16 0.420583
17 0.420583
18 0.420583
19 0.420583
20 0.420583
21 0.420583
22 0.420583
23 0.420583
24 0.420583
25 0.420583
26 0.420583
27 0.420583
28 0.420583
29 0.420583
30 0.420583
31 0.420583
32 0.420583
33 0.420583
34 0.420583
35 0.420583
36 0.420583
37 0.420583
38 0.420583
39 0.420583
40 0.420583
41 0.420583
42 0.420583
43 0.420583
44 0.420583
45 0.420583
46 0.420583
47 0.420583
48 0.420583
49 0.420583
50 0.420583
51 0.420583
52 0.420583
53 0.420583
54 0.420583
55 0.420583
56 0.420583
57 0.420583
58 0.420583
59 0.420583
60 0.420583
61 0.420583
62 0.420583
63 0.420583
64 0.420583
65 0.420583
66 0.420583
67 0.420583
68 0.420583
69 0.420583
70 0.420583
71 0.420583
72 0.420583
73 0.420583
74 0.420583
75 0.420583
76 0.420583
77 0.420583
78 0.420583
79 0.420583
80 0.420583
81 0.420583
82 0.420583
83 0.420583
84 0.420583
85 0.420583
86 0.420583
87 0.420583
88 0.420583
89 0.420583
90 0.420583
91 0.420583
92 0.420583
93 0.420583
94 0.420583
95 0.420583
96 0.420583
97 0.420583
98 0.420583
99 0.420583
100 0.420583
101 0.420583
102 0.420583
103 0.420583
104 0.420583
105 0.420583
106 0.420583
107 0.420583
108 0.420583
109 0.420583
110 0.420583
111 0.420583
112 0.420583
113 0.420583
114 0.420583
115 0.420583
116 0.420583
117 0.420583
118 0.420583
119 0.420583
120 0.420583
121 0.420583
122 0.420583
123 0.420583
124 0.420583
125 0.420583
126 0.420583
127 0.420583
128 0.420583
129 0.420583
130 0.420583
131 0.420583
132 0.420583
133 0.420583
134 0.420583
135 0.420583
136 0.420583
137 0.420583
138 0.420583
139 0.420583
140 0.420583
141 0.420583
142 0.420583
143 0.420583
144 0.420583
145 0.420583
146 0.420583
147 0.420583
148 0.420583
149 0.420583
150 0.420583
151 0.420583
152 0.420583
153 0.420583
154 0.420583
155 0.420583
156 0.420583
157 0.420583
158 0.420583
159 0.420583
160 0.420583
161 0.420583
162 0.420583
163 0.420583
164 0.420583
165 0.420583
166 0.420583
167 0.420583
168 0.420583
169 0.420583
170 0.420583
171 0.420583
172 0.420583
173 0.420583
174 0.420583
175 0.420583
176 0.420583
177 0.420583
178 0.420583
179 0.420583
180 0.420583
181 0.420583
182 0.420583
183 0.420583
184 0.420583
185 0.420583
186 0.420583
187 0.420583
188 0.420583
189 0.420583
190 0.420583
191 0.420583
192 0.420583
193 0.420583
194 0.420583
195 0.420583
196 0.420583
197 0.420583
198 0.420583
199 0.420583
200 0.420583
201 0.420583
202 0.420583
203 0.420583
204 0.420583
205 0.420583
206 0.420583
207 0.420583
208 0.420583
209 0.420583
210 0.420583
211 0.420583
212 0.420583
213 0.420583
214 0.420583
215 0.420583
216 0.420583
217 0.420583
218 0.420583
219 0.420583
220 0.420583
221 0.420583
222 0.420583
223 0.420583
224 0.420583
225 0.420583
226 0.420583
227 0.420583
228 0.420583
229 0.420583
230 0.420583
231 0.420583
232 0.420583
233 0.420583
234 0.420583
235 0.420583
236 0.420583
237 0.420583
238 0.420583
239 0.420583
240 0.420583
241 0.420583
242 0.420583
243 0.420583
244 0.420583
245 0.420583
246 0.420583
247 0.420583
248 0.420583
249 0.420583
250 0.420583
251 0.420583
252 0.420583
253 0.420583
254 0.420583
255 0.420583
256 0.420583
257 0.420583
258 0.420583
259 0.420583
260 0.420583
261 0.420583
262 0.420583
263 0.420583
264 0.420583
265 0.420583
266 0.420583
267 0.420583
268 0.420583
269 0.420583
270 0.420583
271 0.420583
272 0.420583
273 0.420583
274 0.420583
275 0.420583
276 0.420583
277 0.420583
278 0.420583
279 0.420583
280 0.420583
281 0.420583
282 0.420583
283 0.420583
284 0.420583
285 0.420583
286 0.420583
287 0.420583
288 0.420583
289 0.420583
290 0.420583
291 0.420583
292 0.420583
293 0.420583
294 0.420583
295 0.420583
296 0.420583
297 0.420583
298 0.420583
299 0.420583
300 0.420583
301 0.420583
302 0.420583
303 0.420583
304 0.420583
305 0.420583
306 0.420583
307 0.420583
308 0.420583
309 0.420583
310 0.420583
311 0.420583
312 0.420583
313 0.420583
314 0.420583
315 0.420583
316 0.420583
317 0.420583
318 0.420583
319 0.420583
320 0.420583
321 0.420583
322 0.420583
323 0.420583
324 0.420583
325 0.420583
326 0.420583
327 0.420583
328 0.420583
329 0.420583
330 0.420583
331 0.420583
332 0.420583
333 0.420583
334 0.420583
335 0.420583
336 0.420583
337 0.420583
338 0.420583
339 0.420583
340 0.420583
341 0.420583
342 0.420583
343 0.420583
344 0.420583
345 0.420583
346 0.420583
347 0.420583
348 0.420583
349 0.420583
350 0.420583
351 0.420583
352 0.420583
353 0.420583
354 0.420583
355 0.420583
356 0.420583
357 0.420583
358 0.420583
359 0.420583
360 0.420583
361 0.420583
362 0.420583
363 0.420583
364 0.420583
365 0.420583
366 0.420583
367 0.420583
368 0.420583
369 0.420583
370 0.420583
371 0.420583
372 0.420583
373 0.420583
374 0.420583
375 0.420583
376 0.420583
377 0.420583
378 0.420583
379 0.420583
380 0.420583
381 0.420583
382 0.420583
383 0.420583
384 0.420583
385 0.420583
386 0.420583
387 0.420583
388 0.420583
389 0.420583
390 0.420583
391 0.420583
392 0.420583
393 0.420583
394 0.420583
395 0.420583
396 0.420583
397 0.420583
398 0.420583
399 0.420583
400 0.420583
