1 0.5
2 0.365017
3 0.307548
4 0.273792
5 0.251844
6 0.225678
7 0.207651
8 0.195052
9 0.18532
10 0.178048
11 0.172101
12 0.166591
13 0.162464
14 0.158135
15 0.154723
16 0.151447
17 0.148861
18 0.145781
19 0.143655
20 0.141489
21 0.139492
22 0.137649
23 0.135963
24 0.134363
25 0.132961
26 0.131771
27 0.13045
28 0.1292
29 0.128477
30 0.12752
31 0.126553
32 0.125781
33 0.125089
34 0.12457
35 0.123912
36 0.123166
37 0.122551
38 0.12221
39 0.121923
40 0.121299
41 0.120897
42 0.120497
43 0.120114
44 0.11997
45 0.119634
46 0.119122
47 0.118782
48 0.11872
49 0.118545
