1 0.50031
2 0.50031
3 0.50031
4 0.50031
5 0.50031
6 0.500207
7 0.500133
8 0.500077
9 0.500034
10 0.5
11 0.500028
12 0.5
13 0.500024
14 0.5
15 0.500021
16 0.5
17 0.500018
18 0.5
19 0.500016
20 0.5
21 0.500015
22 0.5
23 0.500013
24 0.5
25 0.500012
26 0.502819
27 0.505439
28 0.509205
29 0.5125
30 0.516556
31 0.520498
32 0.524494
33 0.528514
34 0.532511
35 0.536538
36 0.540574
37 0.544344
38 0.548231
39 0.551915
40 0.555808
41 0.559403
42 0.563113
43 0.566588
44 0.569948
45 0.573484
46 0.577189
47 0.580333
48 0.58342
49 0.586433
