1 0.0733145
2 0.0733145
3 0.0733145
4 0.0733145
5 0.0733145
6 0.0733145
7 0.0733145
8 0.0733145
9 0.0733145
10 0.0735646
11 0.0733145
12 0.0735646
13 0.0733145
14 0.0735646
15 0.0733145
16 0.0735646
17 0.0733145
18 0.0735646
19 0.0733145
20 0.0735646
21 0.0733145
22 0.0735646
23 0.0733145
24 0.0735646
25 0.0733145
26 0.0567413
27 0.0568001
28 0.0489727
29 0.049062
30 0.0437101
31 0.0436758
32 0.039777
33 0.0397585
34 0.0365481
35 0.036445
36 0.0338303
37 0.0337122
38 0.031647
39 0.0316119
40 0.0296462
41 0.0295348
42 0.0280656
43 0.0279903
44 0.0266004
45 0.0266335
46 0.0253409
47 0.0253572
48 0.0243647
49 0.0243161
