1 0.5
2 0.379657
3 0.326111
4 0.293796
5 0.271377
6 0.254623
7 0.240951
8 0.23015
9 0.221417
10 0.212654
11 0.205783
12 0.199555
13 0.194096
14 0.188382
15 0.184505
16 0.180095
17 0.175716
18 0.172577
19 0.170011
20 0.166507
21 0.163237
22 0.160803
23 0.15857
24 0.155491
25 0.152639
26 0.150906
27 0.150295
28 0.146632
29 0.145536
30 0.14325
31 0.142115
32 0.139231
33 0.138867
34 0.136343
35 0.135684
36 0.133897
37 0.132785
38 0.130904
39 0.130397
40 0.128985
41 0.127215
42 0.126557
43 0.125746
44 0.124704
45 0.124097
46 0.12276
47 0.122252
48 0.121129
49 0.119607
50 0.118993
51 0.117883
52 0.117781
53 0.117841
54 0.116787
55 0.115616
56 0.115084
57 0.115595
58 0.113486
59 0.112843
60 0.1127
61 0.11227
62 0.111993
63 0.111198
64 0.109798
65 0.110592
66 0.109938
67 0.108826
68 0.108417
69 0.107627
70 0.107779
71 0.106847
72 0.10662
73 0.104911
74 0.105735
75 0.10525
76 0.10482
77 0.104431
78 0.104019
79 0.103121
80 0.103132
81 0.103166
82 0.102049
83 0.102696
84 0.101467
85 0.0995196
86 0.101354
87 0.101033
88 0.100682
89 0.101054
90 0.100314
91 0.100556
92 0.0995492
93 0.100155
94 0.0989971
95 0.098279
96 0.0980072
97 0.0981813
98 0.0971468
99 0.097542
100 0.0973215
101 0.0968758
102 0.0959429
103 0.096985
104 0.0958086
105 0.096535
106 0.0955061
107 0.0947763
108 0.0956904
109 0.0946907
110 0.0951403
111 0.0945694
112 0.0941867
113 0.0940959
114 0.0932387
115 0.0939199
116 0.0936072
117 0.094113
118 0.0929262
119 0.0930602
120 0.092758
121 0.0927005
122 0.0928425
123 0.0917897
124 0.0923726
125 0.0914045
126 0.0915221
127 0.0907648
128 0.0915231
129 0.092332
130 0.0919594
131 0.0909905
132 0.090939
133 0.0906558
134 0.090397
135 0.0907576
136 0.0903832
137 0.089975
138 0.0898477
139 0.0900005
140 0.0896382
141 0.0898968
142 0.0897256
143 0.0897312
144 0.0895414
145 0.0888105
146 0.0898112
147 0.0881845
148 0.0883867
149 0.0884382
150 0.0884628
151 0.0880062
152 0.0882503
153 0.0885076
154 0.0879777
155 0.0881662
156 0.0871907
157 0.0877983
158 0.0870761
159 0.0879991
160 0.0870381
161 0.0873447
162 0.087288
163 0.0871842
164 0.0864372
165 0.0867802
166 0.0872474
167 0.0870354
168 0.0862055
169 0.085798
170 0.0848216
171 0.0867452
172 0.0863381
173 0.0859704
174 0.0856234
175 0.0853808
176 0.0854907
177 0.0853602
178 0.0860172
179 0.0852215
180 0.0853812
181 0.0845982
182 0.0854224
183 0.0851991
184 0.0850857
185 0.0844973
186 0.0856923
187 0.0841623
188 0.084909
189 0.0845234
190 0.0842175
191 0.0842745
192 0.0837594
193 0.0840915
194 0.0843791
195 0.0847407
196 0.0835799
197 0.0838124
198 0.0838523
199 0.0834604
200 0.0837548
201 0.0831649
202 0.0831155
203 0.0831524
204 0.0835047
205 0.081087
206 0.0826411
207 0.0826072
208 0.0825506
209 0.0827568
210 0.0829198
211 0.0826931
212 0.0824006
213 0.082146
214 0.0820054
215 0.0821042
216 0.0825553
217 0.0822149
218 0.0822294
219 0.0819113
220 0.0823015
221 0.0820549
222 0.081972
223 0.0820483
224 0.0815097
225 0.0820698
226 0.0817025
227 0.0820868
228 0.0811517
229 0.0812867
230 0.0814358
231 0.0810242
232 0.0817521
233 0.08133
234 0.0812269
235 0.081774
236 0.0813054
237 0.0803887
238 0.0810367
239 0.0810131
240 0.0806001
241 0.079405
242 0.0808227
243 0.080647
244 0.080432
245 0.080284
246 0.0799463
247 0.0802588
248 0.080892
249 0.080515
250 0.0799925
251 0.0797761
252 0.0796187
253 0.0789334
254 0.0784642
255 0.0777127
256 0.0802202
257 0.0820469
258 0.081506
259 0.0808489
260 0.0805224
261 0.0804931
262 0.0794099
263 0.0800435
264 0.0798706
265 0.0795947
266 0.0793017
267 0.0798706
268 0.0794305
269 0.0792386
270 0.0794005
271 0.079048
272 0.0791317
273 0.0801548
274 0.0789798
275 0.0792077
276 0.0787894
277 0.0791938
278 0.0788978
279 0.0791189
280 0.0788427
281 0.0789952
282 0.0789764
283 0.0786845
284 0.0788884
285 0.0785716
286 0.0787746
287 0.0784391
288 0.0785014
289 0.0781723
290 0.0782565
291 0.0784699
292 0.0789001
293 0.0777154
294 0.0781162
295 0.0785264
296 0.0779004
297 0.0781513
298 0.0781078
299 0.0780059
300 0.0782165
301 0.0780697
302 0.0776233
303 0.0782211
304 0.0779807
305 0.0780162
306 0.0783265
307 0.0775299
308 0.0777821
309 0.0777269
310 0.0780345
311 0.0775814
312 0.0770557
313 0.0777518
314 0.0776958
315 0.0782927
316 0.0770387
317 0.0772125
318 0.0776429
319 0.077126
320 0.0768628
321 0.0770433
322 0.0768399
323 0.0779314
324 0.077448
325 0.077204
326 0.0769473
327 0.076384
328 0.0764807
329 0.0764897
330 0.0770038
331 0.0771967
332 0.0774076
333 0.0773421
334 0.0771326
335 0.0769384
336 0.0767184
337 0.0766392
338 0.0766252
339 0.0765656
340 0.0769876
341 0.0786489
342 0.0749595
343 0.0759105
344 0.0760427
345 0.0762235
346 0.0761147
347 0.0764254
348 0.0762454
349 0.0760133
350 0.0758347
351 0.0765754
352 0.0760066
353 0.0762192
354 0.0761367
355 0.075861
356 0.0762649
357 0.0760031
358 0.0757442
359 0.0760889
360 0.0759372
361 0.0761621
362 0.0757513
363 0.0756797
364 0.075925
365 0.0755239
366 0.0760152
367 0.075578
368 0.0755362
369 0.0756284
370 0.075745
371 0.0754734
372 0.0759933
373 0.0752603
374 0.0754805
375 0.0751013
376 0.0755737
377 0.0756292
378 0.0755307
379 0.075409
380 0.0752262
381 0.0756414
382 0.0748581
383 0.0745249
384 0.0756009
385 0.0759391
386 0.0756351
387 0.0754355
388 0.0753181
389 0.0750322
390 0.0754094
391 0.0748835
392 0.0752155
393 0.0747497
394 0.0747716
395 0.0747808
396 0.0749476
397 0.0751937
398 0.0748202
399 0.0747473
400 0.0748879
