7 0.81013
8 0.719022
9 0.594176
10 0.521186
11 0.442363
12 0.393771
13 0.339882
14 0.303458
15 0.268591
16 0.240541
17 0.215572
18 0.194867
19 0.177753
20 0.16509
21 0.151863
22 0.14168
23 0.133248
24 0.125844
25 0.118874
26 0.113101
27 0.108476
28 0.104134
29 0.100262
30 0.0967736
31 0.0939654
32 0.0911004
33 0.088981
34 0.0865615
35 0.0846283
36 0.0825641
37 0.0809119
38 0.0790965
39 0.0776967
40 0.0759685
41 0.0745886
42 0.073078
43 0.0719272
44 0.0705244
45 0.0692503
46 0.0682533
47 0.0670214
48 0.0659199
49 0.0646992
50 0.0636875
51 0.0627946
52 0.0618033
53 0.0610844
54 0.06007
55 0.0591032
56 0.0583527
57 0.0575042
58 0.0565939
59 0.0558325
60 0.055038
61 0.054371
62 0.0537545
63 0.0530706
64 0.0523914
65 0.0517676
66 0.0512076
67 0.0504004
68 0.0499365
69 0.049226
70 0.0486944
71 0.0480898
72 0.0477489
73 0.0470682
74 0.0465555
75 0.046142
76 0.0455445
77 0.045299
78 0.0446597
79 0.0443011
80 0.0439649
81 0.0434296
82 0.0429369
83 0.0426667
84 0.042176
85 0.0419161
86 0.0415171
87 0.0411824
88 0.0407669
89 0.0405013
90 0.0401391
91 0.0397582
92 0.0394063
93 0.0390854
94 0.0387264
95 0.0383705
96 0.0381425
97 0.0378099
98 0.0375797
99 0.0373011
100 0.0368992
101 0.0367018
102 0.0364109
103 0.0361126
104 0.0359537
105 0.0356804
106 0.0352387
107 0.0350096
108 0.0348652
109 0.0346519
110 0.0343683
111 0.0341016
112 0.033869
113 0.0336407
114 0.0334835
115 0.0331177
116 0.0330089
117 0.0327558
118 0.0325278
119 0.0323201
120 0.032131
121 0.0318723
122 0.0316199
123 0.0314875
124 0.0311734
125 0.0309636
126 0.0308076
127 0.0306535
128 0.0303556
129 0.0302709
130 0.0300852
131 0.0298492
132 0.0295802
133 0.0295283
134 0.0293506
135 0.0291146
136 0.0289456
137 0.0288295
138 0.0286184
139 0.0285214
140 0.028292
141 0.0281587
142 0.0279529
143 0.0278383
144 0.027663
145 0.0275969
146 0.0272882
147 0.0272028
148 0.0271131
149 0.0269059
150 0.0267653
151 0.0266023
152 0.0265465
153 0.0263287
154 0.0262998
155 0.0260609
156 0.0260075
157 0.0258813
158 0.0258
159 0.0255864
160 0.025483
161 0.0252719
162 0.0252723
163 0.0252153
164 0.0249908
165 0.0248189
166 0.0247297
167 0.0246133
168 0.0244506
169 0.0244173
170 0.024281
171 0.0242356
172 0.0240019
173 0.0239843
174 0.0238638
175 0.0237593
176 0.0236449
177 0.0234739
178 0.0235351
179 0.0233284
180 0.023251
181 0.023113
182 0.0230507
183 0.0230174
184 0.0229342
185 0.0228195
186 0.0226055
187 0.0225829
188 0.0225216
189 0.0223836
190 0.0223499
191 0.0221483
192 0.0221611
193 0.022041
194 0.0220074
195 0.0218359
196 0.0217846
197 0.0216762
198 0.0216084
199 0.0214859
200 0.0214909
201 0.0214141
202 0.0212801
203 0.0212294
204 0.0210982
205 0.0210392
206 0.0208994
207 0.0209405
208 0.0207911
209 0.0207356
210 0.0206561
211 0.0205471
212 0.0205336
213 0.0204378
214 0.02035
215 0.0202758
216 0.0202394
217 0.0201468
218 0.0200415
219 0.0199771
220 0.0198858
221 0.0198168
222 0.0198078
223 0.0197608
224 0.0197062
225 0.019619
226 0.019543
227 0.0194388
228 0.0194372
229 0.0193432
230 0.0192654
231 0.0191867
232 0.0191855
233 0.0190924
234 0.0190849
235 0.0189142
236 0.0189096
237 0.0188163
238 0.0188352
239 0.0187455
240 0.0185893
241 0.0185684
242 0.0185257
243 0.0184812
244 0.0184333
245 0.0183139
246 0.0182498
247 0.0182543
248 0.0181864
249 0.0181053
250 0.018037
251 0.0179931
252 0.0179092
253 0.0178796
254 0.017807
255 0.0177232
256 0.0176748
257 0.0176013
258 0.017547
259 0.0175192
260 0.0174242
261 0.0173916
262 0.0173072
263 0.0172901
264 0.0172788
265 0.0171753
266 0.0171091
267 0.0170533
268 0.0170022
269 0.0170618
270 0.0169376
271 0.0168813
272 0.0168082
273 0.0168037
274 0.0167178
275 0.0166724
276 0.0166413
277 0.0165509
278 0.0165377
279 0.0165273
280 0.0164723
281 0.0164537
282 0.0164013
283 0.0163208
284 0.0162679
285 0.0163229
286 0.0161954
287 0.0161577
288 0.0160889
289 0.0160434
290 0.0160282
291 0.0159704
292 0.0159419
293 0.0158601
294 0.0157865
295 0.015791
296 0.0157076
297 0.0157742
298 0.0157431
299 0.0156726
300 0.0156013
301 0.0155411
302 0.0154565
303 0.0155098
304 0.0154976
305 0.015395
306 0.0154036
307 0.0153334
308 0.0153169
309 0.015251
310 0.0152069
311 0.015219
312 0.0151244
313 0.0151089
314 0.0150791
315 0.0149886
316 0.0149803
317 0.0149445
318 0.0148774
319 0.0148715
320 0.0148
321 0.0147909
322 0.0147526
323 0.0147357
324 0.0147007
325 0.0146352
326 0.0146523
327 0.01459
328 0.0145369
329 0.014554
330 0.0144546
331 0.0144253
332 0.014405
333 0.0143628
334 0.0143638
335 0.0142881
336 0.0143244
337 0.0142103
338 0.0142506
339 0.0141991
340 0.0141773
341 0.014093
342 0.0140781
343 0.0140273
344 0.013968
345 0.0140156
346 0.0140078
347 0.0140105
348 0.0139693
349 0.0139129
350 0.013833
351 0.0138283
352 0.0138279
353 0.0137493
354 0.0137431
355 0.0137066
356 0.0135819
357 0.0136106
358 0.013631
359 0.0135928
360 0.0135812
361 0.0134974
362 0.013442
363 0.0134566
364 0.0134816
365 0.0133846
366 0.013395
367 0.0133682
368 0.0132955
369 0.0132838
370 0.0132669
371 0.0131659
372 0.0132296
373 0.0131205
374 0.0131232
375 0.0131104
376 0.0131119
377 0.0130815
378 0.0130119
379 0.0130175
380 0.0129803
381 0.012973
382 0.0129288
383 0.0129097
384 0.0128755
385 0.012835
386 0.0128916
387 0.0128408
388 0.0127566
389 0.0127476
390 0.0127279
391 0.012714
392 0.0126811
393 0.0126622
394 0.0126236
395 0.0125963
396 0.0126369
397 0.0125742
398 0.012533
399 0.0124995
400 0.0124947
