1 0.0734359
2 0.0734072
3 0.0734462
4 0.0733969
5 0.0734775
6 0.0733655
7 0.0735099
8 0.0733331
9 0.0735006
10 0.0733424
11 0.0733925
12 0.0734359
13 0.0566639
14 0.0529315
15 0.0488688
16 0.0447033
17 0.0438224
18 0.040561
19 0.0397086
20 0.037557
21 0.0364268
22 0.0349323
23 0.0341225
24 0.0338029
25 0.0323212
26 0.0320793
27 0.031334
28 0.0308847
29 0.0304399
30 0.0296481
31 0.0293218
32 0.0290187
33 0.0283929
34 0.0280401
35 0.0276156
36 0.0271163
37 0.0266906
38 0.02653
39 0.025809
40 0.0253662
41 0.0252607
42 0.0250573
43 0.0245541
44 0.0239938
45 0.0238655
46 0.0234972
47 0.0230794
48 0.0230132
49 0.0226746
50 0.0222286
51 0.0220399
52 0.0219004
53 0.0216027
54 0.0213787
55 0.0209909
56 0.0209659
57 0.0206755
58 0.020316
59 0.0203804
60 0.0203477
61 0.0196774
62 0.0196413
63 0.019461
64 0.0193637
65 0.0190364
66 0.0189035
67 0.0187271
68 0.0185745
69 0.0183893
70 0.0182511
71 0.0182112
72 0.0179702
73 0.0178266
74 0.0174908
75 0.0175441
76 0.0173508
77 0.0172893
78 0.0168985
79 0.0168781
80 0.0167218
81 0.016775
82 0.0165035
83 0.0164702
84 0.0163983
85 0.0162315
86 0.0160918
87 0.0159833
88 0.0158333
89 0.0157536
90 0.0156018
91 0.0155507
92 0.0153965
93 0.015275
94 0.015306
95 0.0152208
96 0.0149926
97 0.0148665
98 0.014846
99 0.0147634
100 0.0146296
101 0.0144459
102 0.0144728
103 0.0143969
104 0.0141978
105 0.0141061
106 0.0141623
107 0.0138934
108 0.0138985
109 0.013954
110 0.0138563
111 0.0137595
112 0.0134903
113 0.0136123
114 0.0135091
115 0.0132768
116 0.0134601
117 0.0132517
118 0.0132171
119 0.0130269
120 0.012993
121 0.0130881
122 0.0129475
123 0.0127831
124 0.0127952
125 0.0127158
126 0.0126851
127 0.0126538
128 0.0124866
129 0.0124011
130 0.0123603
131 0.0124215
132 0.01225
133 0.0122156
134 0.0121489
135 0.0121085
136 0.0120727
137 0.0119533
138 0.0119302
139 0.0118789
140 0.0117937
141 0.0117015
142 0.011713
143 0.0116266
144 0.0115685
145 0.0115348
146 0.0114542
147 0.0114616
148 0.0114278
149 0.0112957
150 0.0112683
151 0.0112447
152 0.0112541
153 0.0112221
154 0.0111853
155 0.0111378
156 0.0111235
157 0.0110244
158 0.010938
159 0.010929
160 0.0109368
161 0.0108541
162 0.0107228
163 0.0108193
164 0.0106761
165 0.0106851
166 0.0107123
167 0.0105255
168 0.0105709
169 0.0105748
170 0.0104706
171 0.0104377
172 0.0104019
173 0.0103899
174 0.0103615
175 0.0102939
176 0.0102734
177 0.0102656
178 0.0101211
179 0.0102305
180 0.0100585
181 0.0100033
182 0.0100346
183 0.0100099
184 0.00992653
185 0.00993553
186 0.00991423
187 0.00978984
188 0.00985242
189 0.00976162
190 0.0097972
191 0.00969967
192 0.00968777
193 0.00973344
194 0.00960963
195 0.00959945
196 0.00956242
197 0.0095204
198 0.0095107
199 0.00948364
200 0.00948056
201 0.00944126
202 0.00941899
203 0.00929449
204 0.00929839
205 0.00926759
206 0.00931127
207 0.00915241
208 0.00915254
209 0.00913264
210 0.00914285
211 0.0090198
212 0.00902714
213 0.00907813
214 0.00895206
215 0.00901616
216 0.00900376
217 0.00891691
218 0.00891228
219 0.00886852
220 0.00883334
221 0.00875945
222 0.00877063
223 0.00877951
224 0.00874933
225 0.00868547
226 0.00867005
227 0.0086889
228 0.00860472
229 0.00862711
230 0.00871117
231 0.00865488
232 0.00854287
233 0.00857473
234 0.00851488
235 0.00850847
236 0.00844827
237 0.00843558
238 0.00841373
239 0.00839718
240 0.00830018
241 0.00839516
242 0.00833209
243 0.00834291
244 0.00840203
245 0.00825477
246 0.00825728
247 0.00824478
248 0.00825471
249 0.00819725
250 0.00819051
251 0.00808701
252 0.00813695
253 0.00809376
254 0.00805162
255 0.00803175
256 0.00808664
257 0.00797869
258 0.0080199
259 0.00801257
260 0.007961
261 0.00796587
262 0.00791777
263 0.00786877
264 0.00790719
265 0.00781637
266 0.00780854
267 0.00780511
268 0.0077838
269 0.00776518
270 0.00776229
271 0.00773065
272 0.00780012
273 0.00768461
274 0.00773826
275 0.00772086
276 0.00764462
277 0.00763759
278 0.00762025
279 0.00761642
280 0.00755019
281 0.00757096
282 0.00756818
283 0.00755027
284 0.00752256
285 0.00757971
286 0.00754903
287 0.00750017
288 0.00743217
289 0.00747815
290 0.00737034
291 0.00744004
292 0.00738376
293 0.00731749
294 0.00736028
295 0.00731067
296 0.00729018
297 0.00730456
298 0.00726686
299 0.00724564
300 0.0073297
301 0.00720167
302 0.00721945
303 0.00714747
304 0.00716931
305 0.00709567
306 0.00715441
307 0.00712379
308 0.00710764
309 0.00710893
310 0.00707248
311 0.00708774
312 0.00705873
313 0.00703705
314 0.0070515
315 0.00704419
316 0.00692102
317 0.00697471
318 0.00697595
319 0.00691326
320 0.00688011
321 0.0068947
322 0.00687051
323 0.00691239
324 0.0068624
325 0.00685831
326 0.00686522
327 0.00680024
328 0.00680949
329 0.00683988
330 0.00680706
331 0.00681006
332 0.0067341
333 0.00673419
334 0.00670496
335 0.00673478
336 0.00671018
337 0.00667507
338 0.00667481
339 0.00664862
340 0.00665436
341 0.0066682
342 0.0066342
343 0.0065829
344 0.00659235
345 0.00657733
346 0.00656215
347 0.00655653
348 0.00655729
349 0.00654894
350 0.0065535
351 0.00652851
352 0.00649271
353 0.00648753
354 0.00646357
355 0.00648276
356 0.00646222
357 0.0064217
358 0.00642204
359 0.00642125
360 0.00638561
361 0.00639815
362 0.00632577
363 0.00634701
364 0.00636153
365 0.00636988
366 0.00633225
367 0.00630266
368 0.00633348
369 0.00629782
370 0.00631449
371 0.00631971
372 0.0062876
373 0.00630759
374 0.00626692
375 0.00626085
376 0.00630477
377 0.00624923
378 0.00619677
379 0.00621077
380 0.00620377
381 0.00616471
382 0.00615959
383 0.00615175
384 0.00616135
385 0.00609627
386 0.00609812
387 0.00610463
388 0.00613147
389 0.00608827
390 0.00605115
391 0.00607765
392 0.00610793
393 0.006046
394 0.00607797
395 0.00603313
396 0.00600558
397 0.00602963
398 0.0059978
399 0.00601282
400 0.00597118
