1 0.5
2 0.359299
3 0.298626
4 0.263205
5 0.239807
6 0.222609
7 0.209605
8 0.199518
9 0.191207
10 0.184432
11 0.178484
12 0.173437
13 0.169195
14 0.165218
15 0.162091
16 0.159001
17 0.156413
18 0.153826
19 0.151798
20 0.149812
21 0.147756
22 0.146278
23 0.144745
24 0.143215
25 0.14199
26 0.140862
27 0.139646
28 0.138543
29 0.137777
30 0.136784
31 0.135805
32 0.134895
33 0.134095
34 0.133563
35 0.132741
36 0.131914
37 0.131261
38 0.130783
39 0.130308
40 0.129753
41 0.129276
42 0.12858
43 0.128174
44 0.127944
45 0.127441
46 0.126962
47 0.126445
48 0.126128
49 0.125855
50 0.125527
51 0.125157
52 0.1248
53 0.124529
54 0.124022
55 0.12396
56 0.12362
57 0.123391
58 0.123191
59 0.122799
60 0.122571
61 0.122382
62 0.122053
63 0.121756
64 0.121344
65 0.121545
66 0.121293
67 0.121088
68 0.120864
69 0.120672
70 0.120542
71 0.120277
72 0.120018
73 0.119809
74 0.119778
75 0.119563
76 0.119557
77 0.119358
78 0.119267
79 0.119226
80 0.118988
81 0.118791
82 0.118817
83 0.11863
84 0.118413
85 0.118418
86 0.118231
87 0.118112
88 0.118039
89 0.117894
90 0.117802
91 0.117686
92 0.117507
93 0.117377
94 0.117288
95 0.117235
96 0.117067
97 0.116987
98 0.116996
99 0.116878
100 0.116788
101 0.116649
102 0.116722
103 0.116438
104 0.116485
105 0.11636
106 0.116312
107 0.116307
108 0.116143
109 0.11599
110 0.116116
111 0.115898
112 0.115859
113 0.115749
114 0.115644
115 0.115649
116 0.115676
117 0.11563
118 0.115548
119 0.115457
120 0.115343
121 0.115261
122 0.115241
123 0.115197
124 0.115114
125 0.115001
126 0.114904
127 0.114911
128 0.114833
129 0.114869
130 0.114736
131 0.114743
132 0.114791
133 0.114598
134 0.1146
135 0.114544
136 0.114473
137 0.114493
138 0.11435
139 0.114185
140 0.114368
141 0.114213
142 0.114244
143 0.114181
144 0.114064
145 0.114135
146 0.114059
147 0.11393
148 0.113954
149 0.113869
150 0.113824
151 0.113788
152 0.113732
153 0.113701
154 0.113669
155 0.113719
156 0.113613
157 0.1136
158 0.113616
159 0.113563
160 0.113506
161 0.113445
162 0.113374
163 0.113366
164 0.113397
165 0.113355
166 0.113247
167 0.113277
168 0.113176
169 0.113133
170 0.113308
171 0.113238
172 0.11301
173 0.11301
174 0.113003
175 0.113044
176 0.112996
177 0.112993
178 0.112955
179 0.112962
180 0.112861
181 0.11279
182 0.112845
183 0.112835
184 0.112773
185 0.112678
186 0.112607
187 0.112839
188 0.112618
189 0.11259
190 0.112614
191 0.112585
192 0.112428
193 0.11263
194 0.11255
195 0.112598
196 0.112565
197 0.112484
198 0.112458
199 0.112402
200 0.112428
201 0.112367
202 0.112343
203 0.112408
204 0.112264
205 0.112491
206 0.112196
207 0.112322
208 0.112234
209 0.112152
210 0.11219
211 0.112171
212 0.112153
213 0.112044
214 0.112182
215 0.112093
216 0.112076
217 0.112065
218 0.112008
219 0.112045
220 0.112071
221 0.111991
222 0.111947
223 0.111956
224 0.111943
225 0.111842
226 0.111905
227 0.111958
228 0.111878
229 0.111835
230 0.111784
231 0.111815
232 0.11186
233 0.111824
234 0.111783
235 0.111738
236 0.111755
237 0.111739
238 0.11169
239 0.11169
240 0.111655
241 0.111643
242 0.111627
243 0.111642
244 0.11163
245 0.111712
246 0.111648
247 0.111612
248 0.111617
249 0.111569
250 0.111589
251 0.111532
252 0.111504
253 0.111519
254 0.11147
255 0.111655
256 0.111526
257 0.111218
258 0.111424
259 0.111411
260 0.111365
261 0.111353
262 0.111318
263 0.111416
264 0.111417
265 0.111314
266 0.111362
267 0.11141
268 0.111348
269 0.111239
270 0.111218
271 0.11122
272 0.111244
273 0.11122
274 0.111265
275 0.111257
276 0.111179
277 0.111192
278 0.111034
279 0.111175
280 0.111206
281 0.111167
282 0.111128
283 0.111051
284 0.111145
285 0.111112
286 0.111091
287 0.111011
288 0.111009
289 0.111077
290 0.11111
291 0.110963
292 0.11105
293 0.111012
294 0.11094
295 0.110901
296 0.110981
297 0.110936
298 0.110904
299 0.111003
300 0.110917
301 0.110866
302 0.110897
303 0.110859
304 0.110814
305 0.110937
306 0.110833
307 0.11075
308 0.110843
309 0.110729
310 0.110838
311 0.110775
312 0.110772
313 0.110768
314 0.110779
315 0.110754
316 0.110795
317 0.110731
318 0.110715
319 0.110746
320 0.110637
321 0.1108
322 0.110648
323 0.110689
324 0.110681
325 0.110632
326 0.110662
327 0.110608
328 0.110705
329 0.110548
330 0.110656
331 0.11056
332 0.110617
333 0.110624
334 0.110575
335 0.110596
336 0.110518
337 0.110545
338 0.110545
339 0.110559
340 0.11052
341 0.110523
342 0.110444
343 0.110573
344 0.110502
345 0.11051
346 0.110456
347 0.110492
348 0.110439
349 0.110431
350 0.110475
351 0.110511
352 0.110438
353 0.11038
354 0.110499
355 0.110424
356 0.110474
357 0.110376
358 0.110397
359 0.110427
360 0.110375
361 0.110425
362 0.110328
363 0.110361
364 0.110383
365 0.110352
366 0.110339
367 0.110303
368 0.110352
369 0.110312
370 0.110251
371 0.110358
372 0.110265
373 0.110266
374 0.110376
375 0.110223
376 0.110252
377 0.110323
378 0.110207
379 0.110235
380 0.110255
381 0.110202
382 0.110202
383 0.110266
384 0.110217
385 0.110171
386 0.110222
387 0.11021
388 0.110187
389 0.110245
390 0.110159
391 0.110159
392 0.110174
393 0.110193
394 0.11015
395 0.110142
396 0.110147
397 0.110147
398 0.110125
399 0.110092
400 0.110111
