1 0.0824179
2 0.0927434
3 0.10028
4 0.108129
5 0.114958
6 0.121517
7 0.127473
8 0.133301
9 0.138849
10 0.144645
11 0.149139
12 0.154023
13 0.158673
14 0.162776
15 0.166431
16 0.171579
17 0.175024
18 0.17831
19 0.182177
20 0.184547
21 0.188544
22 0.19176
23 0.195243
24 0.198246
25 0.201763
26 0.204739
27 0.207259
28 0.21032
29 0.213373
30 0.21616
31 0.218684
32 0.220009
33 0.222989
34 0.225422
35 0.22852
36 0.230811
37 0.232863
38 0.235633
39 0.238662
40 0.239916
41 0.2416
42 0.243871
43 0.246762
44 0.247844
45 0.2507
46 0.252962
47 0.254534
48 0.256028
49 0.258294
50 0.258999
51 0.261146
52 0.264307
53 0.266374
54 0.267105
55 0.269831
56 0.271699
57 0.272321
58 0.274919
59 0.275795
60 0.27843
61 0.279933
62 0.281809
63 0.283685
64 0.284771
65 0.285736
66 0.287829
67 0.289439
68 0.290701
69 0.291865
70 0.29405
71 0.294702
72 0.296508
73 0.297931
74 0.299421
75 0.301021
76 0.303014
77 0.304304
78 0.305825
79 0.305786
80 0.308143
81 0.30933
82 0.310521
83 0.312401
84 0.313388
85 0.314529
86 0.316089
87 0.317398
88 0.319262
89 0.319877
90 0.320501
91 0.321918
92 0.323244
93 0.324482
94 0.326365
95 0.326441
96 0.328271
97 0.329881
98 0.330243
99 0.331383
100 0.333309
101 0.333741
102 0.335584
103 0.33663
104 0.33825
105 0.338942
106 0.339791
107 0.340927
108 0.342974
109 0.343425
110 0.344927
111 0.345217
112 0.346733
113 0.347345
114 0.348293
115 0.348935
116 0.350569
117 0.351416
118 0.351417
119 0.352821
120 0.354763
121 0.355165
122 0.356807
123 0.357722
124 0.358254
125 0.359672
126 0.359648
127 0.361836
128 0.362317
129 0.362408
130 0.364397
131 0.364265
132 0.365603
133 0.367478
134 0.367961
135 0.369241
136 0.369361
137 0.370142
138 0.370927
139 0.371624
140 0.37331
141 0.37412
142 0.374325
143 0.375652
144 0.376212
145 0.377539
146 0.37808
147 0.379146
148 0.380123
149 0.380929
150 0.382129
151 0.38235
152 0.3834
153 0.382837
154 0.385486
155 0.386066
156 0.386728
157 0.386984
158 0.388371
159 0.38906
160 0.389801
161 0.39094
162 0.39101
163 0.391547
164 0.392589
165 0.393906
166 0.394082
167 0.394941
168 0.395217
169 0.396103
170 0.397611
171 0.397835
172 0.398261
173 0.398691
174 0.399736
175 0.401614
176 0.401498
177 0.402591
178 0.402984
179 0.403113
180 0.404001
181 0.404357
182 0.405145
183 0.406615
184 0.40672
185 0.4077
186 0.408536
187 0.408468
188 0.40888
189 0.41028
190 0.411557
191 0.412255
192 0.412858
193 0.412675
194 0.414646
195 0.414618
196 0.414716
197 0.415145
198 0.416056
199 0.417639
200 0.417461
201 0.418473
202 0.41952
203 0.419029
204 0.420413
205 0.420228
206 0.42116
207 0.422981
208 0.422623
209 0.423716
210 0.423788
211 0.424975
212 0.424343
213 0.42691
214 0.426925
215 0.426687
216 0.428214
217 0.428464
218 0.429694
219 0.429887
220 0.430657
221 0.430701
222 0.431927
223 0.432235
224 0.432423
225 0.433717
226 0.433675
227 0.43461
228 0.435723
229 0.435352
230 0.436379
231 0.437132
232 0.437328
233 0.438195
234 0.439324
235 0.439718
236 0.439698
237 0.440243
238 0.440675
239 0.44094
240 0.442433
241 0.442992
242 0.44245
243 0.442943
244 0.444279
245 0.444238
246 0.445711
247 0.44562
248 0.44621
249 0.446917
250 0.447666
251 0.44815
252 0.447619
253 0.448819
254 0.448744
255 0.450116
256 0.450359
257 0.450342
258 0.451503
259 0.45206
260 0.452213
261 0.452706
262 0.453066
263 0.454666
264 0.455201
265 0.455981
266 0.455656
267 0.455699
268 0.456857
269 0.457153
270 0.457231
271 0.45856
272 0.458325
273 0.458068
274 0.459312
275 0.460461
276 0.460284
277 0.461555
278 0.460223
279 0.461528
280 0.462673
281 0.46293
282 0.462898
283 0.463705
284 0.463742
285 0.465273
286 0.464945
287 0.463902
288 0.465444
289 0.466128
290 0.466426
291 0.467601
292 0.467358
293 0.467556
294 0.469569
295 0.470046
296 0.468985
297 0.469745
298 0.471037
299 0.469943
300 0.471485
301 0.471699
302 0.472497
303 0.473223
304 0.47271
305 0.473025
306 0.474284
307 0.474644
308 0.474889
309 0.474373
310 0.476116
311 0.476362
312 0.476824
313 0.477142
314 0.476384
315 0.478071
316 0.477864
317 0.47777
318 0.479552
319 0.479132
320 0.480443
321 0.481498
322 0.481338
323 0.481724
324 0.481568
325 0.482088
326 0.482587
327 0.482233
328 0.48318
329 0.483974
330 0.48509
331 0.484648
332 0.485111
333 0.48489
334 0.485555
335 0.486867
336 0.485979
337 0.486424
338 0.488441
339 0.487652
340 0.487996
341 0.48862
342 0.489304
343 0.488857
344 0.489615
345 0.489688
346 0.490954
347 0.491213
348 0.491624
349 0.491608
350 0.491996
351 0.493269
352 0.492973
353 0.493808
354 0.493036
355 0.494112
356 0.494706
357 0.495675
358 0.495528
359 0.496282
360 0.495627
361 0.495712
362 0.497368
363 0.49703
364 0.496684
365 0.497846
366 0.497665
367 0.498775
368 0.498818
369 0.499228
370 0.499363
371 0.499479
372 0.500253
373 0.500728
374 0.500995
375 0.502094
376 0.501094
377 0.502793
378 0.500858
379 0.502783
380 0.503138
381 0.504407
382 0.504724
383 0.504894
384 0.504429
385 0.504805
386 0.505815
387 0.505756
388 0.505734
389 0.506728
390 0.507068
391 0.506872
392 0.508433
393 0.507079
394 0.507796
395 0.509866
396 0.5093
397 0.509505
398 0.510113
399 0.509361
400 0.510378
