1 0.196747
2 0.196715
3 0.196746
4 0.196734
5 0.196725
6 0.196706
7 0.196735
8 0.196738
9 0.196748
10 0.196784
11 0.196792
12 0.1968
13 0.196806
14 0.196802
15 0.196793
16 0.196801
17 0.196802
18 0.196791
19 0.196784
20 0.196781
21 0.196779
22 0.196777
23 0.196776
24 0.196777
25 0.196783
26 0.196464
27 0.19593
28 0.195264
29 0.194527
30 0.193737
31 0.192922
32 0.192091
33 0.191258
34 0.190423
35 0.189582
36 0.188738
37 0.18789
38 0.187039
39 0.186185
40 0.185327
41 0.184471
42 0.183616
43 0.182763
44 0.181918
45 0.181079
46 0.18025
47 0.179428
48 0.17862
49 0.177827
50 0.177043
51 0.176264
52 0.175486
53 0.174709
54 0.173932
55 0.173157
56 0.172384
57 0.171614
58 0.170847
59 0.170085
60 0.16933
61 0.16858
62 0.167839
63 0.167103
64 0.166376
65 0.165655
66 0.164942
67 0.164236
68 0.163537
69 0.162849
70 0.162167
71 0.161497
72 0.160835
73 0.16018
74 0.159534
75 0.158897
76 0.158268
77 0.157649
78 0.157036
79 0.156434
80 0.155841
81 0.155254
82 0.154674
83 0.154105
84 0.153543
85 0.152988
86 0.152437
87 0.151895
88 0.151358
89 0.150828
90 0.150306
91 0.14979
92 0.149279
93 0.148773
94 0.148274
95 0.147779
96 0.147291
97 0.146807
98 0.146328
99 0.145855
100 0.145387
101 0.144923
102 0.144463
103 0.144007
104 0.143557
105 0.143109
106 0.142667
107 0.142229
108 0.141795
109 0.141364
110 0.140939
111 0.140516
112 0.140098
113 0.139685
114 0.139272
115 0.138865
116 0.138462
117 0.138064
118 0.137666
119 0.137273
120 0.136883
121 0.136497
122 0.136113
123 0.135732
124 0.135355
125 0.134981
126 0.134609
127 0.13424
128 0.133873
129 0.13351
130 0.13315
131 0.132792
132 0.132437
133 0.132085
134 0.131736
135 0.13139
136 0.131046
137 0.130703
138 0.130363
139 0.130026
140 0.129691
141 0.129358
142 0.129028
143 0.128701
144 0.128376
145 0.128053
146 0.127733
147 0.127415
148 0.1271
149 0.126786
150 0.126474
151 0.126164
152 0.125856
153 0.125551
154 0.125247
155 0.124945
156 0.124645
157 0.124347
158 0.124052
159 0.123759
160 0.123467
161 0.123177
162 0.12289
163 0.122604
164 0.122321
165 0.122039
166 0.121758
167 0.121479
168 0.121202
169 0.120926
170 0.120652
171 0.120379
172 0.120108
173 0.11984
174 0.119572
175 0.119306
176 0.119042
177 0.11878
178 0.118518
179 0.118259
180 0.118
181 0.117744
182 0.117488
183 0.117234
184 0.116983
185 0.116732
186 0.116484
187 0.116236
188 0.115989
189 0.115745
190 0.115502
191 0.11526
192 0.11502
193 0.114781
194 0.114544
195 0.114308
196 0.114072
197 0.113838
198 0.113605
199 0.113373
200 0.113144
201 0.112915
202 0.112688
203 0.11246
204 0.112235
205 0.112011
206 0.111789
207 0.111567
208 0.111346
209 0.111127
210 0.110909
211 0.110692
212 0.110477
213 0.110262
214 0.110048
215 0.109835
216 0.109623
217 0.109413
218 0.109204
219 0.108995
220 0.108788
221 0.108581
222 0.108376
223 0.108172
224 0.107968
225 0.107766
226 0.107565
227 0.107365
228 0.107165
229 0.106968
230 0.10677
231 0.106574
232 0.106379
233 0.106184
234 0.10599
235 0.105798
236 0.105606
237 0.105415
238 0.105225
239 0.105036
240 0.104847
241 0.10466
242 0.104474
243 0.104289
244 0.104104
245 0.103921
246 0.103737
247 0.103555
248 0.103374
249 0.103194
250 0.103014
251 0.102836
252 0.102658
253 0.102481
254 0.102305
255 0.10213
256 0.101955
257 0.101781
258 0.101608
259 0.101436
260 0.101264
261 0.101094
262 0.100924
263 0.100755
264 0.100586
265 0.100419
266 0.100252
267 0.100085
268 0.0999196
269 0.0997547
270 0.0995899
271 0.0994266
272 0.0992632
273 0.0991008
274 0.0989394
275 0.0987788
276 0.098619
277 0.0984599
278 0.0983011
279 0.0981429
280 0.0979855
281 0.0978289
282 0.097673
283 0.097518
284 0.097363
285 0.0972082
286 0.0970544
287 0.0969017
288 0.0967491
289 0.0965975
290 0.0964468
291 0.0962962
292 0.0961462
293 0.0959974
294 0.095849
295 0.095701
296 0.0955539
297 0.095407
298 0.0952612
299 0.0951158
300 0.0949706
301 0.0948259
302 0.094682
303 0.0945387
304 0.0943959
305 0.0942538
306 0.0941122
307 0.0939712
308 0.0938302
309 0.0936899
310 0.0935508
311 0.0934124
312 0.0932737
313 0.0931361
314 0.0929985
315 0.0928615
316 0.0927251
317 0.0925894
318 0.0924545
319 0.0923201
320 0.0921854
321 0.0920515
322 0.0919182
323 0.0917857
324 0.0916531
325 0.0915215
326 0.0913901
327 0.0912597
328 0.0911296
329 0.0909997
330 0.0908701
331 0.0907417
332 0.0906129
333 0.0904849
334 0.0903573
335 0.0902303
336 0.0901032
337 0.0899774
338 0.0898518
339 0.0897265
340 0.0896014
341 0.0894769
342 0.0893534
343 0.0892301
344 0.0891069
345 0.0889847
346 0.0888624
347 0.0887408
348 0.0886194
349 0.0884988
350 0.0883784
351 0.0882583
352 0.0881386
353 0.0880199
354 0.0879011
355 0.0877828
356 0.0876652
357 0.0875475
358 0.0874305
359 0.0873141
360 0.0871977
361 0.0870816
362 0.0869661
363 0.086851
364 0.0867364
365 0.0866218
366 0.0865079
367 0.0863944
368 0.0862812
369 0.0861687
370 0.0860563
371 0.0859441
372 0.0858323
373 0.0857215
374 0.0856105
375 0.0855001
376 0.0853897
377 0.08528
378 0.0851702
379 0.0850613
380 0.0849527
381 0.0848445
382 0.0847366
383 0.0846291
384 0.0845219
385 0.0844149
386 0.084308
387 0.0842018
388 0.0840959
389 0.0839903
390 0.0838846
391 0.0837793
392 0.0836748
393 0.0835703
394 0.0834666
395 0.083363
396 0.0832598
397 0.0831571
398 0.0830544
399 0.0829521
400 0.0828501
