1 0.100318
2 0.10011
3 0.099905
4 0.100317
5 0.099643
6 0.100498
7 0.09949
8 0.099899
9 0.100041
10 0.099416
11 0.100122
12 0.100045
13 0.100112
14 0.100478
15 0.099966
16 0.099692
17 0.099925
18 0.10039
19 0.100076
20 0.100063
21 0.099903
22 0.100177
23 0.100567
24 0.099688
25 0.100059
26 0.110907
27 0.119504
28 0.125889
29 0.130964
30 0.135566
31 0.138638
32 0.142418
33 0.144906
34 0.147792
35 0.151062
36 0.154554
37 0.157624
38 0.160911
39 0.163981
40 0.16826
41 0.170639
42 0.174196
43 0.177702
44 0.180165
45 0.183009
46 0.185911
47 0.188731
48 0.190906
49 0.193038
50 0.195687
51 0.199043
52 0.201945
53 0.205807
54 0.209819
55 0.213411
56 0.217006
57 0.220228
58 0.22383
59 0.227298
60 0.230335
61 0.234332
62 0.236642
63 0.239504
64 0.242056
65 0.245209
66 0.247963
67 0.251018
68 0.253527
69 0.255546
70 0.258886
71 0.260346
72 0.262513
73 0.265354
74 0.266882
75 0.269469
76 0.271886
77 0.273442
78 0.275787
79 0.27617
80 0.279213
81 0.280384
82 0.282322
83 0.283868
84 0.285826
85 0.287156
86 0.289426
87 0.291507
88 0.293133
89 0.29496
90 0.296355
91 0.297823
92 0.300165
93 0.301787
94 0.302572
95 0.305397
96 0.306112
97 0.308338
98 0.310027
99 0.311768
100 0.313224
101 0.315066
102 0.316863
103 0.318504
104 0.320304
105 0.322166
106 0.323099
107 0.324543
108 0.326305
109 0.328197
110 0.328766
111 0.33064
112 0.331692
113 0.333134
114 0.335939
115 0.336636
116 0.338217
117 0.339615
118 0.341139
119 0.342549
120 0.343755
121 0.3458
122 0.34716
123 0.348212
124 0.349404
125 0.351039
126 0.353089
127 0.354048
128 0.356328
129 0.357068
130 0.358506
131 0.359917
132 0.361104
133 0.36244
134 0.364014
135 0.365106
136 0.366458
137 0.368165
138 0.369376
139 0.370608
140 0.371959
141 0.373382
142 0.374702
143 0.375786
144 0.376949
145 0.378169
146 0.379826
147 0.380826
148 0.381967
149 0.383225
150 0.385035
151 0.385802
152 0.386806
153 0.388251
154 0.389723
155 0.391481
156 0.391876
157 0.393102
158 0.39438
159 0.395028
160 0.396559
161 0.398156
162 0.398548
163 0.399638
164 0.401005
165 0.40229
166 0.40351
167 0.404563
168 0.406308
169 0.407204
170 0.408492
171 0.409121
172 0.410604
173 0.41085
174 0.412234
175 0.412941
176 0.415049
177 0.415553
178 0.416958
179 0.417678
180 0.418794
181 0.419044
182 0.421565
183 0.421726
184 0.422705
185 0.423714
186 0.424782
187 0.425935
188 0.427067
189 0.42732
190 0.428231
191 0.429767
192 0.430097
193 0.431113
194 0.43207
195 0.433088
196 0.43449
197 0.435683
198 0.436717
199 0.4374
200 0.437528
201 0.438944
202 0.440131
203 0.441203
204 0.442227
205 0.442732
206 0.443298
207 0.444777
208 0.445254
209 0.447358
210 0.447176
211 0.44859
212 0.449138
213 0.450315
214 0.451497
215 0.452446
216 0.453477
217 0.453661
218 0.45524
219 0.455547
220 0.456747
221 0.457282
222 0.458131
223 0.459151
224 0.460187
225 0.460994
226 0.461262
227 0.461696
228 0.463432
229 0.462894
230 0.464818
231 0.465677
232 0.466641
233 0.467114
234 0.468603
235 0.469112
236 0.469709
237 0.47003
238 0.471307
239 0.472115
240 0.473054
241 0.473162
242 0.47388
243 0.475038
244 0.475247
245 0.476825
246 0.477643
247 0.478267
248 0.478964
249 0.479133
250 0.479892
251 0.480352
252 0.481479
253 0.482305
254 0.483131
255 0.483833
256 0.485054
257 0.485636
258 0.485842
259 0.486912
260 0.487691
261 0.488133
262 0.488494
263 0.489201
264 0.490639
265 0.490795
266 0.492104
267 0.492733
268 0.492344
269 0.494081
270 0.495208
271 0.494895
272 0.495893
273 0.496858
274 0.497471
275 0.49756
276 0.498402
277 0.498691
278 0.499434
279 0.500787
280 0.501125
281 0.50198
282 0.501832
283 0.502534
284 0.504164
285 0.505182
286 0.505706
287 0.505462
288 0.506737
289 0.507344
290 0.507379
291 0.508803
292 0.509459
293 0.509257
294 0.510126
295 0.510485
296 0.511509
297 0.512624
298 0.512035
299 0.51283
300 0.513645
301 0.514601
302 0.514631
303 0.516054
304 0.516499
305 0.516574
306 0.517477
307 0.517775
308 0.519291
309 0.519517
310 0.519513
311 0.519582
312 0.520458
313 0.521125
314 0.522498
315 0.522697
316 0.523473
317 0.524154
318 0.524097
319 0.52488
320 0.52607
321 0.526274
322 0.526581
323 0.527178
324 0.528178
325 0.528522
326 0.52961
327 0.529107
328 0.529706
329 0.530847
330 0.531575
331 0.531122
332 0.53245
333 0.532998
334 0.533482
335 0.53366
336 0.534831
337 0.534877
338 0.534964
339 0.536507
340 0.536843
341 0.537236
342 0.537566
343 0.538024
344 0.538852
345 0.538408
346 0.540547
347 0.540211
348 0.541282
349 0.540538
350 0.542019
351 0.542433
352 0.542662
353 0.542512
354 0.543123
355 0.544576
356 0.544469
357 0.545622
358 0.545548
359 0.54607
360 0.546982
361 0.547167
362 0.547801
363 0.548342
364 0.548244
365 0.549446
366 0.549205
367 0.549979
368 0.550259
369 0.550838
370 0.550943
371 0.551495
372 0.552288
373 0.552543
374 0.553169
375 0.55371
376 0.554186
377 0.554419
378 0.55566
379 0.555215
380 0.555766
381 0.556752
382 0.557061
383 0.557357
384 0.558006
385 0.558665
386 0.559694
387 0.559529
388 0.55943
389 0.560633
390 0.561805
391 0.561409
392 0.561442
393 0.562681
394 0.562269
395 0.562851
396 0.56379
397 0.563177
398 0.564122
399 0.564132
400 0.564918
