1 0.500055
2 0.5
3 0.499789
4 0.5
5 0.499979
6 0.5
7 0.500007
8 0.51346
9 0.526809
10 0.539886
11 0.552975
12 0.564387
13 0.575756
14 0.585591
15 0.594982
16 0.603263
17 0.610687
18 0.61756
19 0.623508
20 0.628813
21 0.633718
22 0.638249
23 0.642446
24 0.646424
25 0.65028
26 0.654116
27 0.657577
28 0.661265
29 0.664554
30 0.66797
31 0.67118
32 0.674348
33 0.677386
34 0.680344
35 0.683059
36 0.685965
37 0.688644
38 0.691161
39 0.693539
40 0.696001
41 0.698291
42 0.700504
43 0.702701
44 0.704827
45 0.706813
46 0.708878
47 0.710775
48 0.712664
49 0.714577
50 0.716348
51 0.718199
52 0.719853
53 0.721478
54 0.723185
55 0.724759
56 0.726301
57 0.727734
58 0.729416
59 0.730867
60 0.732302
61 0.733672
62 0.735047
63 0.736384
64 0.737778
65 0.738971
66 0.740368
67 0.74165
68 0.742924
69 0.74414
70 0.745373
71 0.746561
72 0.747808
73 0.749021
74 0.749989
75 0.751209
76 0.752239
77 0.753283
78 0.75436
79 0.755443
80 0.756437
81 0.757446
82 0.758466
83 0.759346
84 0.760436
85 0.761432
86 0.762225
87 0.763128
88 0.764146
89 0.76492
90 0.765821
91 0.766647
92 0.767598
93 0.768368
94 0.769309
95 0.770089
96 0.770966
97 0.771727
98 0.772519
99 0.773242
100 0.774125
101 0.77485
102 0.775675
103 0.776226
104 0.777029
105 0.777674
106 0.778568
107 0.779249
108 0.779931
109 0.780611
110 0.781243
111 0.781986
112 0.78266
113 0.783333
114 0.784041
115 0.784622
116 0.785272
117 0.785833
118 0.7866
119 0.78717
120 0.787785
121 0.788382
122 0.788935
123 0.789588
124 0.79016
125 0.790813
126 0.791355
127 0.792004
128 0.792516
129 0.792986
130 0.793598
131 0.794154
132 0.794673
133 0.795319
134 0.795875
135 0.796363
136 0.796889
137 0.797418
138 0.797909
139 0.79843
140 0.798911
141 0.799424
142 0.800007
143 0.80049
144 0.800974
145 0.801476
146 0.801881
147 0.802463
148 0.802908
149 0.803413
150 0.803859
151 0.804291
152 0.804827
153 0.805275
154 0.805692
155 0.806152
156 0.80658
157 0.807028
158 0.807482
159 0.807887
160 0.808312
161 0.808725
162 0.8092
163 0.8096
164 0.810112
165 0.810479
166 0.810863
167 0.811273
168 0.811718
169 0.81214
170 0.812579
171 0.812781
172 0.81319
173 0.813602
174 0.814043
175 0.814417
176 0.814794
177 0.815185
178 0.815489
179 0.815966
180 0.816322
181 0.816738
182 0.817058
183 0.817416
184 0.817784
185 0.818138
186 0.81842
187 0.818851
188 0.819174
189 0.819512
190 0.819863
191 0.820224
192 0.820545
193 0.820855
194 0.8212
195 0.821472
196 0.821906
197 0.822226
198 0.822557
199 0.822907
200 0.823216
201 0.823552
202 0.82386
203 0.824172
204 0.824447
205 0.824943
206 0.825144
207 0.825433
208 0.825732
209 0.826071
210 0.826313
211 0.826624
212 0.826952
213 0.827258
214 0.827521
215 0.827818
216 0.828165
217 0.828428
218 0.828741
219 0.829034
220 0.829271
221 0.829572
222 0.829849
223 0.830133
224 0.83041
225 0.830689
226 0.830964
227 0.831203
228 0.831554
229 0.831786
230 0.832055
231 0.832305
232 0.832569
233 0.832801
234 0.833048
235 0.833313
236 0.833573
237 0.833885
238 0.834122
239 0.834387
240 0.834651
241 0.835013
242 0.835187
243 0.835457
244 0.835701
245 0.835931
246 0.836196
247 0.836426
248 0.836658
249 0.836907
250 0.837195
251 0.837445
252 0.83769
253 0.837967
254 0.838212
255 0.838461
256 0.838571
257 0.838676
258 0.838916
259 0.839175
260 0.839416
261 0.839654
262 0.839922
263 0.840155
264 0.84039
265 0.840619
266 0.840856
267 0.841041
268 0.841292
269 0.841502
270 0.841725
271 0.841941
272 0.842153
273 0.8423
274 0.842623
275 0.842842
276 0.843041
277 0.843279
278 0.843476
279 0.843663
280 0.843933
281 0.844129
282 0.844333
283 0.844541
284 0.844757
285 0.844931
286 0.845153
287 0.845346
288 0.845532
289 0.845741
290 0.845941
291 0.846114
292 0.846272
293 0.846596
294 0.846735
295 0.846915
296 0.847108
297 0.847296
298 0.847516
299 0.847675
300 0.847879
301 0.848047
302 0.848252
303 0.848436
304 0.848632
305 0.848809
306 0.849015
307 0.849199
308 0.849354
309 0.849537
310 0.849723
311 0.849923
312 0.850105
313 0.850271
314 0.850449
315 0.850565
316 0.850857
317 0.851024
318 0.851224
319 0.851403
320 0.85156
321 0.851716
322 0.851906
323 0.852063
324 0.852255
325 0.85242
326 0.85258
327 0.852763
328 0.852941
329 0.853111
330 0.853249
331 0.853454
332 0.853595
333 0.853761
334 0.85393
335 0.85409
336 0.854263
337 0.854412
338 0.854568
339 0.854722
340 0.854847
341 0.854921
342 0.855359
343 0.85546
344 0.855594
345 0.855743
346 0.855887
347 0.856041
348 0.856206
349 0.856366
350 0.856514
351 0.856648
352 0.856816
353 0.85695
354 0.857146
355 0.857293
356 0.857421
357 0.857604
358 0.857766
359 0.857881
360 0.858046
361 0.858182
362 0.858353
363 0.858493
364 0.85864
365 0.858812
366 0.858927
367 0.859074
368 0.859223
369 0.85938
370 0.859516
371 0.859659
372 0.859775
373 0.860015
374 0.860142
375 0.860284
376 0.860412
377 0.860551
378 0.860691
379 0.860827
380 0.860989
381 0.861116
382 0.861284
383 0.861431
384 0.861528
385 0.861619
386 0.861761
387 0.861911
388 0.862046
389 0.862194
390 0.862299
391 0.862479
392 0.862598
393 0.862731
394 0.862899
395 0.863008
396 0.863134
397 0.86327
398 0.863408
399 0.863523
400 0.863653
