1 0.749698
2 0.749698
3 0.749698
4 0.749698
5 0.749698
6 0.749698
7 0.749698
8 0.749698
9 0.749698
10 0.749698
11 0.749698
12 0.749698
13 0.749698
14 0.749698
15 0.749698
16 0.749698
17 0.749698
18 0.749698
19 0.749698
20 0.749698
21 0.749698
22 0.749698
23 0.749698
24 0.749698
25 0.749698
26 0.749698
27 0.749698
28 0.749698
29 0.749698
30 0.749698
31 0.749698
32 0.749698
33 0.749698
34 0.749698
35 0.749698
36 0.749698
37 0.749698
38 0.749698
39 0.749698
40 0.749698
41 0.749698
42 0.749698
43 0.749698
44 0.749698
45 0.749698
46 0.749698
47 0.749698
48 0.749698
49 0.749698
50 0.749698
51 0.749698
52 0.749698
53 0.749698
54 0.749698
55 0.749698
56 0.749698
57 0.749698
58 0.749698
59 0.749698
60 0.749698
61 0.749698
62 0.749698
63 0.749698
64 0.749698
65 0.749698
66 0.749698
67 0.749698
68 0.749698
69 0.749698
70 0.749698
71 0.749698
72 0.749698
73 0.749698
74 0.749698
75 0.749698
76 0.749698
77 0.749698
78 0.749698
79 0.749698
80 0.749698
81 0.749698
82 0.749698
83 0.749698
84 0.749698
85 0.749698
86 0.749698
87 0.749698
88 0.749698
89 0.749698
90 0.749698
91 0.749698
92 0.749698
93 0.749698
94 0.749698
95 0.749698
96 0.749698
97 0.749698
98 0.749698
99 0.749698
100 0.749698
101 0.749698
102 0.749698
103 0.749698
104 0.749698
105 0.749698
106 0.749698
107 0.749698
108 0.749698
109 0.749698
110 0.749698
111 0.749698
112 0.749698
113 0.749698
114 0.749698
115 0.749698
116 0.749698
117 0.749698
118 0.749698
119 0.749698
120 0.749698
121 0.749698
122 0.749698
123 0.749698
124 0.749698
125 0.749698
126 0.749698
127 0.749698
128 0.749698
129 0.749698
130 0.749698
131 0.749698
132 0.749698
133 0.749698
134 0.749698
135 0.749698
136 0.749698
137 0.749698
138 0.749698
139 0.749698
140 0.749698
141 0.749698
142 0.749698
143 0.749698
144 0.749698
145 0.749698
146 0.749698
147 0.749698
148 0.749698
149 0.749698
150 0.749698
151 0.749698
152 0.749698
153 0.749698
154 0.749698
155 0.749698
156 0.749698
157 0.749698
158 0.749698
159 0.749698
160 0.749698
161 0.749698
162 0.749698
163 0.749698
164 0.749698
165 0.749698
166 0.749698
167 0.749698
168 0.749698
169 0.749698
170 0.749698
171 0.749698
172 0.749698
173 0.749698
174 0.749698
175 0.749698
176 0.749698
177 0.749698
178 0.749698
179 0.749698
180 0.749698
181 0.749698
182 0.749698
183 0.749698
184 0.749698
185 0.749698
186 0.749698
187 0.749698
188 0.749698
189 0.749698
190 0.749698
191 0.749698
192 0.749698
193 0.749698
194 0.749698
195 0.749698
196 0.749698
197 0.749698
198 0.749698
199 0.749698
200 0.749698
201 0.749698
202 0.749698
203 0.749698
204 0.749698
205 0.749698
206 0.749698
207 0.749698
208 0.749698
209 0.749698
210 0.749698
211 0.749698
212 0.749698
213 0.749698
214 0.749698
215 0.749698
216 0.749698
217 0.749698
218 0.749698
219 0.749698
220 0.749698
221 0.749698
222 0.749698
223 0.749698
224 0.749698
225 0.749698
226 0.749698
227 0.749698
228 0.749698
229 0.749698
230 0.749698
231 0.749698
232 0.749698
233 0.749698
234 0.749698
235 0.749698
236 0.749698
237 0.749698
238 0.749698
239 0.749698
240 0.749698
241 0.749698
242 0.749698
243 0.749698
244 0.749698
245 0.749698
246 0.749698
247 0.749698
248 0.749698
249 0.749698
250 0.749698
251 0.749698
252 0.749698
253 0.749698
254 0.749698
255 0.749698
256 0.749698
257 0.749698
258 0.749698
259 0.749698
260 0.749698
261 0.749698
262 0.749698
263 0.749698
264 0.749698
265 0.749698
266 0.749698
267 0.749698
268 0.749698
269 0.749698
270 0.749698
271 0.749698
272 0.749698
273 0.749698
274 0.749698
275 0.749698
276 0.749698
277 0.749698
278 0.749698
279 0.749698
280 0.749698
281 0.749698
282 0.749698
283 0.749698
284 0.749698
285 0.749698
286 0.749698
287 0.749698
288 0.749698
289 0.749698
290 0.749698
291 0.749698
292 0.749698
293 0.749698
294 0.749698
295 0.749698
296 0.749698
297 0.749698
298 0.749698
299 0.749698
300 0.749698
301 0.749698
302 0.749698
303 0.749698
304 0.749698
305 0.749698
306 0.749698
307 0.749698
308 0.749698
309 0.749698
310 0.749698
311 0.749698
312 0.749698
313 0.749698
314 0.749698
315 0.749698
316 0.749698
317 0.749698
318 0.749698
319 0.749698
320 0.749698
321 0.749698
322 0.749698
323 0.749698
324 0.749698
325 0.749698
326 0.749698
327 0.749698
328 0.749698
329 0.749698
330 0.749698
331 0.749698
332 0.749698
333 0.749698
334 0.749698
335 0.749698
336 0.749698
337 0.749698
338 0.749698
339 0.749698
340 0.749698
341 0.749698
342 0.749698
343 0.749698
344 0.749698
345 0.749698
346 0.749698
347 0.749698
348 0.749698
349 0.749698
350 0.749698
351 0.749698
352 0.749698
353 0.749698
354 0.749698
355 0.749698
356 0.749698
357 0.749698
358 0.749698
359 0.749698
360 0.749698
361 0.749698
362 0.749698
363 0.749698
364 0.749698
365 0.749698
366 0.749698
367 0.749698
368 0.749698
369 0.749698
370 0.749698
371 0.749698
372 0.749698
373 0.749698
374 0.749698
375 0.749698
376 0.749698
377 0.749698
378 0.749698
379 0.749698
380 0.749698
381 0.749698
382 0.749698
383 0.749698
384 0.749698
385 0.749698
386 0.749698
387 0.749698
388 0.749698
389 0.749698
390 0.749698
391 0.749698
392 0.749698
393 0.749698
394 0.749698
395 0.749698
396 0.749698
397 0.749698
398 0.749698
399 0.749698
400 0.749698
