1 0.249711
2 0.249814
3 0.24973
4 0.249677
5 0.249717
6 0.249695
7 0.249725
8 0.249689
9 0.249688
10 0.249686
11 0.249669
12 0.24737
13 0.243661
14 0.239078
15 0.234021
16 0.228699
17 0.223292
18 0.217915
19 0.212615
20 0.207465
21 0.202459
22 0.197638
23 0.192966
24 0.188477
25 0.18415
26 0.179995
27 0.176003
28 0.172165
29 0.168488
30 0.164962
31 0.161573
32 0.158333
33 0.155215
34 0.152223
35 0.149344
36 0.146575
37 0.14391
38 0.141349
39 0.138883
40 0.136511
41 0.134221
42 0.132011
43 0.129881
44 0.127825
45 0.125834
46 0.123914
47 0.122055
48 0.120255
49 0.118512
50 0.116825
51 0.115191
52 0.113602
53 0.112062
54 0.11057
55 0.109119
56 0.10771
57 0.106342
58 0.105011
59 0.103718
60 0.102457
61 0.101232
62 0.100039
63 0.0988763
64 0.0977448
65 0.0966399
66 0.0955627
67 0.0945131
68 0.0934886
69 0.0924865
70 0.0915091
71 0.0905562
72 0.089623
73 0.0887127
74 0.087822
75 0.08695
76 0.0860994
77 0.0852685
78 0.0844527
79 0.0836542
80 0.0828729
81 0.082108
82 0.0813598
83 0.0806264
84 0.0799075
85 0.0792029
86 0.0785104
87 0.0778325
88 0.0771673
89 0.0765155
90 0.0758755
91 0.0752464
92 0.0746297
93 0.0740243
94 0.07343
95 0.0728462
96 0.0722735
97 0.0717103
98 0.0711571
99 0.0706127
100 0.0700768
101 0.0695509
102 0.0690338
103 0.0685252
104 0.0680247
105 0.0675324
106 0.0670478
107 0.0665714
108 0.0661037
109 0.0656419
110 0.0651876
111 0.0647412
112 0.0643015
113 0.0638679
114 0.063441
115 0.06302
116 0.0626057
117 0.0621983
118 0.0617954
119 0.0613986
120 0.0610078
121 0.0606224
122 0.0602426
123 0.0598679
124 0.0594991
125 0.0591351
126 0.0587757
127 0.0584213
128 0.0580718
129 0.0577266
130 0.0573868
131 0.0570511
132 0.0567202
133 0.0563932
134 0.0560703
135 0.0557514
136 0.0554365
137 0.0551255
138 0.0548184
139 0.0545164
140 0.054217
141 0.0539215
142 0.0536296
143 0.0533411
144 0.0530562
145 0.0527749
146 0.0524969
147 0.0522219
148 0.0519498
149 0.0516814
150 0.0514158
151 0.0511536
152 0.0508943
153 0.050638
154 0.050385
155 0.050134
156 0.0498863
157 0.0496413
158 0.0493989
159 0.0491594
160 0.048922
161 0.0486871
162 0.0484555
163 0.0482262
164 0.0479991
165 0.0477746
166 0.0475522
167 0.047332
168 0.0471146
169 0.0468994
170 0.0466862
171 0.046475
172 0.0462658
173 0.0460589
174 0.045854
175 0.0456514
176 0.0454503
177 0.0452516
178 0.0450547
179 0.0448602
180 0.0446675
181 0.0444763
182 0.0442871
183 0.0440997
184 0.0439141
185 0.0437298
186 0.0435477
187 0.0433671
188 0.0431885
189 0.0430111
190 0.0428355
191 0.0426615
192 0.0424891
193 0.0423182
194 0.0421484
195 0.0419807
196 0.0418144
197 0.0416494
198 0.0414864
199 0.041325
200 0.0411642
201 0.0410056
202 0.0408478
203 0.0406916
204 0.0405363
205 0.0403827
206 0.0402301
207 0.0400793
208 0.0399298
209 0.0397812
210 0.0396338
211 0.0394878
212 0.0393435
213 0.0391998
214 0.0390572
215 0.038916
216 0.0387758
217 0.0386369
218 0.0384987
219 0.038362
220 0.0382262
221 0.0380915
222 0.0379579
223 0.0378253
224 0.0376939
225 0.0375634
226 0.0374339
227 0.0373056
228 0.0371783
229 0.0370521
230 0.0369265
231 0.0368021
232 0.0366784
233 0.0365558
234 0.0364339
235 0.0363133
236 0.0361934
237 0.0360744
238 0.0359564
239 0.0358391
240 0.035723
241 0.0356076
242 0.0354929
243 0.0353793
244 0.0352665
245 0.0351543
246 0.0350429
247 0.0349321
248 0.0348223
249 0.0347131
250 0.0346051
251 0.0344976
252 0.0343908
253 0.0342846
254 0.0341793
255 0.0340747
256 0.0339707
257 0.0338679
258 0.0337653
259 0.0336636
260 0.0335625
261 0.0334621
262 0.0333623
263 0.0332634
264 0.033165
265 0.0330674
266 0.0329702
267 0.0328737
268 0.0327778
269 0.0326826
270 0.0325883
271 0.0324945
272 0.032401
273 0.0323084
274 0.0322163
275 0.0321249
276 0.0320339
277 0.0319435
278 0.0318536
279 0.0317645
280 0.0316759
281 0.0315876
282 0.0315001
283 0.0314131
284 0.0313266
285 0.0312408
286 0.0311554
287 0.0310707
288 0.0309863
289 0.0309025
290 0.030819
291 0.0307362
292 0.0306541
293 0.0305721
294 0.0304907
295 0.0304098
296 0.0303294
297 0.0302497
298 0.03017
299 0.0300912
300 0.0300126
301 0.0299347
302 0.0298573
303 0.0297801
304 0.0297035
305 0.0296271
306 0.0295512
307 0.0294759
308 0.0294008
309 0.0293261
310 0.0292521
311 0.0291784
312 0.0291051
313 0.0290322
314 0.0289597
315 0.0288878
316 0.0288162
317 0.0287452
318 0.0286743
319 0.0286039
320 0.028534
321 0.0284644
322 0.0283952
323 0.0283263
324 0.0282577
325 0.0281895
326 0.0281217
327 0.0280544
328 0.0279875
329 0.0279209
330 0.0278544
331 0.0277887
332 0.027723
333 0.0276577
334 0.0275929
335 0.0275283
336 0.0274641
337 0.0274003
338 0.0273368
339 0.0272739
340 0.0272109
341 0.0271483
342 0.0270861
343 0.027024
344 0.0269625
345 0.0269014
346 0.0268404
347 0.0267799
348 0.0267196
349 0.0266597
350 0.0266001
351 0.0265405
352 0.0264813
353 0.0264224
354 0.0263637
355 0.0263054
356 0.0262474
357 0.0261898
358 0.0261324
359 0.0260752
360 0.0260184
361 0.0259618
362 0.0259054
363 0.0258495
364 0.0257937
365 0.0257382
366 0.025683
367 0.0256281
368 0.0255733
369 0.0255189
370 0.0254648
371 0.0254109
372 0.0253572
373 0.0253039
374 0.0252506
375 0.0251979
376 0.0251454
377 0.0250929
378 0.0250408
379 0.0249889
380 0.0249374
381 0.0248861
382 0.0248348
383 0.0247838
384 0.0247331
385 0.0246827
386 0.0246325
387 0.0245826
388 0.0245329
389 0.0244833
390 0.0244339
391 0.0243848
392 0.024336
393 0.0242874
394 0.0242388
395 0.0241906
396 0.0241426
397 0.0240948
398 0.0240473
399 0.0239998
400 0.0239527
