1 0.333502
2 0.333189
3 0.333309
4 0.333341
5 0.333441
6 0.333218
7 0.333278
8 0.333347
9 0.333375
10 0.3331
11 0.332727
12 0.333502
13 0.393627
14 0.438244
15 0.456224
16 0.473279
17 0.487528
18 0.505881
19 0.517457
20 0.522933
21 0.531194
22 0.540806
23 0.545842
24 0.549304
25 0.55355
26 0.561623
27 0.562631
28 0.565276
29 0.569587
30 0.570169
31 0.573595
32 0.578031
33 0.582458
34 0.586515
35 0.59043
36 0.59423
37 0.596162
38 0.601459
39 0.605335
40 0.607274
41 0.612284
42 0.615875
43 0.618974
44 0.621582
45 0.624378
46 0.627501
47 0.629676
48 0.63248
49 0.635947
50 0.636842
51 0.63975
52 0.643226
53 0.644474
54 0.646832
55 0.648848
56 0.651557
57 0.654135
58 0.655179
59 0.657339
60 0.660284
61 0.661354
62 0.663245
63 0.663985
64 0.666377
65 0.66836
66 0.67062
67 0.672119
68 0.673443
69 0.675713
70 0.676599
71 0.678632
72 0.678916
73 0.681292
74 0.682706
75 0.683947
76 0.685631
77 0.687684
78 0.688696
79 0.689674
80 0.69085
81 0.691966
82 0.693947
83 0.694782
84 0.696677
85 0.697708
86 0.698612
87 0.700104
88 0.700857
89 0.701507
90 0.703713
91 0.70474
92 0.706057
93 0.706417
94 0.707856
95 0.708601
96 0.709416
97 0.710289
98 0.712019
99 0.71302
100 0.714284
101 0.71509
102 0.71658
103 0.716453
104 0.718254
105 0.719163
106 0.719769
107 0.720697
108 0.721699
109 0.723332
110 0.723909
111 0.724365
112 0.724613
113 0.725953
114 0.727237
115 0.727967
116 0.728745
117 0.730579
118 0.729446
119 0.731439
120 0.732039
121 0.73216
122 0.734394
123 0.734498
124 0.735293
125 0.735731
126 0.736594
127 0.736932
128 0.738289
129 0.737841
130 0.738779
131 0.739806
132 0.74028
133 0.741162
134 0.741432
135 0.742119
136 0.743219
137 0.743953
138 0.744368
139 0.744976
140 0.745379
141 0.74634
142 0.746717
143 0.74736
144 0.747636
145 0.748693
146 0.74966
147 0.750035
148 0.750943
149 0.751282
150 0.752112
151 0.752706
152 0.752955
153 0.753918
154 0.754357
155 0.754976
156 0.755222
157 0.756043
158 0.756385
159 0.757056
160 0.757802
161 0.758459
162 0.758975
163 0.759226
164 0.759705
165 0.760467
166 0.761086
167 0.761409
168 0.761398
169 0.762457
170 0.762942
171 0.763489
172 0.763474
173 0.763757
174 0.764694
175 0.765661
176 0.765879
177 0.766687
178 0.766558
179 0.76758
180 0.767942
181 0.768089
182 0.768723
183 0.769051
184 0.769678
185 0.769886
186 0.770068
187 0.771114
188 0.771768
189 0.771964
190 0.772574
191 0.772693
192 0.773532
193 0.773811
194 0.774447
195 0.774604
196 0.774882
197 0.775701
198 0.775956
199 0.776503
200 0.777243
201 0.777199
202 0.777138
203 0.777977
204 0.777957
205 0.778544
206 0.779488
207 0.779105
208 0.780343
209 0.780337
210 0.781007
211 0.781462
212 0.781854
213 0.782435
214 0.78287
215 0.783096
216 0.783238
217 0.783747
218 0.783883
219 0.784256
220 0.785243
221 0.785753
222 0.785767
223 0.786027
224 0.786661
225 0.787528
226 0.786785
227 0.787099
228 0.787478
229 0.788322
230 0.788327
231 0.788967
232 0.789163
233 0.789293
234 0.790061
235 0.790097
236 0.79046
237 0.790736
238 0.791211
239 0.791273
240 0.792149
241 0.792461
242 0.792657
243 0.792681
244 0.793039
245 0.793506
246 0.794133
247 0.793789
248 0.794692
249 0.794655
250 0.795185
251 0.795299
252 0.795792
253 0.795925
254 0.79647
255 0.796429
256 0.79687
257 0.796675
258 0.796918
259 0.797698
260 0.798093
261 0.798564
262 0.79862
263 0.799325
264 0.799716
265 0.799973
266 0.799849
267 0.800505
268 0.800602
269 0.800881
270 0.800708
271 0.801245
272 0.800942
273 0.801703
274 0.801824
275 0.80237
276 0.803132
277 0.803322
278 0.803522
279 0.803563
280 0.803743
281 0.804076
282 0.804314
283 0.804507
284 0.804994
285 0.805234
286 0.805716
287 0.805781
288 0.806079
289 0.806119
290 0.80636
291 0.806629
292 0.80692
293 0.807031
294 0.807069
295 0.807279
296 0.807751
297 0.808265
298 0.808461
299 0.808822
300 0.809078
301 0.808847
302 0.8089
303 0.80947
304 0.809722
305 0.810263
306 0.81048
307 0.810654
308 0.811065
309 0.811811
310 0.811618
311 0.811847
312 0.812133
313 0.811957
314 0.812669
315 0.812575
316 0.812726
317 0.813516
318 0.812883
319 0.813313
320 0.813744
321 0.81369
322 0.814187
323 0.814756
324 0.814716
325 0.815003
326 0.815182
327 0.815132
328 0.815851
329 0.816305
330 0.816137
331 0.816062
332 0.816528
333 0.816695
334 0.817206
335 0.817457
336 0.817548
337 0.817569
338 0.818028
339 0.817848
340 0.818373
341 0.818443
342 0.818687
343 0.819071
344 0.818831
345 0.819575
346 0.81973
347 0.81993
348 0.820449
349 0.820522
350 0.820868
351 0.820734
352 0.821041
353 0.820869
354 0.821021
355 0.820884
356 0.821475
357 0.821707
358 0.821885
359 0.821947
360 0.822569
361 0.822924
362 0.823062
363 0.823613
364 0.823597
365 0.823984
366 0.824306
367 0.824777
368 0.824986
369 0.824977
370 0.824905
371 0.825208
372 0.82508
373 0.825243
374 0.825426
375 0.82569
376 0.825932
377 0.82611
378 0.826106
379 0.826475
380 0.826798
381 0.826975
382 0.827219
383 0.827293
384 0.827411
385 0.827767
386 0.828027
387 0.828172
388 0.828355
389 0.828523
390 0.828325
391 0.828618
392 0.829141
393 0.828925
394 0.828912
395 0.829106
396 0.829527
397 0.82964
398 0.829769
399 0.830237
400 0.830265
