1 0.501033
2 0.499967
3 0.499464
4 0.500482
5 0.499663
6 0.49956
7 0.500164
8 0.500231
9 0.499754
10 0.499986
11 0.501197
12 0.498945
13 0.499712
14 0.499881
15 0.499963
16 0.500741
17 0.500055
18 0.499954
19 0.500547
20 0.499718
21 0.499681
22 0.50064
23 0.500075
24 0.500876
25 0.499971
26 0.499985
27 0.583423
28 0.62465
29 0.638075
30 0.652455
31 0.666363
32 0.675918
33 0.682899
34 0.687261
35 0.693351
36 0.698312
37 0.69993
38 0.703851
39 0.706163
40 0.707651
41 0.710656
42 0.712574
43 0.713944
44 0.714075
45 0.715879
46 0.718363
47 0.717153
48 0.718911
49 0.717585
50 0.720181
51 0.720966
52 0.72155
53 0.722893
54 0.723398
55 0.724219
56 0.724638
57 0.72513
58 0.725314
59 0.726062
60 0.726701
61 0.726524
62 0.727285
63 0.727356
64 0.728297
65 0.727627
66 0.728001
67 0.728765
68 0.729032
69 0.728813
70 0.728973
71 0.729954
72 0.729578
73 0.730605
74 0.728738
75 0.730578
76 0.730534
77 0.730745
78 0.730779
79 0.732126
80 0.731399
81 0.731489
82 0.731905
83 0.731239
84 0.732863
85 0.733139
86 0.733099
87 0.732516
88 0.733558
89 0.734318
90 0.733952
91 0.733932
92 0.733033
93 0.734192
94 0.734365
95 0.734922
96 0.734518
97 0.734744
98 0.735284
99 0.735771
100 0.735647
101 0.735008
102 0.735888
103 0.736158
104 0.73554
105 0.736205
106 0.736409
107 0.736121
108 0.735352
109 0.735829
110 0.736772
111 0.736086
112 0.736667
113 0.737348
114 0.737675
115 0.736383
116 0.736994
117 0.737054
118 0.737521
119 0.737233
120 0.737649
121 0.737172
122 0.737756
123 0.738169
124 0.737947
125 0.737815
126 0.73732
127 0.738128
128 0.738243
129 0.738215
130 0.738469
131 0.738431
132 0.738521
133 0.738587
134 0.738855
135 0.738501
136 0.738258
137 0.738656
138 0.738623
139 0.73832
140 0.73838
141 0.738717
142 0.739283
143 0.738576
144 0.739993
145 0.738757
146 0.739168
147 0.739776
148 0.738527
149 0.739657
150 0.739512
151 0.740157
152 0.740127
153 0.740055
154 0.739094
155 0.740076
156 0.739487
157 0.739585
158 0.740675
159 0.740352
160 0.740313
161 0.739606
162 0.739917
163 0.73988
164 0.740195
165 0.740236
166 0.740222
167 0.740668
168 0.740054
169 0.740815
170 0.739163
171 0.73981
172 0.739875
173 0.740659
174 0.740711
175 0.740997
176 0.740251
177 0.74012
178 0.740653
179 0.740254
180 0.740456
181 0.740592
182 0.741377
183 0.74086
184 0.740484
185 0.74114
186 0.74107
187 0.741872
188 0.74123
189 0.741885
190 0.740577
191 0.74154
192 0.741325
193 0.7418
194 0.74067
195 0.741478
196 0.740672
197 0.741072
198 0.741316
199 0.741256
200 0.741022
201 0.741292
202 0.741186
203 0.741105
204 0.741492
205 0.741867
206 0.740993
207 0.742042
208 0.741615
209 0.741883
210 0.741839
211 0.741689
212 0.741329
213 0.741804
214 0.741351
215 0.741874
216 0.742224
217 0.74213
218 0.742137
219 0.742325
220 0.742484
221 0.742964
222 0.742211
223 0.742045
224 0.741634
225 0.742157
226 0.742161
227 0.742711
228 0.741855
229 0.742394
230 0.741975
231 0.742017
232 0.742965
233 0.742467
234 0.742485
235 0.74187
236 0.741878
237 0.742053
238 0.743039
239 0.741827
240 0.742035
241 0.742756
242 0.742625
243 0.742705
244 0.742663
245 0.742531
246 0.742589
247 0.74343
248 0.743214
249 0.742315
250 0.742334
251 0.743023
252 0.742881
253 0.742677
254 0.742197
255 0.743027
256 0.742439
257 0.743944
258 0.742438
259 0.743688
260 0.742957
261 0.742273
262 0.742596
263 0.743431
264 0.743447
265 0.743492
266 0.742257
267 0.743027
268 0.743602
269 0.74335
270 0.743463
271 0.742695
272 0.743203
273 0.74341
274 0.744122
275 0.74281
276 0.744162
277 0.742925
278 0.742797
279 0.743276
280 0.743221
281 0.743135
282 0.743503
283 0.742705
284 0.743156
285 0.743517
286 0.743273
287 0.743447
288 0.742898
289 0.743677
290 0.743516
291 0.74364
292 0.743811
293 0.74306
294 0.74357
295 0.743996
296 0.74368
297 0.743472
298 0.743532
299 0.743531
300 0.743658
301 0.743159
302 0.743664
303 0.743791
304 0.743389
305 0.744074
306 0.743703
307 0.743662
308 0.743615
309 0.743835
310 0.743386
311 0.742785
312 0.7433
313 0.743928
314 0.74322
315 0.743666
316 0.742921
317 0.743786
318 0.743736
319 0.744112
320 0.744179
321 0.743982
322 0.744206
323 0.744183
324 0.743931
325 0.743345
326 0.744356
327 0.744381
328 0.744035
329 0.743907
330 0.744184
331 0.744073
332 0.744041
333 0.744746
334 0.744194
335 0.744762
336 0.743838
337 0.74405
338 0.743733
339 0.74436
340 0.743663
341 0.74365
342 0.743701
343 0.744142
344 0.744288
345 0.743507
346 0.743893
347 0.744076
348 0.744071
349 0.744295
350 0.744368
351 0.743984
352 0.745144
353 0.743655
354 0.744683
355 0.744237
356 0.744321
357 0.743456
358 0.744727
359 0.744203
360 0.744277
361 0.74342
362 0.744129
363 0.744329
364 0.74402
365 0.744279
366 0.744224
367 0.7444
368 0.744967
369 0.744725
370 0.744484
371 0.74456
372 0.744153
373 0.744352
374 0.744284
375 0.744623
376 0.744378
377 0.74417
378 0.744459
379 0.744347
380 0.744511
381 0.74429
382 0.744738
383 0.744577
384 0.744969
385 0.744481
386 0.744821
387 0.744364
388 0.744385
389 0.744948
390 0.743423
391 0.745272
392 0.744403
393 0.744826
394 0.743826
395 0.745124
396 0.74397
397 0.744892
398 0.745272
399 0.744874
400 0.74391
