1 0.249219
2 0.249766
3 0.250236
4 0.249542
5 0.250036
6 0.249642
7 0.249746
8 0.249313
9 0.250161
10 0.249618
11 0.249575
12 0.250027
13 0.249847
14 0.249941
15 0.249433
16 0.249193
17 0.250238
18 0.24979
19 0.249442
20 0.249866
21 0.249912
22 0.249672
23 0.250048
24 0.2495
25 0.24978
26 0.249219
27 0.166367
28 0.125164
29 0.111389
30 0.0974303
31 0.0834713
32 0.0737764
33 0.0669098
34 0.062467
35 0.0562493
36 0.0520568
37 0.0499975
38 0.0461467
39 0.0434126
40 0.0417541
41 0.0397462
42 0.0375944
43 0.0358797
44 0.0351404
45 0.0337027
46 0.0319609
47 0.0319364
48 0.0311654
49 0.0316331
50 0.0294279
51 0.0287927
52 0.0281349
53 0.0273817
54 0.0267428
55 0.0262073
56 0.0255849
57 0.0251024
58 0.0245709
59 0.0242242
60 0.0237817
61 0.0233173
62 0.0228616
63 0.022434
64 0.0222197
65 0.0221981
66 0.0217582
67 0.0213655
68 0.0210633
69 0.0209726
70 0.0207308
71 0.0204424
72 0.020137
73 0.0199252
74 0.0198926
75 0.0195819
76 0.0192507
77 0.0189113
78 0.0186379
79 0.0184777
80 0.0183085
81 0.018154
82 0.0179859
83 0.0178536
84 0.0174757
85 0.0171855
86 0.0168688
87 0.0166539
88 0.0164032
89 0.0161372
90 0.016154
91 0.0159551
92 0.0159595
93 0.0156511
94 0.0156024
95 0.0152893
96 0.0150075
97 0.0149558
98 0.0149044
99 0.0147744
100 0.0146272
101 0.0145469
102 0.0142651
103 0.0142865
104 0.0143803
105 0.0140514
106 0.0139731
107 0.0139302
108 0.0139317
109 0.0137643
110 0.0136547
111 0.0134654
112 0.0132921
113 0.0132029
114 0.0130243
115 0.0130244
116 0.0128991
117 0.0128328
118 0.0126599
119 0.0125373
120 0.0124084
121 0.0123245
122 0.0122156
123 0.0122056
124 0.0121046
125 0.0119929
126 0.0119358
127 0.0118624
128 0.011848
129 0.0118138
130 0.0117047
131 0.0116723
132 0.0116123
133 0.011541
134 0.0114555
135 0.0113574
136 0.0113415
137 0.0112536
138 0.0111228
139 0.0110823
140 0.0110259
141 0.0109831
142 0.0108707
143 0.0107965
144 0.0106971
145 0.0106555
146 0.0106237
147 0.0106092
148 0.0105419
149 0.0104644
150 0.0103259
151 0.0103068
152 0.0103001
153 0.0102647
154 0.010288
155 0.0101502
156 0.0101385
157 0.0100684
158 0.00998717
159 0.00987462
160 0.00988136
161 0.00988669
162 0.00985158
163 0.00978598
164 0.00973641
165 0.00968662
166 0.00959014
167 0.00955486
168 0.00955897
169 0.0094217
170 0.00952613
171 0.00952015
172 0.00936389
173 0.00927539
174 0.00922729
175 0.00924685
176 0.00922247
177 0.00928049
178 0.00932703
179 0.00919021
180 0.00908775
181 0.00904416
182 0.00902322
183 0.00914727
184 0.0089653
185 0.00887788
186 0.00884817
187 0.00890798
188 0.00882427
189 0.00881902
190 0.00868985
191 0.00867946
192 0.00866614
193 0.00867834
194 0.00855709
195 0.00860475
196 0.00868277
197 0.00863308
198 0.00847108
199 0.00841837
200 0.00840584
201 0.00844416
202 0.00842696
203 0.0084559
204 0.00840662
205 0.00830254
206 0.00836797
207 0.00819726
208 0.00828091
209 0.00828862
210 0.00819697
211 0.00816691
212 0.00813239
213 0.00807368
214 0.0080803
215 0.00796251
216 0.00794095
217 0.00789568
218 0.00787088
219 0.00786753
220 0.00787737
221 0.00810199
222 0.00789138
223 0.0078197
224 0.00773695
225 0.00769846
226 0.00772772
227 0.00776665
228 0.00778274
229 0.00771001
230 0.00760305
231 0.0076209
232 0.00754544
233 0.00755183
234 0.00756786
235 0.00758942
236 0.00751861
237 0.00751422
238 0.00745427
239 0.00746898
240 0.00746464
241 0.00741197
242 0.00733186
243 0.00731689
244 0.00720541
245 0.00727239
246 0.0073224
247 0.00729165
248 0.00722772
249 0.00724145
250 0.00714709
251 0.00706352
252 0.00713975
253 0.00719995
254 0.00715068
255 0.00708884
256 0.00706088
257 0.00704663
258 0.00711304
259 0.00705382
260 0.00701559
261 0.00704865
262 0.00695466
263 0.00691131
264 0.00693127
265 0.00692269
266 0.0069571
267 0.0069921
268 0.00693374
269 0.00685304
270 0.00677587
271 0.00684268
272 0.00688711
273 0.00681122
274 0.0067891
275 0.00673788
276 0.00665183
277 0.00665976
278 0.00669744
279 0.006721
280 0.00671948
281 0.00674603
282 0.0066656
283 0.00664811
284 0.00670374
285 0.00666878
286 0.00667916
287 0.00662966
288 0.00655128
289 0.00649961
290 0.00647484
291 0.00650795
292 0.00653975
293 0.00654664
294 0.00652035
295 0.00646816
296 0.00645566
297 0.00643547
298 0.00642939
299 0.00643552
300 0.00642501
301 0.00636068
302 0.00636039
303 0.00634356
304 0.00631417
305 0.006299
306 0.0062973
307 0.00631175
308 0.00628051
309 0.00630826
310 0.00624676
311 0.00627219
312 0.00619229
313 0.00615675
314 0.00616412
315 0.0061004
316 0.00610201
317 0.00610611
318 0.00616682
319 0.00615555
320 0.00611528
321 0.0060908
322 0.00608068
323 0.00606876
324 0.0060738
325 0.00606363
326 0.00601737
327 0.00600921
328 0.00596015
329 0.00593291
330 0.00595056
331 0.00596193
332 0.00596533
333 0.00594718
334 0.00593417
335 0.00590426
336 0.00591121
337 0.00592106
338 0.00590227
339 0.00592345
340 0.00587841
341 0.00586242
342 0.00587357
343 0.00583662
344 0.00590573
345 0.00578336
346 0.00584743
347 0.00581151
348 0.00579293
349 0.00578856
350 0.00572181
351 0.00571871
352 0.00569988
353 0.00573294
354 0.00565876
355 0.00566396
356 0.00566771
357 0.00564798
358 0.00568013
359 0.00567682
360 0.00571158
361 0.00569649
362 0.00565797
363 0.00561244
364 0.00559742
365 0.00556738
366 0.00557244
367 0.00556823
368 0.00555352
369 0.00556799
370 0.00552259
371 0.00559163
372 0.00556646
373 0.00551368
374 0.00545929
375 0.00546195
376 0.00545406
377 0.00547306
378 0.00545546
379 0.00547995
380 0.00545932
381 0.00536474
382 0.00539346
383 0.00540454
384 0.00537576
385 0.00538771
386 0.00542031
387 0.00543289
388 0.00536838
389 0.00533779
390 0.00535684
391 0.00532684
392 0.00530718
393 0.00528723
394 0.00533575
395 0.00532282
396 0.00534611
397 0.005302
398 0.00525861
399 0.00526006
400 0.00523697
