1 0.334283
2 0.333916
3 0.333238
4 0.333346
5 0.333346
6 0.333238
7 0.333463
8 0.333394
9 0.333238
10 0.33329
11 0.333228
12 0.333238
13 0.333289
14 0.333408
15 0.333238
16 0.333383
17 0.333219
18 0.333238
19 0.333257
20 0.333212
21 0.333238
22 0.333363
23 0.333282
24 0.333238
25 0.333419
26 0.333271
27 0.33791
28 0.344928
29 0.352344
30 0.36023
31 0.368566
32 0.377287
33 0.385732
34 0.394336
35 0.402699
36 0.410994
37 0.418955
38 0.426821
39 0.434564
40 0.442005
41 0.449234
42 0.456296
43 0.4632
44 0.469803
45 0.476237
46 0.482543
47 0.488555
48 0.494378
49 0.499908
50 0.505399
51 0.510725
52 0.515941
53 0.52095
54 0.525867
55 0.530596
56 0.535228
57 0.539726
58 0.544128
59 0.54838
60 0.552571
61 0.556657
62 0.560599
63 0.564476
64 0.568235
65 0.571853
66 0.575472
67 0.578966
68 0.582379
69 0.5857
70 0.588944
71 0.592133
72 0.595258
73 0.598347
74 0.601245
75 0.604102
76 0.60696
77 0.609744
78 0.61248
79 0.615152
80 0.617763
81 0.620363
82 0.62284
83 0.625339
84 0.627706
85 0.630161
86 0.632515
87 0.634783
88 0.637055
89 0.639283
90 0.64153
91 0.643626
92 0.645778
93 0.647847
94 0.649922
95 0.651918
96 0.653908
97 0.655851
98 0.657776
99 0.65967
100 0.66152
101 0.663383
102 0.665181
103 0.666983
104 0.668603
105 0.670272
106 0.671996
107 0.673691
108 0.675292
109 0.67691
110 0.678527
111 0.680052
112 0.681604
113 0.683128
114 0.684633
115 0.686122
116 0.68758
117 0.688985
118 0.690462
119 0.691872
120 0.69321
121 0.694618
122 0.695932
123 0.69727
124 0.69864
125 0.699863
126 0.701239
127 0.702322
128 0.703694
129 0.70503
130 0.706081
131 0.707375
132 0.708502
133 0.709729
134 0.710827
135 0.712029
136 0.713082
137 0.714254
138 0.715387
139 0.716444
140 0.717574
141 0.718586
142 0.719606
143 0.720698
144 0.721716
145 0.722746
146 0.723746
147 0.724761
148 0.725742
149 0.726729
150 0.727689
151 0.728652
152 0.7296
153 0.730509
154 0.73148
155 0.732386
156 0.733291
157 0.734196
158 0.735041
159 0.735948
160 0.736799
161 0.737705
162 0.738525
163 0.739333
164 0.740238
165 0.741013
166 0.741805
167 0.742711
168 0.743452
169 0.744145
170 0.745192
171 0.745682
172 0.74658
173 0.747451
174 0.748102
175 0.748856
176 0.749707
177 0.750392
178 0.751065
179 0.751876
180 0.75259
181 0.753268
182 0.753985
183 0.754674
184 0.755381
185 0.756053
186 0.756717
187 0.75743
188 0.758114
189 0.758784
190 0.759391
191 0.760047
192 0.760723
193 0.76138
194 0.761987
195 0.762576
196 0.763273
197 0.763863
198 0.764494
199 0.765138
200 0.765692
201 0.766347
202 0.76691
203 0.767531
204 0.768099
205 0.768765
206 0.769254
207 0.769813
208 0.770382
209 0.770942
210 0.77152
211 0.772051
212 0.772637
213 0.773181
214 0.773747
215 0.774285
216 0.774793
217 0.77533
218 0.775841
219 0.776421
220 0.77689
221 0.777417
222 0.777918
223 0.77843
224 0.778974
225 0.779447
226 0.779933
227 0.780451
228 0.780949
229 0.781487
230 0.781908
231 0.782394
232 0.782844
233 0.783309
234 0.783805
235 0.784314
236 0.784783
237 0.785219
238 0.785663
239 0.786095
240 0.786571
241 0.787136
242 0.78752
243 0.787945
244 0.788336
245 0.788752
246 0.789234
247 0.789736
248 0.790184
249 0.790583
250 0.790957
251 0.791321
252 0.791695
253 0.792279
254 0.792714
255 0.793191
256 0.793462
257 0.793723
258 0.794187
259 0.794632
260 0.795184
261 0.795529
262 0.79589
263 0.796234
264 0.796597
265 0.796968
266 0.7974
267 0.797799
268 0.798234
269 0.798591
270 0.798933
271 0.799288
272 0.799615
273 0.799934
274 0.800348
275 0.800753
276 0.801143
277 0.8015
278 0.80185
279 0.802195
280 0.80254
281 0.80289
282 0.80328
283 0.803597
284 0.803969
285 0.804283
286 0.804647
287 0.804975
288 0.805288
289 0.805634
290 0.805936
291 0.806316
292 0.806607
293 0.807002
294 0.807268
295 0.80761
296 0.807928
297 0.808252
298 0.808568
299 0.808865
300 0.809222
301 0.80952
302 0.809805
303 0.810172
304 0.810455
305 0.810719
306 0.811071
307 0.811401
308 0.811631
309 0.812004
310 0.812277
311 0.812549
312 0.812851
313 0.813165
314 0.813448
315 0.813671
316 0.814015
317 0.814318
318 0.814609
319 0.814927
320 0.815197
321 0.815488
322 0.815751
323 0.816023
324 0.816318
325 0.816567
326 0.816848
327 0.817146
328 0.817392
329 0.817694
330 0.817983
331 0.818257
332 0.818498
333 0.818751
334 0.819002
335 0.819255
336 0.819575
337 0.819824
338 0.820064
339 0.820348
340 0.82057
341 0.820717
342 0.821186
343 0.821376
344 0.8216
345 0.82187
346 0.822094
347 0.822341
348 0.82264
349 0.82288
350 0.823101
351 0.823333
352 0.823579
353 0.823814
354 0.824107
355 0.824327
356 0.824561
357 0.824815
358 0.825052
359 0.825255
360 0.825501
361 0.825731
362 0.825984
363 0.826211
364 0.826423
365 0.826688
366 0.826864
367 0.827103
368 0.827365
369 0.82757
370 0.827793
371 0.828047
372 0.828241
373 0.828493
374 0.828712
375 0.828915
376 0.829113
377 0.829358
378 0.829579
379 0.829796
380 0.829989
381 0.830179
382 0.830468
383 0.830707
384 0.830874
385 0.831036
386 0.831266
387 0.831531
388 0.831717
389 0.831914
390 0.8321
391 0.832339
392 0.832529
393 0.832758
394 0.83296
395 0.833134
396 0.833337
397 0.833519
398 0.833786
399 0.83396
400 0.834152
