1 0.100427
2 0.105183
3 0.110396
4 0.116694
5 0.121727
6 0.127402
7 0.133555
8 0.139621
9 0.14553
10 0.151624
11 0.158336
12 0.165367
13 0.171497
14 0.177095
15 0.183617
16 0.190064
17 0.196342
18 0.202099
19 0.207853
20 0.213408
21 0.218761
22 0.224192
23 0.229733
24 0.235313
25 0.23918
26 0.24486
27 0.249803
28 0.253952
29 0.25817
30 0.262382
31 0.266348
32 0.27039
33 0.274054
34 0.277867
35 0.282148
36 0.285415
37 0.288353
38 0.293166
39 0.296589
40 0.300068
41 0.302618
42 0.30637
43 0.309605
44 0.311976
45 0.316147
46 0.318535
47 0.321578
48 0.325484
49 0.328026
50 0.330394
51 0.333207
52 0.33568
53 0.338433
54 0.341294
55 0.344215
56 0.347528
57 0.350301
58 0.352221
59 0.355292
60 0.358223
61 0.35913
62 0.362224
63 0.365494
64 0.368057
65 0.370119
66 0.372335
67 0.375031
68 0.377434
69 0.379659
70 0.382043
71 0.383582
72 0.385919
73 0.388466
74 0.39013
75 0.392399
76 0.394694
77 0.396708
78 0.399456
79 0.400316
80 0.402966
81 0.404383
82 0.406918
83 0.408663
84 0.411599
85 0.412517
86 0.414976
87 0.416352
88 0.419458
89 0.420579
90 0.422128
91 0.424117
92 0.425779
93 0.427948
94 0.430303
95 0.432166
96 0.433247
97 0.435047
98 0.437166
99 0.438934
100 0.440756
101 0.442229
102 0.4438
103 0.445033
104 0.447242
105 0.448422
106 0.450854
107 0.45274
108 0.454295
109 0.455282
110 0.457434
111 0.459256
112 0.460261
113 0.462372
114 0.463337
115 0.465772
116 0.467311
117 0.467292
118 0.469057
119 0.471233
120 0.472819
121 0.473318
122 0.475191
123 0.477332
124 0.47822
125 0.479521
126 0.481012
127 0.482258
128 0.484467
129 0.485966
130 0.487215
131 0.488316
132 0.489513
133 0.49088
134 0.491446
135 0.493941
136 0.494318
137 0.496076
138 0.497613
139 0.49789
140 0.499565
141 0.500775
142 0.503192
143 0.503772
144 0.50473
145 0.505713
146 0.507526
147 0.508889
148 0.510021
149 0.510683
150 0.512574
151 0.513309
152 0.514811
153 0.515457
154 0.516774
155 0.51844
156 0.519651
157 0.520715
158 0.521624
159 0.522651
160 0.523872
161 0.52476
162 0.5262
163 0.527087
164 0.528265
165 0.529142
166 0.530895
167 0.532168
168 0.532696
169 0.53307
170 0.534119
171 0.535686
172 0.537351
173 0.537791
174 0.538199
175 0.540341
176 0.54083
177 0.541676
178 0.542749
179 0.543238
180 0.544207
181 0.546243
182 0.546067
183 0.548188
184 0.548854
185 0.548659
186 0.550498
187 0.55091
188 0.552804
189 0.553987
190 0.554282
191 0.555418
192 0.556351
193 0.557473
194 0.558924
195 0.558781
196 0.559454
197 0.560839
198 0.561057
199 0.562429
200 0.563542
201 0.564132
202 0.564882
203 0.56548
204 0.566311
205 0.567747
206 0.568704
207 0.569501
208 0.570633
209 0.570731
210 0.571323
211 0.57287
212 0.573768
213 0.57442
214 0.575106
215 0.576236
216 0.57661
217 0.5776
218 0.578856
219 0.578768
220 0.579594
221 0.58069
222 0.581929
223 0.582371
224 0.583047
225 0.583185
226 0.584889
227 0.585176
228 0.586627
229 0.587181
230 0.587855
231 0.588635
232 0.589092
233 0.590056
234 0.590844
235 0.591936
236 0.591261
237 0.592836
238 0.593847
239 0.594078
240 0.594722
241 0.596075
242 0.596059
243 0.59722
244 0.59799
245 0.598696
246 0.599285
247 0.600128
248 0.60049
249 0.60149
250 0.60241
251 0.602344
252 0.603428
253 0.603951
254 0.604447
255 0.605963
256 0.606097
257 0.606789
258 0.607144
259 0.608156
260 0.608424
261 0.609221
262 0.610001
263 0.610606
264 0.611071
265 0.61155
266 0.612133
267 0.612647
268 0.61353
269 0.61411
270 0.61567
271 0.616002
272 0.616066
273 0.617032
274 0.616431
275 0.618601
276 0.618907
277 0.619206
278 0.620554
279 0.620246
280 0.620807
281 0.622252
282 0.621444
283 0.622377
284 0.622862
285 0.623108
286 0.624397
287 0.625547
288 0.625671
289 0.626534
290 0.62687
291 0.627058
292 0.627856
293 0.627958
294 0.62911
295 0.629636
296 0.629964
297 0.631387
298 0.631481
299 0.631817
300 0.632371
301 0.632972
302 0.633813
303 0.63396
304 0.633939
305 0.634656
306 0.635621
307 0.636261
308 0.636183
309 0.637661
310 0.637345
311 0.637836
312 0.638787
313 0.638495
314 0.639923
315 0.640294
316 0.640865
317 0.641856
318 0.641466
319 0.642007
320 0.643102
321 0.643178
322 0.643228
323 0.643843
324 0.644918
325 0.645535
326 0.645909
327 0.646292
328 0.646521
329 0.646833
330 0.647745
331 0.64809
332 0.648885
333 0.649237
334 0.648993
335 0.649878
336 0.6503
337 0.65109
338 0.651333
339 0.651575
340 0.652606
341 0.65294
342 0.652973
343 0.654136
344 0.65404
345 0.654593
346 0.655114
347 0.655658
348 0.656288
349 0.657179
350 0.657288
351 0.657186
352 0.658308
353 0.658614
354 0.658416
355 0.659207
356 0.659656
357 0.659816
358 0.6603
359 0.660521
360 0.661284
361 0.66233
362 0.662131
363 0.662959
364 0.663171
365 0.663529
366 0.663859
367 0.664233
368 0.664969
369 0.665339
370 0.664946
371 0.666549
372 0.666659
373 0.666308
374 0.667183
375 0.667051
376 0.667549
377 0.669029
378 0.667988
379 0.669066
380 0.6694
381 0.670386
382 0.670498
383 0.671117
384 0.671964
385 0.672107
386 0.672232
387 0.672322
388 0.67234
389 0.672683
390 0.673824
391 0.674204
392 0.674496
393 0.675108
394 0.675128
395 0.675118
396 0.676474
397 0.676075
398 0.676961
399 0.677488
400 0.677491
