1 0.50031
2 0.50031
3 0.50031
4 0.50031
5 0.50031
6 0.50031
7 0.50031
8 0.50031
9 0.50031
10 0.50031
11 0.50031
12 0.50031
13 0.50031
14 0.50031
15 0.50031
16 0.50031
17 0.50031
18 0.50031
19 0.50031
20 0.50031
21 0.50031
22 0.50031
23 0.50031
24 0.50031
25 0.50031
26 0.573283
27 0.573655
28 0.605463
29 0.604735
30 0.590325
31 0.573873
32 0.613359
33 0.597536
34 0.582305
35 0.616467
36 0.601133
37 0.586236
38 0.617673
39 0.602708
40 0.589171
41 0.616554
42 0.603788
43 0.591839
44 0.579221
45 0.603239
46 0.591839
47 0.581956
48 0.603049
49 0.593123
50 0.583213
51 0.627191
52 0.640333
53 0.63976
54 0.651647
55 0.6705
56 0.685885
57 0.689492
58 0.703257
59 0.711735
60 0.713479
61 0.718767
62 0.7303
63 0.732597
64 0.736264
65 0.744348
66 0.747218
67 0.750481
68 0.756347
69 0.759927
70 0.761122
71 0.764498
72 0.769811
73 0.769533
74 0.772927
75 0.776162
76 0.779366
77 0.780352
78 0.784825
79 0.786004
80 0.787927
81 0.789175
82 0.794209
83 0.79404
84 0.795952
85 0.798509
86 0.79973
87 0.801438
88 0.802769
89 0.804381
90 0.805138
91 0.806062
92 0.80868
93 0.808705
94 0.809774
95 0.8114
96 0.813226
97 0.813834
98 0.815942
99 0.815506
100 0.817196
101 0.817449
102 0.818847
103 0.819765
104 0.820693
105 0.821514
106 0.822913
107 0.823451
108 0.82368
109 0.825248
110 0.825863
111 0.825982
112 0.827568
113 0.827938
114 0.828627
115 0.829346
116 0.830983
117 0.831072
118 0.831964
119 0.832225
120 0.8331
121 0.833377
122 0.834344
123 0.834644
124 0.835084
125 0.836273
126 0.836538
127 0.837068
128 0.837522
129 0.838363
130 0.839518
131 0.839293
132 0.840462
133 0.840898
134 0.84055
135 0.841621
136 0.842402
137 0.842307
138 0.842054
139 0.843328
140 0.84359
141 0.844403
142 0.844804
143 0.844899
144 0.845693
145 0.845906
146 0.846606
147 0.846445
148 0.846883
149 0.84773
150 0.847784
151 0.848803
152 0.848898
153 0.849407
154 0.849822
155 0.849802
156 0.850388
157 0.851876
158 0.851186
159 0.851562
160 0.852292
161 0.852329
162 0.853251
163 0.853433
164 0.85382
165 0.853607
166 0.854548
167 0.854508
168 0.854486
169 0.855133
170 0.855301
171 0.855853
172 0.856601
173 0.856768
174 0.8572
175 0.856989
176 0.857483
177 0.85804
178 0.858264
179 0.858873
180 0.859262
181 0.859447
182 0.859537
183 0.859822
184 0.859431
185 0.859841
186 0.860788
187 0.861134
188 0.860513
189 0.861506
190 0.861832
191 0.86167
192 0.861386
193 0.862182
194 0.86333
195 0.86259
196 0.863085
197 0.863459
198 0.863834
199 0.863923
200 0.86385
201 0.863883
202 0.86481
203 0.865024
204 0.864662
205 0.865088
206 0.86586
207 0.865082
208 0.865436
209 0.866002
210 0.866551
211 0.867301
212 0.86669
213 0.867095
214 0.866798
215 0.86766
216 0.867349
217 0.867925
218 0.867754
219 0.868256
220 0.868685
221 0.868611
222 0.868169
223 0.869059
224 0.869623
225 0.869307
226 0.869333
227 0.869993
228 0.870442
229 0.869591
230 0.870318
231 0.870735
232 0.870429
233 0.870837
234 0.870701
235 0.871232
236 0.871187
237 0.871535
238 0.870935
239 0.87143
240 0.872589
241 0.872443
242 0.871766
243 0.872313
244 0.872745
245 0.872686
246 0.873125
247 0.873305
248 0.873399
249 0.87367
250 0.873534
251 0.874
252 0.87362
253 0.874034
254 0.873752
255 0.874802
256 0.87457
257 0.874873
258 0.875165
259 0.874745
260 0.87512
261 0.875337
262 0.875524
263 0.875534
264 0.875907
265 0.875878
266 0.875887
267 0.876214
268 0.876441
269 0.876693
270 0.87658
271 0.877141
272 0.876798
273 0.876554
274 0.8772
275 0.877208
276 0.877616
277 0.877207
278 0.877201
279 0.878111
280 0.877907
281 0.877853
282 0.878142
283 0.877627
284 0.879015
285 0.878058
286 0.878934
287 0.878221
288 0.879029
289 0.879175
290 0.878898
291 0.879235
292 0.879034
293 0.87926
294 0.878673
295 0.879096
296 0.879712
297 0.880127
298 0.879654
299 0.880067
300 0.880865
301 0.880287
302 0.880563
303 0.879993
304 0.880498
305 0.880755
306 0.881083
307 0.880428
308 0.880922
309 0.881296
310 0.881515
311 0.88153
312 0.881982
313 0.881852
314 0.881576
315 0.881285
316 0.881698
317 0.881932
318 0.88206
319 0.882345
320 0.882108
321 0.882374
322 0.882543
323 0.882562
324 0.882734
325 0.882284
326 0.883108
327 0.882752
328 0.883031
329 0.883025
330 0.882769
331 0.883142
332 0.883258
333 0.883829
334 0.882828
335 0.883414
336 0.883624
337 0.883575
338 0.88399
339 0.88436
340 0.883948
341 0.884156
342 0.884319
343 0.884434
344 0.884117
345 0.884301
346 0.884177
347 0.884519
348 0.884905
349 0.884587
350 0.884359
351 0.884902
352 0.885315
353 0.885209
354 0.885152
355 0.884804
356 0.885833
357 0.885572
358 0.885609
359 0.885998
360 0.88561
361 0.885782
362 0.885732
363 0.886462
364 0.885781
365 0.886266
366 0.886131
367 0.886559
368 0.88629
369 0.886087
370 0.886485
371 0.886447
372 0.886645
373 0.88638
374 0.886638
375 0.886616
376 0.88689
377 0.887076
378 0.886972
379 0.887146
380 0.887485
381 0.887157
382 0.886879
383 0.88715
384 0.887018
385 0.887455
386 0.887338
387 0.887269
388 0.887768
389 0.887722
390 0.887845
391 0.887688
392 0.88841
393 0.887753
394 0.887839
395 0.888083
396 0.888032
397 0.888776
398 0.888042
399 0.888199
400 0.888555
