1 0.500804
2 0.500194
3 0.500376
4 0.499946
5 0.500025
6 0.500108
7 0.500445
8 0.500232
9 0.499529
10 0.499834
11 0.500819
12 0.500063
13 0.500179
14 0.501225
15 0.500067
16 0.5009
17 0.499614
18 0.500079
19 0.500471
20 0.500096
21 0.500057
22 0.50072
23 0.501116
24 0.500875
25 0.500374
26 0.517131
27 0.516558
28 0.523692
29 0.523447
30 0.520458
31 0.517475
32 0.525212
33 0.522396
34 0.519331
35 0.526342
36 0.523257
37 0.519341
38 0.526524
39 0.52373
40 0.520827
41 0.525817
42 0.523886
43 0.520758
44 0.518547
45 0.524051
46 0.521539
47 0.518857
48 0.52368
49 0.522297
50 0.520732
51 0.528656
52 0.531279
53 0.531894
54 0.53363
55 0.536836
56 0.539287
57 0.540447
58 0.542946
59 0.54455
60 0.544308
61 0.545848
62 0.547597
63 0.54741
64 0.548312
65 0.550375
66 0.550227
67 0.550213
68 0.551664
69 0.553446
70 0.552842
71 0.552816
72 0.55408
73 0.554241
74 0.554068
75 0.554686
76 0.554705
77 0.556036
78 0.555785
79 0.556843
80 0.557609
81 0.556036
82 0.558031
83 0.55761
84 0.558111
85 0.558973
86 0.559256
87 0.55832
88 0.559351
89 0.559603
90 0.559238
91 0.559919
92 0.560245
93 0.56053
94 0.559588
95 0.561563
96 0.560096
97 0.560085
98 0.56113
99 0.561069
100 0.560828
101 0.561048
102 0.560584
103 0.561894
104 0.562133
105 0.562151
106 0.561682
107 0.56217
108 0.561149
109 0.562791
110 0.562291
111 0.562558
112 0.562696
113 0.562071
114 0.563214
115 0.563664
116 0.563417
117 0.563332
118 0.563679
119 0.562503
120 0.563
121 0.563246
122 0.564446
123 0.563055
124 0.564321
125 0.563739
126 0.564429
127 0.563249
128 0.563866
129 0.563232
130 0.564374
131 0.564396
132 0.563871
133 0.564507
134 0.564598
135 0.56404
136 0.564104
137 0.565196
138 0.563901
139 0.564184
140 0.56493
141 0.564908
142 0.564677
143 0.565166
144 0.565317
145 0.565241
146 0.565826
147 0.564779
148 0.564859
149 0.565509
150 0.564812
151 0.564571
152 0.565084
153 0.56531
154 0.564922
155 0.565114
156 0.565923
157 0.565431
158 0.565285
159 0.564458
160 0.564796
161 0.565272
162 0.566613
163 0.566086
164 0.565667
165 0.565224
166 0.565718
167 0.565023
168 0.56533
169 0.565829
170 0.565724
171 0.566423
172 0.565079
173 0.56596
174 0.566386
175 0.56592
176 0.565163
177 0.566512
178 0.566719
179 0.565734
180 0.566412
181 0.566454
182 0.566361
183 0.567212
184 0.566417
185 0.566118
186 0.566578
187 0.567087
188 0.566362
189 0.566456
190 0.566237
191 0.566007
192 0.566667
193 0.566489
194 0.567241
195 0.565554
196 0.566892
197 0.567087
198 0.567415
199 0.566894
200 0.567447
201 0.5668
202 0.566243
203 0.567017
204 0.566743
205 0.567397
206 0.566931
207 0.567474
208 0.566443
209 0.566178
210 0.567188
211 0.565907
212 0.566793
213 0.566032
214 0.567127
215 0.567052
216 0.56685
217 0.567581
218 0.566718
219 0.566662
220 0.567253
221 0.56744
222 0.567776
223 0.567309
224 0.567059
225 0.566484
226 0.566807
227 0.566768
228 0.567798
229 0.567128
230 0.567522
231 0.567859
232 0.566412
233 0.567054
234 0.566731
235 0.566982
236 0.567087
237 0.566264
238 0.567109
239 0.568943
240 0.5672
241 0.56758
242 0.56697
243 0.567333
244 0.56741
245 0.567857
246 0.567509
247 0.568276
248 0.568106
249 0.56706
250 0.566996
251 0.568108
252 0.56712
253 0.568077
254 0.567965
255 0.56765
256 0.567319
257 0.567437
258 0.567866
259 0.567944
260 0.567047
261 0.567531
262 0.567102
263 0.567748
264 0.567271
265 0.568367
266 0.568108
267 0.567405
268 0.568008
269 0.56848
270 0.567849
271 0.56795
272 0.568191
273 0.567202
274 0.567905
275 0.568555
276 0.568461
277 0.567275
278 0.568055
279 0.568238
280 0.567132
281 0.56805
282 0.567964
283 0.568234
284 0.567933
285 0.568137
286 0.568225
287 0.568741
288 0.568276
289 0.568238
290 0.567995
291 0.569744
292 0.568475
293 0.567878
294 0.568163
295 0.567923
296 0.568176
297 0.568924
298 0.568216
299 0.566757
300 0.567912
301 0.568194
302 0.567991
303 0.568116
304 0.568555
305 0.568419
306 0.568427
307 0.567951
308 0.568398
309 0.568444
310 0.568386
311 0.568695
312 0.568529
313 0.568344
314 0.567764
315 0.567937
316 0.568045
317 0.568651
318 0.568005
319 0.567912
320 0.567963
321 0.568888
322 0.568746
323 0.569182
324 0.568767
325 0.568899
326 0.56741
327 0.567283
328 0.567812
329 0.56763
330 0.568213
331 0.568543
332 0.568385
333 0.568474
334 0.568416
335 0.568621
336 0.567437
337 0.568551
338 0.567921
339 0.56826
340 0.568646
341 0.567364
342 0.56834
343 0.568641
344 0.569024
345 0.568209
346 0.568505
347 0.568072
348 0.5687
349 0.568587
350 0.568521
351 0.56852
352 0.568351
353 0.568621
354 0.568031
355 0.568397
356 0.570078
357 0.569333
358 0.567894
359 0.568233
360 0.56845
361 0.568278
362 0.56901
363 0.567737
364 0.569479
365 0.568284
366 0.568593
367 0.569218
368 0.569186
369 0.568811
370 0.568581
371 0.568483
372 0.569212
373 0.568326
374 0.568396
375 0.568731
376 0.568389
377 0.567861
378 0.568402
379 0.568624
380 0.568727
381 0.569061
382 0.568966
383 0.568243
384 0.568514
385 0.569388
386 0.569074
387 0.56882
388 0.568506
389 0.568731
390 0.569553
391 0.568737
392 0.569247
393 0.568588
394 0.567954
395 0.568963
396 0.569613
397 0.568121
398 0.567964
399 0.569291
400 0.568507
