1 0.0733145
2 0.0733145
3 0.0733145
4 0.0733145
5 0.0733145
6 0.0733145
7 0.0733145
8 0.0733145
9 0.0733145
10 0.0733145
11 0.0733145
12 0.0733145
13 0.0733145
14 0.0733145
15 0.0733145
16 0.0733145
17 0.0733145
18 0.0733145
19 0.0733145
20 0.0733145
21 0.0733145
22 0.0733145
23 0.0733145
24 0.0733145
25 0.0733145
26 0.0726819
27 0.0720981
28 0.0712901
29 0.0705569
30 0.0699911
31 0.0695518
32 0.0688646
33 0.0683497
34 0.0679137
35 0.067329
36 0.0668888
37 0.0664982
38 0.0659795
39 0.0655846
40 0.0652659
41 0.0648225
42 0.0644442
43 0.0641259
44 0.0639679
45 0.0636759
46 0.0634029
47 0.0631709
48 0.0629528
49 0.0627154
50 0.0625213
51 0.0621744
52 0.061762
53 0.0614212
54 0.0610265
55 0.0605752
56 0.0600894
57 0.0596318
58 0.0591083
59 0.0586547
60 0.0581376
61 0.0576278
62 0.0571311
63 0.0566365
64 0.0561006
65 0.0556208
66 0.0551506
67 0.0545864
68 0.0541216
69 0.0536749
70 0.0532237
71 0.0527326
72 0.0522705
73 0.0518236
74 0.0513546
75 0.0509196
76 0.0505004
77 0.0500694
78 0.0496701
79 0.0492043
80 0.0488357
81 0.0484498
82 0.0480068
83 0.0476246
84 0.0472337
85 0.0468416
86 0.04647
87 0.046116
88 0.0457489
89 0.045382
90 0.0450851
91 0.0447221
92 0.0443535
93 0.0440332
94 0.0437203
95 0.0434011
96 0.0430857
97 0.0427372
98 0.0424284
99 0.0421765
100 0.0418427
101 0.0415634
102 0.0412791
103 0.0409314
104 0.0407193
105 0.0404473
106 0.0401767
107 0.0398523
108 0.0396145
109 0.0393673
110 0.0390975
111 0.0388426
112 0.0386142
113 0.0383629
114 0.0381325
115 0.03789
116 0.0376412
117 0.0374236
118 0.0371665
119 0.0369633
120 0.0367307
121 0.0365251
122 0.0363011
123 0.0361198
124 0.0358701
125 0.0356371
126 0.0354507
127 0.0352831
128 0.0350467
129 0.0348356
130 0.0346212
131 0.0344877
132 0.034281
133 0.0340752
134 0.0339142
135 0.0337354
136 0.0334916
137 0.0333558
138 0.0331948
139 0.0330342
140 0.0328538
141 0.032665
142 0.032494
143 0.032352
144 0.0321482
145 0.0320157
146 0.0318614
147 0.0317079
148 0.0315545
149 0.0313569
150 0.031222
151 0.0310803
152 0.030947
153 0.0307851
154 0.0306165
155 0.030493
156 0.0303563
157 0.0301717
158 0.0300624
159 0.0299107
160 0.0297838
161 0.0296479
162 0.0295126
163 0.0294098
164 0.0292308
165 0.0291757
166 0.029013
167 0.028872
168 0.0287556
169 0.0286354
170 0.0285299
171 0.0283824
172 0.0282267
173 0.0281501
174 0.0279869
175 0.0279187
176 0.0277961
177 0.0276549
178 0.0275528
179 0.0274555
180 0.027311
181 0.0272045
182 0.0271217
183 0.0269854
184 0.0269267
185 0.0267767
186 0.0266895
187 0.0265685
188 0.0264947
189 0.026365
190 0.026312
191 0.0261674
192 0.0261112
193 0.0260035
194 0.0258771
195 0.0257535
196 0.0256986
197 0.0255922
198 0.025484
199 0.0253929
200 0.0252921
201 0.0252201
202 0.0251341
203 0.0250134
204 0.0249742
205 0.0248396
206 0.0247613
207 0.0247057
208 0.0245973
209 0.0244996
210 0.0244069
211 0.0243174
212 0.0242465
213 0.0241556
214 0.0240884
215 0.0239916
216 0.0238989
217 0.0238314
218 0.0237684
219 0.0237013
220 0.0235727
221 0.0235344
222 0.0234675
223 0.0233717
224 0.0233023
225 0.0232238
226 0.0231652
227 0.0230517
228 0.0229808
229 0.0229322
230 0.0228543
231 0.0227877
232 0.0227066
233 0.0226421
234 0.0225662
235 0.0224734
236 0.0224547
237 0.0223927
238 0.0223208
239 0.0222493
240 0.0221628
241 0.0220737
242 0.022041
243 0.0219725
244 0.0218925
245 0.0218256
246 0.0217676
247 0.0216939
248 0.0216481
249 0.0215699
250 0.0215241
251 0.0214656
252 0.0213909
253 0.0213391
254 0.0212816
255 0.0211998
256 0.021155
257 0.0211076
258 0.0210212
259 0.0209795
260 0.0209272
261 0.0208343
262 0.0208034
263 0.0207548
264 0.0206763
265 0.020646
266 0.0205558
267 0.0205326
268 0.0204751
269 0.0203925
270 0.0203664
271 0.0202968
272 0.0202479
273 0.0201854
274 0.0201177
275 0.0200748
276 0.0200144
277 0.019967
278 0.0199071
279 0.0198582
280 0.0198077
281 0.019757
282 0.0197122
283 0.0196722
284 0.0196163
285 0.0196008
286 0.0195159
287 0.0194771
288 0.0194459
289 0.0193701
290 0.0193319
291 0.0192791
292 0.0192468
293 0.0191935
294 0.0191579
295 0.0190927
296 0.0190348
297 0.0189962
298 0.0189536
299 0.018901
300 0.0188637
301 0.0188429
302 0.0187504
303 0.0187412
304 0.0186977
305 0.0186467
306 0.0185943
307 0.0185789
308 0.0185261
309 0.0184545
310 0.0184078
311 0.0183702
312 0.0183158
313 0.018281
314 0.0182385
315 0.018242
316 0.0181675
317 0.0181293
318 0.0181054
319 0.0180405
320 0.0180032
321 0.01795
322 0.0179266
323 0.0178883
324 0.0178502
325 0.0178392
326 0.0177566
327 0.0177482
328 0.017713
329 0.0176481
330 0.0176664
331 0.0175919
332 0.0175462
333 0.0175006
334 0.0175067
335 0.0174353
336 0.0174277
337 0.0173667
338 0.0173022
339 0.0172903
340 0.0172654
341 0.0172723
342 0.0171957
343 0.0171189
344 0.0171189
345 0.0170868
346 0.0170513
347 0.0170357
348 0.0169856
349 0.0169564
350 0.0169263
351 0.0168889
352 0.0168285
353 0.016786
354 0.016766
355 0.0167591
356 0.0166838
357 0.0166588
358 0.0166284
359 0.0165911
360 0.016588
361 0.0165458
362 0.0165129
363 0.0164443
364 0.0164852
365 0.0163875
366 0.016369
367 0.0163427
368 0.0163376
369 0.0162857
370 0.0162412
371 0.0162289
372 0.0161791
373 0.0162033
374 0.0161444
375 0.0161373
376 0.0160773
377 0.0160382
378 0.0160253
379 0.0160098
380 0.0159489
381 0.015944
382 0.0158934
383 0.0158752
384 0.0158403
385 0.0158238
386 0.0157815
387 0.0157701
388 0.015725
389 0.0156918
390 0.015667
391 0.0156303
392 0.0156031
393 0.0155952
394 0.0155534
395 0.0155391
396 0.0155107
397 0.0154372
398 0.0154668
399 0.0154289
400 0.0153987
