1 0.0733145
2 0.0733145
3 0.0733145
4 0.0733145
5 0.0733145
6 0.0733145
7 0.0733145
8 0.0733145
9 0.0733145
10 0.0733145
11 0.0733145
12 0.0733145
13 0.0733145
14 0.0733145
15 0.0733145
16 0.0733145
17 0.0733145
18 0.0733145
19 0.0733145
20 0.0733145
21 0.0733145
22 0.0733145
23 0.0733145
24 0.0733145
25 0.0733145
26 0.0568667
27 0.0568556
28 0.0497663
29 0.0498814
30 0.052981
31 0.0565212
32 0.0479033
33 0.0513264
34 0.0545164
35 0.0471972
36 0.0504694
37 0.0536325
38 0.0469289
39 0.0500399
40 0.0528812
41 0.0470687
42 0.0496992
43 0.0521044
44 0.0548278
45 0.0497861
46 0.0521445
47 0.0542304
48 0.0496473
49 0.051811
50 0.0538436
51 0.0449409
52 0.0423127
53 0.0424546
54 0.040353
55 0.0364985
56 0.0336403
57 0.0332199
58 0.030449
59 0.0290656
60 0.0288093
61 0.0279495
62 0.0257443
63 0.0254867
64 0.0250273
65 0.023465
66 0.0230904
67 0.0226378
68 0.0215044
69 0.021028
70 0.0208483
71 0.0203714
72 0.0194738
73 0.0194664
74 0.0190336
75 0.0183508
76 0.017934
77 0.0177802
78 0.0169754
79 0.0168275
80 0.0165571
81 0.0164113
82 0.0155747
83 0.0156181
84 0.0153664
85 0.0148963
86 0.0147393
87 0.0145399
88 0.0142281
89 0.0140659
90 0.0140108
91 0.013871
92 0.0134742
93 0.0134278
94 0.0133297
95 0.0130722
96 0.0128273
97 0.0128088
98 0.0124939
99 0.0124719
100 0.0123569
101 0.0122641
102 0.0119907
103 0.0119138
104 0.0118488
105 0.0116389
106 0.0115646
107 0.0114523
108 0.0114362
109 0.0112032
110 0.0111486
111 0.0111101
112 0.0109108
113 0.0108786
114 0.0108062
115 0.0106479
116 0.0105225
117 0.0104881
118 0.0104154
119 0.010324
120 0.0102239
121 0.0102435
122 0.0100318
123 0.0100512
124 0.0100219
125 0.00982491
126 0.00977582
127 0.00978613
128 0.00972959
129 0.00958852
130 0.00949978
131 0.00949821
132 0.00934492
133 0.00933717
134 0.0093321
135 0.00920394
136 0.00910392
137 0.0091079
138 0.00913901
139 0.00900877
140 0.00898309
141 0.00890448
142 0.00884075
143 0.00880448
144 0.00871509
145 0.00872157
146 0.00864778
147 0.00862132
148 0.00861089
149 0.00850006
150 0.00848757
151 0.00844334
152 0.00833025
153 0.00831292
154 0.00829017
155 0.00828877
156 0.00820517
157 0.00809718
158 0.00816092
159 0.00807742
160 0.00803007
161 0.0080412
162 0.00790453
163 0.00790113
164 0.00786631
165 0.00791066
166 0.00779785
167 0.0077587
168 0.0077994
169 0.00768314
170 0.00770843
171 0.00766656
172 0.00755568
173 0.007563
174 0.00750815
175 0.00754419
176 0.00745527
177 0.00743343
178 0.00742161
179 0.0073575
180 0.00731834
181 0.00731123
182 0.00730868
183 0.00723571
184 0.00725552
185 0.00723566
186 0.00718141
187 0.00712444
188 0.00718631
189 0.0071075
190 0.00704953
191 0.00707062
192 0.00709426
193 0.00698412
194 0.00696117
195 0.0069614
196 0.0069139
197 0.00689705
198 0.00688144
199 0.00682122
200 0.00683754
201 0.00682771
202 0.00678698
203 0.00669968
204 0.00677422
205 0.00673568
206 0.00665563
207 0.00669596
208 0.0066867
209 0.00661177
210 0.00659691
211 0.0065724
212 0.00658653
213 0.00651458
214 0.00656064
215 0.00651082
216 0.00647248
217 0.00645487
218 0.00647004
219 0.00644784
220 0.0063868
221 0.00636772
222 0.00643268
223 0.00634149
224 0.00631779
225 0.00635289
226 0.00633044
227 0.00626935
228 0.00626752
229 0.00629384
230 0.00623028
231 0.00620104
232 0.00621034
233 0.00617452
234 0.006184
235 0.00615994
236 0.00615568
237 0.00614855
238 0.00614738
239 0.00613318
240 0.00605356
241 0.00604309
242 0.00609272
243 0.00603576
244 0.00601371
245 0.00600943
246 0.00598689
247 0.00595436
248 0.00596179
249 0.00595177
250 0.00593582
251 0.0059399
252 0.00592648
253 0.00589041
254 0.00589397
255 0.00587223
256 0.00586658
257 0.00583488
258 0.00582237
259 0.00584515
260 0.00581304
261 0.00578557
262 0.0057828
263 0.00576713
264 0.00574282
265 0.00574921
266 0.00573508
267 0.00570456
268 0.00570645
269 0.00568418
270 0.00568933
271 0.00564692
272 0.00566878
273 0.005646
274 0.00560477
275 0.00562025
276 0.00560588
277 0.00563038
278 0.00558693
279 0.00554619
280 0.00554417
281 0.00555468
282 0.00555119
283 0.00556168
284 0.00548384
285 0.00553731
286 0.00551069
287 0.0055216
288 0.00548889
289 0.00548137
290 0.00546693
291 0.00544935
292 0.00545592
293 0.00544519
294 0.00546167
295 0.0054333
296 0.00540881
297 0.00539311
298 0.00541819
299 0.00539158
300 0.00535098
301 0.00538891
302 0.00535889
303 0.00538937
304 0.00533122
305 0.00534832
306 0.00530002
307 0.00534437
308 0.00532274
309 0.00529473
310 0.00526936
311 0.00525963
312 0.00522922
313 0.00525606
314 0.00524237
315 0.00528005
316 0.00524438
317 0.00521936
318 0.00522011
319 0.00522149
320 0.00521088
321 0.00516875
322 0.00517071
323 0.00518523
324 0.00518095
325 0.00519458
326 0.00514319
327 0.00515127
328 0.00516028
329 0.00512461
330 0.00518204
331 0.00510698
332 0.0051247
333 0.00510102
334 0.00512145
335 0.00511441
336 0.00510811
337 0.00508932
338 0.0050533
339 0.00505847
340 0.00507246
341 0.00509259
342 0.00503813
343 0.00501411
344 0.00504162
345 0.00503353
346 0.00504629
347 0.00502791
348 0.00500141
349 0.00501462
350 0.00503139
351 0.00501046
352 0.00497493
353 0.00496494
354 0.00498136
355 0.00499265
356 0.00492266
357 0.0049447
358 0.00494266
359 0.00491086
360 0.00494895
361 0.00492009
362 0.0049218
363 0.00488346
364 0.00494487
365 0.00488281
366 0.00490422
367 0.00489197
368 0.00487668
369 0.00488508
370 0.00485218
371 0.0048798
372 0.00486216
373 0.00489879
374 0.00486728
375 0.00487444
376 0.00485356
377 0.00482917
378 0.0048312
379 0.00485126
380 0.00482129
381 0.00482009
382 0.00481656
383 0.00481414
384 0.00483022
385 0.00479443
386 0.00480642
387 0.00481217
388 0.00477276
389 0.00478333
390 0.00477461
391 0.00476627
392 0.00473956
393 0.0047747
394 0.00477987
395 0.00475253
396 0.0047465
397 0.00470187
398 0.00474042
399 0.00473232
400 0.00472389
