1 0.500804
2 0.499759
3 0.500307
4 0.500189
5 0.500274
6 0.500461
7 0.500352
8 0.500322
9 0.500255
10 0.500395
11 0.500282
12 0.500302
13 0.500203
14 0.500292
15 0.50029
16 0.500321
17 0.500213
18 0.500222
19 0.500298
20 0.500364
21 0.500285
22 0.500357
23 0.500231
24 0.500177
25 0.500162
26 0.500868
27 0.5014
28 0.502297
29 0.502982
30 0.503522
31 0.503942
32 0.504666
33 0.50515
34 0.505669
35 0.506281
36 0.506652
37 0.507048
38 0.507518
39 0.507991
40 0.508289
41 0.508688
42 0.509119
43 0.509399
44 0.509587
45 0.509819
46 0.510188
47 0.510322
48 0.510597
49 0.510812
50 0.511023
51 0.511318
52 0.511792
53 0.512174
54 0.512482
55 0.512962
56 0.513403
57 0.513909
58 0.514435
59 0.514892
60 0.515402
61 0.51594
62 0.516417
63 0.516915
64 0.517408
65 0.517883
66 0.518411
67 0.518916
68 0.519411
69 0.519855
70 0.520304
71 0.520801
72 0.521293
73 0.521708
74 0.522156
75 0.522605
76 0.522973
77 0.523472
78 0.523818
79 0.524369
80 0.524713
81 0.525077
82 0.525522
83 0.525933
84 0.526321
85 0.526644
86 0.52706
87 0.527426
88 0.527789
89 0.528158
90 0.528471
91 0.528799
92 0.529175
93 0.529504
94 0.529806
95 0.530138
96 0.530415
97 0.530771
98 0.531069
99 0.531358
100 0.531719
101 0.531975
102 0.532234
103 0.532594
104 0.53279
105 0.533069
106 0.533352
107 0.533655
108 0.533901
109 0.534112
110 0.534465
111 0.534691
112 0.53491
113 0.535134
114 0.535382
115 0.535637
116 0.535902
117 0.536099
118 0.536367
119 0.536545
120 0.536816
121 0.537015
122 0.537252
123 0.53739
124 0.537647
125 0.537848
126 0.538113
127 0.538239
128 0.538527
129 0.538705
130 0.538933
131 0.539067
132 0.539262
133 0.53945
134 0.53965
135 0.539794
136 0.540061
137 0.540195
138 0.540363
139 0.54052
140 0.54064
141 0.540881
142 0.541031
143 0.541206
144 0.541379
145 0.541511
146 0.541672
147 0.541809
148 0.541992
149 0.542197
150 0.542308
151 0.542473
152 0.542584
153 0.542757
154 0.542932
155 0.543047
156 0.543176
157 0.543384
158 0.543497
159 0.543633
160 0.543671
161 0.543886
162 0.544011
163 0.544136
164 0.544266
165 0.54437
166 0.544483
167 0.544636
168 0.54476
169 0.544908
170 0.544946
171 0.54511
172 0.545305
173 0.545367
174 0.545511
175 0.545579
176 0.545706
177 0.545891
178 0.545992
179 0.546031
180 0.546218
181 0.546302
182 0.546363
183 0.546505
184 0.546606
185 0.546728
186 0.546835
187 0.546951
188 0.547022
189 0.547142
190 0.547199
191 0.547345
192 0.547412
193 0.547493
194 0.547634
195 0.547753
196 0.547806
197 0.547936
198 0.548022
199 0.54809
200 0.548217
201 0.548292
202 0.548374
203 0.548486
204 0.548487
205 0.548628
206 0.548721
207 0.548783
208 0.548878
209 0.549
210 0.549107
211 0.549166
212 0.549251
213 0.549374
214 0.549423
215 0.549497
216 0.549579
217 0.549633
218 0.549713
219 0.54977
220 0.54994
221 0.549957
222 0.550019
223 0.550135
224 0.55016
225 0.550268
226 0.550349
227 0.550435
228 0.550503
229 0.550587
230 0.550648
231 0.550678
232 0.550804
233 0.55086
234 0.55092
235 0.551039
236 0.551069
237 0.551104
238 0.55119
239 0.55123
240 0.55136
241 0.55146
242 0.551471
243 0.551539
244 0.551612
245 0.55168
246 0.551733
247 0.551787
248 0.551877
249 0.551947
250 0.551965
251 0.552028
252 0.552113
253 0.552168
254 0.552248
255 0.55224
256 0.552345
257 0.552441
258 0.552482
259 0.55249
260 0.552572
261 0.552674
262 0.5527
263 0.552745
264 0.552843
265 0.552851
266 0.55292
267 0.55296
268 0.553005
269 0.553098
270 0.553132
271 0.553211
272 0.55323
273 0.553323
274 0.553362
275 0.553422
276 0.553466
277 0.553516
278 0.55359
279 0.553653
280 0.553694
281 0.553748
282 0.553788
283 0.553814
284 0.553889
285 0.553896
286 0.553975
287 0.554033
288 0.554055
289 0.554149
290 0.554185
291 0.554225
292 0.554255
293 0.554321
294 0.554342
295 0.554415
296 0.554479
297 0.55451
298 0.554545
299 0.554583
300 0.554623
301 0.554661
302 0.554755
303 0.554778
304 0.554794
305 0.554847
306 0.554889
307 0.554947
308 0.554957
309 0.555021
310 0.555083
311 0.555134
312 0.55517
313 0.555227
314 0.555246
315 0.555237
316 0.555306
317 0.555383
318 0.555425
319 0.555463
320 0.555509
321 0.555547
322 0.555565
323 0.555631
324 0.555649
325 0.555685
326 0.555738
327 0.555754
328 0.555782
329 0.555832
330 0.555837
331 0.555898
332 0.555931
333 0.55599
334 0.55599
335 0.556065
336 0.556075
337 0.556129
338 0.55621
339 0.556202
340 0.556223
341 0.556254
342 0.5563
343 0.556377
344 0.556396
345 0.556411
346 0.556444
347 0.556459
348 0.556508
349 0.556533
350 0.556559
351 0.556615
352 0.556666
353 0.556699
354 0.556737
355 0.556731
356 0.556799
357 0.556855
358 0.556862
359 0.556894
360 0.556903
361 0.556952
362 0.556996
363 0.557049
364 0.55705
365 0.557109
366 0.55714
367 0.55715
368 0.557169
369 0.557229
370 0.557263
371 0.557275
372 0.557313
373 0.557295
374 0.557357
375 0.557352
376 0.55743
377 0.557466
378 0.557474
379 0.557492
380 0.557545
381 0.557536
382 0.557605
383 0.557645
384 0.55765
385 0.557667
386 0.557718
387 0.557711
388 0.557779
389 0.557791
390 0.557808
391 0.557867
392 0.557882
393 0.557883
394 0.557962
395 0.557963
396 0.557983
397 0.558049
398 0.557986
399 0.558056
400 0.558071
