1 1.36136
2 0.761847
3 0.559493
4 0.533553
5 0.584415
6 0.669687
7 0.768937
8 0.874231
9 0.981784
10 1.09281
11 0.737359
12 0.52603
13 0.409254
14 0.353162
15 0.337519
16 0.348774
17 0.377785
18 0.419575
19 0.471725
20 0.533721
21 0.408604
22 0.324224
23 0.270972
24 0.241321
25 0.23011
26 0.219921
27 0.199626
28 0.188398
29 0.180548
30 0.17105
31 0.164379
32 0.160448
33 0.155137
34 0.151046
35 0.147742
36 0.143662
37 0.141025
38 0.138247
39 0.134998
40 0.132312
41 0.129494
42 0.125975
43 0.122526
44 0.119103
45 0.11563
46 0.112375
47 0.110265
48 0.107873
49 0.10534
50 0.103499
51 0.101639
52 0.0992254
53 0.0972992
54 0.0956325
55 0.0935768
56 0.091939
57 0.0903663
58 0.0885616
59 0.0873203
60 0.0861079
61 0.0846224
62 0.0836473
63 0.0825407
64 0.0813507
65 0.0804166
66 0.0794128
67 0.0783802
68 0.077359
69 0.0763177
70 0.0752128
71 0.073905
72 0.0728994
73 0.0718769
74 0.0708262
75 0.0697638
76 0.0687766
77 0.06757
78 0.066557
79 0.0655449
80 0.0645254
81 0.0635864
82 0.0628043
83 0.0618847
84 0.0611379
85 0.0604558
86 0.0597178
87 0.0590495
88 0.0584584
89 0.057794
90 0.057255
91 0.056767
92 0.056212
93 0.0556431
94 0.0550829
95 0.0544543
96 0.0539389
97 0.053343
98 0.0527698
99 0.0522382
100 0.0516795
101 0.0511107
102 0.0505348
103 0.0499858
104 0.0494195
105 0.0489023
106 0.0483808
107 0.0479729
108 0.0474436
109 0.0469786
110 0.0465797
111 0.0461283
112 0.0457584
113 0.0453959
114 0.0450547
115 0.0446987
116 0.0444158
117 0.0440743
118 0.0437738
119 0.0435103
120 0.0431311
121 0.0428266
122 0.0425414
123 0.0422357
124 0.0419035
125 0.0416361
126 0.0413171
127 0.0410274
128 0.0407299
129 0.0404126
130 0.0401293
131 0.0397986
132 0.0395014
133 0.0392001
134 0.0389028
135 0.0386216
136 0.0383528
137 0.0381052
138 0.0378615
139 0.0376254
140 0.0374053
141 0.0371904
142 0.0369385
143 0.0366993
144 0.0365129
145 0.0362905
146 0.0360619
147 0.0358599
148 0.0356874
149 0.0354765
150 0.0352405
151 0.035003
152 0.0348009
153 0.0346294
154 0.0344007
155 0.0341877
156 0.0339687
157 0.0337447
158 0.0335319
159 0.0333114
160 0.0331234
161 0.0329212
162 0.0327452
163 0.0325456
164 0.0323473
165 0.032188
166 0.0319718
167 0.0317875
168 0.0316156
169 0.0314499
170 0.0312574
171 0.0310879
172 0.030934
173 0.030791
174 0.0306152
175 0.0304634
176 0.0302731
177 0.0300958
178 0.0299243
179 0.0297688
180 0.0295782
181 0.0293969
182 0.0292662
183 0.0290874
184 0.028908
185 0.0287298
186 0.0285403
187 0.0284057
188 0.0282193
189 0.0280698
190 0.0279107
191 0.0277693
192 0.0275694
193 0.0274262
194 0.0272682
195 0.0271065
196 0.026966
197 0.0268478
198 0.026703
199 0.0265332
200 0.0264109
201 0.026277
202 0.0261235
203 0.0259975
204 0.0258395
205 0.0257269
206 0.0255826
207 0.0254151
208 0.0252794
209 0.0251391
210 0.0249985
211 0.0248317
212 0.0247128
213 0.0245838
214 0.0244578
215 0.0243449
216 0.0242015
217 0.0240778
218 0.0239268
219 0.0238337
220 0.0236879
221 0.0235643
222 0.0234296
223 0.0233102
224 0.0231925
225 0.0230594
226 0.0229301
227 0.0228085
228 0.02273
229 0.0225851
230 0.0224641
231 0.0223412
232 0.0222097
233 0.0220968
234 0.02196
235 0.0218434
236 0.0217193
237 0.0216076
238 0.0214651
239 0.0213458
240 0.0212468
241 0.0211393
242 0.0210164
243 0.0208814
244 0.0207782
245 0.0206733
246 0.0205378
247 0.0204322
248 0.0203335
249 0.0202026
250 0.0201092
251 0.020019
252 0.0198985
253 0.0197946
254 0.0196906
255 0.0195816
256 0.0194805
257 0.0193643
258 0.0192473
259 0.0191541
260 0.0190558
261 0.0189537
262 0.0188516
263 0.0187576
264 0.018652
265 0.0185469
266 0.018463
267 0.018358
268 0.0182457
269 0.0181537
270 0.0180689
271 0.0179893
272 0.0178896
273 0.0177763
274 0.0176918
275 0.0176314
276 0.0175275
277 0.0174439
278 0.0173225
279 0.0172408
280 0.0171633
281 0.017091
282 0.01699
283 0.0169047
284 0.0168383
285 0.016737
286 0.0166452
287 0.0165681
288 0.0164654
289 0.0164105
290 0.016322
291 0.0162388
292 0.0161658
293 0.0160837
294 0.0160081
295 0.0159166
296 0.0158371
297 0.0157529
298 0.0156816
299 0.0155946
300 0.0155188
301 0.0154454
302 0.0153809
303 0.0153151
304 0.0152337
305 0.0151519
306 0.0150909
307 0.0150186
308 0.0149497
309 0.014884
310 0.01481
311 0.0147557
312 0.0146881
313 0.0146245
314 0.0145446
315 0.0144856
316 0.0144187
317 0.0143537
318 0.0142792
319 0.0142067
320 0.0141304
321 0.0140817
322 0.0140367
323 0.0139714
324 0.0139138
325 0.0138382
326 0.0137765
327 0.0137084
328 0.0136454
329 0.0135777
330 0.0135153
331 0.0134515
332 0.0133963
333 0.0133444
334 0.0132854
335 0.0132159
336 0.0131671
337 0.0130976
338 0.0130485
339 0.0129903
340 0.012946
341 0.0128935
342 0.0128202
343 0.0127752
344 0.0127222
345 0.0126665
346 0.0126251
347 0.0125795
348 0.0125176
349 0.012456
350 0.0124035
351 0.0123651
352 0.0123158
353 0.0122724
354 0.0122312
355 0.0121748
356 0.01211
357 0.0120595
358 0.0120184
359 0.0119737
360 0.0119338
361 0.0118704
362 0.0118222
363 0.0118012
364 0.0117595
365 0.0116966
366 0.0116528
367 0.0116064
368 0.0115611
369 0.0115133
370 0.011472
371 0.011432
372 0.011398
373 0.0113473
374 0.0113087
375 0.0112698
376 0.0112266
377 0.011179
378 0.0111386
379 0.0110988
380 0.0110591
381 0.0110343
382 0.0109849
383 0.0109537
384 0.0109124
385 0.0108779
386 0.010844
387 0.0108086
388 0.0107665
389 0.0107273
390 0.0106967
391 0.0106587
392 0.0106139
393 0.010586
394 0.0105506
395 0.0105081
396 0.0104796
397 0.0104413
398 0.0104107
399 0.0103632
400 0.0103224
