1 0.500366
2 0.500308
3 0.500461
4 0.500479
5 0.500287
6 0.500266
7 0.500243
8 0.500274
9 0.500196
10 0.500129
11 0.500083
12 0.500048
13 0.49997
14 0.499963
15 0.499971
16 0.499962
17 0.499877
18 0.499901
19 0.499866
20 0.499831
21 0.499878
22 0.499874
23 0.49988
24 0.499906
25 0.499929
26 0.499938
27 0.501272
28 0.503171
29 0.505231
30 0.507306
31 0.509317
32 0.511206
33 0.51306
34 0.514752
35 0.516397
36 0.51792
37 0.51938
38 0.520771
39 0.522074
40 0.523355
41 0.524558
42 0.525812
43 0.527107
44 0.528642
45 0.530679
46 0.532649
47 0.534528
48 0.53636
49 0.538129
50 0.539838
51 0.541519
52 0.543206
53 0.544805
54 0.546369
55 0.547875
56 0.549308
57 0.550645
58 0.552054
59 0.553356
60 0.55464
61 0.555875
62 0.557069
63 0.55816
64 0.559276
65 0.560322
66 0.561387
67 0.562352
68 0.563303
69 0.564223
70 0.565139
71 0.565962
72 0.56678
73 0.567633
74 0.568313
75 0.56903
76 0.56971
77 0.570366
78 0.570985
79 0.571531
80 0.572074
81 0.572569
82 0.573015
83 0.573507
84 0.573903
85 0.574193
86 0.574647
87 0.57497
88 0.575276
89 0.575562
90 0.575856
91 0.576074
92 0.576311
93 0.576567
94 0.576715
95 0.576912
96 0.577076
97 0.577219
98 0.577342
99 0.577482
100 0.577582
101 0.577685
102 0.577669
103 0.577775
104 0.577866
105 0.577869
106 0.577883
107 0.577878
108 0.577871
109 0.577857
110 0.57782
111 0.577761
112 0.577704
113 0.577649
114 0.577572
115 0.577495
116 0.577431
117 0.577354
118 0.577264
119 0.577233
120 0.577158
121 0.577095
122 0.577039
123 0.576946
124 0.576887
125 0.576815
126 0.576779
127 0.576675
128 0.576636
129 0.576587
130 0.576536
131 0.576452
132 0.57642
133 0.576364
134 0.576307
135 0.576266
136 0.576223
137 0.576199
138 0.576157
139 0.576133
140 0.576105
141 0.576067
142 0.576053
143 0.576035
144 0.576029
145 0.576034
146 0.576025
147 0.576026
148 0.576023
149 0.576044
150 0.576057
151 0.576089
152 0.576115
153 0.576169
154 0.576212
155 0.576285
156 0.576355
157 0.576429
158 0.576505
159 0.576588
160 0.576689
161 0.576784
162 0.576886
163 0.577015
164 0.577102
165 0.577225
166 0.577354
167 0.577466
168 0.577587
169 0.577711
170 0.577741
171 0.577877
172 0.578151
173 0.578288
174 0.578439
175 0.578583
176 0.578753
177 0.578924
178 0.579131
179 0.579275
180 0.579476
181 0.579676
182 0.579899
183 0.580115
184 0.580313
185 0.580541
186 0.580802
187 0.580982
188 0.58121
189 0.581433
190 0.581676
191 0.581903
192 0.582127
193 0.58236
194 0.582591
195 0.582804
196 0.583045
197 0.583256
198 0.583516
199 0.583742
200 0.583993
201 0.584236
202 0.58448
203 0.584721
204 0.584975
205 0.585182
206 0.585488
207 0.58574
208 0.586013
209 0.586274
210 0.586548
211 0.586782
212 0.587048
213 0.587314
214 0.587573
215 0.58784
216 0.588105
217 0.588362
218 0.588624
219 0.588902
220 0.589141
221 0.589392
222 0.58965
223 0.589907
224 0.590156
225 0.590413
226 0.590656
227 0.590908
228 0.591158
229 0.591407
230 0.59166
231 0.591913
232 0.592168
233 0.592412
234 0.592701
235 0.592937
236 0.593196
237 0.593451
238 0.59372
239 0.593959
240 0.594238
241 0.594509
242 0.594754
243 0.595017
244 0.595273
245 0.595525
246 0.595783
247 0.596037
248 0.596294
249 0.596547
250 0.596787
251 0.597041
252 0.597296
253 0.597541
254 0.597791
255 0.597928
256 0.598302
257 0.598672
258 0.598831
259 0.599071
260 0.599324
261 0.599581
262 0.599835
263 0.600086
264 0.600351
265 0.600609
266 0.600865
267 0.601123
268 0.601388
269 0.601653
270 0.601908
271 0.602181
272 0.602422
273 0.602662
274 0.602937
275 0.603198
276 0.603451
277 0.603703
278 0.603974
279 0.604219
280 0.604481
281 0.604744
282 0.604997
283 0.605263
284 0.605512
285 0.605778
286 0.606035
287 0.606293
288 0.606558
289 0.606814
290 0.607065
291 0.607326
292 0.607589
293 0.607867
294 0.608105
295 0.608362
296 0.608622
297 0.608885
298 0.609138
299 0.609401
300 0.609656
301 0.609913
302 0.610182
303 0.610437
304 0.610689
305 0.610944
306 0.611209
307 0.611508
308 0.611715
309 0.611974
310 0.612224
311 0.612479
312 0.612736
313 0.613
314 0.613244
315 0.613477
316 0.613749
317 0.61399
318 0.614261
319 0.614506
320 0.614764
321 0.615016
322 0.615277
323 0.615528
324 0.615781
325 0.616037
326 0.616307
327 0.616542
328 0.616791
329 0.617031
330 0.617301
331 0.617549
332 0.617797
333 0.618047
334 0.618313
335 0.618555
336 0.618802
337 0.619048
338 0.619305
339 0.619548
340 0.619796
341 0.620076
342 0.620283
343 0.620528
344 0.620778
345 0.621017
346 0.621271
347 0.621506
348 0.621751
349 0.621984
350 0.622233
351 0.622468
352 0.622713
353 0.62295
354 0.623191
355 0.623435
356 0.623672
357 0.623916
358 0.624151
359 0.624381
360 0.624618
361 0.624849
362 0.625089
363 0.625323
364 0.625554
365 0.625787
366 0.626047
367 0.626254
368 0.626486
369 0.626717
370 0.626952
371 0.627185
372 0.62741
373 0.627641
374 0.627873
375 0.628106
376 0.628335
377 0.62856
378 0.628791
379 0.629022
380 0.629245
381 0.629467
382 0.629703
383 0.62993
384 0.630151
385 0.630364
386 0.630604
387 0.630822
388 0.631042
389 0.631268
390 0.631506
391 0.631708
392 0.631928
393 0.632146
394 0.632366
395 0.632579
396 0.632804
397 0.633024
398 0.633216
399 0.633453
400 0.633667
