1 0.5
2 0.353247
3 0.288677
4 0.250111
5 0.223636
6 0.204026
7 0.188854
8 0.176769
9 0.166658
10 0.158164
11 0.152716
12 0.147659
13 0.143136
14 0.138688
15 0.135068
16 0.131404
17 0.12819
18 0.124944
19 0.122163
20 0.119551
21 0.117452
22 0.11585
23 0.114077
24 0.112384
25 0.110821
26 0.10964
27 0.108424
28 0.107326
29 0.106601
30 0.105585
31 0.104631
32 0.103806
33 0.103181
34 0.10286
35 0.102291
36 0.101763
37 0.101422
38 0.101392
39 0.101225
40 0.100931
41 0.100667
42 0.0999296
43 0.0994866
44 0.0992584
45 0.0988002
46 0.0982354
47 0.0978101
48 0.0975599
49 0.0973933
50 0.0970615
51 0.0966812
52 0.0962026
53 0.0959539
54 0.0952247
55 0.0952086
56 0.0948049
57 0.0946646
58 0.0943617
59 0.0938398
60 0.0935631
61 0.0933124
62 0.0929312
63 0.0927832
64 0.0923629
65 0.092824
66 0.0925224
67 0.0925277
68 0.0924081
69 0.0923291
70 0.0922058
71 0.0920412
72 0.0917387
73 0.0912843
74 0.0917033
75 0.0914931
76 0.0916502
77 0.0914241
78 0.0913704
79 0.0913657
80 0.0911335
81 0.0909692
82 0.0912056
83 0.0907708
84 0.0905204
85 0.0909534
86 0.0903104
87 0.0903353
88 0.09032
89 0.0901325
90 0.0899744
91 0.09001
92 0.0897855
93 0.0895537
94 0.0896985
95 0.0895875
96 0.089408
97 0.0893365
98 0.0894713
99 0.0892083
100 0.0891581
101 0.0889106
102 0.0893895
103 0.0888439
104 0.0886952
105 0.0883813
106 0.088222
107 0.0882988
108 0.087901
109 0.0875948
110 0.087797
111 0.0873162
112 0.0872728
113 0.0869564
114 0.086789
115 0.0867931
116 0.0868762
117 0.0867818
118 0.0866512
119 0.0863052
120 0.0861424
121 0.0859795
122 0.0858299
123 0.0858124
124 0.0856287
125 0.0854033
126 0.0851141
127 0.0852549
128 0.0849955
129 0.0849087
130 0.084638
131 0.0846645
132 0.0846168
133 0.0841919
134 0.0842239
135 0.0840667
136 0.0838126
137 0.0837459
138 0.0835198
139 0.0831861
140 0.0834015
141 0.0832049
142 0.0831674
143 0.0831569
144 0.0828177
145 0.0829694
146 0.0827289
147 0.0825717
148 0.082591
149 0.0823648
150 0.0823578
151 0.0822636
152 0.0821491
153 0.0820654
154 0.0820322
155 0.0821218
156 0.0819173
157 0.0818312
158 0.0817891
159 0.0817727
160 0.0816814
161 0.0815877
162 0.0814673
163 0.0813987
164 0.0815987
165 0.0814625
166 0.0813219
167 0.0814133
168 0.0812899
169 0.081304
170 0.0820441
171 0.0819198
172 0.0811489
173 0.0813247
174 0.0814098
175 0.0815665
176 0.0814843
177 0.0814792
178 0.0813408
179 0.081648
180 0.081449
181 0.0813963
182 0.0814815
183 0.0815285
184 0.0815598
185 0.0815282
186 0.0812561
187 0.0819471
188 0.081616
189 0.0817031
190 0.0816921
191 0.081766
192 0.081633
193 0.0820036
194 0.0819482
195 0.0821345
196 0.0821413
197 0.0822624
198 0.0821634
199 0.0822991
200 0.082304
201 0.0823138
202 0.0823415
203 0.0825688
204 0.082317
205 0.0830039
206 0.0824183
207 0.0827199
208 0.0827313
209 0.0825589
210 0.0826045
211 0.0828522
212 0.0828067
213 0.0827062
214 0.083102
215 0.0829931
216 0.0829369
217 0.0830652
218 0.0830444
219 0.0829985
220 0.0833033
221 0.0832605
222 0.0831975
223 0.0832545
224 0.08335
225 0.0831893
226 0.0833818
227 0.0835346
228 0.0835127
229 0.0834916
230 0.0834693
231 0.0835295
232 0.0837246
233 0.0837924
234 0.0836321
235 0.0836544
236 0.0837226
237 0.0836884
238 0.0836653
239 0.0838267
240 0.0837584
241 0.0838432
242 0.0838555
243 0.0838389
244 0.0838956
245 0.0840424
246 0.0839716
247 0.0839297
248 0.0839913
249 0.0839526
250 0.0840509
251 0.0839602
252 0.0839048
253 0.0839737
254 0.0839799
255 0.0847335
256 0.0840555
257 0.083083
258 0.0838723
259 0.0839365
260 0.0838754
261 0.0838628
262 0.0838519
263 0.0840901
264 0.0840534
265 0.0838562
266 0.0839475
267 0.0841347
268 0.084047
269 0.0838443
270 0.0837655
271 0.0837607
272 0.0838999
273 0.083902
274 0.0839583
275 0.0839459
276 0.0837954
277 0.0839192
278 0.0836366
279 0.0838805
280 0.0839302
281 0.0838452
282 0.0838802
283 0.0837482
284 0.0838896
285 0.0837803
286 0.0838649
287 0.0836948
288 0.0836932
289 0.083813
290 0.0839812
291 0.0836569
292 0.0837755
293 0.0836576
294 0.0836368
295 0.0835662
296 0.0836888
297 0.0837061
298 0.0836535
299 0.0837763
300 0.0837043
301 0.0836086
302 0.0836377
303 0.0835978
304 0.0835163
305 0.0837678
306 0.0835614
307 0.0833266
308 0.0836072
309 0.0834354
310 0.0836842
311 0.083513
312 0.0835969
313 0.0835055
314 0.0835757
315 0.0836013
316 0.0835931
317 0.0836518
318 0.0834809
319 0.0836851
320 0.0834172
321 0.0837618
322 0.0834509
323 0.0835114
324 0.0835314
325 0.0834752
326 0.08345
327 0.0834359
328 0.0836291
329 0.0834088
330 0.0835774
331 0.0833793
332 0.0835443
333 0.0835732
334 0.0834029
335 0.0835655
336 0.0833941
337 0.0834884
338 0.083517
339 0.0834365
340 0.0835129
341 0.0834122
342 0.0833906
343 0.0836494
344 0.0835815
345 0.0835364
346 0.0834704
347 0.0835764
348 0.0834734
349 0.0835207
350 0.0835869
351 0.0837064
352 0.0835043
353 0.083492
354 0.0836931
355 0.0836179
356 0.0836375
357 0.0834386
358 0.0835075
359 0.0837164
360 0.0835995
361 0.0836599
362 0.0835295
363 0.0835951
364 0.0836113
365 0.0836701
366 0.0835007
367 0.0835682
368 0.0836573
369 0.0836022
370 0.0835737
371 0.0837023
372 0.0836484
373 0.0836676
374 0.0838354
375 0.0835757
376 0.0836202
377 0.083786
378 0.0836131
379 0.0836357
380 0.0837386
381 0.083682
382 0.0836257
383 0.083708
384 0.0837351
385 0.0836982
386 0.0836868
387 0.0837477
388 0.0837175
389 0.0838414
390 0.0836241
391 0.0837587
392 0.0837463
393 0.0838663
394 0.0837696
395 0.0837977
396 0.0838107
397 0.0837723
398 0.0838981
399 0.0837185
400 0.0837639
