1 0.499666
2 0.499466
3 0.500758
4 0.500082
5 0.50071
6 0.500254
7 0.499983
8 0.50081
9 0.500823
10 0.500472
11 0.500916
12 0.565864
13 0.572983
14 0.596667
15 0.606145
16 0.618021
17 0.626334
18 0.634782
19 0.642106
20 0.648321
21 0.654226
22 0.657869
23 0.663957
24 0.66772
25 0.672902
26 0.676414
27 0.680799
28 0.683985
29 0.687664
30 0.691311
31 0.694794
32 0.697565
33 0.700268
34 0.70336
35 0.706346
36 0.709109
37 0.711663
38 0.714029
39 0.716125
40 0.718783
41 0.72148
42 0.722838
43 0.725081
44 0.727045
45 0.728766
46 0.731306
47 0.732498
48 0.734903
49 0.736654
50 0.738403
51 0.739885
52 0.741804
53 0.742817
54 0.744673
55 0.746314
56 0.747259
57 0.749301
58 0.750717
59 0.752293
60 0.753163
61 0.754434
62 0.756055
63 0.757574
64 0.75903
65 0.759661
66 0.761143
67 0.761888
68 0.763533
69 0.764545
70 0.766056
71 0.766677
72 0.767765
73 0.768866
74 0.770132
75 0.771426
76 0.772242
77 0.772864
78 0.774532
79 0.775209
80 0.776016
81 0.776799
82 0.778009
83 0.77855
84 0.780227
85 0.781006
86 0.781713
87 0.783071
88 0.783368
89 0.783944
90 0.785267
91 0.785985
92 0.787169
93 0.788032
94 0.788388
95 0.789274
96 0.789775
97 0.790968
98 0.792023
99 0.792439
100 0.793171
101 0.793635
102 0.794445
103 0.795417
104 0.79576
105 0.797104
106 0.796918
107 0.797678
108 0.798666
109 0.799729
110 0.799431
111 0.800611
112 0.801602
113 0.802034
114 0.802876
115 0.803043
116 0.803878
117 0.804056
118 0.805105
119 0.805545
120 0.806159
121 0.807133
122 0.807448
123 0.808142
124 0.808609
125 0.8088
126 0.809559
127 0.809915
128 0.810923
129 0.811209
130 0.811771
131 0.812108
132 0.813138
133 0.813563
134 0.813612
135 0.813933
136 0.814852
137 0.815234
138 0.815941
139 0.816426
140 0.816476
141 0.817483
142 0.817093
143 0.818587
144 0.819331
145 0.818756
146 0.81931
147 0.819849
148 0.820304
149 0.820587
150 0.821027
151 0.821628
152 0.82188
153 0.822103
154 0.822995
155 0.823307
156 0.823386
157 0.824165
158 0.824591
159 0.825062
160 0.825569
161 0.825726
162 0.826169
163 0.826296
164 0.827182
165 0.827513
166 0.827537
167 0.828426
168 0.828491
169 0.828531
170 0.829617
171 0.829548
172 0.829436
173 0.830428
174 0.830521
175 0.831224
176 0.831726
177 0.832027
178 0.83163
179 0.832279
180 0.832422
181 0.832964
182 0.833627
183 0.833686
184 0.83385
185 0.834095
186 0.834494
187 0.835051
188 0.83564
189 0.835822
190 0.835658
191 0.836121
192 0.836882
193 0.836733
194 0.837547
195 0.83838
196 0.838272
197 0.838327
198 0.838806
199 0.838748
200 0.839264
201 0.839403
202 0.840208
203 0.839687
204 0.840813
205 0.840416
206 0.841024
207 0.841131
208 0.841743
209 0.841658
210 0.841639
211 0.842362
212 0.842576
213 0.843031
214 0.843354
215 0.843491
216 0.843596
217 0.84421
218 0.844483
219 0.844585
220 0.844889
221 0.845459
222 0.845025
223 0.845492
224 0.845859
225 0.846473
226 0.84626
227 0.846882
228 0.846853
229 0.847456
230 0.847541
231 0.848213
232 0.848065
233 0.848141
234 0.848496
235 0.848823
236 0.848916
237 0.84919
238 0.84947
239 0.849984
240 0.849843
241 0.849922
242 0.850107
243 0.850631
244 0.851194
245 0.851265
246 0.851679
247 0.852198
248 0.85163
249 0.852059
250 0.852207
251 0.852845
252 0.852408
253 0.852877
254 0.853144
255 0.853318
256 0.853733
257 0.854258
258 0.854012
259 0.854457
260 0.854403
261 0.854986
262 0.854976
263 0.855433
264 0.855445
265 0.855386
266 0.85586
267 0.855938
268 0.856217
269 0.856453
270 0.856834
271 0.85697
272 0.857133
273 0.857296
274 0.857664
275 0.857443
276 0.858043
277 0.858254
278 0.857982
279 0.858111
280 0.858724
281 0.859151
282 0.85917
283 0.859004
284 0.85937
285 0.859946
286 0.859826
287 0.860013
288 0.860095
289 0.860452
290 0.86065
291 0.860619
292 0.861111
293 0.861096
294 0.861353
295 0.86148
296 0.861491
297 0.86143
298 0.862201
299 0.862012
300 0.862196
301 0.862172
302 0.862735
303 0.862869
304 0.863261
305 0.863141
306 0.863165
307 0.863977
308 0.863476
309 0.863877
310 0.863877
311 0.864114
312 0.864253
313 0.864959
314 0.864408
315 0.864933
316 0.86545
317 0.865169
318 0.865689
319 0.865862
320 0.865808
321 0.865788
322 0.866145
323 0.866303
324 0.866579
325 0.86646
326 0.866628
327 0.866785
328 0.867087
329 0.867449
330 0.8673
331 0.867512
332 0.867739
333 0.867877
334 0.867977
335 0.868205
336 0.868185
337 0.868332
338 0.868591
339 0.869053
340 0.869321
341 0.869083
342 0.869362
343 0.86964
344 0.869341
345 0.869568
346 0.869789
347 0.870185
348 0.870053
349 0.870581
350 0.87048
351 0.870938
352 0.871075
353 0.871175
354 0.871571
355 0.871512
356 0.871504
357 0.871356
358 0.871347
359 0.87176
360 0.871699
361 0.872379
362 0.872265
363 0.872603
364 0.872399
365 0.873002
366 0.873148
367 0.87307
368 0.873381
369 0.873053
370 0.873544
371 0.873701
372 0.873742
373 0.873578
374 0.874177
375 0.873724
376 0.874381
377 0.873764
378 0.87473
379 0.874714
380 0.87446
381 0.874994
382 0.874685
383 0.875572
384 0.87556
385 0.875377
386 0.875339
387 0.875511
388 0.876159
389 0.87584
390 0.875844
391 0.87629
392 0.876314
393 0.876247
394 0.876432
395 0.876861
396 0.87667
397 0.876401
398 0.877033
399 0.877268
400 0.877235
