1 0.499666
2 0.499566
3 0.499963
4 0.499993
5 0.500136
6 0.500156
7 0.500131
8 0.500216
9 0.500283
10 0.500302
11 0.500359
12 0.505817
13 0.510979
14 0.517103
15 0.523024
16 0.528976
17 0.534695
18 0.540267
19 0.545596
20 0.550759
21 0.555674
22 0.560336
23 0.564821
24 0.569122
25 0.573266
26 0.57724
27 0.581024
28 0.584755
29 0.588286
30 0.591736
31 0.595057
32 0.598261
33 0.601353
34 0.604367
35 0.607252
36 0.610088
37 0.612837
38 0.615497
39 0.618055
40 0.620598
41 0.623071
42 0.62543
43 0.627764
44 0.630024
45 0.632184
46 0.634349
47 0.636461
48 0.638499
49 0.640516
50 0.642471
51 0.644413
52 0.646245
53 0.648038
54 0.649856
55 0.651621
56 0.653317
57 0.654901
58 0.656648
59 0.658301
60 0.659858
61 0.661384
62 0.662914
63 0.664399
64 0.665912
65 0.667331
66 0.668756
67 0.670183
68 0.671541
69 0.672878
70 0.674204
71 0.675529
72 0.676786
73 0.678167
74 0.679316
75 0.680533
76 0.681739
77 0.682938
78 0.684083
79 0.685248
80 0.686387
81 0.6875
82 0.688633
83 0.689679
84 0.69075
85 0.691911
86 0.69286
87 0.693914
88 0.694923
89 0.695867
90 0.6969
91 0.697864
92 0.698864
93 0.699775
94 0.700777
95 0.701692
96 0.702619
97 0.703519
98 0.704443
99 0.70533
100 0.706197
101 0.707059
102 0.708013
103 0.708709
104 0.70963
105 0.710406
106 0.711263
107 0.712081
108 0.712874
109 0.713665
110 0.714428
111 0.715205
112 0.715991
113 0.716773
114 0.717535
115 0.718246
116 0.718994
117 0.719675
118 0.720476
119 0.72116
120 0.72187
121 0.722573
122 0.723245
123 0.723958
124 0.724631
125 0.725305
126 0.725947
127 0.726671
128 0.727299
129 0.727886
130 0.728586
131 0.729236
132 0.729865
133 0.730517
134 0.731125
135 0.731716
136 0.732346
137 0.732949
138 0.733544
139 0.734135
140 0.734712
141 0.735321
142 0.735904
143 0.736473
144 0.737051
145 0.737635
146 0.738134
147 0.738732
148 0.739268
149 0.739838
150 0.740366
151 0.740893
152 0.741431
153 0.74196
154 0.742478
155 0.743017
156 0.743515
157 0.744045
158 0.744555
159 0.745042
160 0.745561
161 0.746052
162 0.746559
163 0.747026
164 0.747537
165 0.748001
166 0.74846
167 0.748949
168 0.749449
169 0.749952
170 0.750494
171 0.750736
172 0.751237
173 0.751739
174 0.752223
175 0.752679
176 0.753127
177 0.753584
178 0.753968
179 0.754441
180 0.75486
181 0.755301
182 0.755704
183 0.756133
184 0.756582
185 0.757001
186 0.757358
187 0.757833
188 0.758235
189 0.75864
190 0.759047
191 0.759463
192 0.759865
193 0.760259
194 0.760661
195 0.76101
196 0.761445
197 0.761823
198 0.76223
199 0.762637
200 0.763005
201 0.763392
202 0.76377
203 0.764144
204 0.764493
205 0.764979
206 0.765253
207 0.765609
208 0.765982
209 0.766367
210 0.76668
211 0.767045
212 0.767428
213 0.767797
214 0.768137
215 0.768487
216 0.768824
217 0.769156
218 0.769523
219 0.769894
220 0.770174
221 0.770543
222 0.770878
223 0.771209
224 0.771546
225 0.77188
226 0.772214
227 0.77252
228 0.772892
229 0.773193
230 0.773518
231 0.773834
232 0.774163
233 0.77445
234 0.774767
235 0.775091
236 0.775412
237 0.775734
238 0.776032
239 0.776334
240 0.776658
241 0.777011
242 0.777247
243 0.777573
244 0.777859
245 0.778142
246 0.778455
247 0.778747
248 0.779039
249 0.779332
250 0.779646
251 0.779937
252 0.780238
253 0.780566
254 0.780875
255 0.781192
256 0.78136
257 0.781522
258 0.781829
259 0.782153
260 0.782445
261 0.782736
262 0.783044
263 0.783311
264 0.783589
265 0.783858
266 0.784154
267 0.784391
268 0.784684
269 0.784942
270 0.785198
271 0.785478
272 0.785731
273 0.785931
274 0.78624
275 0.786506
276 0.786752
277 0.787024
278 0.787273
279 0.787516
280 0.787786
281 0.78803
282 0.788293
283 0.788539
284 0.78881
285 0.789026
286 0.789296
287 0.789544
288 0.789784
289 0.790036
290 0.790284
291 0.790507
292 0.790716
293 0.791044
294 0.791233
295 0.791461
296 0.791706
297 0.791934
298 0.79219
299 0.792401
300 0.79265
301 0.792863
302 0.793096
303 0.793333
304 0.793564
305 0.793781
306 0.794037
307 0.794282
308 0.794444
309 0.794684
310 0.794916
311 0.795142
312 0.795372
313 0.795582
314 0.795806
315 0.795967
316 0.796242
317 0.796452
318 0.796684
319 0.79691
320 0.797113
321 0.797322
322 0.797545
323 0.797747
324 0.797967
325 0.798177
326 0.798371
327 0.798603
328 0.798813
329 0.79903
330 0.799214
331 0.799445
332 0.799623
333 0.799827
334 0.800038
335 0.800246
336 0.800451
337 0.800641
338 0.800842
339 0.801041
340 0.801212
341 0.801326
342 0.801734
343 0.801875
344 0.802053
345 0.802244
346 0.802429
347 0.802622
348 0.802825
349 0.803022
350 0.803215
351 0.803386
352 0.803595
353 0.803771
354 0.803992
355 0.804172
356 0.80434
357 0.804551
358 0.804749
359 0.804907
360 0.805106
361 0.805284
362 0.805477
363 0.80566
364 0.805837
365 0.80605
366 0.80619
367 0.806385
368 0.806575
369 0.806756
370 0.806932
371 0.807112
372 0.807268
373 0.807485
374 0.807656
375 0.807837
376 0.807996
377 0.80817
378 0.808351
379 0.808525
380 0.808702
381 0.808866
382 0.809067
383 0.80926
384 0.809397
385 0.80953
386 0.809715
387 0.809898
388 0.810071
389 0.810251
390 0.810388
391 0.810597
392 0.810752
393 0.81092
394 0.811105
395 0.811249
396 0.811414
397 0.81158
398 0.811759
399 0.811906
400 0.812071
