1 0.499765
2 0.500078
3 0.499874
4 0.499439
5 0.500749
6 0.500643
7 0.500386
8 0.50055
9 0.499966
10 0.500217
11 0.500451
12 0.515118
13 0.516214
14 0.522763
15 0.52342
16 0.52605
17 0.528271
18 0.529174
19 0.530965
20 0.533761
21 0.533541
22 0.534804
23 0.53605
24 0.536732
25 0.538516
26 0.53883
27 0.539107
28 0.540601
29 0.53998
30 0.540605
31 0.542275
32 0.542618
33 0.543105
34 0.543762
35 0.544038
36 0.545263
37 0.544681
38 0.54532
39 0.546648
40 0.546214
41 0.546764
42 0.546916
43 0.547856
44 0.546766
45 0.547892
46 0.548007
47 0.548415
48 0.549348
49 0.550259
50 0.549912
51 0.549218
52 0.550646
53 0.550254
54 0.551096
55 0.550582
56 0.551338
57 0.551166
58 0.551989
59 0.552109
60 0.551613
61 0.552527
62 0.551869
63 0.552413
64 0.552842
65 0.553013
66 0.552596
67 0.554398
68 0.553644
69 0.553461
70 0.55321
71 0.554385
72 0.554474
73 0.554154
74 0.554973
75 0.554785
76 0.555065
77 0.555252
78 0.554722
79 0.55546
80 0.555333
81 0.555368
82 0.554975
83 0.555996
84 0.5558
85 0.556805
86 0.55576
87 0.556627
88 0.556816
89 0.556623
90 0.556314
91 0.55732
92 0.557344
93 0.556897
94 0.55621
95 0.55689
96 0.556456
97 0.557329
98 0.557383
99 0.557847
100 0.557343
101 0.557734
102 0.557951
103 0.558298
104 0.558816
105 0.557996
106 0.558031
107 0.557726
108 0.55868
109 0.558698
110 0.558811
111 0.558748
112 0.558776
113 0.558803
114 0.558415
115 0.559208
116 0.557731
117 0.559596
118 0.559592
119 0.55899
120 0.559639
121 0.559955
122 0.559502
123 0.559507
124 0.560756
125 0.560686
126 0.560362
127 0.559834
128 0.560444
129 0.560094
130 0.559608
131 0.560116
132 0.560229
133 0.559677
134 0.55959
135 0.561039
136 0.560986
137 0.56107
138 0.560518
139 0.560462
140 0.561537
141 0.56115
142 0.560067
143 0.560659
144 0.561385
145 0.561301
146 0.561508
147 0.561377
148 0.561404
149 0.560969
150 0.560798
151 0.56114
152 0.560406
153 0.56092
154 0.561788
155 0.560839
156 0.562274
157 0.561624
158 0.561775
159 0.562609
160 0.561053
161 0.562185
162 0.562065
163 0.562014
164 0.561988
165 0.561293
166 0.561556
167 0.561746
168 0.561495
169 0.562048
170 0.562547
171 0.562478
172 0.562599
173 0.561411
174 0.562442
175 0.562272
176 0.561078
177 0.562663
178 0.561718
179 0.562158
180 0.562497
181 0.562767
182 0.562389
183 0.562633
184 0.562442
185 0.56308
186 0.562778
187 0.563144
188 0.562712
189 0.562854
190 0.563407
191 0.563681
192 0.56267
193 0.563518
194 0.563086
195 0.563517
196 0.563506
197 0.563526
198 0.564163
199 0.563289
200 0.562261
201 0.56407
202 0.5639
203 0.56337
204 0.56351
205 0.564233
206 0.563844
207 0.563785
208 0.564038
209 0.564302
210 0.563878
211 0.564461
212 0.563167
213 0.563078
214 0.564893
215 0.564776
216 0.564532
217 0.563363
218 0.563586
219 0.564206
220 0.563473
221 0.565163
222 0.564374
223 0.564522
224 0.565412
225 0.563622
226 0.565062
227 0.564488
228 0.564285
229 0.563635
230 0.564814
231 0.564785
232 0.563796
233 0.564464
234 0.564831
235 0.56517
236 0.564858
237 0.56483
238 0.565126
239 0.564639
240 0.565223
241 0.564276
242 0.56485
243 0.564037
244 0.564221
245 0.56456
246 0.564566
247 0.565416
248 0.564561
249 0.565708
250 0.56532
251 0.565014
252 0.564367
253 0.564617
254 0.565406
255 0.565117
256 0.566334
257 0.565542
258 0.564612
259 0.565724
260 0.565231
261 0.565298
262 0.564987
263 0.564714
264 0.564579
265 0.564799
266 0.564994
267 0.565453
268 0.565095
269 0.565138
270 0.56501
271 0.56568
272 0.566469
273 0.564895
274 0.564801
275 0.565701
276 0.564843
277 0.564476
278 0.565453
279 0.565767
280 0.565381
281 0.565427
282 0.565193
283 0.565739
284 0.565256
285 0.565352
286 0.565844
287 0.56491
288 0.564465
289 0.566038
290 0.56679
291 0.565944
292 0.565721
293 0.565922
294 0.566025
295 0.565961
296 0.566349
297 0.566009
298 0.565483
299 0.565875
300 0.566787
301 0.567182
302 0.565566
303 0.566083
304 0.565834
305 0.566394
306 0.565459
307 0.565218
308 0.565816
309 0.566244
310 0.565871
311 0.565526
312 0.565699
313 0.567131
314 0.566742
315 0.56672
316 0.565887
317 0.56516
318 0.566218
319 0.565616
320 0.566028
321 0.565754
322 0.566988
323 0.566011
324 0.565481
325 0.566217
326 0.56618
327 0.5667
328 0.566092
329 0.566252
330 0.565958
331 0.565646
332 0.566025
333 0.567734
334 0.565966
335 0.565633
336 0.566496
337 0.566504
338 0.567177
339 0.566437
340 0.566086
341 0.566709
342 0.567209
343 0.565991
344 0.566035
345 0.566264
346 0.566396
347 0.566311
348 0.566422
349 0.567241
350 0.567041
351 0.56714
352 0.566395
353 0.566925
354 0.567001
355 0.566203
356 0.56696
357 0.566343
358 0.566541
359 0.565799
360 0.56626
361 0.567304
362 0.566767
363 0.566772
364 0.565254
365 0.566716
366 0.566895
367 0.566757
368 0.566357
369 0.566938
370 0.565688
371 0.567144
372 0.567507
373 0.566535
374 0.56745
375 0.567276
376 0.567125
377 0.568059
378 0.567144
379 0.566803
380 0.567343
381 0.567779
382 0.566962
383 0.566524
384 0.566681
385 0.56766
386 0.567458
387 0.567495
388 0.566485
389 0.567176
390 0.567272
391 0.567494
392 0.5674
393 0.567714
394 0.566656
395 0.567678
396 0.56698
397 0.567227
398 0.567384
399 0.566684
400 0.567839
