1 0.50031
2 0.50031
3 0.50031
4 0.5
5 0.500186
6 0.500103
7 0.510558
8 0.518334
9 0.528561
10 0.536418
11 0.545076
12 0.552669
13 0.560014
14 0.566976
15 0.573804
16 0.579646
17 0.585872
18 0.590891
19 0.596264
20 0.601055
21 0.606381
22 0.61011
23 0.61479
24 0.618678
25 0.622134
26 0.626078
27 0.629472
28 0.63297
29 0.636195
30 0.639633
31 0.642379
32 0.645494
33 0.648237
34 0.651355
35 0.65383
36 0.656302
37 0.658804
38 0.661085
39 0.663533
40 0.665981
41 0.668443
42 0.670366
43 0.672461
44 0.674602
45 0.676625
46 0.678778
47 0.67992
48 0.681691
49 0.683883
50 0.685497
51 0.687562
52 0.68929
53 0.690851
54 0.692514
55 0.694393
56 0.695488
57 0.69688
58 0.698804
59 0.700051
60 0.701552
61 0.70316
62 0.704304
63 0.705557
64 0.706979
65 0.708437
66 0.709676
67 0.710856
68 0.712557
69 0.71327
70 0.71462
71 0.715891
72 0.716872
73 0.718015
74 0.719252
75 0.721124
76 0.721398
77 0.722563
78 0.72359
79 0.725364
80 0.725394
81 0.726486
82 0.727751
83 0.728797
84 0.729644
85 0.730691
86 0.731527
87 0.732044
88 0.733554
89 0.734384
90 0.735035
91 0.736232
92 0.737186
93 0.738294
94 0.738572
95 0.739446
96 0.740871
97 0.741374
98 0.74205
99 0.742697
100 0.743629
101 0.744609
102 0.745759
103 0.745661
104 0.746661
105 0.747612
106 0.74817
107 0.748969
108 0.749553
109 0.750029
110 0.75136
111 0.751862
112 0.752617
113 0.75327
114 0.753903
115 0.754526
116 0.755554
117 0.755965
118 0.756238
119 0.757255
120 0.758064
121 0.758438
122 0.759098
123 0.759809
124 0.760711
125 0.76065
126 0.761332
127 0.76179
128 0.763267
129 0.763142
130 0.763849
131 0.764837
132 0.764833
133 0.765294
134 0.76617
135 0.766918
136 0.767663
137 0.767827
138 0.767891
139 0.768566
140 0.769618
141 0.769888
142 0.770281
143 0.771288
144 0.771546
145 0.772122
146 0.772136
147 0.772883
148 0.773461
149 0.774191
150 0.774467
151 0.775318
152 0.775318
153 0.775939
154 0.776608
155 0.776574
156 0.77711
157 0.777858
158 0.778198
159 0.778618
160 0.779304
161 0.779158
162 0.780372
163 0.780216
164 0.780822
165 0.781241
166 0.781224
167 0.781594
168 0.782727
169 0.782489
170 0.783239
171 0.783907
172 0.78437
173 0.78481
174 0.785067
175 0.785588
176 0.785931
177 0.786305
178 0.786688
179 0.786952
180 0.787524
181 0.788083
182 0.788083
183 0.788559
184 0.788927
185 0.789549
186 0.789714
187 0.790438
188 0.790826
189 0.790563
190 0.791393
191 0.791504
192 0.791936
193 0.792483
194 0.792862
195 0.793033
196 0.7935
197 0.794114
198 0.794115
199 0.79443
200 0.794354
201 0.795005
202 0.795547
203 0.795591
204 0.795928
205 0.796769
206 0.797269
207 0.797266
208 0.798062
209 0.797472
210 0.798287
211 0.798622
212 0.798665
213 0.798982
214 0.799312
215 0.799767
216 0.79974
217 0.800137
218 0.8011
219 0.800782
220 0.800621
221 0.801391
222 0.802294
223 0.802114
224 0.802651
225 0.802555
226 0.803344
227 0.803092
228 0.803451
229 0.804059
230 0.803946
231 0.804864
232 0.804457
233 0.805504
234 0.805761
235 0.80567
236 0.805932
237 0.8063
238 0.806391
239 0.807228
240 0.806894
241 0.807501
242 0.807453
243 0.808249
244 0.80843
245 0.808147
246 0.808613
247 0.809228
248 0.809067
249 0.809914
250 0.809707
251 0.810128
252 0.810238
253 0.81098
254 0.81103
255 0.811404
256 0.810868
257 0.811745
258 0.811685
259 0.811799
260 0.812124
261 0.812536
262 0.813168
263 0.813007
264 0.813358
265 0.813203
266 0.813748
267 0.814115
268 0.814266
269 0.814583
270 0.815033
271 0.815159
272 0.815385
273 0.815291
274 0.816323
275 0.816109
276 0.8161
277 0.81624
278 0.816284
279 0.816763
280 0.817092
281 0.81689
282 0.817492
283 0.817654
284 0.817741
285 0.817821
286 0.818627
287 0.818184
288 0.818786
289 0.819306
290 0.81889
291 0.819135
292 0.819824
293 0.820254
294 0.819986
295 0.819941
296 0.820499
297 0.820924
298 0.821091
299 0.820705
300 0.820851
301 0.821961
302 0.821913
303 0.822235
304 0.822039
305 0.822609
306 0.822596
307 0.822675
308 0.822904
309 0.82308
310 0.823664
311 0.823075
312 0.824166
313 0.823836
314 0.823973
315 0.824015
316 0.824346
317 0.824933
318 0.825098
319 0.825006
320 0.825366
321 0.82549
322 0.825529
323 0.826151
324 0.826124
325 0.826159
326 0.825928
327 0.826981
328 0.826969
329 0.827113
330 0.827449
331 0.827114
332 0.827135
333 0.827783
334 0.82831
335 0.8282
336 0.828174
337 0.828221
338 0.828305
339 0.829327
340 0.828857
341 0.829018
342 0.829336
343 0.829431
344 0.829611
345 0.82969
346 0.829996
347 0.83014
348 0.830332
349 0.830801
350 0.831012
351 0.830577
352 0.831347
353 0.831245
354 0.831385
355 0.831449
356 0.831739
357 0.831952
358 0.832199
359 0.832139
360 0.832666
361 0.83225
362 0.832856
363 0.833536
364 0.833108
365 0.833161
366 0.833377
367 0.833565
368 0.834025
369 0.833905
370 0.833993
371 0.834253
372 0.834494
373 0.8341
374 0.834439
375 0.834629
376 0.834882
377 0.835081
378 0.835147
379 0.835774
380 0.835737
381 0.835919
382 0.836008
383 0.835967
384 0.836103
385 0.836197
386 0.836488
387 0.83663
388 0.836791
389 0.836795
390 0.836891
391 0.837051
392 0.837283
393 0.837838
394 0.837573
395 0.837373
396 0.837842
397 0.838267
398 0.838235
399 0.838518
400 0.838351
