1 0.573362
2 0.573434
3 0.603893
4 0.608954
5 0.630044
6 0.634885
7 0.651721
8 0.653265
9 0.667663
10 0.669809
11 0.679413
12 0.682854
13 0.689787
14 0.694176
15 0.699576
16 0.702391
17 0.707844
18 0.711147
19 0.716186
20 0.718177
21 0.722701
22 0.724347
23 0.728403
24 0.731707
25 0.734427
26 0.736095
27 0.739023
28 0.741307
29 0.744064
30 0.745833
31 0.748278
32 0.751113
33 0.752455
34 0.754986
35 0.756737
36 0.758564
37 0.76093
38 0.7626
39 0.764122
40 0.766268
41 0.768142
42 0.769843
43 0.771079
44 0.7727
45 0.774108
46 0.775669
47 0.77652
48 0.777435
49 0.779242
50 0.780679
51 0.782432
52 0.783603
53 0.784895
54 0.786287
55 0.787846
56 0.788318
57 0.789712
58 0.790835
59 0.792189
60 0.793097
61 0.79473
62 0.795561
63 0.796125
64 0.796399
65 0.798286
66 0.798952
67 0.799942
68 0.801543
69 0.802041
70 0.803181
71 0.804
72 0.80451
73 0.80556
74 0.80632
75 0.808342
76 0.807997
77 0.809096
78 0.809784
79 0.811576
80 0.811327
81 0.812425
82 0.812877
83 0.813512
84 0.814306
85 0.815066
86 0.815715
87 0.816064
88 0.81755
89 0.818228
90 0.818051
91 0.818967
92 0.820343
93 0.821136
94 0.82091
95 0.82172
96 0.823106
97 0.823321
98 0.823823
99 0.824125
100 0.82511
101 0.8258
102 0.826465
103 0.826664
104 0.827288
105 0.827995
106 0.828382
107 0.828809
108 0.829396
109 0.829344
110 0.830764
111 0.830782
112 0.831707
113 0.832208
114 0.832534
115 0.832986
116 0.834129
117 0.833697
118 0.833872
119 0.835438
120 0.835893
121 0.836329
122 0.836523
123 0.837088
124 0.838121
125 0.837704
126 0.838015
127 0.838404
128 0.840025
129 0.839714
130 0.840348
131 0.840861
132 0.840641
133 0.841246
134 0.841618
135 0.842524
136 0.843171
137 0.842944
138 0.843282
139 0.843344
140 0.844704
141 0.844981
142 0.844697
143 0.845548
144 0.845705
145 0.846416
146 0.846172
147 0.846361
148 0.846878
149 0.847743
150 0.848259
151 0.848604
152 0.848428
153 0.849257
154 0.849892
155 0.849659
156 0.849685
157 0.850452
158 0.850875
159 0.850962
160 0.851543
161 0.851249
162 0.852911
163 0.852196
164 0.852503
165 0.853173
166 0.85283
167 0.85295
168 0.853954
169 0.853357
170 0.854138
171 0.855217
172 0.855632
173 0.855847
174 0.85586
175 0.856426
176 0.856343
177 0.856847
178 0.856907
179 0.856892
180 0.857439
181 0.85819
182 0.858176
183 0.858312
184 0.858355
185 0.858941
186 0.859124
187 0.859591
188 0.860053
189 0.859882
190 0.860346
191 0.86047
192 0.86073
193 0.861187
194 0.861445
195 0.861788
196 0.861804
197 0.862633
198 0.862203
199 0.862582
200 0.862217
201 0.86266
202 0.863533
203 0.863632
204 0.863685
205 0.864131
206 0.864872
207 0.86451
208 0.865331
209 0.864465
210 0.865564
211 0.865672
212 0.865646
213 0.865603
214 0.866175
215 0.866452
216 0.86608
217 0.866498
218 0.86777
219 0.867105
220 0.866861
221 0.867629
222 0.868344
223 0.868159
224 0.868573
225 0.868549
226 0.869084
227 0.868869
228 0.868825
229 0.869501
230 0.869545
231 0.870221
232 0.869638
233 0.870631
234 0.870683
235 0.870772
236 0.870752
237 0.871124
238 0.871115
239 0.871915
240 0.871732
241 0.872147
242 0.871638
243 0.872464
244 0.872699
245 0.872585
246 0.872741
247 0.873466
248 0.873119
249 0.873908
250 0.873232
251 0.873788
252 0.873851
253 0.87474
254 0.874632
255 0.87471
256 0.874335
257 0.875035
258 0.875047
259 0.874814
260 0.875435
261 0.875785
262 0.876458
263 0.875749
264 0.876172
265 0.876139
266 0.876338
267 0.876849
268 0.877145
269 0.877339
270 0.877528
271 0.87763
272 0.877761
273 0.877499
274 0.878556
275 0.878475
276 0.87814
277 0.878359
278 0.877998
279 0.878795
280 0.878873
281 0.878524
282 0.878977
283 0.879112
284 0.879067
285 0.879176
286 0.880092
287 0.87953
288 0.879979
289 0.880703
290 0.880128
291 0.88005
292 0.880943
293 0.881175
294 0.880854
295 0.881077
296 0.881522
297 0.88164
298 0.881998
299 0.881211
300 0.881267
301 0.882626
302 0.882595
303 0.882786
304 0.882515
305 0.882957
306 0.882532
307 0.882812
308 0.883179
309 0.883248
310 0.883551
311 0.882761
312 0.884027
313 0.883717
314 0.883954
315 0.883761
316 0.883862
317 0.884427
318 0.884573
319 0.884418
320 0.884705
321 0.884705
322 0.884769
323 0.885711
324 0.885189
325 0.885416
326 0.885041
327 0.885888
328 0.885997
329 0.8861
330 0.886509
331 0.885784
332 0.885826
333 0.886707
334 0.887121
335 0.886814
336 0.886744
337 0.88663
338 0.886804
339 0.887817
340 0.88724
341 0.887462
342 0.887336
343 0.88756
344 0.887562
345 0.887554
346 0.887954
347 0.888008
348 0.888309
349 0.888749
350 0.888795
351 0.888374
352 0.889162
353 0.888677
354 0.889046
355 0.889079
356 0.889373
357 0.889323
358 0.88976
359 0.889423
360 0.89
361 0.889306
362 0.889993
363 0.890818
364 0.890153
365 0.890203
366 0.890236
367 0.890605
368 0.891098
369 0.890423
370 0.890949
371 0.891269
372 0.891469
373 0.890579
374 0.891122
375 0.891191
376 0.891291
377 0.891515
378 0.891755
379 0.891968
380 0.892223
381 0.892092
382 0.892199
383 0.892316
384 0.892325
385 0.892322
386 0.89265
387 0.892567
388 0.892765
389 0.89276
390 0.892835
391 0.892852
392 0.89316
393 0.893517
394 0.89323
395 0.893039
396 0.893457
397 0.893746
398 0.893755
399 0.894086
400 0.893929
