1 0.332797
2 0.332797
3 0.332797
4 0.332797
5 0.332797
6 0.332797
7 0.332797
8 0.332797
9 0.332797
10 0.332797
11 0.332797
12 0.332797
13 0.332797
14 0.332797
15 0.332797
16 0.332797
17 0.332797
18 0.332797
19 0.332797
20 0.332797
21 0.332797
22 0.332797
23 0.332797
24 0.332797
25 0.332797
26 0.457941
27 0.449379
28 0.482846
29 0.476137
30 0.493724
31 0.487782
32 0.499569
33 0.494954
34 0.503449
35 0.499414
36 0.506131
37 0.502718
38 0.507986
39 0.505005
40 0.50975
41 0.506448
42 0.511153
43 0.508115
44 0.511653
45 0.509165
46 0.512057
47 0.510226
48 0.513111
49 0.510876
50 0.513627
51 0.584112
52 0.607873
53 0.633475
54 0.638582
55 0.650051
56 0.654898
57 0.662545
58 0.664945
59 0.670105
60 0.672214
61 0.675669
62 0.677194
63 0.681866
64 0.683135
65 0.685436
66 0.686301
67 0.688137
68 0.688345
69 0.689903
70 0.690656
71 0.693144
72 0.693125
73 0.69541
74 0.695684
75 0.69569
76 0.713909
77 0.73683
78 0.757257
79 0.770463
80 0.779501
81 0.788207
82 0.796364
83 0.802566
84 0.808385
85 0.812091
86 0.817044
87 0.820211
88 0.823261
89 0.827735
90 0.830458
91 0.832951
92 0.834344
93 0.83662
94 0.839034
95 0.840476
96 0.842574
97 0.844452
98 0.846137
99 0.847474
100 0.848367
101 0.85058
102 0.851369
103 0.852902
104 0.854311
105 0.856023
106 0.857362
107 0.859138
108 0.859928
109 0.860803
110 0.86173
111 0.863148
112 0.864309
113 0.865207
114 0.866166
115 0.867254
116 0.868103
117 0.869058
118 0.869875
119 0.870576
120 0.870968
121 0.872254
122 0.872409
123 0.873788
124 0.874384
125 0.875397
126 0.876086
127 0.876306
128 0.877145
129 0.877794
130 0.878776
131 0.879771
132 0.880023
133 0.880536
134 0.881108
135 0.881811
136 0.882541
137 0.883043
138 0.883727
139 0.883774
140 0.88445
141 0.885467
142 0.885916
143 0.886326
144 0.886583
145 0.887519
146 0.888034
147 0.888288
148 0.889276
149 0.889593
150 0.890138
151 0.890441
152 0.890884
153 0.891503
154 0.892124
155 0.892474
156 0.892551
157 0.893405
158 0.893533
159 0.894121
160 0.894264
161 0.894809
162 0.895215
163 0.895399
164 0.895815
165 0.896142
166 0.897324
167 0.897217
168 0.897906
169 0.898841
170 0.8984
171 0.899154
172 0.899474
173 0.899891
174 0.900039
175 0.899911
176 0.901016
177 0.901197
178 0.901462
179 0.901944
180 0.902519
181 0.902733
182 0.902527
183 0.903062
184 0.903752
185 0.904054
186 0.903659
187 0.904265
188 0.904636
189 0.904671
190 0.904812
191 0.90564
192 0.906255
193 0.906045
194 0.907035
195 0.9066
196 0.907323
197 0.907147
198 0.907366
199 0.908271
200 0.907927
201 0.908372
202 0.908922
203 0.908785
204 0.909462
205 0.909589
206 0.909628
207 0.910214
208 0.910128
209 0.910617
210 0.910655
211 0.910797
212 0.910984
213 0.911601
214 0.911589
215 0.911575
216 0.912391
217 0.91213
218 0.912499
219 0.912451
220 0.912993
221 0.913055
222 0.913458
223 0.91378
224 0.914345
225 0.913485
226 0.914441
227 0.914056
228 0.914708
229 0.915217
230 0.914848
231 0.915514
232 0.915631
233 0.915607
234 0.915774
235 0.916053
236 0.916803
237 0.916065
238 0.916627
239 0.91687
240 0.917039
241 0.917581
242 0.917582
243 0.91779
244 0.91771
245 0.918051
246 0.918246
247 0.918247
248 0.918684
249 0.918508
250 0.918813
251 0.91928
252 0.919301
253 0.918904
254 0.919159
255 0.919682
256 0.919855
257 0.920032
258 0.920711
259 0.920521
260 0.920801
261 0.920565
262 0.920403
263 0.92157
264 0.921458
265 0.921257
266 0.921829
267 0.921523
268 0.922072
269 0.921873
270 0.922241
271 0.922572
272 0.922471
273 0.922722
274 0.922432
275 0.92293
276 0.923303
277 0.922694
278 0.922848
279 0.9236
280 0.923495
281 0.92372
282 0.923579
283 0.923662
284 0.924224
285 0.924562
286 0.924708
287 0.924339
288 0.924521
289 0.924741
290 0.925065
291 0.925241
292 0.925168
293 0.924899
294 0.925435
295 0.9259
296 0.926076
297 0.925863
298 0.925702
299 0.926231
300 0.925943
301 0.92593
302 0.926181
303 0.926504
304 0.927096
305 0.926562
306 0.926653
307 0.926877
308 0.927156
309 0.927512
310 0.92758
311 0.927562
312 0.927911
313 0.92766
314 0.928215
315 0.928053
316 0.928121
317 0.928197
318 0.928541
319 0.928487
320 0.928598
321 0.929151
322 0.928824
323 0.928904
324 0.929024
325 0.929578
326 0.929365
327 0.929675
328 0.929618
329 0.929597
330 0.929918
331 0.93003
332 0.930065
333 0.930298
334 0.929892
335 0.930057
336 0.930339
337 0.930425
338 0.930782
339 0.930519
340 0.930953
341 0.930742
342 0.93124
343 0.93113
344 0.931219
345 0.931272
346 0.931539
347 0.931526
348 0.931589
349 0.931932
350 0.931853
351 0.931535
352 0.932159
353 0.932294
354 0.931848
355 0.932348
356 0.932351
357 0.932862
358 0.93279
359 0.932753
360 0.932416
361 0.932594
362 0.933157
363 0.933552
364 0.933023
365 0.933029
366 0.933544
367 0.933566
368 0.933637
369 0.933418
370 0.933895
371 0.933571
372 0.933797
373 0.934001
374 0.933787
375 0.934315
376 0.933819
377 0.933953
378 0.934471
379 0.934423
380 0.934438
381 0.934468
382 0.934404
383 0.935112
384 0.935044
385 0.935025
386 0.934867
387 0.935267
388 0.935317
389 0.93527
390 0.935091
391 0.935467
392 0.935561
393 0.935355
394 0.935182
395 0.935717
396 0.935808
397 0.936112
398 0.936506
399 0.93623
400 0.936203
