1 0.332797
2 0.332797
3 0.332797
4 0.332797
5 0.332797
6 0.332797
7 0.332797
8 0.332797
9 0.332797
10 0.332797
11 0.332797
12 0.332797
13 0.332797
14 0.332797
15 0.332797
16 0.332797
17 0.332797
18 0.332797
19 0.332797
20 0.332797
21 0.332797
22 0.332797
23 0.332797
24 0.332797
25 0.332797
26 0.337596
27 0.341747
28 0.347376
29 0.351893
30 0.35711
31 0.36124
32 0.366005
33 0.369811
34 0.373936
35 0.377592
36 0.381471
37 0.384842
38 0.387817
39 0.390475
40 0.39303
41 0.395733
42 0.398216
43 0.400789
44 0.403353
45 0.405374
46 0.407829
47 0.410142
48 0.41166
49 0.413314
50 0.414786
51 0.417691
52 0.421414
53 0.425242
54 0.428844
55 0.432281
56 0.435656
57 0.439307
58 0.443208
59 0.446063
60 0.449387
61 0.452703
62 0.455979
63 0.458137
64 0.460744
65 0.463507
66 0.466217
67 0.46871
68 0.471123
69 0.473854
70 0.476191
71 0.477991
72 0.4806
73 0.482218
74 0.484444
75 0.485966
76 0.488399
77 0.491027
78 0.49314
79 0.496034
80 0.49839
81 0.5009
82 0.503958
83 0.506993
84 0.509268
85 0.512213
86 0.515225
87 0.518113
88 0.520315
89 0.523246
90 0.526055
91 0.528898
92 0.531415
93 0.534499
94 0.537475
95 0.539986
96 0.542314
97 0.544946
98 0.547567
99 0.55014
100 0.552485
101 0.555277
102 0.557977
103 0.560313
104 0.562544
105 0.564786
106 0.567146
107 0.569839
108 0.572139
109 0.574217
110 0.576519
111 0.578897
112 0.58085
113 0.583224
114 0.585244
115 0.587511
116 0.589597
117 0.591824
118 0.593981
119 0.596142
120 0.597715
121 0.599758
122 0.601822
123 0.604326
124 0.605926
125 0.60803
126 0.610046
127 0.611328
128 0.613552
129 0.615263
130 0.617105
131 0.619055
132 0.62057
133 0.622331
134 0.624091
135 0.626006
136 0.627683
137 0.629227
138 0.630918
139 0.632499
140 0.634035
141 0.635891
142 0.637709
143 0.638993
144 0.640694
145 0.6423
146 0.643806
147 0.64525
148 0.646953
149 0.64857
150 0.649966
151 0.651377
152 0.652759
153 0.654155
154 0.655672
155 0.657013
156 0.658415
157 0.659933
158 0.66107
159 0.662558
160 0.663646
161 0.665203
162 0.666446
163 0.667595
164 0.6689
165 0.670225
166 0.671974
167 0.672764
168 0.674327
169 0.675546
170 0.676324
171 0.677808
172 0.678925
173 0.68001
174 0.68138
175 0.682214
176 0.683942
177 0.684723
178 0.685777
179 0.687095
180 0.688446
181 0.689385
182 0.690189
183 0.691523
184 0.692581
185 0.693805
186 0.694546
187 0.695655
188 0.696842
189 0.697725
190 0.698421
191 0.699681
192 0.700862
193 0.701544
194 0.703002
195 0.703447
196 0.70476
197 0.705385
198 0.706466
199 0.707638
200 0.708401
201 0.709484
202 0.710493
203 0.711096
204 0.712444
205 0.71307
206 0.71406
207 0.715094
208 0.715869
209 0.716773
210 0.717533
211 0.718321
212 0.719189
213 0.72021
214 0.720632
215 0.721498
216 0.722675
217 0.723274
218 0.724122
219 0.724789
220 0.725724
221 0.726469
222 0.727171
223 0.728309
224 0.729128
225 0.729331
226 0.730572
227 0.730941
228 0.732059
229 0.733095
230 0.733518
231 0.734349
232 0.735168
233 0.735792
234 0.736446
235 0.737259
236 0.738287
237 0.738403
238 0.739261
239 0.740032
240 0.740513
241 0.74162
242 0.742187
243 0.742949
244 0.74337
245 0.744209
246 0.744932
247 0.74543
248 0.746187
249 0.746631
250 0.747411
251 0.748262
252 0.748511
253 0.74926
254 0.749609
255 0.750822
256 0.751233
257 0.751701
258 0.752868
259 0.752962
260 0.753965
261 0.754076
262 0.754694
263 0.755727
264 0.756248
265 0.756629
266 0.757569
267 0.757637
268 0.758538
269 0.758945
270 0.759564
271 0.760401
272 0.760711
273 0.761209
274 0.76166
275 0.762328
276 0.763172
277 0.763388
278 0.763851
279 0.764557
280 0.765202
281 0.765588
282 0.766109
283 0.766591
284 0.767349
285 0.768014
286 0.768523
287 0.768729
288 0.769329
289 0.769755
290 0.770551
291 0.771005
292 0.771393
293 0.771621
294 0.772464
295 0.773044
296 0.773648
297 0.773826
298 0.774136
299 0.774903
300 0.775087
301 0.77567
302 0.776058
303 0.776664
304 0.777318
305 0.777299
306 0.77768
307 0.778494
308 0.779099
309 0.77957
310 0.780107
311 0.780564
312 0.781048
313 0.781194
314 0.781757
315 0.782191
316 0.782493
317 0.783072
318 0.783613
319 0.783974
320 0.784232
321 0.784967
322 0.785136
323 0.785512
324 0.786001
325 0.786595
326 0.78691
327 0.787378
328 0.78778
329 0.78815
330 0.78873
331 0.789109
332 0.789503
333 0.789987
334 0.790104
335 0.790681
336 0.791144
337 0.791427
338 0.791796
339 0.79187
340 0.792682
341 0.792688
342 0.793467
343 0.793743
344 0.79415
345 0.794536
346 0.795144
347 0.795255
348 0.79555
349 0.796233
350 0.796498
351 0.796515
352 0.797051
353 0.797624
354 0.797733
355 0.79835
356 0.79861
357 0.799047
358 0.799366
359 0.79978
360 0.799728
361 0.800115
362 0.800884
363 0.801444
364 0.801324
365 0.801554
366 0.802244
367 0.802458
368 0.803045
369 0.802963
370 0.803619
371 0.803734
372 0.804113
373 0.80458
374 0.804812
375 0.805416
376 0.805384
377 0.80562
378 0.806286
379 0.806518
380 0.806867
381 0.807033
382 0.807254
383 0.807947
384 0.808302
385 0.808456
386 0.808647
387 0.809237
388 0.809447
389 0.809388
390 0.809762
391 0.810373
392 0.810627
393 0.810724
394 0.810998
395 0.81137
396 0.811751
397 0.81232
398 0.812799
399 0.812813
400 0.813092
