1 0.499713
2 0.499996
3 0.499871
4 0.500079
5 0.499901
6 0.499822
7 0.502001
8 0.505143
9 0.507928
10 0.510234
11 0.512288
12 0.514034
13 0.51611
14 0.518164
15 0.520466
16 0.52285
17 0.525113
18 0.52739
19 0.529485
20 0.531607
21 0.533703
22 0.535588
23 0.537484
24 0.539369
25 0.541215
26 0.542969
27 0.544535
28 0.546234
29 0.547868
30 0.549306
31 0.550848
32 0.552363
33 0.553733
34 0.55494
35 0.55619
36 0.557586
37 0.55877
38 0.56002
39 0.56123
40 0.562371
41 0.563386
42 0.564651
43 0.565601
44 0.566753
45 0.567624
46 0.568789
47 0.569582
48 0.570543
49 0.571546
50 0.572493
51 0.573331
52 0.57411
53 0.574993
54 0.575974
55 0.576974
56 0.577669
57 0.578437
58 0.579157
59 0.580059
60 0.580799
61 0.581642
62 0.582408
63 0.583118
64 0.583805
65 0.584598
66 0.585284
67 0.585979
68 0.586603
69 0.587175
70 0.587825
71 0.588521
72 0.589146
73 0.589984
74 0.590406
75 0.590985
76 0.59154
77 0.592293
78 0.59286
79 0.593387
80 0.593958
81 0.594539
82 0.595014
83 0.595641
84 0.596256
85 0.596613
86 0.597213
87 0.597778
88 0.598409
89 0.598681
90 0.59928
91 0.599844
92 0.600389
93 0.600858
94 0.601181
95 0.601708
96 0.602253
97 0.602762
98 0.603099
99 0.603597
100 0.604021
101 0.604537
102 0.604855
103 0.605244
104 0.605726
105 0.60614
106 0.606727
107 0.60703
108 0.607502
109 0.607858
110 0.608285
111 0.608652
112 0.60895
113 0.609485
114 0.609848
115 0.610208
116 0.610554
117 0.610823
118 0.611192
119 0.611769
120 0.612035
121 0.612452
122 0.612857
123 0.613078
124 0.613499
125 0.613812
126 0.6142
127 0.614457
128 0.614803
129 0.615191
130 0.615481
131 0.61588
132 0.616257
133 0.616525
134 0.616843
135 0.617041
136 0.617478
137 0.617769
138 0.618081
139 0.618425
140 0.618667
141 0.618937
142 0.61944
143 0.619602
144 0.619879
145 0.620239
146 0.620521
147 0.620781
148 0.621113
149 0.621345
150 0.62152
151 0.621901
152 0.622174
153 0.622563
154 0.62285
155 0.623025
156 0.623222
157 0.623522
158 0.623712
159 0.624126
160 0.624341
161 0.624505
162 0.624747
163 0.625022
164 0.625279
165 0.625532
166 0.625878
167 0.626056
168 0.626332
169 0.62657
170 0.626656
171 0.626905
172 0.627238
173 0.627451
174 0.627777
175 0.627954
176 0.628237
177 0.628411
178 0.628581
179 0.62896
180 0.629105
181 0.629319
182 0.629519
183 0.629699
184 0.62991
185 0.630249
186 0.630292
187 0.630551
188 0.630906
189 0.631026
190 0.631241
191 0.631513
192 0.631714
193 0.631773
194 0.632028
195 0.632187
196 0.632422
197 0.632569
198 0.632877
199 0.633071
200 0.633267
201 0.633396
202 0.63364
203 0.633833
204 0.634037
205 0.634185
206 0.634413
207 0.634647
208 0.634754
209 0.634926
210 0.635107
211 0.635347
212 0.63551
213 0.635754
214 0.63592
215 0.636144
216 0.636227
217 0.636461
218 0.636694
219 0.636836
220 0.636988
221 0.63719
222 0.637367
223 0.63748
224 0.637634
225 0.637941
226 0.638024
227 0.638195
228 0.638368
229 0.638531
230 0.638608
231 0.638914
232 0.638996
233 0.639079
234 0.639314
235 0.639494
236 0.639749
237 0.639767
238 0.640034
239 0.640128
240 0.640333
241 0.640436
242 0.640485
243 0.64071
244 0.640908
245 0.64087
246 0.641154
247 0.64142
248 0.641512
249 0.641752
250 0.641753
251 0.641767
252 0.642034
253 0.642216
254 0.642356
255 0.642435
256 0.642667
257 0.642888
258 0.642847
259 0.643059
260 0.643303
261 0.643356
262 0.643477
263 0.643624
264 0.643837
265 0.643932
266 0.644025
267 0.644222
268 0.644316
269 0.644483
270 0.644599
271 0.644687
272 0.644803
273 0.644853
274 0.645096
275 0.645249
276 0.645406
277 0.645474
278 0.645758
279 0.645771
280 0.645927
281 0.645984
282 0.646103
283 0.646245
284 0.64632
285 0.646437
286 0.646636
287 0.646727
288 0.646857
289 0.646996
290 0.647081
291 0.647266
292 0.647449
293 0.647503
294 0.647561
295 0.647802
296 0.647885
297 0.648005
298 0.648121
299 0.648259
300 0.648325
301 0.648443
302 0.648526
303 0.648654
304 0.648809
305 0.648972
306 0.649044
307 0.649243
308 0.649198
309 0.649407
310 0.64954
311 0.649605
312 0.649744
313 0.649891
314 0.650003
315 0.649966
316 0.650197
317 0.650214
318 0.650318
319 0.650533
320 0.650587
321 0.65069
322 0.650785
323 0.650985
324 0.651062
325 0.651033
326 0.651196
327 0.651273
328 0.651384
329 0.65157
330 0.651725
331 0.651768
332 0.651881
333 0.65186
334 0.651995
335 0.652132
336 0.652273
337 0.652334
338 0.652479
339 0.65254
340 0.652669
341 0.652843
342 0.652786
343 0.653049
344 0.653073
345 0.653143
346 0.653228
347 0.653324
348 0.653492
349 0.653565
350 0.653654
351 0.653706
352 0.653806
353 0.653951
354 0.653973
355 0.654084
356 0.654205
357 0.654155
358 0.65432
359 0.654394
360 0.654537
361 0.654626
362 0.654752
363 0.654796
364 0.65498
365 0.655079
366 0.655141
367 0.655308
368 0.655198
369 0.655332
370 0.65543
371 0.655557
372 0.655592
373 0.655756
374 0.65573
375 0.65587
376 0.655957
377 0.655989
378 0.656141
379 0.656215
380 0.656247
381 0.656425
382 0.65652
383 0.656555
384 0.656569
385 0.656691
386 0.656815
387 0.65688
388 0.657005
389 0.65707
390 0.657179
391 0.657244
392 0.657343
393 0.657428
394 0.657434
395 0.657434
396 0.657553
397 0.657745
398 0.657725
399 0.657902
400 0.657936
