1 0.219984
2 0.219984
3 0.219984
4 0.219984
5 0.219984
6 0.219984
7 0.203259
8 0.194982
9 0.190829
10 0.188802
11 0.187715
12 0.187175
13 0.179382
14 0.173604
15 0.167811
16 0.163065
17 0.15882
18 0.155642
19 0.151927
20 0.148824
21 0.145567
22 0.142808
23 0.140295
24 0.1379
25 0.13569
26 0.133467
27 0.131462
28 0.129713
29 0.128006
30 0.126289
31 0.124652
32 0.12303
33 0.121526
34 0.120198
35 0.118835
36 0.117375
37 0.116126
38 0.114687
39 0.113392
40 0.112286
41 0.111039
42 0.109928
43 0.108703
44 0.107637
45 0.10664
46 0.105481
47 0.104525
48 0.103504
49 0.102418
50 0.10149
51 0.100437
52 0.0997724
53 0.0988089
54 0.0978037
55 0.0968091
56 0.0960061
57 0.095075
58 0.0946106
59 0.0937125
60 0.0927868
61 0.0920884
62 0.0913849
63 0.0906414
64 0.0897415
65 0.0890297
66 0.0884148
67 0.0878134
68 0.0872382
69 0.0865123
70 0.0858409
71 0.0852095
72 0.0845926
73 0.0838417
74 0.0833251
75 0.0828658
76 0.0823258
77 0.081615
78 0.081104
79 0.0805352
80 0.0800022
81 0.0794593
82 0.0788767
83 0.0784369
84 0.0779712
85 0.0775004
86 0.0769561
87 0.076512
88 0.0759351
89 0.0756864
90 0.0751899
91 0.0746609
92 0.0740916
93 0.0737015
94 0.0734924
95 0.0729655
96 0.0724718
97 0.0719819
98 0.0716679
99 0.0712754
100 0.0708046
101 0.0704199
102 0.070074
103 0.0698018
104 0.0694231
105 0.0690804
106 0.068516
107 0.0682647
108 0.06796
109 0.0676448
110 0.0672041
111 0.0667288
112 0.0666176
113 0.0662254
114 0.0658383
115 0.0655963
116 0.0653442
117 0.0650533
118 0.0647156
119 0.0642255
120 0.0640303
121 0.0636843
122 0.0633613
123 0.0631113
124 0.0627979
125 0.0626786
126 0.0622215
127 0.0620513
128 0.0617902
129 0.0615037
130 0.0612452
131 0.0607961
132 0.0605745
133 0.060453
134 0.0600828
135 0.0599627
136 0.0595496
137 0.0593832
138 0.0591164
139 0.0587467
140 0.0586808
141 0.0584217
142 0.0579426
143 0.0578642
144 0.0576134
145 0.05741
146 0.0571004
147 0.0568791
148 0.0566676
149 0.0565711
150 0.0564239
151 0.0561149
152 0.0558102
153 0.0555297
154 0.055285
155 0.0551724
156 0.0550559
157 0.0548761
158 0.0546342
159 0.0543462
160 0.0541102
161 0.0540651
162 0.05382
163 0.0536533
164 0.0534111
165 0.0532766
166 0.0529888
167 0.0529193
168 0.0526404
169 0.0524287
170 0.0523143
171 0.0520293
172 0.0519578
173 0.0517876
174 0.0515604
175 0.0514449
176 0.0512368
177 0.0510622
178 0.0509269
179 0.050677
180 0.0505516
181 0.0503265
182 0.0502108
183 0.0501415
184 0.0499118
185 0.0496863
186 0.0497464
187 0.0494254
188 0.0491412
189 0.0491119
190 0.0489794
191 0.0487072
192 0.0486375
193 0.0485648
194 0.0483486
195 0.0482362
196 0.0480423
197 0.0479338
198 0.0477529
199 0.0475305
200 0.047449
201 0.0473507
202 0.0472318
203 0.0470462
204 0.0468493
205 0.0467472
206 0.0465879
207 0.0464194
208 0.0464306
209 0.0462687
210 0.0461825
211 0.0459613
212 0.0458131
213 0.0456433
214 0.0455197
215 0.0453595
216 0.0453774
217 0.0451235
218 0.0449829
219 0.0448796
220 0.0447581
221 0.044657
222 0.0445271
223 0.0444139
224 0.0442779
225 0.0440511
226 0.0439771
227 0.0438624
228 0.0438062
229 0.0436418
230 0.0436198
231 0.0432947
232 0.0433243
233 0.0432418
234 0.0431133
235 0.0429622
236 0.0427158
237 0.0427251
238 0.0425669
239 0.0424723
240 0.0424034
241 0.0423759
242 0.042283
243 0.0421482
244 0.0419308
245 0.0420327
246 0.0417967
247 0.0415773
248 0.0415084
249 0.0413792
250 0.0413687
251 0.0414093
252 0.0411785
253 0.040974
254 0.0409971
255 0.0407861
256 0.0407042
257 0.0406849
258 0.0406327
259 0.0404406
260 0.0402414
261 0.0402921
262 0.0402146
263 0.0401325
264 0.039916
265 0.039854
266 0.0397998
267 0.0396111
268 0.0395971
269 0.0394932
270 0.0394198
271 0.0393756
272 0.0392455
273 0.0392436
274 0.0390886
275 0.0389715
276 0.0388864
277 0.0388137
278 0.0385878
279 0.03861
280 0.0384997
281 0.0384549
282 0.0383852
283 0.0383509
284 0.0381886
285 0.0381535
286 0.0380208
287 0.0379244
288 0.0379102
289 0.0378218
290 0.037695
291 0.0375955
292 0.0374698
293 0.0374435
294 0.0374209
295 0.0372471
296 0.0371665
297 0.0370205
298 0.0369483
299 0.0368962
300 0.0368803
301 0.0368276
302 0.036768
303 0.0367023
304 0.0366456
305 0.036409
306 0.0363728
307 0.0363006
308 0.0363013
309 0.036139
310 0.0361137
311 0.0360457
312 0.0359168
313 0.03578
314 0.0357758
315 0.0357518
316 0.035672
317 0.0356126
318 0.0355938
319 0.0354177
320 0.0353663
321 0.0352982
322 0.0352557
323 0.035109
324 0.0350819
325 0.0350569
326 0.0350427
327 0.0349683
328 0.0348162
329 0.0347127
330 0.0346628
331 0.0346236
332 0.0345407
333 0.0345046
334 0.0344466
335 0.0343688
336 0.034258
337 0.0342263
338 0.0340756
339 0.0340967
340 0.0339947
341 0.0338617
342 0.0340123
343 0.033727
344 0.0336842
345 0.0336695
346 0.0336551
347 0.0335421
348 0.0334545
349 0.033413
350 0.0333847
351 0.0333145
352 0.033224
353 0.0331657
354 0.0331563
355 0.0330431
356 0.0329774
357 0.0330539
358 0.032925
359 0.0328386
360 0.0327828
361 0.0327396
362 0.0326343
363 0.0326054
364 0.032524
365 0.0323991
366 0.0324169
367 0.032225
368 0.0323474
369 0.0323074
370 0.0321992
371 0.0321209
372 0.0321009
373 0.0318971
374 0.0320218
375 0.0319551
376 0.0318563
377 0.0318251
378 0.0317252
379 0.0316874
380 0.0317036
381 0.0315083
382 0.0315002
383 0.0314723
384 0.0314925
385 0.0313458
386 0.0312707
387 0.0312471
388 0.0311421
389 0.031142
390 0.0310783
391 0.0310187
392 0.0308983
393 0.0308503
394 0.0308831
395 0.0309198
396 0.0308484
397 0.0306636
398 0.0306603
399 0.0306108
400 0.0306107
