1 0.066719
2 0.066719
3 0.0666586
4 0.066614
5 0.0664951
6 0.0665075
7 0.0687978
8 0.0715462
9 0.074082
10 0.0762897
11 0.0781688
12 0.079929
13 0.0822371
14 0.0846044
15 0.0871868
16 0.0901452
17 0.0928528
18 0.0956776
19 0.0984875
20 0.101372
21 0.104214
22 0.106632
23 0.109703
24 0.112198
25 0.114789
26 0.11748
27 0.120088
28 0.122615
29 0.124942
30 0.127232
31 0.129443
32 0.131832
33 0.133996
34 0.135991
35 0.138022
36 0.140347
37 0.142395
38 0.144616
39 0.146419
40 0.148427
41 0.150449
42 0.152513
43 0.154082
44 0.156443
45 0.158011
46 0.160273
47 0.161379
48 0.163479
49 0.165362
50 0.167157
51 0.168992
52 0.170351
53 0.172186
54 0.173916
55 0.175911
56 0.177221
57 0.179319
58 0.180298
59 0.18203
60 0.183716
61 0.185614
62 0.186979
63 0.188636
64 0.190041
65 0.19198
66 0.193263
67 0.19461
68 0.195977
69 0.197054
70 0.198506
71 0.200228
72 0.201563
73 0.203398
74 0.204852
75 0.205656
76 0.207173
77 0.209094
78 0.21067
79 0.211378
80 0.212888
81 0.214127
82 0.215427
83 0.216774
84 0.218109
85 0.219362
86 0.220272
87 0.222157
88 0.223318
89 0.224241
90 0.22565
91 0.226932
92 0.228473
93 0.229688
94 0.230151
95 0.231691
96 0.23321
97 0.234322
98 0.235792
99 0.23655
100 0.237803
101 0.239346
102 0.239984
103 0.240861
104 0.242255
105 0.243
106 0.244879
107 0.245709
108 0.246847
109 0.247752
110 0.249004
111 0.249792
112 0.250261
113 0.252154
114 0.252755
115 0.253436
116 0.254773
117 0.255549
118 0.257264
119 0.258517
120 0.259316
121 0.259913
122 0.261121
123 0.261873
124 0.263198
125 0.263611
126 0.264644
127 0.265761
128 0.266386
129 0.267649
130 0.268661
131 0.269848
132 0.270932
133 0.271469
134 0.272961
135 0.27312
136 0.274518
137 0.275277
138 0.276413
139 0.277278
140 0.278188
141 0.278911
142 0.280235
143 0.281288
144 0.281945
145 0.282626
146 0.283351
147 0.284619
148 0.285647
149 0.285688
150 0.286269
151 0.287542
152 0.288738
153 0.289933
154 0.290942
155 0.29173
156 0.291947
157 0.292627
158 0.293315
159 0.294663
160 0.295743
161 0.295878
162 0.296502
163 0.297391
164 0.298525
165 0.299222
166 0.300092
167 0.300918
168 0.302028
169 0.302626
170 0.303099
171 0.304144
172 0.304688
173 0.305828
174 0.306574
175 0.307246
176 0.308029
177 0.308559
178 0.30923
179 0.310427
180 0.310497
181 0.311644
182 0.312137
183 0.312334
184 0.313621
185 0.314339
186 0.314365
187 0.31567
188 0.316853
189 0.316957
190 0.317855
191 0.318543
192 0.318999
193 0.319429
194 0.320437
195 0.321216
196 0.321919
197 0.321873
198 0.323095
199 0.324081
200 0.325013
201 0.325017
202 0.325685
203 0.326331
204 0.327262
205 0.327946
206 0.328786
207 0.329567
208 0.32944
209 0.330621
210 0.33057
211 0.331724
212 0.332656
213 0.333375
214 0.334228
215 0.334619
216 0.334717
217 0.335797
218 0.336832
219 0.337311
220 0.337754
221 0.338641
222 0.33926
223 0.339365
224 0.340223
225 0.341252
226 0.341311
227 0.342147
228 0.342365
229 0.342799
230 0.34313
231 0.344731
232 0.345081
233 0.345271
234 0.346336
235 0.346865
236 0.347603
237 0.347444
238 0.34894
239 0.349155
240 0.350128
241 0.35017
242 0.350243
243 0.351168
244 0.352221
245 0.351587
246 0.352669
247 0.353637
248 0.354504
249 0.355164
250 0.355179
251 0.355309
252 0.35666
253 0.357148
254 0.357035
255 0.358479
256 0.358572
257 0.358809
258 0.358613
259 0.360109
260 0.361203
261 0.361629
262 0.361601
263 0.362334
264 0.36328
265 0.363062
266 0.364117
267 0.364812
268 0.364906
269 0.365436
270 0.365609
271 0.366208
272 0.366591
273 0.366798
274 0.367716
275 0.368461
276 0.369152
277 0.369495
278 0.370056
279 0.370751
280 0.37127
281 0.37154
282 0.371488
283 0.372074
284 0.372535
285 0.372889
286 0.373722
287 0.37456
288 0.374626
289 0.37511
290 0.376017
291 0.376281
292 0.37745
293 0.377092
294 0.377627
295 0.37829
296 0.378787
297 0.379477
298 0.379847
299 0.38038
300 0.380596
301 0.381311
302 0.381298
303 0.381664
304 0.382585
305 0.383092
306 0.383471
307 0.384525
308 0.384311
309 0.384945
310 0.38517
311 0.385589
312 0.386533
313 0.387363
314 0.387773
315 0.387507
316 0.388016
317 0.388091
318 0.388711
319 0.389935
320 0.389957
321 0.390359
322 0.390479
323 0.391505
324 0.392169
325 0.39174
326 0.392068
327 0.392716
328 0.393305
329 0.394285
330 0.394721
331 0.394482
332 0.395132
333 0.395291
334 0.395551
335 0.396339
336 0.397164
337 0.397139
338 0.397881
339 0.397988
340 0.39849
341 0.400086
342 0.398802
343 0.400332
344 0.400582
345 0.401038
346 0.401359
347 0.40178
348 0.402352
349 0.402297
350 0.403093
351 0.403233
352 0.403538
353 0.403897
354 0.404356
355 0.405049
356 0.405601
357 0.404538
358 0.405733
359 0.406138
360 0.406641
361 0.407217
362 0.407512
363 0.408006
364 0.40865
365 0.409248
366 0.408995
367 0.409882
368 0.409466
369 0.409951
370 0.410563
371 0.411064
372 0.411166
373 0.411972
374 0.411614
375 0.412762
376 0.412802
377 0.413308
378 0.414022
379 0.413794
380 0.413952
381 0.415297
382 0.41523
383 0.415442
384 0.415089
385 0.415843
386 0.416605
387 0.416993
388 0.417805
389 0.417775
390 0.418505
391 0.41873
392 0.419503
393 0.419656
394 0.419281
395 0.419278
396 0.420013
397 0.421163
398 0.420667
399 0.421578
400 0.421506
