1 0.5
2 0.353718
3 0.288847
4 0.263654
5 0.246677
6 0.237173
7 0.232322
8 0.229018
9 0.226505
10 0.225465
11 0.224378
12 0.223252
13 0.22263
14 0.22214
15 0.221402
16 0.220682
17 0.220165
18 0.219585
19 0.218946
20 0.218357
21 0.217887
22 0.217352
23 0.216841
24 0.216459
25 0.216102
26 0.21569
27 0.215159
28 0.214524
29 0.213777
30 0.213171
31 0.212752
32 0.212314
33 0.211943
34 0.211628
35 0.211322
36 0.211066
37 0.210581
38 0.210231
39 0.20992
40 0.209701
41 0.209461
42 0.20922
43 0.209047
44 0.208854
45 0.208658
46 0.20849
47 0.20832
48 0.208179
49 0.208034
50 0.207904
51 0.207752
52 0.207598
53 0.207456
54 0.207314
55 0.207179
56 0.207047
57 0.206925
58 0.20679
59 0.206644
60 0.206503
61 0.206389
62 0.206207
63 0.206013
64 0.20588
65 0.20573
66 0.205613
67 0.205475
68 0.205358
69 0.205236
70 0.205128
71 0.205014
72 0.204916
73 0.204827
74 0.204727
75 0.204615
76 0.204496
77 0.204327
78 0.204185
79 0.204062
80 0.20396
81 0.203861
82 0.203761
83 0.203663
84 0.203576
85 0.203499
86 0.203421
87 0.203323
88 0.203141
89 0.203006
90 0.202915
91 0.202844
92 0.202779
93 0.202711
94 0.202641
95 0.202589
96 0.202541
97 0.202398
98 0.202249
99 0.202152
100 0.202054
101 0.201984
102 0.201924
103 0.201871
104 0.201826
105 0.201731
106 0.201615
107 0.201528
108 0.201472
109 0.201411
110 0.201361
111 0.201315
112 0.201279
113 0.201179
114 0.201073
115 0.200996
116 0.200942
117 0.200898
118 0.200859
119 0.200822
120 0.200738
121 0.20063
122 0.200566
123 0.200516
124 0.200474
125 0.200432
126 0.2004
127 0.200316
128 0.200225
129 0.200153
130 0.200095
131 0.200051
132 0.200015
133 0.199983
134 0.199951
135 0.199927
136 0.199904
137 0.199879
138 0.199857
139 0.199835
140 0.199815
141 0.199791
142 0.199767
143 0.199748
144 0.199735
145 0.199726
146 0.199713
147 0.199697
148 0.199677
149 0.199653
150 0.199635
151 0.199621
152 0.199604
153 0.199586
154 0.19957
155 0.199554
156 0.199537
157 0.199518
158 0.199507
159 0.19949
160 0.199476
161 0.199466
162 0.199452
163 0.199441
164 0.19943
165 0.199415
166 0.199396
167 0.199381
168 0.199364
169 0.199349
170 0.199334
171 0.199321
172 0.19931
173 0.199304
174 0.199289
175 0.199278
176 0.199266
177 0.199256
178 0.199242
179 0.199229
180 0.199209
181 0.199194
182 0.199178
183 0.199165
184 0.199149
185 0.199137
186 0.199124
187 0.199116
188 0.199106
189 0.199096
190 0.199084
191 0.199074
192 0.199062
193 0.199045
194 0.199031
195 0.199018
196 0.199003
197 0.19899
198 0.198977
199 0.198963
200 0.198952
201 0.198941
202 0.198924
203 0.198911
204 0.1989
205 0.19889
206 0.198877
207 0.19887
208 0.198862
209 0.198854
210 0.198843
211 0.198833
212 0.198817
213 0.198804
214 0.19879
215 0.198778
216 0.198766
217 0.198756
218 0.198749
219 0.198741
220 0.198732
221 0.198723
222 0.198715
223 0.198703
224 0.198696
225 0.198688
226 0.198676
227 0.198665
228 0.198653
229 0.198642
230 0.198634
231 0.198626
232 0.198616
233 0.198603
234 0.198593
235 0.198581
236 0.198572
237 0.198561
238 0.198551
239 0.198541
240 0.19853
241 0.19852
242 0.19851
243 0.198501
244 0.198489
245 0.19848
246 0.198469
247 0.198461
248 0.198453
249 0.198445
250 0.198435
251 0.198429
252 0.198418
253 0.19841
254 0.198401
255 0.198394
256 0.198386
257 0.198376
258 0.198371
259 0.19836
260 0.198351
261 0.198341
262 0.198331
263 0.198325
264 0.198317
265 0.198305
266 0.198298
267 0.198289
268 0.198277
269 0.198267
270 0.198257
271 0.198249
272 0.19824
273 0.198232
274 0.198226
275 0.198221
276 0.19821
277 0.198201
278 0.198191
279 0.198183
280 0.198174
281 0.198165
282 0.198157
283 0.198148
284 0.198138
285 0.198129
286 0.198121
287 0.198113
288 0.198105
289 0.1981
290 0.198093
291 0.198086
292 0.198077
293 0.198066
294 0.198058
295 0.198047
296 0.198039
297 0.198033
298 0.198027
299 0.198022
300 0.198017
301 0.198011
302 0.198007
303 0.198001
304 0.197992
305 0.197984
306 0.197978
307 0.197969
308 0.197959
309 0.19795
310 0.197943
311 0.197936
312 0.197927
313 0.197922
314 0.197916
315 0.197905
316 0.197899
317 0.197892
318 0.197888
319 0.19788
320 0.197875
321 0.197867
322 0.197858
323 0.19785
324 0.197843
325 0.197838
326 0.197829
327 0.197826
328 0.19782
329 0.197812
330 0.197805
331 0.197801
332 0.197794
333 0.197788
334 0.19778
335 0.197773
336 0.197765
337 0.197758
338 0.197752
339 0.197745
340 0.197737
341 0.197732
342 0.197726
343 0.19772
344 0.197713
345 0.197705
346 0.197699
347 0.19769
348 0.197684
349 0.197679
350 0.197673
351 0.197666
352 0.197656
353 0.197649
354 0.197643
355 0.197639
356 0.197632
357 0.197627
358 0.197621
359 0.197613
360 0.197606
361 0.197599
362 0.197592
363 0.197586
364 0.19758
365 0.197575
366 0.19757
367 0.197566
368 0.197561
369 0.197555
370 0.197552
371 0.197545
372 0.197538
373 0.197529
374 0.197523
375 0.197518
376 0.197512
377 0.197505
378 0.197499
379 0.197492
380 0.197489
381 0.197484
382 0.197476
383 0.19747
384 0.197463
385 0.197456
386 0.19745
387 0.197442
388 0.197436
389 0.197431
390 0.197425
391 0.19742
392 0.197415
393 0.197411
394 0.197404
395 0.197398
396 0.197394
397 0.19739
398 0.197385
399 0.19738
400 0.197376
