1 0.5
2 0.408163
3 0.372509
4 0.353454
5 0.341501
6 0.333094
7 0.327024
8 0.322658
9 0.318931
10 0.316068
11 0.313577
12 0.311592
13 0.309858
14 0.308262
15 0.307095
16 0.305911
17 0.304998
18 0.303955
19 0.303274
20 0.302586
21 0.301839
22 0.301274
23 0.300798
24 0.300182
25 0.299783
26 0.294147
27 0.28825
28 0.283764
29 0.279583
30 0.275626
31 0.271857
32 0.268868
33 0.26634
34 0.264089
35 0.261877
36 0.260095
37 0.258432
38 0.257055
39 0.255937
40 0.254939
41 0.25387
42 0.253105
43 0.252443
44 0.251826
45 0.251287
46 0.250939
47 0.250403
48 0.250175
49 0.249975
50 0.249775
51 0.249488
52 0.249063
53 0.248523
54 0.248035
55 0.247623
56 0.247103
57 0.246654
58 0.246206
59 0.245625
60 0.245133
61 0.244777
62 0.244329
63 0.243903
64 0.243364
65 0.243213
66 0.242838
67 0.242489
68 0.242128
69 0.241898
70 0.241528
71 0.241212
72 0.240894
73 0.240641
74 0.240561
75 0.240247
76 0.240082
77 0.239759
78 0.239602
79 0.239511
80 0.239211
81 0.23906
82 0.238789
83 0.238763
84 0.238494
85 0.238334
86 0.238373
87 0.238105
88 0.238047
89 0.23788
90 0.237789
91 0.237695
92 0.237576
93 0.237411
94 0.237278
95 0.237176
96 0.237041
97 0.237049
98 0.236961
99 0.236859
100 0.236685
101 0.236666
102 0.236541
103 0.236533
104 0.236482
105 0.236374
106 0.236346
107 0.23625
108 0.236175
109 0.236094
110 0.236095
111 0.236049
112 0.23601
113 0.235876
114 0.23585
115 0.235816
116 0.235783
117 0.235813
118 0.235726
119 0.235597
120 0.235579
121 0.235585
122 0.235561
123 0.235506
124 0.235462
125 0.235395
126 0.235396
127 0.23543
128 0.235293
129 0.235318
130 0.235248
131 0.235278
132 0.235193
133 0.235127
134 0.235215
135 0.235148
136 0.235203
137 0.235102
138 0.235069
139 0.235045
140 0.235022
141 0.235043
142 0.235024
143 0.234928
144 0.234936
145 0.234976
146 0.234999
147 0.234843
148 0.234884
149 0.234924
150 0.234827
151 0.234793
152 0.234925
153 0.234802
154 0.234772
155 0.2348
156 0.234716
157 0.23474
158 0.234746
159 0.234722
160 0.234695
161 0.234696
162 0.23471
163 0.234691
164 0.234656
165 0.23467
166 0.234665
167 0.234683
168 0.234569
169 0.23452
170 0.234523
171 0.234708
172 0.234521
173 0.234518
174 0.234582
175 0.234539
176 0.234563
177 0.234518
178 0.234574
179 0.234556
180 0.234551
181 0.234487
182 0.234523
183 0.234534
184 0.234518
185 0.234477
186 0.2345
187 0.234517
188 0.234436
189 0.2345
190 0.234458
191 0.234502
192 0.234379
193 0.234457
194 0.234491
195 0.234554
196 0.234427
197 0.234466
198 0.23447
199 0.234418
200 0.234431
201 0.234395
202 0.234421
203 0.234377
204 0.234434
205 0.234314
206 0.234422
207 0.234371
208 0.234378
209 0.234392
210 0.234335
211 0.234379
212 0.234352
213 0.234344
214 0.234336
215 0.234387
216 0.234346
217 0.234295
218 0.234317
219 0.234375
220 0.23436
221 0.234364
222 0.234345
223 0.234394
224 0.234314
225 0.23436
226 0.234351
227 0.234427
228 0.234323
229 0.234318
230 0.234298
231 0.234348
232 0.234357
233 0.234379
234 0.234343
235 0.234281
236 0.23436
237 0.234334
238 0.234256
239 0.234366
240 0.234346
241 0.234253
242 0.234305
243 0.234332
244 0.234312
245 0.234278
246 0.2343
247 0.234299
248 0.234306
249 0.234315
250 0.234301
251 0.234284
252 0.234321
253 0.234256
254 0.234332
255 0.234199
256 0.234354
257 0.234411
258 0.234346
259 0.23431
260 0.234317
261 0.234265
262 0.234308
263 0.234307
264 0.234291
265 0.234313
266 0.234309
267 0.234373
268 0.234348
269 0.234296
270 0.234295
271 0.234292
272 0.234291
273 0.234354
274 0.234269
275 0.234267
276 0.234297
277 0.234286
278 0.234286
279 0.234314
280 0.234311
281 0.234254
282 0.234323
283 0.234306
284 0.234348
285 0.234283
286 0.23433
287 0.234283
288 0.234266
289 0.234311
290 0.234339
291 0.234306
292 0.234317
293 0.234281
294 0.234253
295 0.234318
296 0.234277
297 0.234353
298 0.234301
299 0.234299
300 0.234341
301 0.234267
302 0.234276
303 0.234257
304 0.234291
305 0.234305
306 0.234318
307 0.234223
308 0.234319
309 0.234279
310 0.234292
311 0.234272
312 0.234304
313 0.234318
314 0.234247
315 0.234346
316 0.234384
317 0.234305
318 0.234335
319 0.234293
320 0.234221
321 0.234323
322 0.234289
323 0.234307
324 0.23435
325 0.234297
326 0.234256
327 0.234288
328 0.234316
329 0.234287
330 0.234311
331 0.234283
332 0.23431
333 0.234318
334 0.234352
335 0.234286
336 0.234309
337 0.234303
338 0.234321
339 0.234324
340 0.234316
341 0.234378
342 0.234269
343 0.234287
344 0.234292
345 0.2343
346 0.23427
347 0.234343
348 0.234272
349 0.234313
350 0.234307
351 0.234349
352 0.23432
353 0.234311
354 0.234324
355 0.234295
356 0.234342
357 0.234308
358 0.234341
359 0.234304
360 0.234299
361 0.23434
362 0.23431
363 0.234288
364 0.234291
365 0.234302
366 0.234299
367 0.234306
368 0.234314
369 0.234307
370 0.234339
371 0.234316
372 0.234299
373 0.23428
374 0.234324
375 0.234308
376 0.234327
377 0.234313
378 0.234298
379 0.23427
380 0.234353
381 0.234323
382 0.234289
383 0.234311
384 0.234308
385 0.234331
386 0.234344
387 0.234359
388 0.234297
389 0.234345
390 0.23432
391 0.234347
392 0.2343
393 0.234293
394 0.234324
395 0.234342
396 0.234322
397 0.234333
398 0.234315
399 0.234344
400 0.234317
