1 0.5
2 0.5
3 0.5
4 0.5
5 0.5
6 0.5
7 0.5
8 0.5
9 0.5
10 0.5
11 0.499999
12 0.5
13 0.5
14 0.5
15 0.5
16 0.499999
17 0.5
18 0.5
19 0.5
20 0.499999
21 0.5
22 0.5
23 0.499999
24 0.499999
25 0.5
26 0.492952
27 0.492982
28 0.489903
29 0.489915
30 0.490835
31 0.491957
32 0.488913
33 0.489868
34 0.490763
35 0.488742
36 0.489274
37 0.490001
38 0.488487
39 0.48916
40 0.48954
41 0.488049
42 0.488689
43 0.489348
44 0.489947
45 0.488447
46 0.489256
47 0.489584
48 0.4884
49 0.488965
50 0.489201
51 0.4873
52 0.48398
53 0.483388
54 0.482076
55 0.480698
56 0.479539
57 0.479222
58 0.478174
59 0.477834
60 0.477712
61 0.477447
62 0.476833
63 0.476824
64 0.476695
65 0.476269
66 0.476407
67 0.476191
68 0.47576
69 0.475706
70 0.475734
71 0.475335
72 0.47517
73 0.475239
74 0.475329
75 0.474928
76 0.475178
77 0.474757
78 0.474672
79 0.474728
80 0.474485
81 0.474444
82 0.474307
83 0.474222
84 0.474266
85 0.474277
86 0.474418
87 0.474268
88 0.474018
89 0.473991
90 0.473806
91 0.473859
92 0.473904
93 0.473949
94 0.47392
95 0.473799
96 0.473749
97 0.473595
98 0.473579
99 0.473613
100 0.473729
101 0.473714
102 0.47364
103 0.473713
104 0.473234
105 0.473879
106 0.473748
107 0.473535
108 0.473379
109 0.47354
110 0.473301
111 0.47372
112 0.473163
113 0.473231
114 0.473574
115 0.473298
116 0.473217
117 0.473176
118 0.473482
119 0.473313
120 0.473218
121 0.473208
122 0.473106
123 0.473375
124 0.473151
125 0.473499
126 0.473437
127 0.473266
128 0.472957
129 0.473271
130 0.473179
131 0.473082
132 0.473068
133 0.473079
134 0.47309
135 0.473418
136 0.473185
137 0.47301
138 0.47308
139 0.473235
140 0.472997
141 0.472989
142 0.473046
143 0.472954
144 0.473135
145 0.47295
146 0.472821
147 0.473312
148 0.473169
149 0.472889
150 0.473096
151 0.472992
152 0.473062
153 0.473062
154 0.47283
155 0.472735
156 0.472924
157 0.473035
158 0.472936
159 0.472775
160 0.473001
161 0.472926
162 0.473303
163 0.472985
164 0.472858
165 0.472859
166 0.472697
167 0.473051
168 0.472712
169 0.47281
170 0.472629
171 0.472926
172 0.472719
173 0.472787
174 0.472932
175 0.472914
176 0.473087
177 0.47275
178 0.472672
179 0.472722
180 0.472885
181 0.472626
182 0.47264
183 0.472836
184 0.473078
185 0.473023
186 0.472667
187 0.47259
188 0.472697
189 0.472673
190 0.472945
191 0.472798
192 0.472892
193 0.47263
194 0.472527
195 0.472819
196 0.472502
197 0.472631
198 0.472698
199 0.472595
200 0.472659
201 0.472607
202 0.472621
203 0.472511
204 0.472618
205 0.472843
206 0.472738
207 0.472513
208 0.472499
209 0.472851
210 0.47257
211 0.472909
212 0.472866
213 0.472207
214 0.47261
215 0.472472
216 0.47275
217 0.472541
218 0.472377
219 0.472821
220 0.472583
221 0.47269
222 0.472542
223 0.472541
224 0.472857
225 0.472761
226 0.472613
227 0.472482
228 0.472539
229 0.472615
230 0.472909
231 0.472544
232 0.472624
233 0.472676
234 0.472605
235 0.472613
236 0.472546
237 0.472849
238 0.472438
239 0.472602
240 0.472828
241 0.472388
242 0.472591
243 0.472677
244 0.472571
245 0.472471
246 0.472684
247 0.472505
248 0.472612
249 0.472112
250 0.472617
251 0.472515
252 0.472658
253 0.472683
254 0.472455
255 0.472807
256 0.472661
257 0.472506
258 0.472421
259 0.472593
260 0.472208
261 0.472538
262 0.472401
263 0.472635
264 0.47246
265 0.472627
266 0.472446
267 0.472366
268 0.47242
269 0.472395
270 0.472517
271 0.472556
272 0.472536
273 0.472487
274 0.472528
275 0.472699
276 0.472559
277 0.472578
278 0.472593
279 0.472505
280 0.472548
281 0.47241
282 0.472605
283 0.472431
284 0.472569
285 0.472401
286 0.472848
287 0.472511
288 0.472334
289 0.472387
290 0.472573
291 0.472523
292 0.472399
293 0.472496
294 0.472626
295 0.472556
296 0.472648
297 0.472438
298 0.472536
299 0.4724
300 0.472518
301 0.472301
302 0.472064
303 0.472411
304 0.472392
305 0.472411
306 0.472523
307 0.472639
308 0.472404
309 0.472787
310 0.472473
311 0.472496
312 0.472605
313 0.472388
314 0.472652
315 0.472255
316 0.472642
317 0.472542
318 0.472627
319 0.472518
320 0.472579
321 0.472487
322 0.4726
323 0.472602
324 0.472607
325 0.472497
326 0.472403
327 0.472376
328 0.472125
329 0.472435
330 0.472557
331 0.472452
332 0.472368
333 0.472421
334 0.472253
335 0.472204
336 0.472572
337 0.472458
338 0.472427
339 0.472575
340 0.472466
341 0.472417
342 0.472493
343 0.472563
344 0.47234
345 0.472641
346 0.472278
347 0.472408
348 0.472368
349 0.472196
350 0.472585
351 0.472328
352 0.47223
353 0.472605
354 0.472423
355 0.472385
356 0.472672
357 0.472474
358 0.472199
359 0.472188
360 0.472667
361 0.472364
362 0.472588
363 0.472364
364 0.472149
365 0.472397
366 0.472511
367 0.472344
368 0.472382
369 0.472101
370 0.472374
371 0.472421
372 0.472523
373 0.472534
374 0.472431
375 0.47257
376 0.472374
377 0.472378
378 0.472267
379 0.472477
380 0.472474
381 0.472389
382 0.472299
383 0.472581
384 0.472524
385 0.472117
386 0.472267
387 0.472432
388 0.472201
389 0.472378
390 0.472511
391 0.472478
392 0.472607
393 0.47236
394 0.472304
395 0.472399
396 0.472353
397 0.472502
398 0.472626
399 0.47262
400 0.472646
