1 0.10001
2 0.10001
3 0.10001
4 0.10001
5 0.10001
6 0.10001
7 0.10001
8 0.10001
9 0.10001
10 0.10001
11 0.10001
12 0.10001
13 0.10001
14 0.10001
15 0.10001
16 0.10001
17 0.10001
18 0.10001
19 0.10001
20 0.10001
21 0.10001
22 0.10001
23 0.10001
24 0.10001
25 0.10001
26 0.121779
27 0.119262
28 0.130929
29 0.126892
30 0.13567
31 0.131746
32 0.139397
33 0.135387
34 0.142281
35 0.137922
36 0.143941
37 0.139873
38 0.145773
39 0.141466
40 0.146855
41 0.142935
42 0.148033
43 0.143932
44 0.14864
45 0.144965
46 0.149602
47 0.14571
48 0.150144
49 0.146722
50 0.150743
51 0.158489
52 0.164312
53 0.167489
54 0.171055
55 0.173103
56 0.1761
57 0.176914
58 0.179397
59 0.182424
60 0.182806
61 0.184827
62 0.185174
63 0.187223
64 0.187478
65 0.189083
66 0.189248
67 0.190987
68 0.19069
69 0.1925
70 0.192168
71 0.193972
72 0.193884
73 0.194864
74 0.19483
75 0.196045
76 0.200914
77 0.205559
78 0.208224
79 0.211402
80 0.212974
81 0.215697
82 0.217095
83 0.219106
84 0.221469
85 0.222726
86 0.224444
87 0.225191
88 0.22729
89 0.228467
90 0.229743
91 0.230734
92 0.23184
93 0.232778
94 0.233726
95 0.234629
96 0.23552
97 0.236319
98 0.236987
99 0.238029
100 0.238544
101 0.241411
102 0.245148
103 0.246901
104 0.249686
105 0.25125
106 0.253789
107 0.255284
108 0.257532
109 0.259122
110 0.261328
111 0.262586
112 0.264769
113 0.265986
114 0.267371
115 0.268939
116 0.27026
117 0.270989
118 0.272383
119 0.273797
120 0.274583
121 0.275915
122 0.276248
123 0.277427
124 0.278499
125 0.279103
126 0.280941
127 0.283932
128 0.285601
129 0.287133
130 0.289079
131 0.291075
132 0.293285
133 0.294218
134 0.296388
135 0.298104
136 0.29977
137 0.301643
138 0.303057
139 0.304329
140 0.306125
141 0.30717
142 0.309078
143 0.309285
144 0.31079
145 0.312067
146 0.312784
147 0.314003
148 0.315318
149 0.316338
150 0.317221
151 0.318888
152 0.320964
153 0.322162
154 0.324227
155 0.325562
156 0.32763
157 0.329115
158 0.330987
159 0.332586
160 0.333878
161 0.335812
162 0.3372
163 0.338509
164 0.339693
165 0.340564
166 0.342031
167 0.344377
168 0.345324
169 0.346512
170 0.347862
171 0.348549
172 0.349727
173 0.351141
174 0.352058
175 0.353449
176 0.354723
177 0.356364
178 0.357993
179 0.359378
180 0.36025
181 0.362545
182 0.363756
183 0.36514
184 0.366567
185 0.368295
186 0.370092
187 0.370902
188 0.37221
189 0.373962
190 0.375087
191 0.376502
192 0.378378
193 0.379092
194 0.380575
195 0.381337
196 0.383442
197 0.384019
198 0.385754
199 0.386362
200 0.38774
201 0.389396
202 0.390534
203 0.39197
204 0.392797
205 0.394392
206 0.39566
207 0.397638
208 0.399238
209 0.400163
210 0.401469
211 0.403277
212 0.40407
213 0.405111
214 0.406463
215 0.40849
216 0.410078
217 0.411318
218 0.412129
219 0.413277
220 0.414968
221 0.416024
222 0.417276
223 0.418602
224 0.41912
225 0.42058
226 0.421997
227 0.422928
228 0.423698
229 0.425916
230 0.426447
231 0.428264
232 0.429419
233 0.431151
234 0.431796
235 0.433022
236 0.434984
237 0.436085
238 0.436982
239 0.437896
240 0.439683
241 0.441099
242 0.442327
243 0.444102
244 0.44526
245 0.445751
246 0.447538
247 0.449525
248 0.450022
249 0.450959
250 0.452416
251 0.45394
252 0.454618
253 0.455318
254 0.457275
255 0.458377
256 0.459856
257 0.461089
258 0.461489
259 0.463531
260 0.464395
261 0.466165
262 0.467094
263 0.468607
264 0.469539
265 0.470731
266 0.472177
267 0.473323
268 0.474108
269 0.476329
270 0.477397
271 0.478677
272 0.479413
273 0.480141
274 0.481777
275 0.482942
276 0.4843
277 0.484746
278 0.486294
279 0.488381
280 0.488815
281 0.489654
282 0.491124
283 0.491979
284 0.492984
285 0.494786
286 0.496113
287 0.496723
288 0.497564
289 0.49926
290 0.499641
291 0.50079
292 0.502383
293 0.502917
294 0.504083
295 0.506368
296 0.505673
297 0.507302
298 0.508794
299 0.509403
300 0.510534
301 0.511997
302 0.513293
303 0.513329
304 0.514434
305 0.516502
306 0.51662
307 0.517739
308 0.518643
309 0.520088
310 0.520479
311 0.521442
312 0.522481
313 0.523674
314 0.524895
315 0.525307
316 0.52594
317 0.527485
318 0.528262
319 0.529103
320 0.53028
321 0.532179
322 0.531617
323 0.532867
324 0.534294
325 0.534741
326 0.536273
327 0.536578
328 0.537492
329 0.53927
330 0.539125
331 0.540996
332 0.5419
333 0.542456
334 0.542246
335 0.544182
336 0.545124
337 0.544653
338 0.546883
339 0.547199
340 0.548965
341 0.54875
342 0.549475
343 0.550082
344 0.551805
345 0.552226
346 0.553112
347 0.554393
348 0.554877
349 0.554948
350 0.55694
351 0.557135
352 0.557818
353 0.558779
354 0.559629
355 0.560313
356 0.560927
357 0.562002
358 0.562986
359 0.562934
360 0.56379
361 0.564427
362 0.56499
363 0.566218
364 0.567552
365 0.568082
366 0.568526
367 0.57005
368 0.569997
369 0.570938
370 0.572095
371 0.572201
372 0.572835
373 0.574468
374 0.574726
375 0.575421
376 0.57602
377 0.577464
378 0.577074
379 0.577066
380 0.578029
381 0.580095
382 0.580571
383 0.580726
384 0.580962
385 0.581948
386 0.582268
387 0.5835
388 0.584453
389 0.584851
390 0.585106
391 0.58602
392 0.586438
393 0.587
394 0.588013
395 0.588574
396 0.589044
397 0.589344
398 0.590049
399 0.591296
400 0.59149
