1 0.196785
2 0.196785
3 0.196785
4 0.196785
5 0.196785
6 0.196785
7 0.196785
8 0.196785
9 0.196785
10 0.196785
11 0.196785
12 0.196785
13 0.196785
14 0.196785
15 0.196785
16 0.196785
17 0.196785
18 0.196785
19 0.196785
20 0.196785
21 0.196785
22 0.196785
23 0.196785
24 0.196785
25 0.196785
26 0.196147
27 0.195544
28 0.194753
29 0.194012
30 0.193198
31 0.192413
32 0.191595
33 0.190823
34 0.189991
35 0.189257
36 0.188453
37 0.187773
38 0.187054
39 0.186332
40 0.185667
41 0.185006
42 0.184367
43 0.183755
44 0.183151
45 0.182628
46 0.182197
47 0.181706
48 0.181116
49 0.180667
50 0.180228
51 0.179656
52 0.179028
53 0.178409
54 0.17771
55 0.177046
56 0.176452
57 0.175951
58 0.175228
59 0.174787
60 0.174134
61 0.17354
62 0.172937
63 0.17228
64 0.171748
65 0.171162
66 0.170671
67 0.170038
68 0.169591
69 0.169029
70 0.168587
71 0.168051
72 0.167517
73 0.167057
74 0.166547
75 0.166125
76 0.165745
77 0.165231
78 0.164725
79 0.164205
80 0.163692
81 0.163198
82 0.162754
83 0.162238
84 0.161869
85 0.161371
86 0.160887
87 0.160442
88 0.159924
89 0.159454
90 0.158995
91 0.158493
92 0.158056
93 0.157687
94 0.157225
95 0.156813
96 0.156377
97 0.155904
98 0.155515
99 0.155106
100 0.154697
101 0.154343
102 0.153888
103 0.15352
104 0.153085
105 0.152709
106 0.152327
107 0.151967
108 0.151558
109 0.151197
110 0.15085
111 0.150455
112 0.150065
113 0.149672
114 0.149262
115 0.148881
116 0.14848
117 0.148133
118 0.14779
119 0.147399
120 0.147021
121 0.146707
122 0.146259
123 0.145963
124 0.14562
125 0.145262
126 0.144915
127 0.144531
128 0.144292
129 0.143895
130 0.143573
131 0.143244
132 0.142912
133 0.142617
134 0.142318
135 0.141995
136 0.141618
137 0.141249
138 0.140992
139 0.140649
140 0.140279
141 0.140035
142 0.1396
143 0.139348
144 0.139029
145 0.138745
146 0.138478
147 0.138138
148 0.137832
149 0.137445
150 0.13722
151 0.136951
152 0.136614
153 0.136339
154 0.136037
155 0.135766
156 0.135447
157 0.13518
158 0.134872
159 0.13464
160 0.13437
161 0.134041
162 0.133817
163 0.133551
164 0.133225
165 0.13295
166 0.132709
167 0.132387
168 0.132107
169 0.131883
170 0.131563
171 0.131344
172 0.131029
173 0.130796
174 0.130514
175 0.130324
176 0.129993
177 0.129736
178 0.129452
179 0.129215
180 0.129002
181 0.128704
182 0.128498
183 0.128254
184 0.128018
185 0.127731
186 0.127484
187 0.127249
188 0.127033
189 0.126783
190 0.126528
191 0.126304
192 0.126077
193 0.125793
194 0.125589
195 0.125378
196 0.12507
197 0.124885
198 0.124599
199 0.124364
200 0.124111
201 0.123872
202 0.123631
203 0.123452
204 0.123254
205 0.122969
206 0.122766
207 0.122571
208 0.122322
209 0.1221
210 0.121924
211 0.12164
212 0.121492
213 0.121289
214 0.12106
215 0.120819
216 0.120614
217 0.120303
218 0.120152
219 0.120043
220 0.119752
221 0.119569
222 0.119338
223 0.11916
224 0.118958
225 0.118704
226 0.118497
227 0.118311
228 0.118144
229 0.117911
230 0.117711
231 0.117473
232 0.117303
233 0.117086
234 0.116937
235 0.116723
236 0.116516
237 0.116309
238 0.116103
239 0.11592
240 0.115722
241 0.115496
242 0.115378
243 0.115113
244 0.114938
245 0.114703
246 0.11454
247 0.114347
248 0.114151
249 0.114021
250 0.113825
251 0.113602
252 0.113468
253 0.113332
254 0.113058
255 0.11292
256 0.11273
257 0.112565
258 0.112336
259 0.112139
260 0.112012
261 0.111799
262 0.111616
263 0.111484
264 0.111275
265 0.111075
266 0.110883
267 0.110793
268 0.110588
269 0.110371
270 0.110226
271 0.110031
272 0.109877
273 0.109702
274 0.109502
275 0.109312
276 0.109219
277 0.109038
278 0.108854
279 0.108645
280 0.10853
281 0.108344
282 0.108148
283 0.108088
284 0.107838
285 0.107667
286 0.107507
287 0.10736
288 0.107161
289 0.106989
290 0.106877
291 0.106695
292 0.106486
293 0.106395
294 0.106259
295 0.106015
296 0.105898
297 0.105749
298 0.105521
299 0.105374
300 0.105299
301 0.10509
302 0.104958
303 0.104817
304 0.104658
305 0.104458
306 0.104342
307 0.104219
308 0.104019
309 0.103853
310 0.103711
311 0.103558
312 0.103424
313 0.103229
314 0.103078
315 0.102971
316 0.102771
317 0.102648
318 0.102473
319 0.102358
320 0.102211
321 0.10205
322 0.101867
323 0.101762
324 0.101576
325 0.101466
326 0.101249
327 0.101177
328 0.101059
329 0.100864
330 0.100725
331 0.100513
332 0.100391
333 0.100289
334 0.100159
335 0.0999733
336 0.0998181
337 0.0996902
338 0.0996007
339 0.0994235
340 0.0992777
341 0.0991295
342 0.0990134
343 0.0988936
344 0.0987234
345 0.098614
346 0.0984613
347 0.0983015
348 0.0981066
349 0.0980314
350 0.0978784
351 0.0976851
352 0.0976001
353 0.097505
354 0.0972954
355 0.097212
356 0.097019
357 0.0969353
358 0.0967819
359 0.0966283
360 0.0965322
361 0.0963458
362 0.0963339
363 0.0961292
364 0.0959981
365 0.0958186
366 0.095749
367 0.0955352
368 0.0954588
369 0.0953089
370 0.0951883
371 0.0950357
372 0.0948913
373 0.0947796
374 0.0946492
375 0.094532
376 0.0944023
377 0.0942357
378 0.0941452
379 0.0940707
380 0.0938797
381 0.093758
382 0.0936062
383 0.0934713
384 0.0934233
385 0.0932574
386 0.0931747
387 0.0929798
388 0.0928745
389 0.0927849
390 0.0926214
391 0.0925378
392 0.0924388
393 0.0922753
394 0.0921626
395 0.0920091
396 0.0918759
397 0.0918499
398 0.091622
399 0.0915066
400 0.0914044
