1 0.499676
2 0.499767
3 0.499796
4 0.500618
5 0.499282
6 0.499628
7 0.49989
8 0.500471
9 0.499667
10 0.500389
11 0.499533
12 0.50043
13 0.499866
14 0.499429
15 0.501039
16 0.500837
17 0.500541
18 0.500114
19 0.500042
20 0.500467
21 0.499422
22 0.499949
23 0.499548
24 0.500658
25 0.499158
26 0.51654
27 0.517214
28 0.523658
29 0.523283
30 0.527922
31 0.52836
32 0.531443
33 0.530224
34 0.533131
35 0.533255
36 0.535339
37 0.535354
38 0.536215
39 0.536727
40 0.537324
41 0.538821
42 0.537986
43 0.539163
44 0.539947
45 0.53926
46 0.54112
47 0.540304
48 0.540483
49 0.541454
50 0.541812
51 0.547516
52 0.550679
53 0.553354
54 0.554314
55 0.556609
56 0.556933
57 0.558462
58 0.559866
59 0.561736
60 0.561562
61 0.561646
62 0.562623
63 0.563963
64 0.56502
65 0.565174
66 0.56643
67 0.566351
68 0.567034
69 0.567767
70 0.568006
71 0.568506
72 0.569083
73 0.568893
74 0.569667
75 0.569188
76 0.571862
77 0.574187
78 0.574859
79 0.576656
80 0.577524
81 0.578783
82 0.580218
83 0.580784
84 0.581138
85 0.582
86 0.582496
87 0.58426
88 0.584841
89 0.585151
90 0.585593
91 0.586572
92 0.586652
93 0.587572
94 0.586903
95 0.587758
96 0.589084
97 0.589541
98 0.588671
99 0.589072
100 0.589681
101 0.590594
102 0.592197
103 0.593339
104 0.59332
105 0.59461
106 0.595324
107 0.596548
108 0.595781
109 0.59823
110 0.598781
111 0.598621
112 0.599782
113 0.600552
114 0.600826
115 0.601754
116 0.6015
117 0.602296
118 0.602165
119 0.602975
120 0.604014
121 0.603337
122 0.604038
123 0.605175
124 0.604865
125 0.60488
126 0.605618
127 0.606648
128 0.60629
129 0.607892
130 0.608264
131 0.609461
132 0.60956
133 0.609548
134 0.610546
135 0.610774
136 0.61198
137 0.612651
138 0.613217
139 0.613816
140 0.613613
141 0.614377
142 0.614438
143 0.615225
144 0.614578
145 0.615034
146 0.615331
147 0.61627
148 0.616843
149 0.617556
150 0.616761
151 0.6177
152 0.618451
153 0.618921
154 0.619021
155 0.62013
156 0.619748
157 0.620066
158 0.620443
159 0.621539
160 0.622026
161 0.622344
162 0.622795
163 0.623478
164 0.623786
165 0.624736
166 0.62383
167 0.624961
168 0.624244
169 0.624496
170 0.625977
171 0.626002
172 0.626564
173 0.626878
174 0.626659
175 0.626584
176 0.627193
177 0.627865
178 0.628485
179 0.628891
180 0.628518
181 0.629493
182 0.629462
183 0.63038
184 0.630226
185 0.630766
186 0.632119
187 0.631227
188 0.632011
189 0.632215
190 0.632731
191 0.632156
192 0.632907
193 0.633713
194 0.633211
195 0.634128
196 0.634123
197 0.633994
198 0.635539
199 0.63484
200 0.635537
201 0.634885
202 0.636122
203 0.636031
204 0.636364
205 0.636908
206 0.63768
207 0.638252
208 0.637846
209 0.638246
210 0.638013
211 0.638731
212 0.639539
213 0.639216
214 0.639349
215 0.639709
216 0.640038
217 0.640139
218 0.641904
219 0.640191
220 0.641003
221 0.641876
222 0.641877
223 0.642099
224 0.642706
225 0.643067
226 0.642868
227 0.643266
228 0.644492
229 0.642571
230 0.644307
231 0.64455
232 0.644366
233 0.644402
234 0.644758
235 0.644694
236 0.645352
237 0.646659
238 0.646415
239 0.646027
240 0.647332
241 0.646007
242 0.648074
243 0.64733
244 0.647749
245 0.647918
246 0.648405
247 0.647834
248 0.648483
249 0.649345
250 0.648645
251 0.649601
252 0.649549
253 0.649898
254 0.64999
255 0.649781
256 0.650222
257 0.650682
258 0.651358
259 0.650543
260 0.650803
261 0.651865
262 0.651096
263 0.651978
264 0.652739
265 0.652367
266 0.652471
267 0.652936
268 0.653994
269 0.653886
270 0.653408
271 0.654096
272 0.653884
273 0.653766
274 0.654005
275 0.654716
276 0.655197
277 0.655001
278 0.654414
279 0.655061
280 0.655274
281 0.656178
282 0.655615
283 0.655852
284 0.656273
285 0.656122
286 0.657023
287 0.657584
288 0.656858
289 0.657545
290 0.65712
291 0.65806
292 0.657814
293 0.657304
294 0.658066
295 0.658585
296 0.657864
297 0.658476
298 0.659346
299 0.659182
300 0.658733
301 0.660769
302 0.660041
303 0.660458
304 0.660256
305 0.659513
306 0.660307
307 0.659848
308 0.660706
309 0.660811
310 0.660925
311 0.661869
312 0.661027
313 0.661642
314 0.661351
315 0.662632
316 0.662582
317 0.66226
318 0.661858
319 0.662582
320 0.662931
321 0.661978
322 0.661917
323 0.663611
324 0.663549
325 0.663043
326 0.663746
327 0.663713
328 0.663408
329 0.663464
330 0.664279
331 0.664154
332 0.664808
333 0.664186
334 0.664682
335 0.664478
336 0.665714
337 0.664231
338 0.664807
339 0.664377
340 0.666181
341 0.664817
342 0.665359
343 0.665408
344 0.665833
345 0.665887
346 0.66685
347 0.665759
348 0.665723
349 0.666947
350 0.66624
351 0.666664
352 0.666654
353 0.66632
354 0.666765
355 0.667418
356 0.66722
357 0.667005
358 0.667412
359 0.667509
360 0.667474
361 0.667645
362 0.668557
363 0.667561
364 0.668374
365 0.667738
366 0.66824
367 0.669105
368 0.668177
369 0.668626
370 0.668949
371 0.668441
372 0.669033
373 0.669268
374 0.669252
375 0.669467
376 0.66882
377 0.669444
378 0.669838
379 0.669465
380 0.670324
381 0.669441
382 0.669508
383 0.669841
384 0.669846
385 0.67006
386 0.669749
387 0.670559
388 0.669888
389 0.670048
390 0.671341
391 0.670372
392 0.671176
393 0.670579
394 0.671011
395 0.671309
396 0.672404
397 0.670365
398 0.671862
399 0.671121
400 0.671281
