1 0.333334
2 0.333334
3 0.333334
4 0.333334
5 0.333334
6 0.333334
7 0.393624
8 0.374586
9 0.409166
10 0.387472
11 0.369039
12 0.356541
13 0.414846
14 0.40203
15 0.421008
16 0.41503
17 0.397083
18 0.385109
19 0.432526
20 0.481144
21 0.493467
22 0.521368
23 0.542618
24 0.557795
25 0.571361
26 0.580973
27 0.590126
28 0.595486
29 0.603937
30 0.609821
31 0.612975
32 0.618213
33 0.622782
34 0.626181
35 0.632729
36 0.636243
37 0.639853
38 0.642781
39 0.646817
40 0.648789
41 0.652893
42 0.655969
43 0.660602
44 0.662161
45 0.665917
46 0.667831
47 0.671795
48 0.674657
49 0.675386
50 0.679566
51 0.681121
52 0.68388
53 0.687159
54 0.688517
55 0.691325
56 0.691954
57 0.69544
58 0.696994
59 0.700078
60 0.701127
61 0.703665
62 0.704913
63 0.706335
64 0.708581
65 0.709844
66 0.711332
67 0.714076
68 0.71558
69 0.716101
70 0.718366
71 0.719276
72 0.720829
73 0.7221
74 0.722838
75 0.725596
76 0.726392
77 0.728323
78 0.728429
79 0.730513
80 0.732039
81 0.732772
82 0.734486
83 0.734923
84 0.736104
85 0.737187
86 0.738847
87 0.739842
88 0.740507
89 0.742298
90 0.742753
91 0.742829
92 0.745471
93 0.745955
94 0.746691
95 0.747672
96 0.747886
97 0.749531
98 0.749798
99 0.750926
100 0.752011
101 0.752445
102 0.752957
103 0.754608
104 0.755746
105 0.75549
106 0.756241
107 0.758047
108 0.757645
109 0.758629
110 0.760026
111 0.760802
112 0.761096
113 0.760483
114 0.762684
115 0.763195
116 0.763888
117 0.763715
118 0.765136
119 0.765114
120 0.766438
121 0.76702
122 0.767614
123 0.768012
124 0.768868
125 0.769787
126 0.769872
127 0.771185
128 0.770867
129 0.77127
130 0.77183
131 0.771994
132 0.773327
133 0.773113
134 0.774663
135 0.774118
136 0.774949
137 0.7751
138 0.775818
139 0.776856
140 0.776894
141 0.777521
142 0.777289
143 0.778515
144 0.778599
145 0.778556
146 0.778655
147 0.780741
148 0.780075
149 0.780483
150 0.781561
151 0.780798
152 0.781947
153 0.782778
154 0.781574
155 0.783209
156 0.782828
157 0.783611
158 0.78382
159 0.784601
160 0.785369
161 0.784558
162 0.784845
163 0.786346
164 0.787028
165 0.786488
166 0.786742
167 0.787328
168 0.787215
169 0.787924
170 0.787402
171 0.788329
172 0.788355
173 0.788719
174 0.789881
175 0.789559
176 0.789974
177 0.790544
178 0.791313
179 0.790608
180 0.790828
181 0.791472
182 0.792035
183 0.791102
184 0.792067
185 0.792936
186 0.793208
187 0.792988
188 0.793345
189 0.7936
190 0.794038
191 0.79413
192 0.794224
193 0.793925
194 0.794715
195 0.795464
196 0.794797
197 0.795422
198 0.796336
199 0.796179
200 0.796248
201 0.796635
202 0.797183
203 0.796931
204 0.796725
205 0.797753
206 0.798264
207 0.797654
208 0.798229
209 0.798195
210 0.798472
211 0.798664
212 0.798544
213 0.798765
214 0.799088
215 0.799384
216 0.800159
217 0.799917
218 0.800611
219 0.800335
220 0.801074
221 0.800739
222 0.800078
223 0.801268
224 0.801036
225 0.801632
226 0.801446
227 0.802026
228 0.801458
229 0.802018
230 0.80217
231 0.80231
232 0.802614
233 0.80285
234 0.802992
235 0.802678
236 0.802804
237 0.803355
238 0.804139
239 0.803333
240 0.803907
241 0.803813
242 0.804642
243 0.803846
244 0.805044
245 0.804533
246 0.805173
247 0.804766
248 0.805436
249 0.805193
250 0.805784
251 0.805172
252 0.805564
253 0.805855
254 0.805941
255 0.80595
256 0.806805
257 0.806705
258 0.807067
259 0.806755
260 0.807243
261 0.806689
262 0.807421
263 0.807343
264 0.807816
265 0.807239
266 0.808085
267 0.808286
268 0.808889
269 0.807667
270 0.809015
271 0.808743
272 0.809028
273 0.80898
274 0.809221
275 0.809436
276 0.809354
277 0.809369
278 0.808742
279 0.809
280 0.809563
281 0.809525
282 0.809522
283 0.810104
284 0.810611
285 0.810125
286 0.810522
287 0.809898
288 0.81085
289 0.810467
290 0.810549
291 0.810947
292 0.810703
293 0.811066
294 0.811132
295 0.811044
296 0.811224
297 0.81127
298 0.811549
299 0.811772
300 0.811696
301 0.812335
302 0.811892
303 0.812487
304 0.811804
305 0.812128
306 0.812743
307 0.813022
308 0.813166
309 0.813109
310 0.81302
311 0.812956
312 0.813044
313 0.813412
314 0.813353
315 0.813861
316 0.813521
317 0.814043
318 0.814234
319 0.81447
320 0.813199
321 0.813945
322 0.814771
323 0.813687
324 0.814091
325 0.814209
326 0.81491
327 0.813772
328 0.814934
329 0.814756
330 0.814733
331 0.813876
332 0.814871
333 0.814343
334 0.814835
335 0.815235
336 0.815282
337 0.815264
338 0.815264
339 0.815706
340 0.815466
341 0.815605
342 0.816438
343 0.815664
344 0.815655
345 0.815612
346 0.816345
347 0.817091
348 0.816023
349 0.81625
350 0.816205
351 0.816294
352 0.816423
353 0.816432
354 0.816962
355 0.816598
356 0.816489
357 0.817729
358 0.816347
359 0.816963
360 0.816955
361 0.81733
362 0.817536
363 0.817274
364 0.817524
365 0.817588
366 0.817227
367 0.81749
368 0.817398
369 0.81781
370 0.817249
371 0.817698
372 0.818358
373 0.818513
374 0.818141
375 0.818684
376 0.818652
377 0.818247
378 0.818445
379 0.818186
380 0.81853
381 0.818545
382 0.818475
383 0.81854
384 0.819617
385 0.819465
386 0.819305
387 0.819318
388 0.819395
389 0.818911
390 0.818954
391 0.818632
392 0.819362
393 0.819059
394 0.819043
395 0.818818
396 0.819428
397 0.819717
398 0.820042
399 0.820077
400 0.819521
