1 0.10032
2 0.100095
3 0.099345
4 0.099889
5 0.099685
6 0.100225
7 0.099767
8 0.1001
9 0.099458
10 0.100632
11 0.10002
12 0.107339
13 0.112064
14 0.115866
15 0.120579
16 0.124269
17 0.128154
18 0.129746
19 0.133119
20 0.135657
21 0.137731
22 0.140121
23 0.144105
24 0.147702
25 0.151355
26 0.155383
27 0.160865
28 0.16507
29 0.169479
30 0.17321
31 0.177913
32 0.182381
33 0.185773
34 0.189579
35 0.192815
36 0.196426
37 0.200388
38 0.202927
39 0.206802
40 0.209308
41 0.212259
42 0.214865
43 0.217938
44 0.220561
45 0.223329
46 0.22601
47 0.228973
48 0.23042
49 0.232505
50 0.235058
51 0.237326
52 0.239001
53 0.240886
54 0.243602
55 0.244981
56 0.246998
57 0.249033
58 0.251252
59 0.252699
60 0.254693
61 0.256721
62 0.258218
63 0.258798
64 0.262275
65 0.263415
66 0.265196
67 0.267408
68 0.269065
69 0.270944
70 0.271987
71 0.273596
72 0.275729
73 0.278164
74 0.279466
75 0.281556
76 0.282136
77 0.28368
78 0.286209
79 0.287018
80 0.288253
81 0.290375
82 0.292572
83 0.293524
84 0.295576
85 0.297098
86 0.297663
87 0.300658
88 0.301687
89 0.303362
90 0.304829
91 0.305913
92 0.307161
93 0.308664
94 0.310589
95 0.311704
96 0.313671
97 0.315075
98 0.316828
99 0.317744
100 0.3191
101 0.320383
102 0.322344
103 0.323486
104 0.324684
105 0.326114
106 0.327968
107 0.328674
108 0.330458
109 0.332915
110 0.333737
111 0.334345
112 0.33605
113 0.337055
114 0.338226
115 0.339843
116 0.341265
117 0.34277
118 0.343672
119 0.345159
120 0.346485
121 0.347454
122 0.349276
123 0.350378
124 0.352139
125 0.353175
126 0.354601
127 0.355375
128 0.356737
129 0.357303
130 0.359092
131 0.359659
132 0.361682
133 0.363109
134 0.364341
135 0.365934
136 0.365775
137 0.367629
138 0.369336
139 0.36997
140 0.37076
141 0.372629
142 0.372834
143 0.374401
144 0.375842
145 0.376047
146 0.378852
147 0.378958
148 0.379237
149 0.380552
150 0.382984
151 0.382514
152 0.384377
153 0.385014
154 0.386721
155 0.388152
156 0.38853
157 0.38955
158 0.390875
159 0.39105
160 0.392551
161 0.393642
162 0.394868
163 0.39527
164 0.39659
165 0.39816
166 0.398116
167 0.399475
168 0.400858
169 0.402382
170 0.402713
171 0.403684
172 0.405452
173 0.405546
174 0.40674
175 0.407723
176 0.408385
177 0.409303
178 0.410548
179 0.412065
180 0.412659
181 0.413314
182 0.415079
183 0.415737
184 0.416118
185 0.417247
186 0.418522
187 0.41909
188 0.419882
189 0.421321
190 0.42183
191 0.422867
192 0.423835
193 0.424712
194 0.425465
195 0.425978
196 0.42737
197 0.428535
198 0.4294
199 0.430089
200 0.431346
201 0.431426
202 0.432409
203 0.433704
204 0.434586
205 0.43525
206 0.435914
207 0.437338
208 0.437588
209 0.438663
210 0.439708
211 0.440456
212 0.440928
213 0.442073
214 0.442649
215 0.444128
216 0.444283
217 0.445264
218 0.44638
219 0.447932
220 0.448078
221 0.448479
222 0.448735
223 0.450313
224 0.450952
225 0.451976
226 0.453282
227 0.453211
228 0.454596
229 0.454479
230 0.455278
231 0.456595
232 0.457026
233 0.458001
234 0.45804
235 0.459388
236 0.459944
237 0.460468
238 0.461176
239 0.461621
240 0.463108
241 0.464616
242 0.464064
243 0.464703
244 0.465837
245 0.466206
246 0.468109
247 0.468055
248 0.468793
249 0.470046
250 0.469392
251 0.47143
252 0.471507
253 0.472292
254 0.473532
255 0.473061
256 0.474545
257 0.475111
258 0.475348
259 0.476694
260 0.476838
261 0.477688
262 0.478341
263 0.479697
264 0.480005
265 0.479683
266 0.481097
267 0.482778
268 0.482909
269 0.482975
270 0.483734
271 0.484266
272 0.485205
273 0.485477
274 0.485881
275 0.487264
276 0.488221
277 0.48825
278 0.488932
279 0.488877
280 0.490211
281 0.491136
282 0.491608
283 0.491849
284 0.492977
285 0.493574
286 0.49335
287 0.494497
288 0.495586
289 0.495823
290 0.496018
291 0.496795
292 0.49787
293 0.49859
294 0.499536
295 0.500274
296 0.500551
297 0.501829
298 0.501319
299 0.502246
300 0.502582
301 0.503493
302 0.503292
303 0.505485
304 0.50508
305 0.505316
306 0.506338
307 0.50667
308 0.507487
309 0.506988
310 0.508809
311 0.508606
312 0.509208
313 0.510475
314 0.511129
315 0.511315
316 0.511456
317 0.513688
318 0.51366
319 0.513429
320 0.514094
321 0.514998
322 0.514669
323 0.516309
324 0.516297
325 0.515983
326 0.517849
327 0.518115
328 0.518829
329 0.519329
330 0.520223
331 0.520173
332 0.520495
333 0.520837
334 0.522002
335 0.522565
336 0.521967
337 0.522851
338 0.523712
339 0.524544
340 0.524946
341 0.525247
342 0.525525
343 0.526417
344 0.527177
345 0.527745
346 0.527979
347 0.528148
348 0.529162
349 0.52925
350 0.529956
351 0.53102
352 0.531215
353 0.531679
354 0.531404
355 0.532037
356 0.533682
357 0.533384
358 0.534151
359 0.534825
360 0.53475
361 0.535316
362 0.536054
363 0.536735
364 0.536741
365 0.537794
366 0.537686
367 0.538155
368 0.539292
369 0.539452
370 0.540181
371 0.54033
372 0.540254
373 0.541216
374 0.542444
375 0.542206
376 0.542248
377 0.543084
378 0.544208
379 0.544374
380 0.544212
381 0.544946
382 0.545261
383 0.545815
384 0.546084
385 0.546098
386 0.547339
387 0.547491
388 0.548182
389 0.548389
390 0.54966
391 0.549331
392 0.549809
393 0.550945
394 0.550482
395 0.551587
396 0.550185
397 0.551754
398 0.552479
399 0.5532
400 0.553455
