1 0.122104
2 0.133285
3 0.13933
4 0.143477
5 0.146629
6 0.149788
7 0.153272
8 0.157295
9 0.161665
10 0.166427
11 0.17146
12 0.177618
13 0.183792
14 0.1901
15 0.196605
16 0.202645
17 0.208689
18 0.214983
19 0.220909
20 0.226463
21 0.231904
22 0.237289
23 0.242415
24 0.247854
25 0.252301
26 0.257347
27 0.262215
28 0.266874
29 0.271572
30 0.276248
31 0.280533
32 0.284853
33 0.289462
34 0.293822
35 0.297605
36 0.301919
37 0.305762
38 0.309921
39 0.313678
40 0.317147
41 0.320721
42 0.324088
43 0.327753
44 0.331149
45 0.334278
46 0.337664
47 0.340706
48 0.343985
49 0.347225
50 0.350055
51 0.353055
52 0.356265
53 0.359247
54 0.362222
55 0.364843
56 0.367588
57 0.370212
58 0.372924
59 0.375712
60 0.378257
61 0.380816
62 0.383651
63 0.386191
64 0.388739
65 0.3911
66 0.393338
67 0.396031
68 0.398284
69 0.400403
70 0.402719
71 0.405026
72 0.407594
73 0.40971
74 0.411914
75 0.414044
76 0.415928
77 0.418072
78 0.419938
79 0.42195
80 0.42404
81 0.426224
82 0.4281
83 0.430466
84 0.432705
85 0.434345
86 0.436379
87 0.438103
88 0.439856
89 0.441452
90 0.443292
91 0.444973
92 0.4469
93 0.448905
94 0.450926
95 0.452641
96 0.454202
97 0.455974
98 0.45786
99 0.45983
100 0.4614
101 0.463272
102 0.464734
103 0.46632
104 0.467903
105 0.469582
106 0.471048
107 0.472522
108 0.47414
109 0.476062
110 0.477678
111 0.479224
112 0.48045
113 0.481812
114 0.483172
115 0.484691
116 0.486359
117 0.487785
118 0.489267
119 0.490657
120 0.491887
121 0.493096
122 0.494508
123 0.495931
124 0.497647
125 0.498948
126 0.500411
127 0.501711
128 0.503058
129 0.504215
130 0.505497
131 0.506883
132 0.508343
133 0.509527
134 0.510578
135 0.51185
136 0.513164
137 0.514321
138 0.515483
139 0.51686
140 0.518065
141 0.519532
142 0.520735
143 0.521843
144 0.523064
145 0.524195
146 0.525327
147 0.526662
148 0.527587
149 0.528881
150 0.530133
151 0.531354
152 0.532253
153 0.533374
154 0.534414
155 0.535287
156 0.53641
157 0.537516
158 0.538533
159 0.53974
160 0.540863
161 0.541924
162 0.543068
163 0.544011
164 0.54491
165 0.545889
166 0.546984
167 0.548064
168 0.54904
169 0.550199
170 0.55119
171 0.552178
172 0.553038
173 0.554012
174 0.554558
175 0.555677
176 0.556868
177 0.557785
178 0.558782
179 0.559518
180 0.560527
181 0.561513
182 0.562222
183 0.563317
184 0.564258
185 0.565257
186 0.566049
187 0.567151
188 0.567952
189 0.568657
190 0.569507
191 0.570518
192 0.571353
193 0.572174
194 0.572847
195 0.573706
196 0.574314
197 0.575446
198 0.576182
199 0.577005
200 0.578051
201 0.578984
202 0.579739
203 0.58042
204 0.581269
205 0.582034
206 0.582558
207 0.583416
208 0.584214
209 0.5848
210 0.58585
211 0.586714
212 0.587363
213 0.588194
214 0.588887
215 0.589727
216 0.590387
217 0.591127
218 0.592195
219 0.592995
220 0.593663
221 0.594215
222 0.595048
223 0.595758
224 0.596527
225 0.597173
226 0.598044
227 0.598795
228 0.59941
229 0.600344
230 0.601138
231 0.601888
232 0.602544
233 0.603196
234 0.603861
235 0.604498
236 0.605165
237 0.605989
238 0.606592
239 0.60732
240 0.607916
241 0.608584
242 0.609142
243 0.609785
244 0.610469
245 0.611215
246 0.611834
247 0.612596
248 0.613408
249 0.613907
250 0.614581
251 0.615077
252 0.615643
253 0.616158
254 0.616915
255 0.617505
256 0.61809
257 0.618663
258 0.619355
259 0.619921
260 0.620583
261 0.621294
262 0.621874
263 0.622537
264 0.623104
265 0.623577
266 0.624212
267 0.624867
268 0.625474
269 0.626274
270 0.62677
271 0.627239
272 0.627979
273 0.628516
274 0.629072
275 0.629722
276 0.630386
277 0.63084
278 0.631346
279 0.631881
280 0.632538
281 0.633158
282 0.633667
283 0.634243
284 0.634911
285 0.635437
286 0.635736
287 0.6362
288 0.636822
289 0.637537
290 0.638085
291 0.638437
292 0.638989
293 0.639749
294 0.640404
295 0.640775
296 0.641305
297 0.64193
298 0.642545
299 0.642918
300 0.643517
301 0.643907
302 0.644308
303 0.644941
304 0.645454
305 0.645791
306 0.646203
307 0.646912
308 0.647341
309 0.647649
310 0.648205
311 0.648653
312 0.64925
313 0.649673
314 0.650137
315 0.650695
316 0.651128
317 0.6516
318 0.652086
319 0.65265
320 0.653057
321 0.653507
322 0.65401
323 0.654446
324 0.654816
325 0.655297
326 0.655916
327 0.656419
328 0.656832
329 0.657296
330 0.657683
331 0.658264
332 0.658667
333 0.659025
334 0.659685
335 0.660129
336 0.660602
337 0.661059
338 0.661451
339 0.661926
340 0.662515
341 0.663046
342 0.663534
343 0.663824
344 0.664328
345 0.664924
346 0.665461
347 0.665767
348 0.666159
349 0.666698
350 0.666966
351 0.667524
352 0.667814
353 0.66828
354 0.668672
355 0.669107
356 0.669578
357 0.670091
358 0.670502
359 0.670967
360 0.671365
361 0.671654
362 0.67195
363 0.672309
364 0.672979
365 0.673169
366 0.67368
367 0.673986
368 0.674358
369 0.674813
370 0.675127
371 0.67558
372 0.676019
373 0.676461
374 0.676774
375 0.677091
376 0.677358
377 0.678034
378 0.678241
379 0.67863
380 0.679044
381 0.679319
382 0.67959
383 0.68003
384 0.680317
385 0.680719
386 0.681165
387 0.681542
388 0.681885
389 0.682396
390 0.68277
391 0.682953
392 0.683531
393 0.683854
394 0.684236
395 0.684639
396 0.685042
397 0.685151
398 0.685481
399 0.685806
400 0.686112
