1 0.437602
2 0.437526
3 0.437517
4 0.437417
5 0.437349
6 0.437267
7 0.437212
8 0.437169
9 0.437209
10 0.437218
11 0.43723
12 0.436431
13 0.435045
14 0.433151
15 0.430975
16 0.428512
17 0.425873
18 0.423096
19 0.420188
20 0.417176
21 0.414131
22 0.411059
23 0.407946
24 0.404803
25 0.401641
26 0.398453
27 0.395235
28 0.392019
29 0.388803
30 0.38558
31 0.382364
32 0.37916
33 0.37597
34 0.37278
35 0.369594
36 0.36643
37 0.363289
38 0.36017
39 0.357072
40 0.354003
41 0.350954
42 0.347927
43 0.34493
44 0.341955
45 0.33901
46 0.336099
47 0.333216
48 0.33036
49 0.327524
50 0.324728
51 0.321967
52 0.319235
53 0.316535
54 0.313868
55 0.311227
56 0.308626
57 0.306048
58 0.303505
59 0.300994
60 0.29852
61 0.296076
62 0.293663
63 0.291279
64 0.288926
65 0.286604
66 0.284318
67 0.282059
68 0.279835
69 0.277641
70 0.275481
71 0.273348
72 0.27124
73 0.269162
74 0.26711
75 0.265091
76 0.263102
77 0.261144
78 0.259208
79 0.2573
80 0.255417
81 0.25356
82 0.251732
83 0.249925
84 0.248148
85 0.246393
86 0.244665
87 0.242957
88 0.241276
89 0.239614
90 0.23798
91 0.236364
92 0.234774
93 0.233204
94 0.231659
95 0.23013
96 0.228627
97 0.22714
98 0.225671
99 0.224222
100 0.222793
101 0.221384
102 0.219994
103 0.218621
104 0.217268
105 0.215931
106 0.214609
107 0.213308
108 0.212022
109 0.210752
110 0.2095
111 0.208263
112 0.207043
113 0.205833
114 0.204641
115 0.203463
116 0.202299
117 0.201151
118 0.200016
119 0.198896
120 0.197789
121 0.196695
122 0.195613
123 0.194543
124 0.193487
125 0.192443
126 0.191411
127 0.190391
128 0.189382
129 0.188387
130 0.187401
131 0.186427
132 0.185465
133 0.184513
134 0.183572
135 0.182642
136 0.18172
137 0.18081
138 0.179909
139 0.179017
140 0.178137
141 0.177263
142 0.176401
143 0.175547
144 0.174701
145 0.173865
146 0.173038
147 0.17222
148 0.171411
149 0.170609
150 0.169816
151 0.169031
152 0.168253
153 0.167485
154 0.166724
155 0.165971
156 0.165224
157 0.164485
158 0.163753
159 0.163028
160 0.162312
161 0.161601
162 0.160898
163 0.160201
164 0.159512
165 0.158827
166 0.158149
167 0.157478
168 0.156812
169 0.156153
170 0.1555
171 0.154854
172 0.154213
173 0.153578
174 0.152949
175 0.152325
176 0.151707
177 0.151094
178 0.150487
179 0.149886
180 0.149289
181 0.148697
182 0.148112
183 0.147532
184 0.146957
185 0.146387
186 0.145821
187 0.14526
188 0.144703
189 0.144153
190 0.143605
191 0.143062
192 0.142524
193 0.14199
194 0.141461
195 0.140936
196 0.140416
197 0.1399
198 0.139389
199 0.138881
200 0.138378
201 0.137878
202 0.137382
203 0.13689
204 0.136402
205 0.135917
206 0.135437
207 0.134961
208 0.134488
209 0.134018
210 0.133553
211 0.133091
212 0.132632
213 0.132177
214 0.131727
215 0.131279
216 0.130835
217 0.130393
218 0.129955
219 0.129521
220 0.129089
221 0.128661
222 0.128236
223 0.127814
224 0.127394
225 0.126978
226 0.126564
227 0.126154
228 0.125747
229 0.125344
230 0.124942
231 0.124543
232 0.124148
233 0.123755
234 0.123365
235 0.122978
236 0.122593
237 0.122211
238 0.121831
239 0.121455
240 0.121081
241 0.120709
242 0.12034
243 0.119974
244 0.11961
245 0.119249
246 0.118889
247 0.118533
248 0.118179
249 0.117826
250 0.117476
251 0.117129
252 0.116783
253 0.116441
254 0.1161
255 0.115762
256 0.115426
257 0.115091
258 0.114759
259 0.11443
260 0.114102
261 0.113776
262 0.113453
263 0.113132
264 0.112812
265 0.112495
266 0.112179
267 0.111866
268 0.111554
269 0.111245
270 0.110937
271 0.110631
272 0.110327
273 0.110025
274 0.109724
275 0.109425
276 0.109129
277 0.108834
278 0.108541
279 0.108249
280 0.10796
281 0.107672
282 0.107386
283 0.107102
284 0.106819
285 0.106538
286 0.106258
287 0.10598
288 0.105704
289 0.105429
290 0.105156
291 0.104885
292 0.104614
293 0.104346
294 0.104079
295 0.103813
296 0.103549
297 0.103287
298 0.103026
299 0.102766
300 0.102509
301 0.102252
302 0.101997
303 0.101743
304 0.101491
305 0.10124
306 0.10099
307 0.100742
308 0.100495
309 0.10025
310 0.100006
311 0.0997629
312 0.0995212
313 0.0992808
314 0.099042
315 0.0988044
316 0.0985681
317 0.0983331
318 0.0980995
319 0.0978671
320 0.0976356
321 0.0974053
322 0.0971765
323 0.0969489
324 0.0967225
325 0.0964971
326 0.0962728
327 0.0960501
328 0.0958282
329 0.0956074
330 0.0953876
331 0.0951692
332 0.0949516
333 0.0947355
334 0.0945206
335 0.0943061
336 0.0940927
337 0.0938803
338 0.0936691
339 0.093459
340 0.0932501
341 0.093042
342 0.0928351
343 0.0926294
344 0.0924247
345 0.0922207
346 0.0920179
347 0.0918161
348 0.091615
349 0.0914151
350 0.0912163
351 0.0910184
352 0.0908216
353 0.0906257
354 0.0904304
355 0.0902363
356 0.090043
357 0.0898509
358 0.0896598
359 0.0894691
360 0.0892795
361 0.0890909
362 0.0889032
363 0.0887159
364 0.0885298
365 0.0883441
366 0.0881596
367 0.0879762
368 0.0877936
369 0.087612
370 0.0874309
371 0.0872507
372 0.0870713
373 0.0868931
374 0.0867153
375 0.0865383
376 0.0863618
377 0.0861866
378 0.0860116
379 0.0858379
380 0.0856651
381 0.085493
382 0.0853219
383 0.085151
384 0.084981
385 0.0848121
386 0.0846437
387 0.0844762
388 0.0843093
389 0.0841431
390 0.0839778
391 0.0838131
392 0.0836489
393 0.0834855
394 0.0833228
395 0.0831609
396 0.0829996
397 0.0828389
398 0.082679
399 0.0825197
400 0.0823613
