1 0.0
6 0.6760259999999999
11 1.603338
16 1.964968
21 2.1045738
26 2.1692606
31 2.193203500000001
36 2.2049819999999998
41 2.2084896
46 2.2094443999999993
51 2.2023432000000005
56 2.200581599999999
61 2.1900098
66 2.1852732000000006
71 2.1734804000000008
76 2.168127999999998
81 2.1542031
86 2.1486669999999983
91 2.1478184
96 2.1202943999999997
101 2.1211717000000005
106 2.1091349999999998
111 2.1195117000000003
116 2.0946584
121 2.0954537999999987
126 2.0752452000000003
131 2.085703399999999
136 2.0652416000000007
141 2.056893899999999
146 2.0589942000000003
151 2.0366427
156 2.0348483999999996
161 2.0168630999999997
166 2.0218302
171 2.0314115999999993
176 2.0108176
181 2.019236
186 1.997379599999999
191 1.985120300000002
196 2.0082748000000006
200 1.9930799999999995
