1 0.499857
6 0.499552
11 0.498837
16 0.665634
21 0.695531
26 0.711774
31 0.72052
36 0.725016
41 0.728693
46 0.730824
51 0.732501
56 0.734197
61 0.735086
66 0.735905
71 0.737861
76 0.737753
81 0.738936
86 0.738934
91 0.73971
96 0.740481
101 0.741002
106 0.740591
111 0.740567
116 0.741817
121 0.74188
126 0.74232
131 0.742689
136 0.74365
141 0.742581
146 0.742266
151 0.743163
156 0.742833
161 0.743759
166 0.74286
171 0.744243
176 0.743649
181 0.743763
186 0.744511
191 0.743705
196 0.744003
200 0.744488
