1 0.122007
2 0.133594
3 0.139177
4 0.142292
5 0.143803
6 0.144719
7 0.145176
8 0.145337
9 0.145475
10 0.145434
11 0.172844
12 0.179196
13 0.187771
14 0.194769
15 0.198889
16 0.205387
17 0.215926
18 0.222285
19 0.228371
20 0.23358
21 0.237749
22 0.242262
23 0.248683
24 0.254835
25 0.258669
26 0.263141
27 0.267128
28 0.27032
29 0.274827
30 0.28038
31 0.283785
32 0.288248
33 0.291959
34 0.294348
35 0.297887
36 0.302621
37 0.305769
38 0.309695
39 0.313334
40 0.315711
41 0.318986
42 0.32299
43 0.325923
44 0.329599
45 0.332763
46 0.335587
47 0.339192
48 0.342524
49 0.345389
50 0.348851
51 0.352141
52 0.35492
53 0.357823
54 0.360774
55 0.363797
56 0.366758
57 0.369297
58 0.371945
59 0.374968
60 0.377278
61 0.379776
62 0.382163
63 0.38436
64 0.386488
65 0.388904
66 0.390952
67 0.393195
68 0.395029
69 0.396936
70 0.398777
71 0.400474
72 0.402362
73 0.403873
74 0.405623
75 0.407126
76 0.408631
77 0.410254
78 0.411665
79 0.413116
80 0.414649
81 0.41614
82 0.417407
83 0.41917
84 0.420616
85 0.421862
86 0.423409
87 0.424963
88 0.426466
89 0.428041
90 0.429509
91 0.431265
92 0.432915
93 0.434358
94 0.435871
95 0.437434
96 0.438949
97 0.440399
98 0.442135
99 0.443627
100 0.445173
101 0.446604
102 0.448315
103 0.449831
104 0.451298
105 0.453046
106 0.454821
107 0.456341
108 0.458091
109 0.459599
110 0.461234
111 0.462968
112 0.464849
113 0.466374
114 0.468106
115 0.470241
116 0.471806
117 0.473724
118 0.475537
119 0.477193
120 0.479196
121 0.48071
122 0.48249
123 0.48429
124 0.486197
125 0.488076
126 0.489586
127 0.49149
128 0.493237
129 0.494969
130 0.496664
131 0.49829
132 0.499373
133 0.501092
134 0.502748
135 0.504186
136 0.505753
137 0.507322
138 0.508773
139 0.510327
140 0.511792
141 0.513349
142 0.514737
143 0.516288
144 0.517599
145 0.519107
146 0.520536
147 0.522158
148 0.523428
149 0.52468
150 0.526121
151 0.527417
152 0.528913
153 0.5303
154 0.531592
155 0.532717
156 0.53402
157 0.535194
158 0.536527
159 0.537746
160 0.53895
161 0.540244
162 0.541362
163 0.542637
164 0.543871
165 0.54504
166 0.546271
167 0.547647
168 0.548886
169 0.550048
170 0.551232
171 0.55228
172 0.553422
173 0.554392
174 0.555586
175 0.556469
176 0.55774
177 0.558779
178 0.55987
179 0.560988
180 0.562096
181 0.562972
182 0.56408
183 0.565199
184 0.566121
185 0.567564
186 0.568414
187 0.569265
188 0.570347
189 0.571268
190 0.572301
191 0.573329
192 0.574164
193 0.575253
194 0.576199
195 0.577263
196 0.578314
197 0.579405
198 0.580216
199 0.581338
200 0.582339
201 0.583143
202 0.584383
203 0.585054
204 0.585975
205 0.586724
206 0.587726
207 0.588616
208 0.589642
209 0.590536
210 0.591497
211 0.592269
212 0.592989
213 0.59416
214 0.594797
215 0.595443
216 0.596434
217 0.5973
218 0.598131
219 0.599052
220 0.600013
221 0.600848
222 0.601599
223 0.602355
224 0.603342
225 0.604065
226 0.60485
227 0.605595
228 0.606265
229 0.607097
230 0.607732
231 0.608532
232 0.609389
233 0.610151
234 0.610697
235 0.611493
236 0.612288
237 0.613075
238 0.613948
239 0.614657
240 0.615554
241 0.616246
242 0.617001
243 0.617678
244 0.618343
245 0.619209
246 0.619803
247 0.620657
248 0.621304
249 0.622093
250 0.622895
251 0.623502
252 0.624182
253 0.624783
254 0.625435
255 0.626228
256 0.626842
257 0.627433
258 0.628117
259 0.628731
260 0.629376
261 0.630063
262 0.630763
263 0.631524
264 0.632159
265 0.632958
266 0.633653
267 0.634371
268 0.634939
269 0.635755
270 0.636424
271 0.637026
272 0.637614
273 0.638201
274 0.638674
275 0.639478
276 0.640278
277 0.640665
278 0.641311
279 0.642114
280 0.642693
281 0.643184
282 0.643841
283 0.644463
284 0.644959
285 0.64541
286 0.646066
287 0.646627
288 0.647213
289 0.647724
290 0.648351
291 0.648805
292 0.649604
293 0.650205
294 0.650745
295 0.651292
296 0.651947
297 0.652525
298 0.6529
299 0.653481
300 0.654169
301 0.654631
302 0.655298
303 0.655675
304 0.65624
305 0.656868
306 0.657343
307 0.657836
308 0.65851
309 0.659166
310 0.659633
311 0.660101
312 0.660764
313 0.661323
314 0.661806
315 0.662238
316 0.662488
317 0.663053
318 0.663583
319 0.663953
320 0.664558
321 0.664994
322 0.665606
323 0.666089
324 0.666666
325 0.66712
326 0.667632
327 0.668053
328 0.668367
329 0.668848
330 0.669387
331 0.669794
332 0.670425
333 0.671002
334 0.67129
335 0.671774
336 0.672202
337 0.672646
338 0.673173
339 0.673727
340 0.67427
341 0.674501
342 0.675106
343 0.675503
344 0.676015
345 0.67652
346 0.677014
347 0.677473
348 0.677924
349 0.678176
350 0.678777
351 0.679149
352 0.679534
353 0.68016
354 0.680467
355 0.680907
356 0.681343
357 0.681759
358 0.682152
359 0.682607
360 0.683049
361 0.683656
362 0.684041
363 0.684385
364 0.68477
365 0.685165
366 0.685591
367 0.686113
368 0.686453
369 0.686864
370 0.687177
371 0.687827
372 0.688112
373 0.688311
374 0.688771
375 0.689191
376 0.689486
377 0.690069
378 0.690473
379 0.690948
380 0.691314
381 0.691616
382 0.692091
383 0.692585
384 0.692846
385 0.693299
386 0.693743
387 0.694091
388 0.694267
389 0.694674
390 0.695131
391 0.695566
392 0.695878
393 0.696232
394 0.696687
395 0.697046
396 0.697351
397 0.697737
398 0.698138
399 0.698478
400 0.698943
