1 0.196878
2 0.196886
3 0.197024
4 0.197108
5 0.196412
6 0.196844
7 0.197045
8 0.196824
9 0.196883
10 0.196968
11 0.165399
12 0.164334
13 0.163981
14 0.163645
15 0.163576
16 0.163592
17 0.163803
18 0.163729
19 0.163551
20 0.163446
21 0.163277
22 0.163048
23 0.16274
24 0.162158
25 0.16172
26 0.161082
27 0.16049
28 0.159616
29 0.15817
30 0.156492
31 0.156009
32 0.154855
33 0.153649
34 0.152743
35 0.149333
36 0.146551
37 0.145576
38 0.143959
39 0.142707
40 0.141972
41 0.13748
42 0.136501
43 0.133966
44 0.132844
45 0.132045
46 0.131882
47 0.128521
48 0.127996
49 0.126257
50 0.125391
51 0.126121
52 0.126538
53 0.125415
54 0.126576
55 0.126429
56 0.129831
57 0.130854
58 0.132309
59 0.132887
60 0.135513
61 0.136689
62 0.138366
63 0.139939
64 0.142863
65 0.144422
66 0.146181
67 0.148404
68 0.152449
69 0.154254
70 0.156165
71 0.158851
72 0.160579
73 0.162291
74 0.164725
75 0.166321
76 0.167548
77 0.16969
78 0.171889
79 0.172862
80 0.174482
81 0.175134
82 0.176204
83 0.176618
84 0.177187
85 0.177062
86 0.1773
87 0.178259
88 0.177638
89 0.177053
90 0.176234
91 0.175495
92 0.17439
93 0.172797
94 0.172653
95 0.170738
96 0.169308
97 0.167322
98 0.164976
99 0.162694
100 0.160424
101 0.158425
102 0.155542
103 0.152683
104 0.149876
105 0.146962
106 0.14443
107 0.1416
108 0.138734
109 0.135889
110 0.133171
111 0.130708
112 0.128051
113 0.125611
114 0.123101
115 0.121095
116 0.118815
117 0.116538
118 0.114451
119 0.112227
120 0.110335
121 0.108483
122 0.106704
123 0.104977
124 0.10328
125 0.101832
126 0.100425
127 0.0991244
128 0.0979748
129 0.09678
130 0.0956293
131 0.0944369
132 0.0932437
133 0.0922973
134 0.0913369
135 0.0906179
136 0.0898389
137 0.0891932
138 0.0885135
139 0.0879215
140 0.0874303
141 0.0868253
142 0.0862758
143 0.085896
144 0.0857321
145 0.0853038
146 0.0850759
147 0.0847492
148 0.0842472
149 0.0838547
150 0.0834236
151 0.0829479
152 0.0825499
153 0.0822769
154 0.0821564
155 0.0816831
156 0.0813268
157 0.0811048
158 0.0806267
159 0.0802691
160 0.0798976
161 0.0796087
162 0.0795005
163 0.0791661
164 0.0790448
165 0.0788142
166 0.0785137
167 0.0785559
168 0.0782675
169 0.0781003
170 0.0778761
171 0.0776946
172 0.0774377
173 0.0773588
174 0.0771088
175 0.0768749
176 0.0766104
177 0.0763029
178 0.0761977
179 0.0760862
180 0.0759048
181 0.0756096
182 0.0754486
183 0.0753067
184 0.0749927
185 0.0747134
186 0.0744852
187 0.0742283
188 0.0740956
189 0.0737785
190 0.0734738
191 0.0732697
192 0.0729806
193 0.0726663
194 0.0725096
195 0.0724355
196 0.0722707
197 0.0721412
198 0.0719143
199 0.0717233
200 0.0715995
201 0.0714722
202 0.0714234
203 0.0711892
204 0.070925
205 0.0707636
206 0.070566
207 0.0703967
208 0.0701504
209 0.0699921
210 0.0696833
211 0.0694423
212 0.0691867
213 0.0691295
214 0.0689548
215 0.0688424
216 0.0686644
217 0.0684949
218 0.0682626
219 0.0680688
220 0.0679389
221 0.0678748
222 0.0676857
223 0.0675376
224 0.0674176
225 0.0671441
226 0.0669092
227 0.066659
228 0.0665419
229 0.0663177
230 0.0661356
231 0.0659546
232 0.0658553
233 0.0657659
234 0.0655478
235 0.065322
236 0.0652136
237 0.0650432
238 0.0649023
239 0.0645273
240 0.0643746
241 0.0642131
242 0.0639872
243 0.0640007
244 0.0639786
245 0.063795
246 0.0636151
247 0.0633745
248 0.0632818
249 0.0630237
250 0.0628314
251 0.0626098
252 0.0624744
253 0.0622912
254 0.0620483
255 0.0619249
256 0.06181
257 0.0616658
258 0.0614838
259 0.0611908
260 0.0610752
261 0.0610163
262 0.0608931
263 0.0607421
264 0.0606295
265 0.0605743
266 0.0603869
267 0.0602758
268 0.0600386
269 0.059956
270 0.0597593
271 0.0596375
272 0.0594333
273 0.0593756
274 0.0591966
275 0.059033
276 0.0588242
277 0.0587007
278 0.0584592
279 0.0583146
280 0.0581027
281 0.0578816
282 0.0577646
283 0.057618
284 0.057477
285 0.0574595
286 0.0573062
287 0.0572692
288 0.0570529
289 0.0569387
290 0.0568012
291 0.0566888
292 0.0565561
293 0.0563355
294 0.0561988
295 0.0560554
296 0.0560222
297 0.055892
298 0.0557225
299 0.055538
300 0.0555214
301 0.0554112
302 0.0553114
303 0.0552035
304 0.0551621
305 0.0550414
306 0.0548904
307 0.0548063
308 0.0547269
309 0.0545649
310 0.0544949
311 0.0543664
312 0.0542426
313 0.054115
314 0.0539368
315 0.0538276
316 0.0536091
317 0.053434
318 0.0533368
319 0.0531757
320 0.0530734
321 0.0530302
322 0.0529636
323 0.0527989
324 0.0526388
325 0.0525789
326 0.0525023
327 0.052414
328 0.0522606
329 0.0522135
330 0.0520994
331 0.0518832
332 0.0517813
333 0.0517226
334 0.0516029
335 0.0515705
336 0.0515147
337 0.0513621
338 0.0512109
339 0.0511718
340 0.0510802
341 0.0510153
342 0.0508379
343 0.0508163
344 0.0507464
345 0.0505956
346 0.050519
347 0.0503952
348 0.0502582
349 0.0501297
350 0.049947
351 0.0497598
352 0.0496531
353 0.0495864
354 0.0494173
355 0.0493301
356 0.0492087
357 0.0491384
358 0.0490575
359 0.0489317
360 0.0488999
361 0.0488019
362 0.0487083
363 0.0485913
364 0.048446
365 0.0482742
366 0.0482251
367 0.0481457
368 0.0479964
369 0.0480145
370 0.0479287
371 0.0478016
372 0.0477685
373 0.0475928
374 0.0474843
375 0.0474535
376 0.0473889
377 0.047248
378 0.0471342
379 0.047101
380 0.0471
381 0.0470811
382 0.0469986
383 0.0469217
384 0.0468331
385 0.0467611
386 0.0466579
387 0.0465616
388 0.0463943
389 0.0462434
390 0.0462078
391 0.0460555
392 0.0459719
393 0.0458217
394 0.0457275
395 0.0456155
396 0.0455467
397 0.0454368
398 0.0454543
399 0.0452924
400 0.0452329
