1 0.499496
2 0.499405
3 0.50012
4 0.500028
5 0.500812
6 0.500493
7 0.537327
8 0.563726
9 0.585049
10 0.603568
11 0.618876
12 0.631136
13 0.643936
14 0.653897
15 0.663288
16 0.671185
17 0.678833
18 0.685454
19 0.693302
20 0.698487
21 0.703882
22 0.709834
23 0.714056
24 0.718801
25 0.722699
26 0.727176
27 0.731051
28 0.734913
29 0.738284
30 0.741614
31 0.744956
32 0.748212
33 0.751426
34 0.753775
35 0.75692
36 0.759672
37 0.76187
38 0.76457
39 0.766202
40 0.769499
41 0.771694
42 0.773469
43 0.775609
44 0.7775
45 0.779281
46 0.781609
47 0.783487
48 0.785077
49 0.786655
50 0.787978
51 0.790754
52 0.791108
53 0.792999
54 0.795151
55 0.796023
56 0.797995
57 0.799099
58 0.800282
59 0.801312
60 0.803071
61 0.804591
62 0.805658
63 0.806713
64 0.807963
65 0.809376
66 0.81012
67 0.812045
68 0.812977
69 0.814032
70 0.815187
71 0.816156
72 0.816945
73 0.818307
74 0.819416
75 0.819757
76 0.820854
77 0.821793
78 0.823317
79 0.823831
80 0.824598
81 0.825566
82 0.826708
83 0.827495
84 0.828268
85 0.829128
86 0.829578
87 0.830248
88 0.83129
89 0.832097
90 0.832832
91 0.833907
92 0.834029
93 0.835546
94 0.835591
95 0.83628
96 0.836822
97 0.838202
98 0.838823
99 0.839239
100 0.839759
101 0.840228
102 0.84131
103 0.841663
104 0.84239
105 0.843116
106 0.843994
107 0.844026
108 0.844888
109 0.845619
110 0.846139
111 0.846271
112 0.847802
113 0.847436
114 0.848349
115 0.848818
116 0.849285
117 0.849866
118 0.850412
119 0.85096
120 0.8517
121 0.851898
122 0.852204
123 0.852881
124 0.853559
125 0.854361
126 0.854515
127 0.854971
128 0.856165
129 0.856319
130 0.856669
131 0.856632
132 0.857352
133 0.858324
134 0.858116
135 0.858884
136 0.859565
137 0.860468
138 0.860012
139 0.861064
140 0.860879
141 0.861325
142 0.861903
143 0.861992
144 0.862282
145 0.862902
146 0.863606
147 0.863649
148 0.864419
149 0.864153
150 0.864763
151 0.865601
152 0.865502
153 0.865982
154 0.866406
155 0.86691
156 0.866762
157 0.866999
158 0.867805
159 0.868491
160 0.868033
161 0.868605
162 0.869132
163 0.869434
164 0.869939
165 0.870048
166 0.87032
167 0.87049
168 0.871175
169 0.871609
170 0.871743
171 0.87198
172 0.872557
173 0.872984
174 0.873605
175 0.873673
176 0.874072
177 0.874064
178 0.874671
179 0.874556
180 0.874881
181 0.875158
182 0.87616
183 0.876093
184 0.876182
185 0.876228
186 0.876493
187 0.876997
188 0.877259
189 0.877499
190 0.878111
191 0.87818
192 0.878244
193 0.878459
194 0.87893
195 0.879407
196 0.879287
197 0.879771
198 0.879889
199 0.879846
200 0.880935
201 0.88062
202 0.880659
203 0.881026
204 0.881565
205 0.882093
206 0.882156
207 0.882418
208 0.882375
209 0.882826
210 0.883
211 0.883359
212 0.883259
213 0.883438
214 0.884119
215 0.883813
216 0.884571
217 0.88446
218 0.885051
219 0.885327
220 0.885318
221 0.885833
222 0.885992
223 0.885446
224 0.886598
225 0.886475
226 0.886515
227 0.886845
228 0.886913
229 0.886926
230 0.887758
231 0.888006
232 0.88801
233 0.888396
234 0.888107
235 0.888388
236 0.888826
237 0.889017
238 0.888878
239 0.889605
240 0.889975
241 0.890103
242 0.889818
243 0.889833
244 0.890419
245 0.890391
246 0.890621
247 0.890648
248 0.891319
249 0.891054
250 0.891364
251 0.891179
252 0.891781
253 0.89229
254 0.892172
255 0.892402
256 0.89273
257 0.892712
258 0.892745
259 0.893314
260 0.892941
261 0.893628
262 0.893374
263 0.894016
264 0.894299
265 0.894287
266 0.894403
267 0.89462
268 0.894997
269 0.894884
270 0.895032
271 0.894971
272 0.895758
273 0.895541
274 0.895656
275 0.895557
276 0.89617
277 0.896281
278 0.896161
279 0.896839
280 0.89676
281 0.896909
282 0.897157
283 0.89713
284 0.897565
285 0.897378
286 0.897521
287 0.898022
288 0.89775
289 0.898062
290 0.898446
291 0.898287
292 0.898484
293 0.899039
294 0.898792
295 0.899241
296 0.899309
297 0.89974
298 0.899491
299 0.89954
300 0.899886
301 0.900305
302 0.900069
303 0.900282
304 0.900179
305 0.900221
306 0.900989
307 0.901289
308 0.900922
309 0.90126
310 0.90097
311 0.901205
312 0.901776
313 0.901285
314 0.901872
315 0.90211
316 0.901986
317 0.902137
318 0.902046
319 0.902148
320 0.902992
321 0.902501
322 0.902784
323 0.903294
324 0.903045
325 0.903194
326 0.903341
327 0.9034
328 0.903826
329 0.903503
330 0.903754
331 0.903955
332 0.903685
333 0.904473
334 0.904224
335 0.904499
336 0.904805
337 0.904855
338 0.904528
339 0.904871
340 0.905128
341 0.905478
342 0.905108
343 0.905343
344 0.905408
345 0.905585
346 0.905753
347 0.905606
348 0.90584
349 0.906287
350 0.906324
351 0.906213
352 0.90665
353 0.906689
354 0.906476
355 0.906736
356 0.906642
357 0.907085
358 0.907384
359 0.907028
360 0.907595
361 0.90751
362 0.907582
363 0.907524
364 0.90763
365 0.907869
366 0.908021
367 0.908368
368 0.908104
369 0.908598
370 0.908597
371 0.908916
372 0.908812
373 0.908714
374 0.908797
375 0.908926
376 0.909176
377 0.909059
378 0.909447
379 0.90913
380 0.909326
381 0.909433
382 0.909594
383 0.909979
384 0.910025
385 0.909996
386 0.910163
387 0.909904
388 0.91008
389 0.910422
390 0.911007
391 0.910564
392 0.910878
393 0.910969
394 0.91115
395 0.911089
396 0.910737
397 0.910993
398 0.911749
399 0.911499
400 0.911236
