1 0.499769
2 0.500539
3 0.499184
4 0.500587
5 0.499892
6 0.500837
7 0.512944
8 0.520739
9 0.527518
10 0.533834
11 0.538852
12 0.542736
13 0.547316
14 0.548883
15 0.553096
16 0.555369
17 0.557263
18 0.559193
19 0.560776
20 0.562101
21 0.56414
22 0.56508
23 0.566893
24 0.568587
25 0.569159
26 0.569199
27 0.57137
28 0.571665
29 0.573374
30 0.573886
31 0.574462
32 0.57499
33 0.575773
34 0.577169
35 0.576705
36 0.577104
37 0.578063
38 0.578265
39 0.579333
40 0.579493
41 0.581331
42 0.580415
43 0.581593
44 0.581618
45 0.581633
46 0.581816
47 0.582882
48 0.582895
49 0.583746
50 0.583264
51 0.584685
52 0.584954
53 0.584739
54 0.584845
55 0.58445
56 0.58625
57 0.585545
58 0.586631
59 0.586921
60 0.586858
61 0.586817
62 0.587288
63 0.587122
64 0.5874
65 0.58741
66 0.588344
67 0.588691
68 0.589086
69 0.589846
70 0.589211
71 0.588928
72 0.58987
73 0.590698
74 0.590534
75 0.589993
76 0.590718
77 0.589815
78 0.591056
79 0.591333
80 0.591069
81 0.590623
82 0.591752
83 0.591249
84 0.592303
85 0.591695
86 0.59208
87 0.59179
88 0.591439
89 0.591861
90 0.591768
91 0.592257
92 0.592269
93 0.593142
94 0.593899
95 0.592566
96 0.593877
97 0.594144
98 0.593368
99 0.593688
100 0.593029
101 0.593396
102 0.594323
103 0.59361
104 0.593804
105 0.59395
106 0.594258
107 0.594875
108 0.594411
109 0.594555
110 0.595327
111 0.594465
112 0.594045
113 0.593894
114 0.595177
115 0.59447
116 0.595394
117 0.594984
118 0.595201
119 0.595217
120 0.596294
121 0.594655
122 0.59578
123 0.596395
124 0.595153
125 0.596584
126 0.595877
127 0.596183
128 0.596561
129 0.595826
130 0.595992
131 0.596283
132 0.596382
133 0.596154
134 0.595647
135 0.596981
136 0.597374
137 0.595683
138 0.596898
139 0.596952
140 0.597298
141 0.597537
142 0.596782
143 0.5969
144 0.596901
145 0.597587
146 0.597425
147 0.597027
148 0.597527
149 0.597993
150 0.598059
151 0.596678
152 0.597676
153 0.59763
154 0.597746
155 0.59736
156 0.597884
157 0.597054
158 0.59804
159 0.597347
160 0.597402
161 0.597796
162 0.596932
163 0.598036
164 0.598324
165 0.598153
166 0.599169
167 0.597765
168 0.59819
169 0.598556
170 0.59795
171 0.598272
172 0.598475
173 0.597926
174 0.598043
175 0.598803
176 0.599206
177 0.598008
178 0.599313
179 0.597698
180 0.598831
181 0.598784
182 0.598456
183 0.598963
184 0.599411
185 0.599134
186 0.599333
187 0.599288
188 0.599563
189 0.599235
190 0.598267
191 0.599535
192 0.599402
193 0.598776
194 0.600122
195 0.599053
196 0.599623
197 0.599967
198 0.59986
199 0.599514
200 0.60035
201 0.600257
202 0.599518
203 0.599418
204 0.599681
205 0.599731
206 0.599685
207 0.599818
208 0.599675
209 0.599605
210 0.599784
211 0.599402
212 0.599708
213 0.599402
214 0.599722
215 0.600007
216 0.599564
217 0.5996
218 0.600011
219 0.600248
220 0.600865
221 0.600008
222 0.600369
223 0.600404
224 0.600355
225 0.600864
226 0.599881
227 0.600643
228 0.599931
229 0.600639
230 0.5998
231 0.599662
232 0.600198
233 0.600478
234 0.600934
235 0.600164
236 0.600772
237 0.600262
238 0.600622
239 0.600653
240 0.600862
241 0.601089
242 0.60037
243 0.599595
244 0.599848
245 0.600249
246 0.600896
247 0.60093
248 0.600153
249 0.599952
250 0.599959
251 0.601412
252 0.600621
253 0.600827
254 0.601429
255 0.600106
256 0.600575
257 0.600624
258 0.60197
259 0.601182
260 0.600762
261 0.601564
262 0.600973
263 0.601342
264 0.601733
265 0.601822
266 0.600988
267 0.601113
268 0.601815
269 0.600605
270 0.601342
271 0.60174
272 0.601334
273 0.601357
274 0.601811
275 0.601358
276 0.600918
277 0.602159
278 0.601228
279 0.601689
280 0.601546
281 0.601294
282 0.600983
283 0.602448
284 0.600905
285 0.602806
286 0.601686
287 0.601481
288 0.602167
289 0.601494
290 0.602095
291 0.601593
292 0.603053
293 0.60228
294 0.601207
295 0.601892
296 0.601401
297 0.602568
298 0.602879
299 0.601642
300 0.602313
301 0.60227
302 0.602197
303 0.602197
304 0.601874
305 0.601937
306 0.602172
307 0.602236
308 0.602408
309 0.60248
310 0.602012
311 0.602694
312 0.601259
313 0.601768
314 0.602959
315 0.601889
316 0.602193
317 0.601462
318 0.602837
319 0.602116
320 0.602366
321 0.60166
322 0.603052
323 0.601541
324 0.602528
325 0.602434
326 0.602414
327 0.602358
328 0.602756
329 0.602785
330 0.602563
331 0.602276
332 0.602464
333 0.602431
334 0.601754
335 0.602654
336 0.60286
337 0.602044
338 0.602324
339 0.60265
340 0.602663
341 0.602426
342 0.602098
343 0.602034
344 0.602672
345 0.603155
346 0.602643
347 0.602861
348 0.603455
349 0.601662
350 0.602401
351 0.602299
352 0.602895
353 0.602683
354 0.602731
355 0.602492
356 0.601998
357 0.602173
358 0.60228
359 0.602756
360 0.602803
361 0.60256
362 0.60168
363 0.60323
364 0.602971
365 0.603142
366 0.603063
367 0.602553
368 0.602899
369 0.60215
370 0.602644
371 0.60304
372 0.603544
373 0.602999
374 0.602481
375 0.601938
376 0.603083
377 0.602394
378 0.602331
379 0.602169
380 0.602196
381 0.602883
382 0.603542
383 0.603827
384 0.602836
385 0.603063
386 0.603242
387 0.60221
388 0.602736
389 0.60243
390 0.602019
391 0.602511
392 0.603347
393 0.603344
394 0.604013
395 0.603395
396 0.60259
397 0.603397
398 0.603291
399 0.603497
400 0.60359
