1 0.299844
2 0.29968
3 0.300536
4 0.299962
5 0.300113
6 0.299819
7 0.300359
8 0.30058
9 0.300054
10 0.30008
11 0.29893
12 0.299812
13 0.31922
14 0.33337
15 0.337856
16 0.343275
17 0.346974
18 0.352257
19 0.355528
20 0.355973
21 0.360158
22 0.363198
23 0.363522
24 0.365584
25 0.366678
26 0.36591
27 0.367081
28 0.366758
29 0.366088
30 0.363975
31 0.365577
32 0.364195
33 0.363982
34 0.362986
35 0.363245
36 0.363058
37 0.36204
38 0.362311
39 0.363653
40 0.36328
41 0.363978
42 0.364787
43 0.366415
44 0.366091
45 0.365629
46 0.36611
47 0.366798
48 0.367033
49 0.368349
50 0.369925
51 0.369533
52 0.370711
53 0.371716
54 0.37192
55 0.371936
56 0.373044
57 0.374059
58 0.373775
59 0.375598
60 0.37582
61 0.375636
62 0.376662
63 0.37747
64 0.378346
65 0.377297
66 0.379028
67 0.377881
68 0.37956
69 0.38007
70 0.38076
71 0.379415
72 0.380418
73 0.380839
74 0.380892
75 0.381868
76 0.382191
77 0.383045
78 0.382961
79 0.383781
80 0.383196
81 0.384386
82 0.383859
83 0.384277
84 0.385232
85 0.385172
86 0.385774
87 0.385929
88 0.385639
89 0.386066
90 0.385969
91 0.38711
92 0.386916
93 0.386358
94 0.387376
95 0.388053
96 0.388097
97 0.387967
98 0.387646
99 0.388552
100 0.388942
101 0.389306
102 0.389693
103 0.389446
104 0.389546
105 0.390164
106 0.39047
107 0.389869
108 0.391027
109 0.390733
110 0.391463
111 0.391198
112 0.391801
113 0.390582
114 0.391161
115 0.391986
116 0.392367
117 0.391846
118 0.392294
119 0.392857
120 0.392767
121 0.391937
122 0.392966
123 0.393656
124 0.394701
125 0.393375
126 0.393614
127 0.393569
128 0.393787
129 0.394191
130 0.394159
131 0.394652
132 0.394453
133 0.394612
134 0.39439
135 0.395446
136 0.395618
137 0.394976
138 0.395882
139 0.395714
140 0.396284
141 0.3948
142 0.395307
143 0.39648
144 0.396049
145 0.396406
146 0.396263
147 0.39561
148 0.396672
149 0.397983
150 0.397752
151 0.396708
152 0.397174
153 0.397368
154 0.397273
155 0.397129
156 0.39746
157 0.396993
158 0.39765
159 0.398654
160 0.397847
161 0.397341
162 0.398017
163 0.397428
164 0.398192
165 0.398153
166 0.399754
167 0.398826
168 0.398865
169 0.399386
170 0.398688
171 0.399176
172 0.399411
173 0.399561
174 0.398726
175 0.399293
176 0.400168
177 0.399489
178 0.399734
179 0.399106
180 0.400008
181 0.399648
182 0.399646
183 0.400737
184 0.400221
185 0.40091
186 0.400099
187 0.400024
188 0.400818
189 0.400789
190 0.400051
191 0.401362
192 0.401163
193 0.401014
194 0.40176
195 0.400687
196 0.40148
197 0.401381
198 0.401543
199 0.401038
200 0.402338
201 0.401164
202 0.401588
203 0.40224
204 0.401579
205 0.401934
206 0.401624
207 0.402128
208 0.402275
209 0.401655
210 0.401337
211 0.402233
212 0.403719
213 0.402641
214 0.402454
215 0.402662
216 0.402521
217 0.402724
218 0.403637
219 0.402926
220 0.402198
221 0.403346
222 0.403314
223 0.40334
224 0.403901
225 0.403692
226 0.403089
227 0.40346
228 0.403502
229 0.403594
230 0.404144
231 0.403826
232 0.403593
233 0.402886
234 0.403125
235 0.403104
236 0.402703
237 0.404107
238 0.402984
239 0.404601
240 0.404553
241 0.403286
242 0.404501
243 0.403997
244 0.404817
245 0.404342
246 0.404292
247 0.404406
248 0.404418
249 0.404422
250 0.404483
251 0.405302
252 0.404255
253 0.40465
254 0.405106
255 0.404252
256 0.404985
257 0.404642
258 0.405166
259 0.405055
260 0.404675
261 0.406063
262 0.405221
263 0.405108
264 0.405646
265 0.405759
266 0.405152
267 0.405021
268 0.404648
269 0.405781
270 0.404648
271 0.405267
272 0.4062
273 0.405013
274 0.406152
275 0.405742
276 0.405716
277 0.405674
278 0.405976
279 0.405897
280 0.405532
281 0.405908
282 0.405891
283 0.405758
284 0.405067
285 0.405464
286 0.405189
287 0.405569
288 0.405347
289 0.405706
290 0.406424
291 0.406833
292 0.406954
293 0.406582
294 0.405969
295 0.406478
296 0.406139
297 0.406424
298 0.406821
299 0.406711
300 0.4068
301 0.406719
302 0.405512
303 0.406335
304 0.407336
305 0.407133
306 0.406701
307 0.407004
308 0.406871
309 0.407336
310 0.406313
311 0.406951
312 0.406838
313 0.406691
314 0.4072
315 0.406823
316 0.406552
317 0.406736
318 0.406765
319 0.406981
320 0.407312
321 0.406996
322 0.407589
323 0.406191
324 0.407021
325 0.407422
326 0.406829
327 0.406575
328 0.406832
329 0.407846
330 0.408484
331 0.40752
332 0.407575
333 0.407007
334 0.407176
335 0.40786
336 0.406984
337 0.408071
338 0.406652
339 0.40741
340 0.408165
341 0.408607
342 0.407704
343 0.40773
344 0.407909
345 0.408815
346 0.408972
347 0.408262
348 0.407186
349 0.407187
350 0.407944
351 0.409206
352 0.408862
353 0.408879
354 0.407524
355 0.408784
356 0.408639
357 0.408802
358 0.408827
359 0.408649
360 0.407905
361 0.408519
362 0.408195
363 0.408767
364 0.407913
365 0.407748
366 0.408581
367 0.408233
368 0.409236
369 0.40905
370 0.409456
371 0.409849
372 0.409268
373 0.408604
374 0.408866
375 0.408387
376 0.408167
377 0.408342
378 0.4087
379 0.407979
380 0.408341
381 0.409676
382 0.408329
383 0.408705
384 0.409088
385 0.409027
386 0.408743
387 0.408957
388 0.408371
389 0.40929
390 0.408962
391 0.409341
392 0.409205
393 0.408733
394 0.410487
395 0.408659
396 0.409111
397 0.408029
398 0.408963
399 0.408998
400 0.409558
