1 0.120373
2 0.120571
3 0.120647
4 0.120354
5 0.120481
6 0.120756
7 0.120456
8 0.120536
9 0.120599
10 0.120498
11 0.120639
12 0.120373
13 0.101465
14 0.0881431
15 0.0824121
16 0.0772511
17 0.0738583
18 0.0683767
19 0.0647938
20 0.0644989
21 0.060115
22 0.0575262
23 0.057184
24 0.0551566
25 0.0543832
26 0.0548177
27 0.0546492
28 0.0543728
29 0.0551667
30 0.0558359
31 0.0556463
32 0.0560543
33 0.056775
34 0.057087
35 0.057495
36 0.0576656
37 0.0582434
38 0.0577822
39 0.0575058
40 0.057201
41 0.0566025
42 0.0558527
43 0.0554464
44 0.0549233
45 0.0548771
46 0.0540515
47 0.0535474
48 0.0527151
49 0.0519
50 0.0511784
51 0.0504634
52 0.0495704
53 0.0492496
54 0.0482589
55 0.0477965
56 0.0473094
57 0.0465938
58 0.045856
59 0.0452278
60 0.0447607
61 0.0442824
62 0.0440116
63 0.043658
64 0.0431281
65 0.0426204
66 0.042191
67 0.0415625
68 0.0412066
69 0.0406612
70 0.0402647
71 0.0398145
72 0.0395186
73 0.0392812
74 0.0388979
75 0.0384606
76 0.0381256
77 0.0377488
78 0.0375094
79 0.0371384
80 0.0367467
81 0.0364539
82 0.0363361
83 0.036007
84 0.0357338
85 0.035492
86 0.0352602
87 0.034906
88 0.0346816
89 0.0342669
90 0.0341521
91 0.0338778
92 0.0336643
93 0.0333088
94 0.033134
95 0.0328995
96 0.0326185
97 0.0324055
98 0.0321999
99 0.031831
100 0.031864
101 0.0313848
102 0.031226
103 0.0309586
104 0.0308117
105 0.030581
106 0.0303516
107 0.0302347
108 0.0299491
109 0.0297317
110 0.0295448
111 0.0292795
112 0.0291597
113 0.0290818
114 0.0289679
115 0.0287274
116 0.0285069
117 0.0283532
118 0.028166
119 0.0280284
120 0.0278677
121 0.0276277
122 0.0275042
123 0.0272671
124 0.0271621
125 0.0269671
126 0.0268293
127 0.0266267
128 0.0265472
129 0.0264639
130 0.0263326
131 0.0261355
132 0.0259113
133 0.0258058
134 0.0256752
135 0.0255103
136 0.0254303
137 0.0252652
138 0.0250789
139 0.0249599
140 0.0246674
141 0.0247063
142 0.0246415
143 0.0244844
144 0.0243592
145 0.0241834
146 0.0240337
147 0.0239049
148 0.0238067
149 0.0236429
150 0.0235396
151 0.0234056
152 0.0232707
153 0.0231941
154 0.0230747
155 0.0230192
156 0.0228594
157 0.0227044
158 0.0226314
159 0.0225272
160 0.0223798
161 0.0224251
162 0.0223244
163 0.0221729
164 0.0221538
165 0.0220623
166 0.0218757
167 0.0217972
168 0.0217433
169 0.0216862
170 0.0214799
171 0.021499
172 0.0213083
173 0.0212636
174 0.0211492
175 0.0210199
176 0.0209304
177 0.0208558
178 0.0207458
179 0.0207296
180 0.0206192
181 0.0205857
182 0.0205012
183 0.0203985
184 0.0202135
185 0.0202075
186 0.0201453
187 0.0200947
188 0.020015
189 0.0198685
190 0.0198371
191 0.0197104
192 0.0196194
193 0.0195531
194 0.0194938
195 0.0193482
196 0.0193218
197 0.0192598
198 0.01925
199 0.0191822
200 0.0190748
201 0.0190046
202 0.018822
203 0.0188019
204 0.0187794
205 0.0186624
206 0.0186108
207 0.0185044
208 0.01847
209 0.0184219
210 0.0182995
211 0.0182794
212 0.0182189
213 0.0181223
214 0.0180319
215 0.0179318
216 0.0179123
217 0.0178422
218 0.0177907
219 0.017796
220 0.0177029
221 0.0176468
222 0.0175494
223 0.0174561
224 0.0174178
225 0.0174045
226 0.0173461
227 0.0173036
228 0.0171828
229 0.0171203
230 0.0170938
231 0.017074
232 0.0169919
233 0.0169638
234 0.0168697
235 0.016816
236 0.0167904
237 0.0167104
238 0.0166948
239 0.0165414
240 0.0164821
241 0.0164404
242 0.016391
243 0.0163782
244 0.0163536
245 0.0162777
246 0.0162246
247 0.0161893
248 0.0161677
249 0.0160704
250 0.0160637
251 0.0160053
252 0.0159185
253 0.0158989
254 0.0158294
255 0.0158065
256 0.0157231
257 0.015721
258 0.0156267
259 0.0156054
260 0.0155718
261 0.0155399
262 0.0154302
263 0.0153904
264 0.0154413
265 0.0153856
266 0.0153359
267 0.0152982
268 0.0152346
269 0.0151959
270 0.0151984
271 0.0151157
272 0.0150875
273 0.0150024
274 0.0149482
275 0.0149553
276 0.0148848
277 0.0148419
278 0.0147828
279 0.0147488
280 0.0147604
281 0.0146614
282 0.0146549
283 0.0146375
284 0.0145677
285 0.0145997
286 0.0145389
287 0.0145592
288 0.0144513
289 0.0144331
290 0.0143812
291 0.0143058
292 0.0142559
293 0.0142389
294 0.0142208
295 0.01419
296 0.0141381
297 0.0140799
298 0.0140624
299 0.014123
300 0.0140699
301 0.0140409
302 0.0139441
303 0.0139102
304 0.0138871
305 0.0138688
306 0.0138368
307 0.0137766
308 0.0137337
309 0.0136912
310 0.0136769
311 0.0136231
312 0.0135598
313 0.0136007
314 0.0135493
315 0.0135158
316 0.0134911
317 0.013464
318 0.0134409
319 0.0133741
320 0.0133636
321 0.0133339
322 0.0132965
323 0.0132481
324 0.0132014
325 0.0131615
326 0.0131592
327 0.013147
328 0.0131662
329 0.0130714
330 0.0130237
331 0.01296
332 0.0129133
333 0.0129143
334 0.0129048
335 0.0128324
336 0.0128238
337 0.0127581
338 0.0127594
339 0.0127227
340 0.0126882
341 0.0127162
342 0.0126477
343 0.0126197
344 0.0125817
345 0.0125728
346 0.0125116
347 0.0124967
348 0.0124874
349 0.0124382
350 0.0124269
351 0.0124015
352 0.0124002
353 0.0123469
354 0.0123063
355 0.0123
356 0.0122276
357 0.0122286
358 0.0122041
359 0.0121867
360 0.0121738
361 0.0121573
362 0.0121368
363 0.0120936
364 0.0120543
365 0.0120024
366 0.0119966
367 0.0119481
368 0.0119452
369 0.0119009
370 0.0118388
371 0.0118344
372 0.0118112
373 0.0118215
374 0.0117802
375 0.0117243
376 0.0116926
377 0.0116819
378 0.0116432
379 0.0116595
380 0.0116485
381 0.011645
382 0.0116034
383 0.0115547
384 0.0115513
385 0.0115296
386 0.0114593
387 0.0114538
388 0.0114322
389 0.0113732
390 0.0113778
391 0.0113728
392 0.0113359
393 0.011313
394 0.0112737
395 0.011271
396 0.0112452
397 0.0112413
398 0.0112146
399 0.0112005
400 0.011163
