1 0.749973
2 0.749973
3 0.749973
4 0.749973
5 0.749973
6 0.749973
7 0.749973
8 0.749973
9 0.749973
10 0.749973
11 0.749973
12 0.749973
13 0.749973
14 0.749973
15 0.749973
16 0.749973
17 0.749973
18 0.749973
19 0.749973
20 0.749973
21 0.749973
22 0.749973
23 0.749973
24 0.749973
25 0.749973
26 0.749973
27 0.749973
28 0.749973
29 0.749973
30 0.749973
31 0.749973
32 0.749973
33 0.749973
34 0.749973
35 0.749973
36 0.749973
37 0.749973
38 0.749973
39 0.749973
40 0.749973
41 0.749973
42 0.749973
43 0.749973
44 0.749973
45 0.749973
46 0.749973
47 0.749973
48 0.749973
49 0.749973
50 0.749973
51 0.749973
52 0.749973
53 0.749973
54 0.749973
55 0.749973
56 0.749973
57 0.749973
58 0.749973
59 0.749973
60 0.749973
61 0.749973
62 0.749973
63 0.749973
64 0.749973
65 0.749973
66 0.749973
67 0.749973
68 0.749973
69 0.749973
70 0.749973
71 0.749973
72 0.749973
73 0.749973
74 0.749973
75 0.749973
76 0.749973
77 0.749973
78 0.749973
79 0.749973
80 0.749973
81 0.749973
82 0.749973
83 0.749973
84 0.749973
85 0.749973
86 0.749973
87 0.749973
88 0.749973
89 0.749973
90 0.749973
91 0.749973
92 0.749973
93 0.749973
94 0.749973
95 0.749973
96 0.749973
97 0.749973
98 0.749973
99 0.749973
100 0.749973
101 0.749973
102 0.749973
103 0.749973
104 0.749973
105 0.749973
106 0.749973
107 0.749973
108 0.749973
109 0.749973
110 0.749973
111 0.749973
112 0.749973
113 0.749973
114 0.749973
115 0.749973
116 0.749973
117 0.749973
118 0.749973
119 0.749973
120 0.749973
121 0.749973
122 0.749973
123 0.749973
124 0.749973
125 0.749973
126 0.749973
127 0.749973
128 0.749973
129 0.749973
130 0.749973
131 0.749973
132 0.749973
133 0.749973
134 0.749973
135 0.749973
136 0.749973
137 0.749973
138 0.749973
139 0.749973
140 0.749973
141 0.749973
142 0.749973
143 0.749973
144 0.749973
145 0.749973
146 0.749973
147 0.749973
148 0.749973
149 0.749973
150 0.749973
151 0.749973
152 0.749973
153 0.749973
154 0.749973
155 0.749973
156 0.749973
157 0.749973
158 0.749973
159 0.749973
160 0.749973
161 0.749973
162 0.749973
163 0.749973
164 0.749973
165 0.749973
166 0.749973
167 0.749973
168 0.749973
169 0.749973
170 0.749973
171 0.749973
172 0.749973
173 0.749973
174 0.749973
175 0.749973
176 0.749973
177 0.749973
178 0.749973
179 0.749973
180 0.749973
181 0.749973
182 0.749973
183 0.749973
184 0.749973
185 0.749973
186 0.749973
187 0.749973
188 0.749973
189 0.749973
190 0.749973
191 0.749973
192 0.749973
193 0.749973
194 0.749973
195 0.749973
196 0.749973
197 0.749973
198 0.749973
199 0.749973
200 0.749973
201 0.749973
202 0.749973
203 0.749973
204 0.749973
205 0.749973
206 0.749973
207 0.749973
208 0.749973
209 0.749973
210 0.749973
211 0.749973
212 0.749973
213 0.749973
214 0.749973
215 0.749973
216 0.749973
217 0.749973
218 0.749973
219 0.749973
220 0.749973
221 0.749973
222 0.749973
223 0.749973
224 0.749973
225 0.749973
226 0.749973
227 0.749973
228 0.749973
229 0.749973
230 0.749973
231 0.749973
232 0.749973
233 0.749973
234 0.749973
235 0.749973
236 0.749973
237 0.749973
238 0.749973
239 0.749973
240 0.749973
241 0.749973
242 0.749973
243 0.749973
244 0.749973
245 0.749973
246 0.749973
247 0.749973
248 0.749973
249 0.749973
250 0.749973
251 0.749973
252 0.749973
253 0.749973
254 0.749973
255 0.749973
256 0.749973
257 0.749973
258 0.749973
259 0.749973
260 0.749973
261 0.749973
262 0.749973
263 0.749973
264 0.749973
265 0.749973
266 0.749973
267 0.749973
268 0.749973
269 0.749973
270 0.749973
271 0.749973
272 0.749973
273 0.749973
274 0.749973
275 0.749973
276 0.749973
277 0.749973
278 0.749973
279 0.749973
280 0.749973
281 0.749973
282 0.749973
283 0.749973
284 0.749973
285 0.749973
286 0.749973
287 0.749973
288 0.749973
289 0.749973
290 0.749973
291 0.749973
292 0.749973
293 0.749973
294 0.749973
295 0.749973
296 0.749973
297 0.749973
298 0.749973
299 0.749973
300 0.749973
301 0.749973
302 0.749973
303 0.749973
304 0.749973
305 0.749973
306 0.749973
307 0.749973
308 0.749973
309 0.749973
310 0.749973
311 0.749973
312 0.749973
313 0.749973
314 0.749973
315 0.749973
316 0.749973
317 0.749973
318 0.749973
319 0.749973
320 0.749973
321 0.749973
322 0.749973
323 0.749973
324 0.749973
325 0.749973
326 0.749973
327 0.749973
328 0.749973
329 0.749973
330 0.749973
331 0.749973
332 0.749973
333 0.749973
334 0.749973
335 0.749973
336 0.749973
337 0.749973
338 0.749973
339 0.749973
340 0.749973
341 0.749973
342 0.749973
343 0.749973
344 0.749973
345 0.749973
346 0.749973
347 0.749973
348 0.749973
349 0.749973
350 0.749973
351 0.749973
352 0.749973
353 0.749973
354 0.749973
355 0.749973
356 0.749973
357 0.749973
358 0.749973
359 0.749973
360 0.749973
361 0.749973
362 0.749973
363 0.749973
364 0.749973
365 0.749973
366 0.749973
367 0.749973
368 0.749973
369 0.749973
370 0.749973
371 0.749973
372 0.749973
373 0.749973
374 0.749973
375 0.749973
376 0.749973
377 0.749973
378 0.749973
379 0.749973
380 0.749973
381 0.749973
382 0.749973
383 0.749973
384 0.749973
385 0.749973
386 0.749973
387 0.749973
388 0.749973
389 0.749973
390 0.749973
391 0.749973
392 0.749973
393 0.749973
394 0.749973
395 0.749973
396 0.749973
397 0.749973
398 0.749973
399 0.749973
400 0.749973
