1 0.333396
2 0.333233
3 0.333238
4 0.333199
5 0.333356
6 0.333238
7 0.333467
8 0.348943
9 0.369348
10 0.388658
11 0.406939
12 0.424801
13 0.441354
14 0.456613
15 0.470905
16 0.484127
17 0.496473
18 0.508107
19 0.518835
20 0.528785
21 0.538036
22 0.546797
23 0.554959
24 0.562595
25 0.569785
26 0.576281
27 0.582518
28 0.588328
29 0.593763
30 0.598925
31 0.604094
32 0.608915
33 0.613602
34 0.617984
35 0.622146
36 0.626022
37 0.629817
38 0.633425
39 0.636916
40 0.640431
41 0.643839
42 0.647065
43 0.650207
44 0.653262
45 0.656215
46 0.659154
47 0.662084
48 0.664801
49 0.66749
50 0.670148
51 0.672725
52 0.675217
53 0.67762
54 0.680039
55 0.682396
56 0.684668
57 0.686819
58 0.689153
59 0.691362
60 0.693468
61 0.695489
62 0.697483
63 0.699398
64 0.701373
65 0.703232
66 0.705052
67 0.706897
68 0.708663
69 0.710335
70 0.712008
71 0.713679
72 0.715232
73 0.716972
74 0.718388
75 0.719916
76 0.721399
77 0.722827
78 0.724219
79 0.725593
80 0.726993
81 0.728297
82 0.72966
83 0.730894
84 0.732131
85 0.733507
86 0.734598
87 0.735846
88 0.736984
89 0.738074
90 0.739294
91 0.740387
92 0.741559
93 0.742582
94 0.743692
95 0.744752
96 0.745799
97 0.746812
98 0.747841
99 0.748826
100 0.74978
101 0.750787
102 0.75183
103 0.752583
104 0.753592
105 0.754486
106 0.755424
107 0.756331
108 0.757224
109 0.758084
110 0.758902
111 0.75976
112 0.760636
113 0.761493
114 0.762293
115 0.763057
116 0.763903
117 0.764612
118 0.765484
119 0.766212
120 0.766967
121 0.767743
122 0.768458
123 0.769186
124 0.769893
125 0.770634
126 0.771355
127 0.772125
128 0.772757
129 0.77334
130 0.774073
131 0.774811
132 0.775469
133 0.77616
134 0.776769
135 0.777378
136 0.778039
137 0.778704
138 0.779305
139 0.779946
140 0.780525
141 0.781147
142 0.781766
143 0.782387
144 0.782975
145 0.78358
146 0.784065
147 0.784669
148 0.78521
149 0.785819
150 0.786391
151 0.786915
152 0.787472
153 0.788007
154 0.788509
155 0.789059
156 0.789572
157 0.790099
158 0.790651
159 0.791121
160 0.79165
161 0.792145
162 0.792634
163 0.793097
164 0.793616
165 0.794063
166 0.79453
167 0.795059
168 0.79557
169 0.796071
170 0.796575
171 0.796811
172 0.797302
173 0.797782
174 0.798269
175 0.798734
176 0.799205
177 0.799664
178 0.800031
179 0.800508
180 0.800914
181 0.801337
182 0.80172
183 0.802153
184 0.802603
185 0.803009
186 0.803348
187 0.803856
188 0.804238
189 0.804631
190 0.80505
191 0.805467
192 0.805843
193 0.806211
194 0.806613
195 0.806935
196 0.807383
197 0.807747
198 0.808133
199 0.808565
200 0.808932
201 0.809303
202 0.809669
203 0.810028
204 0.810352
205 0.810841
206 0.811088
207 0.811422
208 0.811775
209 0.812159
210 0.812444
211 0.812814
212 0.813214
213 0.813564
214 0.813878
215 0.814209
216 0.814558
217 0.814862
218 0.815225
219 0.815566
220 0.815834
221 0.816174
222 0.816508
223 0.816833
224 0.817151
225 0.817465
226 0.817774
227 0.818052
228 0.818456
229 0.818726
230 0.819027
231 0.819321
232 0.81964
233 0.819908
234 0.820193
235 0.820511
236 0.820811
237 0.821113
238 0.821387
239 0.821676
240 0.821973
241 0.822334
242 0.822542
243 0.822846
244 0.823119
245 0.823382
246 0.823709
247 0.823971
248 0.824244
249 0.82454
250 0.824837
251 0.825118
252 0.825393
253 0.825696
254 0.825969
255 0.826253
256 0.826395
257 0.826529
258 0.826801
259 0.827084
260 0.827344
261 0.827618
262 0.827913
263 0.828165
264 0.828416
265 0.828686
266 0.828959
267 0.829172
268 0.82948
269 0.829716
270 0.82996
271 0.830209
272 0.830439
273 0.830608
274 0.830927
275 0.831163
276 0.831388
277 0.831639
278 0.831865
279 0.832079
280 0.832332
281 0.832552
282 0.832783
283 0.833032
284 0.833271
285 0.833471
286 0.833718
287 0.833948
288 0.834159
289 0.834384
290 0.83461
291 0.834804
292 0.834986
293 0.835343
294 0.835503
295 0.835701
296 0.835918
297 0.836126
298 0.836365
299 0.836547
300 0.836778
301 0.836967
302 0.837189
303 0.837392
304 0.837618
305 0.837806
306 0.83803
307 0.838239
308 0.838392
309 0.838596
310 0.838804
311 0.83901
312 0.839223
313 0.839405
314 0.839601
315 0.839735
316 0.840019
317 0.840201
318 0.840402
319 0.840601
320 0.840775
321 0.840951
322 0.841157
323 0.841332
324 0.84157
325 0.84175
326 0.841927
327 0.842126
328 0.842336
329 0.842522
330 0.842678
331 0.842888
332 0.843038
333 0.843224
334 0.84341
335 0.843593
336 0.843775
337 0.84394
338 0.844113
339 0.844282
340 0.844423
341 0.844513
342 0.844927
343 0.845044
344 0.845194
345 0.845357
346 0.845513
347 0.845682
348 0.845855
349 0.846033
350 0.8462
351 0.846345
352 0.846534
353 0.846683
354 0.846883
355 0.847038
356 0.847177
357 0.847389
358 0.847556
359 0.847686
360 0.847861
361 0.84801
362 0.848222
363 0.848374
364 0.848526
365 0.848714
366 0.84884
367 0.849002
368 0.849167
369 0.84933
370 0.849475
371 0.849626
372 0.849754
373 0.849984
374 0.850123
375 0.850278
376 0.850414
377 0.850565
378 0.850727
379 0.850877
380 0.851041
381 0.85118
382 0.851361
383 0.851521
384 0.851631
385 0.851739
386 0.851895
387 0.852052
388 0.852203
389 0.852358
390 0.852472
391 0.85268
392 0.852812
393 0.852954
394 0.853124
395 0.853245
396 0.853382
397 0.853538
398 0.853687
399 0.853817
400 0.853964
