1 0.500147
2 0.49972
3 0.499763
4 0.49966
5 0.499768
6 0.500018
7 0.500023
8 0.510461
9 0.523146
10 0.534764
11 0.545497
12 0.555509
13 0.564619
14 0.572875
15 0.580413
16 0.587291
17 0.59357
18 0.59935
19 0.604524
20 0.609482
21 0.613921
22 0.618133
23 0.621942
24 0.625544
25 0.628878
26 0.63185
27 0.634605
28 0.637352
29 0.639837
30 0.64222
31 0.644458
32 0.64662
33 0.648648
34 0.650634
35 0.652439
36 0.654199
37 0.65585
38 0.657401
39 0.658849
40 0.66039
41 0.661844
42 0.663183
43 0.664508
44 0.665788
45 0.666978
46 0.668211
47 0.669406
48 0.670521
49 0.671632
50 0.672692
51 0.673742
52 0.674707
53 0.675617
54 0.67659
55 0.677502
56 0.67836
57 0.679119
58 0.680089
59 0.680928
60 0.681703
61 0.682464
62 0.683228
63 0.683917
64 0.684683
65 0.685349
66 0.686029
67 0.68671
68 0.68735
69 0.687963
70 0.688574
71 0.689196
72 0.689754
73 0.690458
74 0.690886
75 0.691438
76 0.691944
77 0.692465
78 0.69294
79 0.693441
80 0.693928
81 0.694396
82 0.694872
83 0.695283
84 0.695728
85 0.696227
86 0.696589
87 0.697014
88 0.69742
89 0.697749
90 0.698193
91 0.698549
92 0.698969
93 0.699304
94 0.699705
95 0.700045
96 0.7004
97 0.700732
98 0.701082
99 0.701414
100 0.701722
101 0.702056
102 0.702424
103 0.702643
104 0.70298
105 0.703238
106 0.703576
107 0.703873
108 0.704154
109 0.704447
110 0.704706
111 0.704974
112 0.705251
113 0.705531
114 0.705783
115 0.706029
116 0.706291
117 0.706491
118 0.706798
119 0.70702
120 0.707261
121 0.7075
122 0.707707
123 0.707934
124 0.708163
125 0.708401
126 0.708603
127 0.708838
128 0.70904
129 0.70921
130 0.709444
131 0.709656
132 0.709868
133 0.710081
134 0.710266
135 0.71045
136 0.710653
137 0.710854
138 0.711036
139 0.711223
140 0.711402
141 0.711591
142 0.711775
143 0.71195
144 0.712128
145 0.712313
146 0.712446
147 0.712641
148 0.712793
149 0.712973
150 0.713135
151 0.713286
152 0.713444
153 0.713603
154 0.713758
155 0.713922
156 0.714065
157 0.71423
158 0.714375
159 0.714509
160 0.714666
161 0.714802
162 0.714953
163 0.715082
164 0.715233
165 0.71536
166 0.715497
167 0.715643
168 0.715796
169 0.715946
170 0.716127
171 0.716068
172 0.7163
173 0.71645
174 0.71659
175 0.716715
176 0.71685
177 0.716991
178 0.717084
179 0.717222
180 0.71734
181 0.717462
182 0.717568
183 0.717686
184 0.717816
185 0.717932
186 0.718018
187 0.718164
188 0.718275
189 0.718385
190 0.718498
191 0.71861
192 0.718721
193 0.718819
194 0.718928
195 0.718992
196 0.719134
197 0.719214
198 0.719342
199 0.719467
200 0.719553
201 0.719655
202 0.71975
203 0.719849
204 0.719938
205 0.720097
206 0.720132
207 0.720221
208 0.720323
209 0.720433
210 0.720503
211 0.720595
212 0.720701
213 0.720799
214 0.720882
215 0.720968
216 0.721053
217 0.721131
218 0.721229
219 0.721328
220 0.721394
221 0.721485
222 0.721573
223 0.721656
224 0.721743
225 0.721822
226 0.72191
227 0.721986
228 0.722081
229 0.722154
230 0.722233
231 0.722311
232 0.722395
233 0.722459
234 0.722538
235 0.722617
236 0.722709
237 0.72279
238 0.722858
239 0.722917
240 0.723012
241 0.723129
242 0.723157
243 0.723243
244 0.723304
245 0.723369
246 0.72345
247 0.723522
248 0.723586
249 0.723663
250 0.723736
251 0.723805
252 0.723878
253 0.723959
254 0.724033
255 0.724139
256 0.724142
257 0.724139
258 0.724244
259 0.724327
260 0.724393
261 0.72446
262 0.724542
263 0.724604
264 0.72467
265 0.724732
266 0.724804
267 0.724853
268 0.724926
269 0.724989
270 0.725043
271 0.725122
272 0.725166
273 0.725177
274 0.725276
275 0.72534
276 0.725396
277 0.725456
278 0.725513
279 0.72557
280 0.725636
281 0.725689
282 0.725749
283 0.725804
284 0.725868
285 0.725914
286 0.725977
287 0.726032
288 0.726085
289 0.72614
290 0.726197
291 0.726239
292 0.726286
293 0.726367
294 0.726399
295 0.726446
296 0.726504
297 0.726553
298 0.726616
299 0.726662
300 0.726718
301 0.726761
302 0.726814
303 0.726873
304 0.726918
305 0.726961
306 0.727021
307 0.727114
308 0.727108
309 0.727163
310 0.727213
311 0.727265
312 0.727312
313 0.727355
314 0.727406
315 0.72741
316 0.727503
317 0.72754
318 0.727596
319 0.727643
320 0.727688
321 0.727732
322 0.727781
323 0.727825
324 0.727874
325 0.727919
326 0.727954
327 0.728013
328 0.728052
329 0.728103
330 0.728132
331 0.728189
332 0.728218
333 0.728256
334 0.728303
335 0.72835
336 0.728395
337 0.728431
338 0.728476
339 0.72852
340 0.728551
341 0.728538
342 0.728674
343 0.728691
344 0.728728
345 0.728767
346 0.728803
347 0.728845
348 0.728887
349 0.728928
350 0.728967
351 0.728998
352 0.729042
353 0.729077
354 0.729126
355 0.729165
356 0.729193
357 0.729244
358 0.729281
359 0.729307
360 0.729352
361 0.729386
362 0.729427
363 0.729464
364 0.729501
365 0.72955
366 0.729564
367 0.729612
368 0.729648
369 0.729683
370 0.729721
371 0.729754
372 0.729788
373 0.729835
374 0.729871
375 0.729909
376 0.729936
377 0.729971
378 0.730006
379 0.730042
380 0.730075
381 0.730099
382 0.730148
383 0.730188
384 0.730215
385 0.730236
386 0.730278
387 0.730315
388 0.730348
389 0.730382
390 0.730405
391 0.730453
392 0.730481
393 0.730515
394 0.730552
395 0.730574
396 0.730611
397 0.730642
398 0.730684
399 0.730707
400 0.730737
