1 0.5
2 0.353998
3 0.289255
4 0.251054
5 0.225224
6 0.205738
7 0.190949
8 0.179387
9 0.169662
10 0.161813
11 0.154991
12 0.149445
13 0.144782
14 0.140439
15 0.137049
16 0.133679
17 0.130804
18 0.127815
19 0.125461
20 0.123193
21 0.120629
22 0.118862
23 0.116882
24 0.114928
25 0.113408
26 0.111989
27 0.110389
28 0.108709
29 0.107944
30 0.106683
31 0.105024
32 0.103885
33 0.102638
34 0.102432
35 0.100813
36 0.0994279
37 0.098568
38 0.0976802
39 0.0972141
40 0.0964093
41 0.0956805
42 0.0940005
43 0.0937414
44 0.0935336
45 0.092584
46 0.0915902
47 0.0910991
48 0.0903995
49 0.0901183
50 0.0897042
51 0.0895415
52 0.0885325
53 0.0880744
54 0.0872744
55 0.0872037
56 0.0867747
57 0.0872925
58 0.0862124
59 0.0857561
60 0.0854162
61 0.0848637
62 0.0845703
63 0.0844508
64 0.0836113
65 0.0842243
66 0.0836008
67 0.0837778
68 0.0834197
69 0.0835154
70 0.0831685
71 0.0827417
72 0.0827136
73 0.0809964
74 0.0824438
75 0.0821012
76 0.0821625
77 0.0825639
78 0.0821654
79 0.0822839
80 0.0819931
81 0.0817312
82 0.0818303
83 0.0819013
84 0.0816839
85 0.0818689
86 0.0818576
87 0.0815675
88 0.0817007
89 0.0821333
90 0.0814687
91 0.0817904
92 0.0817208
93 0.0815017
94 0.0816182
95 0.081097
96 0.0811286
97 0.081363
98 0.0811976
99 0.0813783
100 0.0816941
101 0.0810426
102 0.0809863
103 0.080138
104 0.0809148
105 0.0815817
106 0.0812655
107 0.080791
108 0.081419
109 0.0811579
110 0.0811473
111 0.0810775
112 0.0812464
113 0.0813575
114 0.0809561
115 0.0813857
116 0.0809642
117 0.0816478
118 0.0810433
119 0.0805823
120 0.0812908
121 0.0812167
122 0.0813047
123 0.0808223
124 0.0809819
125 0.0808131
126 0.0808854
127 0.0820545
128 0.0812203
129 0.0804298
130 0.0811697
131 0.0814797
132 0.0809211
133 0.0807482
134 0.0812284
135 0.0814109
136 0.0810043
137 0.080784
138 0.0809785
139 0.0810959
140 0.0808482
141 0.0816989
142 0.0816799
143 0.0814318
144 0.0815243
145 0.0807386
146 0.0810679
147 0.0809406
148 0.080798
149 0.0811583
150 0.0813468
151 0.0810815
152 0.0809484
153 0.0809741
154 0.080576
155 0.0808939
156 0.0806429
157 0.0808596
158 0.0809973
159 0.081257
160 0.0810209
161 0.0811811
162 0.081177
163 0.0812049
164 0.0812236
165 0.0811249
166 0.0812163
167 0.0813717
168 0.0805353
169 0.0813681
170 0.0791257
171 0.0826891
172 0.0797361
173 0.0811866
174 0.0807703
175 0.0804361
176 0.0807954
177 0.0810334
178 0.0806707
179 0.0810687
180 0.0809038
181 0.0803445
182 0.080923
183 0.0808946
184 0.0809322
185 0.0803764
186 0.0808555
187 0.0804968
188 0.0805816
189 0.0806197
190 0.0804542
191 0.0805309
192 0.0803301
193 0.0805971
194 0.0804116
195 0.0810076
196 0.0804739
197 0.0810514
198 0.0805342
199 0.0801711
200 0.0805823
201 0.08029
202 0.0803894
203 0.0802016
204 0.0801756
205 0.0791652
206 0.0804846
207 0.0801306
208 0.0800234
209 0.0803252
210 0.0804809
211 0.0800182
212 0.0803182
213 0.0803927
214 0.079937
215 0.0802072
216 0.080572
217 0.0799776
218 0.0800647
219 0.0799138
220 0.079941
221 0.0801376
222 0.0797077
223 0.0804798
224 0.0796669
225 0.0802685
226 0.0797638
227 0.0796737
228 0.0801112
229 0.0795382
230 0.0800625
231 0.0795063
232 0.08017
233 0.0798769
234 0.0798777
235 0.0799407
236 0.0796595
237 0.0796213
238 0.0795498
239 0.0798198
240 0.0797264
241 0.0788434
242 0.0795565
243 0.079501
244 0.0794317
245 0.0794486
246 0.0793588
247 0.079378
248 0.0796258
249 0.079531
250 0.0790929
251 0.0793296
252 0.0796145
253 0.080026
254 0.0791844
255 0.0771782
256 0.0795528
257 0.0813853
258 0.0798862
259 0.0786656
260 0.0788132
261 0.079298
262 0.0790111
263 0.0791701
264 0.0790774
265 0.07893
266 0.0787451
267 0.0793224
268 0.0790017
269 0.078936
270 0.0793303
271 0.0786553
272 0.0789435
273 0.0798075
274 0.0787515
275 0.0789964
276 0.0786417
277 0.0791532
278 0.0789047
279 0.078719
280 0.0788767
281 0.0788056
282 0.079117
283 0.0785613
284 0.0790424
285 0.078422
286 0.0789964
287 0.0783836
288 0.0789322
289 0.0783478
290 0.0784858
291 0.0787178
292 0.0785826
293 0.0786887
294 0.0784718
295 0.0788533
296 0.0783334
297 0.0784672
298 0.0787629
299 0.0781708
300 0.0788121
301 0.0784186
302 0.0779681
303 0.0788026
304 0.0783281
305 0.0783094
306 0.0792442
307 0.0777936
308 0.0778835
309 0.0781063
310 0.0787705
311 0.078088
312 0.0777338
313 0.0784888
314 0.078526
315 0.0788672
316 0.0778977
317 0.0780968
318 0.0784003
319 0.0782127
320 0.0777786
321 0.0779126
322 0.0780437
323 0.0781418
324 0.0781673
325 0.077882
326 0.0780655
327 0.0776521
328 0.0779386
329 0.077743
330 0.0779375
331 0.0775591
332 0.0780032
333 0.078133
334 0.0779799
335 0.0777487
336 0.0777062
337 0.0777579
338 0.0775334
339 0.0774268
340 0.0775453
341 0.0792126
342 0.0770452
343 0.0777951
344 0.0776855
345 0.0776843
346 0.0773633
347 0.0776256
348 0.0775107
349 0.0772928
350 0.0773209
351 0.0777748
352 0.0772658
353 0.0774792
354 0.0776221
355 0.0770243
356 0.0774288
357 0.07727
358 0.0772446
359 0.0773001
360 0.0773564
361 0.0772808
362 0.0772847
363 0.0771183
364 0.0771786
365 0.0771959
366 0.0775568
367 0.0770034
368 0.0772214
369 0.0771353
370 0.0772006
371 0.0771365
372 0.0770367
373 0.0770665
374 0.0769787
375 0.0767367
376 0.0770789
377 0.0770301
378 0.0771345
379 0.076931
380 0.0768965
381 0.0775422
382 0.0769275
383 0.076434
384 0.0771747
385 0.0774799
386 0.0768834
387 0.0770916
388 0.0767173
389 0.076664
390 0.0769736
391 0.0767068
392 0.0766854
393 0.0764148
394 0.0766738
395 0.076755
396 0.0766446
397 0.0766298
398 0.0764718
399 0.0763337
400 0.076701
