1 0.066358
2 0.066697
3 0.0666888
4 0.0667097
5 0.0666391
6 0.0666685
7 0.0666791
8 0.0667303
9 0.0667171
10 0.0667214
11 0.0666907
12 0.0671848
13 0.0680407
14 0.0691188
15 0.070301
16 0.0715874
17 0.072899
18 0.0742594
19 0.0756092
20 0.0769525
21 0.0783115
22 0.0796495
23 0.0810199
24 0.0824483
25 0.0839128
26 0.0854284
27 0.0870032
28 0.0886894
29 0.0903923
30 0.0921944
31 0.0939955
32 0.0958609
33 0.0977233
34 0.0996752
35 0.101657
36 0.103709
37 0.105781
38 0.107904
39 0.110075
40 0.1123
41 0.114574
42 0.11686
43 0.119214
44 0.12157
45 0.124005
46 0.126454
47 0.128959
48 0.131485
49 0.134043
50 0.136663
51 0.139238
52 0.141874
53 0.144507
54 0.147178
55 0.149862
56 0.152575
57 0.155302
58 0.158017
59 0.160761
60 0.163509
61 0.166259
62 0.168994
63 0.171804
64 0.174538
65 0.177326
66 0.180029
67 0.182822
68 0.185573
69 0.188316
70 0.191067
71 0.193796
72 0.196521
73 0.199232
74 0.201956
75 0.204662
76 0.207345
77 0.210023
78 0.212686
79 0.215326
80 0.217958
81 0.220584
82 0.223193
83 0.225755
84 0.228345
85 0.230904
86 0.23345
87 0.235972
88 0.238471
89 0.240948
90 0.243444
91 0.245925
92 0.248341
93 0.25072
94 0.253183
95 0.255562
96 0.25794
97 0.260291
98 0.262634
99 0.264943
100 0.267249
101 0.269531
102 0.271792
103 0.274048
104 0.276277
105 0.278518
106 0.280689
107 0.282875
108 0.285028
109 0.287179
110 0.289304
111 0.291419
112 0.293516
113 0.295584
114 0.297681
115 0.299722
116 0.301749
117 0.303789
118 0.305758
119 0.307747
120 0.309716
121 0.311666
122 0.313613
123 0.315541
124 0.317446
125 0.319333
126 0.32122
127 0.323084
128 0.324927
129 0.326773
130 0.328585
131 0.330381
132 0.332173
133 0.33395
134 0.335719
135 0.337472
136 0.339211
137 0.340933
138 0.342648
139 0.344346
140 0.346033
141 0.347707
142 0.349361
143 0.351017
144 0.352653
145 0.354268
146 0.355864
147 0.357498
148 0.359079
149 0.360647
150 0.362216
151 0.363781
152 0.365315
153 0.366845
154 0.368369
155 0.36988
156 0.371383
157 0.37287
158 0.374347
159 0.375814
160 0.377271
161 0.378716
162 0.380153
163 0.381586
164 0.383001
165 0.384413
166 0.385816
167 0.387205
168 0.388583
169 0.38995
170 0.391306
171 0.392702
172 0.394016
173 0.395348
174 0.396673
175 0.39799
176 0.399293
177 0.400591
178 0.4019
179 0.403166
180 0.404442
181 0.405705
182 0.406971
183 0.408211
184 0.40945
185 0.410681
186 0.411926
187 0.413127
188 0.414336
189 0.415538
190 0.416733
191 0.417917
192 0.419097
193 0.420272
194 0.421438
195 0.42261
196 0.423743
197 0.424894
198 0.426024
199 0.427148
200 0.428273
201 0.429388
202 0.430497
203 0.431599
204 0.432694
205 0.433776
206 0.434875
207 0.435952
208 0.437019
209 0.43808
210 0.439151
211 0.440194
212 0.441236
213 0.442274
214 0.443305
215 0.444333
216 0.445351
217 0.44637
218 0.447377
219 0.448379
220 0.449384
221 0.450378
222 0.451364
223 0.452345
224 0.453317
225 0.454289
226 0.455251
227 0.456214
228 0.457163
229 0.458114
230 0.45906
231 0.459999
232 0.460929
233 0.461865
234 0.462796
235 0.463704
236 0.464617
237 0.465524
238 0.466427
239 0.467328
240 0.468222
241 0.469104
242 0.469995
243 0.470878
244 0.471755
245 0.472629
246 0.473494
247 0.474357
248 0.475216
249 0.476068
250 0.476916
251 0.477765
252 0.478606
253 0.47944
254 0.480273
255 0.481079
256 0.481931
257 0.48278
258 0.483579
259 0.484386
260 0.485195
261 0.486
262 0.486797
263 0.487592
264 0.488384
265 0.489171
266 0.489954
267 0.490742
268 0.491515
269 0.492292
270 0.493066
271 0.493833
272 0.494595
273 0.495358
274 0.49611
275 0.496864
276 0.497611
277 0.498352
278 0.499097
279 0.499831
280 0.50057
281 0.501302
282 0.50203
283 0.502756
284 0.503475
285 0.504198
286 0.50491
287 0.505622
288 0.506332
289 0.507037
290 0.507735
291 0.508439
292 0.509143
293 0.509815
294 0.510516
295 0.511201
296 0.511887
297 0.512569
298 0.513245
299 0.513924
300 0.514595
301 0.515264
302 0.51593
303 0.516593
304 0.51725
305 0.517908
306 0.518562
307 0.519223
308 0.519867
309 0.520511
310 0.521154
311 0.521792
312 0.522432
313 0.523068
314 0.5237
315 0.524325
316 0.524955
317 0.525576
318 0.526201
319 0.526819
320 0.527437
321 0.528051
322 0.528665
323 0.529276
324 0.529881
325 0.530489
326 0.531094
327 0.531691
328 0.53229
329 0.532883
330 0.533478
331 0.534067
332 0.534658
333 0.535243
334 0.535829
335 0.536409
336 0.536987
337 0.537563
338 0.538138
339 0.538711
340 0.539279
341 0.539869
342 0.540407
343 0.540975
344 0.541534
345 0.542092
346 0.542652
347 0.543206
348 0.543758
349 0.544307
350 0.544855
351 0.545406
352 0.545946
353 0.546492
354 0.547028
355 0.54757
356 0.54811
357 0.548641
358 0.54917
359 0.549703
360 0.550232
361 0.550757
362 0.551281
363 0.551803
364 0.552327
365 0.552842
366 0.553363
367 0.553876
368 0.554386
369 0.554896
370 0.555408
371 0.555915
372 0.556428
373 0.556921
374 0.557423
375 0.557925
376 0.558421
377 0.558919
378 0.559414
379 0.559908
380 0.560399
381 0.560884
382 0.561377
383 0.561855
384 0.562348
385 0.562837
386 0.563311
387 0.563791
388 0.564267
389 0.56474
390 0.565219
391 0.565687
392 0.566159
393 0.566632
394 0.567095
395 0.56756
396 0.568027
397 0.568491
398 0.56895
399 0.56941
400 0.569871
