1 0.0976174
2 0.114381
3 0.123314
4 0.128628
5 0.131703
6 0.134168
7 0.136556
8 0.139041
9 0.141941
10 0.145376
11 0.149349
12 0.156356
13 0.164939
14 0.173796
15 0.182782
16 0.191051
17 0.198808
18 0.206704
19 0.21414
20 0.221835
21 0.229634
22 0.237028
23 0.244121
24 0.251612
25 0.259049
26 0.266879
27 0.274636
28 0.282992
29 0.291323
30 0.299519
31 0.30745
32 0.315585
33 0.323349
34 0.331046
35 0.338742
36 0.346307
37 0.354051
38 0.361557
39 0.369213
40 0.376526
41 0.383521
42 0.390623
43 0.39746
44 0.404288
45 0.411051
46 0.417614
47 0.424077
48 0.430122
49 0.436183
50 0.442133
51 0.448081
52 0.453911
53 0.459527
54 0.465016
55 0.470423
56 0.475996
57 0.48111
58 0.486158
59 0.491402
60 0.496243
61 0.501192
62 0.505914
63 0.510376
64 0.514769
65 0.518987
66 0.523067
67 0.527257
68 0.531114
69 0.534956
70 0.538905
71 0.542457
72 0.546184
73 0.549713
74 0.553405
75 0.55676
76 0.560105
77 0.563268
78 0.566485
79 0.569866
80 0.572944
81 0.576061
82 0.579042
83 0.581922
84 0.58476
85 0.587555
86 0.590158
87 0.592966
88 0.595598
89 0.598132
90 0.600729
91 0.603196
92 0.605876
93 0.60825
94 0.610606
95 0.613028
96 0.61544
97 0.617639
98 0.619954
99 0.622275
100 0.624529
101 0.626747
102 0.628701
103 0.630573
104 0.632506
105 0.634459
106 0.636355
107 0.638494
108 0.640365
109 0.642061
110 0.643819
111 0.645648
112 0.647501
113 0.649207
114 0.650927
115 0.652575
116 0.654338
117 0.655939
118 0.657566
119 0.659023
120 0.660704
121 0.662286
122 0.663938
123 0.665389
124 0.666885
125 0.668229
126 0.669717
127 0.671048
128 0.672373
129 0.67387
130 0.675306
131 0.676679
132 0.678057
133 0.679337
134 0.680564
135 0.681854
136 0.683077
137 0.684252
138 0.685443
139 0.686671
140 0.687924
141 0.689102
142 0.690354
143 0.691518
144 0.692726
145 0.693936
146 0.695065
147 0.696179
148 0.697355
149 0.698444
150 0.699634
151 0.700804
152 0.701982
153 0.703053
154 0.704051
155 0.705077
156 0.70621
157 0.707195
158 0.708146
159 0.709189
160 0.710276
161 0.711276
162 0.712362
163 0.713272
164 0.7142
165 0.715168
166 0.716185
167 0.71699
168 0.717812
169 0.718662
170 0.719615
171 0.720424
172 0.721353
173 0.722382
174 0.723095
175 0.72393
176 0.724705
177 0.725542
178 0.726286
179 0.727108
180 0.728092
181 0.728852
182 0.729567
183 0.730423
184 0.731142
185 0.731999
186 0.732804
187 0.733497
188 0.734212
189 0.735092
190 0.735922
191 0.736464
192 0.737314
193 0.738103
194 0.738846
195 0.739561
196 0.740172
197 0.740856
198 0.741575
199 0.742277
200 0.742833
201 0.743596
202 0.744174
203 0.744958
204 0.745652
205 0.746282
206 0.747024
207 0.747667
208 0.748379
209 0.748939
210 0.749554
211 0.750167
212 0.750823
213 0.751279
214 0.75189
215 0.752564
216 0.753205
217 0.753758
218 0.754328
219 0.754902
220 0.755401
221 0.756037
222 0.756496
223 0.757162
224 0.757775
225 0.758466
226 0.758935
227 0.759541
228 0.76004
229 0.760636
230 0.761267
231 0.761742
232 0.762414
233 0.762793
234 0.763355
235 0.763825
236 0.764268
237 0.764803
238 0.765517
239 0.765954
240 0.766463
241 0.767086
242 0.767734
243 0.768094
244 0.768516
245 0.769032
246 0.769615
247 0.770046
248 0.77058
249 0.77117
250 0.771717
251 0.7722
252 0.772576
253 0.772991
254 0.773517
255 0.774057
256 0.774532
257 0.774947
258 0.775316
259 0.775828
260 0.776265
261 0.776745
262 0.777146
263 0.777572
264 0.778044
265 0.778436
266 0.778911
267 0.779332
268 0.779762
269 0.780186
270 0.780613
271 0.781051
272 0.781466
273 0.781955
274 0.782383
275 0.782719
276 0.783093
277 0.783447
278 0.783809
279 0.784097
280 0.78464
281 0.785043
282 0.785403
283 0.785818
284 0.786299
285 0.786767
286 0.787302
287 0.787529
288 0.787912
289 0.788301
290 0.788606
291 0.788847
292 0.789268
293 0.789699
294 0.790133
295 0.790542
296 0.790939
297 0.791299
298 0.791785
299 0.792062
300 0.792397
301 0.792772
302 0.793016
303 0.793409
304 0.793846
305 0.794206
306 0.794608
307 0.794882
308 0.7953
309 0.795628
310 0.795979
311 0.796272
312 0.796623
313 0.79697
314 0.79727
315 0.797668
316 0.797928
317 0.798401
318 0.798715
319 0.799009
320 0.799288
321 0.79963
322 0.799968
323 0.800212
324 0.800617
325 0.800838
326 0.801124
327 0.801382
328 0.80172
329 0.801948
330 0.802362
331 0.802695
332 0.802867
333 0.803209
334 0.803509
335 0.803886
336 0.804236
337 0.804512
338 0.804842
339 0.805105
340 0.805387
341 0.805794
342 0.806082
343 0.806411
344 0.806658
345 0.806887
346 0.807277
347 0.807582
348 0.807807
349 0.808088
350 0.80834
351 0.808664
352 0.80889
353 0.809103
354 0.809332
355 0.809605
356 0.8099
357 0.810235
358 0.81058
359 0.810852
360 0.811151
361 0.811501
362 0.811706
363 0.811896
364 0.812134
365 0.812422
366 0.812656
367 0.813009
368 0.813256
369 0.813436
370 0.813766
371 0.813973
372 0.81423
373 0.814428
374 0.814741
375 0.814939
376 0.81521
377 0.815451
378 0.815668
379 0.815924
380 0.81622
381 0.816487
382 0.816681
383 0.816891
384 0.817102
385 0.817373
386 0.817571
387 0.817883
388 0.818111
389 0.818376
390 0.818703
391 0.818948
392 0.81922
393 0.81945
394 0.819623
395 0.819865
396 0.8201
397 0.820408
398 0.820729
399 0.820876
400 0.821115
