1 0.066358
2 0.067036
3 0.066678
4 0.066767
5 0.066401
6 0.06675
7 0.066818
8 0.067034
9 0.066725
10 0.066584
11 0.066554
12 0.072577
13 0.078401
14 0.082829
15 0.08717
16 0.090717
17 0.093632
18 0.097465
19 0.099954
20 0.102237
21 0.106159
22 0.107758
23 0.111285
24 0.114871
25 0.118523
26 0.123589
27 0.12842
28 0.133721
29 0.138968
30 0.14349
31 0.148477
32 0.153601
33 0.158229
34 0.163584
35 0.169181
36 0.17475
37 0.18061
38 0.18627
39 0.193028
40 0.198773
41 0.204473
42 0.211112
43 0.217766
44 0.22392
45 0.230867
46 0.236996
47 0.244253
48 0.249927
49 0.256525
50 0.263738
51 0.269358
52 0.276349
53 0.281652
54 0.288333
55 0.29551
56 0.30145
57 0.307329
58 0.313715
59 0.31922
60 0.325893
61 0.331815
62 0.337136
63 0.343037
64 0.348081
65 0.354348
66 0.359034
67 0.364923
68 0.370336
69 0.375235
70 0.379695
71 0.385218
72 0.39035
73 0.395219
74 0.400363
75 0.404182
76 0.408433
77 0.413383
78 0.417697
79 0.421562
80 0.426173
81 0.430458
82 0.434021
83 0.437849
84 0.44198
85 0.445974
86 0.449483
87 0.45329
88 0.455816
89 0.46027
90 0.463583
91 0.467348
92 0.470488
93 0.47419
94 0.477664
95 0.479698
96 0.483589
97 0.486569
98 0.489561
99 0.491987
100 0.494872
101 0.497629
102 0.500659
103 0.503172
104 0.505966
105 0.508663
106 0.511236
107 0.514138
108 0.516372
109 0.519198
110 0.521209
111 0.523797
112 0.526585
113 0.528736
114 0.531216
115 0.533809
116 0.535205
117 0.537242
118 0.539898
119 0.542131
120 0.543719
121 0.546018
122 0.548586
123 0.550204
124 0.552122
125 0.553912
126 0.556152
127 0.557842
128 0.560006
129 0.56131
130 0.563057
131 0.564366
132 0.566741
133 0.569682
134 0.570614
135 0.571993
136 0.574098
137 0.57547
138 0.577162
139 0.578915
140 0.580214
141 0.582207
142 0.583129
143 0.585678
144 0.586921
145 0.588116
146 0.589751
147 0.590873
148 0.592278
149 0.593492
150 0.595922
151 0.597514
152 0.597956
153 0.599559
154 0.601317
155 0.602664
156 0.603781
157 0.604958
158 0.6065
159 0.607457
160 0.609004
161 0.610101
162 0.611315
163 0.61356
164 0.61447
165 0.615359
166 0.616548
167 0.618227
168 0.619169
169 0.620039
170 0.621121
171 0.622633
172 0.624265
173 0.62468
174 0.625756
175 0.627088
176 0.627811
177 0.629441
178 0.630572
179 0.63113
180 0.632709
181 0.633004
182 0.634531
183 0.635391
184 0.636298
185 0.637548
186 0.639239
187 0.639668
188 0.640232
189 0.64103
190 0.642522
191 0.643053
192 0.644726
193 0.645415
194 0.646418
195 0.647575
196 0.647867
197 0.648933
198 0.649908
199 0.650356
200 0.651817
201 0.652194
202 0.653804
203 0.654266
204 0.654944
205 0.655954
206 0.657145
207 0.65841
208 0.658205
209 0.65956
210 0.660141
211 0.660882
212 0.661828
213 0.662615
214 0.662857
215 0.6638
216 0.664807
217 0.665806
218 0.666288
219 0.667258
220 0.668379
221 0.668865
222 0.669673
223 0.670153
224 0.670208
225 0.671608
226 0.672621
227 0.672941
228 0.674153
229 0.674528
230 0.675291
231 0.676012
232 0.675845
233 0.677728
234 0.678222
235 0.678028
236 0.679844
237 0.679705
238 0.680218
239 0.681303
240 0.682073
241 0.68277
242 0.683509
243 0.684578
244 0.684396
245 0.685405
246 0.686223
247 0.686639
248 0.686968
249 0.687736
250 0.688701
251 0.689604
252 0.689795
253 0.690219
254 0.690881
255 0.69157
256 0.692296
257 0.692983
258 0.693313
259 0.694156
260 0.694553
261 0.69534
262 0.695427
263 0.69613
264 0.696331
265 0.69699
266 0.698741
267 0.698558
268 0.699399
269 0.70008
270 0.701014
271 0.700952
272 0.70126
273 0.702234
274 0.702309
275 0.703165
276 0.702769
277 0.703769
278 0.704487
279 0.705286
280 0.705827
281 0.706165
282 0.706671
283 0.707409
284 0.707844
285 0.708419
286 0.708486
287 0.709399
288 0.709526
289 0.710351
290 0.71006
291 0.71169
292 0.711964
293 0.712358
294 0.712336
295 0.712909
296 0.71339
297 0.714464
298 0.714453
299 0.715987
300 0.715469
301 0.716191
302 0.715456
303 0.716825
304 0.717083
305 0.717708
306 0.717951
307 0.718718
308 0.719079
309 0.719382
310 0.719909
311 0.71996
312 0.721301
313 0.721008
314 0.721955
315 0.721889
316 0.722768
317 0.722609
318 0.723343
319 0.72369
320 0.724104
321 0.724779
322 0.725369
323 0.725718
324 0.72604
325 0.726637
326 0.727092
327 0.727488
328 0.728387
329 0.727764
330 0.728191
331 0.729003
332 0.729336
333 0.730055
334 0.730842
335 0.730495
336 0.730907
337 0.731089
338 0.731609
339 0.732663
340 0.732195
341 0.73256
342 0.733443
343 0.733062
344 0.733412
345 0.734289
346 0.734991
347 0.735366
348 0.735318
349 0.735764
350 0.736243
351 0.736402
352 0.737089
353 0.737327
354 0.738086
355 0.738501
356 0.738592
357 0.738894
358 0.739005
359 0.739464
360 0.740248
361 0.740167
362 0.740307
363 0.741029
364 0.74147
365 0.741316
366 0.74216
367 0.742403
368 0.741824
369 0.743013
370 0.742929
371 0.74396
372 0.74416
373 0.744342
374 0.744695
375 0.744538
376 0.744667
377 0.745822
378 0.746111
379 0.746376
380 0.746729
381 0.747143
382 0.747521
383 0.747815
384 0.747711
385 0.748122
386 0.747893
387 0.748533
388 0.74832
389 0.749697
390 0.749435
391 0.750291
392 0.750256
393 0.751282
394 0.750683
395 0.751173
396 0.751356
397 0.75188
398 0.751992
399 0.752522
400 0.75323
