1 0.499749
2 0.499958
3 0.500046
4 0.499757
5 0.499781
6 0.49981
7 0.499923
8 0.499916
9 0.499936
10 0.499942
11 0.51414
12 0.526461
13 0.537056
14 0.546266
15 0.554158
16 0.561254
17 0.568099
18 0.574925
19 0.581799
20 0.588658
21 0.595524
22 0.602522
23 0.609303
24 0.615949
25 0.622371
26 0.628597
27 0.634488
28 0.640428
29 0.645987
30 0.651269
31 0.65654
32 0.661455
33 0.666171
34 0.670555
35 0.674919
36 0.679038
37 0.68284
38 0.686454
39 0.689912
40 0.693137
41 0.696165
42 0.699024
43 0.701737
44 0.704391
45 0.706826
46 0.709265
47 0.711355
48 0.713529
49 0.715611
50 0.717489
51 0.719367
52 0.721187
53 0.722832
54 0.724446
55 0.726067
56 0.727562
57 0.728811
58 0.730428
59 0.731843
60 0.733169
61 0.734437
62 0.735712
63 0.736901
64 0.738201
65 0.739359
66 0.740606
67 0.741729
68 0.742855
69 0.743965
70 0.745073
71 0.746121
72 0.747208
73 0.748479
74 0.749201
75 0.750235
76 0.751185
77 0.752232
78 0.75315
79 0.754045
80 0.754945
81 0.755877
82 0.75669
83 0.757511
84 0.758387
85 0.759309
86 0.760122
87 0.760792
88 0.761596
89 0.762285
90 0.763125
91 0.76381
92 0.764611
93 0.765226
94 0.765976
95 0.766616
96 0.76716
97 0.767731
98 0.768258
99 0.768811
100 0.769316
101 0.769932
102 0.770534
103 0.770979
104 0.771538
105 0.772102
106 0.772688
107 0.773219
108 0.773726
109 0.77423
110 0.774687
111 0.775105
112 0.775524
113 0.775937
114 0.776276
115 0.77665
116 0.776989
117 0.777288
118 0.777714
119 0.778002
120 0.778311
121 0.778637
122 0.778867
123 0.779182
124 0.779481
125 0.77977
126 0.780031
127 0.78028
128 0.780591
129 0.780846
130 0.781128
131 0.781335
132 0.781638
133 0.781901
134 0.782151
135 0.782398
136 0.782639
137 0.782866
138 0.783116
139 0.783321
140 0.783596
141 0.783829
142 0.784062
143 0.784301
144 0.784563
145 0.784826
146 0.785044
147 0.78531
148 0.785581
149 0.785813
150 0.786057
151 0.786313
152 0.786587
153 0.786852
154 0.787166
155 0.787419
156 0.787691
157 0.787964
158 0.788234
159 0.788503
160 0.788808
161 0.789085
162 0.789394
163 0.789665
164 0.789964
165 0.790282
166 0.790594
167 0.790883
168 0.791239
169 0.791478
170 0.791996
171 0.791957
172 0.79259
173 0.792807
174 0.793129
175 0.793491
176 0.793807
177 0.794158
178 0.794471
179 0.794792
180 0.795166
181 0.795496
182 0.795822
183 0.796149
184 0.796521
185 0.796879
186 0.797172
187 0.797561
188 0.797884
189 0.79822
190 0.79856
191 0.798896
192 0.799242
193 0.799564
194 0.799915
195 0.800199
196 0.800597
197 0.800884
198 0.80127
199 0.801632
200 0.801942
201 0.802266
202 0.80259
203 0.802922
204 0.80326
205 0.803667
206 0.803876
207 0.80421
208 0.804532
209 0.804876
210 0.805149
211 0.805468
212 0.805781
213 0.806109
214 0.806411
215 0.806716
216 0.807017
217 0.807307
218 0.807626
219 0.80793
220 0.808236
221 0.808494
222 0.808816
223 0.809087
224 0.809381
225 0.809663
226 0.809968
227 0.810259
228 0.810496
229 0.810801
230 0.811069
231 0.811348
232 0.811616
233 0.811869
234 0.81214
235 0.812415
236 0.812697
237 0.812965
238 0.81322
239 0.813448
240 0.813744
241 0.81406
242 0.81425
243 0.814515
244 0.814761
245 0.81501
246 0.815263
247 0.815509
248 0.815743
249 0.815995
250 0.816257
251 0.816494
252 0.816712
253 0.816896
254 0.817196
255 0.817624
256 0.81767
257 0.817703
258 0.818116
259 0.818436
260 0.818614
261 0.818801
262 0.81904
263 0.81927
264 0.819505
265 0.819718
266 0.819924
267 0.820132
268 0.820351
269 0.820582
270 0.82079
271 0.821025
272 0.821222
273 0.821363
274 0.821643
275 0.821847
276 0.822054
277 0.822253
278 0.822454
279 0.822667
280 0.822866
281 0.823071
282 0.823275
283 0.823473
284 0.823673
285 0.823877
286 0.824071
287 0.824263
288 0.824456
289 0.824652
290 0.824853
291 0.825011
292 0.825231
293 0.825419
294 0.82559
295 0.825778
296 0.825965
297 0.826142
298 0.826331
299 0.826513
300 0.826704
301 0.826873
302 0.82705
303 0.827234
304 0.827409
305 0.827579
306 0.827732
307 0.827992
308 0.828104
309 0.828286
310 0.82844
311 0.828632
312 0.828787
313 0.828942
314 0.829126
315 0.829228
316 0.829468
317 0.829619
318 0.829787
319 0.829946
320 0.830119
321 0.830285
322 0.830437
323 0.8306
324 0.830761
325 0.830919
326 0.83105
327 0.831238
328 0.831376
329 0.831565
330 0.831685
331 0.831856
332 0.831997
333 0.832133
334 0.832289
335 0.832459
336 0.832598
337 0.832726
338 0.832896
339 0.83306
340 0.833204
341 0.833214
342 0.833527
343 0.833607
344 0.833755
345 0.833917
346 0.834058
347 0.834201
348 0.834335
349 0.834489
350 0.834621
351 0.83475
352 0.834893
353 0.835026
354 0.835173
355 0.835322
356 0.835445
357 0.835587
358 0.835722
359 0.835846
360 0.835977
361 0.836115
362 0.836233
363 0.836374
364 0.836508
365 0.836643
366 0.836734
367 0.836902
368 0.837019
369 0.837137
370 0.837266
371 0.837393
372 0.837529
373 0.837644
374 0.837782
375 0.837906
376 0.83803
377 0.838155
378 0.838265
379 0.838385
380 0.838504
381 0.838607
382 0.838727
383 0.838887
384 0.838984
385 0.839074
386 0.839234
387 0.839335
388 0.839454
389 0.839576
390 0.83967
391 0.839802
392 0.839921
393 0.840036
394 0.840159
395 0.840259
396 0.840377
397 0.840485
398 0.84062
399 0.840721
400 0.840818
