1 1.93222
2 1.03457
3 0.709414
4 0.638456
5 0.680251
6 0.770881
7 0.882165
8 1.00203
9 1.1253
10 1.25343
11 0.443815
12 0.308654
13 0.329728
14 0.368128
15 0.395077
16 0.414577
17 0.32726
18 0.272749
19 0.230847
20 0.229702
21 0.216226
22 0.202206
23 0.176885
24 0.164042
25 0.150482
26 0.140079
27 0.130457
28 0.121266
29 0.11188
30 0.105385
31 0.0981109
32 0.0925156
33 0.0868677
34 0.0820432
35 0.0772151
36 0.0734615
37 0.0695768
38 0.0661484
39 0.0629247
40 0.0601227
41 0.0573373
42 0.0549919
43 0.0526232
44 0.0505444
45 0.0487362
46 0.0470542
47 0.0454366
48 0.0439558
49 0.042517
50 0.041241
51 0.0399893
52 0.0388857
53 0.0377713
54 0.0367863
55 0.0358295
56 0.0349506
57 0.0340923
58 0.0333373
59 0.0325304
60 0.0318144
61 0.0310742
62 0.0304001
63 0.0298452
64 0.0292564
65 0.0286851
66 0.0281577
67 0.027629
68 0.0271174
69 0.0266315
70 0.0261474
71 0.0256797
72 0.0252887
73 0.0248874
74 0.0244451
75 0.0240537
76 0.0236609
77 0.0232907
78 0.022925
79 0.0226036
80 0.0222531
81 0.0219318
82 0.0215876
83 0.0212554
84 0.0209596
85 0.0206745
86 0.0204056
87 0.0201268
88 0.0198483
89 0.0195435
90 0.0192877
91 0.0190164
92 0.0187674
93 0.0185236
94 0.0182497
95 0.0180412
96 0.0177956
97 0.0175914
98 0.0173455
99 0.0171262
100 0.0169247
101 0.0167353
102 0.0165329
103 0.0163339
104 0.016146
105 0.0159776
106 0.0157797
107 0.0156017
108 0.0154247
109 0.0152398
110 0.015089
111 0.0148967
112 0.0147367
113 0.0145688
114 0.0144473
115 0.0142721
116 0.0141265
117 0.0139686
118 0.013843
119 0.0136932
120 0.013558
121 0.0133996
122 0.013273
123 0.0131503
124 0.0130187
125 0.0128773
126 0.0127804
127 0.0126664
128 0.0125581
129 0.0124456
130 0.0123408
131 0.0122202
132 0.0120978
133 0.0119976
134 0.01189
135 0.0117875
136 0.0116966
137 0.0115848
138 0.0115018
139 0.0113946
140 0.0112921
141 0.0112008
142 0.0110893
143 0.0110011
144 0.0109254
145 0.0108349
146 0.010757
147 0.0106707
148 0.0106121
149 0.0105165
150 0.0104577
151 0.0103753
152 0.010301
153 0.0102167
154 0.0101405
155 0.0100679
156 0.00999275
157 0.00991268
158 0.00985133
159 0.00978201
160 0.00971384
161 0.00963509
162 0.00956151
163 0.00950049
164 0.00944124
165 0.00936101
166 0.00930089
167 0.00923461
168 0.00917436
169 0.00910116
170 0.00905275
171 0.00897822
172 0.00892176
173 0.00885432
174 0.00881547
175 0.00874419
176 0.00869086
177 0.00862152
178 0.00856444
179 0.00850336
180 0.00846503
181 0.00841101
182 0.00836327
183 0.00830617
184 0.00824558
185 0.0081959
186 0.00814448
187 0.0080957
188 0.00804934
189 0.00799761
190 0.00796549
191 0.00791835
192 0.00787278
193 0.00783713
194 0.007782
195 0.00773205
196 0.0076874
197 0.00763206
198 0.00758488
199 0.00753498
200 0.00749641
201 0.00745465
202 0.00741105
203 0.00737975
204 0.00733366
205 0.00728757
206 0.00725215
207 0.00721332
208 0.00718374
209 0.00714374
210 0.0071057
211 0.00705998
212 0.00703125
213 0.00699782
214 0.00695921
215 0.00691724
216 0.00687442
217 0.00683243
218 0.00679855
219 0.00675658
220 0.00673372
221 0.00668932
222 0.00666034
223 0.00662241
224 0.00658327
225 0.00655617
226 0.00653118
227 0.00647994
228 0.00645794
229 0.00641877
230 0.00638773
231 0.00636273
232 0.00633384
233 0.00629391
234 0.00626963
235 0.00624116
236 0.00621114
237 0.00618346
238 0.00615845
239 0.00611704
240 0.00609163
241 0.00606635
242 0.00603264
243 0.006011
244 0.0059773
245 0.00594919
246 0.00592424
247 0.00589012
248 0.00586915
249 0.00583966
250 0.00581494
251 0.00579075
252 0.00576573
253 0.00572594
254 0.00570032
255 0.00567708
256 0.00565594
257 0.00563075
258 0.00559606
259 0.00556356
260 0.0055414
261 0.00551066
262 0.00548317
263 0.00546188
264 0.00545196
265 0.00542344
266 0.0053914
267 0.00536932
268 0.00535197
269 0.00531885
270 0.00529575
271 0.00527955
272 0.0052565
273 0.00523752
274 0.00522294
275 0.0051953
276 0.00517435
277 0.00515493
278 0.00513178
279 0.00511346
280 0.00509506
281 0.00507669
282 0.00505828
283 0.00503275
284 0.00501342
285 0.00498716
286 0.00497362
287 0.00495485
288 0.00493616
289 0.00491329
290 0.00489694
291 0.00487806
292 0.00485768
293 0.00483953
294 0.00482017
295 0.00480316
296 0.00478164
297 0.00476643
298 0.00475057
299 0.00472977
300 0.00471122
301 0.00469578
302 0.00467825
303 0.00465695
304 0.00464713
305 0.00463279
306 0.00461201
307 0.00459593
308 0.00457747
309 0.0045573
310 0.0045414
311 0.00453236
312 0.00450853
313 0.00449534
314 0.00448048
315 0.00446681
316 0.00445235
317 0.0044386
318 0.00442099
319 0.00440177
320 0.00439172
321 0.00437563
322 0.00435642
323 0.00434346
324 0.00432822
325 0.00431286
326 0.00429641
327 0.00427879
328 0.00426946
329 0.00424932
330 0.00423756
331 0.00422114
332 0.004201
333 0.00418561
334 0.00417902
335 0.0041622
336 0.00415189
337 0.00414008
338 0.00412591
339 0.0041128
340 0.0040973
341 0.00408396
342 0.00407339
343 0.00405567
344 0.00403833
345 0.00402614
346 0.00401452
347 0.00400655
348 0.00398862
349 0.0039731
350 0.00395678
351 0.00395268
352 0.00393929
353 0.00392306
354 0.00391045
355 0.00389986
356 0.00388575
357 0.00387424
358 0.00385744
359 0.00385513
360 0.00383893
361 0.00383182
362 0.00381511
363 0.00380514
364 0.00378917
365 0.00378571
366 0.00377486
367 0.00376288
368 0.00374905
369 0.00374277
370 0.00373403
371 0.00372355
372 0.00371478
373 0.00369912
374 0.00368302
375 0.00367311
376 0.00366436
377 0.00365442
378 0.00364519
379 0.00363406
380 0.00362371
381 0.00361646
382 0.00360164
383 0.00358698
384 0.00357676
385 0.00356307
386 0.00355233
387 0.00354158
388 0.00353278
389 0.00352379
390 0.00351149
391 0.00349893
392 0.00349561
393 0.00348012
394 0.00346834
395 0.00345913
396 0.003453
397 0.00343768
398 0.00342967
399 0.00341808
400 0.00340882
