1 0.50037
2 0.52429
3 0.543132
4 0.557075
5 0.568978
6 0.579625
7 0.588478
8 0.596575
9 0.60408
10 0.610515
11 0.617056
12 0.623178
13 0.628332
14 0.63323
15 0.637955
16 0.643056
17 0.647195
18 0.65219
19 0.655206
20 0.658959
21 0.662558
22 0.66609
23 0.669076
24 0.671186
25 0.6747
26 0.678152
27 0.681172
28 0.684058
29 0.686567
30 0.688735
31 0.691805
32 0.694105
33 0.696997
34 0.699002
35 0.700802
36 0.702978
37 0.705612
38 0.707175
39 0.709539
40 0.711764
41 0.713468
42 0.715292
43 0.717558
44 0.71878
45 0.720243
46 0.722512
47 0.72437
48 0.725163
49 0.727532
50 0.72897
51 0.729914
52 0.731136
53 0.733309
54 0.73434
55 0.736719
56 0.737314
57 0.739676
58 0.740594
59 0.741239
60 0.743126
61 0.74412
62 0.745448
63 0.746715
64 0.747626
65 0.748436
66 0.75016
67 0.751161
68 0.752787
69 0.753202
70 0.7542
71 0.755617
72 0.757038
73 0.757761
74 0.759197
75 0.759781
76 0.760934
77 0.762026
78 0.762955
79 0.76354
80 0.764653
81 0.764853
82 0.766898
83 0.767357
84 0.768895
85 0.769994
86 0.769983
87 0.770636
88 0.771233
89 0.772985
90 0.773581
91 0.774579
92 0.774611
93 0.776712
94 0.77714
95 0.778264
96 0.778826
97 0.77958
98 0.779755
99 0.781026
100 0.781502
101 0.78174
102 0.782919
103 0.783109
104 0.783668
105 0.785387
106 0.785587
107 0.786196
108 0.78732
109 0.787787
110 0.788341
111 0.78934
112 0.789761
113 0.790828
114 0.791238
115 0.791554
116 0.792714
117 0.793132
118 0.79302
119 0.793484
120 0.794924
121 0.795215
122 0.796065
123 0.796396
124 0.796787
125 0.798
126 0.797967
127 0.798431
128 0.79942
129 0.799878
130 0.800217
131 0.801308
132 0.801624
133 0.801768
134 0.802239
135 0.803163
136 0.803449
137 0.80379
138 0.804421
139 0.804698
140 0.805736
141 0.805831
142 0.806311
143 0.806924
144 0.807305
145 0.807937
146 0.807999
147 0.809523
148 0.809458
149 0.809891
150 0.80999
151 0.810628
152 0.81203
153 0.811808
154 0.812115
155 0.81206
156 0.813297
157 0.813314
158 0.814239
159 0.814384
160 0.814792
161 0.815138
162 0.815449
163 0.816162
164 0.816539
165 0.817198
166 0.817028
167 0.818576
168 0.818057
169 0.818708
170 0.818398
171 0.819242
172 0.81967
173 0.819809
174 0.820282
175 0.821287
176 0.820987
177 0.821382
178 0.822125
179 0.822253
180 0.822657
181 0.822758
182 0.823865
183 0.82349
184 0.823647
185 0.824416
186 0.824714
187 0.825164
188 0.825333
189 0.825675
190 0.826387
191 0.826599
192 0.826986
193 0.82759
194 0.827428
195 0.828058
196 0.828118
197 0.828292
198 0.82899
199 0.828881
200 0.829419
201 0.829588
202 0.830731
203 0.830257
204 0.830622
205 0.831048
206 0.831465
207 0.831518
208 0.831747
209 0.832807
210 0.833205
211 0.833411
212 0.833268
213 0.833835
214 0.833736
215 0.834549
216 0.834096
217 0.834743
218 0.83466
219 0.835073
220 0.835235
221 0.836256
222 0.836114
223 0.836044
224 0.836537
225 0.836428
226 0.837352
227 0.837182
228 0.837795
229 0.838543
230 0.838031
231 0.838808
232 0.839098
233 0.838831
234 0.839136
235 0.839353
236 0.839805
237 0.840246
238 0.840393
239 0.840832
240 0.841343
241 0.840938
242 0.841246
243 0.841786
244 0.842286
245 0.842247
246 0.842819
247 0.842714
248 0.84274
249 0.843458
250 0.843743
251 0.843242
252 0.844087
253 0.844449
254 0.844651
255 0.84488
256 0.844649
257 0.845119
258 0.845372
259 0.845451
260 0.845977
261 0.846211
262 0.84624
263 0.846062
264 0.846777
265 0.846761
266 0.8474
267 0.84772
268 0.847586
269 0.848217
270 0.84747
271 0.848122
272 0.848692
273 0.848638
274 0.848996
275 0.848537
276 0.848999
277 0.849351
278 0.850177
279 0.850076
280 0.850563
281 0.850406
282 0.851109
283 0.851068
284 0.850993
285 0.851415
286 0.851328
287 0.851949
288 0.851502
289 0.852154
290 0.852057
291 0.852515
292 0.852298
293 0.852858
294 0.853039
295 0.853321
296 0.853579
297 0.853522
298 0.854134
299 0.853668
300 0.85391
301 0.853867
302 0.85438
303 0.854715
304 0.855026
305 0.85512
306 0.854903
307 0.85542
308 0.85616
309 0.856164
310 0.856497
311 0.856351
312 0.856389
313 0.856248
314 0.856695
315 0.857287
316 0.857384
317 0.857347
318 0.857837
319 0.858127
320 0.858147
321 0.858393
322 0.858377
323 0.858599
324 0.858394
325 0.8585
326 0.858895
327 0.859092
328 0.859127
329 0.859352
330 0.859502
331 0.859977
332 0.859742
333 0.86011
334 0.860421
335 0.86059
336 0.860809
337 0.860575
338 0.861249
339 0.861351
340 0.861436
341 0.861527
342 0.861392
343 0.861563
344 0.861928
345 0.862273
346 0.862412
347 0.86239
348 0.8626
349 0.862542
350 0.862757
351 0.862813
352 0.863016
353 0.863476
354 0.863039
355 0.86375
356 0.863347
357 0.864072
358 0.864154
359 0.864598
360 0.864368
361 0.864554
362 0.86491
363 0.865031
364 0.865394
365 0.86546
366 0.865421
367 0.865883
368 0.865671
369 0.866182
370 0.866455
371 0.86637
372 0.866375
373 0.866562
374 0.866507
375 0.866506
376 0.866643
377 0.866639
378 0.86714
379 0.8673
380 0.86735
381 0.86773
382 0.8677
383 0.867732
384 0.867508
385 0.868215
386 0.868141
387 0.868678
388 0.868537
389 0.868452
390 0.869308
391 0.868477
392 0.868976
393 0.869726
394 0.869701
395 0.86976
396 0.869659
397 0.869424
398 0.870086
399 0.870135
400 0.870231
