1 0.0734061
2 0.0706036
3 0.0683049
4 0.0663588
5 0.0646673
6 0.063153
7 0.0617835
8 0.0605365
9 0.0593858
10 0.0583127
11 0.0573226
12 0.0563943
13 0.0555184
14 0.0546939
15 0.053922
16 0.0531776
17 0.0524706
18 0.0517891
19 0.0511478
20 0.0505288
21 0.0499369
22 0.0493686
23 0.0488208
24 0.0482993
25 0.0477939
26 0.047304
27 0.0468284
28 0.0463669
29 0.04592
30 0.0454915
31 0.045072
32 0.0446635
33 0.0442657
34 0.0438804
35 0.0435056
36 0.0431403
37 0.0427843
38 0.0424384
39 0.0420994
40 0.0417685
41 0.0414455
42 0.0411301
43 0.0408212
44 0.0405204
45 0.0402269
46 0.0399408
47 0.039659
48 0.0393848
49 0.0391139
50 0.0388482
51 0.0385904
52 0.0383375
53 0.0380881
54 0.037845
55 0.0376042
56 0.0373697
57 0.0371372
58 0.0369094
59 0.0366873
60 0.0364687
61 0.0362532
62 0.0360417
63 0.0358339
64 0.0356298
65 0.0354302
66 0.0352323
67 0.0350377
68 0.0348457
69 0.0346581
70 0.0344729
71 0.0342902
72 0.0341102
73 0.0339324
74 0.0337569
75 0.0335856
76 0.0334159
77 0.0332483
78 0.0330835
79 0.0329212
80 0.0327613
81 0.0326042
82 0.0324481
83 0.0322943
84 0.0321414
85 0.0319908
86 0.0318432
87 0.0316975
88 0.0315544
89 0.0314118
90 0.0312711
91 0.0311322
92 0.0309958
93 0.0308598
94 0.030726
95 0.0305929
96 0.0304615
97 0.0303324
98 0.0302046
99 0.0300779
100 0.0299528
101 0.0298299
102 0.029708
103 0.0295879
104 0.0294694
105 0.0293515
106 0.029235
107 0.0291198
108 0.0290052
109 0.0288927
110 0.0287814
111 0.028671
112 0.0285619
113 0.0284534
114 0.0283462
115 0.0282405
116 0.0281356
117 0.0280318
118 0.0279296
119 0.027828
120 0.0277273
121 0.0276277
122 0.0275287
123 0.0274309
124 0.0273343
125 0.0272378
126 0.0271434
127 0.0270496
128 0.0269567
129 0.0268646
130 0.0267734
131 0.0266827
132 0.0265927
133 0.0265038
134 0.0264158
135 0.0263285
136 0.0262421
137 0.0261564
138 0.0260716
139 0.0259874
140 0.0259037
141 0.0258214
142 0.0257396
143 0.0256581
144 0.0255774
145 0.0254972
146 0.0254181
147 0.0253388
148 0.0252612
149 0.0251837
150 0.0251071
151 0.0250313
152 0.0249554
153 0.0248806
154 0.0248061
155 0.0247329
156 0.0246594
157 0.0245869
158 0.0245149
159 0.0244435
160 0.0243727
161 0.0243026
162 0.0242332
163 0.024164
164 0.0240952
165 0.0240269
166 0.0239593
167 0.0238916
168 0.023825
169 0.0237589
170 0.0236935
171 0.0236283
172 0.0235637
173 0.0234997
174 0.0234361
175 0.0233724
176 0.0233097
177 0.0232473
178 0.0231853
179 0.0231239
180 0.0230629
181 0.0230025
182 0.022942
183 0.0228826
184 0.0228231
185 0.0227642
186 0.0227057
187 0.0226474
188 0.0225899
189 0.0225326
190 0.0224756
191 0.0224189
192 0.0223626
193 0.0223068
194 0.0222514
195 0.0221963
196 0.0221415
197 0.0220873
198 0.0220332
199 0.0219797
200 0.0219263
201 0.0218734
202 0.0218204
203 0.0217682
204 0.0217162
205 0.0216647
206 0.0216133
207 0.0215624
208 0.0215118
209 0.0214613
210 0.021411
211 0.0213609
212 0.0213112
213 0.0212617
214 0.0212129
215 0.021164
216 0.0211158
217 0.0210677
218 0.0210201
219 0.0209727
220 0.0209256
221 0.0208786
222 0.0208321
223 0.0207857
224 0.0207395
225 0.0206939
226 0.0206484
227 0.0206031
228 0.0205583
229 0.0205134
230 0.0204691
231 0.0204247
232 0.0203806
233 0.020337
234 0.0202937
235 0.0202505
236 0.0202075
237 0.0201647
238 0.0201223
239 0.0200799
240 0.0200377
241 0.0199959
242 0.0199543
243 0.019913
244 0.0198716
245 0.0198307
246 0.0197897
247 0.0197492
248 0.019709
249 0.0196688
250 0.0196289
251 0.0195894
252 0.0195499
253 0.0195106
254 0.0194714
255 0.0194325
256 0.019394
257 0.0193556
258 0.0193174
259 0.0192796
260 0.0192417
261 0.0192041
262 0.0191667
263 0.0191295
264 0.0190924
265 0.0190556
266 0.019019
267 0.0189823
268 0.0189461
269 0.0189098
270 0.018874
271 0.0188383
272 0.0188027
273 0.0187673
274 0.0187321
275 0.0186971
276 0.0186622
277 0.0186276
278 0.0185929
279 0.0185585
280 0.0185241
281 0.0184901
282 0.0184562
283 0.0184223
284 0.0183887
285 0.0183552
286 0.018322
287 0.0182888
288 0.018256
289 0.0182231
290 0.0181904
291 0.0181579
292 0.0181257
293 0.0180935
294 0.0180614
295 0.0180295
296 0.0179976
297 0.017966
298 0.0179344
299 0.0179032
300 0.0178719
301 0.017841
302 0.0178101
303 0.0177793
304 0.0177486
305 0.0177182
306 0.0176879
307 0.0176577
308 0.0176274
309 0.0175974
310 0.0175675
311 0.0175377
312 0.0175082
313 0.0174789
314 0.0174496
315 0.0174203
316 0.0173912
317 0.0173622
318 0.0173334
319 0.0173046
320 0.017276
321 0.0172475
322 0.0172192
323 0.0171909
324 0.0171628
325 0.0171349
326 0.0171071
327 0.0170794
328 0.0170518
329 0.0170244
330 0.0169971
331 0.0169697
332 0.0169425
333 0.0169154
334 0.0168884
335 0.0168616
336 0.0168349
337 0.0168083
338 0.0167818
339 0.0167554
340 0.0167291
341 0.0167029
342 0.0166769
343 0.0166511
344 0.0166252
345 0.0165994
346 0.0165737
347 0.0165482
348 0.0165227
349 0.0164974
350 0.0164721
351 0.016447
352 0.016422
353 0.0163971
354 0.0163724
355 0.0163476
356 0.0163231
357 0.0162985
358 0.0162741
359 0.0162495
360 0.0162253
361 0.0162011
362 0.016177
363 0.0161529
364 0.0161289
365 0.016105
366 0.0160812
367 0.0160574
368 0.0160338
369 0.0160103
370 0.0159867
371 0.0159634
372 0.0159401
373 0.015917
374 0.015894
375 0.0158711
376 0.0158483
377 0.0158256
378 0.0158028
379 0.0157803
380 0.0157578
381 0.0157352
382 0.0157128
383 0.0156905
384 0.0156684
385 0.0156463
386 0.0156242
387 0.0156023
388 0.0155804
389 0.0155586
390 0.0155368
391 0.0155152
392 0.0154936
393 0.015472
394 0.0154506
395 0.0154292
396 0.0154078
397 0.0153867
398 0.0153656
399 0.0153446
400 0.0153237
