1 0.10001
2 0.10001
3 0.100103
4 0.100027
5 0.100041
6 0.100076
7 0.100052
8 0.0999655
9 0.100012
10 0.100041
11 0.099992
12 0.101812
13 0.104279
14 0.10684
15 0.10904
16 0.111216
17 0.113298
18 0.114932
19 0.116641
20 0.118094
21 0.119297
22 0.121022
23 0.123199
24 0.12581
25 0.128728
26 0.131225
27 0.133692
28 0.1366
29 0.139805
30 0.143269
31 0.145368
32 0.148574
33 0.151573
34 0.154868
35 0.158419
36 0.160508
37 0.164134
38 0.166303
39 0.17034
40 0.172519
41 0.175179
42 0.178465
43 0.180658
44 0.184118
45 0.186506
46 0.189506
47 0.192356
48 0.194415
49 0.197214
50 0.200927
51 0.203313
52 0.204672
53 0.206955
54 0.210069
55 0.212734
56 0.214715
57 0.217257
58 0.219281
59 0.22277
60 0.224732
61 0.226937
62 0.228035
63 0.231772
64 0.232794
65 0.235182
66 0.236305
67 0.238988
68 0.241015
69 0.242509
70 0.246379
71 0.246901
72 0.249064
73 0.250891
74 0.253177
75 0.254845
76 0.257066
77 0.259045
78 0.260057
79 0.26185
80 0.26373
81 0.265621
82 0.266729
83 0.268727
84 0.270792
85 0.271915
86 0.273909
87 0.27538
88 0.277359
89 0.278852
90 0.279958
91 0.28184
92 0.283791
93 0.284798
94 0.286923
95 0.287533
96 0.289265
97 0.291632
98 0.292158
99 0.293935
100 0.294833
101 0.296706
102 0.29774
103 0.299639
104 0.301182
105 0.301314
106 0.303833
107 0.304732
108 0.305859
109 0.307516
110 0.309075
111 0.310021
112 0.311638
113 0.312391
114 0.314041
115 0.315666
116 0.316265
117 0.317457
118 0.318725
119 0.319651
120 0.321682
121 0.322334
122 0.323381
123 0.325083
124 0.325547
125 0.326579
126 0.327447
127 0.329767
128 0.330102
129 0.332033
130 0.333007
131 0.333873
132 0.334422
133 0.336667
134 0.336954
135 0.338565
136 0.339348
137 0.340159
138 0.341898
139 0.34237
140 0.343471
141 0.3442
142 0.345248
143 0.346823
144 0.347222
145 0.348321
146 0.349636
147 0.350474
148 0.351504
149 0.352097
150 0.352855
151 0.354634
152 0.354859
153 0.35658
154 0.356809
155 0.358325
156 0.358753
157 0.359953
158 0.361309
159 0.36178
160 0.362562
161 0.364047
162 0.364892
163 0.365435
164 0.366747
165 0.366842
166 0.367964
167 0.369137
168 0.369264
169 0.371172
170 0.37169
171 0.372968
172 0.373015
173 0.374211
174 0.374842
175 0.37571
176 0.377217
177 0.378399
178 0.378593
179 0.379218
180 0.380027
181 0.381141
182 0.381464
183 0.38294
184 0.383845
185 0.384571
186 0.384654
187 0.385822
188 0.386239
189 0.387188
190 0.387588
191 0.388247
192 0.389586
193 0.390822
194 0.390568
195 0.391523
196 0.392835
197 0.39345
198 0.394572
199 0.394894
200 0.39489
201 0.396559
202 0.397106
203 0.397292
204 0.398403
205 0.399068
206 0.400028
207 0.400656
208 0.401006
209 0.402002
210 0.402987
211 0.403551
212 0.403918
213 0.405509
214 0.40541
215 0.406222
216 0.40691
217 0.408032
218 0.408095
219 0.408724
220 0.41004
221 0.409844
222 0.410832
223 0.411414
224 0.412278
225 0.412915
226 0.414056
227 0.414224
228 0.414729
229 0.41468
230 0.416624
231 0.416652
232 0.417358
233 0.418106
234 0.418501
235 0.418877
236 0.419477
237 0.420127
238 0.420793
239 0.421866
240 0.421717
241 0.422724
242 0.423215
243 0.424492
244 0.424825
245 0.425351
246 0.425878
247 0.426182
248 0.426825
249 0.4281
250 0.428833
251 0.428534
252 0.429124
253 0.429499
254 0.430251
255 0.431655
256 0.431484
257 0.432006
258 0.433074
259 0.433249
260 0.434159
261 0.434775
262 0.435713
263 0.435868
264 0.436745
265 0.436826
266 0.437346
267 0.437327
268 0.437846
269 0.438945
270 0.439143
271 0.440048
272 0.440704
273 0.441184
274 0.442169
275 0.442247
276 0.442844
277 0.443519
278 0.444058
279 0.444398
280 0.444722
281 0.445394
282 0.445563
283 0.446695
284 0.447138
285 0.447499
286 0.448068
287 0.448789
288 0.449528
289 0.449866
290 0.450308
291 0.45132
292 0.450968
293 0.451778
294 0.451592
295 0.452469
296 0.453152
297 0.453728
298 0.453605
299 0.454697
300 0.455005
301 0.456169
302 0.456244
303 0.456811
304 0.458001
305 0.458061
306 0.457748
307 0.458944
308 0.458381
309 0.459431
310 0.459889
311 0.460688
312 0.461042
313 0.460996
314 0.461802
315 0.462546
316 0.462723
317 0.462904
318 0.463294
319 0.464759
320 0.464464
321 0.465582
322 0.465597
323 0.466343
324 0.466316
325 0.466796
326 0.467985
327 0.468208
328 0.467775
329 0.468514
330 0.46927
331 0.468918
332 0.47004
333 0.470409
334 0.470793
335 0.471273
336 0.472088
337 0.473235
338 0.472477
339 0.472462
340 0.473367
341 0.4739
342 0.474668
343 0.47496
344 0.475338
345 0.475748
346 0.476019
347 0.476375
348 0.477079
349 0.477398
350 0.477315
351 0.478499
352 0.478566
353 0.478803
354 0.479661
355 0.47955
356 0.480138
357 0.480009
358 0.480321
359 0.482032
360 0.481327
361 0.481524
362 0.482409
363 0.482897
364 0.482925
365 0.484356
366 0.483521
367 0.484457
368 0.485598
369 0.485819
370 0.486101
371 0.486415
372 0.485773
373 0.486811
374 0.487411
375 0.487148
376 0.487621
377 0.488741
378 0.488794
379 0.489134
380 0.490304
381 0.489991
382 0.490006
383 0.490058
384 0.491571
385 0.491543
386 0.492481
387 0.492135
388 0.493273
389 0.493159
390 0.49332
391 0.493958
392 0.494119
393 0.495251
394 0.495099
395 0.495415
396 0.495533
397 0.495682
398 0.497044
399 0.496287
400 0.497581
