1 0.5
2 0.364905
3 0.294951
4 0.253861
5 0.226525
6 0.206342
7 0.190679
8 0.178318
9 0.167791
10 0.159099
11 0.151625
12 0.146328
13 0.141432
14 0.136607
15 0.13254
16 0.128915
17 0.125642
18 0.121982
19 0.118671
20 0.116208
21 0.113149
22 0.110641
23 0.108967
24 0.107247
25 0.105711
26 0.104682
27 0.103503
28 0.102069
29 0.101462
30 0.100517
31 0.0994167
32 0.098471
33 0.097568
34 0.0972028
35 0.0962191
36 0.0954836
37 0.0947025
38 0.0945173
39 0.0941832
40 0.0941025
41 0.0934424
42 0.0929599
43 0.0924663
44 0.0928415
45 0.0920627
46 0.0918417
47 0.0916349
48 0.0913782
49 0.091456
50 0.0911332
51 0.0910924
52 0.0909479
53 0.0908274
54 0.0903159
55 0.0904402
56 0.090268
57 0.0906183
58 0.0903264
59 0.0897847
60 0.0898087
61 0.0895986
62 0.0892946
63 0.0893798
64 0.0889723
65 0.0896294
66 0.0891291
67 0.0892016
68 0.0891346
69 0.0890886
70 0.0889939
71 0.0888323
72 0.0886715
73 0.0879991
74 0.0887632
75 0.088542
76 0.0887682
77 0.0885263
78 0.088697
79 0.0885687
80 0.088467
81 0.0883858
82 0.0887279
83 0.0884837
84 0.0882542
85 0.0887924
86 0.0880531
87 0.088177
88 0.0882522
89 0.0880741
90 0.0879025
91 0.0879294
92 0.0877423
93 0.0875611
94 0.0878838
95 0.0876834
96 0.0875499
97 0.0876188
98 0.0876385
99 0.0876006
100 0.0876592
101 0.0875054
102 0.0881305
103 0.0875357
104 0.0875863
105 0.0871315
106 0.0872096
107 0.0874811
108 0.0871589
109 0.0869329
110 0.0874351
111 0.0870153
112 0.0872042
113 0.0867783
114 0.0868853
115 0.0869367
116 0.087145
117 0.0871459
118 0.0871057
119 0.0868261
120 0.0868135
121 0.086762
122 0.086582
123 0.0868592
124 0.0865892
125 0.0865316
126 0.0862269
127 0.0866381
128 0.0863951
129 0.0864854
130 0.0861891
131 0.0864116
132 0.0864968
133 0.0862902
134 0.0863832
135 0.086369
136 0.0860955
137 0.0861035
138 0.0860979
139 0.0858502
140 0.0861337
141 0.0859959
142 0.0858815
143 0.0860906
144 0.0857825
145 0.086055
146 0.0859743
147 0.0857295
148 0.0857008
149 0.0856737
150 0.0855339
151 0.0855386
152 0.0855229
153 0.0854827
154 0.0855526
155 0.0855608
156 0.0853943
157 0.0853864
158 0.0854222
159 0.0853124
160 0.0854182
161 0.0852537
162 0.0852661
163 0.0851531
164 0.0852755
165 0.0852353
166 0.0850635
167 0.0850412
168 0.0849144
169 0.0850388
170 0.0859345
171 0.0859609
172 0.0848665
173 0.0847448
174 0.0848195
175 0.0850806
176 0.0848923
177 0.0848853
178 0.0845157
179 0.0849555
180 0.0846675
181 0.0845635
182 0.0845643
183 0.0846063
184 0.0846758
185 0.084607
186 0.0841455
187 0.084852
188 0.0844233
189 0.0844058
190 0.0843434
191 0.0843948
192 0.08424
193 0.0844307
194 0.0843667
195 0.0844042
196 0.0842985
197 0.0845305
198 0.0841687
199 0.0843752
200 0.0840872
201 0.084115
202 0.0840365
203 0.0842556
204 0.0839388
205 0.0844165
206 0.08385
207 0.0840961
208 0.0840922
209 0.0838222
210 0.0837377
211 0.083981
212 0.0838151
213 0.0836423
214 0.0840289
215 0.0838144
216 0.0837577
217 0.0836927
218 0.0834989
219 0.0835769
220 0.0838695
221 0.0837473
222 0.083571
223 0.0834418
224 0.0836309
225 0.0832403
226 0.0834897
227 0.0835935
228 0.0834459
229 0.0833988
230 0.0833738
231 0.0834256
232 0.0835275
233 0.0835685
234 0.0832897
235 0.083192
236 0.0832779
237 0.083265
238 0.0831425
239 0.0833675
240 0.0831855
241 0.0831692
242 0.0832038
243 0.0831762
244 0.083159
245 0.0831814
246 0.0831422
247 0.0830333
248 0.0831172
249 0.0831034
250 0.083142
251 0.0829489
252 0.0829451
253 0.0828218
254 0.0829336
255 0.0838332
256 0.0829685
257 0.0817565
258 0.0827694
259 0.0827705
260 0.0827163
261 0.0826247
262 0.0825894
263 0.0828792
264 0.082759
265 0.0825462
266 0.0826334
267 0.0827023
268 0.082694
269 0.0824221
270 0.0824247
271 0.0823116
272 0.0825009
273 0.0825852
274 0.0825125
275 0.0824933
276 0.0823149
277 0.082508
278 0.0822238
279 0.0823547
280 0.082474
281 0.0822948
282 0.0823744
283 0.0821984
284 0.0823342
285 0.082157
286 0.0822911
287 0.0821095
288 0.0820578
289 0.0821228
290 0.0823427
291 0.0820476
292 0.0821376
293 0.0820312
294 0.0818887
295 0.0818934
296 0.0819362
297 0.0819478
298 0.081958
299 0.0819738
300 0.0819487
301 0.0818197
302 0.0818208
303 0.0818683
304 0.0818652
305 0.0819316
306 0.081758
307 0.0814704
308 0.0818565
309 0.0816677
310 0.0818064
311 0.0816598
312 0.0817607
313 0.0815632
314 0.0816874
315 0.0817388
316 0.0816427
317 0.0818106
318 0.0815819
319 0.0816865
320 0.08141
321 0.0817064
322 0.0814967
323 0.0815198
324 0.081597
325 0.0814177
326 0.0813783
327 0.0813727
328 0.0815218
329 0.0813954
330 0.081442
331 0.0812477
332 0.0814803
333 0.0814142
334 0.0812396
335 0.081358
336 0.0812266
337 0.0813269
338 0.0812141
339 0.0812385
340 0.081242
341 0.0811548
342 0.0812818
343 0.0812581
344 0.0812446
345 0.081262
346 0.0811438
347 0.0812528
348 0.0810808
349 0.0810806
350 0.0812018
351 0.0812871
352 0.0810153
353 0.0810538
354 0.0811084
355 0.0811071
356 0.0811168
357 0.080888
358 0.0809945
359 0.0811387
360 0.0809664
361 0.0809936
362 0.0808146
363 0.081017
364 0.0808496
365 0.0809854
366 0.0807416
367 0.0808122
368 0.0808096
369 0.0807427
370 0.0807805
371 0.0808279
372 0.0807181
373 0.0808752
374 0.0809266
375 0.0806446
376 0.0806884
377 0.0808507
378 0.0806396
379 0.0806269
380 0.0807475
381 0.0807375
382 0.0804935
383 0.0806945
384 0.0806272
385 0.0805605
386 0.0805825
387 0.0806173
388 0.0805527
389 0.0805806
390 0.0804235
391 0.080562
392 0.0805026
393 0.0806402
394 0.0805181
395 0.0804994
396 0.0804833
397 0.0804365
398 0.0806389
399 0.0803007
400 0.0804439
