1 0.501379
2 0.500404
3 0.500449
4 0.500222
5 0.500252
6 0.50015
7 0.50171
8 0.503452
9 0.50532
10 0.507197
11 0.508939
12 0.510604
13 0.512232
14 0.51386
15 0.515382
16 0.516819
17 0.518165
18 0.519457
19 0.52064
20 0.52182
21 0.522933
22 0.524041
23 0.525111
24 0.526114
25 0.527088
26 0.528
27 0.528892
28 0.52977
29 0.530584
30 0.53136
31 0.53217
32 0.532922
33 0.533665
34 0.53432
35 0.535035
36 0.535683
37 0.536329
38 0.53694
39 0.537532
40 0.538138
41 0.538678
42 0.539294
43 0.539831
44 0.540375
45 0.540892
46 0.541431
47 0.541922
48 0.542411
49 0.542888
50 0.543352
51 0.543789
52 0.54427
53 0.544695
54 0.545145
55 0.545567
56 0.545973
57 0.546339
58 0.54678
59 0.547162
60 0.547552
61 0.547927
62 0.54832
63 0.548661
64 0.549024
65 0.549366
66 0.549736
67 0.550062
68 0.550403
69 0.550735
70 0.551075
71 0.551383
72 0.551683
73 0.552033
74 0.552299
75 0.552587
76 0.552876
77 0.553171
78 0.553459
79 0.553722
80 0.553991
81 0.554267
82 0.55453
83 0.554826
84 0.555093
85 0.555297
86 0.555609
87 0.555866
88 0.556111
89 0.556355
90 0.556613
91 0.55684
92 0.557076
93 0.557338
94 0.557541
95 0.557772
96 0.557995
97 0.558233
98 0.558444
99 0.558677
100 0.558887
101 0.559099
102 0.559262
103 0.559509
104 0.559733
105 0.559924
106 0.560124
107 0.560321
108 0.560519
109 0.56072
110 0.560913
111 0.561099
112 0.561293
113 0.561482
114 0.561672
115 0.561843
116 0.56202
117 0.562194
118 0.562356
119 0.562553
120 0.562728
121 0.562907
122 0.563086
123 0.563237
124 0.563404
125 0.563564
126 0.563748
127 0.563898
128 0.564061
129 0.564215
130 0.564375
131 0.564512
132 0.564673
133 0.56482
134 0.564964
135 0.565114
136 0.565258
137 0.565413
138 0.565556
139 0.565712
140 0.565853
141 0.565994
142 0.566137
143 0.566276
144 0.566424
145 0.566563
146 0.566693
147 0.566835
148 0.566965
149 0.5671
150 0.567231
151 0.567364
152 0.567495
153 0.567622
154 0.567743
155 0.567878
156 0.568
157 0.568127
158 0.568245
159 0.568372
160 0.568494
161 0.568613
162 0.568728
163 0.568867
164 0.568974
165 0.569093
166 0.569217
167 0.569324
168 0.569433
169 0.569549
170 0.56959
171 0.569691
172 0.569882
173 0.569991
174 0.570099
175 0.570199
176 0.570307
177 0.570414
178 0.57054
179 0.57062
180 0.570726
181 0.570832
182 0.570939
183 0.57104
184 0.571128
185 0.571234
186 0.57136
187 0.57143
188 0.571532
189 0.571626
190 0.57173
191 0.571825
192 0.571919
193 0.572015
194 0.572112
195 0.57219
196 0.572297
197 0.572378
198 0.572489
199 0.572571
200 0.57267
201 0.57276
202 0.572847
203 0.572932
204 0.573022
205 0.573079
206 0.573204
207 0.573283
208 0.573375
209 0.573466
210 0.573562
211 0.57363
212 0.573719
213 0.573803
214 0.57388
215 0.573967
216 0.574045
217 0.574124
218 0.574212
219 0.574301
220 0.574371
221 0.574447
222 0.574531
223 0.574614
224 0.574691
225 0.574772
226 0.574843
227 0.574922
228 0.574998
229 0.575069
230 0.575152
231 0.575232
232 0.575306
233 0.575372
234 0.575467
235 0.575525
236 0.575601
237 0.575676
238 0.575752
239 0.575812
240 0.575897
241 0.575979
242 0.576034
243 0.576107
244 0.576178
245 0.576246
246 0.576318
247 0.57639
248 0.576457
249 0.576526
250 0.576582
251 0.576652
252 0.576725
253 0.576791
254 0.576854
255 0.576851
256 0.576992
257 0.577128
258 0.577129
259 0.577187
260 0.577249
261 0.577315
262 0.577379
263 0.577439
264 0.577504
265 0.577572
266 0.577627
267 0.577686
268 0.577752
269 0.577816
270 0.577877
271 0.577945
272 0.577994
273 0.578044
274 0.578117
275 0.578182
276 0.578238
277 0.578296
278 0.578363
279 0.578416
280 0.578476
281 0.578536
282 0.578594
283 0.578656
284 0.578706
285 0.578766
286 0.578821
287 0.578877
288 0.578935
289 0.578988
290 0.57904
291 0.579101
292 0.579159
293 0.579226
294 0.579272
295 0.579326
296 0.579382
297 0.57944
298 0.57949
299 0.579551
300 0.579597
301 0.579651
302 0.579711
303 0.579761
304 0.57981
305 0.579859
306 0.579916
307 0.579993
308 0.580015
309 0.580067
310 0.580115
311 0.580163
312 0.580214
313 0.580273
314 0.580321
315 0.580359
316 0.58042
317 0.580465
318 0.580523
319 0.580567
320 0.580618
321 0.580664
322 0.580718
323 0.580764
324 0.580813
325 0.58086
326 0.580919
327 0.580958
328 0.581008
329 0.581046
330 0.581105
331 0.58115
332 0.581193
333 0.581238
334 0.581292
335 0.581332
336 0.581378
337 0.58142
338 0.581471
339 0.581513
340 0.58156
341 0.581639
342 0.58165
343 0.581696
344 0.581744
345 0.581785
346 0.581834
347 0.581871
348 0.581918
349 0.581957
350 0.582004
351 0.582045
352 0.582089
353 0.58213
354 0.582171
355 0.582215
356 0.582257
357 0.5823
358 0.58234
359 0.582382
360 0.582426
361 0.582465
362 0.582509
363 0.582552
364 0.582594
365 0.582633
366 0.582687
367 0.582712
368 0.58275
369 0.582788
370 0.582828
371 0.582871
372 0.58291
373 0.582948
374 0.58299
375 0.583033
376 0.583071
377 0.583112
378 0.583147
379 0.583189
380 0.583226
381 0.58326
382 0.583306
383 0.583338
384 0.583379
385 0.583416
386 0.583456
387 0.583491
388 0.583528
389 0.583564
390 0.583614
391 0.583636
392 0.583675
393 0.58371
394 0.583751
395 0.583783
396 0.583824
397 0.583862
398 0.583886
399 0.583936
400 0.583971
