1 0.5
2 0.357752
3 0.295156
4 0.25844
5 0.233736
6 0.215396
7 0.20136
8 0.190303
9 0.181058
10 0.173497
11 0.166864
12 0.161197
13 0.156311
14 0.151664
15 0.148041
16 0.144415
17 0.141347
18 0.13831
19 0.135747
20 0.133432
21 0.130996
22 0.129155
23 0.127287
24 0.125483
25 0.123925
26 0.122487
27 0.120949
28 0.119605
29 0.118616
30 0.11735
31 0.116204
32 0.115097
33 0.114187
34 0.113446
35 0.112536
36 0.111615
37 0.110812
38 0.110282
39 0.109702
40 0.109037
41 0.108532
42 0.10782
43 0.107354
44 0.107121
45 0.106563
46 0.106037
47 0.105501
48 0.105238
49 0.10499
50 0.104662
51 0.1043
52 0.103967
53 0.103785
54 0.103246
55 0.103243
56 0.102892
57 0.102667
58 0.102539
59 0.102141
60 0.101973
61 0.101788
62 0.101478
63 0.10123
64 0.100833
65 0.101136
66 0.10094
67 0.100761
68 0.1006
69 0.100429
70 0.100417
71 0.100181
72 0.0999105
73 0.0997554
74 0.0997651
75 0.0996308
76 0.0997054
77 0.0995355
78 0.0995085
79 0.0995458
80 0.0993202
81 0.0992027
82 0.0993192
83 0.0991516
84 0.099009
85 0.0991214
86 0.0988776
87 0.0988676
88 0.0988427
89 0.0987471
90 0.0987206
91 0.0986534
92 0.0984919
93 0.0984061
94 0.0984081
95 0.0984332
96 0.0982987
97 0.0982441
98 0.0983664
99 0.098268
100 0.0982427
101 0.0981287
102 0.0983306
103 0.0980683
104 0.0981289
105 0.0980514
106 0.0980529
107 0.0981547
108 0.0979924
109 0.0978663
110 0.0980815
111 0.0978456
112 0.097887
113 0.0978197
114 0.0977234
115 0.0978066
116 0.0979164
117 0.0979065
118 0.0978678
119 0.0977973
120 0.0977038
121 0.0976634
122 0.0976923
123 0.097715
124 0.0976581
125 0.0975671
126 0.0975051
127 0.0975957
128 0.0975326
129 0.0975943
130 0.0974841
131 0.0975892
132 0.0976851
133 0.0974953
134 0.0975605
135 0.0975521
136 0.0974887
137 0.0975601
138 0.097437
139 0.0972814
140 0.0975497
141 0.0974227
142 0.0975106
143 0.0974997
144 0.0973641
145 0.0975205
146 0.0974574
147 0.0973567
148 0.0974268
149 0.0973307
150 0.0973618
151 0.0973631
152 0.0973318
153 0.097321
154 0.0973344
155 0.0974384
156 0.0973345
157 0.0973429
158 0.0974016
159 0.0973898
160 0.0973485
161 0.0973083
162 0.097273
163 0.0972863
164 0.0974019
165 0.0973541
166 0.0972625
167 0.0973406
168 0.0972497
169 0.0972354
170 0.0975925
171 0.0975135
172 0.097166
173 0.0972385
174 0.0972719
175 0.097356
176 0.0973123
177 0.0973249
178 0.0972727
179 0.0973823
180 0.0972556
181 0.0972039
182 0.0972835
183 0.097308
184 0.0972711
185 0.097202
186 0.097084
187 0.097474
188 0.0972213
189 0.0972232
190 0.0972558
191 0.0972517
192 0.097108
193 0.0973673
194 0.0972762
195 0.0973694
196 0.0973558
197 0.0973053
198 0.0972731
199 0.0972682
200 0.0972946
201 0.0972409
202 0.097231
203 0.0973481
204 0.097171
205 0.0975627
206 0.097144
207 0.0973393
208 0.0972757
209 0.0971798
210 0.0972141
211 0.0972699
212 0.0972451
213 0.0971324
214 0.0973665
215 0.0972697
216 0.0972428
217 0.097276
218 0.097227
219 0.0972373
220 0.0973547
221 0.0972869
222 0.0972322
223 0.0972576
224 0.09728
225 0.0971526
226 0.0972673
227 0.0973628
228 0.0972996
229 0.0972506
230 0.0972057
231 0.097265
232 0.0973578
233 0.0973524
234 0.097276
235 0.0972521
236 0.0972869
237 0.0972812
238 0.0972541
239 0.0973008
240 0.0972679
241 0.0972815
242 0.0972893
243 0.0973045
244 0.0973149
245 0.097437
246 0.0973717
247 0.097337
248 0.0973682
249 0.0973267
250 0.0973809
251 0.0973172
252 0.0972848
253 0.0973253
254 0.0973217
255 0.0976778
256 0.0973864
257 0.0968795
258 0.097261
259 0.0972935
260 0.0972555
261 0.0972567
262 0.0972343
263 0.0974107
264 0.097397
265 0.097282
266 0.0973607
267 0.0974679
268 0.0973979
269 0.0972699
270 0.0972442
271 0.0972414
272 0.0973152
273 0.0973145
274 0.0973792
275 0.0973879
276 0.0972858
277 0.0973416
278 0.0971407
279 0.0973397
280 0.0973844
281 0.0973526
282 0.0973357
283 0.0972443
284 0.0973682
285 0.0973302
286 0.0973475
287 0.097252
288 0.0972599
289 0.0973593
290 0.0974513
291 0.0972455
292 0.0973514
293 0.0973194
294 0.0972785
295 0.097225
296 0.0973405
297 0.0973122
298 0.0972823
299 0.0974032
300 0.0973382
301 0.0972774
302 0.0973302
303 0.097289
304 0.0972397
305 0.0974217
306 0.0972895
307 0.097175
308 0.0973223
309 0.0972077
310 0.0973682
311 0.0972733
312 0.0972975
313 0.0972927
314 0.0973192
315 0.09732
316 0.0973595
317 0.0973344
318 0.0972777
319 0.0973605
320 0.0972327
321 0.097454
322 0.0972541
323 0.0973244
324 0.0973142
325 0.0972776
326 0.0973041
327 0.0972684
328 0.0974051
329 0.0972304
330 0.0973604
331 0.097252
332 0.0973353
333 0.0973497
334 0.0972817
335 0.0973376
336 0.0972452
337 0.0973022
338 0.0973028
339 0.0973266
340 0.0973054
341 0.0972547
342 0.0972268
343 0.0974069
344 0.0973194
345 0.0973397
346 0.0972757
347 0.0973373
348 0.0972808
349 0.0972927
350 0.0973364
351 0.0974133
352 0.0973108
353 0.0972615
354 0.0974165
355 0.0973333
356 0.0974031
357 0.0972739
358 0.0973189
359 0.0973768
360 0.0973183
361 0.0973896
362 0.0972846
363 0.0973324
364 0.0973501
365 0.0973345
366 0.0973065
367 0.097286
368 0.0973546
369 0.0973305
370 0.0972523
371 0.097404
372 0.0972786
373 0.097314
374 0.0974664
375 0.0972671
376 0.0972996
377 0.0974373
378 0.0972743
379 0.0973063
380 0.0973619
381 0.0973005
382 0.0972941
383 0.0974124
384 0.0973466
385 0.097289
386 0.0973661
387 0.0973665
388 0.09734
389 0.0974485
390 0.0972886
391 0.0973308
392 0.0973579
393 0.0974193
394 0.097353
395 0.0973529
396 0.097357
397 0.0973783
398 0.0973743
399 0.0972947
400 0.0973351
