1 0.266433
2 0.383658
3 0.141568
4 0.136274
5 0.106081
6 0.0735229
7 0.0912755
8 0.0772816
9 0.11179
10 0.0685069
11 0.0656428
12 0.0634479
13 0.0504733
14 0.0493171
15 0.0446307
16 0.0420982
17 0.038595
18 0.0376319
19 0.0339911
20 0.0334639
21 0.0329709
22 0.0302621
23 0.0290091
24 0.0286168
25 0.0269382
26 0.0263932
27 0.0253268
28 0.024521
29 0.0237048
30 0.0236071
31 0.0221473
32 0.0218816
33 0.021331
34 0.0205389
35 0.02028
36 0.0197577
37 0.0191102
38 0.0187196
39 0.0183158
40 0.0179515
41 0.0174235
42 0.0171908
43 0.0166957
44 0.0165592
45 0.0161835
46 0.0157662
47 0.0154836
48 0.0153256
49 0.014992
50 0.0147274
51 0.014485
52 0.0143039
53 0.0139575
54 0.013849
55 0.0136113
56 0.0134453
57 0.0131271
58 0.0129199
59 0.0127487
60 0.0126159
61 0.0123987
62 0.0123095
63 0.0121186
64 0.0119317
65 0.0118699
66 0.0116028
67 0.0114996
68 0.0113288
69 0.0112195
70 0.0110738
71 0.0109263
72 0.0108699
73 0.0106419
74 0.0105509
75 0.0104064
76 0.0103212
77 0.0102871
78 0.0100937
79 0.0100011
80 0.00994655
81 0.00981897
82 0.00974008
83 0.009617
84 0.00957193
85 0.00946873
86 0.00934472
87 0.00929788
88 0.00917141
89 0.00914079
90 0.00898977
91 0.00895168
92 0.00882455
93 0.00881425
94 0.008656
95 0.00865121
96 0.00860738
97 0.00848658
98 0.00843359
99 0.00835577
100 0.00830464
101 0.00819079
102 0.00816803
103 0.00809521
104 0.00803095
105 0.00799365
106 0.00797187
107 0.00788334
108 0.00787297
109 0.00779017
110 0.0077119
111 0.00764275
112 0.00756742
113 0.00756604
114 0.00748228
115 0.0074556
116 0.00739909
117 0.00732753
118 0.0073221
119 0.00724661
120 0.00719265
121 0.00716787
122 0.00707882
123 0.0070977
124 0.00705039
125 0.00704155
126 0.00693613
127 0.00689094
128 0.00682858
129 0.00683399
130 0.00677751
131 0.00675498
132 0.00672383
133 0.00670132
134 0.00662282
135 0.00660989
136 0.00654189
137 0.00654592
138 0.00646764
139 0.00641875
140 0.00641052
141 0.00638932
142 0.00633247
143 0.00630509
144 0.00626023
145 0.00622223
146 0.00620154
147 0.0062102
148 0.00614698
149 0.00612114
150 0.00610653
151 0.00607097
152 0.00607412
153 0.00595529
154 0.00598663
155 0.00594947
156 0.00590405
157 0.00589977
158 0.0058222
159 0.00584544
160 0.0058193
161 0.00573062
162 0.00574272
163 0.00574036
164 0.0057009
165 0.00568918
166 0.00562947
167 0.00558768
168 0.00559104
169 0.00557357
170 0.00551186
171 0.00549976
172 0.00546161
173 0.0054914
174 0.00546323
175 0.00548495
176 0.0054144
177 0.00537553
178 0.00531889
179 0.00536013
180 0.00529072
181 0.00526747
182 0.00530444
183 0.00522878
184 0.00524596
185 0.00521807
186 0.00520857
187 0.00511531
188 0.00515944
189 0.00511923
190 0.00508988
191 0.00510421
192 0.00507568
193 0.0050282
194 0.00506306
195 0.00499718
196 0.00500867
197 0.00496393
198 0.0049416
199 0.00489504
200 0.00495073
201 0.00489607
202 0.00489091
203 0.00484786
204 0.00485751
205 0.00479064
206 0.00479937
207 0.0047922
208 0.00474822
209 0.00474725
210 0.00471455
211 0.00468877
212 0.00469308
213 0.00472006
214 0.00467761
215 0.00466656
216 0.00467055
217 0.0046177
218 0.00458948
219 0.00461039
220 0.00458344
221 0.00457396
222 0.00455984
223 0.00450831
224 0.00456337
225 0.00450574
226 0.00451449
227 0.0045113
228 0.00444256
229 0.00446114
230 0.00445178
231 0.00442661
232 0.00442623
233 0.00438888
234 0.00438133
235 0.00436052
236 0.00441803
237 0.00434669
238 0.0043211
239 0.00432883
240 0.00434629
241 0.00428247
242 0.00427396
243 0.00424726
244 0.00425429
245 0.00423494
246 0.0042558
247 0.00420901
248 0.00420733
249 0.00419055
250 0.00423361
251 0.00415102
252 0.00415205
253 0.00415582
254 0.00409165
255 0.00412097
256 0.00411476
257 0.00408301
258 0.00407514
259 0.00408826
260 0.00407448
261 0.00403259
262 0.00402387
263 0.00405734
264 0.00399877
265 0.003999
266 0.00397653
267 0.00397121
268 0.00396316
269 0.00394767
270 0.00393739
271 0.00393896
272 0.00395055
273 0.00390931
274 0.00392888
275 0.00393779
276 0.00388907
277 0.00385827
278 0.00387324
279 0.00388911
280 0.0038694
281 0.00379814
282 0.00383369
283 0.0037993
284 0.00378401
285 0.00380192
286 0.00379077
287 0.00379081
288 0.00377476
289 0.00376933
290 0.00373891
291 0.00375414
292 0.00374928
293 0.00370555
294 0.00371839
295 0.00370395
296 0.00370683
297 0.0036963
298 0.00369149
299 0.00362717
300 0.00364414
301 0.00365822
302 0.003668
303 0.00366874
304 0.0036018
305 0.00360463
306 0.00357986
307 0.00360053
308 0.00358255
309 0.00358723
310 0.00357725
311 0.00355814
312 0.00357333
313 0.00357385
314 0.00352739
315 0.00351811
316 0.00351355
317 0.00351609
318 0.00349396
319 0.00350021
320 0.00349933
321 0.00348969
322 0.00350501
323 0.00344875
324 0.00344501
325 0.00346338
326 0.00343033
327 0.00343556
328 0.00344933
329 0.00343375
330 0.00341946
331 0.00340016
332 0.00340543
333 0.00337421
334 0.00339396
335 0.00335234
336 0.00337742
337 0.00335891
338 0.00337696
339 0.00334933
340 0.00331733
341 0.00331749
342 0.00331461
343 0.00332451
344 0.00330817
345 0.00335984
346 0.00331885
347 0.00329112
348 0.0032746
349 0.00330432
350 0.0032705
351 0.00325095
352 0.00325533
353 0.00326085
354 0.00325941
355 0.00323138
356 0.00323465
357 0.00320191
358 0.00322132
359 0.00321866
360 0.00322231
361 0.00321417
362 0.00318843
363 0.00319022
364 0.00316999
365 0.00319228
366 0.0032023
367 0.00318394
368 0.00314478
369 0.00315785
370 0.00314548
371 0.00313201
372 0.00314732
373 0.00308705
374 0.00313185
375 0.00307814
376 0.00309892
377 0.0031515
378 0.00309843
379 0.0030881
380 0.00308545
381 0.0030803
382 0.0030804
383 0.00305901
384 0.00305615
385 0.00306552
386 0.00308287
387 0.00306907
388 0.00302619
389 0.00302825
390 0.0030099
391 0.00299807
392 0.00299276
393 0.00300436
394 0.00302936
395 0.00299902
396 0.00300433
397 0.00300174
398 0.00298691
399 0.00298331
400 0.002968
