1 0.499857
2 0.499548
3 0.49961
4 0.499847
5 0.499874
6 0.499995
7 0.500035
8 0.500125
9 0.500037
10 0.499915
11 0.499963
12 0.506783
13 0.516059
14 0.523799
15 0.532351
16 0.540752
17 0.548239
18 0.555455
19 0.562574
20 0.568421
21 0.574745
22 0.580465
23 0.585659
24 0.590745
25 0.595558
26 0.599911
27 0.604049
28 0.608091
29 0.611853
30 0.615416
31 0.618704
32 0.621902
33 0.624834
34 0.627891
35 0.630565
36 0.633084
37 0.635593
38 0.637937
39 0.64019
40 0.642401
41 0.644481
42 0.646542
43 0.648364
44 0.650157
45 0.651952
46 0.653651
47 0.655381
48 0.656905
49 0.658331
50 0.659814
51 0.661333
52 0.662643
53 0.663904
54 0.665156
55 0.666516
56 0.667755
57 0.668733
58 0.669942
59 0.671075
60 0.672079
61 0.673172
62 0.674092
63 0.674989
64 0.676056
65 0.676855
66 0.67789
67 0.678805
68 0.679593
69 0.680336
70 0.681182
71 0.682013
72 0.682746
73 0.683686
74 0.684255
75 0.684923
76 0.685649
77 0.686318
78 0.687097
79 0.687627
80 0.688287
81 0.688915
82 0.689458
83 0.690097
84 0.690668
85 0.691265
86 0.691671
87 0.692322
88 0.692823
89 0.693251
90 0.693859
91 0.694289
92 0.694885
93 0.695337
94 0.695887
95 0.696327
96 0.696733
97 0.697137
98 0.697681
99 0.698117
100 0.698512
101 0.698989
102 0.699403
103 0.699757
104 0.700076
105 0.700423
106 0.700876
107 0.701242
108 0.701635
109 0.701949
110 0.702394
111 0.702668
112 0.703071
113 0.703407
114 0.703763
115 0.703978
116 0.704333
117 0.704646
118 0.70495
119 0.705253
120 0.705538
121 0.705889
122 0.706136
123 0.706444
124 0.706751
125 0.706998
126 0.707296
127 0.707551
128 0.707874
129 0.708072
130 0.70835
131 0.708616
132 0.70884
133 0.709092
134 0.709381
135 0.709595
136 0.709814
137 0.710062
138 0.710325
139 0.710577
140 0.710776
141 0.710987
142 0.711195
143 0.711448
144 0.711681
145 0.711872
146 0.712046
147 0.712314
148 0.712481
149 0.712766
150 0.712857
151 0.71308
152 0.713264
153 0.71355
154 0.713598
155 0.713812
156 0.714064
157 0.714256
158 0.714448
159 0.714621
160 0.714748
161 0.715014
162 0.715111
163 0.7153
164 0.715532
165 0.715613
166 0.715822
167 0.715973
168 0.716156
169 0.716377
170 0.716543
171 0.716556
172 0.716785
173 0.716912
174 0.717039
175 0.717183
176 0.717418
177 0.717556
178 0.717689
179 0.717789
180 0.717999
181 0.718146
182 0.718273
183 0.718418
184 0.718552
185 0.718732
186 0.718796
187 0.718985
188 0.719073
189 0.719226
190 0.719385
191 0.719539
192 0.719593
193 0.719755
194 0.719842
195 0.719978
196 0.720078
197 0.720191
198 0.720392
199 0.720514
200 0.720611
201 0.720728
202 0.72085
203 0.720988
204 0.72104
205 0.721279
206 0.721325
207 0.721365
208 0.721553
209 0.721638
210 0.721733
211 0.72188
212 0.721958
213 0.722077
214 0.722228
215 0.722249
216 0.722374
217 0.722443
218 0.722587
219 0.722717
220 0.722764
221 0.722842
222 0.722945
223 0.723112
224 0.72314
225 0.723281
226 0.72336
227 0.723431
228 0.723579
229 0.723633
230 0.723745
231 0.723836
232 0.723911
233 0.724012
234 0.724111
235 0.724149
236 0.724218
237 0.724344
238 0.724463
239 0.724555
240 0.724624
241 0.72478
242 0.724791
243 0.724874
244 0.724973
245 0.72501
246 0.725094
247 0.725196
248 0.725269
249 0.725382
250 0.725382
251 0.725539
252 0.725594
253 0.725693
254 0.725809
255 0.725907
256 0.725929
257 0.725915
258 0.726036
259 0.72605
260 0.726207
261 0.726295
262 0.726323
263 0.726389
264 0.726508
265 0.726578
266 0.726688
267 0.726705
268 0.726804
269 0.726873
270 0.726951
271 0.72702
272 0.727039
273 0.727081
274 0.7272
275 0.727227
276 0.727322
277 0.727399
278 0.727475
279 0.727487
280 0.72759
281 0.727685
282 0.727684
283 0.727791
284 0.727818
285 0.727938
286 0.727951
287 0.728007
288 0.728084
289 0.72814
290 0.728239
291 0.728255
292 0.728301
293 0.728426
294 0.728429
295 0.728473
296 0.728552
297 0.728613
298 0.728678
299 0.728765
300 0.728819
301 0.728858
302 0.728893
303 0.728916
304 0.729041
305 0.729059
306 0.729164
307 0.729251
308 0.729217
309 0.729307
310 0.729345
311 0.729384
312 0.729426
313 0.729482
314 0.729541
315 0.729571
316 0.729645
317 0.729729
318 0.729782
319 0.729813
320 0.729835
321 0.729922
322 0.729967
323 0.730051
324 0.730096
325 0.730092
326 0.730176
327 0.7302
328 0.730241
329 0.730284
330 0.730344
331 0.730427
332 0.730453
333 0.730493
334 0.730522
335 0.730588
336 0.730631
337 0.730662
338 0.730706
339 0.730779
340 0.730835
341 0.730802
342 0.730948
343 0.730976
344 0.730992
345 0.731002
346 0.731062
347 0.73113
348 0.731178
349 0.731187
350 0.731255
351 0.731317
352 0.731363
353 0.731365
354 0.731419
355 0.731479
356 0.731519
357 0.731574
358 0.731593
359 0.731656
360 0.731702
361 0.731673
362 0.731788
363 0.731773
364 0.731799
365 0.73188
366 0.731861
367 0.731941
368 0.732023
369 0.73203
370 0.732053
371 0.732104
372 0.732114
373 0.732217
374 0.732205
375 0.732316
376 0.732302
377 0.732261
378 0.732364
379 0.732418
380 0.73244
381 0.732445
382 0.73251
383 0.732551
384 0.732595
385 0.732615
386 0.732621
387 0.732665
388 0.732746
389 0.732771
390 0.732768
391 0.732847
392 0.732901
393 0.732895
394 0.732879
395 0.732964
396 0.732993
397 0.733019
398 0.733082
399 0.73311
400 0.733149
