1 0.458439
2 0.51345
3 0.548065
4 0.582153
5 0.608859
6 0.630286
7 0.648229
8 0.664039
9 0.678368
10 0.690909
11 0.702016
12 0.712866
13 0.722761
14 0.731297
15 0.739525
16 0.746747
17 0.753661
18 0.759935
19 0.765553
20 0.770874
21 0.775779
22 0.780729
23 0.78507
24 0.789347
25 0.793127
26 0.796836
27 0.800126
28 0.803454
29 0.806663
30 0.809752
31 0.812517
32 0.815338
33 0.81781
34 0.820562
35 0.822999
36 0.825293
37 0.827447
38 0.829305
39 0.831271
40 0.833288
41 0.835168
42 0.836931
43 0.838793
44 0.840456
45 0.842246
46 0.84401
47 0.84536
48 0.846941
49 0.848104
50 0.84967
51 0.850929
52 0.852269
53 0.853627
54 0.854933
55 0.856161
56 0.857462
57 0.858564
58 0.859609
59 0.860646
60 0.861799
61 0.862961
62 0.863919
63 0.864964
64 0.865829
65 0.866726
66 0.867813
67 0.868667
68 0.869544
69 0.870363
70 0.871135
71 0.872103
72 0.872911
73 0.873647
74 0.874516
75 0.875284
76 0.87616
77 0.876787
78 0.877641
79 0.878419
80 0.878856
81 0.879561
82 0.880176
83 0.880917
84 0.881609
85 0.88227
86 0.882948
87 0.88355
88 0.884135
89 0.884831
90 0.885468
91 0.886093
92 0.88647
93 0.886993
94 0.887637
95 0.888224
96 0.888714
97 0.889288
98 0.889723
99 0.890216
100 0.890674
101 0.8912
102 0.891656
103 0.892145
104 0.89274
105 0.893193
106 0.893605
107 0.894188
108 0.894662
109 0.895041
110 0.895486
111 0.895753
112 0.896202
113 0.896626
114 0.89706
115 0.897471
116 0.897861
117 0.89838
118 0.898662
119 0.899125
120 0.899456
121 0.899898
122 0.900279
123 0.900647
124 0.901113
125 0.901535
126 0.901832
127 0.902259
128 0.902668
129 0.902918
130 0.903256
131 0.903696
132 0.904025
133 0.90435
134 0.904651
135 0.904931
136 0.905255
137 0.905595
138 0.905835
139 0.906344
140 0.90665
141 0.906897
142 0.907224
143 0.907501
144 0.907789
145 0.908104
146 0.908288
147 0.908567
148 0.908932
149 0.909269
150 0.909572
151 0.909737
152 0.910209
153 0.910445
154 0.91065
155 0.910895
156 0.911154
157 0.911332
158 0.911607
159 0.911803
160 0.912188
161 0.912507
162 0.912709
163 0.912925
164 0.913098
165 0.913427
166 0.913656
167 0.913922
168 0.914197
169 0.914436
170 0.914648
171 0.914933
172 0.915144
173 0.915386
174 0.915538
175 0.915711
176 0.916047
177 0.916298
178 0.916388
179 0.916656
180 0.916848
181 0.91704
182 0.91738
183 0.917589
184 0.917771
185 0.917891
186 0.918164
187 0.918324
188 0.91853
189 0.918828
190 0.918981
191 0.919137
192 0.919339
193 0.919584
194 0.919664
195 0.91993
196 0.920097
197 0.920335
198 0.920557
199 0.920757
200 0.920991
201 0.921256
202 0.921359
203 0.921508
204 0.921685
205 0.921826
206 0.921969
207 0.922178
208 0.92244
209 0.922573
210 0.922747
211 0.922885
212 0.923071
213 0.923124
214 0.923327
215 0.923527
216 0.923697
217 0.92397
218 0.923967
219 0.924156
220 0.924265
221 0.924495
222 0.924528
223 0.924802
224 0.924948
225 0.925155
226 0.925321
227 0.925502
228 0.925683
229 0.925922
230 0.926
231 0.926134
232 0.926325
233 0.926518
234 0.926664
235 0.926838
236 0.927054
237 0.927156
238 0.927292
239 0.927372
240 0.927536
241 0.927716
242 0.927823
243 0.927836
244 0.928064
245 0.928179
246 0.928366
247 0.928522
248 0.928623
249 0.928736
250 0.928784
251 0.928818
252 0.9289
253 0.929007
254 0.929102
255 0.929174
256 0.929418
257 0.929521
258 0.92969
259 0.929851
260 0.930067
261 0.930049
262 0.930181
263 0.93031
264 0.93041
265 0.930545
266 0.930704
267 0.930835
268 0.930874
269 0.931039
270 0.931079
271 0.931233
272 0.931318
273 0.931528
274 0.931592
275 0.931723
276 0.931933
277 0.932032
278 0.932239
279 0.932323
280 0.932508
281 0.932536
282 0.932661
283 0.932784
284 0.932939
285 0.933056
286 0.933163
287 0.933265
288 0.93341
289 0.933597
290 0.933728
291 0.933804
292 0.934002
293 0.934016
294 0.934182
295 0.934195
296 0.934274
297 0.934362
298 0.934495
299 0.934624
300 0.934672
301 0.934804
302 0.934814
303 0.935008
304 0.935064
305 0.935204
306 0.935292
307 0.935392
308 0.935461
309 0.935663
310 0.935758
311 0.935884
312 0.935868
313 0.93605
314 0.936109
315 0.936146
316 0.936256
317 0.936423
318 0.936474
319 0.936539
320 0.93656
321 0.936718
322 0.93683
323 0.936975
324 0.937034
325 0.937141
326 0.937276
327 0.937293
328 0.93742
329 0.937479
330 0.937548
331 0.93776
332 0.937828
333 0.937849
334 0.937926
335 0.938043
336 0.938149
337 0.938265
338 0.938279
339 0.938447
340 0.938489
341 0.938482
342 0.938613
343 0.938706
344 0.938765
345 0.938815
346 0.93887
347 0.939026
348 0.939126
349 0.939111
350 0.939265
351 0.939218
352 0.939296
353 0.939421
354 0.93949
355 0.939552
356 0.939775
357 0.939796
358 0.939894
359 0.939996
360 0.940148
361 0.940208
362 0.940228
363 0.940365
364 0.940419
365 0.940491
366 0.940579
367 0.940612
368 0.940677
369 0.940796
370 0.940858
371 0.940947
372 0.941035
373 0.941061
374 0.941224
375 0.941224
376 0.941328
377 0.941362
378 0.941494
379 0.941575
380 0.941603
381 0.941688
382 0.941734
383 0.941808
384 0.941959
385 0.941998
386 0.942069
387 0.942153
388 0.942222
389 0.942309
390 0.94229
391 0.942424
392 0.942479
393 0.94255
394 0.942588
395 0.94264
396 0.942757
397 0.942791
398 0.942863
399 0.942966
400 0.943057
