1 0.500437
2 0.500182
3 0.500242
4 0.500048
5 0.499682
6 0.500178
7 0.499825
8 0.499982
9 0.49955
10 0.500526
11 0.500467
12 0.565017
13 0.59905
14 0.618779
15 0.63439
16 0.646854
17 0.656199
18 0.662926
19 0.669524
20 0.67467
21 0.678363
22 0.681404
23 0.685126
24 0.689136
25 0.692583
26 0.695003
27 0.697546
28 0.69941
29 0.701473
30 0.702998
31 0.70433
32 0.706889
33 0.70751
34 0.709431
35 0.710584
36 0.711373
37 0.712943
38 0.713697
39 0.714958
40 0.715788
41 0.717099
42 0.716661
43 0.718021
44 0.717836
45 0.719239
46 0.720448
47 0.72009
48 0.720887
49 0.721597
50 0.721905
51 0.722599
52 0.723598
53 0.723976
54 0.723725
55 0.724335
56 0.724904
57 0.724598
58 0.725494
59 0.725705
60 0.725703
61 0.727347
62 0.727204
63 0.727242
64 0.72773
65 0.728148
66 0.728764
67 0.728856
68 0.728284
69 0.729112
70 0.729812
71 0.7296
72 0.729925
73 0.729672
74 0.72983
75 0.730515
76 0.730284
77 0.731057
78 0.730985
79 0.732305
80 0.731571
81 0.731222
82 0.732066
83 0.731841
84 0.732579
85 0.732825
86 0.73313
87 0.732295
88 0.732248
89 0.732885
90 0.732505
91 0.733322
92 0.733505
93 0.734513
94 0.734104
95 0.733975
96 0.73411
97 0.734266
98 0.73441
99 0.734612
100 0.734942
101 0.735409
102 0.734712
103 0.734871
104 0.735326
105 0.735556
106 0.735256
107 0.735002
108 0.736262
109 0.735811
110 0.736201
111 0.736184
112 0.735942
113 0.735881
114 0.736104
115 0.736736
116 0.73685
117 0.737113
118 0.736848
119 0.736656
120 0.736344
121 0.736971
122 0.736781
123 0.736543
124 0.736737
125 0.737015
126 0.737228
127 0.737438
128 0.737083
129 0.737421
130 0.738008
131 0.738107
132 0.737516
133 0.737616
134 0.738035
135 0.738274
136 0.737948
137 0.737874
138 0.737984
139 0.739025
140 0.738252
141 0.737781
142 0.738
143 0.738442
144 0.737952
145 0.73868
146 0.738687
147 0.739115
148 0.73843
149 0.738665
150 0.738809
151 0.738775
152 0.739114
153 0.739246
154 0.738892
155 0.738906
156 0.73901
157 0.739583
158 0.739185
159 0.739325
160 0.739766
161 0.739811
162 0.739662
163 0.740116
164 0.740015
165 0.739145
166 0.740058
167 0.739496
168 0.73939
169 0.739911
170 0.7397
171 0.739615
172 0.739342
173 0.740558
174 0.739956
175 0.739793
176 0.740681
177 0.74073
178 0.740114
179 0.740241
180 0.740428
181 0.740386
182 0.740983
183 0.741055
184 0.740738
185 0.740376
186 0.741118
187 0.740941
188 0.740394
189 0.740799
190 0.740774
191 0.740833
192 0.740298
193 0.741763
194 0.740755
195 0.741307
196 0.740933
197 0.741373
198 0.740484
199 0.741046
200 0.741169
201 0.741264
202 0.740704
203 0.740861
204 0.741061
205 0.741208
206 0.741157
207 0.741818
208 0.741508
209 0.741289
210 0.741485
211 0.740869
212 0.741606
213 0.742137
214 0.740608
215 0.741722
216 0.741203
217 0.741905
218 0.741693
219 0.74173
220 0.741806
221 0.741069
222 0.741776
223 0.742512
224 0.741839
225 0.741736
226 0.741538
227 0.741801
228 0.741521
229 0.742341
230 0.742635
231 0.742298
232 0.742498
233 0.742487
234 0.74254
235 0.741679
236 0.742771
237 0.742568
238 0.742585
239 0.742403
240 0.742051
241 0.742304
242 0.742702
243 0.742366
244 0.742201
245 0.742417
246 0.742629
247 0.743183
248 0.742211
249 0.741962
250 0.742895
251 0.742701
252 0.742737
253 0.742275
254 0.742654
255 0.742349
256 0.742297
257 0.7424
258 0.743199
259 0.743318
260 0.742431
261 0.742074
262 0.743151
263 0.743195
264 0.743147
265 0.742699
266 0.743201
267 0.743977
268 0.742839
269 0.743432
270 0.742624
271 0.742897
272 0.742835
273 0.742923
274 0.743693
275 0.742907
276 0.742641
277 0.742756
278 0.742846
279 0.743192
280 0.742889
281 0.74327
282 0.742974
283 0.743229
284 0.743068
285 0.743439
286 0.743658
287 0.743548
288 0.74298
289 0.743045
290 0.743284
291 0.743819
292 0.743133
293 0.743788
294 0.743773
295 0.743808
296 0.743302
297 0.743469
298 0.743571
299 0.742908
300 0.743393
301 0.743314
302 0.743692
303 0.743622
304 0.743689
305 0.743889
306 0.743876
307 0.744486
308 0.743541
309 0.74286
310 0.743437
311 0.743675
312 0.743135
313 0.743535
314 0.744351
315 0.74324
316 0.743602
317 0.743419
318 0.743552
319 0.743605
320 0.743659
321 0.744113
322 0.743667
323 0.744015
324 0.744079
325 0.744035
326 0.743457
327 0.743409
328 0.744081
329 0.744429
330 0.743864
331 0.743822
332 0.744123
333 0.743344
334 0.744372
335 0.743971
336 0.744306
337 0.743638
338 0.743252
339 0.744197
340 0.744086
341 0.74394
342 0.743779
343 0.74439
344 0.744324
345 0.744051
346 0.744293
347 0.743496
348 0.743948
349 0.743885
350 0.743643
351 0.744007
352 0.74418
353 0.744444
354 0.74439
355 0.744058
356 0.745094
357 0.744175
358 0.74402
359 0.744264
360 0.74441
361 0.744322
362 0.744703
363 0.744669
364 0.743738
365 0.744895
366 0.744728
367 0.744589
368 0.744759
369 0.744423
370 0.744365
371 0.744546
372 0.744391
373 0.744815
374 0.744414
375 0.743889
376 0.744211
377 0.744733
378 0.744624
379 0.744795
380 0.744548
381 0.744422
382 0.74495
383 0.744385
384 0.744847
385 0.744298
386 0.744724
387 0.744246
388 0.744071
389 0.744538
390 0.744681
391 0.74529
392 0.744337
393 0.744331
394 0.744856
395 0.744784
396 0.74425
397 0.744853
398 0.745055
399 0.744897
400 0.744879
