1 0.5
2 0.369324
3 0.314519
4 0.283866
5 0.264084
6 0.249982
7 0.23965
8 0.231687
9 0.225069
10 0.21987
11 0.215478
12 0.212008
13 0.208956
14 0.206253
15 0.204312
16 0.20243
17 0.201056
18 0.199772
19 0.198987
20 0.198254
21 0.197405
22 0.197006
23 0.196644
24 0.19617
25 0.195944
26 0.195908
27 0.19584
28 0.195546
29 0.195725
30 0.195629
31 0.195632
32 0.195538
33 0.195668
34 0.195775
35 0.195735
36 0.195736
37 0.195886
38 0.195914
39 0.196173
40 0.196175
41 0.196168
42 0.196221
43 0.196329
44 0.196503
45 0.196661
46 0.196706
47 0.196754
48 0.196797
49 0.196802
50 0.196913
51 0.196895
52 0.197037
53 0.197206
54 0.197206
55 0.197238
56 0.197293
57 0.197691
58 0.197419
59 0.197397
60 0.197544
61 0.197639
62 0.197641
63 0.197689
64 0.197449
65 0.197854
66 0.197872
67 0.197812
68 0.197896
69 0.197941
70 0.198001
71 0.19795
72 0.198053
73 0.197704
74 0.198085
75 0.198101
76 0.198239
77 0.198182
78 0.198261
79 0.19827
80 0.198284
81 0.198358
82 0.198288
83 0.198407
84 0.198338
85 0.198145
86 0.198393
87 0.198443
88 0.198513
89 0.198647
90 0.198568
91 0.198655
92 0.198599
93 0.198673
94 0.198622
95 0.198543
96 0.198542
97 0.198657
98 0.198569
99 0.198668
100 0.198688
101 0.198626
102 0.19851
103 0.198769
104 0.19863
105 0.19879
106 0.198699
107 0.198627
108 0.198763
109 0.198676
110 0.19876
111 0.198768
112 0.19872
113 0.198693
114 0.198684
115 0.19886
116 0.198789
117 0.198926
118 0.198711
119 0.198702
120 0.198778
121 0.198793
122 0.198885
123 0.19877
124 0.198827
125 0.198777
126 0.198804
127 0.198809
128 0.198856
129 0.198938
130 0.198877
131 0.198887
132 0.198817
133 0.1988
134 0.198837
135 0.198975
136 0.198873
137 0.198828
138 0.198853
139 0.198867
140 0.198867
141 0.19891
142 0.198897
143 0.198877
144 0.198895
145 0.198849
146 0.19898
147 0.19878
148 0.198841
149 0.198889
150 0.198862
151 0.198841
152 0.198912
153 0.198898
154 0.198849
155 0.198894
156 0.198799
157 0.198862
158 0.198822
159 0.198969
160 0.198829
161 0.198889
162 0.19891
163 0.198866
164 0.198843
165 0.198884
166 0.198931
167 0.198926
168 0.198815
169 0.198752
170 0.198585
171 0.199256
172 0.198879
173 0.198856
174 0.198815
175 0.19879
176 0.198802
177 0.198798
178 0.198884
179 0.198843
180 0.19886
181 0.198719
182 0.198849
183 0.198847
184 0.19884
185 0.198749
186 0.198872
187 0.198769
188 0.198822
189 0.198788
190 0.198747
191 0.198814
192 0.198647
193 0.198764
194 0.198807
195 0.198905
196 0.198727
197 0.198871
198 0.198802
199 0.198732
200 0.198743
201 0.198669
202 0.198693
203 0.198694
204 0.198746
205 0.1985
206 0.198714
207 0.198717
208 0.198687
209 0.198685
210 0.198725
211 0.198679
212 0.198654
213 0.198689
214 0.198659
215 0.198664
216 0.19869
217 0.198657
218 0.198645
219 0.198637
220 0.198689
221 0.19866
222 0.198633
223 0.198687
224 0.198617
225 0.198672
226 0.19863
227 0.198694
228 0.198613
229 0.198653
230 0.198643
231 0.198594
232 0.198653
233 0.198651
234 0.198603
235 0.198617
236 0.198621
237 0.198513
238 0.198548
239 0.198635
240 0.198547
241 0.198408
242 0.198575
243 0.198578
244 0.198535
245 0.198507
246 0.198468
247 0.198492
248 0.198594
249 0.198582
250 0.198504
251 0.198477
252 0.198481
253 0.198454
254 0.198446
255 0.198271
256 0.198556
257 0.198697
258 0.198587
259 0.198493
260 0.198475
261 0.198512
262 0.198423
263 0.198477
264 0.19846
265 0.198428
266 0.1984
267 0.198482
268 0.198435
269 0.19838
270 0.198477
271 0.198333
272 0.19842
273 0.198583
274 0.198368
275 0.198394
276 0.198359
277 0.198408
278 0.198383
279 0.198359
280 0.19839
281 0.198387
282 0.198415
283 0.198358
284 0.198385
285 0.198304
286 0.198362
287 0.198296
288 0.198332
289 0.198285
290 0.198306
291 0.198349
292 0.198382
293 0.198287
294 0.198273
295 0.198332
296 0.198245
297 0.198311
298 0.198334
299 0.198247
300 0.198286
301 0.198268
302 0.198231
303 0.198286
304 0.198288
305 0.198273
306 0.198276
307 0.198073
308 0.198236
309 0.19825
310 0.19827
311 0.19819
312 0.198172
313 0.198251
314 0.198231
315 0.198331
316 0.198173
317 0.198237
318 0.198261
319 0.198185
320 0.198104
321 0.19819
322 0.198176
323 0.198215
324 0.198213
325 0.198177
326 0.198161
327 0.198065
328 0.198104
329 0.198108
330 0.198148
331 0.198113
332 0.198197
333 0.19819
334 0.198163
335 0.198127
336 0.19812
337 0.198104
338 0.198076
339 0.198102
340 0.198122
341 0.19834
342 0.197994
343 0.198062
344 0.198078
345 0.198136
346 0.198045
347 0.198104
348 0.198036
349 0.198038
350 0.198039
351 0.198109
352 0.198024
353 0.198071
354 0.198059
355 0.198034
356 0.198082
357 0.19799
358 0.198036
359 0.198013
360 0.19802
361 0.198056
362 0.197975
363 0.198009
364 0.19798
365 0.197994
366 0.198054
367 0.197974
368 0.198023
369 0.197956
370 0.197993
371 0.197968
372 0.198008
373 0.197954
374 0.198
375 0.197909
376 0.197954
377 0.197993
378 0.197961
379 0.197941
380 0.197953
381 0.197998
382 0.197891
383 0.197907
384 0.197972
385 0.197997
386 0.197931
387 0.197964
388 0.197894
389 0.197882
390 0.197953
391 0.197896
392 0.197915
393 0.197869
394 0.197898
395 0.197903
396 0.197898
397 0.19786
398 0.197854
399 0.19782
400 0.197882
