1 0.409123
2 0.402007
3 0.395245
4 0.388776
5 0.382253
6 0.375773
7 0.369384
8 0.363153
9 0.356965
10 0.35088
11 0.344942
12 0.339163
13 0.333479
14 0.327934
15 0.32256
16 0.317314
17 0.3122
18 0.307239
19 0.302421
20 0.297725
21 0.293114
22 0.288668
23 0.284342
24 0.280149
25 0.276064
26 0.272094
27 0.268237
28 0.264488
29 0.260836
30 0.257307
31 0.253878
32 0.250534
33 0.247284
34 0.244115
35 0.241047
36 0.238047
37 0.235136
38 0.232313
39 0.229564
40 0.226876
41 0.224263
42 0.221713
43 0.219231
44 0.21681
45 0.214451
46 0.212152
47 0.209909
48 0.207714
49 0.205571
50 0.203481
51 0.201438
52 0.199444
53 0.197497
54 0.195588
55 0.193724
56 0.191903
57 0.190121
58 0.188376
59 0.186667
60 0.184999
61 0.183362
62 0.181757
63 0.180184
64 0.178642
65 0.177135
66 0.175654
67 0.174206
68 0.172783
69 0.171387
70 0.170018
71 0.168671
72 0.167355
73 0.166059
74 0.164788
75 0.163536
76 0.162311
77 0.16111
78 0.159924
79 0.158761
80 0.157617
81 0.156489
82 0.155384
83 0.154298
84 0.153226
85 0.152172
86 0.151137
87 0.150116
88 0.149111
89 0.148124
90 0.14715
91 0.146194
92 0.145251
93 0.14432
94 0.143406
95 0.142504
96 0.141616
97 0.14074
98 0.139876
99 0.139025
100 0.138187
101 0.137361
102 0.136546
103 0.135742
104 0.13495
105 0.134168
106 0.133398
107 0.132638
108 0.131889
109 0.131148
110 0.130418
111 0.129697
112 0.128986
113 0.128282
114 0.127589
115 0.126905
116 0.126231
117 0.125564
118 0.124906
119 0.124254
120 0.12361
121 0.122974
122 0.122345
123 0.121725
124 0.121112
125 0.120505
126 0.119905
127 0.119314
128 0.118728
129 0.11815
130 0.117578
131 0.117011
132 0.116453
133 0.1159
134 0.115354
135 0.114814
136 0.11428
137 0.113752
138 0.113229
139 0.112711
140 0.112198
141 0.111692
142 0.11119
143 0.110692
144 0.1102
145 0.109714
146 0.109233
147 0.108758
148 0.108286
149 0.107819
150 0.107356
151 0.106899
152 0.106446
153 0.105997
154 0.105553
155 0.105113
156 0.104677
157 0.104246
158 0.103819
159 0.103396
160 0.102977
161 0.102562
162 0.102151
163 0.101744
164 0.10134
165 0.100941
166 0.100545
167 0.100152
168 0.0997626
169 0.0993771
170 0.0989954
171 0.0986173
172 0.0982421
173 0.0978704
174 0.0975007
175 0.0971363
176 0.0967745
177 0.096416
178 0.0960598
179 0.0957064
180 0.0953568
181 0.0950099
182 0.0946658
183 0.0943246
184 0.0939861
185 0.0936512
186 0.0933178
187 0.0929885
188 0.0926612
189 0.0923363
190 0.0920145
191 0.0916955
192 0.0913781
193 0.0910638
194 0.0907517
195 0.0904426
196 0.0901356
197 0.089831
198 0.0895293
199 0.0892293
200 0.0889332
201 0.0886375
202 0.0883447
203 0.088054
204 0.0877662
205 0.08748
206 0.0871962
207 0.0869142
208 0.0866349
209 0.0863578
210 0.0860823
211 0.0858079
212 0.0855361
213 0.0852667
214 0.0849997
215 0.0847337
216 0.0844699
217 0.0842079
218 0.0839475
219 0.08369
220 0.0834337
221 0.0831797
222 0.0829275
223 0.0826762
224 0.0824272
225 0.08218
226 0.0819344
227 0.0816904
228 0.0814484
229 0.0812082
230 0.0809697
231 0.0807324
232 0.0804971
233 0.0802628
234 0.0800306
235 0.0797997
236 0.0795703
237 0.0793425
238 0.0791158
239 0.0788907
240 0.0786669
241 0.0784448
242 0.0782242
243 0.0780054
244 0.0777877
245 0.077571
246 0.0773563
247 0.0771429
248 0.0769305
249 0.0767199
250 0.0765103
251 0.0763016
252 0.0760943
253 0.075889
254 0.0756841
255 0.0754805
256 0.0752787
257 0.0750778
258 0.0748786
259 0.0746805
260 0.0744838
261 0.0742879
262 0.074093
263 0.0739002
264 0.0737075
265 0.0735169
266 0.0733271
267 0.073138
268 0.0729498
269 0.0727632
270 0.0725778
271 0.0723936
272 0.0722106
273 0.0720284
274 0.0718468
275 0.0716665
276 0.0714874
277 0.0713091
278 0.0711321
279 0.0709561
280 0.0707813
281 0.0706068
282 0.0704342
283 0.0702623
284 0.0700913
285 0.0699212
286 0.0697522
287 0.0695846
288 0.0694176
289 0.069251
290 0.0690853
291 0.0689208
292 0.0687572
293 0.0685947
294 0.0684329
295 0.0682718
296 0.068112
297 0.067953
298 0.0677949
299 0.0676377
300 0.0674811
301 0.0673253
302 0.0671702
303 0.0670161
304 0.0668629
305 0.0667102
306 0.0665584
307 0.0664074
308 0.0662577
309 0.0661084
310 0.0659601
311 0.0658123
312 0.0656656
313 0.0655192
314 0.0653737
315 0.0652291
316 0.0650851
317 0.0649418
318 0.0647992
319 0.0646574
320 0.0645164
321 0.0643759
322 0.0642361
323 0.0640973
324 0.0639593
325 0.0638217
326 0.0636841
327 0.063548
328 0.0634124
329 0.0632771
330 0.0631426
331 0.0630091
332 0.0628761
333 0.0627435
334 0.0626118
335 0.0624807
336 0.0623504
337 0.0622203
338 0.0620913
339 0.0619627
340 0.0618343
341 0.061707
342 0.06158
343 0.0614539
344 0.061328
345 0.0612029
346 0.0610787
347 0.0609551
348 0.0608321
349 0.0607094
350 0.0605871
351 0.0604655
352 0.0603443
353 0.0602238
354 0.0601038
355 0.0599842
356 0.0598656
357 0.0597475
358 0.0596297
359 0.0595127
360 0.059396
361 0.0592801
362 0.0591643
363 0.0590491
364 0.0589345
365 0.0588205
366 0.0587071
367 0.0585943
368 0.0584815
369 0.0583694
370 0.0582579
371 0.0581468
372 0.0580364
373 0.0579267
374 0.0578171
375 0.0577077
376 0.0575992
377 0.0574908
378 0.057383
379 0.0572757
380 0.0571691
381 0.0570626
382 0.0569571
383 0.0568516
384 0.0567465
385 0.056642
386 0.0565378
387 0.0564341
388 0.0563308
389 0.0562278
390 0.0561258
391 0.0560239
392 0.0559222
393 0.0558211
394 0.0557203
395 0.0556198
396 0.05552
397 0.0554206
398 0.0553217
399 0.0552232
400 0.0551248
