1 0.666725
2 0.666725
3 0.666725
4 0.666725
5 0.666725
6 0.666725
7 0.666725
8 0.666725
9 0.666725
10 0.666725
11 0.666725
12 0.666725
13 0.666725
14 0.666725
15 0.666725
16 0.666725
17 0.666725
18 0.666725
19 0.666725
20 0.666725
21 0.666725
22 0.666725
23 0.666725
24 0.666725
25 0.666725
26 0.666725
27 0.666725
28 0.666725
29 0.666725
30 0.666725
31 0.666725
32 0.666725
33 0.666725
34 0.666725
35 0.666725
36 0.666725
37 0.666725
38 0.666725
39 0.666725
40 0.666725
41 0.666725
42 0.666725
43 0.666725
44 0.666725
45 0.666725
46 0.666725
47 0.666725
48 0.666725
49 0.666725
50 0.666725
51 0.666725
52 0.666725
53 0.666725
54 0.666725
55 0.666725
56 0.666725
57 0.666725
58 0.666725
59 0.666725
60 0.666725
61 0.666725
62 0.666725
63 0.666725
64 0.666725
65 0.666725
66 0.666725
67 0.666725
68 0.666725
69 0.666725
70 0.666725
71 0.666725
72 0.666725
73 0.666725
74 0.666725
75 0.666725
76 0.666725
77 0.666725
78 0.666725
79 0.666725
80 0.666725
81 0.666725
82 0.666725
83 0.666725
84 0.666725
85 0.666725
86 0.666725
87 0.666725
88 0.666725
89 0.666725
90 0.666725
91 0.666725
92 0.666725
93 0.666725
94 0.666725
95 0.666725
96 0.666725
97 0.666725
98 0.666725
99 0.666725
100 0.666725
101 0.666725
102 0.666725
103 0.666725
104 0.666725
105 0.666725
106 0.666725
107 0.666725
108 0.666725
109 0.666725
110 0.666725
111 0.666725
112 0.666725
113 0.666725
114 0.666725
115 0.666725
116 0.666725
117 0.666725
118 0.666725
119 0.666725
120 0.666725
121 0.666725
122 0.666725
123 0.666725
124 0.666725
125 0.666725
126 0.666725
127 0.666725
128 0.666725
129 0.666725
130 0.666725
131 0.666725
132 0.666725
133 0.666725
134 0.666725
135 0.666725
136 0.666725
137 0.666725
138 0.666725
139 0.666725
140 0.666725
141 0.666725
142 0.666725
143 0.666725
144 0.666725
145 0.666725
146 0.666725
147 0.666725
148 0.666725
149 0.666725
150 0.666725
151 0.666725
152 0.666725
153 0.666725
154 0.666725
155 0.666725
156 0.666725
157 0.666725
158 0.666725
159 0.666725
160 0.666725
161 0.666725
162 0.666725
163 0.666725
164 0.666725
165 0.666725
166 0.666725
167 0.666725
168 0.666725
169 0.666725
170 0.666725
171 0.666725
172 0.666725
173 0.666725
174 0.666725
175 0.666725
176 0.666725
177 0.666725
178 0.666725
179 0.666725
180 0.666725
181 0.666725
182 0.666725
183 0.666725
184 0.666725
185 0.666725
186 0.666725
187 0.666725
188 0.666725
189 0.666725
190 0.666725
191 0.666725
192 0.666725
193 0.666725
194 0.666725
195 0.666725
196 0.666725
197 0.666725
198 0.666725
199 0.666725
200 0.666725
201 0.666725
202 0.666725
203 0.666725
204 0.666725
205 0.666725
206 0.666725
207 0.666725
208 0.666725
209 0.666725
210 0.666725
211 0.666725
212 0.666725
213 0.666725
214 0.666725
215 0.666725
216 0.666725
217 0.666725
218 0.666725
219 0.666725
220 0.666725
221 0.666725
222 0.666725
223 0.666725
224 0.666725
225 0.666725
226 0.666725
227 0.666725
228 0.666725
229 0.666725
230 0.666725
231 0.666725
232 0.666725
233 0.666725
234 0.666725
235 0.666725
236 0.666725
237 0.666725
238 0.666725
239 0.666725
240 0.666725
241 0.666725
242 0.666725
243 0.666725
244 0.666725
245 0.666725
246 0.666725
247 0.666725
248 0.666725
249 0.666725
250 0.666725
251 0.666725
252 0.666725
253 0.666725
254 0.666725
255 0.666725
256 0.666725
257 0.666725
258 0.666725
259 0.666725
260 0.666725
261 0.666725
262 0.666725
263 0.666725
264 0.666725
265 0.666725
266 0.666725
267 0.666725
268 0.666725
269 0.666725
270 0.666725
271 0.666725
272 0.666725
273 0.666725
274 0.666725
275 0.666725
276 0.666725
277 0.666725
278 0.666725
279 0.666725
280 0.666725
281 0.666725
282 0.666725
283 0.666725
284 0.666725
285 0.666725
286 0.666725
287 0.666725
288 0.666725
289 0.666725
290 0.666725
291 0.666725
292 0.666725
293 0.666725
294 0.666725
295 0.666725
296 0.666725
297 0.666725
298 0.666725
299 0.666725
300 0.666725
301 0.666725
302 0.666725
303 0.666725
304 0.666725
305 0.666725
306 0.666725
307 0.666725
308 0.666725
309 0.666725
310 0.666725
311 0.666725
312 0.666725
313 0.666725
314 0.666725
315 0.666725
316 0.666725
317 0.666725
318 0.666725
319 0.666725
320 0.666725
321 0.666725
322 0.666725
323 0.666725
324 0.666725
325 0.666725
326 0.666725
327 0.666725
328 0.666725
329 0.666725
330 0.666725
331 0.666725
332 0.666725
333 0.666725
334 0.666725
335 0.666725
336 0.666725
337 0.666725
338 0.666725
339 0.666725
340 0.666725
341 0.666725
342 0.666725
343 0.666725
344 0.666725
345 0.666725
346 0.666725
347 0.666725
348 0.666725
349 0.666725
350 0.666725
351 0.666725
352 0.666725
353 0.666725
354 0.666725
355 0.666725
356 0.666725
357 0.666725
358 0.666725
359 0.666725
360 0.666725
361 0.666725
362 0.666725
363 0.666725
364 0.666725
365 0.666725
366 0.666725
367 0.666725
368 0.666725
369 0.666725
370 0.666725
371 0.666725
372 0.666725
373 0.666725
374 0.666725
375 0.666725
376 0.666725
377 0.666725
378 0.666725
379 0.666725
380 0.666725
381 0.666725
382 0.666725
383 0.666725
384 0.666725
385 0.666725
386 0.666725
387 0.666725
388 0.666725
389 0.666725
390 0.666725
391 0.666725
392 0.666725
393 0.666725
394 0.666725
395 0.666725
396 0.666725
397 0.666725
398 0.666725
399 0.666725
400 0.666725
