1 0.5
2 0.381603
3 0.333225
4 0.306271
5 0.28875
6 0.276326
7 0.267133
8 0.260144
9 0.254488
10 0.249953
11 0.246088
12 0.242796
13 0.240501
14 0.238578
15 0.23739
16 0.236338
17 0.235633
18 0.234912
19 0.234632
20 0.234343
21 0.233959
22 0.233889
23 0.233818
24 0.233639
25 0.23365
26 0.233754
27 0.233781
28 0.233716
29 0.233905
30 0.233894
31 0.234021
32 0.234064
33 0.234159
34 0.234272
35 0.234306
36 0.234355
37 0.234529
38 0.234581
39 0.23478
40 0.234801
41 0.234849
42 0.234918
43 0.235018
44 0.235134
45 0.235242
46 0.235327
47 0.235349
48 0.235388
49 0.235491
50 0.235554
51 0.235576
52 0.235709
53 0.235786
54 0.235791
55 0.235893
56 0.235928
57 0.236128
58 0.236066
59 0.236053
60 0.236133
61 0.236253
62 0.236264
63 0.236296
64 0.236139
65 0.236464
66 0.236497
67 0.236476
68 0.236556
69 0.2366
70 0.236626
71 0.236614
72 0.236665
73 0.236587
74 0.236777
75 0.236774
76 0.236858
77 0.23684
78 0.236917
79 0.236946
80 0.236947
81 0.236991
82 0.236968
83 0.237044
84 0.237023
85 0.236953
86 0.237117
87 0.237143
88 0.237185
89 0.237244
90 0.237218
91 0.23728
92 0.237265
93 0.237301
94 0.237272
95 0.237283
96 0.237267
97 0.23736
98 0.237336
99 0.237391
100 0.237379
101 0.237345
102 0.237329
103 0.237464
104 0.237452
105 0.237496
106 0.237457
107 0.23745
108 0.2375
109 0.237464
110 0.237542
111 0.237543
112 0.237537
113 0.237509
114 0.237512
115 0.23761
116 0.237593
117 0.237676
118 0.237579
119 0.237563
120 0.237594
121 0.237609
122 0.23767
123 0.237606
124 0.237656
125 0.237628
126 0.237627
127 0.237649
128 0.237681
129 0.237739
130 0.23772
131 0.237717
132 0.237702
133 0.237692
134 0.237722
135 0.237791
136 0.237766
137 0.23775
138 0.237761
139 0.237756
140 0.237773
141 0.237792
142 0.23777
143 0.237765
144 0.237786
145 0.237809
146 0.237866
147 0.237764
148 0.237788
149 0.237817
150 0.237791
151 0.237794
152 0.237836
153 0.23782
154 0.237807
155 0.237841
156 0.237794
157 0.237838
158 0.237831
159 0.237876
160 0.237827
161 0.237855
162 0.237853
163 0.237846
164 0.237842
165 0.23787
166 0.237873
167 0.237897
168 0.237823
169 0.237791
170 0.23775
171 0.238024
172 0.237872
173 0.237875
174 0.237864
175 0.237861
176 0.237868
177 0.237868
178 0.23793
179 0.237906
180 0.237896
181 0.237838
182 0.237916
183 0.237937
184 0.237916
185 0.237876
186 0.237937
187 0.237911
188 0.237897
189 0.23791
190 0.237891
191 0.237929
192 0.23782
193 0.237933
194 0.237942
195 0.237999
196 0.237908
197 0.237979
198 0.237954
199 0.237911
200 0.237922
201 0.237895
202 0.237902
203 0.237915
204 0.237933
205 0.237832
206 0.237912
207 0.237934
208 0.237916
209 0.237909
210 0.237941
211 0.237923
212 0.237885
213 0.237906
214 0.237922
215 0.237922
216 0.237915
217 0.237917
218 0.237902
219 0.237919
220 0.237941
221 0.237914
222 0.237911
223 0.237939
224 0.237917
225 0.237922
226 0.237909
227 0.237966
228 0.237905
229 0.237946
230 0.237918
231 0.23791
232 0.23793
233 0.237956
234 0.237931
235 0.237905
236 0.237942
237 0.237877
238 0.237885
239 0.237931
240 0.237895
241 0.237842
242 0.237889
243 0.237904
244 0.237888
245 0.237888
246 0.23786
247 0.237871
248 0.237918
249 0.237915
250 0.237885
251 0.237872
252 0.237877
253 0.237862
254 0.23786
255 0.237783
256 0.237931
257 0.237976
258 0.237933
259 0.2379
260 0.237874
261 0.237894
262 0.237861
263 0.237897
264 0.237881
265 0.237865
266 0.237867
267 0.237898
268 0.237885
269 0.237849
270 0.237888
271 0.237833
272 0.237879
273 0.237945
274 0.237851
275 0.237859
276 0.237854
277 0.237865
278 0.237851
279 0.237845
280 0.237858
281 0.237861
282 0.23787
283 0.237838
284 0.237848
285 0.237823
286 0.237843
287 0.237815
288 0.237829
289 0.237817
290 0.237836
291 0.237842
292 0.237881
293 0.237809
294 0.237807
295 0.237826
296 0.237803
297 0.237847
298 0.237847
299 0.237818
300 0.237818
301 0.23782
302 0.237806
303 0.237827
304 0.237842
305 0.237842
306 0.237832
307 0.237746
308 0.237818
309 0.23782
310 0.23783
311 0.237795
312 0.237791
313 0.237822
314 0.237822
315 0.237871
316 0.237802
317 0.23782
318 0.237825
319 0.237799
320 0.237741
321 0.237812
322 0.237802
323 0.237806
324 0.23781
325 0.237803
326 0.2378
327 0.237756
328 0.237784
329 0.237773
330 0.237794
331 0.237764
332 0.237811
333 0.237811
334 0.23781
335 0.23779
336 0.237783
337 0.237785
338 0.237767
339 0.237785
340 0.237796
341 0.237879
342 0.237724
343 0.237765
344 0.237774
345 0.237807
346 0.237755
347 0.237785
348 0.237752
349 0.237756
350 0.237754
351 0.237794
352 0.237748
353 0.23776
354 0.237772
355 0.237763
356 0.237787
357 0.237726
358 0.23776
359 0.237747
360 0.237754
361 0.237781
362 0.23773
363 0.237748
364 0.237735
365 0.237747
366 0.237773
367 0.237737
368 0.23776
369 0.237719
370 0.23774
371 0.237748
372 0.237749
373 0.237722
374 0.237751
375 0.2377
376 0.237715
377 0.237752
378 0.237718
379 0.237713
380 0.237734
381 0.237738
382 0.237693
383 0.237704
384 0.237735
385 0.237731
386 0.23772
387 0.237733
388 0.237693
389 0.237694
390 0.23774
391 0.237704
392 0.237712
393 0.237698
394 0.237707
395 0.237715
396 0.237704
397 0.237675
398 0.237677
399 0.237671
400 0.237698
