1 0.0837145
2 0.150361
3 0.0556933
4 0.0938587
5 0.0416879
6 0.0671992
7 0.0333545
8 0.0518263
9 0.027779
10 0.0420786
11 0.0238178
12 0.0288557
13 0.0209926
14 0.0241653
15 0.0188802
16 0.0206551
17 0.01851
18 0.0179269
19 0.0159931
20 0.017491
21 0.0153568
22 0.0151316
23 0.0149322
24 0.0144329
25 0.0131198
26 0.0138513
27 0.0123499
28 0.0126392
29 0.0121064
30 0.0116874
31 0.0112829
32 0.0114089
33 0.0102742
34 0.0103105
35 0.0100009
36 0.00993876
37 0.00915309
38 0.00938755
39 0.00871101
40 0.00878981
41 0.00859192
42 0.00829696
43 0.00792911
44 0.00809568
45 0.00769513
46 0.00767092
47 0.00739983
48 0.00736362
49 0.00704217
50 0.00712744
51 0.00684693
52 0.00684557
53 0.00656841
54 0.00650499
55 0.00628513
56 0.00639403
57 0.0060608
58 0.00608177
59 0.00600217
60 0.00591377
61 0.00576515
62 0.00573723
63 0.0055189
64 0.00554644
65 0.00541409
66 0.00543069
67 0.00522492
68 0.00528441
69 0.00507924
70 0.00507825
71 0.00499328
72 0.00494517
73 0.00483552
74 0.00481718
75 0.00464812
76 0.00469649
77 0.00457596
78 0.00453486
79 0.00442705
80 0.0044624
81 0.00435489
82 0.00430733
83 0.00425297
84 0.0042457
85 0.00413266
86 0.00418125
87 0.00407238
88 0.00405344
89 0.00398207
90 0.00396448
91 0.00391621
92 0.00392036
93 0.00381525
94 0.00382865
95 0.00377156
96 0.003757
97 0.00366271
98 0.00367668
99 0.00359525
100 0.0036067
101 0.00356558
102 0.0035222
103 0.00346353
104 0.00346607
105 0.00338688
106 0.00339692
107 0.00334294
108 0.00333932
109 0.00326373
110 0.00326974
111 0.00322171
112 0.00321167
113 0.00317438
114 0.00314548
115 0.00310272
116 0.00312125
117 0.00306167
118 0.00304634
119 0.00301913
120 0.00301388
121 0.0029673
122 0.00297667
123 0.00290702
124 0.00291405
125 0.00288198
126 0.00287676
127 0.00282111
128 0.00283803
129 0.00280353
130 0.00278915
131 0.00276872
132 0.0027493
133 0.00270398
134 0.00271532
135 0.0026691
136 0.00266996
137 0.00263064
138 0.00261457
139 0.00259198
140 0.00259433
141 0.0025533
142 0.00254499
143 0.00252729
144 0.00251783
145 0.00248512
146 0.00249687
147 0.00245453
148 0.00245776
149 0.0024318
150 0.00242544
151 0.00240071
152 0.00239833
153 0.00236195
154 0.00236357
155 0.00233872
156 0.00234384
157 0.00231914
158 0.00231591
159 0.0022794
160 0.0022793
161 0.00226362
162 0.00225402
163 0.00222493
164 0.00223473
165 0.00220519
166 0.00221158
167 0.00218605
168 0.00217533
169 0.00214951
170 0.00214816
171 0.00213576
172 0.00212417
173 0.00210056
174 0.00209527
175 0.00207753
176 0.00207844
177 0.00205295
178 0.00205422
179 0.0020385
180 0.00203635
181 0.00202066
182 0.00201558
183 0.00199284
184 0.00198938
185 0.00198159
186 0.00197715
187 0.00195466
188 0.00195647
189 0.00194012
190 0.00193069
191 0.00191919
192 0.00191861
193 0.00189551
194 0.00189625
195 0.00187494
196 0.00188154
197 0.00186363
198 0.00185256
199 0.00184025
200 0.00183336
201 0.00181587
202 0.00180815
203 0.00179911
204 0.00180149
205 0.00178671
206 0.00178657
207 0.00176947
208 0.00176423
209 0.00175336
210 0.00174904
211 0.00173377
212 0.00173862
213 0.00172182
214 0.00171939
215 0.00170656
216 0.00170943
217 0.00169188
218 0.00169061
219 0.00167612
220 0.00167816
221 0.00167163
222 0.00165841
223 0.00165307
224 0.00165333
225 0.00163708
226 0.00163452
227 0.00161948
228 0.00161614
229 0.00160075
230 0.0016054
231 0.00158864
232 0.00158957
233 0.00157857
234 0.0015804
235 0.00156567
236 0.0015642
237 0.00155117
238 0.00155155
239 0.00153978
240 0.00153807
241 0.00153721
242 0.00153261
243 0.00152034
244 0.00152029
245 0.00150695
246 0.00150758
247 0.00149645
248 0.00150072
249 0.00148495
250 0.00148606
251 0.00147822
252 0.00147399
253 0.00146119
254 0.00146333
255 0.00145609
256 0.00145191
257 0.00144033
258 0.0014353
259 0.00142661
260 0.00142604
261 0.00141717
262 0.00141631
263 0.00140951
264 0.00140476
265 0.00139452
266 0.00139666
267 0.00138395
268 0.00138564
269 0.00138034
270 0.00137292
271 0.00136926
272 0.00136515
273 0.00135871
274 0.00135767
275 0.00135349
276 0.00135135
277 0.0013394
278 0.0013404
279 0.00133067
280 0.00132982
281 0.00132712
282 0.00132653
283 0.00131997
284 0.00131712
285 0.00130536
286 0.00130692
287 0.00129931
288 0.00129758
289 0.00128892
290 0.0012899
291 0.00127945
292 0.00128092
293 0.00127331
294 0.00126915
295 0.00126514
296 0.00126378
297 0.00125108
298 0.00124574
299 0.00124175
300 0.00124292
301 0.0012348
302 0.0012322
303 0.00122763
304 0.00122865
305 0.00122031
306 0.00122056
307 0.00121121
308 0.0012125
309 0.00120486
310 0.00120423
311 0.00120089
312 0.00119526
313 0.00119203
314 0.0011919
315 0.00118699
316 0.0011832
317 0.00118161
318 0.00117823
319 0.00117013
320 0.00117083
321 0.00116783
322 0.00116482
323 0.00115631
324 0.0011592
325 0.00115141
326 0.00115301
327 0.00114619
328 0.00114615
329 0.00113816
330 0.00113634
331 0.00112918
332 0.00113194
333 0.00112257
334 0.00112278
335 0.00111855
336 0.00111798
337 0.00111169
338 0.00111364
339 0.00110373
340 0.0011045
341 0.0010992
342 0.00109673
343 0.00108999
344 0.00108872
345 0.00108377
346 0.00108344
347 0.00108262
348 0.00108022
349 0.00107189
350 0.00107119
351 0.0010688
352 0.00106483
353 0.00105981
354 0.00106204
355 0.00105468
356 0.00105533
357 0.00105062
358 0.0010498
359 0.0010471
360 0.00104639
361 0.00104071
362 0.00103949
363 0.00103419
364 0.00103398
365 0.00102786
366 0.0010277
367 0.00102025
368 0.00101812
369 0.00101376
370 0.00101329
371 0.00100787
372 0.00100815
373 0.00100051
374 0.00100274
375 0.000997101
376 0.000995803
377 0.000990727
378 0.000991686
379 0.000988738
380 0.00098707
381 0.00098529
382 0.000980257
383 0.000976333
384 0.000973903
385 0.000967737
386 0.000967903
387 0.000962781
388 0.00096475
389 0.000959407
390 0.000958416
391 0.000955458
392 0.000958398
393 0.000950136
394 0.000949057
395 0.000946969
396 0.000948411
397 0.00094485
398 0.000942882
399 0.000937883
400 0.000936167
