1 0.500081
2 0.500103
3 0.500101
4 0.499869
5 0.499837
6 0.49985
7 0.499905
8 0.499898
9 0.499824
10 0.499894
11 0.499918
12 0.499992
13 0.506349
14 0.512851
15 0.519395
16 0.525744
17 0.531541
18 0.537037
19 0.542049
20 0.546842
21 0.551208
22 0.555314
23 0.559056
24 0.562611
25 0.565919
26 0.568941
27 0.571744
28 0.574439
29 0.57691
30 0.579265
31 0.581429
32 0.58345
33 0.585348
34 0.587168
35 0.58883
36 0.590462
37 0.591979
38 0.593425
39 0.594756
40 0.596069
41 0.597328
42 0.598492
43 0.599619
44 0.600695
45 0.601727
46 0.602743
47 0.603723
48 0.604659
49 0.605575
50 0.606437
51 0.607296
52 0.608087
53 0.608854
54 0.609644
55 0.610376
56 0.611091
57 0.611714
58 0.612472
59 0.613145
60 0.61377
61 0.614376
62 0.614986
63 0.615552
64 0.616151
65 0.61671
66 0.617262
67 0.61781
68 0.618312
69 0.618804
70 0.619278
71 0.619762
72 0.620225
73 0.620741
74 0.621097
75 0.621529
76 0.621949
77 0.622355
78 0.622738
79 0.623129
80 0.623511
81 0.623888
82 0.624272
83 0.624613
84 0.624972
85 0.625351
86 0.625654
87 0.625991
88 0.626314
89 0.626581
90 0.626921
91 0.627209
92 0.627531
93 0.627808
94 0.628114
95 0.628382
96 0.628662
97 0.628933
98 0.629206
99 0.629467
100 0.629724
101 0.629985
102 0.630263
103 0.630459
104 0.630728
105 0.630947
106 0.631214
107 0.631446
108 0.631667
109 0.631899
110 0.632114
111 0.632334
112 0.632559
113 0.632791
114 0.633
115 0.633205
116 0.633416
117 0.633591
118 0.633827
119 0.634012
120 0.634204
121 0.634404
122 0.634575
123 0.634765
124 0.634943
125 0.635132
126 0.635309
127 0.635495
128 0.635661
129 0.635811
130 0.636003
131 0.636176
132 0.636352
133 0.636526
134 0.636681
135 0.636831
136 0.636987
137 0.637151
138 0.637299
139 0.637449
140 0.637601
141 0.637754
142 0.637908
143 0.638048
144 0.638192
145 0.638342
146 0.638462
147 0.638616
148 0.638754
149 0.638892
150 0.639021
151 0.639144
152 0.63928
153 0.639408
154 0.63953
155 0.639658
156 0.639776
157 0.639903
158 0.640027
159 0.64014
160 0.640264
161 0.640376
162 0.640502
163 0.640609
164 0.640729
165 0.640834
166 0.640945
167 0.641062
168 0.641178
169 0.641292
170 0.641424
171 0.641419
172 0.641587
173 0.641699
174 0.64181
175 0.641914
176 0.64202
177 0.642123
178 0.642201
179 0.64231
180 0.642404
181 0.642504
182 0.642593
183 0.642684
184 0.642788
185 0.64288
186 0.642957
187 0.643064
188 0.643152
189 0.64324
190 0.643333
191 0.64342
192 0.643507
193 0.643586
194 0.643676
195 0.643731
196 0.643841
197 0.643909
198 0.644006
199 0.644095
200 0.644167
201 0.644249
202 0.644325
203 0.644406
204 0.644478
205 0.644584
206 0.644633
207 0.644705
208 0.644787
209 0.644874
210 0.644932
211 0.645006
212 0.645084
213 0.645154
214 0.645222
215 0.645291
216 0.645361
217 0.645425
218 0.645501
219 0.645573
220 0.645626
221 0.645696
222 0.645768
223 0.645837
224 0.645903
225 0.645969
226 0.646033
227 0.646095
228 0.646173
229 0.646235
230 0.646295
231 0.646355
232 0.646419
233 0.646472
234 0.646535
235 0.646599
236 0.646664
237 0.646727
238 0.64678
239 0.646831
240 0.6469
241 0.646988
242 0.647015
243 0.647078
244 0.64713
245 0.647183
246 0.647239
247 0.647292
248 0.647343
249 0.647402
250 0.647461
251 0.647514
252 0.647574
253 0.647633
254 0.647692
255 0.647765
256 0.64778
257 0.647789
258 0.647862
259 0.647922
260 0.647974
261 0.648025
262 0.648081
263 0.648128
264 0.648178
265 0.648226
266 0.648281
267 0.64832
268 0.648373
269 0.648421
270 0.648466
271 0.648523
272 0.64856
273 0.648577
274 0.648653
275 0.648702
276 0.648744
277 0.648788
278 0.648829
279 0.648873
280 0.648918
281 0.648959
282 0.649009
283 0.649049
284 0.649095
285 0.649133
286 0.64918
287 0.649224
288 0.649265
289 0.649311
290 0.649353
291 0.649391
292 0.649431
293 0.649487
294 0.64952
295 0.649557
296 0.649601
297 0.649639
298 0.649686
299 0.649722
300 0.649765
301 0.649802
302 0.649839
303 0.649884
304 0.649916
305 0.649949
306 0.649996
307 0.650058
308 0.650064
309 0.650106
310 0.650146
311 0.650184
312 0.650222
313 0.650255
314 0.650294
315 0.650302
316 0.650369
317 0.650396
318 0.650441
319 0.650476
320 0.650512
321 0.650547
322 0.650582
323 0.650617
324 0.650653
325 0.65069
326 0.650717
327 0.650759
328 0.650793
329 0.650831
330 0.650857
331 0.6509
332 0.650923
333 0.650954
334 0.650989
335 0.651026
336 0.651059
337 0.651089
338 0.651122
339 0.651157
340 0.651187
341 0.651192
342 0.651268
343 0.651286
344 0.651317
345 0.651349
346 0.65138
347 0.651412
348 0.651445
349 0.651476
350 0.651506
351 0.651532
352 0.651568
353 0.651593
354 0.65163
355 0.651658
356 0.651681
357 0.651716
358 0.651744
359 0.651766
360 0.651798
361 0.651824
362 0.651855
363 0.651883
364 0.651912
365 0.651946
366 0.651961
367 0.651996
368 0.652026
369 0.652049
370 0.65208
371 0.652104
372 0.652128
373 0.652163
374 0.652191
375 0.652221
376 0.652241
377 0.652268
378 0.652295
379 0.652323
380 0.652347
381 0.652367
382 0.652401
383 0.652432
384 0.652455
385 0.652473
386 0.652501
387 0.652529
388 0.652555
389 0.65258
390 0.652596
391 0.652632
392 0.652655
393 0.65268
394 0.652711
395 0.652732
396 0.652759
397 0.652784
398 0.652813
399 0.652832
400 0.652856
