1 0.300277
2 0.299374
3 0.299924
4 0.299969
5 0.300148
6 0.300201
7 0.302798
8 0.304039
9 0.306164
10 0.307355
11 0.30752
12 0.30747
13 0.308499
14 0.310058
15 0.311363
16 0.313011
17 0.314579
18 0.316284
19 0.317813
20 0.31925
21 0.32062
22 0.321915
23 0.323149
24 0.324222
25 0.32548
26 0.326437
27 0.327442
28 0.328267
29 0.329207
30 0.330152
31 0.33092
32 0.331743
33 0.33242
34 0.333249
35 0.333866
36 0.334479
37 0.335041
38 0.335618
39 0.336307
40 0.336823
41 0.337415
42 0.337894
43 0.338464
44 0.338859
45 0.339432
46 0.33978
47 0.340307
48 0.340709
49 0.341062
50 0.34162
51 0.341973
52 0.342395
53 0.342698
54 0.34308
55 0.343406
56 0.343753
57 0.344173
58 0.344443
59 0.344749
60 0.345107
61 0.345434
62 0.345691
63 0.345941
64 0.346286
65 0.346532
66 0.346757
67 0.347145
68 0.347343
69 0.347559
70 0.347766
71 0.34809
72 0.348369
73 0.348496
74 0.3486
75 0.348954
76 0.349196
77 0.349405
78 0.349631
79 0.349769
80 0.350005
81 0.350201
82 0.350412
83 0.350584
84 0.350766
85 0.350997
86 0.35118
87 0.351327
88 0.351541
89 0.351643
90 0.351843
91 0.352055
92 0.35215
93 0.352264
94 0.352535
95 0.352567
96 0.352814
97 0.35291
98 0.35309
99 0.353213
100 0.353401
101 0.353487
102 0.353541
103 0.353709
104 0.353883
105 0.354048
106 0.354163
107 0.354218
108 0.354394
109 0.354554
110 0.354661
111 0.354824
112 0.354927
113 0.355066
114 0.355116
115 0.355221
116 0.355359
117 0.355521
118 0.355566
119 0.355707
120 0.355751
121 0.355873
122 0.355979
123 0.356123
124 0.356159
125 0.356254
126 0.35637
127 0.356501
128 0.356542
129 0.356667
130 0.356688
131 0.356848
132 0.356914
133 0.357048
134 0.357115
135 0.357247
136 0.357327
137 0.357365
138 0.357452
139 0.357511
140 0.357624
141 0.35767
142 0.357777
143 0.357939
144 0.357927
145 0.358069
146 0.358106
147 0.358212
148 0.358301
149 0.358339
150 0.358422
151 0.358505
152 0.358582
153 0.358634
154 0.358671
155 0.358696
156 0.358767
157 0.358853
158 0.358986
159 0.359051
160 0.359106
161 0.359147
162 0.359221
163 0.359272
164 0.359342
165 0.35937
166 0.359404
167 0.359543
168 0.359533
169 0.359611
170 0.359672
171 0.359693
172 0.359816
173 0.359862
174 0.35995
175 0.359984
176 0.360055
177 0.360062
178 0.360111
179 0.360193
180 0.360282
181 0.360274
182 0.360311
183 0.360377
184 0.360505
185 0.360498
186 0.360577
187 0.360645
188 0.36072
189 0.360667
190 0.360799
191 0.360818
192 0.360872
193 0.360908
194 0.360961
195 0.361031
196 0.361019
197 0.361065
198 0.361113
199 0.361155
200 0.361194
201 0.361278
202 0.361323
203 0.361352
204 0.361399
205 0.361523
206 0.361473
207 0.361572
208 0.361547
209 0.361622
210 0.36163
211 0.36169
212 0.361749
213 0.361774
214 0.361818
215 0.361844
216 0.361881
217 0.361899
218 0.361942
219 0.361992
220 0.362032
221 0.362054
222 0.362112
223 0.362139
224 0.362179
225 0.362179
226 0.362243
227 0.362322
228 0.36232
229 0.362373
230 0.362424
231 0.362456
232 0.362513
233 0.362503
234 0.362531
235 0.362607
236 0.362596
237 0.362645
238 0.362642
239 0.362723
240 0.36273
241 0.362727
242 0.362845
243 0.362837
244 0.362849
245 0.362887
246 0.362943
247 0.362918
248 0.363025
249 0.363009
250 0.363019
251 0.363024
252 0.363109
253 0.363189
254 0.363171
255 0.363227
256 0.363232
257 0.363242
258 0.363354
259 0.363318
260 0.363296
261 0.363371
262 0.363444
263 0.363436
264 0.363439
265 0.363506
266 0.363523
267 0.363524
268 0.363594
269 0.363575
270 0.363648
271 0.363623
272 0.363671
273 0.363707
274 0.363738
275 0.363733
276 0.363807
277 0.363808
278 0.363822
279 0.363872
280 0.363857
281 0.363911
282 0.363932
283 0.36393
284 0.363986
285 0.36399
286 0.364057
287 0.364065
288 0.364046
289 0.364087
290 0.364146
291 0.364142
292 0.364128
293 0.364193
294 0.364294
295 0.364264
296 0.364256
297 0.364306
298 0.364293
299 0.364373
300 0.364383
301 0.364408
302 0.364407
303 0.36442
304 0.364469
305 0.364466
306 0.364485
307 0.364544
308 0.364516
309 0.364553
310 0.364556
311 0.364607
312 0.364699
313 0.364655
314 0.364709
315 0.364722
316 0.364668
317 0.364683
318 0.364719
319 0.364751
320 0.364758
321 0.364801
322 0.364773
323 0.364812
324 0.364906
325 0.364848
326 0.364884
327 0.364912
328 0.364945
329 0.364944
330 0.364943
331 0.364922
332 0.364972
333 0.365023
334 0.364992
335 0.365052
336 0.365092
337 0.365088
338 0.365127
339 0.365153
340 0.36515
341 0.365094
342 0.365174
343 0.36522
344 0.365167
345 0.365259
346 0.365299
347 0.365266
348 0.365289
349 0.365285
350 0.365327
351 0.365377
352 0.365353
353 0.365421
354 0.3654
355 0.365404
356 0.365418
357 0.365461
358 0.365465
359 0.365521
360 0.365489
361 0.365513
362 0.365522
363 0.365551
364 0.365603
365 0.365556
366 0.365577
367 0.365628
368 0.365621
369 0.365624
370 0.36568
371 0.365692
372 0.365651
373 0.365709
374 0.365715
375 0.365734
376 0.365728
377 0.365787
378 0.365756
379 0.365786
380 0.365809
381 0.365858
382 0.365812
383 0.365833
384 0.365825
385 0.365905
386 0.36589
387 0.365893
388 0.365883
389 0.365928
390 0.365973
391 0.36591
392 0.365979
393 0.365973
394 0.365961
395 0.365997
396 0.366012
397 0.366054
398 0.366058
399 0.366065
400 0.366065
