1 0.458379
2 0.338232
3 0.287617
4 0.258418
5 0.239113
6 0.22559
7 0.209006
8 0.195823
9 0.187643
10 0.180727
11 0.174531
12 0.169268
13 0.16572
14 0.162582
15 0.159537
16 0.157311
17 0.155273
18 0.153244
19 0.151722
20 0.150354
21 0.149032
22 0.148119
23 0.147049
24 0.146128
25 0.145208
26 0.144698
27 0.144191
28 0.143418
29 0.143007
30 0.142493
31 0.14225
32 0.141608
33 0.14147
34 0.140727
35 0.140464
36 0.140128
37 0.139837
38 0.139733
39 0.139266
40 0.139049
41 0.138523
42 0.138594
43 0.138249
44 0.138205
45 0.137815
46 0.13781
47 0.137693
48 0.137446
49 0.137222
50 0.137138
51 0.136866
52 0.136806
53 0.136637
54 0.136617
55 0.136282
56 0.136202
57 0.136158
58 0.136044
59 0.135806
60 0.135797
61 0.135716
62 0.135587
63 0.135435
64 0.135275
65 0.135192
66 0.135292
67 0.134997
68 0.13498
69 0.134912
70 0.134906
71 0.134811
72 0.134654
73 0.134449
74 0.134551
75 0.134465
76 0.134372
77 0.13437
78 0.134275
79 0.13418
80 0.134192
81 0.134119
82 0.134026
83 0.134059
84 0.133971
85 0.133758
86 0.13383
87 0.133735
88 0.133684
89 0.13363
90 0.133629
91 0.133507
92 0.133528
93 0.133656
94 0.133468
95 0.133363
96 0.133354
97 0.133312
98 0.133179
99 0.133237
100 0.133119
101 0.133097
102 0.133037
103 0.133026
104 0.132926
105 0.132905
106 0.132967
107 0.132786
108 0.132858
109 0.132869
110 0.13283
111 0.132762
112 0.132786
113 0.132733
114 0.132655
115 0.132708
116 0.132534
117 0.132482
118 0.132535
119 0.13241
120 0.132467
121 0.132505
122 0.132365
123 0.13245
124 0.132348
125 0.132384
126 0.132239
127 0.132179
128 0.132096
129 0.132229
130 0.132199
131 0.132135
132 0.132131
133 0.132083
134 0.132141
135 0.132115
136 0.132059
137 0.132057
138 0.132039
139 0.131962
140 0.131989
141 0.132015
142 0.131942
143 0.131909
144 0.131888
145 0.131766
146 0.131877
147 0.131842
148 0.131822
149 0.131721
150 0.131819
151 0.131714
152 0.131695
153 0.13175
154 0.131698
155 0.13165
156 0.1317
157 0.131665
158 0.131622
159 0.131577
160 0.131618
161 0.131587
162 0.131599
163 0.131449
164 0.131495
165 0.131414
166 0.131471
167 0.131509
168 0.131451
169 0.131414
170 0.131398
171 0.131424
172 0.131332
173 0.131395
174 0.131373
175 0.131356
176 0.131317
177 0.131285
178 0.131328
179 0.131307
180 0.131239
181 0.131206
182 0.131235
183 0.131187
184 0.131178
185 0.131237
186 0.131168
187 0.131145
188 0.131239
189 0.131143
190 0.131069
191 0.131129
192 0.131045
193 0.131103
194 0.131186
195 0.131047
196 0.131101
197 0.131051
198 0.131087
199 0.131022
200 0.131086
201 0.130999
202 0.130978
203 0.131013
204 0.130924
205 0.130697
206 0.130909
207 0.130951
208 0.130899
209 0.130954
210 0.130961
211 0.130852
212 0.13087
213 0.13089
214 0.130806
215 0.130875
216 0.130924
217 0.130817
218 0.130816
219 0.13088
220 0.130754
221 0.130761
222 0.13074
223 0.130791
224 0.130725
225 0.130777
226 0.130702
227 0.1308
228 0.13072
229 0.130752
230 0.130757
231 0.130685
232 0.130718
233 0.130671
234 0.130718
235 0.130667
236 0.130669
237 0.130664
238 0.130609
239 0.130665
240 0.13068
241 0.130664
242 0.130609
243 0.130654
244 0.130615
245 0.130598
246 0.130611
247 0.130594
248 0.130585
249 0.130622
250 0.130559
251 0.130536
252 0.130507
253 0.130524
254 0.130532
255 0.130524
256 0.130543
257 0.130489
258 0.130547
259 0.130464
260 0.130474
261 0.130562
262 0.130483
263 0.130489
264 0.13044
265 0.130434
266 0.130432
267 0.130486
268 0.130428
269 0.1304
270 0.130431
271 0.130389
272 0.130442
273 0.130357
274 0.130354
275 0.130372
276 0.130352
277 0.130379
278 0.130318
279 0.130362
280 0.130371
281 0.130359
282 0.130358
283 0.130311
284 0.130376
285 0.130265
286 0.130271
287 0.130355
288 0.130327
289 0.13028
290 0.13028
291 0.130291
292 0.130242
293 0.130362
294 0.130238
295 0.130259
296 0.130264
297 0.13025
298 0.130231
299 0.130193
300 0.130228
301 0.130241
302 0.130168
303 0.130186
304 0.130235
305 0.130259
306 0.13019
307 0.13013
308 0.130254
309 0.130185
310 0.130226
311 0.130129
312 0.13016
313 0.130177
314 0.130146
315 0.130102
316 0.1302
317 0.130125
318 0.130189
319 0.130102
320 0.13015
321 0.130123
322 0.130144
323 0.130161
324 0.130129
325 0.130123
326 0.130065
327 0.130088
328 0.130134
329 0.130075
330 0.130058
331 0.130199
332 0.130107
333 0.130057
334 0.130067
335 0.130114
336 0.130093
337 0.130041
338 0.130067
339 0.130084
340 0.130012
341 0.130257
342 0.13015
343 0.130044
344 0.129976
345 0.130019
346 0.129994
347 0.130084
348 0.129998
349 0.13001
350 0.130004
351 0.130035
352 0.130005
353 0.129954
354 0.130064
355 0.130038
356 0.129936
357 0.129943
358 0.129983
359 0.129961
360 0.13003
361 0.129991
362 0.129912
363 0.130026
364 0.12995
365 0.129942
366 0.129963
367 0.129899
368 0.129923
369 0.129934
370 0.129874
371 0.129961
372 0.129938
373 0.129916
374 0.129883
375 0.12996
376 0.129955
377 0.129919
378 0.129856
379 0.129897
380 0.129955
381 0.129885
382 0.129927
383 0.129909
384 0.129894
385 0.129903
386 0.129871
387 0.12991
388 0.129871
389 0.129843
390 0.129841
391 0.129882
392 0.129861
393 0.129835
394 0.129829
395 0.129829
396 0.129849
397 0.129835
398 0.129805
399 0.129761
400 0.129787
