1 0.300277
2 0.299427
3 0.300019
4 0.300064
5 0.29994
6 0.300007
7 0.318874
8 0.313145
9 0.323358
10 0.316809
11 0.31184
12 0.307813
13 0.320527
14 0.329763
15 0.331445
16 0.337909
17 0.340337
18 0.342504
19 0.346515
20 0.347255
21 0.348106
22 0.349195
23 0.349963
24 0.350215
25 0.350616
26 0.352219
27 0.35298
28 0.353653
29 0.354342
30 0.355306
31 0.355145
32 0.355461
33 0.356251
34 0.35634
35 0.356595
36 0.356854
37 0.357534
38 0.358534
39 0.358026
40 0.35824
41 0.359291
42 0.358663
43 0.359746
44 0.360294
45 0.360977
46 0.360245
47 0.361349
48 0.361558
49 0.361243
50 0.36153
51 0.362327
52 0.362338
53 0.361543
54 0.36275
55 0.363604
56 0.363302
57 0.362964
58 0.363461
59 0.363294
60 0.36383
61 0.363209
62 0.363805
63 0.363391
64 0.363947
65 0.365062
66 0.364575
67 0.364887
68 0.364387
69 0.364817
70 0.364776
71 0.365104
72 0.364981
73 0.364835
74 0.365493
75 0.36525
76 0.365357
77 0.365296
78 0.36642
79 0.365372
80 0.366298
81 0.366332
82 0.365602
83 0.366975
84 0.36623
85 0.366368
86 0.365795
87 0.367466
88 0.366297
89 0.36651
90 0.366568
91 0.367044
92 0.366847
93 0.367264
94 0.366183
95 0.366485
96 0.367192
97 0.367513
98 0.367374
99 0.367023
100 0.367087
101 0.366765
102 0.366893
103 0.367994
104 0.367754
105 0.367876
106 0.367552
107 0.367816
108 0.367874
109 0.367107
110 0.367211
111 0.368055
112 0.367791
113 0.367845
114 0.367156
115 0.368115
116 0.368226
117 0.36896
118 0.36842
119 0.367724
120 0.367394
121 0.369318
122 0.368913
123 0.368031
124 0.368103
125 0.368782
126 0.368809
127 0.368461
128 0.369132
129 0.36746
130 0.369115
131 0.369158
132 0.369357
133 0.368419
134 0.369629
135 0.368678
136 0.36956
137 0.369703
138 0.369518
139 0.368944
140 0.368292
141 0.369496
142 0.369377
143 0.369556
144 0.369234
145 0.369508
146 0.368929
147 0.369379
148 0.368676
149 0.369374
150 0.369048
151 0.369365
152 0.369227
153 0.369578
154 0.369547
155 0.369484
156 0.370003
157 0.369517
158 0.370265
159 0.36975
160 0.36959
161 0.369464
162 0.369273
163 0.369061
164 0.369113
165 0.369236
166 0.370182
167 0.369899
168 0.369691
169 0.369988
170 0.369615
171 0.370386
172 0.369206
173 0.369583
174 0.369614
175 0.369949
176 0.369515
177 0.370022
178 0.370448
179 0.370416
180 0.369184
181 0.369494
182 0.370031
183 0.369828
184 0.370584
185 0.370291
186 0.370592
187 0.369809
188 0.370579
189 0.369702
190 0.369874
191 0.370357
192 0.369716
193 0.370132
194 0.369357
195 0.369388
196 0.369686
197 0.370156
198 0.370132
199 0.369985
200 0.369909
201 0.36992
202 0.370332
203 0.369925
204 0.369858
205 0.370194
206 0.370107
207 0.370359
208 0.370017
209 0.369971
210 0.369704
211 0.370229
212 0.370031
213 0.370555
214 0.370673
215 0.370486
216 0.370546
217 0.370525
218 0.370355
219 0.369895
220 0.370215
221 0.370639
222 0.370606
223 0.370531
224 0.370793
225 0.369956
226 0.370055
227 0.369302
228 0.369881
229 0.370588
230 0.370255
231 0.370443
232 0.370447
233 0.371697
234 0.370867
235 0.370938
236 0.370038
237 0.370211
238 0.370696
239 0.371366
240 0.370372
241 0.370759
242 0.370895
243 0.370493
244 0.370178
245 0.370088
246 0.371427
247 0.370663
248 0.37033
249 0.370452
250 0.370864
251 0.369836
252 0.369938
253 0.370102
254 0.371258
255 0.371348
256 0.371247
257 0.370206
258 0.37078
259 0.371121
260 0.371027
261 0.371585
262 0.370639
263 0.371416
264 0.370857
265 0.371673
266 0.371358
267 0.371117
268 0.370298
269 0.370088
270 0.371026
271 0.370486
272 0.370303
273 0.370587
274 0.370609
275 0.370684
276 0.371661
277 0.371028
278 0.370397
279 0.370745
280 0.370539
281 0.370563
282 0.370419
283 0.370596
284 0.369534
285 0.370869
286 0.372249
287 0.371718
288 0.370738
289 0.370592
290 0.370953
291 0.371266
292 0.371001
293 0.371535
294 0.370958
295 0.370865
296 0.370947
297 0.371264
298 0.370258
299 0.371185
300 0.370843
301 0.370391
302 0.370219
303 0.370123
304 0.370488
305 0.371456
306 0.371076
307 0.370584
308 0.3705
309 0.37157
310 0.370639
311 0.371501
312 0.370895
313 0.371118
314 0.371159
315 0.37213
316 0.371133
317 0.370776
318 0.371126
319 0.370864
320 0.371221
321 0.371473
322 0.371485
323 0.371135
324 0.371071
325 0.371031
326 0.371436
327 0.372061
328 0.370601
329 0.371858
330 0.371664
331 0.371076
332 0.371524
333 0.370917
334 0.371165
335 0.371196
336 0.37133
337 0.371061
338 0.370273
339 0.370872
340 0.371202
341 0.37113
342 0.371258
343 0.37148
344 0.370649
345 0.371015
346 0.371934
347 0.371148
348 0.371215
349 0.370943
350 0.371559
351 0.371499
352 0.371847
353 0.37119
354 0.370754
355 0.371466
356 0.371707
357 0.371438
358 0.371046
359 0.371852
360 0.371743
361 0.371654
362 0.371192
363 0.37139
364 0.370733
365 0.371005
366 0.371051
367 0.371455
368 0.371545
369 0.371106
370 0.371173
371 0.371213
372 0.37135
373 0.371721
374 0.370913
375 0.370642
376 0.37097
377 0.370462
378 0.371472
379 0.37095
380 0.370759
381 0.371293
382 0.371527
383 0.371599
384 0.371769
385 0.370818
386 0.371618
387 0.371526
388 0.371744
389 0.371154
390 0.371872
391 0.371336
392 0.371123
393 0.371128
394 0.371603
395 0.370755
396 0.371733
397 0.371798
398 0.371141
399 0.370882
400 0.370986
