1 0.458379
2 0.458007
3 0.458266
4 0.458286
5 0.458232
6 0.458261
7 0.46604
8 0.463773
9 0.467758
10 0.465233
11 0.463245
12 0.461589
13 0.46668
14 0.470127
15 0.470733
16 0.472998
17 0.473823
18 0.474548
19 0.47586
20 0.476098
21 0.47637
22 0.476716
23 0.476958
24 0.477038
25 0.477163
26 0.477662
27 0.477897
28 0.478103
29 0.478314
30 0.478606
31 0.478558
32 0.478653
33 0.478891
34 0.478918
35 0.478994
36 0.479072
37 0.479274
38 0.47957
39 0.47942
40 0.479484
41 0.479793
42 0.479608
43 0.479926
44 0.480086
45 0.480284
46 0.480072
47 0.480392
48 0.480452
49 0.480361
50 0.480444
51 0.480673
52 0.480676
53 0.480448
54 0.480794
55 0.481037
56 0.480951
57 0.480855
58 0.480996
59 0.480949
60 0.481101
61 0.480925
62 0.481094
63 0.480976
64 0.481134
65 0.481448
66 0.481311
67 0.481399
68 0.481258
69 0.481379
70 0.481368
71 0.48146
72 0.481425
73 0.481384
74 0.481568
75 0.481501
76 0.48153
77 0.481513
78 0.481826
79 0.481535
80 0.481793
81 0.481802
82 0.481599
83 0.48198
84 0.481774
85 0.481812
86 0.481653
87 0.482115
88 0.481792
89 0.481851
90 0.481867
91 0.481999
92 0.481945
93 0.48206
94 0.481761
95 0.481844
96 0.48204
97 0.482128
98 0.48209
99 0.481993
100 0.482011
101 0.481922
102 0.481957
103 0.48226
104 0.482194
105 0.482228
106 0.482139
107 0.482211
108 0.482227
109 0.482016
110 0.482045
111 0.482277
112 0.482204
113 0.482219
114 0.48203
115 0.482293
116 0.482324
117 0.482523
118 0.482376
119 0.482186
120 0.482095
121 0.482621
122 0.482511
123 0.48227
124 0.48229
125 0.482475
126 0.482482
127 0.482388
128 0.48257
129 0.482114
130 0.482566
131 0.482577
132 0.482631
133 0.482376
134 0.482705
135 0.482447
136 0.482686
137 0.482725
138 0.482675
139 0.482519
140 0.482342
141 0.482669
142 0.482637
143 0.482685
144 0.482598
145 0.482672
146 0.482515
147 0.482637
148 0.482446
149 0.482636
150 0.482547
151 0.482633
152 0.482596
153 0.482691
154 0.482682
155 0.482665
156 0.482805
157 0.482674
158 0.482876
159 0.482737
160 0.482694
161 0.48266
162 0.482608
163 0.482551
164 0.482565
165 0.482598
166 0.482854
167 0.482777
168 0.482721
169 0.482801
170 0.482701
171 0.482908
172 0.48259
173 0.482692
174 0.482701
175 0.482791
176 0.482674
177 0.482811
178 0.482925
179 0.482917
180 0.482584
181 0.482668
182 0.482813
183 0.482758
184 0.482962
185 0.482883
186 0.482964
187 0.482753
188 0.48296
189 0.482724
190 0.482771
191 0.482901
192 0.482728
193 0.48284
194 0.482631
195 0.482639
196 0.48272
197 0.482847
198 0.48284
199 0.482801
200 0.48278
201 0.482783
202 0.482894
203 0.482785
204 0.482766
205 0.482857
206 0.482834
207 0.482901
208 0.482809
209 0.482797
210 0.482725
211 0.482866
212 0.482813
213 0.482954
214 0.482985
215 0.482935
216 0.482951
217 0.482946
218 0.4829
219 0.482776
220 0.482863
221 0.482976
222 0.482967
223 0.482947
224 0.483018
225 0.482793
226 0.482819
227 0.482616
228 0.482773
229 0.482963
230 0.482873
231 0.482924
232 0.482925
233 0.483258
234 0.483037
235 0.483056
236 0.482815
237 0.482861
238 0.482992
239 0.48317
240 0.482905
241 0.483008
242 0.483045
243 0.482937
244 0.482853
245 0.482828
246 0.483187
247 0.482983
248 0.482893
249 0.482926
250 0.483036
251 0.48276
252 0.482788
253 0.482832
254 0.483142
255 0.483166
256 0.483139
257 0.48286
258 0.483014
259 0.483105
260 0.48308
261 0.483229
262 0.482976
263 0.483184
264 0.483035
265 0.483252
266 0.483168
267 0.483104
268 0.482885
269 0.482828
270 0.48308
271 0.482935
272 0.482886
273 0.482962
274 0.482968
275 0.482988
276 0.483249
277 0.48308
278 0.482911
279 0.483005
280 0.482949
281 0.482956
282 0.482917
283 0.482965
284 0.482679
285 0.483038
286 0.483405
287 0.483264
288 0.483003
289 0.482964
290 0.48306
291 0.483144
292 0.483073
293 0.483215
294 0.483062
295 0.483037
296 0.483059
297 0.483143
298 0.482874
299 0.483122
300 0.483031
301 0.48291
302 0.482864
303 0.482838
304 0.482936
305 0.483194
306 0.483093
307 0.482962
308 0.482939
309 0.483225
310 0.482976
311 0.483206
312 0.483045
313 0.483104
314 0.483115
315 0.483373
316 0.483108
317 0.483013
318 0.483106
319 0.483036
320 0.483132
321 0.483199
322 0.483202
323 0.483109
324 0.483092
325 0.483081
326 0.483189
327 0.483355
328 0.482966
329 0.483301
330 0.48325
331 0.483093
332 0.483212
333 0.483051
334 0.483117
335 0.483125
336 0.483161
337 0.483089
338 0.482878
339 0.483039
340 0.483127
341 0.483108
342 0.483142
343 0.483201
344 0.482979
345 0.483077
346 0.483321
347 0.483112
348 0.48313
349 0.483058
350 0.483222
351 0.483206
352 0.483298
353 0.483124
354 0.483007
355 0.483197
356 0.483261
357 0.48319
358 0.483085
359 0.4833
360 0.483271
361 0.483247
362 0.483124
363 0.483177
364 0.483001
365 0.483074
366 0.483086
367 0.483194
368 0.483218
369 0.483101
370 0.483119
371 0.48313
372 0.483166
373 0.483265
374 0.48305
375 0.482977
376 0.483065
377 0.482929
378 0.483199
379 0.483059
380 0.483008
381 0.483151
382 0.483213
383 0.483232
384 0.483278
385 0.483024
386 0.483237
387 0.483213
388 0.483271
389 0.483114
390 0.483305
391 0.483162
392 0.483106
393 0.483107
394 0.483233
395 0.483007
396 0.483268
397 0.483285
398 0.48311
399 0.483041
400 0.483069
