1 0.49986
2 0.49986
3 0.49986
4 0.49986
5 0.49986
6 0.49986
7 0.577727
8 0.549621
9 0.594374
10 0.56504
11 0.541213
12 0.525558
13 0.580984
14 0.6241
15 0.632331
16 0.6642
17 0.676068
18 0.686818
19 0.702832
20 0.707912
21 0.716228
22 0.717699
23 0.725319
24 0.729683
25 0.731529
26 0.736498
27 0.74056
28 0.740271
29 0.747404
30 0.748835
31 0.751149
32 0.754128
33 0.758451
34 0.757324
35 0.760895
36 0.764132
37 0.766893
38 0.767137
39 0.771494
40 0.772488
41 0.776033
42 0.776913
43 0.778664
44 0.782419
45 0.782818
46 0.783602
47 0.787058
48 0.789016
49 0.789675
50 0.789881
51 0.793393
52 0.794008
53 0.796089
54 0.796753
55 0.797728
56 0.79947
57 0.800862
58 0.802095
59 0.802873
60 0.804933
61 0.805972
62 0.806972
63 0.806543
64 0.809749
65 0.809339
66 0.810323
67 0.811554
68 0.813255
69 0.813704
70 0.813956
71 0.815952
72 0.816449
73 0.816911
74 0.817663
75 0.819013
76 0.819327
77 0.82038
78 0.821754
79 0.822589
80 0.822764
81 0.823725
82 0.823816
83 0.825466
84 0.825375
85 0.82629
86 0.827157
87 0.826607
88 0.828922
89 0.82828
90 0.82898
91 0.830146
92 0.830523
93 0.831338
94 0.831949
95 0.831859
96 0.832924
97 0.833618
98 0.833817
99 0.834341
100 0.835273
101 0.835729
102 0.835016
103 0.835715
104 0.836996
105 0.837286
106 0.837863
107 0.837967
108 0.838484
109 0.839042
110 0.839119
111 0.839728
112 0.840514
113 0.840497
114 0.841011
115 0.841453
116 0.841487
117 0.842655
118 0.842673
119 0.843668
120 0.84304
121 0.843784
122 0.844407
123 0.844792
124 0.844613
125 0.844892
126 0.845382
127 0.846145
128 0.846452
129 0.846175
130 0.846367
131 0.847227
132 0.847317
133 0.847669
134 0.848698
135 0.848518
136 0.848488
137 0.848753
138 0.848875
139 0.849737
140 0.849909
141 0.849694
142 0.850159
143 0.851351
144 0.850676
145 0.851816
146 0.850864
147 0.851431
148 0.852154
149 0.852456
150 0.852375
151 0.85265
152 0.853136
153 0.853199
154 0.853395
155 0.853383
156 0.853667
157 0.853516
158 0.854538
159 0.854517
160 0.854883
161 0.854555
162 0.854712
163 0.855499
164 0.855472
165 0.855874
166 0.855435
167 0.856194
168 0.855479
169 0.856002
170 0.856148
171 0.856625
172 0.857296
173 0.857011
174 0.857509
175 0.85741
176 0.857613
177 0.857471
178 0.857877
179 0.857836
180 0.85861
181 0.858068
182 0.858393
183 0.858538
184 0.859172
185 0.859358
186 0.85968
187 0.860531
188 0.860048
189 0.860012
190 0.860214
191 0.860109
192 0.860751
193 0.860784
194 0.860054
195 0.860932
196 0.860478
197 0.861012
198 0.860909
199 0.861285
200 0.861213
201 0.861875
202 0.861932
203 0.861987
204 0.86239
205 0.862681
206 0.862716
207 0.862698
208 0.862642
209 0.863004
210 0.862652
211 0.863267
212 0.863779
213 0.863694
214 0.863662
215 0.863838
216 0.863793
217 0.864007
218 0.863622
219 0.863704
220 0.86373
221 0.864114
222 0.86477
223 0.86431
224 0.864621
225 0.864405
226 0.864067
227 0.86475
228 0.86493
229 0.865287
230 0.865077
231 0.865351
232 0.865923
233 0.865866
234 0.865773
235 0.865797
236 0.866217
237 0.866197
238 0.865636
239 0.866585
240 0.866208
241 0.866338
242 0.866569
243 0.86674
244 0.867028
245 0.866774
246 0.867196
247 0.866946
248 0.867131
249 0.867125
250 0.867056
251 0.866861
252 0.867235
253 0.86819
254 0.86771
255 0.868078
256 0.867697
257 0.868096
258 0.868058
259 0.868592
260 0.867758
261 0.867429
262 0.868087
263 0.868264
264 0.868731
265 0.868621
266 0.868724
267 0.868515
268 0.868777
269 0.868855
270 0.869172
271 0.869342
272 0.868685
273 0.869589
274 0.869017
275 0.869481
276 0.86994
277 0.869779
278 0.869647
279 0.869695
280 0.869811
281 0.869918
282 0.870109
283 0.869656
284 0.869705
285 0.870422
286 0.870532
287 0.870473
288 0.870228
289 0.870541
290 0.870803
291 0.870763
292 0.870293
293 0.870608
294 0.871082
295 0.8709
296 0.870194
297 0.871528
298 0.871199
299 0.871848
300 0.871319
301 0.871463
302 0.871411
303 0.871568
304 0.872202
305 0.871418
306 0.871858
307 0.872031
308 0.87167
309 0.871783
310 0.871903
311 0.871723
312 0.872814
313 0.872235
314 0.872454
315 0.872446
316 0.872061
317 0.872385
318 0.871949
319 0.872339
320 0.87252
321 0.872564
322 0.87288
323 0.872042
324 0.872793
325 0.872551
326 0.872823
327 0.872834
328 0.872201
329 0.872991
330 0.872919
331 0.872178
332 0.872961
333 0.872714
334 0.87289
335 0.873045
336 0.873529
337 0.873085
338 0.873183
339 0.873259
340 0.873404
341 0.873659
342 0.873217
343 0.873832
344 0.873237
345 0.874142
346 0.873801
347 0.874447
348 0.874113
349 0.873545
350 0.873929
351 0.874728
352 0.873937
353 0.874223
354 0.874033
355 0.873774
356 0.874453
357 0.874784
358 0.87484
359 0.874595
360 0.874146
361 0.874466
362 0.874554
363 0.874332
364 0.874874
365 0.875062
366 0.874862
367 0.875018
368 0.874756
369 0.874821
370 0.875274
371 0.874917
372 0.87508
373 0.874997
374 0.875933
375 0.875247
376 0.875401
377 0.875375
378 0.875223
379 0.875486
380 0.875325
381 0.875489
382 0.875426
383 0.875664
384 0.875423
385 0.875791
386 0.875852
387 0.875727
388 0.875056
389 0.875694
390 0.875977
391 0.875692
392 0.875555
393 0.875886
394 0.875713
395 0.87604
396 0.875798
397 0.876269
398 0.876166
399 0.876108
400 0.876461
