1 0.066687
2 0.0676545
3 0.0686143
4 0.069662
5 0.0706306
6 0.0715921
7 0.0725718
8 0.073524
9 0.0745314
10 0.0755174
11 0.0765302
12 0.0775733
13 0.0786351
14 0.0797285
15 0.0807584
16 0.0818486
17 0.0829149
18 0.0840144
19 0.085076
20 0.0861752
21 0.0872403
22 0.0883439
23 0.0894341
24 0.090561
25 0.0916773
26 0.0927781
27 0.0938666
28 0.0949525
29 0.0960205
30 0.0971316
31 0.0981587
32 0.0992177
33 0.100256
34 0.101311
35 0.102338
36 0.103375
37 0.104362
38 0.105369
39 0.106334
40 0.107291
41 0.108267
42 0.109198
43 0.110123
44 0.111016
45 0.111928
46 0.112819
47 0.113721
48 0.114615
49 0.11548
50 0.116349
51 0.117174
52 0.118014
53 0.118836
54 0.119663
55 0.120444
56 0.121248
57 0.122042
58 0.122816
59 0.123599
60 0.12436
61 0.125118
62 0.125859
63 0.126635
64 0.127368
65 0.12811
66 0.128812
67 0.129566
68 0.130272
69 0.130992
70 0.131711
71 0.132405
72 0.133096
73 0.133786
74 0.134476
75 0.135173
76 0.135863
77 0.136539
78 0.137222
79 0.137874
80 0.138535
81 0.139202
82 0.139884
83 0.140497
84 0.141166
85 0.141806
86 0.142459
87 0.143092
88 0.143726
89 0.144334
90 0.145009
91 0.145638
92 0.146265
93 0.146863
94 0.147512
95 0.14812
96 0.148738
97 0.149346
98 0.149976
99 0.150576
100 0.151195
101 0.151805
102 0.152404
103 0.153021
104 0.153615
105 0.154234
106 0.154819
107 0.155411
108 0.156018
109 0.156604
110 0.157195
111 0.157789
112 0.158371
113 0.158938
114 0.159561
115 0.16013
116 0.160719
117 0.161311
118 0.161872
119 0.162454
120 0.163028
121 0.163609
122 0.164175
123 0.164753
124 0.165322
125 0.165896
126 0.166475
127 0.167036
128 0.167585
129 0.168174
130 0.168729
131 0.169279
132 0.169838
133 0.170406
134 0.170959
135 0.171514
136 0.172062
137 0.17263
138 0.173179
139 0.173726
140 0.174288
141 0.174834
142 0.175387
143 0.175937
144 0.176469
145 0.176999
146 0.177545
147 0.178108
148 0.178647
149 0.179176
150 0.179726
151 0.180274
152 0.180799
153 0.181339
154 0.181874
155 0.182407
156 0.18294
157 0.183462
158 0.18401
159 0.184533
160 0.18506
161 0.185582
162 0.186109
163 0.186637
164 0.187153
165 0.187677
166 0.188194
167 0.188721
168 0.189239
169 0.189752
170 0.190268
171 0.190801
172 0.191309
173 0.191828
174 0.192342
175 0.192857
176 0.193373
177 0.193895
178 0.194413
179 0.194917
180 0.195426
181 0.195932
182 0.196447
183 0.196944
184 0.197445
185 0.197941
186 0.19843
187 0.19896
188 0.199455
189 0.199959
190 0.20045
191 0.200952
192 0.201446
193 0.201949
194 0.202441
195 0.202965
196 0.203432
197 0.20393
198 0.204415
199 0.204905
200 0.205397
201 0.205889
202 0.206372
203 0.20686
204 0.20734
205 0.207859
206 0.208319
207 0.208802
208 0.209286
209 0.209776
210 0.210257
211 0.210724
212 0.211202
213 0.211679
214 0.212156
215 0.212633
216 0.213104
217 0.21359
218 0.214058
219 0.21453
220 0.215003
221 0.215471
222 0.215946
223 0.216415
224 0.216882
225 0.217349
226 0.217812
227 0.218279
228 0.218756
229 0.219217
230 0.219682
231 0.220143
232 0.220606
233 0.221066
234 0.22154
235 0.221984
236 0.222445
237 0.222908
238 0.223364
239 0.223826
240 0.224279
241 0.224706
242 0.225187
243 0.225648
244 0.226103
245 0.226556
246 0.22701
247 0.227452
248 0.227911
249 0.228354
250 0.228804
251 0.229252
252 0.229701
253 0.230144
254 0.230588
255 0.23103
256 0.231479
257 0.231933
258 0.23237
259 0.232808
260 0.233253
261 0.233687
262 0.23413
263 0.234567
264 0.235007
265 0.235442
266 0.235874
267 0.236308
268 0.236746
269 0.237181
270 0.237615
271 0.238047
272 0.238481
273 0.238939
274 0.23934
275 0.23977
276 0.240202
277 0.240629
278 0.241058
279 0.24148
280 0.241913
281 0.242337
282 0.242762
283 0.243181
284 0.243605
285 0.244023
286 0.244447
287 0.244867
288 0.245288
289 0.245708
290 0.24612
291 0.246542
292 0.246961
293 0.247379
294 0.247793
295 0.248209
296 0.248623
297 0.249034
298 0.249448
299 0.249862
300 0.250274
301 0.250684
302 0.251099
303 0.251507
304 0.251914
305 0.252322
306 0.252728
307 0.253131
308 0.253544
309 0.253952
310 0.254354
311 0.254761
312 0.255165
313 0.255568
314 0.255968
315 0.256399
316 0.25677
317 0.257174
318 0.257573
319 0.257974
320 0.258374
321 0.258773
322 0.259171
323 0.259567
324 0.259966
325 0.260365
326 0.260761
327 0.261156
328 0.261548
329 0.261937
330 0.262335
331 0.262719
332 0.263121
333 0.263513
334 0.263902
335 0.264288
336 0.264678
337 0.265066
338 0.265454
339 0.265838
340 0.266224
341 0.266571
342 0.26702
343 0.267395
344 0.267776
345 0.268159
346 0.268542
347 0.268924
348 0.269305
349 0.269685
350 0.270067
351 0.270449
352 0.270825
353 0.271203
354 0.271579
355 0.27196
356 0.272342
357 0.272713
358 0.273093
359 0.273469
360 0.273842
361 0.274218
362 0.27459
363 0.274962
364 0.27534
365 0.275706
366 0.276083
367 0.276452
368 0.27682
369 0.277196
370 0.27756
371 0.277929
372 0.2783
373 0.278657
374 0.279026
375 0.279391
376 0.279758
377 0.28012
378 0.280486
379 0.280846
380 0.281209
381 0.281583
382 0.281934
383 0.282296
384 0.282658
385 0.283022
386 0.283381
387 0.28374
388 0.284097
389 0.284455
390 0.284819
391 0.285173
392 0.285527
393 0.285881
394 0.286239
395 0.286591
396 0.286945
397 0.287295
398 0.287647
399 0.288005
400 0.288356
