1 0.5
2 0.354405
3 0.289854
4 0.25148
5 0.225772
6 0.20644
7 0.191398
8 0.179587
9 0.169642
10 0.161511
11 0.154321
12 0.148016
13 0.142592
14 0.137471
15 0.133448
16 0.129408
17 0.125995
18 0.122562
19 0.119779
20 0.117144
21 0.114299
22 0.112285
23 0.110097
24 0.108014
25 0.106371
26 0.104798
27 0.103044
28 0.101402
29 0.100388
30 0.0989706
31 0.0975069
32 0.0962925
33 0.0951533
34 0.094534
35 0.0933186
36 0.0920748
37 0.0911127
38 0.0904965
39 0.0897744
40 0.0890014
41 0.0884561
42 0.0872599
43 0.0866501
44 0.0864132
45 0.0856671
46 0.084746
47 0.0841602
48 0.0837479
49 0.0834741
50 0.0830337
51 0.0825258
52 0.0818927
53 0.0816244
54 0.0807144
55 0.0806544
56 0.0801802
57 0.0799731
58 0.0795994
59 0.0789864
60 0.0786237
61 0.0782517
62 0.0777127
63 0.0773776
64 0.0767662
65 0.0771111
66 0.0766326
67 0.0764084
68 0.0761314
69 0.0757664
70 0.0755283
71 0.0752151
72 0.0746452
73 0.0740835
74 0.0743175
75 0.0741557
76 0.0742426
77 0.0737353
78 0.07358
79 0.0736144
80 0.0732253
81 0.0730523
82 0.0732322
83 0.0726447
84 0.0723149
85 0.0727088
86 0.0717221
87 0.0719306
88 0.0717856
89 0.0715051
90 0.0713386
91 0.0712249
92 0.0707738
93 0.0705199
94 0.0706419
95 0.0705628
96 0.0702557
97 0.0700535
98 0.0703222
99 0.0699639
100 0.0699647
101 0.0696169
102 0.0701438
103 0.0696937
104 0.0693888
105 0.0691612
106 0.069053
107 0.0692338
108 0.0688663
109 0.0685514
110 0.068837
111 0.0682719
112 0.0684345
113 0.0682079
114 0.0680894
115 0.0681408
116 0.0682913
117 0.0681762
118 0.0680973
119 0.0678248
120 0.067614
121 0.0675079
122 0.0674717
123 0.0675588
124 0.0672679
125 0.0671529
126 0.0668916
127 0.0673833
128 0.0669237
129 0.0666455
130 0.0666242
131 0.0669248
132 0.0668611
133 0.0665305
134 0.0666935
135 0.0666685
136 0.0664062
137 0.0664316
138 0.0662265
139 0.0659092
140 0.0661968
141 0.0661166
142 0.0662101
143 0.0662143
144 0.0658033
145 0.0661515
146 0.0657332
147 0.0657394
148 0.0657829
149 0.0654752
150 0.0657117
151 0.065578
152 0.0655187
153 0.065447
154 0.0653834
155 0.0656402
156 0.0653593
157 0.0653294
158 0.0653871
159 0.0654864
160 0.0653358
161 0.0652203
162 0.0651373
163 0.0649864
164 0.0653802
165 0.0650782
166 0.0649026
167 0.0650439
168 0.0648677
169 0.0646355
170 0.0658458
171 0.0657183
172 0.0642269
173 0.0648008
174 0.0648629
175 0.0650324
176 0.0648493
177 0.0648197
178 0.064494
179 0.064977
180 0.0645684
181 0.0645067
182 0.0645365
183 0.0645735
184 0.0645836
185 0.0644714
186 0.0639858
187 0.0649572
188 0.0644762
189 0.0644945
190 0.0644226
191 0.0643733
192 0.0642224
193 0.0645954
194 0.0644004
195 0.0646346
196 0.0645536
197 0.0646249
198 0.0644046
199 0.0645326
200 0.0644312
201 0.0643645
202 0.0643228
203 0.0645601
204 0.0641282
205 0.065135
206 0.0641093
207 0.064442
208 0.0644041
209 0.064101
210 0.0640321
211 0.064399
212 0.0642906
213 0.0640824
214 0.0645326
215 0.0642832
216 0.0641019
217 0.0642997
218 0.0641802
219 0.0638812
220 0.064296
221 0.0643182
222 0.0640547
223 0.0641219
224 0.0642243
225 0.0639313
226 0.0641407
227 0.0644027
228 0.0643495
229 0.0641286
230 0.0640463
231 0.0640724
232 0.0643245
233 0.0644203
234 0.0640617
235 0.0640714
236 0.064114
237 0.0640438
238 0.0640407
239 0.0642164
240 0.0640798
241 0.0642605
242 0.0642262
243 0.0642255
244 0.0642197
245 0.0644485
246 0.0643212
247 0.064212
248 0.0642693
249 0.0642264
250 0.0643272
251 0.0642111
252 0.0640284
253 0.0642011
254 0.0645301
255 0.0652997
256 0.0642716
257 0.0628085
258 0.0636411
259 0.0640566
260 0.0640093
261 0.0640584
262 0.0640319
263 0.0644358
264 0.0642672
265 0.0640887
266 0.0642099
267 0.0644987
268 0.064337
269 0.0640919
270 0.0639884
271 0.0638942
272 0.0641642
273 0.0641886
274 0.0642621
275 0.0643071
276 0.0640591
277 0.0642213
278 0.063866
279 0.0642113
280 0.0643071
281 0.0642762
282 0.0642656
283 0.0641035
284 0.0643207
285 0.0642357
286 0.064349
287 0.0641059
288 0.0640438
289 0.0643358
290 0.0645716
291 0.0640689
292 0.0640787
293 0.0640389
294 0.0641335
295 0.0639676
296 0.0642737
297 0.0642357
298 0.0641788
299 0.0643226
300 0.0643152
301 0.0641672
302 0.0642496
303 0.0641656
304 0.0640782
305 0.0644471
306 0.0641512
307 0.0638352
308 0.0641337
309 0.0640612
310 0.0644208
311 0.0641572
312 0.0643562
313 0.0642002
314 0.0643416
315 0.0643689
316 0.064321
317 0.0645208
318 0.0642412
319 0.0645294
320 0.0642201
321 0.0646233
322 0.0642765
323 0.0643731
324 0.0643738
325 0.0643511
326 0.0642721
327 0.064315
328 0.0645536
329 0.0643448
330 0.0644693
331 0.0642811
332 0.0644319
333 0.0644871
334 0.0643138
335 0.0644624
336 0.0643196
337 0.0644254
338 0.0644367
339 0.064421
340 0.0644873
341 0.064081
342 0.0644922
343 0.0646729
344 0.0645248
345 0.064591
346 0.0644499
347 0.0645474
348 0.0644915
349 0.0645365
350 0.0645728
351 0.0647857
352 0.0645287
353 0.0645354
354 0.0647424
355 0.064615
356 0.0646291
357 0.0645275
358 0.0646074
359 0.064701
360 0.0645594
361 0.0647102
362 0.0645631
363 0.064618
364 0.0646238
365 0.0646092
366 0.0645012
367 0.0645044
368 0.0647187
369 0.064695
370 0.0645287
371 0.0648385
372 0.0645305
373 0.0646634
374 0.0649779
375 0.0645862
376 0.064648
377 0.0649481
378 0.0646238
379 0.0646595
380 0.0647939
381 0.0647095
382 0.0646565
383 0.0650409
384 0.064782
385 0.0646028
386 0.0648911
387 0.0648569
388 0.0647695
389 0.0650835
390 0.0646378
391 0.0648372
392 0.0648105
393 0.0650553
394 0.0649127
395 0.0648211
396 0.0649088
397 0.0649501
398 0.0650553
399 0.0646936
400 0.0648891
