1 0.500194
2 0.501278
3 0.502109
4 0.503295
5 0.50433
6 0.505172
7 0.50594
8 0.506895
9 0.507909
10 0.508797
11 0.509669
12 0.510568
13 0.511464
14 0.512304
15 0.513302
16 0.514161
17 0.515011
18 0.515843
19 0.516681
20 0.517502
21 0.518319
22 0.519172
23 0.519948
24 0.520769
25 0.521538
26 0.522301
27 0.523038
28 0.523811
29 0.524531
30 0.525231
31 0.525958
32 0.526615
33 0.527273
34 0.527882
35 0.528559
36 0.529191
37 0.529832
38 0.530474
39 0.531078
40 0.531653
41 0.532213
42 0.53284
43 0.533384
44 0.533936
45 0.534469
46 0.535016
47 0.535501
48 0.536018
49 0.536505
50 0.536984
51 0.537454
52 0.537968
53 0.538417
54 0.538881
55 0.539348
56 0.53978
57 0.540167
58 0.540644
59 0.541049
60 0.541474
61 0.541897
62 0.542322
63 0.542692
64 0.543095
65 0.54348
66 0.543916
67 0.544257
68 0.544652
69 0.54502
70 0.545409
71 0.545737
72 0.54609
73 0.546512
74 0.546812
75 0.547147
76 0.547494
77 0.547874
78 0.548228
79 0.548527
80 0.548873
81 0.549187
82 0.549497
83 0.54988
84 0.550182
85 0.550434
86 0.550863
87 0.551151
88 0.55146
89 0.55177
90 0.552101
91 0.552383
92 0.55271
93 0.553055
94 0.553291
95 0.553607
96 0.553901
97 0.554206
98 0.554477
99 0.554787
100 0.555057
101 0.555359
102 0.555562
103 0.555874
104 0.556214
105 0.556487
106 0.556776
107 0.557053
108 0.557322
109 0.557619
110 0.557909
111 0.558165
112 0.558446
113 0.558726
114 0.558977
115 0.559234
116 0.559503
117 0.559769
118 0.56
119 0.5603
120 0.560559
121 0.560828
122 0.561097
123 0.561323
124 0.561609
125 0.561849
126 0.562132
127 0.56231
128 0.562617
129 0.562904
130 0.563135
131 0.563348
132 0.563619
133 0.56385
134 0.564082
135 0.564326
136 0.564581
137 0.564835
138 0.565076
139 0.565317
140 0.565573
141 0.565786
142 0.566021
143 0.566262
144 0.566494
145 0.56673
146 0.566979
147 0.567204
148 0.567435
149 0.567673
150 0.567882
151 0.568111
152 0.568338
153 0.568573
154 0.568805
155 0.569027
156 0.569258
157 0.569479
158 0.56969
159 0.569907
160 0.570131
161 0.570344
162 0.570562
163 0.570803
164 0.570982
165 0.571213
166 0.571438
167 0.571637
168 0.571842
169 0.572077
170 0.572146
171 0.572343
172 0.572732
173 0.572895
174 0.573106
175 0.573305
176 0.573518
177 0.57372
178 0.573971
179 0.574121
180 0.574342
181 0.574542
182 0.574764
183 0.574957
184 0.575142
185 0.575351
186 0.575605
187 0.575735
188 0.57594
189 0.576124
190 0.576334
191 0.576525
192 0.576712
193 0.576914
194 0.577113
195 0.57729
196 0.577497
197 0.577661
198 0.577883
199 0.578056
200 0.578255
201 0.578438
202 0.578624
203 0.578809
204 0.579002
205 0.579123
206 0.579375
207 0.579549
208 0.57974
209 0.579925
210 0.580134
211 0.580276
212 0.580463
213 0.580641
214 0.58082
215 0.58101
216 0.581191
217 0.581367
218 0.581552
219 0.581766
220 0.581926
221 0.582082
222 0.58227
223 0.582448
224 0.582622
225 0.582799
226 0.582963
227 0.583132
228 0.583299
229 0.583479
230 0.583653
231 0.583828
232 0.584004
233 0.584152
234 0.584367
235 0.584509
236 0.584676
237 0.584838
238 0.585012
239 0.585155
240 0.585345
241 0.585522
242 0.585679
243 0.585845
244 0.586009
245 0.586169
246 0.586336
247 0.586496
248 0.586657
249 0.586824
250 0.586971
251 0.587133
252 0.587307
253 0.587449
254 0.587568
255 0.587636
256 0.587932
257 0.588223
258 0.588312
259 0.588417
260 0.588572
261 0.588726
262 0.588878
263 0.589028
264 0.589196
265 0.589346
266 0.589493
267 0.589643
268 0.589802
269 0.589967
270 0.590118
271 0.590283
272 0.590417
273 0.590555
274 0.590721
275 0.590874
276 0.591022
277 0.591162
278 0.591327
279 0.591464
280 0.591611
281 0.591764
282 0.591904
283 0.592061
284 0.592188
285 0.592341
286 0.592483
287 0.592629
288 0.592774
289 0.592915
290 0.593047
291 0.593203
292 0.593365
293 0.593527
294 0.593635
295 0.593772
296 0.593914
297 0.594062
298 0.594192
299 0.594348
300 0.594474
301 0.594615
302 0.594765
303 0.5949
304 0.595032
305 0.595168
306 0.595315
307 0.595502
308 0.595598
309 0.595722
310 0.595855
311 0.59599
312 0.59612
313 0.596266
314 0.596389
315 0.596507
316 0.596655
317 0.596772
318 0.596921
319 0.597052
320 0.597188
321 0.597314
322 0.597452
323 0.597582
324 0.597715
325 0.59785
326 0.597999
327 0.59811
328 0.598239
329 0.598356
330 0.598505
331 0.598628
332 0.598756
333 0.598882
334 0.59902
335 0.59914
336 0.599263
337 0.599392
338 0.599525
339 0.599647
340 0.599774
341 0.599962
342 0.600007
343 0.600146
344 0.600274
345 0.600396
346 0.600534
347 0.600648
348 0.600774
349 0.60089
350 0.601023
351 0.601137
352 0.601271
353 0.601385
354 0.601508
355 0.601638
356 0.601769
357 0.601881
358 0.601997
359 0.602119
360 0.602244
361 0.602362
362 0.602489
363 0.60261
364 0.602726
365 0.602844
366 0.602987
367 0.603082
368 0.603195
369 0.603312
370 0.603434
371 0.603548
372 0.603672
373 0.603773
374 0.60389
375 0.604013
376 0.604128
377 0.604241
378 0.60436
379 0.60448
380 0.604591
381 0.604695
382 0.60482
383 0.604913
384 0.605044
385 0.605166
386 0.605272
387 0.60538
388 0.605493
389 0.605606
390 0.605739
391 0.605821
392 0.605935
393 0.606041
394 0.606154
395 0.606259
396 0.606375
397 0.606489
398 0.606573
399 0.606709
400 0.606813
