1 0.49988
2 0.500029
3 0.499809
4 0.499826
5 0.499786
6 0.499754
7 0.499836
8 0.499883
9 0.499948
10 0.49984
11 0.499797
12 0.499824
13 0.499886
14 0.499996
15 0.500031
16 0.500032
17 0.500019
18 0.499998
19 0.500025
20 0.500073
21 0.500036
22 0.500045
23 0.500067
24 0.500077
25 0.500077
26 0.500525
27 0.501315
28 0.502336
29 0.503535
30 0.504927
31 0.506375
32 0.507897
33 0.509461
34 0.511029
35 0.512633
36 0.514248
37 0.515886
38 0.517487
39 0.519066
40 0.520621
41 0.522182
42 0.523723
43 0.52523
44 0.52669
45 0.528142
46 0.529589
47 0.53098
48 0.532386
49 0.533746
50 0.535064
51 0.536357
52 0.537665
53 0.538905
54 0.540142
55 0.541349
56 0.542548
57 0.543668
58 0.54486
59 0.545966
60 0.547075
61 0.548162
62 0.549223
63 0.550242
64 0.551264
65 0.55225
66 0.553257
67 0.554203
68 0.555147
69 0.556056
70 0.556977
71 0.55787
72 0.558736
73 0.559632
74 0.560434
75 0.561254
76 0.562064
77 0.562867
78 0.563645
79 0.564408
80 0.56516
81 0.565897
82 0.566619
83 0.567362
84 0.568059
85 0.568718
86 0.569454
87 0.570136
88 0.570799
89 0.571451
90 0.572115
91 0.572726
92 0.573365
93 0.574003
94 0.574585
95 0.575176
96 0.575764
97 0.576329
98 0.576897
99 0.577468
100 0.578022
101 0.578562
102 0.579054
103 0.579617
104 0.580139
105 0.580638
106 0.581158
107 0.581663
108 0.582156
109 0.582636
110 0.58311
111 0.58357
112 0.58404
113 0.584503
114 0.58495
115 0.585396
116 0.585838
117 0.586256
118 0.586683
119 0.587125
120 0.587532
121 0.58795
122 0.58836
123 0.588749
124 0.589146
125 0.58954
126 0.589937
127 0.590305
128 0.590696
129 0.591062
130 0.591443
131 0.591794
132 0.592164
133 0.592527
134 0.59287
135 0.593226
136 0.593569
137 0.59391
138 0.594242
139 0.594576
140 0.594903
141 0.595228
142 0.595558
143 0.595871
144 0.596193
145 0.596505
146 0.59681
147 0.597117
148 0.59742
149 0.597717
150 0.598018
151 0.598306
152 0.598596
153 0.598879
154 0.599156
155 0.59944
156 0.599716
157 0.599991
158 0.600256
159 0.600532
160 0.600796
161 0.601061
162 0.601323
163 0.601594
164 0.601846
165 0.602098
166 0.602354
167 0.602597
168 0.602843
169 0.603085
170 0.603285
171 0.603476
172 0.603807
173 0.604044
174 0.604276
175 0.604499
176 0.604735
177 0.60497
178 0.605201
179 0.605403
180 0.605632
181 0.60585
182 0.606071
183 0.606286
184 0.606488
185 0.606703
186 0.606935
187 0.607122
188 0.607331
189 0.607534
190 0.607738
191 0.607934
192 0.608133
193 0.608327
194 0.608525
195 0.608703
196 0.608916
197 0.60909
198 0.609301
199 0.609487
200 0.609675
201 0.609865
202 0.610049
203 0.610229
204 0.61041
205 0.610579
206 0.610772
207 0.61094
208 0.611121
209 0.611303
210 0.611473
211 0.611632
212 0.611806
213 0.611977
214 0.612139
215 0.612306
216 0.61247
217 0.612632
218 0.612797
219 0.612953
220 0.613111
221 0.613267
222 0.613428
223 0.613585
224 0.613743
225 0.613901
226 0.61405
227 0.614205
228 0.614354
229 0.614501
230 0.614651
231 0.614797
232 0.614948
233 0.615091
234 0.615238
235 0.615367
236 0.615514
237 0.615653
238 0.615795
239 0.615914
240 0.616067
241 0.616223
242 0.616335
243 0.616473
244 0.616605
245 0.616739
246 0.616869
247 0.617001
248 0.617132
249 0.617265
250 0.617389
251 0.617519
252 0.617649
253 0.617773
254 0.617903
255 0.61798
256 0.618151
257 0.618314
258 0.618401
259 0.618524
260 0.618641
261 0.618761
262 0.618878
263 0.618994
264 0.619111
265 0.619231
266 0.619341
267 0.61946
268 0.619574
269 0.619688
270 0.619799
271 0.619922
272 0.620024
273 0.620111
274 0.620245
275 0.620355
276 0.62046
277 0.620565
278 0.620679
279 0.620783
280 0.620891
281 0.621
282 0.621102
283 0.62121
284 0.621308
285 0.621419
286 0.621518
287 0.621621
288 0.621726
289 0.621825
290 0.621925
291 0.622027
292 0.622129
293 0.622226
294 0.622328
295 0.622421
296 0.622522
297 0.622621
298 0.622718
299 0.622815
300 0.622906
301 0.623001
302 0.623099
303 0.623193
304 0.623284
305 0.62337
306 0.623469
307 0.623597
308 0.62365
309 0.623744
310 0.623833
311 0.623924
312 0.624012
313 0.624106
314 0.62419
315 0.624254
316 0.624365
317 0.624445
318 0.624544
319 0.624631
320 0.624716
321 0.624798
322 0.624885
323 0.624968
324 0.625051
325 0.625135
326 0.625222
327 0.625301
328 0.62538
329 0.625457
330 0.625545
331 0.625628
332 0.625706
333 0.62578
334 0.625863
335 0.625945
336 0.626021
337 0.626096
338 0.626177
339 0.626253
340 0.62633
341 0.626414
342 0.626479
343 0.62656
344 0.626636
345 0.626709
346 0.626788
347 0.626859
348 0.626933
349 0.627003
350 0.627078
351 0.62715
352 0.627225
353 0.627297
354 0.62737
355 0.627445
356 0.627514
357 0.627587
358 0.627656
359 0.627725
360 0.627797
361 0.627866
362 0.627938
363 0.628006
364 0.628075
365 0.628146
366 0.628223
367 0.628284
368 0.628348
369 0.628412
370 0.628485
371 0.628554
372 0.62862
373 0.628684
374 0.628752
375 0.62882
376 0.628882
377 0.628947
378 0.629009
379 0.629075
380 0.629139
381 0.629196
382 0.629268
383 0.629327
384 0.629391
385 0.629452
386 0.629518
387 0.629579
388 0.629637
389 0.629698
390 0.629766
391 0.629821
392 0.629881
393 0.629941
394 0.630003
395 0.630062
396 0.630126
397 0.630187
398 0.630239
399 0.630306
400 0.630364
