1 0.334108
2 0.333914
3 0.33367
4 0.333571
5 0.333533
6 0.333562
7 0.333586
8 0.333537
9 0.333529
10 0.333416
11 0.33335
12 0.333411
13 0.333427
14 0.333429
15 0.333454
16 0.333436
17 0.333374
18 0.333335
19 0.333317
20 0.33338
21 0.333371
22 0.333371
23 0.333362
24 0.33337
25 0.33344
26 0.334336
27 0.336126
28 0.338618
29 0.34145
30 0.344666
31 0.348084
32 0.351832
33 0.355514
34 0.359534
35 0.363502
36 0.367497
37 0.371495
38 0.375497
39 0.379603
40 0.383617
41 0.387706
42 0.39154
43 0.395485
44 0.399375
45 0.403226
46 0.406985
47 0.410736
48 0.414424
49 0.418067
50 0.421644
51 0.425191
52 0.428663
53 0.432099
54 0.435477
55 0.438839
56 0.44214
57 0.445398
58 0.448574
59 0.451711
60 0.454825
61 0.457895
62 0.460917
63 0.463894
64 0.466812
65 0.469705
66 0.472537
67 0.475338
68 0.478096
69 0.480817
70 0.4835
71 0.486137
72 0.488735
73 0.491277
74 0.493811
75 0.496294
76 0.498755
77 0.501168
78 0.503556
79 0.505907
80 0.508234
81 0.510517
82 0.51276
83 0.515004
84 0.517197
85 0.519341
86 0.521493
87 0.52361
88 0.525687
89 0.527739
90 0.529774
91 0.531767
92 0.533742
93 0.535705
94 0.537616
95 0.539516
96 0.541398
97 0.543254
98 0.545082
99 0.546903
100 0.54869
101 0.550452
102 0.552174
103 0.553939
104 0.555633
105 0.557301
106 0.558973
107 0.560617
108 0.562244
109 0.563855
110 0.565444
111 0.567014
112 0.568576
113 0.570123
114 0.571639
115 0.573149
116 0.57464
117 0.576104
118 0.577571
119 0.579022
120 0.580446
121 0.581863
122 0.58326
123 0.584634
124 0.586013
125 0.58737
126 0.588716
127 0.590026
128 0.591359
129 0.592673
130 0.593955
131 0.59523
132 0.596513
133 0.597772
134 0.599012
135 0.60025
136 0.601462
137 0.60268
138 0.60387
139 0.605053
140 0.60623
141 0.607383
142 0.608539
143 0.609681
144 0.610818
145 0.611948
146 0.613058
147 0.614158
148 0.615252
149 0.616333
150 0.617408
151 0.618466
152 0.619528
153 0.620576
154 0.621617
155 0.622639
156 0.623659
157 0.624665
158 0.625667
159 0.626659
160 0.627643
161 0.62862
162 0.629592
163 0.630546
164 0.6315
165 0.63245
166 0.63339
167 0.634316
168 0.635255
169 0.636145
170 0.637092
171 0.637869
172 0.638897
173 0.63975
174 0.64063
175 0.641506
176 0.642376
177 0.64324
178 0.64409
179 0.644934
180 0.64579
181 0.646622
182 0.647446
183 0.648265
184 0.649089
185 0.649904
186 0.650698
187 0.651504
188 0.652294
189 0.653084
190 0.653866
191 0.654641
192 0.655417
193 0.656178
194 0.656946
195 0.657671
196 0.658455
197 0.659177
198 0.659939
199 0.660685
200 0.661408
201 0.662133
202 0.662846
203 0.663568
204 0.664281
205 0.665011
206 0.665687
207 0.666384
208 0.667081
209 0.667778
210 0.668445
211 0.669125
212 0.669803
213 0.670479
214 0.671143
215 0.671805
216 0.672463
217 0.67311
218 0.673768
219 0.674413
220 0.675064
221 0.675687
222 0.676335
223 0.676957
224 0.67759
225 0.678209
226 0.678835
227 0.679456
228 0.68005
229 0.68067
230 0.68127
231 0.681871
232 0.682468
233 0.683055
234 0.683645
235 0.684234
236 0.684826
237 0.685405
238 0.68598
239 0.686535
240 0.687122
241 0.687726
242 0.688253
243 0.688817
244 0.689365
245 0.689916
246 0.690468
247 0.691022
248 0.691566
249 0.692116
250 0.692661
251 0.693183
252 0.693706
253 0.694219
254 0.694767
255 0.69537
256 0.69582
257 0.696261
258 0.696856
259 0.697404
260 0.697898
261 0.698385
262 0.698886
263 0.699391
264 0.699895
265 0.700396
266 0.700895
267 0.701382
268 0.701871
269 0.70236
270 0.702837
271 0.703335
272 0.703801
273 0.704237
274 0.704754
275 0.705223
276 0.705693
277 0.706155
278 0.706619
279 0.707086
280 0.707547
281 0.708005
282 0.70846
283 0.708914
284 0.709365
285 0.709814
286 0.710258
287 0.710706
288 0.711145
289 0.711588
290 0.712027
291 0.712459
292 0.712899
293 0.713335
294 0.713751
295 0.714187
296 0.714609
297 0.715033
298 0.715455
299 0.715879
300 0.716296
301 0.71671
302 0.717119
303 0.717543
304 0.717952
305 0.718347
306 0.718751
307 0.719213
308 0.719566
309 0.719978
310 0.720365
311 0.720769
312 0.721163
313 0.721549
314 0.721946
315 0.722295
316 0.722726
317 0.723101
318 0.723496
319 0.723874
320 0.724265
321 0.724648
322 0.725017
323 0.725401
324 0.725774
325 0.726149
326 0.726507
327 0.726898
328 0.72726
329 0.727643
330 0.727991
331 0.728367
332 0.728723
333 0.729075
334 0.729436
335 0.729804
336 0.730155
337 0.730504
338 0.730864
339 0.731225
340 0.731571
341 0.731851
342 0.732288
343 0.732605
344 0.732953
345 0.7333
346 0.733638
347 0.733985
348 0.734324
349 0.734666
350 0.734998
351 0.735329
352 0.735666
353 0.735994
354 0.73633
355 0.736668
356 0.736982
357 0.73732
358 0.737645
359 0.737963
360 0.738285
361 0.738612
362 0.738925
363 0.739254
364 0.739567
365 0.739894
366 0.740182
367 0.740524
368 0.74083
369 0.741138
370 0.741452
371 0.741757
372 0.742069
373 0.742375
374 0.742693
375 0.742997
376 0.743297
377 0.743598
378 0.743896
379 0.744205
380 0.744499
381 0.744781
382 0.74508
383 0.7454
384 0.745684
385 0.745965
386 0.74628
387 0.74657
388 0.746854
389 0.747145
390 0.747419
391 0.747727
392 0.748012
393 0.748294
394 0.748585
395 0.748856
396 0.74915
397 0.749424
398 0.749724
399 0.749992
400 0.750265
