1 0.501181
2 0.5
3 0.500228
4 0.500466
5 0.533561
6 0.561007
7 0.583216
8 0.604191
9 0.622214
10 0.638038
11 0.651578
12 0.66273
13 0.673577
14 0.683152
15 0.691173
16 0.69919
17 0.706267
18 0.712623
19 0.718536
20 0.724256
21 0.728996
22 0.733688
23 0.738255
24 0.742477
25 0.746555
26 0.749949
27 0.753491
28 0.756177
29 0.75939
30 0.762514
31 0.764882
32 0.767595
33 0.770309
34 0.772768
35 0.774896
36 0.777224
37 0.779266
38 0.781561
39 0.783589
40 0.78563
41 0.787729
42 0.78944
43 0.791269
44 0.793078
45 0.794848
46 0.79655
47 0.798123
48 0.799744
49 0.801332
50 0.802882
51 0.804417
52 0.805546
53 0.807065
54 0.808483
55 0.809643
56 0.811024
57 0.812139
58 0.813417
59 0.81462
60 0.815661
61 0.816806
62 0.817766
63 0.818916
64 0.819981
65 0.820878
66 0.821916
67 0.823014
68 0.82395
69 0.824907
70 0.82579
71 0.826781
72 0.827713
73 0.82863
74 0.829256
75 0.830222
76 0.83108
77 0.831804
78 0.832504
79 0.833385
80 0.834056
81 0.834774
82 0.835658
83 0.836227
84 0.837074
85 0.837794
86 0.838249
87 0.83889
88 0.839677
89 0.84021
90 0.840993
91 0.841561
92 0.842258
93 0.842755
94 0.843512
95 0.844073
96 0.844643
97 0.845176
98 0.84586
99 0.846319
100 0.847043
101 0.847564
102 0.848104
103 0.848506
104 0.849045
105 0.849487
106 0.850222
107 0.850672
108 0.851278
109 0.85174
110 0.852154
111 0.852685
112 0.853139
113 0.853604
114 0.85421
115 0.854571
116 0.855041
117 0.855378
118 0.855922
119 0.856349
120 0.856731
121 0.857292
122 0.857677
123 0.858213
124 0.858559
125 0.859058
126 0.85943
127 0.859858
128 0.860152
129 0.860407
130 0.860787
131 0.86122
132 0.861579
133 0.862046
134 0.862487
135 0.862819
136 0.863174
137 0.863681
138 0.863989
139 0.864361
140 0.864699
141 0.865028
142 0.865457
143 0.865787
144 0.866109
145 0.866427
146 0.86666
147 0.8672
148 0.867474
149 0.867815
150 0.868131
151 0.868414
152 0.868801
153 0.869095
154 0.86934
155 0.869642
156 0.869953
157 0.870225
158 0.87069
159 0.870937
160 0.871225
161 0.871501
162 0.871886
163 0.872127
164 0.872498
165 0.872722
166 0.872991
167 0.873303
168 0.873601
169 0.873878
170 0.874134
171 0.874364
172 0.874587
173 0.874836
174 0.875125
175 0.875403
176 0.875679
177 0.875958
178 0.876133
179 0.876486
180 0.876703
181 0.877058
182 0.877253
183 0.877495
184 0.87775
185 0.877972
186 0.878138
187 0.878589
188 0.878786
189 0.87901
190 0.879268
191 0.879515
192 0.87971
193 0.879897
194 0.880139
195 0.880295
196 0.880632
197 0.880853
198 0.881059
199 0.881323
200 0.881532
201 0.88173
202 0.881933
203 0.882125
204 0.88229
205 0.882802
206 0.882914
207 0.883086
208 0.883271
209 0.883495
210 0.883635
211 0.883861
212 0.884112
213 0.884304
214 0.88446
215 0.884643
216 0.884917
217 0.885071
218 0.885288
219 0.885473
220 0.885667
221 0.885855
222 0.886051
223 0.886261
224 0.886437
225 0.886614
226 0.886787
227 0.886933
228 0.887331
229 0.887463
230 0.887631
231 0.887789
232 0.887978
233 0.888142
234 0.888287
235 0.888476
236 0.888639
237 0.888923
238 0.88907
239 0.889249
240 0.889402
241 0.889695
242 0.889794
243 0.889966
244 0.890151
245 0.890295
246 0.890507
247 0.890649
248 0.890814
249 0.890993
250 0.891171
251 0.891339
252 0.891498
253 0.891671
254 0.891823
255 0.891972
256 0.892022
257 0.892071
258 0.892215
259 0.892376
260 0.892521
261 0.892682
262 0.892861
263 0.893007
264 0.893151
265 0.893321
266 0.89349
267 0.893601
268 0.893805
269 0.893942
270 0.894112
271 0.894247
272 0.894385
273 0.894467
274 0.894743
275 0.894872
276 0.895006
277 0.895157
278 0.895284
279 0.895396
280 0.895652
281 0.895772
282 0.895902
283 0.896058
284 0.896191
285 0.896319
286 0.896464
287 0.896603
288 0.896722
289 0.896852
290 0.896977
291 0.897076
292 0.897167
293 0.89755
294 0.897627
295 0.897736
296 0.897855
297 0.897974
298 0.89812
299 0.898212
300 0.898348
301 0.898449
302 0.898616
303 0.898724
304 0.898874
305 0.898978
306 0.899111
307 0.89922
308 0.899368
309 0.899478
310 0.899601
311 0.899724
312 0.899859
313 0.89996
314 0.90007
315 0.900135
316 0.900394
317 0.900497
318 0.900618
319 0.900735
320 0.900826
321 0.900917
322 0.901045
323 0.901139
324 0.901305
325 0.901405
326 0.901519
327 0.901627
328 0.901768
329 0.901869
330 0.901952
331 0.902082
332 0.902167
333 0.902277
334 0.902389
335 0.90249
336 0.902595
337 0.902685
338 0.902783
339 0.902873
340 0.902948
341 0.902984
342 0.903471
343 0.903528
344 0.903606
345 0.903697
346 0.903779
347 0.903875
348 0.903977
349 0.904079
350 0.904173
351 0.904254
352 0.904372
353 0.904452
354 0.904577
355 0.904671
356 0.904745
357 0.904893
358 0.904988
359 0.905054
360 0.905157
361 0.905241
362 0.905396
363 0.90548
364 0.90557
365 0.90568
366 0.905774
367 0.905862
368 0.905958
369 0.906058
370 0.906135
371 0.90622
372 0.906287
373 0.906516
374 0.906591
375 0.906677
376 0.906756
377 0.906842
378 0.906947
379 0.907034
380 0.907138
381 0.907216
382 0.907327
383 0.907416
384 0.907468
385 0.907518
386 0.907607
387 0.907699
388 0.907789
389 0.90788
390 0.907943
391 0.908088
392 0.908163
393 0.908242
394 0.90838
395 0.908447
396 0.908519
397 0.908614
398 0.908697
399 0.908782
400 0.908867
