1 0.5
2 0.35338
3 0.319184
4 0.297365
5 0.28015
6 0.269966
7 0.264822
8 0.260718
9 0.258229
10 0.255921
11 0.254508
12 0.25328
13 0.252505
14 0.25139
15 0.250958
16 0.250196
17 0.249611
18 0.249183
19 0.248933
20 0.248384
21 0.24795
22 0.247733
23 0.247458
24 0.247049
25 0.246758
26 0.246485
27 0.246407
28 0.245654
29 0.245564
30 0.245263
31 0.245054
32 0.244696
33 0.244726
34 0.244445
35 0.244302
36 0.243969
37 0.243931
38 0.243769
39 0.243752
40 0.243581
41 0.24346
42 0.243338
43 0.243258
44 0.24324
45 0.243202
46 0.243093
47 0.242995
48 0.242864
49 0.242806
50 0.242711
51 0.242612
52 0.242658
53 0.242611
54 0.242498
55 0.242458
56 0.242362
57 0.242486
58 0.242255
59 0.24216
60 0.242112
61 0.242107
62 0.242037
63 0.241966
64 0.241679
65 0.241936
66 0.241877
67 0.24175
68 0.241728
69 0.241675
70 0.241627
71 0.241545
72 0.241494
73 0.241342
74 0.241487
75 0.241358
76 0.241366
77 0.241296
78 0.241259
79 0.24121
80 0.241159
81 0.241152
82 0.241028
83 0.241084
84 0.240958
85 0.240821
86 0.240947
87 0.240909
88 0.24086
89 0.240874
90 0.240784
91 0.240814
92 0.24074
93 0.240733
94 0.24066
95 0.240605
96 0.240515
97 0.240579
98 0.240476
99 0.240517
100 0.240433
101 0.240366
102 0.240313
103 0.240418
104 0.240357
105 0.240346
106 0.240249
107 0.240211
108 0.240217
109 0.240145
110 0.240201
111 0.24017
112 0.240122
113 0.240062
114 0.240034
115 0.240109
116 0.240055
117 0.240122
118 0.239995
119 0.239961
120 0.239948
121 0.239929
122 0.239974
123 0.239864
124 0.2399
125 0.239825
126 0.239788
127 0.239778
128 0.239796
129 0.23983
130 0.239792
131 0.239761
132 0.239722
133 0.239667
134 0.239672
135 0.239718
136 0.239668
137 0.239623
138 0.23962
139 0.239581
140 0.239579
141 0.239587
142 0.239542
143 0.239518
144 0.239534
145 0.239521
146 0.239566
147 0.239432
148 0.239449
149 0.239465
150 0.239414
151 0.239414
152 0.239433
153 0.239401
154 0.239372
155 0.2394
156 0.239334
157 0.239365
158 0.239325
159 0.239377
160 0.239311
161 0.239328
162 0.239306
163 0.239281
164 0.239257
165 0.239275
166 0.239266
167 0.239282
168 0.239195
169 0.239144
170 0.239084
171 0.239355
172 0.239194
173 0.23919
174 0.239168
175 0.23915
176 0.239146
177 0.239132
178 0.239181
179 0.239141
180 0.23912
181 0.239036
182 0.239106
183 0.23911
184 0.239077
185 0.239028
186 0.239078
187 0.239031
188 0.239017
189 0.239019
190 0.238992
191 0.239021
192 0.238894
193 0.238994
194 0.239001
195 0.239044
196 0.238935
197 0.239002
198 0.238966
199 0.23891
200 0.238907
201 0.238872
202 0.238871
203 0.238871
204 0.238877
205 0.238766
206 0.238843
207 0.23885
208 0.238823
209 0.238802
210 0.238825
211 0.238794
212 0.23875
213 0.238771
214 0.238772
215 0.238766
216 0.23875
217 0.238749
218 0.238727
219 0.238742
220 0.238757
221 0.238722
222 0.23871
223 0.238729
224 0.238697
225 0.2387
226 0.238681
227 0.238731
228 0.238661
229 0.238696
230 0.238655
231 0.238644
232 0.238659
233 0.238678
234 0.238652
235 0.238616
236 0.238647
237 0.238574
238 0.238578
239 0.238616
240 0.238585
241 0.238515
242 0.238566
243 0.238575
244 0.238546
245 0.238537
246 0.23851
247 0.238511
248 0.238554
249 0.238543
250 0.238513
251 0.238497
252 0.238499
253 0.238483
254 0.238473
255 0.238391
256 0.238538
257 0.238576
258 0.238534
259 0.238488
260 0.238467
261 0.23848
262 0.238449
263 0.238473
264 0.238454
265 0.238429
266 0.238432
267 0.238458
268 0.238438
269 0.238399
270 0.238431
271 0.238365
272 0.238411
273 0.238469
274 0.238362
275 0.23837
276 0.238361
277 0.238377
278 0.238354
279 0.238348
280 0.238353
281 0.238354
282 0.238358
283 0.238326
284 0.238331
285 0.238304
286 0.238323
287 0.238296
288 0.238305
289 0.238286
290 0.2383
291 0.238302
292 0.23834
293 0.238255
294 0.238249
295 0.238269
296 0.238243
297 0.238283
298 0.238277
299 0.238244
300 0.238242
301 0.238241
302 0.238216
303 0.238231
304 0.238238
305 0.238232
306 0.238218
307 0.238129
308 0.2382
309 0.238199
310 0.238203
311 0.238166
312 0.238157
313 0.238189
314 0.238187
315 0.238236
316 0.238159
317 0.238177
318 0.238184
319 0.238145
320 0.238087
321 0.238156
322 0.238142
323 0.238142
324 0.238139
325 0.238132
326 0.23812
327 0.238074
328 0.238096
329 0.238081
330 0.238101
331 0.238072
332 0.238113
333 0.238112
334 0.238107
335 0.238084
336 0.238077
337 0.238069
338 0.238052
339 0.238063
340 0.238075
341 0.238156
342 0.237992
343 0.238031
344 0.238036
345 0.238062
346 0.238009
347 0.238035
348 0.238001
349 0.238006
350 0.238002
351 0.238043
352 0.23799
353 0.238
354 0.238007
355 0.237997
356 0.238024
357 0.23796
358 0.237987
359 0.237974
360 0.237979
361 0.238003
362 0.237948
363 0.237966
364 0.237953
365 0.237964
366 0.23799
367 0.237947
368 0.237968
369 0.237924
370 0.237944
371 0.237949
372 0.23795
373 0.237922
374 0.237943
375 0.23789
376 0.237902
377 0.237941
378 0.237905
379 0.237901
380 0.237917
381 0.237924
382 0.23787
383 0.237884
384 0.237912
385 0.237911
386 0.237894
387 0.237905
388 0.237862
389 0.237863
390 0.237904
391 0.237868
392 0.23787
393 0.237854
394 0.237861
395 0.237869
396 0.237855
397 0.237822
398 0.237823
399 0.237812
400 0.237841
