1 0.5
2 0.5
3 0.5
4 0.493017
5 0.484066
6 0.484142
7 0.473703
8 0.471368
9 0.468753
10 0.465113
11 0.46257
12 0.461374
13 0.459572
14 0.458605
15 0.456531
16 0.455989
17 0.454784
18 0.454432
19 0.453187
20 0.452711
21 0.451597
22 0.451105
23 0.450692
24 0.450197
25 0.449463
26 0.449058
27 0.448185
28 0.448121
29 0.447679
30 0.447332
31 0.447131
32 0.447274
33 0.446733
34 0.446282
35 0.446204
36 0.4457
37 0.445768
38 0.44525
39 0.445523
40 0.445091
41 0.445209
42 0.444946
43 0.444632
44 0.444775
45 0.444246
46 0.444257
47 0.443696
48 0.443822
49 0.444029
50 0.443584
51 0.443839
52 0.443689
53 0.442926
54 0.443097
55 0.443357
56 0.443247
57 0.442728
58 0.442742
59 0.442868
60 0.442982
61 0.442539
62 0.442777
63 0.442638
64 0.442295
65 0.442407
66 0.442379
67 0.442801
68 0.442279
69 0.442247
70 0.442183
71 0.442135
72 0.442244
73 0.442063
74 0.442231
75 0.442305
76 0.442248
77 0.441863
78 0.442039
79 0.441991
80 0.441639
81 0.44153
82 0.441488
83 0.441803
84 0.441897
85 0.441556
86 0.441677
87 0.441382
88 0.441842
89 0.441871
90 0.441443
91 0.441204
92 0.441453
93 0.441402
94 0.441312
95 0.441532
96 0.441303
97 0.441257
98 0.44145
99 0.441125
100 0.441183
101 0.441637
102 0.440999
103 0.441253
104 0.441206
105 0.441039
106 0.441117
107 0.441111
108 0.441041
109 0.441102
110 0.440939
111 0.440687
112 0.441087
113 0.440582
114 0.440854
115 0.440984
116 0.440797
117 0.440211
118 0.440782
119 0.440873
120 0.44071
121 0.441164
122 0.440616
123 0.440883
124 0.440821
125 0.441204
126 0.440926
127 0.440837
128 0.44067
129 0.440721
130 0.440726
131 0.440711
132 0.440617
133 0.440626
134 0.440765
135 0.440878
136 0.441097
137 0.44038
138 0.440812
139 0.440725
140 0.440414
141 0.440561
142 0.440752
143 0.440283
144 0.440575
145 0.440472
146 0.440624
147 0.440619
148 0.440445
149 0.440463
150 0.440563
151 0.440752
152 0.440779
153 0.440298
154 0.440684
155 0.440669
156 0.440382
157 0.440564
158 0.440163
159 0.440332
160 0.440515
161 0.440517
162 0.440735
163 0.440566
164 0.440132
165 0.440461
166 0.440457
167 0.44023
168 0.440307
169 0.439844
170 0.440647
171 0.440296
172 0.440938
173 0.440531
174 0.440591
175 0.440441
176 0.440441
177 0.440548
178 0.440036
179 0.440716
180 0.440111
181 0.440196
182 0.439815
183 0.440383
184 0.44005
185 0.440714
186 0.440718
187 0.440462
188 0.439831
189 0.440243
190 0.440342
191 0.440394
192 0.440037
193 0.440326
194 0.440031
195 0.4404
196 0.440011
197 0.439979
198 0.440302
199 0.4402
200 0.440001
201 0.439997
202 0.440188
203 0.440076
204 0.440381
205 0.440519
206 0.440485
207 0.440448
208 0.4401
209 0.440276
210 0.43986
211 0.440146
212 0.439916
213 0.43994
214 0.439921
215 0.440277
216 0.440268
217 0.440122
218 0.440087
219 0.440088
220 0.440247
221 0.440099
222 0.440454
223 0.439828
224 0.439832
225 0.440307
226 0.440232
227 0.440175
228 0.439868
229 0.440069
230 0.440223
231 0.440149
232 0.440086
233 0.44003
234 0.440075
235 0.43971
236 0.440237
237 0.440305
238 0.439921
239 0.43976
240 0.440203
241 0.440268
242 0.439748
243 0.440035
244 0.440219
245 0.440147
246 0.440064
247 0.439959
248 0.440013
249 0.440128
250 0.439838
251 0.440405
252 0.440104
253 0.440102
254 0.439648
255 0.440741
256 0.440192
257 0.440085
258 0.439752
259 0.440251
260 0.439832
261 0.4402
262 0.440233
263 0.440406
264 0.440151
265 0.439966
266 0.439952
267 0.440256
268 0.439829
269 0.439974
270 0.440127
271 0.440082
272 0.440055
273 0.43996
274 0.439955
275 0.440151
276 0.439625
277 0.440091
278 0.43999
279 0.439759
280 0.440437
281 0.440141
282 0.439594
283 0.44024
284 0.439822
285 0.439807
286 0.439996
287 0.439929
288 0.439988
289 0.439854
290 0.440109
291 0.439654
292 0.439642
293 0.439888
294 0.439909
295 0.439724
296 0.44025
297 0.43993
298 0.439974
299 0.440116
300 0.440077
301 0.440205
302 0.439643
303 0.439928
304 0.439903
305 0.43953
306 0.439781
307 0.439977
308 0.439412
309 0.439697
310 0.439977
311 0.439617
312 0.43986
313 0.439646
314 0.440084
315 0.439706
316 0.440216
317 0.439714
318 0.440149
319 0.439992
320 0.440114
321 0.439962
322 0.439976
323 0.440177
324 0.440221
325 0.439924
326 0.440174
327 0.440023
328 0.44012
329 0.439821
330 0.439898
331 0.439848
332 0.439692
333 0.440078
334 0.439689
335 0.439488
336 0.439702
337 0.439868
338 0.439642
339 0.440118
340 0.43963
341 0.439829
342 0.44014
343 0.439899
344 0.439875
345 0.43981
346 0.439714
347 0.440095
348 0.439923
349 0.439905
350 0.439941
351 0.439891
352 0.439831
353 0.439275
354 0.439689
355 0.439904
356 0.439973
357 0.439817
358 0.439932
359 0.440044
360 0.439593
361 0.440053
362 0.440561
363 0.439792
364 0.439634
365 0.439487
366 0.439938
367 0.439718
368 0.439939
369 0.439941
370 0.440014
371 0.439857
372 0.439628
373 0.440096
374 0.439729
375 0.440019
376 0.440263
377 0.439716
378 0.439654
379 0.439827
380 0.439541
381 0.439955
382 0.439743
383 0.439859
384 0.439749
385 0.439774
386 0.439857
387 0.440071
388 0.439664
389 0.440109
390 0.440027
391 0.439784
392 0.44032
393 0.440099
394 0.439878
395 0.439903
396 0.439654
397 0.439806
398 0.439901
399 0.439889
400 0.439667
