1 0.332797
2 0.333187
3 0.333238
4 0.364411
5 0.398526
6 0.42072
7 0.447182
8 0.469387
9 0.488579
10 0.506517
11 0.52239
12 0.536419
13 0.549691
14 0.561202
15 0.572606
16 0.581879
17 0.59153
18 0.599221
19 0.607155
20 0.614731
21 0.621428
22 0.627836
23 0.633874
24 0.63954
25 0.64473
26 0.650908
27 0.655198
28 0.65948
29 0.663779
30 0.668692
31 0.672452
32 0.676965
33 0.680304
34 0.683608
35 0.686979
36 0.689905
37 0.693353
38 0.695936
39 0.699295
40 0.702123
41 0.704314
42 0.706828
43 0.709479
44 0.711626
45 0.713806
46 0.716287
47 0.718003
48 0.720816
49 0.722307
50 0.724453
51 0.726934
52 0.728626
53 0.730175
54 0.73173
55 0.73347
56 0.73534
57 0.736938
58 0.738615
59 0.740347
60 0.741159
61 0.743094
62 0.743598
63 0.74542
64 0.7472
65 0.748094
66 0.749883
67 0.751022
68 0.751794
69 0.75306
70 0.753705
71 0.755306
72 0.756547
73 0.757219
74 0.758519
75 0.760104
76 0.760213
77 0.761618
78 0.762517
79 0.763756
80 0.764543
81 0.765912
82 0.766355
83 0.766947
84 0.768241
85 0.768966
86 0.769332
87 0.770593
88 0.771274
89 0.772544
90 0.772723
91 0.774047
92 0.774816
93 0.775228
94 0.776222
95 0.776627
96 0.777827
97 0.777778
98 0.778669
99 0.779391
100 0.779843
101 0.780187
102 0.782052
103 0.781753
104 0.782809
105 0.782713
106 0.783849
107 0.784603
108 0.785083
109 0.785168
110 0.785517
111 0.786437
112 0.786901
113 0.787565
114 0.788203
115 0.788918
116 0.789259
117 0.789671
118 0.79063
119 0.790455
120 0.790887
121 0.791698
122 0.792087
123 0.792286
124 0.793135
125 0.793558
126 0.794423
127 0.794569
128 0.794797
129 0.795779
130 0.79557
131 0.796369
132 0.796362
133 0.797007
134 0.797311
135 0.798017
136 0.798577
137 0.798222
138 0.799069
139 0.798872
140 0.799786
141 0.80012
142 0.800256
143 0.801012
144 0.800918
145 0.801533
146 0.801431
147 0.802068
148 0.80287
149 0.802906
150 0.803322
151 0.803389
152 0.803605
153 0.804075
154 0.804637
155 0.804587
156 0.80442
157 0.805678
158 0.805105
159 0.805827
160 0.806302
161 0.80706
162 0.806337
163 0.807176
164 0.807742
165 0.807704
166 0.807827
167 0.808297
168 0.808338
169 0.809303
170 0.808884
171 0.809156
172 0.809286
173 0.809265
174 0.810355
175 0.810606
176 0.810354
177 0.811119
178 0.810805
179 0.811399
180 0.81107
181 0.812144
182 0.812077
183 0.812244
184 0.812293
185 0.812373
186 0.812443
187 0.813269
188 0.813648
189 0.813566
190 0.813908
191 0.814147
192 0.813702
193 0.814821
194 0.815024
195 0.814898
196 0.815506
197 0.815356
198 0.815434
199 0.81605
200 0.816102
201 0.815942
202 0.816089
203 0.816471
204 0.816158
205 0.817023
206 0.817218
207 0.817016
208 0.817897
209 0.817626
210 0.817527
211 0.818333
212 0.818486
213 0.818255
214 0.818535
215 0.818672
216 0.818954
217 0.819227
218 0.819206
219 0.819912
220 0.819251
221 0.819897
222 0.820589
223 0.820467
224 0.820423
225 0.820493
226 0.820722
227 0.820757
228 0.82055
229 0.82109
230 0.821364
231 0.821326
232 0.821852
233 0.821375
234 0.821172
235 0.821831
236 0.822557
237 0.822746
238 0.82302
239 0.823458
240 0.823091
241 0.822941
242 0.823366
243 0.823475
244 0.823508
245 0.823639
246 0.823572
247 0.823529
248 0.824238
249 0.824664
250 0.824948
251 0.824392
252 0.825116
253 0.825097
254 0.824883
255 0.825044
256 0.825015
257 0.825059
258 0.825869
259 0.825042
260 0.825597
261 0.82531
262 0.825884
263 0.825839
264 0.825919
265 0.826006
266 0.826039
267 0.826526
268 0.826673
269 0.827175
270 0.826522
271 0.826761
272 0.826948
273 0.82657
274 0.827616
275 0.82765
276 0.828177
277 0.827349
278 0.828229
279 0.827977
280 0.828134
281 0.828005
282 0.828807
283 0.828269
284 0.828369
285 0.828432
286 0.82915
287 0.829408
288 0.829228
289 0.829105
290 0.829094
291 0.82957
292 0.829353
293 0.829675
294 0.829777
295 0.830145
296 0.829389
297 0.829762
298 0.829774
299 0.830194
300 0.829967
301 0.82993
302 0.830047
303 0.831154
304 0.830613
305 0.831096
306 0.831529
307 0.831053
308 0.830836
309 0.831084
310 0.831368
311 0.830953
312 0.831398
313 0.83107
314 0.831059
315 0.831701
316 0.831522
317 0.832189
318 0.831635
319 0.832176
320 0.831945
321 0.832109
322 0.832246
323 0.832067
324 0.832691
325 0.832239
326 0.832375
327 0.832413
328 0.83308
329 0.832997
330 0.83293
331 0.833367
332 0.833385
333 0.833035
334 0.833022
335 0.833344
336 0.833478
337 0.83346
338 0.833579
339 0.833666
340 0.833702
341 0.833755
342 0.834388
343 0.834136
344 0.834132
345 0.834725
346 0.834283
347 0.834232
348 0.8344
349 0.834781
350 0.834987
351 0.834738
352 0.83421
353 0.834667
354 0.83477
355 0.834448
356 0.835263
357 0.834933
358 0.835293
359 0.835194
360 0.835548
361 0.835751
362 0.835016
363 0.835554
364 0.835563
365 0.835197
366 0.835603
367 0.836084
368 0.835636
369 0.835124
370 0.836505
371 0.835561
372 0.835658
373 0.836304
374 0.836559
375 0.836573
376 0.836533
377 0.837049
378 0.836682
379 0.836921
380 0.836714
381 0.836752
382 0.837286
383 0.837008
384 0.836707
385 0.836833
386 0.836942
387 0.83709
388 0.837158
389 0.836799
390 0.837535
391 0.837231
392 0.83726
393 0.837308
394 0.837728
395 0.837808
396 0.838015
397 0.83841
398 0.838243
399 0.837877
400 0.837479
