1 0.250242
2 0.249728
3 0.249577
4 0.166719
5 0.124588
6 0.125134
7 0.0902212
8 0.083345
9 0.075395
10 0.0660788
11 0.0602618
12 0.0570327
13 0.0525537
14 0.0502123
15 0.0462303
16 0.0451839
17 0.0418914
18 0.0409899
19 0.0386044
20 0.0373734
21 0.0353976
22 0.0341942
23 0.0331307
24 0.0321633
25 0.0309676
26 0.0299757
27 0.0289945
28 0.0284479
29 0.0276176
30 0.0269383
31 0.0262416
32 0.025566
33 0.0251567
34 0.0245749
35 0.0239545
36 0.0236468
37 0.0230559
38 0.0227628
39 0.0223604
40 0.0218933
41 0.0216896
42 0.0214062
43 0.0210531
44 0.0207753
45 0.0206399
46 0.020229
47 0.0200365
48 0.0196975
49 0.0196244
50 0.0193122
51 0.0190722
52 0.0189725
53 0.0186586
54 0.0185677
55 0.0184697
56 0.0182736
57 0.0180348
58 0.0179704
59 0.01785
60 0.0177194
61 0.017421
62 0.0174479
63 0.0173289
64 0.0171636
65 0.0170814
66 0.0168652
67 0.0167943
68 0.0167344
69 0.0166139
70 0.0166977
71 0.0164977
72 0.0163736
73 0.0164164
74 0.0161932
75 0.0159835
76 0.0160946
77 0.0159298
78 0.0159421
79 0.0158169
80 0.0157661
81 0.0155728
82 0.0156262
83 0.0155718
84 0.0154902
85 0.015351
86 0.0153494
87 0.0152791
88 0.0152381
89 0.0151994
90 0.0151361
91 0.0150754
92 0.0149918
93 0.0149941
94 0.0148592
95 0.0148875
96 0.0147833
97 0.0147464
98 0.0146932
99 0.0147114
100 0.0146627
101 0.0147024
102 0.0144713
103 0.0145854
104 0.0145285
105 0.014534
106 0.0144948
107 0.0143754
108 0.0142588
109 0.0144061
110 0.0143148
111 0.0142445
112 0.0142756
113 0.0141744
114 0.0141623
115 0.0141237
116 0.0141093
117 0.0140299
118 0.0140206
119 0.0140442
120 0.0140675
121 0.0140202
122 0.0139643
123 0.013955
124 0.0138796
125 0.0138341
126 0.0138096
127 0.0137614
128 0.0137856
129 0.0137136
130 0.0137523
131 0.0136104
132 0.0136822
133 0.0136422
134 0.0136644
135 0.0136137
136 0.013554
137 0.0136473
138 0.0135356
139 0.0135989
140 0.0135217
141 0.0135243
142 0.0135122
143 0.0134799
144 0.0134427
145 0.0134343
146 0.0134241
147 0.0134396
148 0.0133348
149 0.0133843
150 0.0133316
151 0.0133409
152 0.0133594
153 0.013267
154 0.013237
155 0.013268
156 0.0133538
157 0.0132226
158 0.0132558
159 0.013219
160 0.013237
161 0.0131218
162 0.0132677
163 0.0131092
164 0.0131433
165 0.013127
166 0.0131089
167 0.0131328
168 0.0131303
169 0.012977
170 0.0130837
171 0.0130556
172 0.0130508
173 0.0130651
174 0.0129792
175 0.0130205
176 0.0130144
177 0.0129533
178 0.0129805
179 0.0129641
180 0.0130192
181 0.012906
182 0.0129559
183 0.0129025
184 0.0129255
185 0.0129014
186 0.0128775
187 0.0128417
188 0.0128172
189 0.0128807
190 0.0128576
191 0.0128518
192 0.0128848
193 0.0128064
194 0.0127863
195 0.012817
196 0.0127833
197 0.0127367
198 0.0127889
199 0.0127098
200 0.0127286
201 0.0127464
202 0.0127446
203 0.0127171
204 0.0128009
205 0.0127346
206 0.0127569
207 0.0127787
208 0.0126273
209 0.0126891
210 0.0127385
211 0.0125925
212 0.0126494
213 0.0126708
214 0.012647
215 0.012638
216 0.0126466
217 0.0126533
218 0.0126414
219 0.0125774
220 0.0126888
221 0.012567
222 0.0125113
223 0.0125702
224 0.0125842
225 0.0125454
226 0.01257
227 0.0125931
228 0.0126188
229 0.0125635
230 0.0125541
231 0.0125143
232 0.0125146
233 0.0125742
234 0.0125863
235 0.0125344
236 0.0124698
237 0.0124942
238 0.0124537
239 0.0123953
240 0.0124593
241 0.0124935
242 0.0125221
243 0.0124491
244 0.0124308
245 0.0124698
246 0.0124483
247 0.0125018
248 0.012387
249 0.0123867
250 0.012343
251 0.0124431
252 0.0123494
253 0.0123463
254 0.0124373
255 0.0123872
256 0.0123999
257 0.0123986
258 0.0122852
259 0.0124357
260 0.0123633
261 0.0123922
262 0.0123109
263 0.01237
264 0.0123957
265 0.012358
266 0.0123794
267 0.012335
268 0.0123133
269 0.0122509
270 0.0123853
271 0.0123789
272 0.0123018
273 0.0123024
274 0.0122826
275 0.0122878
276 0.0122612
277 0.0123423
278 0.0122103
279 0.012283
280 0.012239
281 0.012312
282 0.0122378
283 0.0123182
284 0.012305
285 0.0122438
286 0.0122296
287 0.0122489
288 0.0122701
289 0.0122252
290 0.0122473
291 0.0122058
292 0.0122318
293 0.0122569
294 0.0122261
295 0.0121907
296 0.0122546
297 0.0122502
298 0.0122333
299 0.0121559
300 0.012311
301 0.0122251
302 0.0122462
303 0.0120956
304 0.0121909
305 0.012174
306 0.0121077
307 0.0122194
308 0.0122224
309 0.0121669
310 0.012127
311 0.0121766
312 0.0121604
313 0.0122337
314 0.0122797
315 0.0121389
316 0.0122103
317 0.0120749
318 0.0121797
319 0.0121018
320 0.0122117
321 0.0121492
322 0.0121807
323 0.0121295
324 0.0120995
325 0.0121823
326 0.0121975
327 0.0122029
328 0.0120839
329 0.0121001
330 0.0120925
331 0.0120987
332 0.0121052
333 0.0121478
334 0.0121744
335 0.0120747
336 0.0121218
337 0.0120939
338 0.0120405
339 0.0120544
340 0.0121066
341 0.0120654
342 0.0120496
343 0.0120527
344 0.0120728
345 0.0120321
346 0.0120903
347 0.0120902
348 0.0120847
349 0.0120458
350 0.0119826
351 0.0120713
352 0.0120946
353 0.0120867
354 0.0121028
355 0.0120896
356 0.0120503
357 0.0120618
358 0.0120621
359 0.0120182
360 0.0119892
361 0.0120106
362 0.0120885
363 0.0120089
364 0.0120315
365 0.0120734
366 0.0120682
367 0.0119531
368 0.0120511
369 0.0121343
370 0.0119615
371 0.0120333
372 0.0120827
373 0.0120041
374 0.0119861
375 0.0120782
376 0.011986
377 0.0119393
378 0.0120179
379 0.0119812
380 0.0119911
381 0.0120037
382 0.0119538
383 0.0119665
384 0.0120325
385 0.0120127
386 0.0119999
387 0.0119682
388 0.0120025
389 0.0120158
390 0.0119253
391 0.0119847
392 0.0119822
393 0.0119837
394 0.0119522
395 0.0119366
396 0.0119109
397 0.011865
398 0.0118789
399 0.0119608
400 0.0120694
