1 0.458089
2 0.324016
3 0.272763
4 0.23928
5 0.219232
6 0.203177
7 0.192039
8 0.182475
9 0.175418
10 0.168991
11 0.164205
12 0.159426
13 0.155671
14 0.152078
15 0.149217
16 0.146413
17 0.144147
18 0.141813
19 0.139969
20 0.138035
21 0.136325
22 0.134847
23 0.13351
24 0.132092
25 0.130771
26 0.129915
27 0.129163
28 0.128434
29 0.128063
30 0.127607
31 0.127349
32 0.126922
33 0.126824
34 0.12643
35 0.12615
36 0.12606
37 0.125984
38 0.125901
39 0.125702
40 0.125665
41 0.12539
42 0.12543
43 0.125389
44 0.125405
45 0.12527
46 0.12536
47 0.125279
48 0.12527
49 0.125227
50 0.125199
51 0.125172
52 0.125176
53 0.125185
54 0.125259
55 0.12515
56 0.125141
57 0.12521
58 0.125254
59 0.125201
60 0.12523
61 0.125207
62 0.125217
63 0.125112
64 0.125136
65 0.125209
66 0.12529
67 0.125257
68 0.12531
69 0.125326
70 0.12532
71 0.125347
72 0.125307
73 0.125267
74 0.125345
75 0.125346
76 0.125361
77 0.12543
78 0.125445
79 0.125446
80 0.125456
81 0.125491
82 0.125477
83 0.125583
84 0.125496
85 0.125496
86 0.125534
87 0.125606
88 0.125607
89 0.125603
90 0.125653
91 0.125594
92 0.125666
93 0.125885
94 0.125699
95 0.125706
96 0.125739
97 0.12577
98 0.125718
99 0.125789
100 0.125771
101 0.125786
102 0.125802
103 0.125824
104 0.125826
105 0.125795
106 0.125898
107 0.125876
108 0.125936
109 0.125941
110 0.12595
111 0.125942
112 0.125968
113 0.126024
114 0.126069
115 0.126026
116 0.126013
117 0.125997
118 0.126026
119 0.126009
120 0.126073
121 0.126093
122 0.126092
123 0.12609
124 0.126088
125 0.126104
126 0.126099
127 0.126109
128 0.126025
129 0.126129
130 0.126178
131 0.126196
132 0.126216
133 0.126161
134 0.126216
135 0.12624
136 0.12623
137 0.126258
138 0.126239
139 0.126235
140 0.126287
141 0.126297
142 0.126293
143 0.126275
144 0.126302
145 0.126321
146 0.126242
147 0.126285
148 0.126332
149 0.126336
150 0.126339
151 0.126368
152 0.126404
153 0.126398
154 0.126409
155 0.126388
156 0.126407
157 0.126421
158 0.126413
159 0.126464
160 0.126431
161 0.126458
162 0.126464
163 0.126449
164 0.126461
165 0.126462
166 0.126499
167 0.126498
168 0.126489
169 0.126516
170 0.126476
171 0.126597
172 0.126492
173 0.126531
174 0.126544
175 0.126544
176 0.126568
177 0.126567
178 0.12659
179 0.126562
180 0.126604
181 0.126528
182 0.126618
183 0.126603
184 0.12662
185 0.126608
186 0.12662
187 0.126611
188 0.126643
189 0.126611
190 0.126614
191 0.126655
192 0.12663
193 0.126629
194 0.126669
195 0.126625
196 0.126664
197 0.126697
198 0.126705
199 0.126682
200 0.12671
201 0.126709
202 0.126691
203 0.126731
204 0.126709
205 0.126476
206 0.126715
207 0.126733
208 0.126712
209 0.126742
210 0.126757
211 0.126722
212 0.126746
213 0.126786
214 0.126731
215 0.126753
216 0.126782
217 0.126717
218 0.12674
219 0.126773
220 0.126761
221 0.126763
222 0.126787
223 0.126787
224 0.12679
225 0.126803
226 0.126796
227 0.126823
228 0.126802
229 0.126825
230 0.126853
231 0.126831
232 0.126831
233 0.126828
234 0.126863
235 0.126818
236 0.126818
237 0.126822
238 0.126813
239 0.126839
240 0.12686
241 0.126934
242 0.126846
243 0.126878
244 0.126866
245 0.126857
246 0.126856
247 0.126878
248 0.126869
249 0.126898
250 0.126855
251 0.126886
252 0.12686
253 0.126894
254 0.126889
255 0.126889
256 0.12691
257 0.126892
258 0.126897
259 0.126899
260 0.126908
261 0.126949
262 0.126946
263 0.126911
264 0.126927
265 0.126916
266 0.126911
267 0.126957
268 0.126928
269 0.126926
270 0.126976
271 0.126927
272 0.126945
273 0.126908
274 0.126946
275 0.126947
276 0.126951
277 0.126958
278 0.126933
279 0.12695
280 0.126961
281 0.126952
282 0.126981
283 0.126983
284 0.126987
285 0.126943
286 0.12696
287 0.126977
288 0.126983
289 0.126952
290 0.126981
291 0.127002
292 0.126988
293 0.126998
294 0.126949
295 0.126984
296 0.126989
297 0.127002
298 0.127006
299 0.126977
300 0.126986
301 0.126991
302 0.126993
303 0.126993
304 0.127009
305 0.127006
306 0.127005
307 0.126972
308 0.127019
309 0.127017
310 0.127011
311 0.127012
312 0.127001
313 0.12701
314 0.127025
315 0.126947
316 0.127014
317 0.127011
318 0.127049
319 0.127015
320 0.127018
321 0.12704
322 0.127037
323 0.127033
324 0.127046
325 0.127031
326 0.127026
327 0.127046
328 0.127047
329 0.12703
330 0.127041
331 0.127063
332 0.127053
333 0.127043
334 0.127064
335 0.127046
336 0.127052
337 0.127025
338 0.127036
339 0.127056
340 0.127037
341 0.127281
342 0.127143
343 0.127049
344 0.12703
345 0.127071
346 0.127052
347 0.12707
348 0.127049
349 0.12704
350 0.127054
351 0.127074
352 0.12706
353 0.127069
354 0.127044
355 0.12707
356 0.127063
357 0.127043
358 0.127071
359 0.127068
360 0.127081
361 0.127068
362 0.127035
363 0.127069
364 0.127066
365 0.127094
366 0.12707
367 0.127047
368 0.127077
369 0.127056
370 0.127059
371 0.127072
372 0.127076
373 0.127062
374 0.127074
375 0.127076
376 0.127084
377 0.127097
378 0.127059
379 0.127071
380 0.127061
381 0.12706
382 0.127091
383 0.12708
384 0.127038
385 0.127092
386 0.127072
387 0.127103
388 0.127101
389 0.127071
390 0.127114
391 0.127072
392 0.127086
393 0.127093
394 0.127122
395 0.127106
396 0.127118
397 0.127082
398 0.127107
399 0.127059
400 0.1271
