1 0.299613
2 0.300772
3 0.300675
4 0.300089
5 0.300749
6 0.299629
7 0.300039
8 0.300094
9 0.300143
10 0.300155
11 0.300148
12 0.300379
13 0.299456
14 0.300149
15 0.299817
16 0.300172
17 0.300451
18 0.299646
19 0.300663
20 0.300339
21 0.300146
22 0.299631
23 0.299531
24 0.299625
25 0.299714
26 0.299907
27 0.319462
28 0.324234
29 0.329395
30 0.333376
31 0.335852
32 0.338814
33 0.340401
34 0.344087
35 0.344168
36 0.346803
37 0.346699
38 0.349566
39 0.349824
40 0.351466
41 0.352463
42 0.352396
43 0.353132
44 0.353389
45 0.354449
46 0.354734
47 0.356526
48 0.355852
49 0.35685
50 0.356656
51 0.356705
52 0.357476
53 0.356851
54 0.357845
55 0.357857
56 0.358625
57 0.359453
58 0.358498
59 0.358842
60 0.359166
61 0.359028
62 0.36015
63 0.360755
64 0.360407
65 0.360588
66 0.360784
67 0.360655
68 0.361099
69 0.361435
70 0.361632
71 0.36126
72 0.362005
73 0.362071
74 0.361728
75 0.361913
76 0.362192
77 0.362569
78 0.36218
79 0.362792
80 0.362948
81 0.362572
82 0.363138
83 0.363421
84 0.363021
85 0.363489
86 0.363569
87 0.364428
88 0.36416
89 0.364284
90 0.363433
91 0.364818
92 0.36487
93 0.36441
94 0.36536
95 0.364526
96 0.365411
97 0.365898
98 0.365559
99 0.364487
100 0.365782
101 0.365648
102 0.364572
103 0.366344
104 0.365366
105 0.36568
106 0.365444
107 0.36578
108 0.366471
109 0.36589
110 0.366139
111 0.366032
112 0.365885
113 0.366309
114 0.365823
115 0.36706
116 0.36635
117 0.366334
118 0.366521
119 0.366921
120 0.36674
121 0.367244
122 0.366649
123 0.367258
124 0.367172
125 0.367031
126 0.367983
127 0.367355
128 0.36718
129 0.368235
130 0.368137
131 0.366965
132 0.367491
133 0.368051
134 0.368329
135 0.367507
136 0.367727
137 0.368294
138 0.367557
139 0.368241
140 0.366929
141 0.3685
142 0.368346
143 0.368197
144 0.36792
145 0.367678
146 0.368271
147 0.368976
148 0.368397
149 0.368443
150 0.367865
151 0.369972
152 0.36826
153 0.368704
154 0.368929
155 0.368786
156 0.369013
157 0.36857
158 0.368112
159 0.368916
160 0.36873
161 0.368299
162 0.369171
163 0.369555
164 0.369308
165 0.369348
166 0.36986
167 0.369616
168 0.369289
169 0.369277
170 0.368358
171 0.369788
172 0.369677
173 0.369726
174 0.370077
175 0.369295
176 0.369531
177 0.369837
178 0.369428
179 0.369353
180 0.36943
181 0.369481
182 0.369111
183 0.370144
184 0.370413
185 0.370632
186 0.369572
187 0.36958
188 0.370279
189 0.369981
190 0.370575
191 0.369752
192 0.370304
193 0.3705
194 0.370288
195 0.369862
196 0.370577
197 0.370675
198 0.3698
199 0.369942
200 0.371337
201 0.369842
202 0.369861
203 0.370441
204 0.371096
205 0.370943
206 0.369816
207 0.37029
208 0.370824
209 0.370199
210 0.36997
211 0.370971
212 0.370649
213 0.370323
214 0.369315
215 0.36989
216 0.370901
217 0.371344
218 0.37063
219 0.370796
220 0.370633
221 0.37025
222 0.370805
223 0.371056
224 0.371154
225 0.370899
226 0.36991
227 0.370692
228 0.370656
229 0.37058
230 0.371418
231 0.371368
232 0.371291
233 0.370932
234 0.370685
235 0.370638
236 0.371151
237 0.371023
238 0.370643
239 0.371338
240 0.371381
241 0.371438
242 0.371388
243 0.371348
244 0.371465
245 0.37102
246 0.370924
247 0.370424
248 0.371587
249 0.371695
250 0.37161
251 0.371347
252 0.370766
253 0.371661
254 0.371374
255 0.370905
256 0.371383
257 0.371487
258 0.371236
259 0.3711
260 0.371171
261 0.372053
262 0.371181
263 0.371479
264 0.37118
265 0.371733
266 0.371424
267 0.371556
268 0.371756
269 0.371891
270 0.371281
271 0.372185
272 0.371431
273 0.372102
274 0.371633
275 0.371471
276 0.37178
277 0.371647
278 0.371612
279 0.371579
280 0.371888
281 0.371991
282 0.371813
283 0.371366
284 0.371862
285 0.371787
286 0.371768
287 0.371367
288 0.371777
289 0.371856
290 0.372116
291 0.371428
292 0.372504
293 0.372819
294 0.371825
295 0.372338
296 0.37147
297 0.372072
298 0.371411
299 0.37226
300 0.372023
301 0.371911
302 0.371974
303 0.372353
304 0.371527
305 0.372843
306 0.372216
307 0.37246
308 0.371917
309 0.372338
310 0.371948
311 0.3721
312 0.372354
313 0.372142
314 0.372686
315 0.372873
316 0.372169
317 0.37315
318 0.371859
319 0.372047
320 0.371671
321 0.372662
322 0.371925
323 0.372158
324 0.372894
325 0.372067
326 0.372972
327 0.371801
328 0.372275
329 0.371477
330 0.372118
331 0.372837
332 0.37164
333 0.373052
334 0.372645
335 0.372701
336 0.372736
337 0.372783
338 0.372888
339 0.372742
340 0.373327
341 0.372111
342 0.372803
343 0.37269
344 0.372391
345 0.372657
346 0.372463
347 0.37257
348 0.372811
349 0.372516
350 0.373451
351 0.372958
352 0.372616
353 0.373108
354 0.372822
355 0.372493
356 0.372274
357 0.372373
358 0.372317
359 0.372123
360 0.372722
361 0.372981
362 0.372326
363 0.373387
364 0.371965
365 0.372406
366 0.371961
367 0.372915
368 0.373307
369 0.373138
370 0.372846
371 0.372503
372 0.373424
373 0.372522
374 0.373081
375 0.372819
376 0.372744
377 0.373283
378 0.373108
379 0.37342
380 0.373008
381 0.372977
382 0.373
383 0.372972
384 0.373015
385 0.37326
386 0.372615
387 0.37297
388 0.373184
389 0.373118
390 0.373072
391 0.372395
392 0.373364
393 0.372191
394 0.373055
395 0.373464
396 0.372584
397 0.372902
398 0.372773
399 0.373302
400 0.373533
