1 0.388288
2 0.388945
3 0.432579
4 0.446662
5 0.461402
6 0.472624
7 0.480982
8 0.482748
9 0.492381
10 0.508394
11 0.516733
12 0.516939
13 0.530389
14 0.532399
15 0.543552
16 0.549427
17 0.550245
18 0.554929
19 0.5657
20 0.566349
21 0.569973
22 0.578864
23 0.58404
24 0.587441
25 0.591877
26 0.594932
27 0.601577
28 0.603496
29 0.60749
30 0.611868
31 0.615698
32 0.620085
33 0.623446
34 0.626262
35 0.629467
36 0.632366
37 0.636338
38 0.638796
39 0.640797
40 0.64454
41 0.646691
42 0.649612
43 0.651863
44 0.654746
45 0.656799
46 0.658765
47 0.660707
48 0.663818
49 0.665607
50 0.667642
51 0.669279
52 0.671501
53 0.673416
54 0.675461
55 0.677096
56 0.678772
57 0.681115
58 0.683546
59 0.684512
60 0.686557
61 0.687814
62 0.689277
63 0.690901
64 0.692824
65 0.693761
66 0.69557
67 0.696693
68 0.698422
69 0.699561
70 0.700937
71 0.702254
72 0.703848
73 0.704767
74 0.706801
75 0.708682
76 0.709414
77 0.710595
78 0.711196
79 0.712414
80 0.714083
81 0.714836
82 0.715954
83 0.717754
84 0.719215
85 0.719423
86 0.721238
87 0.721439
88 0.723074
89 0.723612
90 0.724031
91 0.725955
92 0.726882
93 0.728375
94 0.728687
95 0.730081
96 0.730729
97 0.731869
98 0.733315
99 0.7334
100 0.735171
101 0.736008
102 0.736675
103 0.737233
104 0.738312
105 0.738971
106 0.740854
107 0.741265
108 0.74209
109 0.742717
110 0.742976
111 0.74409
112 0.745897
113 0.746573
114 0.746631
115 0.748052
116 0.747977
117 0.749339
118 0.750014
119 0.751282
120 0.750756
121 0.751453
122 0.752792
123 0.754351
124 0.754916
125 0.755344
126 0.755283
127 0.756225
128 0.757123
129 0.757681
130 0.758452
131 0.759185
132 0.76008
133 0.760717
134 0.761311
135 0.761488
136 0.76216
137 0.763119
138 0.764053
139 0.764225
140 0.765096
141 0.765568
142 0.766338
143 0.766728
144 0.767699
145 0.768734
146 0.769205
147 0.769777
148 0.769793
149 0.770247
150 0.770751
151 0.772108
152 0.772492
153 0.771982
154 0.772252
155 0.773682
156 0.773625
157 0.774748
158 0.77503
159 0.775913
160 0.776541
161 0.776247
162 0.777223
163 0.777961
164 0.778538
165 0.778526
166 0.779552
167 0.779784
168 0.781126
169 0.78119
170 0.781068
171 0.781828
172 0.782233
173 0.782226
174 0.783132
175 0.784161
176 0.783975
177 0.784774
178 0.785269
179 0.785123
180 0.785324
181 0.786053
182 0.786744
183 0.787588
184 0.78788
185 0.787508
186 0.788387
187 0.788374
188 0.789747
189 0.790084
190 0.789955
191 0.790341
192 0.790705
193 0.791569
194 0.791279
195 0.792126
196 0.793124
197 0.792903
198 0.793142
199 0.793789
200 0.793812
201 0.794309
202 0.794807
203 0.795466
204 0.795404
205 0.795579
206 0.796586
207 0.796969
208 0.79699
209 0.797163
210 0.797966
211 0.798639
212 0.798143
213 0.798175
214 0.799929
215 0.799948
216 0.799949
217 0.800727
218 0.800562
219 0.800443
220 0.800515
221 0.80216
222 0.802102
223 0.801871
224 0.802944
225 0.802589
226 0.803582
227 0.804031
228 0.804269
229 0.80472
230 0.804613
231 0.805312
232 0.80503
233 0.805379
234 0.806119
235 0.80595
236 0.806857
237 0.806638
238 0.806911
239 0.807504
240 0.807728
241 0.808402
242 0.808869
243 0.808725
244 0.809002
245 0.80968
246 0.809536
247 0.810218
248 0.810084
249 0.810719
250 0.810076
251 0.81136
252 0.812066
253 0.812023
254 0.812496
255 0.812335
256 0.812039
257 0.81305
258 0.813118
259 0.813024
260 0.813788
261 0.814101
262 0.81392
263 0.814434
264 0.814891
265 0.814801
266 0.815107
267 0.815285
268 0.815793
269 0.815722
270 0.816305
271 0.81687
272 0.816461
273 0.816757
274 0.817113
275 0.817296
276 0.818306
277 0.818233
278 0.818992
279 0.818636
280 0.818474
281 0.819071
282 0.819649
283 0.819231
284 0.819707
285 0.820628
286 0.820291
287 0.820841
288 0.821104
289 0.820391
290 0.82109
291 0.821626
292 0.821284
293 0.821898
294 0.822418
295 0.822518
296 0.822514
297 0.823284
298 0.822563
299 0.822946
300 0.823752
301 0.823399
302 0.823696
303 0.824429
304 0.824048
305 0.824292
306 0.824323
307 0.825294
308 0.825599
309 0.825877
310 0.825669
311 0.826346
312 0.82596
313 0.825918
314 0.826232
315 0.826435
316 0.826623
317 0.82672
318 0.827413
319 0.827765
320 0.827879
321 0.828254
322 0.828485
323 0.82783
324 0.828176
325 0.829382
326 0.829537
327 0.829453
328 0.829544
329 0.829772
330 0.829757
331 0.829768
332 0.830848
333 0.83031
334 0.830407
335 0.830446
336 0.831156
337 0.831436
338 0.831643
339 0.831753
340 0.831764
341 0.832147
342 0.832153
343 0.83255
344 0.832519
345 0.832771
346 0.833088
347 0.833151
348 0.833241
349 0.833279
350 0.833901
351 0.833206
352 0.833355
353 0.833828
354 0.834698
355 0.834334
356 0.834677
357 0.835126
358 0.835706
359 0.834993
360 0.835071
361 0.835286
362 0.835187
363 0.836031
364 0.835935
365 0.836461
366 0.836135
367 0.836506
368 0.836488
369 0.836601
370 0.836807
371 0.837467
372 0.837379
373 0.837788
374 0.837487
375 0.837706
376 0.838422
377 0.838269
378 0.838479
379 0.838986
380 0.838688
381 0.838924
382 0.839199
383 0.838887
384 0.839505
385 0.839907
386 0.839562
387 0.839755
388 0.839708
389 0.840142
390 0.840821
391 0.840448
392 0.84056
393 0.841036
394 0.840857
395 0.840707
396 0.841474
397 0.841295
398 0.841054
399 0.841965
400 0.841999
