1 0.143026
2 0.218528
3 0.103849
4 0.100284
5 0.0898796
6 0.0705304
7 0.0841575
8 0.101755
9 0.108024
10 0.073714
11 0.0697836
12 0.0935152
13 0.0662256
14 0.0743299
15 0.0566999
16 0.0603829
17 0.0601674
18 0.0749174
19 0.055668
20 0.0604577
21 0.0683434
22 0.0518592
23 0.0501568
24 0.0435609
25 0.0484012
26 0.0493394
27 0.0424027
28 0.0449501
29 0.0425288
30 0.0410722
31 0.0401724
32 0.0396251
33 0.0380681
34 0.0375211
35 0.0372381
36 0.0363365
37 0.0354985
38 0.0351694
39 0.0342055
40 0.0339851
41 0.0332486
42 0.0328897
43 0.0323413
44 0.0317859
45 0.0313413
46 0.0309455
47 0.0306562
48 0.0300989
49 0.0297447
50 0.0293763
51 0.0290663
52 0.0286507
53 0.0282687
54 0.0278211
55 0.0276612
56 0.027332
57 0.0269898
58 0.0266429
59 0.0263186
60 0.0260734
61 0.0257986
62 0.0255324
63 0.0251951
64 0.0249099
65 0.0247491
66 0.0245024
67 0.0241745
68 0.0240801
69 0.0237418
70 0.0235344
71 0.0232866
72 0.0230561
73 0.0229851
74 0.0226832
75 0.0223555
76 0.0222489
77 0.021989
78 0.0218589
79 0.0216628
80 0.0215107
81 0.0213022
82 0.0211849
83 0.0208585
84 0.0207356
85 0.0206587
86 0.0204345
87 0.0202855
88 0.0200664
89 0.0200034
90 0.019902
91 0.0196124
92 0.019494
93 0.0192828
94 0.0192101
95 0.0189791
96 0.0189534
97 0.0187527
98 0.0185553
99 0.0184797
100 0.0183564
101 0.0182203
102 0.018074
103 0.0180208
104 0.0178128
105 0.0176985
106 0.0175236
107 0.0175188
108 0.0173816
109 0.0172187
110 0.0171575
111 0.0169979
112 0.0168337
113 0.0167656
114 0.0166965
115 0.0165745
116 0.0164755
117 0.016374
118 0.0162508
119 0.0160978
120 0.0161328
121 0.0160331
122 0.0159045
123 0.0157117
124 0.0156748
125 0.015591
126 0.0155943
127 0.0154278
128 0.0152744
129 0.0152592
130 0.0151173
131 0.015053
132 0.0149802
133 0.014902
134 0.0147741
135 0.014752
136 0.0146728
137 0.0146068
138 0.0144724
139 0.0144766
140 0.0143087
141 0.01426
142 0.0141767
143 0.0141301
144 0.0139911
145 0.0139201
146 0.0138691
147 0.0137951
148 0.0137578
149 0.0137012
150 0.0136417
151 0.0135173
152 0.0134373
153 0.0134245
154 0.0134067
155 0.0132996
156 0.0132654
157 0.0131775
158 0.0131091
159 0.0129942
160 0.0129269
161 0.0129473
162 0.0128337
163 0.0127707
164 0.0126644
165 0.0126699
166 0.0126046
167 0.0125452
168 0.0124468
169 0.0124023
170 0.0123972
171 0.0123742
172 0.0123015
173 0.0122237
174 0.012172
175 0.0121187
176 0.0120847
177 0.0119963
178 0.0119136
179 0.0119603
180 0.011909
181 0.0118414
182 0.0117687
183 0.011671
184 0.011661
185 0.0116513
186 0.0116013
187 0.0115608
188 0.0114852
189 0.0114107
190 0.0114163
191 0.0113981
192 0.011314
193 0.0112454
194 0.0112815
195 0.0111904
196 0.0110975
197 0.0111192
198 0.0110779
199 0.0109778
200 0.010988
201 0.0109371
202 0.0108868
203 0.0108373
204 0.0108369
205 0.0107771
206 0.0107457
207 0.0106423
208 0.0106195
209 0.0105928
210 0.0105922
211 0.0105279
212 0.0104997
213 0.0104852
214 0.0103799
215 0.0103732
216 0.010321
217 0.0102704
218 0.010286
219 0.0102552
220 0.0102638
221 0.0101619
222 0.0100963
223 0.0101074
224 0.0100875
225 0.0100515
226 0.00998007
227 0.00993907
228 0.00992148
229 0.00990757
230 0.0098567
231 0.00980297
232 0.00981311
233 0.00979037
234 0.00975291
235 0.00974537
236 0.00966754
237 0.0096695
238 0.00961298
239 0.00960523
240 0.00958309
241 0.00947966
242 0.00946785
243 0.00946705
244 0.00945807
245 0.00938857
246 0.00939804
247 0.0093089
248 0.00930363
249 0.00931413
250 0.00932023
251 0.00919512
252 0.00913831
253 0.00918115
254 0.00908576
255 0.00913842
256 0.0091671
257 0.00905607
258 0.00902445
259 0.0090636
260 0.00897444
261 0.00895316
262 0.00894248
263 0.00892851
264 0.00886986
265 0.00886522
266 0.0088685
267 0.00881056
268 0.00876811
269 0.00879004
270 0.00873104
271 0.00870973
272 0.00872394
273 0.0086929
274 0.0086455
275 0.00863888
276 0.00854728
277 0.00853938
278 0.00853929
279 0.00851955
280 0.00851214
281 0.00846546
282 0.00843681
283 0.00846052
284 0.00841354
285 0.00837529
286 0.00833293
287 0.00831609
288 0.00830032
289 0.00833994
290 0.00827334
291 0.00826784
292 0.00823561
293 0.00821661
294 0.00817094
295 0.00819631
296 0.00817735
297 0.0081127
298 0.00812906
299 0.0081034
300 0.00806305
301 0.00807057
302 0.00806482
303 0.00802944
304 0.00801221
305 0.00797768
306 0.0079691
307 0.00791252
308 0.00792051
309 0.00788357
310 0.00790679
311 0.00782541
312 0.00784324
313 0.0078401
314 0.00783716
315 0.00781517
316 0.00777738
317 0.00779143
318 0.00773608
319 0.00768775
320 0.00770257
321 0.00765726
322 0.00763129
323 0.00766137
324 0.00763988
325 0.00760382
326 0.00755611
327 0.0075728
328 0.00754668
329 0.00752879
330 0.00754332
331 0.00754098
332 0.00746147
333 0.00747423
334 0.00746389
335 0.00745562
336 0.0074194
337 0.00738871
338 0.00739969
339 0.00733569
340 0.00734415
341 0.00733021
342 0.0073384
343 0.00729387
344 0.00727376
345 0.00723301
346 0.00724698
347 0.00723198
348 0.00723097
349 0.0071996
350 0.00718855
351 0.00720036
352 0.00717138
353 0.00716993
354 0.00711932
355 0.00711082
356 0.00709429
357 0.00705746
358 0.0070534
359 0.00707218
360 0.00705806
361 0.00704726
362 0.00704829
363 0.00697553
364 0.00698364
365 0.00693941
366 0.00698208
367 0.0069268
368 0.00693517
369 0.00691866
370 0.00691788
371 0.00687994
372 0.0069
373 0.00684365
374 0.00685457
375 0.00684472
376 0.00682009
377 0.00679247
378 0.00678803
379 0.0067645
380 0.00673885
381 0.00674744
382 0.00673227
383 0.00673441
384 0.00669596
385 0.00666163
386 0.00667883
387 0.00667689
388 0.00667251
389 0.00662553
390 0.0065951
391 0.00662638
392 0.00661586
393 0.00658552
394 0.00659238
395 0.00659948
396 0.00654543
397 0.00655439
398 0.00657347
399 0.00651136
400 0.00650516
