1 0.500061
2 0.499933
3 0.49965
4 0.4997
5 0.499924
6 0.500057
7 0.500162
8 0.500156
9 0.500087
10 0.500044
11 0.50005
12 0.500107
13 0.500038
14 0.500077
15 0.500048
16 0.50003
17 0.500076
18 0.500076
19 0.500115
20 0.500061
21 0.500048
22 0.500054
23 0.499955
24 0.500087
25 0.499885
26 0.500579
27 0.501616
28 0.502532
29 0.503389
30 0.504523
31 0.505605
32 0.506651
33 0.507904
34 0.508962
35 0.510123
36 0.511207
37 0.512282
38 0.513358
39 0.51442
40 0.515516
41 0.516485
42 0.517549
43 0.518487
44 0.519517
45 0.5205
46 0.521326
47 0.522225
48 0.523226
49 0.524153
50 0.524905
51 0.525792
52 0.52659
53 0.527471
54 0.528222
55 0.528941
56 0.529736
57 0.530506
58 0.531296
59 0.532005
60 0.532747
61 0.533452
62 0.534084
63 0.534838
64 0.535415
65 0.53618
66 0.536745
67 0.537293
68 0.538051
69 0.538542
70 0.539167
71 0.539707
72 0.540262
73 0.540732
74 0.541351
75 0.541992
76 0.54241
77 0.542915
78 0.543351
79 0.543913
80 0.544402
81 0.544899
82 0.545342
83 0.545814
84 0.546327
85 0.546599
86 0.547169
87 0.547509
88 0.548031
89 0.54839
90 0.54878
91 0.549256
92 0.549611
93 0.550038
94 0.550375
95 0.550838
96 0.551189
97 0.55159
98 0.552021
99 0.55228
100 0.552588
101 0.552992
102 0.553264
103 0.553584
104 0.554011
105 0.554262
106 0.554711
107 0.554895
108 0.555227
109 0.555589
110 0.555907
111 0.556163
112 0.556532
113 0.556825
114 0.557097
115 0.557394
116 0.557594
117 0.55795
118 0.558174
119 0.558479
120 0.558735
121 0.558958
122 0.559304
123 0.559546
124 0.559768
125 0.56005
126 0.560315
127 0.560533
128 0.560797
129 0.561019
130 0.561263
131 0.561479
132 0.561713
133 0.561961
134 0.562187
135 0.562368
136 0.562629
137 0.56291
138 0.563044
139 0.563286
140 0.563503
141 0.563766
142 0.563948
143 0.564107
144 0.564393
145 0.564565
146 0.564743
147 0.564949
148 0.565115
149 0.56536
150 0.565522
151 0.565725
152 0.565962
153 0.566019
154 0.566265
155 0.566416
156 0.566644
157 0.566804
158 0.566939
159 0.56718
160 0.567337
161 0.567472
162 0.567671
163 0.567843
164 0.568007
165 0.568136
166 0.568326
167 0.568543
168 0.568653
169 0.568832
170 0.56891
171 0.569014
172 0.569265
173 0.569441
174 0.56961
175 0.569761
176 0.569907
177 0.570012
178 0.570198
179 0.570311
180 0.570488
181 0.570611
182 0.570774
183 0.570906
184 0.571034
185 0.571189
186 0.57135
187 0.57143
188 0.571563
189 0.571747
190 0.571856
191 0.57195
192 0.572141
193 0.572264
194 0.572314
195 0.572462
196 0.572685
197 0.572732
198 0.572863
199 0.572991
200 0.573106
201 0.573261
202 0.573404
203 0.573495
204 0.573595
205 0.573677
206 0.573841
207 0.57398
208 0.574088
209 0.574222
210 0.574269
211 0.574408
212 0.574508
213 0.574619
214 0.574807
215 0.574844
216 0.574971
217 0.575048
218 0.575181
219 0.575299
220 0.575354
221 0.575444
222 0.575605
223 0.575735
224 0.575794
225 0.575897
226 0.576022
227 0.576117
228 0.576201
229 0.57631
230 0.576379
231 0.576547
232 0.576632
233 0.576713
234 0.576792
235 0.576876
236 0.576975
237 0.577025
238 0.57713
239 0.577197
240 0.57726
241 0.577489
242 0.57758
243 0.577622
244 0.577668
245 0.577823
246 0.577837
247 0.577937
248 0.578039
249 0.578134
250 0.578182
251 0.578345
252 0.578437
253 0.578502
254 0.578622
255 0.578554
256 0.578685
257 0.578949
258 0.578952
259 0.578956
260 0.579111
261 0.579156
262 0.579206
263 0.579263
264 0.579341
265 0.579406
266 0.579541
267 0.579567
268 0.579703
269 0.579713
270 0.579786
271 0.579883
272 0.579894
273 0.579974
274 0.580086
275 0.580195
276 0.580344
277 0.580332
278 0.58042
279 0.580487
280 0.580554
281 0.580633
282 0.580719
283 0.580749
284 0.580862
285 0.58092
286 0.581011
287 0.581085
288 0.581109
289 0.581159
290 0.581243
291 0.581278
292 0.581361
293 0.581446
294 0.58154
295 0.581561
296 0.581609
297 0.581732
298 0.581748
299 0.581821
300 0.581916
301 0.581952
302 0.581981
303 0.582046
304 0.582138
305 0.582186
306 0.582256
307 0.582422
308 0.582411
309 0.582485
310 0.582489
311 0.582593
312 0.5826
313 0.582693
314 0.582758
315 0.582785
316 0.582859
317 0.582864
318 0.582989
319 0.583005
320 0.583051
321 0.583157
322 0.583229
323 0.583279
324 0.583296
325 0.583392
326 0.583443
327 0.583489
328 0.583528
329 0.583569
330 0.583629
331 0.583658
332 0.583778
333 0.583788
334 0.583847
335 0.583933
336 0.583977
337 0.584025
338 0.584077
339 0.584135
340 0.584198
341 0.584224
342 0.584275
343 0.584331
344 0.584366
345 0.584454
346 0.584512
347 0.584537
348 0.584606
349 0.584611
350 0.584703
351 0.584689
352 0.584797
353 0.584783
354 0.584888
355 0.58494
356 0.584996
357 0.58505
358 0.585086
359 0.585126
360 0.585158
361 0.585199
362 0.585234
363 0.585358
364 0.585312
365 0.585443
366 0.58545
367 0.585512
368 0.585534
369 0.585565
370 0.58561
371 0.585687
372 0.585671
373 0.585784
374 0.585803
375 0.585897
376 0.585904
377 0.585947
378 0.58599
379 0.586035
380 0.58612
381 0.586154
382 0.58616
383 0.586184
384 0.586261
385 0.586295
386 0.58635
387 0.586376
388 0.586414
389 0.586447
390 0.586511
391 0.586529
392 0.58658
393 0.58664
394 0.58662
395 0.586661
396 0.586728
397 0.586756
398 0.586774
399 0.586875
400 0.586892
