1 0.333506
2 0.333506
3 0.333506
4 0.333506
5 0.333369
6 0.333506
7 0.333506
8 0.333506
9 0.333125
10 0.333125
11 0.333506
12 0.333369
13 0.333506
14 0.333506
15 0.333369
16 0.333506
17 0.333506
18 0.333125
19 0.333506
20 0.333506
21 0.333369
22 0.333369
23 0.333369
24 0.333369
25 0.333506
26 0.388513
27 0.419914
28 0.418004
29 0.446804
30 0.462173
31 0.461095
32 0.482072
33 0.492584
34 0.492521
35 0.509098
36 0.515899
37 0.517659
38 0.53035
39 0.537904
40 0.538031
41 0.549154
42 0.555017
43 0.554313
44 0.564486
45 0.570203
46 0.569687
47 0.578564
48 0.584175
49 0.584236
50 0.592114
51 0.595154
52 0.600048
53 0.604582
54 0.607903
55 0.612321
56 0.615082
57 0.620216
58 0.623802
59 0.626261
60 0.630222
61 0.632911
62 0.635657
63 0.638842
64 0.641934
65 0.64423
66 0.647126
67 0.649457
68 0.65288
69 0.654288
70 0.656838
71 0.65896
72 0.660918
73 0.663419
74 0.666679
75 0.669612
76 0.670344
77 0.67243
78 0.67436
79 0.676487
80 0.678525
81 0.680494
82 0.682261
83 0.68426
84 0.686304
85 0.687376
86 0.689676
87 0.690064
88 0.692613
89 0.693676
90 0.694649
91 0.696606
92 0.698282
93 0.70036
94 0.701425
95 0.703051
96 0.703748
97 0.705684
98 0.707791
99 0.70825
100 0.710306
101 0.711433
102 0.71296
103 0.713207
104 0.715357
105 0.716334
106 0.718378
107 0.719038
108 0.719913
109 0.721581
110 0.722162
111 0.723055
112 0.725454
113 0.72632
114 0.726477
115 0.728787
116 0.728649
117 0.730418
118 0.731303
119 0.733102
120 0.7335
121 0.734012
122 0.735227
123 0.736611
124 0.737771
125 0.738553
126 0.738556
127 0.739662
128 0.740926
129 0.741777
130 0.742588
131 0.743576
132 0.744682
133 0.745534
134 0.746443
135 0.747016
136 0.74829
137 0.749274
138 0.749554
139 0.750246
140 0.751078
141 0.752186
142 0.753094
143 0.753403
144 0.754671
145 0.755624
146 0.756297
147 0.757228
148 0.757549
149 0.757862
150 0.758303
151 0.76009
152 0.76047
153 0.760211
154 0.760681
155 0.762247
156 0.762217
157 0.763558
158 0.764183
159 0.764998
160 0.765656
161 0.765453
162 0.766929
163 0.767466
164 0.768224
165 0.76834
166 0.769448
167 0.769866
168 0.77092
169 0.771209
170 0.771607
171 0.772127
172 0.772692
173 0.773012
174 0.773915
175 0.774887
176 0.774734
177 0.77562
178 0.776273
179 0.776513
180 0.776424
181 0.77715
182 0.778174
183 0.778946
184 0.77935
185 0.779206
186 0.780203
187 0.780082
188 0.781981
189 0.781956
190 0.782024
191 0.78257
192 0.783097
193 0.78424
194 0.783725
195 0.78448
196 0.785736
197 0.785772
198 0.785907
199 0.786308
200 0.786896
201 0.787319
202 0.787937
203 0.788478
204 0.788263
205 0.788832
206 0.789809
207 0.790465
208 0.790293
209 0.790625
210 0.791396
211 0.791924
212 0.791638
213 0.792162
214 0.793522
215 0.793696
216 0.793742
217 0.794553
218 0.794369
219 0.794579
220 0.794714
221 0.796349
222 0.796482
223 0.796097
224 0.797077
225 0.796907
226 0.797507
227 0.798659
228 0.798738
229 0.799147
230 0.798957
231 0.799822
232 0.799785
233 0.800097
234 0.800831
235 0.800562
236 0.801409
237 0.801335
238 0.801621
239 0.802556
240 0.802524
241 0.803428
242 0.803921
243 0.803881
244 0.804067
245 0.804822
246 0.804744
247 0.805738
248 0.805545
249 0.806112
250 0.805664
251 0.806835
252 0.807476
253 0.807461
254 0.808022
255 0.807579
256 0.807765
257 0.808808
258 0.808757
259 0.808844
260 0.809429
261 0.810056
262 0.8095
263 0.810243
264 0.810618
265 0.81035
266 0.81098
267 0.811037
268 0.811773
269 0.811674
270 0.812161
271 0.81242
272 0.812504
273 0.812812
274 0.813165
275 0.813599
276 0.814615
277 0.814434
278 0.815041
279 0.814996
280 0.814761
281 0.815487
282 0.815901
283 0.815531
284 0.816187
285 0.817134
286 0.816409
287 0.817469
288 0.817586
289 0.817113
290 0.817543
291 0.818065
292 0.817815
293 0.818554
294 0.818944
295 0.819143
296 0.819235
297 0.819878
298 0.819263
299 0.819631
300 0.820293
301 0.820108
302 0.820341
303 0.821251
304 0.821006
305 0.821277
306 0.821125
307 0.822165
308 0.822509
309 0.822891
310 0.822709
311 0.823583
312 0.822788
313 0.822883
314 0.823102
315 0.823325
316 0.823835
317 0.823713
318 0.824419
319 0.82494
320 0.824802
321 0.825463
322 0.825592
323 0.824987
324 0.825359
325 0.826672
326 0.826733
327 0.826554
328 0.826707
329 0.827138
330 0.827064
331 0.827129
332 0.828192
333 0.82766
334 0.827632
335 0.827959
336 0.828828
337 0.828797
338 0.829064
339 0.82946
340 0.829071
341 0.829459
342 0.829522
343 0.830112
344 0.830137
345 0.830363
346 0.830564
347 0.830678
348 0.830972
349 0.830952
350 0.831436
351 0.831122
352 0.830889
353 0.831534
354 0.832392
355 0.832174
356 0.83219
357 0.832903
358 0.833248
359 0.832933
360 0.832869
361 0.832856
362 0.832961
363 0.833711
364 0.833569
365 0.834173
366 0.833841
367 0.83434
368 0.83447
369 0.834295
370 0.834734
371 0.835272
372 0.835154
373 0.83549
374 0.835333
375 0.835614
376 0.836344
377 0.836302
378 0.836699
379 0.837001
380 0.836907
381 0.836927
382 0.837189
383 0.836778
384 0.837689
385 0.83804
386 0.837758
387 0.838005
388 0.837856
389 0.838114
390 0.838877
391 0.838658
392 0.838777
393 0.839123
394 0.838906
395 0.838891
396 0.839531
397 0.839689
398 0.839335
399 0.840115
400 0.840137
