1 0.099835
2 0.10007
3 0.099972
4 0.0998852
5 0.0998815
6 0.0998356
7 0.10038
8 0.101223
9 0.10223
10 0.103454
11 0.104659
12 0.105922
13 0.107229
14 0.10862
15 0.109988
16 0.111423
17 0.112885
18 0.114417
19 0.1159
20 0.11745
21 0.119025
22 0.120581
23 0.122132
24 0.123719
25 0.125364
26 0.126936
27 0.128519
28 0.130106
29 0.131698
30 0.133314
31 0.134845
32 0.136426
33 0.13796
34 0.139522
35 0.141074
36 0.142577
37 0.144065
38 0.145581
39 0.147062
40 0.148488
41 0.149948
42 0.151347
43 0.152752
44 0.154106
45 0.155501
46 0.156833
47 0.158155
48 0.159471
49 0.160776
50 0.162081
51 0.163333
52 0.164601
53 0.165836
54 0.167075
55 0.168272
56 0.169477
57 0.170681
58 0.171856
59 0.17302
60 0.174172
61 0.175303
62 0.176418
63 0.177577
64 0.178668
65 0.179793
66 0.180837
67 0.181956
68 0.183019
69 0.184083
70 0.185168
71 0.186216
72 0.187246
73 0.188268
74 0.1893
75 0.190332
76 0.19135
77 0.192359
78 0.193355
79 0.194336
80 0.195309
81 0.196293
82 0.197274
83 0.198207
84 0.199175
85 0.20012
86 0.201069
87 0.202003
88 0.202941
89 0.203829
90 0.204805
91 0.205744
92 0.20664
93 0.207517
94 0.208458
95 0.209361
96 0.210267
97 0.211156
98 0.212049
99 0.212921
100 0.213813
101 0.214684
102 0.215555
103 0.216434
104 0.217295
105 0.218182
106 0.219012
107 0.219862
108 0.220712
109 0.221557
110 0.222388
111 0.223236
112 0.224064
113 0.224875
114 0.22574
115 0.226543
116 0.227361
117 0.228207
118 0.228988
119 0.229799
120 0.230598
121 0.231402
122 0.232201
123 0.233007
124 0.233793
125 0.234577
126 0.235371
127 0.236161
128 0.23693
129 0.237721
130 0.238479
131 0.239239
132 0.240005
133 0.240769
134 0.241528
135 0.242287
136 0.243041
137 0.243795
138 0.244547
139 0.245287
140 0.246038
141 0.246775
142 0.247518
143 0.248255
144 0.24898
145 0.249694
146 0.25042
147 0.251166
148 0.25188
149 0.252588
150 0.253307
151 0.254031
152 0.254731
153 0.255445
154 0.256156
155 0.256862
156 0.257568
157 0.258265
158 0.258964
159 0.259659
160 0.260353
161 0.261041
162 0.26173
163 0.262413
164 0.2631
165 0.26379
166 0.264468
167 0.265144
168 0.265816
169 0.266484
170 0.26715
171 0.267843
172 0.268496
173 0.269156
174 0.269821
175 0.27048
176 0.271137
177 0.271793
178 0.272454
179 0.273099
180 0.273744
181 0.274395
182 0.275045
183 0.275681
184 0.276318
185 0.276954
186 0.277593
187 0.278227
188 0.278856
189 0.279493
190 0.280116
191 0.280745
192 0.281364
193 0.281988
194 0.282606
195 0.283253
196 0.283841
197 0.284464
198 0.285071
199 0.285676
200 0.286286
201 0.286893
202 0.287496
203 0.288099
204 0.288696
205 0.289354
206 0.289907
207 0.290503
208 0.291096
209 0.291686
210 0.292289
211 0.292872
212 0.29346
213 0.294048
214 0.294636
215 0.295218
216 0.295801
217 0.296387
218 0.296959
219 0.297535
220 0.298114
221 0.298688
222 0.29926
223 0.299829
224 0.300399
225 0.300964
226 0.301529
227 0.302097
228 0.302656
229 0.303218
230 0.303777
231 0.304332
232 0.304887
233 0.305445
234 0.306007
235 0.306553
236 0.3071
237 0.307652
238 0.308199
239 0.308751
240 0.309292
241 0.309809
242 0.310375
243 0.310914
244 0.311457
245 0.311992
246 0.31253
247 0.313062
248 0.3136
249 0.314128
250 0.314662
251 0.31519
252 0.315718
253 0.316245
254 0.316767
255 0.317288
256 0.317813
257 0.318347
258 0.318863
259 0.319377
260 0.319896
261 0.320408
262 0.320926
263 0.321439
264 0.321949
265 0.32246
266 0.322967
267 0.323476
268 0.323981
269 0.324486
270 0.324993
271 0.325496
272 0.325998
273 0.326523
274 0.326999
275 0.327495
276 0.32799
277 0.328487
278 0.328983
279 0.329471
280 0.329967
281 0.330456
282 0.330945
283 0.331432
284 0.33192
285 0.332406
286 0.332889
287 0.333371
288 0.333854
289 0.334334
290 0.334814
291 0.335295
292 0.335772
293 0.336241
294 0.33672
295 0.337194
296 0.337667
297 0.338139
298 0.338611
299 0.33908
300 0.339547
301 0.340014
302 0.34048
303 0.340945
304 0.341405
305 0.341871
306 0.342329
307 0.342781
308 0.343249
309 0.34371
310 0.344168
311 0.344625
312 0.345081
313 0.345536
314 0.345989
315 0.346466
316 0.346892
317 0.347344
318 0.347791
319 0.34824
320 0.348685
321 0.349133
322 0.349577
323 0.35002
324 0.350462
325 0.350907
326 0.351348
327 0.351785
328 0.352222
329 0.352656
330 0.353096
331 0.353526
332 0.353967
333 0.354404
334 0.354835
335 0.355267
336 0.355696
337 0.356126
338 0.356554
339 0.356979
340 0.357403
341 0.357795
342 0.358281
343 0.358692
344 0.359113
345 0.359535
346 0.359955
347 0.360373
348 0.36079
349 0.361208
350 0.361628
351 0.362047
352 0.362458
353 0.362872
354 0.363283
355 0.363697
356 0.364114
357 0.36452
358 0.364933
359 0.365343
360 0.365753
361 0.366163
362 0.366567
363 0.366972
364 0.367379
365 0.367778
366 0.368185
367 0.368588
368 0.368989
369 0.369392
370 0.369788
371 0.370188
372 0.370593
373 0.370985
374 0.371383
375 0.37178
376 0.372178
377 0.372571
378 0.372967
379 0.373357
380 0.373748
381 0.374147
382 0.374531
383 0.37492
384 0.375309
385 0.375701
386 0.376088
387 0.376475
388 0.37686
389 0.377246
390 0.377636
391 0.378014
392 0.378394
393 0.378775
394 0.379161
395 0.379539
396 0.379915
397 0.380293
398 0.38067
399 0.381046
400 0.381424
