1 0.500502
2 0.584004
3 0.583602
4 0.603114
5 0.610716
6 0.617309
7 0.622142
8 0.625593
9 0.632137
10 0.631968
11 0.63261
12 0.637819
13 0.64003
14 0.63692
15 0.640951
16 0.640251
17 0.642692
18 0.642637
19 0.642684
20 0.645735
21 0.643961
22 0.647169
23 0.647011
24 0.646939
25 0.647376
26 0.647967
27 0.649386
28 0.649624
29 0.649417
30 0.650143
31 0.649274
32 0.650263
33 0.650394
34 0.651416
35 0.650881
36 0.652149
37 0.651408
38 0.652077
39 0.6515
40 0.651654
41 0.652189
42 0.65349
43 0.653577
44 0.652032
45 0.653166
46 0.653236
47 0.652998
48 0.65421
49 0.654113
50 0.653883
51 0.653988
52 0.653763
53 0.653317
54 0.653946
55 0.654018
56 0.654433
57 0.65408
58 0.654244
59 0.654186
60 0.654499
61 0.653999
62 0.654386
63 0.654241
64 0.654336
65 0.655422
66 0.65525
67 0.654937
68 0.655526
69 0.654888
70 0.655564
71 0.655077
72 0.65556
73 0.655281
74 0.655505
75 0.655959
76 0.65526
77 0.655919
78 0.65548
79 0.656143
80 0.655857
81 0.654938
82 0.655687
83 0.65535
84 0.655818
85 0.655629
86 0.655932
87 0.65594
88 0.655746
89 0.656313
90 0.655773
91 0.656005
92 0.656265
93 0.655723
94 0.655737
95 0.655695
96 0.656342
97 0.655411
98 0.6555
99 0.656436
100 0.65636
101 0.655203
102 0.656307
103 0.656155
104 0.65621
105 0.656921
106 0.656042
107 0.656686
108 0.656865
109 0.656683
110 0.656406
111 0.656766
112 0.656168
113 0.656136
114 0.65698
115 0.656587
116 0.656196
117 0.656683
118 0.656037
119 0.657551
120 0.656849
121 0.657137
122 0.656877
123 0.657059
124 0.656588
125 0.656597
126 0.656666
127 0.656597
128 0.657084
129 0.657158
130 0.657498
131 0.656441
132 0.656554
133 0.65662
134 0.65632
135 0.656731
136 0.657109
137 0.657439
138 0.656984
139 0.657309
140 0.65691
141 0.656887
142 0.657862
143 0.656922
144 0.656944
145 0.657411
146 0.657926
147 0.657111
148 0.656913
149 0.656449
150 0.657566
151 0.657452
152 0.65763
153 0.656608
154 0.656973
155 0.657361
156 0.657892
157 0.657157
158 0.656567
159 0.657457
160 0.657628
161 0.657593
162 0.656892
163 0.656929
164 0.657246
165 0.656819
166 0.656934
167 0.657567
168 0.657072
169 0.657
170 0.657727
171 0.657786
172 0.658072
173 0.65733
174 0.657746
175 0.657485
176 0.657661
177 0.657015
178 0.65745
179 0.6584
180 0.657582
181 0.657477
182 0.657143
183 0.657458
184 0.656255
185 0.657297
186 0.657926
187 0.657173
188 0.657378
189 0.658148
190 0.657298
191 0.657964
192 0.657881
193 0.657516
194 0.657068
195 0.657782
196 0.656976
197 0.657602
198 0.657898
199 0.65763
200 0.657677
201 0.657856
202 0.65741
203 0.657507
204 0.657487
205 0.65714
206 0.65721
207 0.657203
208 0.657317
209 0.658146
210 0.657784
211 0.657369
212 0.656939
213 0.657269
214 0.658044
215 0.657295
216 0.657207
217 0.658192
218 0.658029
219 0.657103
220 0.656737
221 0.657213
222 0.658208
223 0.657974
224 0.65712
225 0.657101
226 0.657723
227 0.657089
228 0.656453
229 0.657836
230 0.657299
231 0.657457
232 0.657536
233 0.657159
234 0.657503
235 0.65748
236 0.657493
237 0.657423
238 0.657492
239 0.657692
240 0.658146
241 0.657754
242 0.657815
243 0.65778
244 0.65739
245 0.65806
246 0.657598
247 0.657661
248 0.658209
249 0.657905
250 0.657063
251 0.658066
252 0.658188
253 0.65759
254 0.656971
255 0.658353
256 0.657618
257 0.657956
258 0.658895
259 0.658135
260 0.657849
261 0.656803
262 0.65797
263 0.657849
264 0.656859
265 0.657645
266 0.657132
267 0.658082
268 0.657892
269 0.657815
270 0.658298
271 0.658284
272 0.657248
273 0.657438
274 0.657806
275 0.657383
276 0.657275
277 0.657697
278 0.657852
279 0.658412
280 0.657912
281 0.657987
282 0.657856
283 0.657106
284 0.658385
285 0.657464
286 0.658076
287 0.65848
288 0.658035
289 0.65863
290 0.658495
291 0.658034
292 0.658205
293 0.657441
294 0.65719
295 0.65799
296 0.657871
297 0.658234
298 0.657854
299 0.6572
300 0.656969
301 0.65724
302 0.657394
303 0.657734
304 0.657603
305 0.657841
306 0.658309
307 0.657667
308 0.65724
309 0.657755
310 0.657681
311 0.657757
312 0.657985
313 0.656941
314 0.657832
315 0.657913
316 0.657864
317 0.657927
318 0.6583
319 0.6584
320 0.65731
321 0.657761
322 0.657652
323 0.657811
324 0.658081
325 0.65766
326 0.657197
327 0.657756
328 0.657648
329 0.657553
330 0.658048
331 0.657609
332 0.658694
333 0.657844
334 0.658445
335 0.657168
336 0.658599
337 0.65826
338 0.657545
339 0.657663
340 0.658076
341 0.657593
342 0.657683
343 0.658138
344 0.658044
345 0.656985
346 0.657945
347 0.657968
348 0.657788
349 0.657108
350 0.65747
351 0.658549
352 0.657532
353 0.657946
354 0.658409
355 0.657919
356 0.65745
357 0.657597
358 0.65795
359 0.657452
360 0.658338
361 0.658238
362 0.657595
363 0.657822
364 0.658001
365 0.657553
366 0.658027
367 0.657639
368 0.658631
369 0.658279
370 0.658316
371 0.658443
372 0.657878
373 0.658624
374 0.657889
375 0.658225
376 0.658212
377 0.658429
378 0.658594
379 0.658562
380 0.65797
381 0.658338
382 0.658485
383 0.65912
384 0.658177
385 0.658516
386 0.657872
387 0.65799
388 0.658158
389 0.657735
390 0.658061
391 0.658632
392 0.658201
393 0.658285
394 0.65904
395 0.657562
396 0.658167
397 0.657857
398 0.658366
399 0.658435
400 0.658063
