1 0.393681
2 0.413473
3 0.415263
4 0.430748
5 0.440631
6 0.442676
7 0.448741
8 0.455442
9 0.458939
10 0.459507
11 0.466163
12 0.504239
13 0.515269
14 0.520133
15 0.534012
16 0.54079
17 0.546723
18 0.555975
19 0.561047
20 0.565534
21 0.569399
22 0.574767
23 0.583294
24 0.589342
25 0.595629
26 0.601538
27 0.607353
28 0.61275
29 0.618276
30 0.623734
31 0.629386
32 0.632819
33 0.63533
34 0.640758
35 0.645194
36 0.650208
37 0.653745
38 0.656662
39 0.660811
40 0.663389
41 0.666139
42 0.669463
43 0.672162
44 0.675865
45 0.677807
46 0.680642
47 0.683722
48 0.685736
49 0.688791
50 0.691089
51 0.693236
52 0.695602
53 0.697278
54 0.699584
55 0.701461
56 0.703664
57 0.705723
58 0.706965
59 0.709368
60 0.712058
61 0.7128
62 0.715309
63 0.716247
64 0.718157
65 0.718713
66 0.721602
67 0.722942
68 0.724692
69 0.725816
70 0.727565
71 0.728426
72 0.730289
73 0.731972
74 0.733033
75 0.734877
76 0.735403
77 0.737598
78 0.73798
79 0.739788
80 0.740883
81 0.741348
82 0.743204
83 0.744376
84 0.746424
85 0.7462
86 0.748199
87 0.749163
88 0.749916
89 0.750994
90 0.752441
91 0.752937
92 0.753459
93 0.754282
94 0.755484
95 0.757581
96 0.758886
97 0.758285
98 0.759522
99 0.761088
100 0.761508
101 0.762421
102 0.763742
103 0.764245
104 0.76523
105 0.76665
106 0.766651
107 0.767907
108 0.769216
109 0.769265
110 0.769834
111 0.77076
112 0.772911
113 0.772238
114 0.773655
115 0.7746
116 0.774773
117 0.776029
118 0.77695
119 0.777173
120 0.777925
121 0.778546
122 0.779384
123 0.780213
124 0.780948
125 0.781348
126 0.782364
127 0.782284
128 0.783254
129 0.783307
130 0.784035
131 0.785038
132 0.785854
133 0.78593
134 0.787488
135 0.788
136 0.788168
137 0.788947
138 0.789656
139 0.789999
140 0.791287
141 0.791782
142 0.792525
143 0.791629
144 0.792823
145 0.793838
146 0.794169
147 0.7947
148 0.795449
149 0.795833
150 0.796205
151 0.796617
152 0.797569
153 0.797887
154 0.79813
155 0.798335
156 0.799356
157 0.800053
158 0.80024
159 0.800781
160 0.801268
161 0.802452
162 0.802539
163 0.802594
164 0.802834
165 0.804417
166 0.804101
167 0.804163
168 0.805127
169 0.805632
170 0.805787
171 0.806686
172 0.806934
173 0.807978
174 0.807984
175 0.808066
176 0.808318
177 0.809409
178 0.809409
179 0.809893
180 0.810456
181 0.810621
182 0.81116
183 0.811512
184 0.811699
185 0.812125
186 0.812772
187 0.812906
188 0.813688
189 0.813926
190 0.814009
191 0.814596
192 0.814929
193 0.815252
194 0.815391
195 0.816213
196 0.816128
197 0.817246
198 0.817225
199 0.817597
200 0.817819
201 0.81825
202 0.817924
203 0.819395
204 0.819651
205 0.8198
206 0.819998
207 0.82034
208 0.821233
209 0.820911
210 0.821923
211 0.82184
212 0.822172
213 0.822484
214 0.82282
215 0.823103
216 0.822943
217 0.8236
218 0.824077
219 0.823841
220 0.82491
221 0.824931
222 0.825573
223 0.82556
224 0.825709
225 0.826498
226 0.827007
227 0.827085
228 0.8271
229 0.826747
230 0.827923
231 0.827757
232 0.828254
233 0.828358
234 0.828858
235 0.829177
236 0.829745
237 0.830466
238 0.830074
239 0.830754
240 0.830712
241 0.831179
242 0.830733
243 0.831624
244 0.831798
245 0.832474
246 0.831524
247 0.83245
248 0.832639
249 0.832901
250 0.83318
251 0.833427
252 0.833891
253 0.833858
254 0.834592
255 0.834449
256 0.835444
257 0.835018
258 0.83506
259 0.835901
260 0.835813
261 0.836187
262 0.836017
263 0.836846
264 0.836852
265 0.83632
266 0.836925
267 0.838052
268 0.8379
269 0.837354
270 0.838375
271 0.838326
272 0.838519
273 0.839153
274 0.838897
275 0.838857
276 0.839491
277 0.839589
278 0.840492
279 0.84001
280 0.840705
281 0.840729
282 0.840712
283 0.840822
284 0.841552
285 0.841223
286 0.842452
287 0.842161
288 0.842509
289 0.842542
290 0.842463
291 0.8428
292 0.84291
293 0.843333
294 0.843638
295 0.844051
296 0.844141
297 0.843726
298 0.844765
299 0.845256
300 0.845233
301 0.844987
302 0.844769
303 0.844619
304 0.845867
305 0.845786
306 0.846061
307 0.846255
308 0.846862
309 0.846376
310 0.8471
311 0.847094
312 0.847611
313 0.847359
314 0.847686
315 0.848206
316 0.848139
317 0.848249
318 0.848368
319 0.84848
320 0.84822
321 0.848711
322 0.849741
323 0.848962
324 0.849817
325 0.849743
326 0.849589
327 0.850158
328 0.850568
329 0.850222
330 0.850633
331 0.850752
332 0.8513
333 0.850733
334 0.851731
335 0.851317
336 0.851178
337 0.851996
338 0.852261
339 0.851842
340 0.852027
341 0.852872
342 0.852166
343 0.853544
344 0.853371
345 0.85376
346 0.8534
347 0.853413
348 0.853674
349 0.853937
350 0.853894
351 0.854434
352 0.854545
353 0.854034
354 0.854738
355 0.854796
356 0.854665
357 0.855564
358 0.855076
359 0.855527
360 0.855407
361 0.855848
362 0.855961
363 0.855837
364 0.856717
365 0.856717
366 0.856407
367 0.856721
368 0.856995
369 0.856771
370 0.856334
371 0.857433
372 0.856951
373 0.857311
374 0.857783
375 0.857794
376 0.858218
377 0.858688
378 0.85868
379 0.858716
380 0.859058
381 0.85879
382 0.858981
383 0.859659
384 0.859035
385 0.85985
386 0.859876
387 0.859523
388 0.859882
389 0.860282
390 0.86009
391 0.860364
392 0.860378
393 0.860478
394 0.860672
395 0.861112
396 0.861229
397 0.860924
398 0.861212
399 0.861681
400 0.861714
