1 0.120584
2 0.120584
3 0.120584
4 0.120584
5 0.120584
6 0.120584
7 0.120584
8 0.120584
9 0.120584
10 0.120584
11 0.120584
12 0.118985
13 0.117164
14 0.115506
15 0.113836
16 0.112198
17 0.110599
18 0.109341
19 0.107967
20 0.106605
21 0.10553
22 0.104324
23 0.102913
24 0.101491
25 0.0999057
26 0.0985231
27 0.0970801
28 0.0956523
29 0.0944196
30 0.0931134
31 0.0918105
32 0.0906674
33 0.089525
34 0.0886067
35 0.0875551
36 0.0863922
37 0.0854868
38 0.0845236
39 0.0834078
40 0.0824532
41 0.0814352
42 0.080498
43 0.0795511
44 0.0786041
45 0.0778161
46 0.0769343
47 0.0761224
48 0.0752837
49 0.074495
50 0.0736412
51 0.0729332
52 0.0722711
53 0.0715142
54 0.0707601
55 0.0700698
56 0.069556
57 0.0688729
58 0.068246
59 0.0675308
60 0.0668736
61 0.0663911
62 0.0656677
63 0.0651772
64 0.0645804
65 0.0640235
66 0.063482
67 0.0629501
68 0.0624085
69 0.0619326
70 0.0614186
71 0.0609673
72 0.0604801
73 0.0600272
74 0.059532
75 0.0590368
76 0.0586767
77 0.0581651
78 0.057784
79 0.0572923
80 0.0569121
81 0.056561
82 0.0561013
83 0.0557237
84 0.0552734
85 0.054921
86 0.0545292
87 0.0541919
88 0.0538018
89 0.0534844
90 0.0531404
91 0.0527485
92 0.0524935
93 0.0521018
94 0.051756
95 0.0514305
96 0.0510796
97 0.050815
98 0.0505032
99 0.0501452
100 0.0498805
101 0.0495899
102 0.0493317
103 0.0490176
104 0.0487248
105 0.0484387
106 0.0481921
107 0.0479054
108 0.0476126
109 0.0473677
110 0.0471351
111 0.0468659
112 0.046571
113 0.0463997
114 0.0461328
115 0.0458215
116 0.0456665
117 0.0454172
118 0.0451552
119 0.0449341
120 0.0447089
121 0.0444524
122 0.0442003
123 0.0439724
124 0.0437894
125 0.0435497
126 0.0433795
127 0.0431617
128 0.0429454
129 0.042805
130 0.0425722
131 0.0423716
132 0.0421547
133 0.0420203
134 0.0417571
135 0.0415794
136 0.0414066
137 0.0411975
138 0.0409821
139 0.0408187
140 0.0405854
141 0.040491
142 0.0402503
143 0.0401791
144 0.0399785
145 0.0397771
146 0.0395935
147 0.0394576
148 0.0392857
149 0.0391809
150 0.0389321
151 0.0387939
152 0.0386207
153 0.0384756
154 0.0383434
155 0.0382073
156 0.0380172
157 0.03787
158 0.0377411
159 0.0375466
160 0.0374416
161 0.0372503
162 0.0370968
163 0.0369713
164 0.0368367
165 0.0366793
166 0.0365502
167 0.0363889
168 0.0363028
169 0.0361674
170 0.0360117
171 0.0358477
172 0.0357268
173 0.0356274
174 0.0354748
175 0.0353989
176 0.0352404
177 0.0350839
178 0.0349993
179 0.0348602
180 0.0346968
181 0.0346216
182 0.034522
183 0.0343521
184 0.0342415
185 0.0341393
186 0.0340154
187 0.0339226
188 0.0337783
189 0.033661
190 0.0335757
191 0.0334555
192 0.0333456
193 0.0332351
194 0.0331289
195 0.0330006
196 0.0329301
197 0.0327651
198 0.032679
199 0.032574
200 0.0325253
201 0.0323768
202 0.03234
203 0.0321458
204 0.0320746
205 0.031953
206 0.0318623
207 0.0317487
208 0.0316947
209 0.031604
210 0.0314861
211 0.0314273
212 0.0313299
213 0.0311921
214 0.0311043
215 0.0310219
216 0.0309577
217 0.0308287
218 0.030757
219 0.0306589
220 0.0305527
221 0.030475
222 0.0303618
223 0.0302874
224 0.0302195
225 0.0301047
226 0.0300225
227 0.0299431
228 0.0298572
229 0.0298359
230 0.0296996
231 0.0296185
232 0.0295193
233 0.0294956
234 0.0293715
235 0.0292803
236 0.0291923
237 0.0290845
238 0.0290143
239 0.0289235
240 0.0288634
241 0.028786
242 0.0287672
243 0.0286551
244 0.0285836
245 0.0284811
246 0.0284566
247 0.0283271
248 0.0282727
249 0.0282149
250 0.0281241
251 0.0280684
252 0.0279877
253 0.0279025
254 0.027843
255 0.0277697
256 0.027651
257 0.0276084
258 0.0276174
259 0.0274811
260 0.0274116
261 0.0273726
262 0.0272801
263 0.0272322
264 0.0271467
265 0.0270954
266 0.0270031
267 0.0268976
268 0.0268738
269 0.0268274
270 0.0267508
271 0.026701
272 0.0266057
273 0.0265459
274 0.0265169
275 0.0264878
276 0.026406
277 0.0262793
278 0.0262004
279 0.0261674
280 0.0261295
281 0.0260689
282 0.0260421
283 0.025958
284 0.025856
285 0.0258265
286 0.0257349
287 0.0257226
288 0.0256108
289 0.0255709
290 0.0255535
291 0.0254457
292 0.02543
293 0.0253937
294 0.0252871
295 0.0252292
296 0.0251863
297 0.0251324
298 0.0250707
299 0.0250159
300 0.0249187
301 0.02493
302 0.024856
303 0.0248247
304 0.0247484
305 0.0246588
306 0.0246464
307 0.0245956
308 0.0245211
309 0.0244793
310 0.0244192
311 0.024364
312 0.0242819
313 0.0242635
314 0.0242057
315 0.0241495
316 0.024099
317 0.0240765
318 0.0240078
319 0.0239606
320 0.0239395
321 0.0238819
322 0.0237903
323 0.0237703
324 0.0236849
325 0.0236596
326 0.023662
327 0.0235754
328 0.0234884
329 0.0234951
330 0.0234628
331 0.0233714
332 0.0233238
333 0.0233038
334 0.0232243
335 0.023225
336 0.0231893
337 0.0230971
338 0.0230373
339 0.0230244
340 0.0229632
341 0.0229088
342 0.0229246
343 0.0228239
344 0.0227764
345 0.0227416
346 0.0227033
347 0.0226372
348 0.0226266
349 0.0225741
350 0.0225373
351 0.0224823
352 0.0224406
353 0.0224224
354 0.0223372
355 0.0223431
356 0.0223111
357 0.0222323
358 0.0222522
359 0.0221278
360 0.022117
361 0.0220814
362 0.0220477
363 0.0220088
364 0.0218913
365 0.021873
366 0.0218592
367 0.0218435
368 0.0217878
369 0.0217449
370 0.021762
371 0.0216904
372 0.0216661
373 0.0215898
374 0.0215719
375 0.0215463
376 0.0214685
377 0.0214614
378 0.0213932
379 0.0213527
380 0.0213088
381 0.0213099
382 0.021253
383 0.0211729
384 0.0212017
385 0.021123
386 0.0211161
387 0.0210873
388 0.0210258
389 0.0210263
390 0.020965
391 0.0209363
392 0.0208808
393 0.0208386
394 0.0208232
395 0.0207911
396 0.0207382
397 0.0207398
398 0.0206656
399 0.0206086
400 0.020611
