1 0.178311
2 0.14699
3 0.130894
4 0.156124
5 0.140048
6 0.129303
7 0.14735
8 0.136188
9 0.127569
10 0.162486
11 0.133333
12 0.0770963
13 0.076042
14 0.0752449
15 0.0654305
16 0.0645146
17 0.0635486
18 0.0579623
19 0.0581089
20 0.0577002
21 0.0600781
22 0.0545138
23 0.05232
24 0.0524511
25 0.049271
26 0.0485724
27 0.0471085
28 0.0454089
29 0.0437991
30 0.0437097
31 0.0423291
32 0.0407575
33 0.0414275
34 0.0393726
35 0.0384362
36 0.0368841
37 0.0365733
38 0.0352733
39 0.0347153
40 0.0343569
41 0.0334936
42 0.0327066
43 0.0323395
44 0.0314131
45 0.0311109
46 0.0305269
47 0.0300989
48 0.0294469
49 0.0289905
50 0.0284551
51 0.0282602
52 0.0276754
53 0.0272263
54 0.0271025
55 0.0266524
56 0.0262215
57 0.0258846
58 0.0254674
59 0.0250872
60 0.0247845
61 0.0246845
62 0.0241347
63 0.0240346
64 0.023639
65 0.0234313
66 0.0231841
67 0.0228554
68 0.0225411
69 0.0224024
70 0.0220179
71 0.0219581
72 0.0216186
73 0.0213496
74 0.0211033
75 0.0210161
76 0.0208114
77 0.020431
78 0.0204108
79 0.0201576
80 0.0199033
81 0.0198607
82 0.0195689
83 0.0193981
84 0.0191318
85 0.0190411
86 0.0187785
87 0.0187223
88 0.0185686
89 0.018399
90 0.0182328
91 0.0181663
92 0.0180197
93 0.0178699
94 0.0176993
95 0.017473
96 0.0173128
97 0.0172721
98 0.0170881
99 0.01696
100 0.0168437
101 0.0166953
102 0.0165621
103 0.0164867
104 0.0163265
105 0.0162011
106 0.016089
107 0.0159685
108 0.0158179
109 0.0157659
110 0.0157051
111 0.015605
112 0.0153454
113 0.0153632
114 0.0152227
115 0.0150886
116 0.0150148
117 0.0149101
118 0.0147695
119 0.0147633
120 0.0146512
121 0.0145094
122 0.0144143
123 0.0143113
124 0.014233
125 0.0141717
126 0.0140808
127 0.0140185
128 0.0139313
129 0.0139012
130 0.013813
131 0.0137039
132 0.0136238
133 0.0135657
134 0.013426
135 0.0133518
136 0.013319
137 0.0132004
138 0.0131043
139 0.013037
140 0.0129207
141 0.0129122
142 0.0128158
143 0.0128724
144 0.0127089
145 0.01264
146 0.0125473
147 0.0125123
148 0.0124388
149 0.0124159
150 0.0123201
151 0.0122893
152 0.0121802
153 0.0121657
154 0.0120813
155 0.0120693
156 0.0119506
157 0.0118759
158 0.0118514
159 0.011784
160 0.0117429
161 0.0116339
162 0.0116071
163 0.0115524
164 0.011536
165 0.0114246
166 0.0113976
167 0.0113426
168 0.0113127
169 0.011271
170 0.0112203
171 0.0111353
172 0.0110835
173 0.0110273
174 0.0109943
175 0.010965
176 0.0109225
177 0.0108418
178 0.0108127
179 0.0107289
180 0.0106905
181 0.010626
182 0.0106149
183 0.0105726
184 0.0105346
185 0.0104822
186 0.0104019
187 0.0103941
188 0.01033
189 0.0103151
190 0.0102888
191 0.010242
192 0.0101838
193 0.0101524
194 0.0101219
195 0.0100625
196 0.0100133
197 0.00994881
198 0.00993219
199 0.00990111
200 0.00990645
201 0.0098645
202 0.00986499
203 0.00975352
204 0.00971751
205 0.0096593
206 0.00966611
207 0.00960075
208 0.00956696
209 0.00955583
210 0.00947049
211 0.00950884
212 0.00946726
213 0.00936374
214 0.00934266
215 0.00937907
216 0.00935294
217 0.00930517
218 0.00924125
219 0.00925874
220 0.00914703
221 0.00914988
222 0.00912145
223 0.00907677
224 0.00908647
225 0.00900013
226 0.00897012
227 0.00894091
228 0.00891934
229 0.0089653
230 0.00888611
231 0.00884325
232 0.00882896
233 0.00881957
234 0.008751
235 0.00871773
236 0.00866723
237 0.00862275
238 0.00863612
239 0.00859864
240 0.00856734
241 0.00854283
242 0.00857221
243 0.00851336
244 0.00848392
245 0.00841803
246 0.00846244
247 0.00837066
248 0.00837432
249 0.00835799
250 0.0083162
251 0.00829067
252 0.00826356
253 0.00826268
254 0.00820849
255 0.00819433
256 0.0081113
257 0.00813718
258 0.00816849
259 0.00805764
260 0.00804433
261 0.00806904
262 0.00802372
263 0.00801542
264 0.00799221
265 0.00801174
266 0.00793822
267 0.00787453
268 0.00788345
269 0.00788921
270 0.00784598
271 0.0078471
272 0.00780775
273 0.00775639
274 0.00777686
275 0.00777762
276 0.00772519
277 0.00766944
278 0.0076371
279 0.00764398
280 0.00761398
281 0.00763516
282 0.00761761
283 0.00757113
284 0.00752538
285 0.00756243
286 0.00746543
287 0.00748899
288 0.00744581
289 0.00745416
290 0.00745517
291 0.0074027
292 0.00741803
293 0.0073829
294 0.00733946
295 0.00732317
296 0.00730549
297 0.00729708
298 0.00725711
299 0.00724396
300 0.00720509
301 0.00724246
302 0.00722777
303 0.00722855
304 0.00716242
305 0.00715253
306 0.00714413
307 0.00713553
308 0.00707008
309 0.00709185
310 0.00704164
311 0.00705672
312 0.0069868
313 0.00701136
314 0.00700709
315 0.00694478
316 0.00694784
317 0.00696172
318 0.00693236
319 0.00691723
320 0.00692408
321 0.00688616
322 0.00682733
323 0.00687831
324 0.00680149
325 0.00681281
326 0.0068337
327 0.00676707
328 0.00672321
329 0.00676445
330 0.00676365
331 0.00670754
332 0.006665
333 0.00669802
334 0.00664297
335 0.00667081
336 0.0066753
337 0.0066062
338 0.00658751
339 0.00659391
340 0.00658306
341 0.0065561
342 0.00660006
343 0.00651502
344 0.00649132
345 0.00646746
346 0.00648456
347 0.00646533
348 0.00648119
349 0.00645263
350 0.00642169
351 0.00642182
352 0.00640561
353 0.00641577
354 0.00636738
355 0.00637923
356 0.00638628
357 0.00633333
358 0.00638058
359 0.00630112
360 0.00630651
361 0.00627821
362 0.0062883
363 0.00627929
364 0.0062057
365 0.00622298
366 0.00621697
367 0.00621987
368 0.00620215
369 0.00618255
370 0.00622665
371 0.006158
372 0.00619031
373 0.00614504
374 0.00613523
375 0.00612186
376 0.0060896
377 0.00609249
378 0.00605106
379 0.0060601
380 0.00603366
381 0.00604604
382 0.00600898
383 0.00597975
384 0.00601992
385 0.00597902
386 0.00597625
387 0.00597695
388 0.00591936
389 0.00594126
390 0.00593418
391 0.00591256
392 0.00589869
393 0.00588108
394 0.00587967
395 0.00586066
396 0.00586053
397 0.0058538
398 0.00582126
399 0.00579494
400 0.00581397
