1 0.220238
2 0.220174
3 0.220068
4 0.220063
5 0.220097
6 0.220068
7 0.220073
8 0.220111
9 0.220084
10 0.220089
11 0.220083
12 0.220083
13 0.220089
14 0.220084
15 0.220084
16 0.220097
17 0.220102
18 0.220113
19 0.22011
20 0.220111
21 0.220108
22 0.220106
23 0.220103
24 0.220096
25 0.220097
26 0.219881
27 0.219517
28 0.219061
29 0.218534
30 0.21796
31 0.217352
32 0.216737
33 0.216106
34 0.215477
35 0.214858
36 0.214234
37 0.213617
38 0.213004
39 0.212394
40 0.211788
41 0.21118
42 0.210575
43 0.209974
44 0.209368
45 0.208771
46 0.20817
47 0.20757
48 0.206974
49 0.20638
50 0.205788
51 0.205192
52 0.204591
53 0.203978
54 0.20336
55 0.202732
56 0.202096
57 0.201451
58 0.200798
59 0.200141
60 0.19948
61 0.198814
62 0.198146
63 0.197473
64 0.196802
65 0.196127
66 0.195454
67 0.194786
68 0.194116
69 0.193452
70 0.192791
71 0.192132
72 0.19148
73 0.190832
74 0.19019
75 0.189554
76 0.188925
77 0.188304
78 0.187688
79 0.18708
80 0.186479
81 0.185886
82 0.185302
83 0.184724
84 0.184152
85 0.183588
86 0.183029
87 0.182479
88 0.181937
89 0.1814
90 0.180872
91 0.18035
92 0.179836
93 0.179327
94 0.178826
95 0.178331
96 0.177844
97 0.177359
98 0.176881
99 0.17641
100 0.175943
101 0.175483
102 0.175026
103 0.174576
104 0.174131
105 0.173691
106 0.173255
107 0.172824
108 0.172398
109 0.171975
110 0.171556
111 0.171144
112 0.170734
113 0.17033
114 0.169928
115 0.16953
116 0.169135
117 0.168744
118 0.168356
119 0.167971
120 0.167589
121 0.167211
122 0.166838
123 0.166466
124 0.166099
125 0.165734
126 0.16537
127 0.165011
128 0.164654
129 0.164301
130 0.16395
131 0.163602
132 0.163255
133 0.16291
134 0.162569
135 0.162228
136 0.161892
137 0.161558
138 0.161227
139 0.160896
140 0.160569
141 0.160243
142 0.159919
143 0.159596
144 0.159277
145 0.15896
146 0.158643
147 0.15833
148 0.158018
149 0.157709
150 0.157402
151 0.157097
152 0.156794
153 0.156491
154 0.156192
155 0.155893
156 0.155596
157 0.155302
158 0.155008
159 0.154717
160 0.154426
161 0.154138
162 0.153852
163 0.153567
164 0.153283
165 0.153001
166 0.152719
167 0.152438
168 0.152161
169 0.151884
170 0.151609
171 0.151335
172 0.151063
173 0.150792
174 0.150523
175 0.150256
176 0.14999
177 0.149724
178 0.149461
179 0.149198
180 0.148938
181 0.148677
182 0.148419
183 0.148161
184 0.147905
185 0.14765
186 0.147396
187 0.147144
188 0.146893
189 0.146644
190 0.146396
191 0.146148
192 0.145902
193 0.145658
194 0.145414
195 0.145173
196 0.144931
197 0.14469
198 0.144451
199 0.144213
200 0.143977
201 0.143741
202 0.143506
203 0.143273
204 0.143039
205 0.142808
206 0.142577
207 0.142348
208 0.142119
209 0.141892
210 0.141665
211 0.14144
212 0.141215
213 0.140991
214 0.140769
215 0.140547
216 0.140326
217 0.140107
218 0.139888
219 0.139669
220 0.139453
221 0.139237
222 0.139021
223 0.138807
224 0.138593
225 0.138381
226 0.13817
227 0.137959
228 0.137749
229 0.137541
230 0.137332
231 0.137125
232 0.136918
233 0.136714
234 0.136509
235 0.136304
236 0.136101
237 0.135899
238 0.135697
239 0.135496
240 0.135296
241 0.135097
242 0.134898
243 0.134702
244 0.134504
245 0.134308
246 0.134113
247 0.133919
248 0.133726
249 0.133533
250 0.133341
251 0.133149
252 0.132959
253 0.132769
254 0.13258
255 0.132391
256 0.132204
257 0.132017
258 0.13183
259 0.131645
260 0.13146
261 0.131276
262 0.131092
263 0.130909
264 0.130728
265 0.130546
266 0.130366
267 0.130186
268 0.130007
269 0.129828
270 0.12965
271 0.129472
272 0.129295
273 0.129119
274 0.128942
275 0.128767
276 0.128593
277 0.128418
278 0.128245
279 0.128073
280 0.127901
281 0.127729
282 0.127559
283 0.127389
284 0.127219
285 0.12705
286 0.126882
287 0.126714
288 0.126547
289 0.126381
290 0.126215
291 0.12605
292 0.125884
293 0.12572
294 0.125556
295 0.125392
296 0.12523
297 0.125068
298 0.124906
299 0.124745
300 0.124585
301 0.124425
302 0.124266
303 0.124107
304 0.123949
305 0.123791
306 0.123634
307 0.123477
308 0.12332
309 0.123165
310 0.123009
311 0.122854
312 0.1227
313 0.122545
314 0.122392
315 0.122239
316 0.122086
317 0.121935
318 0.121784
319 0.121633
320 0.121483
321 0.121333
322 0.121184
323 0.121035
324 0.120886
325 0.120737
326 0.12059
327 0.120443
328 0.120297
329 0.12015
330 0.120004
331 0.119859
332 0.119714
333 0.119569
334 0.119425
335 0.119281
336 0.119138
337 0.118996
338 0.118853
339 0.118712
340 0.11857
341 0.118429
342 0.118289
343 0.118149
344 0.118009
345 0.11787
346 0.117732
347 0.117593
348 0.117455
349 0.117317
350 0.11718
351 0.117044
352 0.116907
353 0.116771
354 0.116635
355 0.116501
356 0.116366
357 0.116232
358 0.116098
359 0.115965
360 0.115831
361 0.115699
362 0.115566
363 0.115434
364 0.115302
365 0.115172
366 0.115041
367 0.114911
368 0.11478
369 0.114651
370 0.114521
371 0.114393
372 0.114264
373 0.114136
374 0.114008
375 0.113881
376 0.113753
377 0.113627
378 0.1135
379 0.113374
380 0.113249
381 0.113124
382 0.112999
383 0.112874
384 0.11275
385 0.112626
386 0.112502
387 0.112379
388 0.112256
389 0.112134
390 0.112012
391 0.11189
392 0.111768
393 0.111646
394 0.111525
395 0.111405
396 0.111285
397 0.111165
398 0.111045
399 0.110926
400 0.110807
