1 0.081896
2 0.0900563
3 0.0944021
4 0.0968239
5 0.0982383
6 0.0994674
7 0.100784
8 0.10202
9 0.103492
10 0.105377
11 0.107316
12 0.109593
13 0.112195
14 0.115287
15 0.118289
16 0.121382
17 0.124272
18 0.127147
19 0.130011
20 0.132447
21 0.134887
22 0.13713
23 0.139273
24 0.141526
25 0.143881
26 0.146789
27 0.150101
28 0.153741
29 0.157685
30 0.161696
31 0.165615
32 0.169735
33 0.173631
34 0.177475
35 0.18098
36 0.184808
37 0.188309
38 0.191854
39 0.195222
40 0.198751
41 0.201927
42 0.205215
43 0.208653
44 0.211884
45 0.214958
46 0.217886
47 0.221203
48 0.224268
49 0.227123
50 0.230289
51 0.233582
52 0.236443
53 0.239534
54 0.242481
55 0.245143
56 0.248064
57 0.250993
58 0.253721
59 0.256681
60 0.259389
61 0.262298
62 0.264939
63 0.26803
64 0.270737
65 0.273245
66 0.275831
67 0.278343
68 0.281048
69 0.283644
70 0.285966
71 0.288363
72 0.290825
73 0.293412
74 0.29565
75 0.298027
76 0.300223
77 0.302627
78 0.304904
79 0.307235
80 0.309501
81 0.311677
82 0.313711
83 0.315937
84 0.318075
85 0.320305
86 0.322325
87 0.324254
88 0.326173
89 0.328251
90 0.330333
91 0.332686
92 0.334646
93 0.336493
94 0.338511
95 0.34063
96 0.34223
97 0.344067
98 0.346008
99 0.347893
100 0.34969
101 0.351228
102 0.353336
103 0.354901
104 0.356709
105 0.358614
106 0.360137
107 0.361957
108 0.36378
109 0.365436
110 0.367025
111 0.368691
112 0.370392
113 0.372133
114 0.373849
115 0.375246
116 0.377119
117 0.378706
118 0.380371
119 0.381954
120 0.383503
121 0.385173
122 0.387057
123 0.388427
124 0.389722
125 0.391332
126 0.392737
127 0.394194
128 0.395954
129 0.397442
130 0.398966
131 0.400641
132 0.402164
133 0.403398
134 0.404805
135 0.406268
136 0.408127
137 0.409419
138 0.410724
139 0.412118
140 0.413494
141 0.414892
142 0.416311
143 0.417475
144 0.418878
145 0.420232
146 0.421704
147 0.423015
148 0.424479
149 0.425633
150 0.426926
151 0.428318
152 0.429737
153 0.430968
154 0.432269
155 0.433689
156 0.435045
157 0.436194
158 0.437503
159 0.438635
160 0.439902
161 0.441153
162 0.442205
163 0.443358
164 0.444663
165 0.445633
166 0.446829
167 0.448235
168 0.4494
169 0.450534
170 0.451625
171 0.452488
172 0.453714
173 0.454913
174 0.456165
175 0.457224
176 0.45838
177 0.459516
178 0.460701
179 0.461751
180 0.46288
181 0.464066
182 0.465244
183 0.46619
184 0.467163
185 0.468132
186 0.468967
187 0.470128
188 0.471136
189 0.472013
190 0.473071
191 0.473866
192 0.475045
193 0.476055
194 0.477131
195 0.477891
196 0.479035
197 0.480043
198 0.481161
199 0.482149
200 0.483088
201 0.484203
202 0.485164
203 0.485987
204 0.486797
205 0.487856
206 0.488954
207 0.489679
208 0.490623
209 0.491587
210 0.492378
211 0.493178
212 0.494302
213 0.495318
214 0.496144
215 0.496971
216 0.498005
217 0.498958
218 0.499677
219 0.500645
220 0.501469
221 0.502392
222 0.503273
223 0.503906
224 0.504669
225 0.505751
226 0.5064
227 0.507407
228 0.508458
229 0.509228
230 0.509984
231 0.510551
232 0.511355
233 0.512386
234 0.513147
235 0.513942
236 0.514781
237 0.515436
238 0.516285
239 0.516972
240 0.51751
241 0.518486
242 0.519286
243 0.520086
244 0.520709
245 0.521597
246 0.522411
247 0.523169
248 0.524007
249 0.524792
250 0.525476
251 0.526232
252 0.527125
253 0.528082
254 0.528734
255 0.529636
256 0.530425
257 0.531066
258 0.531749
259 0.532517
260 0.533182
261 0.533788
262 0.53469
263 0.535453
264 0.536114
265 0.536882
266 0.537736
267 0.53859
268 0.539315
269 0.539816
270 0.540535
271 0.541126
272 0.541738
273 0.542417
274 0.543158
275 0.543631
276 0.544323
277 0.545018
278 0.54583
279 0.546524
280 0.5473
281 0.548027
282 0.548738
283 0.549251
284 0.550109
285 0.550697
286 0.551464
287 0.552013
288 0.552598
289 0.553258
290 0.553896
291 0.554603
292 0.555276
293 0.555826
294 0.556363
295 0.556963
296 0.557541
297 0.558039
298 0.558764
299 0.559477
300 0.560352
301 0.560845
302 0.561505
303 0.562155
304 0.56277
305 0.563522
306 0.564141
307 0.564832
308 0.565387
309 0.565876
310 0.566655
311 0.567142
312 0.567804
313 0.568478
314 0.569053
315 0.569693
316 0.570347
317 0.570971
318 0.571442
319 0.572125
320 0.572652
321 0.573159
322 0.573758
323 0.574369
324 0.574925
325 0.575463
326 0.57597
327 0.576661
328 0.57724
329 0.577876
330 0.578587
331 0.578919
332 0.579408
333 0.579992
334 0.580695
335 0.581165
336 0.581658
337 0.582341
338 0.58276
339 0.583326
340 0.583784
341 0.584209
342 0.584799
343 0.585121
344 0.585651
345 0.586282
346 0.586712
347 0.587226
348 0.587837
349 0.588299
350 0.588706
351 0.589046
352 0.589589
353 0.590165
354 0.590686
355 0.591264
356 0.591805
357 0.592231
358 0.592679
359 0.593164
360 0.593509
361 0.594064
362 0.594521
363 0.594949
364 0.595406
365 0.595903
366 0.596367
367 0.596835
368 0.597392
369 0.597761
370 0.598405
371 0.598968
372 0.599574
373 0.599975
374 0.600471
375 0.600932
376 0.601371
377 0.601857
378 0.602397
379 0.602876
380 0.603246
381 0.60363
382 0.604291
383 0.604755
384 0.605338
385 0.605787
386 0.606215
387 0.606678
388 0.607088
389 0.607634
390 0.608111
391 0.608578
392 0.608987
393 0.609337
394 0.609928
395 0.610412
396 0.610944
397 0.611328
398 0.61182
399 0.612197
400 0.612491
