1 0.110003
2 0.110037
3 0.110057
4 0.110034
5 0.110044
6 0.110069
7 0.109285
8 0.10809
9 0.106722
10 0.105289
11 0.103837
12 0.102397
13 0.100986
14 0.0996145
15 0.0982846
16 0.0970061
17 0.0957648
18 0.0945637
19 0.093432
20 0.0923253
21 0.0912663
22 0.0902455
23 0.089259
24 0.0883083
25 0.0873815
26 0.0864973
27 0.0856433
28 0.084812
29 0.0840056
30 0.0832245
31 0.0824675
32 0.081729
33 0.0810144
34 0.0803165
35 0.0796396
36 0.0789789
37 0.0783344
38 0.077707
39 0.0770951
40 0.0764972
41 0.0759151
42 0.0753468
43 0.0747923
44 0.0742493
45 0.0737182
46 0.0732001
47 0.0726933
48 0.0721963
49 0.0717083
50 0.0712323
51 0.0707637
52 0.070303
53 0.0698524
54 0.0694101
55 0.0689789
56 0.0685536
57 0.0681367
58 0.0677261
59 0.0673229
60 0.0669274
61 0.0665395
62 0.0661573
63 0.0657827
64 0.0654126
65 0.0650484
66 0.0646913
67 0.0643387
68 0.063992
69 0.0636509
70 0.063314
71 0.0629847
72 0.0626588
73 0.0623371
74 0.0620213
75 0.0617107
76 0.061403
77 0.0610989
78 0.060799
79 0.0605028
80 0.0602112
81 0.0599253
82 0.0596418
83 0.0593613
84 0.0590857
85 0.0588126
86 0.058544
87 0.0582782
88 0.0580176
89 0.0577586
90 0.0575043
91 0.0572526
92 0.0570031
93 0.0567572
94 0.0565142
95 0.0562729
96 0.0560359
97 0.0558016
98 0.0555694
99 0.0553388
100 0.0551127
101 0.0548886
102 0.0546676
103 0.0544485
104 0.0542313
105 0.054017
106 0.0538045
107 0.0535949
108 0.0533869
109 0.0531814
110 0.0529777
111 0.0527761
112 0.0525773
113 0.0523806
114 0.0521854
115 0.0519918
116 0.0518004
117 0.0516122
118 0.0514244
119 0.0512382
120 0.0510545
121 0.0508731
122 0.050693
123 0.0505149
124 0.0503386
125 0.0501638
126 0.04999
127 0.0498181
128 0.0496471
129 0.0494787
130 0.0493114
131 0.0491457
132 0.0489811
133 0.0488183
134 0.0486571
135 0.0484974
136 0.048339
137 0.0481822
138 0.0480268
139 0.0478721
140 0.0477189
141 0.0475681
142 0.0474177
143 0.0472688
144 0.0471215
145 0.0469754
146 0.0468301
147 0.0466861
148 0.0465433
149 0.0464023
150 0.0462615
151 0.0461226
152 0.0459846
153 0.0458474
154 0.0457118
155 0.0455767
156 0.0454425
157 0.0453097
158 0.0451779
159 0.0450468
160 0.0449171
161 0.0447886
162 0.0446606
163 0.0445339
164 0.0444082
165 0.0442839
166 0.0441603
167 0.0440372
168 0.0439149
169 0.0437932
170 0.0436725
171 0.0435529
172 0.0434339
173 0.043316
174 0.0431992
175 0.0430829
176 0.0429678
177 0.0428528
178 0.0427389
179 0.042626
180 0.0425138
181 0.042402
182 0.0422916
183 0.0421817
184 0.0420727
185 0.0419647
186 0.0418574
187 0.0417507
188 0.0416444
189 0.0415389
190 0.0414341
191 0.0413296
192 0.0412256
193 0.0411229
194 0.0410208
195 0.0409193
196 0.0408188
197 0.0407188
198 0.0406195
199 0.0405204
200 0.0404226
201 0.040325
202 0.0402279
203 0.0401315
204 0.0400361
205 0.039941
206 0.0398466
207 0.039753
208 0.0396595
209 0.0395669
210 0.0394745
211 0.0393827
212 0.0392919
213 0.0392014
214 0.0391117
215 0.0390221
216 0.0389334
217 0.0388453
218 0.0387576
219 0.0386702
220 0.0385832
221 0.0384967
222 0.038411
223 0.0383257
224 0.0382409
225 0.0381561
226 0.0380722
227 0.0379889
228 0.0379061
229 0.0378238
230 0.0377422
231 0.0376606
232 0.0375795
233 0.0374989
234 0.037419
235 0.0373392
236 0.0372602
237 0.0371815
238 0.037103
239 0.0370247
240 0.0369472
241 0.0368702
242 0.0367933
243 0.0367171
244 0.0366416
245 0.0365662
246 0.0364914
247 0.0364168
248 0.0363425
249 0.036269
250 0.0361955
251 0.0361227
252 0.0360499
253 0.0359777
254 0.0359056
255 0.0358342
256 0.035763
257 0.035692
258 0.0356215
259 0.0355512
260 0.0354813
261 0.0354121
262 0.0353431
263 0.0352743
264 0.035206
265 0.0351379
266 0.03507
267 0.0350029
268 0.0349361
269 0.0348696
270 0.0348034
271 0.0347371
272 0.0346714
273 0.034606
274 0.034541
275 0.0344762
276 0.0344116
277 0.0343474
278 0.0342836
279 0.03422
280 0.0341568
281 0.0340939
282 0.0340313
283 0.0339696
284 0.0339073
285 0.0338459
286 0.0337845
287 0.0337234
288 0.0336627
289 0.0336022
290 0.0335418
291 0.033482
292 0.0334222
293 0.0333625
294 0.0333033
295 0.0332443
296 0.0331856
297 0.033127
298 0.0330687
299 0.0330109
300 0.0329533
301 0.0328958
302 0.0328388
303 0.032782
304 0.0327255
305 0.032669
306 0.0326129
307 0.0325571
308 0.0325013
309 0.0324459
310 0.0323908
311 0.0323359
312 0.0322812
313 0.0322269
314 0.0321726
315 0.0321188
316 0.032065
317 0.0320116
318 0.0319583
319 0.0319052
320 0.0318523
321 0.0317998
322 0.0317475
323 0.0316954
324 0.0316436
325 0.031592
326 0.0315404
327 0.031489
328 0.0314379
329 0.031387
330 0.0313363
331 0.031286
332 0.0312356
333 0.0311857
334 0.0311358
335 0.0310859
336 0.0310364
337 0.0309872
338 0.0309382
339 0.0308894
340 0.0308405
341 0.0307922
342 0.0307441
343 0.0306961
344 0.0306483
345 0.0306006
346 0.0305532
347 0.0305059
348 0.0304587
349 0.0304116
350 0.0303649
351 0.0303184
352 0.030272
353 0.0302258
354 0.0301797
355 0.0301339
356 0.0300881
357 0.0300426
358 0.0299973
359 0.029952
360 0.029907
361 0.0298622
362 0.0298175
363 0.0297731
364 0.0297287
365 0.0296845
366 0.0296404
367 0.0295966
368 0.0295532
369 0.0295094
370 0.0294663
371 0.0294231
372 0.0293802
373 0.0293373
374 0.0292946
375 0.029252
376 0.0292096
377 0.0291673
378 0.0291256
379 0.0290837
380 0.029042
381 0.0290004
382 0.0289589
383 0.0289175
384 0.0288763
385 0.0288353
386 0.0287943
387 0.0287534
388 0.0287129
389 0.0286726
390 0.0286325
391 0.0285922
392 0.0285522
393 0.0285123
394 0.0284726
395 0.0284331
396 0.0283936
397 0.0283543
398 0.0283152
399 0.0282763
400 0.0282374
