1 0.332896
2 0.333365
3 0.332914
4 0.333496
5 0.333241
6 0.332048
7 0.35156
8 0.36811
9 0.380964
10 0.392977
11 0.403313
12 0.413445
13 0.422663
14 0.431083
15 0.439008
16 0.446554
17 0.454225
18 0.460546
19 0.464761
20 0.472091
21 0.476437
22 0.481608
23 0.486861
24 0.491348
25 0.497006
26 0.499934
27 0.503632
28 0.508534
29 0.512382
30 0.516232
31 0.519545
32 0.523759
33 0.527161
34 0.530486
35 0.533773
36 0.537113
37 0.53999
38 0.542943
39 0.546242
40 0.548995
41 0.551847
42 0.554165
43 0.557047
44 0.559435
45 0.562317
46 0.564388
47 0.567113
48 0.568927
49 0.572032
50 0.5742
51 0.576838
52 0.578854
53 0.580972
54 0.583156
55 0.584961
56 0.586996
57 0.589071
58 0.591276
59 0.593322
60 0.595276
61 0.596437
62 0.598905
63 0.600042
64 0.60213
65 0.604382
66 0.606268
67 0.607531
68 0.609459
69 0.611102
70 0.612715
71 0.613767
72 0.615699
73 0.617775
74 0.618852
75 0.620245
76 0.622068
77 0.624182
78 0.625629
79 0.627524
80 0.628882
81 0.629418
82 0.630879
83 0.632847
84 0.633585
85 0.636
86 0.636477
87 0.638099
88 0.639027
89 0.640783
90 0.641506
91 0.642703
92 0.644327
93 0.645622
94 0.646455
95 0.648541
96 0.64857
97 0.650107
98 0.651648
99 0.653235
100 0.653405
101 0.655036
102 0.656308
103 0.657074
104 0.658584
105 0.658764
106 0.660703
107 0.661794
108 0.662494
109 0.663862
110 0.665062
111 0.66592
112 0.666187
113 0.667662
114 0.668648
115 0.669352
116 0.670347
117 0.671146
118 0.672523
119 0.673352
120 0.674215
121 0.674886
122 0.676108
123 0.676898
124 0.677812
125 0.678599
126 0.680056
127 0.680784
128 0.681865
129 0.682221
130 0.683082
131 0.683909
132 0.685047
133 0.685404
134 0.686148
135 0.68724
136 0.688021
137 0.688877
138 0.689457
139 0.690662
140 0.691128
141 0.691495
142 0.692855
143 0.69309
144 0.694054
145 0.694758
146 0.695844
147 0.696592
148 0.696819
149 0.697079
150 0.698586
151 0.698841
152 0.700069
153 0.700663
154 0.70108
155 0.702371
156 0.703121
157 0.703472
158 0.704622
159 0.704835
160 0.705447
161 0.706149
162 0.707103
163 0.707033
164 0.707607
165 0.707992
166 0.709131
167 0.709845
168 0.710805
169 0.711808
170 0.712012
171 0.712759
172 0.713698
173 0.71364
174 0.714233
175 0.715169
176 0.715038
177 0.716109
178 0.71693
179 0.717721
180 0.717906
181 0.719049
182 0.718627
183 0.719741
184 0.72052
185 0.720248
186 0.720661
187 0.721859
188 0.722852
189 0.723125
190 0.723575
191 0.724736
192 0.725536
193 0.724999
194 0.725453
195 0.726468
196 0.726206
197 0.727076
198 0.72767
199 0.728657
200 0.728506
201 0.729694
202 0.729792
203 0.730539
204 0.730626
205 0.731198
206 0.731599
207 0.731663
208 0.733143
209 0.732927
210 0.733648
211 0.734701
212 0.734205
213 0.735295
214 0.735393
215 0.736274
216 0.736366
217 0.736031
218 0.737501
219 0.737956
220 0.738782
221 0.738975
222 0.739265
223 0.73972
224 0.739875
225 0.74081
226 0.741661
227 0.74138
228 0.741948
229 0.742273
230 0.742295
231 0.743136
232 0.743921
233 0.743781
234 0.744679
235 0.744649
236 0.745453
237 0.745668
238 0.746463
239 0.746955
240 0.747002
241 0.74713
242 0.747833
243 0.748425
244 0.747812
245 0.748766
246 0.749069
247 0.749802
248 0.750494
249 0.74998
250 0.750587
251 0.750665
252 0.752086
253 0.751662
254 0.752575
255 0.752715
256 0.753023
257 0.753629
258 0.753795
259 0.754752
260 0.754686
261 0.754908
262 0.755576
263 0.756086
264 0.756191
265 0.756736
266 0.757517
267 0.756898
268 0.757388
269 0.757625
270 0.757794
271 0.759531
272 0.759008
273 0.75941
274 0.759637
275 0.760333
276 0.760504
277 0.761144
278 0.760977
279 0.761475
280 0.761788
281 0.762238
282 0.762791
283 0.761453
284 0.763408
285 0.762998
286 0.763421
287 0.763865
288 0.7645
289 0.764528
290 0.765419
291 0.765096
292 0.765655
293 0.766363
294 0.766245
295 0.766998
296 0.766647
297 0.76734
298 0.767816
299 0.767516
300 0.768087
301 0.768768
302 0.76871
303 0.768812
304 0.769348
305 0.76979
306 0.769585
307 0.769986
308 0.770741
309 0.771069
310 0.771377
311 0.771264
312 0.771756
313 0.771597
314 0.773074
315 0.772423
316 0.77336
317 0.773385
318 0.773743
319 0.773856
320 0.77413
321 0.774452
322 0.774703
323 0.775066
324 0.774616
325 0.775617
326 0.776117
327 0.776593
328 0.776374
329 0.776743
330 0.776786
331 0.776681
332 0.777581
333 0.777174
334 0.77787
335 0.77905
336 0.778754
337 0.778806
338 0.778841
339 0.779186
340 0.780395
341 0.779939
342 0.779969
343 0.780251
344 0.780444
345 0.78111
346 0.780858
347 0.781598
348 0.782137
349 0.78231
350 0.782455
351 0.782616
352 0.782946
353 0.782745
354 0.783453
355 0.783375
356 0.783683
357 0.784422
358 0.78427
359 0.785016
360 0.784657
361 0.784949
362 0.785473
363 0.78528
364 0.786555
365 0.786293
366 0.78626
367 0.786455
368 0.786348
369 0.787608
370 0.786822
371 0.787461
372 0.787289
373 0.788396
374 0.788361
375 0.788456
376 0.788374
377 0.788822
378 0.788399
379 0.788391
380 0.789716
381 0.78967
382 0.79048
383 0.790857
384 0.790632
385 0.790498
386 0.791271
387 0.791448
388 0.791038
389 0.791145
390 0.791316
391 0.792397
392 0.792574
393 0.792262
394 0.792221
395 0.792358
396 0.793068
397 0.79345
398 0.792935
399 0.793592
400 0.79373
