1 0.500307
2 0.499442
3 0.499219
4 0.500279
5 0.499312
6 0.499953
7 0.505742
8 0.510595
9 0.513715
10 0.517853
11 0.519903
12 0.523944
13 0.525663
14 0.528268
15 0.530311
16 0.531539
17 0.533975
18 0.536002
19 0.536867
20 0.538463
21 0.540563
22 0.541957
23 0.543158
24 0.543981
25 0.544507
26 0.545616
27 0.546613
28 0.547537
29 0.548398
30 0.548878
31 0.549903
32 0.550839
33 0.551795
34 0.552659
35 0.553875
36 0.554455
37 0.554397
38 0.554865
39 0.556552
40 0.55701
41 0.558497
42 0.558055
43 0.558691
44 0.560217
45 0.559749
46 0.559775
47 0.559874
48 0.561206
49 0.561655
50 0.56201
51 0.562048
52 0.563649
53 0.562976
54 0.564155
55 0.564277
56 0.564068
57 0.56509
58 0.565573
59 0.566379
60 0.566509
61 0.567107
62 0.56773
63 0.567499
64 0.568294
65 0.568189
66 0.569256
67 0.568335
68 0.569272
69 0.569767
70 0.570656
71 0.570398
72 0.571313
73 0.570851
74 0.571081
75 0.571942
76 0.571531
77 0.571873
78 0.572601
79 0.572022
80 0.573621
81 0.573106
82 0.57311
83 0.575082
84 0.573038
85 0.573165
86 0.573961
87 0.574619
88 0.574718
89 0.575511
90 0.574972
91 0.576103
92 0.57584
93 0.575883
94 0.576176
95 0.576884
96 0.576092
97 0.576609
98 0.577746
99 0.576892
100 0.577174
101 0.57697
102 0.577661
103 0.578088
104 0.578524
105 0.577565
106 0.578148
107 0.578605
108 0.579044
109 0.579415
110 0.579096
111 0.579046
112 0.580158
113 0.579799
114 0.580296
115 0.579817
116 0.580354
117 0.5796
118 0.581662
119 0.580579
120 0.580971
121 0.580815
122 0.580894
123 0.581705
124 0.581347
125 0.582269
126 0.582259
127 0.582405
128 0.581849
129 0.581898
130 0.582585
131 0.583414
132 0.582286
133 0.582311
134 0.582967
135 0.583324
136 0.584261
137 0.583189
138 0.58363
139 0.583728
140 0.582921
141 0.583132
142 0.583896
143 0.583746
144 0.583965
145 0.583986
146 0.584433
147 0.584368
148 0.584171
149 0.584741
150 0.583852
151 0.584777
152 0.584769
153 0.584879
154 0.584881
155 0.585749
156 0.585981
157 0.585419
158 0.585556
159 0.585862
160 0.585692
161 0.586001
162 0.586178
163 0.586261
164 0.586567
165 0.586948
166 0.586013
167 0.585542
168 0.586942
169 0.586772
170 0.587011
171 0.58696
172 0.587429
173 0.587028
174 0.587429
175 0.586812
176 0.586792
177 0.587803
178 0.587241
179 0.587549
180 0.58811
181 0.587617
182 0.587826
183 0.587653
184 0.587649
185 0.587979
186 0.587967
187 0.587059
188 0.587746
189 0.588153
190 0.587825
191 0.587346
192 0.589271
193 0.588266
194 0.588513
195 0.58849
196 0.588779
197 0.589365
198 0.589139
199 0.589555
200 0.58826
201 0.589134
202 0.588985
203 0.588897
204 0.590083
205 0.589767
206 0.588943
207 0.5901
208 0.589717
209 0.589282
210 0.589164
211 0.590743
212 0.589248
213 0.589991
214 0.590235
215 0.590655
216 0.590925
217 0.591126
218 0.590922
219 0.591178
220 0.590323
221 0.59121
222 0.589955
223 0.590739
224 0.590303
225 0.591037
226 0.59058
227 0.591322
228 0.591165
229 0.590558
230 0.591075
231 0.591133
232 0.591011
233 0.591105
234 0.591314
235 0.590865
236 0.591636
237 0.590743
238 0.592503
239 0.591243
240 0.590555
241 0.591825
242 0.592253
243 0.592
244 0.591445
245 0.591989
246 0.591123
247 0.592136
248 0.591855
249 0.592333
250 0.592501
251 0.592153
252 0.593406
253 0.592068
254 0.592621
255 0.592061
256 0.592115
257 0.593243
258 0.591901
259 0.592125
260 0.592249
261 0.593325
262 0.593188
263 0.592955
264 0.593193
265 0.59353
266 0.592803
267 0.592852
268 0.592682
269 0.592143
270 0.592332
271 0.593856
272 0.594011
273 0.593615
274 0.592663
275 0.593237
276 0.593324
277 0.59349
278 0.5937
279 0.59294
280 0.594186
281 0.593573
282 0.593644
283 0.59349
284 0.593675
285 0.593418
286 0.594045
287 0.593789
288 0.592987
289 0.593186
290 0.59356
291 0.595101
292 0.593925
293 0.594139
294 0.594397
295 0.593827
296 0.593114
297 0.594271
298 0.594202
299 0.594453
300 0.595046
301 0.594271
302 0.5953
303 0.593883
304 0.594213
305 0.594531
306 0.594379
307 0.594363
308 0.59505
309 0.595125
310 0.595025
311 0.594957
312 0.59516
313 0.595172
314 0.594129
315 0.594966
316 0.595275
317 0.595044
318 0.594067
319 0.595451
320 0.594757
321 0.595293
322 0.594956
323 0.595305
324 0.595384
325 0.594646
326 0.594806
327 0.595615
328 0.595068
329 0.595753
330 0.595823
331 0.595259
332 0.595921
333 0.594474
334 0.59536
335 0.59559
336 0.595402
337 0.595444
338 0.595694
339 0.595963
340 0.596135
341 0.595604
342 0.594861
343 0.595421
344 0.595515
345 0.595509
346 0.595876
347 0.595406
348 0.596005
349 0.596628
350 0.596341
351 0.595735
352 0.596367
353 0.595681
354 0.596351
355 0.595852
356 0.596349
357 0.596487
358 0.596606
359 0.595719
360 0.595964
361 0.596169
362 0.596522
363 0.596088
364 0.596492
365 0.597109
366 0.596334
367 0.596538
368 0.596791
369 0.596828
370 0.596261
371 0.597075
372 0.59671
373 0.596143
374 0.596656
375 0.596986
376 0.59714
377 0.597048
378 0.596674
379 0.596793
380 0.596692
381 0.596545
382 0.596503
383 0.596368
384 0.597206
385 0.596972
386 0.595931
387 0.596653
388 0.597221
389 0.598049
390 0.59672
391 0.597555
392 0.597192
393 0.59744
394 0.59693
395 0.596647
396 0.597334
397 0.597209
398 0.597415
399 0.596931
400 0.597117
