1 0.0780356
2 0.0780356
3 0.0780356
4 0.0780356
5 0.0780356
6 0.0780356
7 0.0589201
8 0.0524913
9 0.0515677
10 0.0478314
11 0.0444895
12 0.043398
13 0.0404506
14 0.0389429
15 0.036438
16 0.0346063
17 0.0334703
18 0.0324934
19 0.0307831
20 0.0296034
21 0.0286915
22 0.0281533
23 0.0271866
24 0.0263341
25 0.0256081
26 0.0250991
27 0.0243278
28 0.0239617
29 0.0231087
30 0.0227238
31 0.0221805
32 0.021677
33 0.021313
34 0.0208779
35 0.0203811
36 0.0199898
37 0.0196965
38 0.0192865
39 0.0189148
40 0.0186034
41 0.0181776
42 0.0180284
43 0.0176969
44 0.0173679
45 0.0171947
46 0.016845
47 0.0166251
48 0.0163912
49 0.0161431
50 0.0158266
51 0.0156536
52 0.0154691
53 0.015227
54 0.0150119
55 0.0148231
56 0.0146475
57 0.0144036
58 0.0142602
59 0.0140934
60 0.0139469
61 0.013801
62 0.0136104
63 0.0135667
64 0.0133333
65 0.0130842
66 0.0130291
67 0.0128924
68 0.0127394
69 0.0125222
70 0.0124151
71 0.0123575
72 0.0122711
73 0.0120809
74 0.0119499
75 0.0118556
76 0.0117489
77 0.0116799
78 0.0115658
79 0.0114599
80 0.0112731
81 0.0112018
82 0.0110589
83 0.0110293
84 0.0109463
85 0.0108547
86 0.0107424
87 0.0106984
88 0.0105619
89 0.0105329
90 0.0104088
91 0.0103373
92 0.0102473
93 0.0101893
94 0.0100522
95 0.00998172
96 0.00991924
97 0.00984291
98 0.00977023
99 0.00973809
100 0.00967304
101 0.00958426
102 0.00955617
103 0.00943524
104 0.00934588
105 0.00927408
106 0.00922721
107 0.0092132
108 0.00909127
109 0.00910253
110 0.00896793
111 0.00895615
112 0.00891711
113 0.00878391
114 0.00878654
115 0.00873356
116 0.00865031
117 0.00864813
118 0.00855859
119 0.00850557
120 0.0084632
121 0.0083981
122 0.00832739
123 0.00833303
124 0.00824303
125 0.00821658
126 0.00816541
127 0.00813747
128 0.00802113
129 0.00800642
130 0.00797982
131 0.00792723
132 0.00791322
133 0.00785743
134 0.00782064
135 0.00779129
136 0.0076576
137 0.00766736
138 0.00762712
139 0.00758656
140 0.00760172
141 0.00753464
142 0.00746261
143 0.00745652
144 0.00741325
145 0.00733261
146 0.00735065
147 0.00730534
148 0.00725618
149 0.0072156
150 0.00718765
151 0.00715745
152 0.00710322
153 0.00707527
154 0.00708782
155 0.00702641
156 0.00697715
157 0.00696738
158 0.00690936
159 0.00684987
160 0.00687002
161 0.00682387
162 0.00679011
163 0.00674679
164 0.00672992
165 0.00671173
166 0.00668607
167 0.00665133
168 0.00669681
169 0.00661338
170 0.00652229
171 0.00654247
172 0.00652781
173 0.00648494
174 0.00648723
175 0.00642502
176 0.00639858
177 0.00635068
178 0.00632628
179 0.0063021
180 0.0063133
181 0.00623937
182 0.00626485
183 0.00623103
184 0.00620242
185 0.0061717
186 0.00617414
187 0.00615136
188 0.00609342
189 0.0060496
190 0.00600322
191 0.00599867
192 0.0060137
193 0.0059934
194 0.0059641
195 0.00594649
196 0.00592788
197 0.00589599
198 0.00592477
199 0.00582367
200 0.00581763
201 0.00583432
202 0.0057797
203 0.00575309
204 0.00572842
205 0.00573388
206 0.00566664
207 0.00569315
208 0.00566683
209 0.00565309
210 0.00563198
211 0.00561698
212 0.00561603
213 0.00555684
214 0.00555065
215 0.00553115
216 0.00553331
217 0.00550655
218 0.0054797
219 0.00546003
220 0.00541891
221 0.0053908
222 0.00538315
223 0.00539762
224 0.00536032
225 0.00535965
226 0.00534147
227 0.00531245
228 0.00531894
229 0.00528741
230 0.00527347
231 0.00525033
232 0.00521766
233 0.00525526
234 0.00521009
235 0.00521938
236 0.00518944
237 0.00516242
238 0.00514604
239 0.00512761
240 0.00511578
241 0.00508835
242 0.00507316
243 0.00507805
244 0.00503562
245 0.00503636
246 0.00502248
247 0.00497673
248 0.00500434
249 0.00498009
250 0.00493071
251 0.00495466
252 0.00490626
253 0.00492645
254 0.00490876
255 0.00492075
256 0.00486897
257 0.00483586
258 0.00485864
259 0.00481997
260 0.00481149
261 0.00478414
262 0.00478435
263 0.0047658
264 0.00476789
265 0.00475972
266 0.00475468
267 0.00474352
268 0.00471636
269 0.0046882
270 0.00467946
271 0.0046815
272 0.00468552
273 0.00463694
274 0.00462324
275 0.00461165
276 0.00459799
277 0.00460975
278 0.00460071
279 0.00454749
280 0.00453018
281 0.00453818
282 0.00455221
283 0.00452855
284 0.00447132
285 0.00453997
286 0.00448282
287 0.00447837
288 0.00446774
289 0.00445374
290 0.00444706
291 0.00441053
292 0.00442311
293 0.00442658
294 0.00438783
295 0.004381
296 0.00436242
297 0.00438543
298 0.00436702
299 0.00434154
300 0.0043421
301 0.00434912
302 0.00430538
303 0.00430904
304 0.00430246
305 0.00427198
306 0.00429539
307 0.00424403
308 0.00423715
309 0.00423639
310 0.0042354
311 0.00423514
312 0.00419951
313 0.00420738
314 0.00420878
315 0.00419474
316 0.00416893
317 0.00414778
318 0.0041522
319 0.00414612
320 0.00413451
321 0.00412014
322 0.00411706
323 0.00409185
324 0.00407262
325 0.00408072
326 0.00404032
327 0.00404618
328 0.00405937
329 0.00406385
330 0.00405255
331 0.00404475
332 0.00405065
333 0.00400916
334 0.00399777
335 0.00399267
336 0.00395755
337 0.00401056
338 0.00394686
339 0.00394449
340 0.00394901
341 0.00393376
342 0.00393753
343 0.00392697
344 0.00391762
345 0.00391117
346 0.00389994
347 0.00390101
348 0.0038719
349 0.00388481
350 0.00386606
351 0.00388547
352 0.00386835
353 0.0038345
354 0.00384044
355 0.00387933
356 0.00383196
357 0.00382774
358 0.00380195
359 0.00381752
360 0.00379016
361 0.00378881
362 0.0037793
363 0.00374195
364 0.00375779
365 0.00376458
366 0.00375295
367 0.00372918
368 0.00372536
369 0.00370215
370 0.00372614
371 0.00371641
372 0.00370583
373 0.00366705
374 0.00369852
375 0.00366042
376 0.0036736
377 0.00366909
378 0.00366162
379 0.00366931
380 0.00363615
381 0.00362215
382 0.00364166
383 0.00362752
384 0.00360694
385 0.0036193
386 0.00362374
387 0.00362809
388 0.00357488
389 0.00358356
390 0.00359026
391 0.00356824
392 0.00353897
393 0.00354688
394 0.0035308
395 0.00353408
396 0.00350696
397 0.00352096
398 0.00353746
399 0.00350228
400 0.00347828
