1 0.300277
2 0.299427
3 0.300019
4 0.300064
5 0.29994
6 0.300007
7 0.318874
8 0.326114
9 0.326215
10 0.330684
11 0.333591
12 0.335533
13 0.337485
14 0.33959
15 0.341416
16 0.343003
17 0.344007
18 0.346015
19 0.347038
20 0.34784
21 0.348518
22 0.349384
23 0.351147
24 0.352185
25 0.352151
26 0.353086
27 0.35421
28 0.353572
29 0.355125
30 0.355388
31 0.356501
32 0.356293
33 0.356926
34 0.356708
35 0.357902
36 0.357351
37 0.358401
38 0.358162
39 0.358902
40 0.359515
41 0.359587
42 0.359223
43 0.360387
44 0.360488
45 0.360816
46 0.361069
47 0.361359
48 0.361326
49 0.361394
50 0.36241
51 0.362469
52 0.361928
53 0.363252
54 0.363232
55 0.363254
56 0.362726
57 0.36381
58 0.36366
59 0.364062
60 0.365352
61 0.364241
62 0.363986
63 0.364962
64 0.364982
65 0.363929
66 0.364753
67 0.365834
68 0.36614
69 0.364934
70 0.366162
71 0.36581
72 0.365928
73 0.365915
74 0.366527
75 0.365652
76 0.366077
77 0.366265
78 0.365497
79 0.365843
80 0.366453
81 0.366782
82 0.367418
83 0.366695
84 0.367495
85 0.366842
86 0.366946
87 0.366894
88 0.367229
89 0.366492
90 0.366937
91 0.368636
92 0.368353
93 0.368328
94 0.367512
95 0.368183
96 0.367998
97 0.367756
98 0.368189
99 0.36903
100 0.369002
101 0.368529
102 0.36788
103 0.368248
104 0.368519
105 0.368334
106 0.36841
107 0.369198
108 0.368433
109 0.368628
110 0.368864
111 0.369666
112 0.369044
113 0.368827
114 0.36916
115 0.370121
116 0.369226
117 0.369209
118 0.36967
119 0.369928
120 0.369498
121 0.370076
122 0.370431
123 0.370151
124 0.369866
125 0.369892
126 0.369055
127 0.369622
128 0.369059
129 0.370113
130 0.36926
131 0.370049
132 0.370289
133 0.369451
134 0.369746
135 0.370095
136 0.370046
137 0.369846
138 0.370357
139 0.370201
140 0.370854
141 0.370224
142 0.370879
143 0.370259
144 0.37121
145 0.370628
146 0.37073
147 0.371702
148 0.370422
149 0.370995
150 0.370678
151 0.370546
152 0.370859
153 0.370421
154 0.370617
155 0.370326
156 0.370721
157 0.371374
158 0.37146
159 0.371384
160 0.371993
161 0.371293
162 0.370797
163 0.371553
164 0.371184
165 0.371362
166 0.371595
167 0.371019
168 0.371014
169 0.372027
170 0.370433
171 0.371214
172 0.371248
173 0.371609
174 0.371775
175 0.371417
176 0.371548
177 0.372093
178 0.37208
179 0.372382
180 0.371555
181 0.371692
182 0.371363
183 0.371531
184 0.371681
185 0.371518
186 0.371171
187 0.372
188 0.371117
189 0.371908
190 0.372151
191 0.372688
192 0.371748
193 0.373112
194 0.372304
195 0.370756
196 0.372541
197 0.372437
198 0.371232
199 0.372591
200 0.371962
201 0.372298
202 0.372133
203 0.372872
204 0.371744
205 0.371805
206 0.371233
207 0.371744
208 0.372376
209 0.372354
210 0.371789
211 0.372998
212 0.372452
213 0.372627
214 0.372171
215 0.371916
216 0.372062
217 0.372583
218 0.373037
219 0.371822
220 0.372803
221 0.372542
222 0.372169
223 0.372974
224 0.372922
225 0.372553
226 0.371967
227 0.372128
228 0.37245
229 0.373154
230 0.372746
231 0.372924
232 0.372389
233 0.373914
234 0.373013
235 0.372738
236 0.372499
237 0.372846
238 0.372277
239 0.372839
240 0.372798
241 0.372967
242 0.373284
243 0.372658
244 0.372256
245 0.37292
246 0.371854
247 0.373147
248 0.37296
249 0.373703
250 0.37273
251 0.373664
252 0.373551
253 0.373335
254 0.372599
255 0.372643
256 0.372433
257 0.373584
258 0.372106
259 0.373357
260 0.37291
261 0.372675
262 0.373175
263 0.373535
264 0.373213
265 0.373088
266 0.373898
267 0.373189
268 0.372682
269 0.372828
270 0.373515
271 0.373526
272 0.37286
273 0.374158
274 0.372635
275 0.372953
276 0.373832
277 0.372706
278 0.373305
279 0.373604
280 0.373584
281 0.374105
282 0.373442
283 0.372482
284 0.372521
285 0.373411
286 0.372615
287 0.374257
288 0.372842
289 0.3731
290 0.373735
291 0.373233
292 0.3734
293 0.373811
294 0.373694
295 0.374253
296 0.373932
297 0.373827
298 0.373894
299 0.373747
300 0.37435
301 0.374479
302 0.373991
303 0.374063
304 0.373627
305 0.373214
306 0.373906
307 0.374422
308 0.373421
309 0.373642
310 0.374282
311 0.373928
312 0.374384
313 0.373673
314 0.374563
315 0.373523
316 0.372908
317 0.373429
318 0.374029
319 0.37306
320 0.373502
321 0.374412
322 0.374951
323 0.37301
324 0.373594
325 0.374077
326 0.373281
327 0.37373
328 0.37382
329 0.375023
330 0.374184
331 0.373752
332 0.37389
333 0.374239
334 0.37412
335 0.373669
336 0.374578
337 0.375039
338 0.373871
339 0.3742
340 0.374376
341 0.373211
342 0.374373
343 0.37394
344 0.374251
345 0.37417
346 0.374498
347 0.373512
348 0.373673
349 0.373181
350 0.373868
351 0.374107
352 0.374229
353 0.374795
354 0.374662
355 0.374037
356 0.374367
357 0.373939
358 0.374684
359 0.37329
360 0.373785
361 0.374354
362 0.373951
363 0.374234
364 0.374922
365 0.37358
366 0.374647
367 0.375057
368 0.373885
369 0.37401
370 0.374506
371 0.374212
372 0.373499
373 0.374633
374 0.374073
375 0.373989
376 0.374303
377 0.373995
378 0.374244
379 0.374972
380 0.374507
381 0.374686
382 0.374522
383 0.374477
384 0.375014
385 0.374259
386 0.373916
387 0.3737
388 0.373884
389 0.373674
390 0.373549
391 0.37517
392 0.37515
393 0.374886
394 0.374413
395 0.374891
396 0.374316
397 0.373995
398 0.37511
399 0.375246
400 0.37447
