1 0.458379
2 0.338232
3 0.287617
4 0.258418
5 0.239113
6 0.22559
7 0.209006
8 0.198836
9 0.190647
10 0.183926
11 0.178968
12 0.174717
13 0.170713
14 0.167294
15 0.164817
16 0.162926
17 0.160818
18 0.158938
19 0.157472
20 0.155929
21 0.154558
22 0.153341
23 0.152444
24 0.151533
25 0.150341
26 0.149708
27 0.148913
28 0.148312
29 0.147693
30 0.147046
31 0.146528
32 0.14574
33 0.145479
34 0.1449
35 0.144371
36 0.143961
37 0.143726
38 0.143076
39 0.142656
40 0.142523
41 0.141951
42 0.141803
43 0.141396
44 0.141272
45 0.140955
46 0.140719
47 0.140465
48 0.140228
49 0.139941
50 0.139677
51 0.139566
52 0.139361
53 0.139115
54 0.139017
55 0.138784
56 0.138543
57 0.138491
58 0.138259
59 0.138038
60 0.138002
61 0.137777
62 0.137545
63 0.137438
64 0.137253
65 0.137159
66 0.137107
67 0.136898
68 0.136824
69 0.13675
70 0.136595
71 0.136475
72 0.136513
73 0.136279
74 0.136141
75 0.136035
76 0.135953
77 0.135905
78 0.135834
79 0.135705
80 0.135595
81 0.13544
82 0.135477
83 0.135466
84 0.135247
85 0.135141
86 0.135073
87 0.135048
88 0.134903
89 0.134781
90 0.134819
91 0.13473
92 0.134645
93 0.134833
94 0.134567
95 0.134396
96 0.134459
97 0.134299
98 0.134228
99 0.134252
100 0.134151
101 0.133983
102 0.13397
103 0.133989
104 0.13385
105 0.133813
106 0.13383
107 0.133675
108 0.133721
109 0.133645
110 0.133618
111 0.133426
112 0.133513
113 0.13344
114 0.133466
115 0.133403
116 0.133271
117 0.133243
118 0.133195
119 0.133111
120 0.133154
121 0.133128
122 0.133126
123 0.132989
124 0.132994
125 0.132997
126 0.132848
127 0.132806
128 0.132732
129 0.13273
130 0.132757
131 0.132733
132 0.132732
133 0.132541
134 0.132588
135 0.132589
136 0.132511
137 0.132498
138 0.132514
139 0.132364
140 0.132424
141 0.132362
142 0.13239
143 0.132325
144 0.132199
145 0.132205
146 0.132118
147 0.132133
148 0.132094
149 0.132089
150 0.132092
151 0.132016
152 0.132089
153 0.132002
154 0.132001
155 0.131949
156 0.131939
157 0.131907
158 0.131917
159 0.131951
160 0.131841
161 0.131796
162 0.13178
163 0.131717
164 0.131691
165 0.131685
166 0.131818
167 0.131657
168 0.131582
169 0.131581
170 0.13149
171 0.131705
172 0.131548
173 0.131466
174 0.131472
175 0.131487
176 0.13148
177 0.131448
178 0.131431
179 0.131369
180 0.131406
181 0.131236
182 0.131296
183 0.131349
184 0.131319
185 0.131218
186 0.13128
187 0.131195
188 0.131219
189 0.131151
190 0.131149
191 0.131161
192 0.131119
193 0.131086
194 0.13109
195 0.131041
196 0.131
197 0.131097
198 0.13104
199 0.130994
200 0.13101
201 0.130957
202 0.130934
203 0.130945
204 0.130841
205 0.130593
206 0.130869
207 0.130859
208 0.130787
209 0.130785
210 0.130852
211 0.130757
212 0.130799
213 0.13083
214 0.130688
215 0.130702
216 0.130734
217 0.130611
218 0.13067
219 0.130673
220 0.13057
221 0.130583
222 0.130649
223 0.130622
224 0.130569
225 0.130573
226 0.13061
227 0.130564
228 0.130537
229 0.130466
230 0.130499
231 0.130506
232 0.130463
233 0.13049
234 0.13047
235 0.130439
236 0.130398
237 0.130435
238 0.130398
239 0.130389
240 0.130409
241 0.13046
242 0.130413
243 0.13043
244 0.130351
245 0.130297
246 0.130303
247 0.130256
248 0.130296
249 0.13022
250 0.13025
251 0.130215
252 0.130195
253 0.130236
254 0.130283
255 0.130143
256 0.130206
257 0.130137
258 0.130172
259 0.130153
260 0.130164
261 0.130147
262 0.130168
263 0.130088
264 0.130115
265 0.130036
266 0.130015
267 0.13005
268 0.13003
269 0.130065
270 0.1301
271 0.129996
272 0.130033
273 0.130051
274 0.129953
275 0.129992
276 0.129929
277 0.129995
278 0.129936
279 0.129942
280 0.129909
281 0.12994
282 0.12995
283 0.129963
284 0.129906
285 0.12989
286 0.129792
287 0.129933
288 0.129895
289 0.129843
290 0.129875
291 0.129873
292 0.129806
293 0.129834
294 0.129783
295 0.12977
296 0.129748
297 0.129798
298 0.129795
299 0.129724
300 0.129713
301 0.129749
302 0.129754
303 0.129684
304 0.129703
305 0.129665
306 0.129669
307 0.129637
308 0.12965
309 0.129696
310 0.129684
311 0.129666
312 0.12961
313 0.129612
314 0.129608
315 0.129532
316 0.129632
317 0.129574
318 0.129642
319 0.129614
320 0.12953
321 0.1296
322 0.129609
323 0.129569
324 0.129537
325 0.129568
326 0.129551
327 0.129587
328 0.129516
329 0.129537
330 0.12954
331 0.129522
332 0.12951
333 0.129503
334 0.129497
335 0.129471
336 0.129498
337 0.129443
338 0.12947
339 0.129447
340 0.129425
341 0.129642
342 0.129522
343 0.129392
344 0.12938
345 0.129419
346 0.12937
347 0.129399
348 0.129358
349 0.129356
350 0.129366
351 0.129373
352 0.129363
353 0.129339
354 0.129369
355 0.129316
356 0.129352
357 0.129277
358 0.129375
359 0.129372
360 0.129355
361 0.129288
362 0.129324
363 0.129299
364 0.129263
365 0.129313
366 0.129281
367 0.129259
368 0.129338
369 0.129227
370 0.129278
371 0.129267
372 0.129268
373 0.129175
374 0.129201
375 0.129205
376 0.129219
377 0.129205
378 0.129229
379 0.129164
380 0.129198
381 0.129155
382 0.129147
383 0.129167
384 0.129113
385 0.129201
386 0.129134
387 0.129122
388 0.129164
389 0.129103
390 0.129157
391 0.129075
392 0.129103
393 0.129113
394 0.129092
395 0.129098
396 0.12909
397 0.129064
398 0.129068
399 0.129058
400 0.129075
