1 0.49986
2 0.49986
3 0.49986
4 0.49986
5 0.49986
6 0.49986
7 0.577727
8 0.60694
9 0.612276
10 0.62444
11 0.641263
12 0.648026
13 0.658885
14 0.66776
15 0.680306
16 0.689144
17 0.693544
18 0.699204
19 0.7079
20 0.713703
21 0.719499
22 0.721329
23 0.727028
24 0.731583
25 0.735515
26 0.738452
27 0.742298
28 0.744713
29 0.749345
30 0.752284
31 0.754503
32 0.758125
33 0.760529
34 0.762691
35 0.766369
36 0.768599
37 0.770228
38 0.773002
39 0.775178
40 0.777143
41 0.779863
42 0.780975
43 0.783437
44 0.785325
45 0.786549
46 0.788789
47 0.790224
48 0.791898
49 0.793568
50 0.79591
51 0.79675
52 0.798159
53 0.800119
54 0.80141
55 0.803114
56 0.803971
57 0.805936
58 0.806754
59 0.807829
60 0.808504
61 0.810287
62 0.811074
63 0.811771
64 0.813643
65 0.815651
66 0.815934
67 0.816764
68 0.818141
69 0.819544
70 0.820803
71 0.821133
72 0.821558
73 0.822807
74 0.82446
75 0.824875
76 0.825427
77 0.826876
78 0.8273
79 0.828016
80 0.829463
81 0.830219
82 0.831335
83 0.831595
84 0.832144
85 0.833224
86 0.833909
87 0.834166
88 0.835166
89 0.835616
90 0.836784
91 0.837248
92 0.83786
93 0.838376
94 0.840032
95 0.840527
96 0.840815
97 0.841967
98 0.842105
99 0.842387
100 0.843072
101 0.843715
102 0.844011
103 0.845059
104 0.845863
105 0.846404
106 0.846738
107 0.847048
108 0.847871
109 0.847772
110 0.848938
111 0.849306
112 0.84966
113 0.850679
114 0.850856
115 0.851421
116 0.852082
117 0.852323
118 0.852753
119 0.853554
120 0.853847
121 0.854474
122 0.854799
123 0.855088
124 0.855882
125 0.855857
126 0.856482
127 0.857032
128 0.858318
129 0.858013
130 0.858364
131 0.85908
132 0.859155
133 0.859622
134 0.859922
135 0.860057
136 0.861066
137 0.861108
138 0.86184
139 0.86207
140 0.862
141 0.862464
142 0.863266
143 0.863314
144 0.863445
145 0.864539
146 0.864578
147 0.864797
148 0.865126
149 0.865853
150 0.866092
151 0.866589
152 0.867072
153 0.866709
154 0.867081
155 0.867461
156 0.867951
157 0.868358
158 0.868912
159 0.869403
160 0.869174
161 0.869683
162 0.869837
163 0.870342
164 0.870129
165 0.870726
166 0.871137
167 0.87152
168 0.871065
169 0.871683
170 0.872636
171 0.872754
172 0.872571
173 0.873124
174 0.872807
175 0.873824
176 0.874175
177 0.874432
178 0.875116
179 0.874745
180 0.874907
181 0.875544
182 0.875225
183 0.875439
184 0.876235
185 0.876489
186 0.876246
187 0.876844
188 0.87756
189 0.878084
190 0.878037
191 0.87821
192 0.878045
193 0.878364
194 0.878414
195 0.878945
196 0.879107
197 0.879402
198 0.879234
199 0.880524
200 0.880151
201 0.88018
202 0.880717
203 0.881153
204 0.881269
205 0.881168
206 0.882114
207 0.881802
208 0.881922
209 0.881947
210 0.882299
211 0.882632
212 0.882552
213 0.883124
214 0.883085
215 0.883441
216 0.883681
217 0.883906
218 0.88415
219 0.884156
220 0.884482
221 0.884685
222 0.885211
223 0.884785
224 0.885845
225 0.88545
226 0.885616
227 0.88613
228 0.886085
229 0.886397
230 0.886277
231 0.886807
232 0.887306
233 0.886568
234 0.887077
235 0.886908
236 0.887494
237 0.887292
238 0.8879
239 0.888315
240 0.888426
241 0.888669
242 0.888896
243 0.888384
244 0.889377
245 0.88926
246 0.889491
247 0.890324
248 0.889893
249 0.890034
250 0.890495
251 0.890171
252 0.890972
253 0.890778
254 0.890841
255 0.890368
256 0.89111
257 0.891511
258 0.891578
259 0.89182
260 0.892108
261 0.892263
262 0.89186
263 0.892505
264 0.892588
265 0.892717
266 0.892542
267 0.892795
268 0.892908
269 0.893236
270 0.893245
271 0.89368
272 0.893412
273 0.894138
274 0.894202
275 0.894342
276 0.894294
277 0.894349
278 0.894424
279 0.895199
280 0.895114
281 0.894972
282 0.894909
283 0.895119
284 0.895824
285 0.895198
286 0.896212
287 0.895838
288 0.895812
289 0.89629
290 0.896851
291 0.896464
292 0.896668
293 0.896656
294 0.896764
295 0.896941
296 0.897539
297 0.896853
298 0.8973
299 0.89785
300 0.897724
301 0.897846
302 0.898247
303 0.897984
304 0.898288
305 0.898829
306 0.898274
307 0.898493
308 0.898835
309 0.898929
310 0.898881
311 0.898957
312 0.899407
313 0.898969
314 0.899543
315 0.899264
316 0.899882
317 0.900042
318 0.899986
319 0.900141
320 0.900406
321 0.900329
322 0.90061
323 0.900796
324 0.900964
325 0.901004
326 0.901409
327 0.901526
328 0.901405
329 0.901301
330 0.901049
331 0.901544
332 0.901589
333 0.902134
334 0.902149
335 0.902183
336 0.902665
337 0.902005
338 0.902736
339 0.902623
340 0.902672
341 0.902861
342 0.902927
343 0.903023
344 0.903198
345 0.903136
346 0.903165
347 0.903439
348 0.903833
349 0.903817
350 0.903744
351 0.903561
352 0.903833
353 0.903868
354 0.904022
355 0.903618
356 0.904068
357 0.904142
358 0.904719
359 0.904587
360 0.90455
361 0.904698
362 0.904727
363 0.905256
364 0.905369
365 0.904934
366 0.90545
367 0.905668
368 0.905705
369 0.905868
370 0.905867
371 0.905582
372 0.905879
373 0.906342
374 0.906166
375 0.906707
376 0.906385
377 0.906422
378 0.906595
379 0.906498
380 0.906856
381 0.907248
382 0.907159
383 0.907046
384 0.907189
385 0.907244
386 0.907258
387 0.907117
388 0.907735
389 0.907493
390 0.907751
391 0.907751
392 0.908302
393 0.908239
394 0.908427
395 0.908348
396 0.90881
397 0.908588
398 0.908339
399 0.908575
400 0.908971
