1 0.143026
2 0.135542
3 0.131194
4 0.105316
5 0.0858756
6 0.0925475
7 0.0781887
8 0.0766532
9 0.0707972
10 0.0702273
11 0.0643058
12 0.0640318
13 0.0602497
14 0.0591907
15 0.0559264
16 0.0555891
17 0.0526752
18 0.0532908
19 0.0510636
20 0.0493623
21 0.0484705
22 0.0475437
23 0.0463137
24 0.045467
25 0.0445667
26 0.0436178
27 0.0429188
28 0.0419778
29 0.0414546
30 0.0405052
31 0.0402456
32 0.0391051
33 0.039034
34 0.0380328
35 0.0375501
36 0.0371563
37 0.036435
38 0.0362303
39 0.0355336
40 0.0350457
41 0.0347275
42 0.0341778
43 0.0336439
44 0.0332487
45 0.0328402
46 0.0325855
47 0.0320705
48 0.0317583
49 0.0314858
50 0.0309855
51 0.0309231
52 0.030367
53 0.0300366
54 0.0297066
55 0.0294767
56 0.0292179
57 0.0289898
58 0.0285932
59 0.0282987
60 0.0279744
61 0.0279147
62 0.0273736
63 0.0274177
64 0.0271003
65 0.0267732
66 0.0266837
67 0.0264378
68 0.0262001
69 0.0259853
70 0.0257451
71 0.0256123
72 0.0252507
73 0.0250766
74 0.0249631
75 0.0248792
76 0.0245519
77 0.0243642
78 0.0242997
79 0.0240389
80 0.0238418
81 0.0237606
82 0.0235529
83 0.0233449
84 0.0231585
85 0.0230568
86 0.0229165
87 0.0226371
88 0.0225505
89 0.0223894
90 0.02222
91 0.0221763
92 0.0219058
93 0.0218293
94 0.0216775
95 0.0215672
96 0.0213937
97 0.0212708
98 0.0211374
99 0.0209685
100 0.0209404
101 0.0208094
102 0.0206374
103 0.0205276
104 0.0204351
105 0.0202388
106 0.0202387
107 0.0199051
108 0.0199029
109 0.0198868
110 0.0197393
111 0.0196171
112 0.0195144
113 0.0192478
114 0.0192645
115 0.019122
116 0.0190622
117 0.0189786
118 0.0187737
119 0.0188035
120 0.0185955
121 0.0185778
122 0.0184608
123 0.0183951
124 0.0183326
125 0.0181912
126 0.0181401
127 0.0180293
128 0.0178997
129 0.0177938
130 0.0177615
131 0.0176684
132 0.0175315
133 0.0174525
134 0.0175043
135 0.0173883
136 0.0172673
137 0.0172285
138 0.0170563
139 0.017147
140 0.0169207
141 0.0168234
142 0.0167973
143 0.0167831
144 0.0166715
145 0.0165867
146 0.0165187
147 0.0164401
148 0.0163443
149 0.016259
150 0.0163158
151 0.016171
152 0.0160571
153 0.0160133
154 0.0159299
155 0.0158715
156 0.015889
157 0.015781
158 0.0157185
159 0.0156376
160 0.0155963
161 0.0154964
162 0.0154439
163 0.0153001
164 0.0153582
165 0.0152378
166 0.0152088
167 0.0151891
168 0.0150909
169 0.0150035
170 0.0149744
171 0.0149262
172 0.0149112
173 0.0148363
174 0.0147534
175 0.0147142
176 0.0145963
177 0.014597
178 0.0146274
179 0.0145403
180 0.0144736
181 0.0143572
182 0.0143204
183 0.0142837
184 0.0142785
185 0.0141574
186 0.0141281
187 0.0140423
188 0.0140402
189 0.0139611
190 0.0140002
191 0.01391
192 0.0138088
193 0.0137813
194 0.0137667
195 0.0137019
196 0.0136506
197 0.0136066
198 0.0135991
199 0.0135492
200 0.0134723
201 0.0134187
202 0.0133029
203 0.0133439
204 0.0133165
205 0.013249
206 0.0131865
207 0.0131799
208 0.0131215
209 0.013182
210 0.0130469
211 0.0130059
212 0.012972
213 0.0128489
214 0.0128333
215 0.0128742
216 0.0128134
217 0.0127724
218 0.0127212
219 0.0126492
220 0.0126388
221 0.0125747
222 0.0125975
223 0.0125803
224 0.0125088
225 0.0124798
226 0.0124721
227 0.0123996
228 0.0124107
229 0.0123349
230 0.0123538
231 0.012206
232 0.012193
233 0.0121673
234 0.0121977
235 0.0121121
236 0.0120622
237 0.0119957
238 0.0120213
239 0.0120065
240 0.0119399
241 0.0118766
242 0.0118836
243 0.0118801
244 0.0117562
245 0.0117712
246 0.0117674
247 0.0117295
248 0.0116393
249 0.0116547
250 0.0116445
251 0.0115907
252 0.0115176
253 0.011516
254 0.0114738
255 0.0114881
256 0.0114245
257 0.0113261
258 0.0113691
259 0.0113158
260 0.0112562
261 0.0112808
262 0.0112688
263 0.0112391
264 0.0111893
265 0.0111639
266 0.0112028
267 0.0111407
268 0.0111067
269 0.0110211
270 0.0110181
271 0.0109839
272 0.0109854
273 0.0109075
274 0.0109014
275 0.0109712
276 0.0108923
277 0.0108183
278 0.0108454
279 0.0108246
280 0.0107511
281 0.0107275
282 0.010658
283 0.0106999
284 0.0106246
285 0.0106061
286 0.010592
287 0.0105565
288 0.01061
289 0.0104946
290 0.0105008
291 0.0105106
292 0.0104587
293 0.0104663
294 0.0104182
295 0.0103816
296 0.0103685
297 0.0104053
298 0.0103343
299 0.0102629
300 0.0102763
301 0.0102548
302 0.0102162
303 0.0101709
304 0.0101893
305 0.0100937
306 0.0100897
307 0.0100934
308 0.0101416
309 0.0100922
310 0.0100389
311 0.0100382
312 0.00999377
313 0.0100142
314 0.00994387
315 0.00993083
316 0.00990648
317 0.00986462
318 0.00980417
319 0.00983741
320 0.00983805
321 0.00979111
322 0.00980959
323 0.00972105
324 0.00975231
325 0.00971942
326 0.00968152
327 0.00969451
328 0.00964142
329 0.00964838
330 0.00958347
331 0.00958578
332 0.00960539
333 0.00954329
334 0.00955311
335 0.00948195
336 0.00949252
337 0.00943915
338 0.0094837
339 0.00949563
340 0.00947095
341 0.00941466
342 0.00934965
343 0.00931035
344 0.00938247
345 0.00931075
346 0.00932204
347 0.009287
348 0.00924587
349 0.00924077
350 0.00926095
351 0.00922724
352 0.00921026
353 0.00920011
354 0.00914873
355 0.0091547
356 0.00911059
357 0.00910391
358 0.00904632
359 0.00903359
360 0.00901106
361 0.00902256
362 0.00903326
363 0.00898158
364 0.0090072
365 0.00893675
366 0.00895715
367 0.00891269
368 0.00891265
369 0.00893172
370 0.008828
371 0.00887983
372 0.00886442
373 0.00884623
374 0.00879543
375 0.00883696
376 0.00877104
377 0.0087642
378 0.00875375
379 0.00876783
380 0.00873126
381 0.00869795
382 0.00866008
383 0.00866448
384 0.00859979
385 0.00867169
386 0.00862691
387 0.00862356
388 0.00861137
389 0.00858361
390 0.00862141
391 0.00855736
392 0.00857111
393 0.00851426
394 0.00851531
395 0.00844393
396 0.00846215
397 0.00845829
398 0.00847345
399 0.00840936
400 0.00841151
