1 0.666839
2 0.666839
3 0.666839
4 0.666839
5 0.666839
6 0.666839
7 0.666839
8 0.666839
9 0.666839
10 0.666839
11 0.666839
12 0.666839
13 0.666839
14 0.666839
15 0.666839
16 0.666839
17 0.666839
18 0.666839
19 0.666839
20 0.666839
21 0.666839
22 0.666839
23 0.666839
24 0.666839
25 0.666839
26 0.666839
27 0.666839
28 0.666839
29 0.666839
30 0.666839
31 0.666839
32 0.666839
33 0.666839
34 0.666839
35 0.666839
36 0.666839
37 0.666839
38 0.666839
39 0.666839
40 0.666839
41 0.666839
42 0.666839
43 0.666839
44 0.666839
45 0.666839
46 0.666839
47 0.666839
48 0.666839
49 0.666839
50 0.666839
51 0.666839
52 0.666839
53 0.666839
54 0.666839
55 0.666839
56 0.666839
57 0.666839
58 0.666839
59 0.666839
60 0.666839
61 0.666839
62 0.666839
63 0.666839
64 0.666839
65 0.666839
66 0.666839
67 0.666839
68 0.666839
69 0.666839
70 0.666839
71 0.666839
72 0.666839
73 0.666839
74 0.666839
75 0.666839
76 0.666839
77 0.666839
78 0.666839
79 0.666839
80 0.666839
81 0.666839
82 0.666839
83 0.666839
84 0.666839
85 0.666839
86 0.666839
87 0.666839
88 0.666839
89 0.666839
90 0.666839
91 0.666839
92 0.666839
93 0.666839
94 0.666839
95 0.666839
96 0.666839
97 0.666839
98 0.666839
99 0.666839
100 0.666839
101 0.666839
102 0.666839
103 0.666839
104 0.666839
105 0.666839
106 0.666839
107 0.666839
108 0.666839
109 0.666839
110 0.666839
111 0.666839
112 0.666839
113 0.666839
114 0.666839
115 0.666839
116 0.666839
117 0.666839
118 0.666839
119 0.666839
120 0.666839
121 0.666839
122 0.666839
123 0.666839
124 0.666839
125 0.666839
126 0.666839
127 0.666839
128 0.666839
129 0.666839
130 0.666839
131 0.666839
132 0.666839
133 0.666839
134 0.666839
135 0.666839
136 0.666839
137 0.666839
138 0.666839
139 0.666839
140 0.666839
141 0.666839
142 0.666839
143 0.666839
144 0.666839
145 0.666839
146 0.666839
147 0.666839
148 0.666839
149 0.666839
150 0.666839
151 0.666839
152 0.666839
153 0.666839
154 0.666839
155 0.666839
156 0.666839
157 0.666839
158 0.666839
159 0.666839
160 0.666839
161 0.666839
162 0.666839
163 0.666839
164 0.666839
165 0.666839
166 0.666839
167 0.666839
168 0.666839
169 0.666839
170 0.666839
171 0.666839
172 0.666839
173 0.666839
174 0.666839
175 0.666839
176 0.666839
177 0.666839
178 0.666839
179 0.666839
180 0.666839
181 0.666839
182 0.666839
183 0.666839
184 0.666839
185 0.666839
186 0.666839
187 0.666839
188 0.666839
189 0.666839
190 0.666839
191 0.666839
192 0.666839
193 0.666839
194 0.666839
195 0.666839
196 0.666839
197 0.666839
198 0.666839
199 0.666839
200 0.666839
201 0.666839
202 0.666839
203 0.666839
204 0.666839
205 0.666839
206 0.666839
207 0.666839
208 0.666839
209 0.666839
210 0.666839
211 0.666839
212 0.666839
213 0.666839
214 0.666839
215 0.666839
216 0.666839
217 0.666839
218 0.666839
219 0.666839
220 0.666839
221 0.666839
222 0.666839
223 0.666839
224 0.666839
225 0.666839
226 0.666839
227 0.666839
228 0.666839
229 0.666839
230 0.666839
231 0.666839
232 0.666839
233 0.666839
234 0.666839
235 0.666839
236 0.666839
237 0.666839
238 0.666839
239 0.666839
240 0.666839
241 0.666839
242 0.666839
243 0.666839
244 0.666839
245 0.666839
246 0.666839
247 0.666839
248 0.666839
249 0.666839
250 0.666839
251 0.666839
252 0.666839
253 0.666839
254 0.666839
255 0.666839
256 0.666839
257 0.666839
258 0.666839
259 0.666839
260 0.666839
261 0.666839
262 0.666839
263 0.666839
264 0.666839
265 0.666839
266 0.666839
267 0.666839
268 0.666839
269 0.666839
270 0.666839
271 0.666839
272 0.666839
273 0.666839
274 0.666839
275 0.666839
276 0.666839
277 0.666839
278 0.666839
279 0.666839
280 0.666839
281 0.666839
282 0.666839
283 0.666839
284 0.666839
285 0.666839
286 0.666839
287 0.666839
288 0.666839
289 0.666839
290 0.666839
291 0.666839
292 0.666839
293 0.666839
294 0.666839
295 0.666839
296 0.666839
297 0.666839
298 0.666839
299 0.666839
300 0.666839
301 0.666839
302 0.666839
303 0.666839
304 0.666839
305 0.666839
306 0.666839
307 0.666839
308 0.666839
309 0.666839
310 0.666839
311 0.666839
312 0.666839
313 0.666839
314 0.666839
315 0.666839
316 0.666839
317 0.666839
318 0.666839
319 0.666839
320 0.666839
321 0.666839
322 0.666839
323 0.666839
324 0.666839
325 0.666839
326 0.666839
327 0.666839
328 0.666839
329 0.666839
330 0.666839
331 0.666839
332 0.666839
333 0.666839
334 0.666839
335 0.666839
336 0.666839
337 0.666839
338 0.666839
339 0.666839
340 0.666839
341 0.666839
342 0.666839
343 0.666839
344 0.666839
345 0.666839
346 0.666839
347 0.666839
348 0.666839
349 0.666839
350 0.666839
351 0.666839
352 0.666839
353 0.666839
354 0.666839
355 0.666839
356 0.666839
357 0.666839
358 0.666839
359 0.666839
360 0.666839
361 0.666839
362 0.666839
363 0.666839
364 0.666839
365 0.666839
366 0.666839
367 0.666839
368 0.666839
369 0.666839
370 0.666839
371 0.666839
372 0.666839
373 0.666839
374 0.666839
375 0.666839
376 0.666839
377 0.666839
378 0.666839
379 0.666839
380 0.666839
381 0.666839
382 0.666839
383 0.666839
384 0.666839
385 0.666839
386 0.666839
387 0.666839
388 0.666839
389 0.666839
390 0.666839
391 0.666839
392 0.666839
393 0.666839
394 0.666839
395 0.666839
396 0.666839
397 0.666839
398 0.666839
399 0.666839
400 0.666839
