1 0.5
2 0.381861
3 0.333308
4 0.306023
5 0.288721
6 0.27635
7 0.267121
8 0.260814
9 0.256226
10 0.252887
11 0.250341
12 0.248246
13 0.246897
14 0.245517
15 0.244794
16 0.244038
17 0.243434
18 0.242946
19 0.242785
20 0.242445
21 0.242116
22 0.242052
23 0.241949
24 0.241657
25 0.241585
26 0.241579
27 0.24157
28 0.241317
29 0.241391
30 0.24121
31 0.241213
32 0.241065
33 0.241129
34 0.241036
35 0.241011
36 0.240904
37 0.240959
38 0.240876
39 0.240956
40 0.24086
41 0.240816
42 0.240803
43 0.240808
44 0.240852
45 0.240866
46 0.240827
47 0.240767
48 0.240716
49 0.240702
50 0.240671
51 0.240626
52 0.240692
53 0.240707
54 0.240654
55 0.240669
56 0.240642
57 0.240792
58 0.240645
59 0.240584
60 0.240593
61 0.240641
62 0.240599
63 0.240577
64 0.240352
65 0.240651
66 0.240614
67 0.240525
68 0.240565
69 0.240548
70 0.240524
71 0.240472
72 0.240472
73 0.240348
74 0.240487
75 0.240431
76 0.240469
77 0.240415
78 0.240437
79 0.24041
80 0.24039
81 0.240411
82 0.24033
83 0.240385
84 0.240301
85 0.240201
86 0.240342
87 0.240346
88 0.240331
89 0.240362
90 0.240299
91 0.240339
92 0.240286
93 0.240299
94 0.240226
95 0.240208
96 0.240156
97 0.240226
98 0.240155
99 0.240207
100 0.240156
101 0.240089
102 0.240052
103 0.240169
104 0.240121
105 0.240143
106 0.240069
107 0.240037
108 0.240059
109 0.239996
110 0.240063
111 0.240046
112 0.240017
113 0.239961
114 0.23994
115 0.240026
116 0.239988
117 0.240057
118 0.239944
119 0.239924
120 0.239934
121 0.239921
122 0.239975
123 0.23989
124 0.239928
125 0.239872
126 0.239847
127 0.239854
128 0.239879
129 0.239919
130 0.239888
131 0.239863
132 0.239828
133 0.23979
134 0.239794
135 0.239849
136 0.239806
137 0.239768
138 0.239774
139 0.23975
140 0.239756
141 0.239764
142 0.239732
143 0.23971
144 0.239721
145 0.239716
146 0.239763
147 0.239642
148 0.239656
149 0.239668
150 0.239625
151 0.239624
152 0.239651
153 0.239624
154 0.239594
155 0.239622
156 0.239561
157 0.239592
158 0.239555
159 0.239602
160 0.239543
161 0.239557
162 0.239543
163 0.239525
164 0.239508
165 0.239517
166 0.239511
167 0.239536
168 0.239454
169 0.239411
170 0.23936
171 0.239628
172 0.239476
173 0.239467
174 0.239453
175 0.239427
176 0.239427
177 0.23941
178 0.239463
179 0.239425
180 0.239405
181 0.239329
182 0.239402
183 0.239411
184 0.239386
185 0.239333
186 0.239386
187 0.23934
188 0.239323
189 0.239325
190 0.239302
191 0.239332
192 0.239217
193 0.239315
194 0.239322
195 0.239372
196 0.239267
197 0.239335
198 0.239299
199 0.239246
200 0.239251
201 0.239223
202 0.239222
203 0.239226
204 0.239237
205 0.239122
206 0.239195
207 0.239207
208 0.239182
209 0.239162
210 0.239187
211 0.239165
212 0.239121
213 0.239138
214 0.239147
215 0.239141
216 0.239131
217 0.239127
218 0.239104
219 0.239117
220 0.23913
221 0.2391
222 0.239094
223 0.239113
224 0.239086
225 0.239083
226 0.23907
227 0.239121
228 0.239048
229 0.239083
230 0.239054
231 0.239038
232 0.239055
233 0.239082
234 0.239055
235 0.239022
236 0.239052
237 0.238979
238 0.23898
239 0.239022
240 0.238988
241 0.238923
242 0.238974
243 0.238982
244 0.23896
245 0.238958
246 0.238926
247 0.238931
248 0.238972
249 0.238961
250 0.238937
251 0.238915
252 0.238924
253 0.238906
254 0.238901
255 0.238816
256 0.238962
257 0.239007
258 0.238959
259 0.23892
260 0.238892
261 0.238908
262 0.238871
263 0.238905
264 0.238884
265 0.238862
266 0.23886
267 0.238894
268 0.238877
269 0.238838
270 0.238867
271 0.238809
272 0.238853
273 0.238916
274 0.238807
275 0.238815
276 0.238808
277 0.238821
278 0.2388
279 0.238792
280 0.238797
281 0.238805
282 0.238809
283 0.238777
284 0.238785
285 0.238755
286 0.238773
287 0.238743
288 0.238755
289 0.238739
290 0.238752
291 0.238756
292 0.238792
293 0.238714
294 0.238705
295 0.238724
296 0.238695
297 0.238735
298 0.238732
299 0.238697
300 0.238691
301 0.23869
302 0.23867
303 0.238684
304 0.238694
305 0.238689
306 0.238675
307 0.23859
308 0.238663
309 0.23866
310 0.238672
311 0.238631
312 0.238626
313 0.238653
314 0.238651
315 0.238699
316 0.23862
317 0.238634
318 0.238637
319 0.238609
320 0.23855
321 0.238623
322 0.238608
323 0.23861
324 0.238606
325 0.238595
326 0.238588
327 0.238542
328 0.238565
329 0.23855
330 0.238568
331 0.238537
332 0.238581
333 0.23858
334 0.238575
335 0.238553
336 0.238545
337 0.23854
338 0.238526
339 0.238538
340 0.238547
341 0.238625
342 0.238463
343 0.238505
344 0.238509
345 0.238539
346 0.238484
347 0.23851
348 0.238475
349 0.23848
350 0.238473
351 0.238517
352 0.238465
353 0.238475
354 0.238482
355 0.23847
356 0.238497
357 0.238437
358 0.238467
359 0.238452
360 0.238457
361 0.238483
362 0.238428
363 0.238449
364 0.238433
365 0.238443
366 0.238466
367 0.238425
368 0.238447
369 0.238406
370 0.238426
371 0.238432
372 0.238433
373 0.238401
374 0.238426
375 0.238375
376 0.238385
377 0.238421
378 0.238384
379 0.238381
380 0.238399
381 0.238406
382 0.238352
383 0.238364
384 0.238391
385 0.238388
386 0.23837
387 0.238383
388 0.238347
389 0.238345
390 0.238387
391 0.23835
392 0.238352
393 0.238338
394 0.238341
395 0.238346
396 0.238337
397 0.238303
398 0.238307
399 0.238301
400 0.238325
