1 0.500304
2 0.499972
3 0.499809
4 0.499916
5 0.500022
6 0.499976
7 0.516557
8 0.533381
9 0.55017
10 0.565927
11 0.580429
12 0.593521
13 0.605575
14 0.616651
15 0.626769
16 0.636201
17 0.64495
18 0.652967
19 0.660372
20 0.667526
21 0.674002
22 0.680211
23 0.685962
24 0.691498
25 0.69673
26 0.701606
27 0.706094
28 0.710656
29 0.714839
30 0.718993
31 0.72269
32 0.726426
33 0.729883
34 0.733443
35 0.7365
36 0.739674
37 0.742678
38 0.74561
39 0.748281
40 0.751065
41 0.753726
42 0.756104
43 0.758537
44 0.760916
45 0.763134
46 0.765357
47 0.767549
48 0.769631
49 0.77167
50 0.773643
51 0.775637
52 0.777378
53 0.77913
54 0.780982
55 0.782644
56 0.784297
57 0.785808
58 0.787584
59 0.789129
60 0.790572
61 0.792026
62 0.793448
63 0.794834
64 0.796301
65 0.797574
66 0.798907
67 0.800263
68 0.8015
69 0.802723
70 0.803912
71 0.80517
72 0.806337
73 0.807587
74 0.808521
75 0.809742
76 0.810807
77 0.811827
78 0.812849
79 0.813944
80 0.814892
81 0.81586
82 0.816923
83 0.817738
84 0.818786
85 0.819807
86 0.820445
87 0.821424
88 0.82235
89 0.823089
90 0.824036
91 0.824806
92 0.825691
93 0.826374
94 0.827315
95 0.828063
96 0.828864
97 0.829611
98 0.83038
99 0.831074
100 0.831881
101 0.832637
102 0.833378
103 0.833867
104 0.834619
105 0.835266
106 0.836071
107 0.836706
108 0.83738
109 0.838015
110 0.838569
111 0.839249
112 0.839876
113 0.84048
114 0.841191
115 0.841682
116 0.842307
117 0.842768
118 0.843464
119 0.843975
120 0.84455
121 0.845136
122 0.845648
123 0.846242
124 0.846716
125 0.847351
126 0.847872
127 0.84846
128 0.848845
129 0.849192
130 0.849722
131 0.850295
132 0.850782
133 0.851352
134 0.851841
135 0.852274
136 0.852742
137 0.853259
138 0.853658
139 0.854164
140 0.854564
141 0.855017
142 0.855518
143 0.855945
144 0.856359
145 0.856786
146 0.857088
147 0.857681
148 0.858038
149 0.85849
150 0.858884
151 0.859254
152 0.85971
153 0.86011
154 0.860426
155 0.860827
156 0.861237
157 0.861596
158 0.862054
159 0.862375
160 0.862751
161 0.863102
162 0.863516
163 0.863833
164 0.864273
165 0.86456
166 0.864919
167 0.865322
168 0.865712
169 0.866067
170 0.866394
171 0.866654
172 0.866932
173 0.867261
174 0.867623
175 0.867975
176 0.868314
177 0.868685
178 0.868909
179 0.869327
180 0.869603
181 0.869968
182 0.870223
183 0.870529
184 0.870857
185 0.871141
186 0.87135
187 0.871795
188 0.872043
189 0.872325
190 0.872659
191 0.872971
192 0.873216
193 0.873456
194 0.873762
195 0.873969
196 0.874344
197 0.87463
198 0.874881
199 0.875201
200 0.875462
201 0.875728
202 0.875981
203 0.876218
204 0.876419
205 0.876952
206 0.877091
207 0.877311
208 0.877549
209 0.877831
210 0.878005
211 0.878291
212 0.878592
213 0.87883
214 0.879029
215 0.879259
216 0.879568
217 0.879762
218 0.880042
219 0.880269
220 0.880471
221 0.880709
222 0.880942
223 0.881216
224 0.881433
225 0.88165
226 0.881864
227 0.882039
228 0.882422
229 0.882589
230 0.882795
231 0.882989
232 0.883237
233 0.883439
234 0.883621
235 0.883853
236 0.884058
237 0.88434
238 0.88452
239 0.884751
240 0.884946
241 0.88527
242 0.885391
243 0.885612
244 0.885847
245 0.886026
246 0.886276
247 0.886451
248 0.88666
249 0.886876
250 0.887107
251 0.887311
252 0.887504
253 0.887722
254 0.887904
255 0.888077
256 0.888144
257 0.888207
258 0.888369
259 0.888562
260 0.888743
261 0.888938
262 0.889155
263 0.889339
264 0.889517
265 0.889721
266 0.889932
267 0.890068
268 0.890306
269 0.890469
270 0.890688
271 0.890854
272 0.89102
273 0.89112
274 0.891415
275 0.891575
276 0.891739
277 0.891926
278 0.892076
279 0.89221
280 0.892458
281 0.892602
282 0.892759
283 0.892943
284 0.893105
285 0.893263
286 0.893437
287 0.893614
288 0.893756
289 0.893911
290 0.894067
291 0.894189
292 0.894296
293 0.894658
294 0.894751
295 0.89488
296 0.895024
297 0.895168
298 0.895344
299 0.895451
300 0.895614
301 0.895736
302 0.895944
303 0.896074
304 0.896252
305 0.896379
306 0.896541
307 0.896666
308 0.896812
309 0.896943
310 0.897089
311 0.89724
312 0.89741
313 0.89753
314 0.89766
315 0.897738
316 0.898013
317 0.898135
318 0.898282
319 0.898424
320 0.89853
321 0.898639
322 0.898789
323 0.898902
324 0.899092
325 0.899211
326 0.899351
327 0.899481
328 0.899644
329 0.899764
330 0.899865
331 0.900023
332 0.900126
333 0.900257
334 0.900393
335 0.900512
336 0.900639
337 0.900747
338 0.900862
339 0.900969
340 0.901053
341 0.9011
342 0.901598
343 0.901662
344 0.901752
345 0.901858
346 0.901961
347 0.902072
348 0.902191
349 0.902314
350 0.902427
351 0.902523
352 0.902659
353 0.902751
354 0.902908
355 0.90302
356 0.903105
357 0.903275
358 0.90339
359 0.903466
360 0.90359
361 0.903688
362 0.903861
363 0.903961
364 0.904066
365 0.904197
366 0.904315
367 0.904417
368 0.904532
369 0.904651
370 0.904746
371 0.904847
372 0.904923
373 0.905165
374 0.905253
375 0.905355
376 0.90545
377 0.905549
378 0.905684
379 0.905782
380 0.90591
381 0.906004
382 0.906135
383 0.906239
384 0.9063
385 0.906359
386 0.906461
387 0.906571
388 0.906679
389 0.906788
390 0.906858
391 0.907025
392 0.907112
393 0.907209
394 0.907385
395 0.907461
396 0.907547
397 0.907658
398 0.907754
399 0.907859
400 0.907961
