1 0.499713
2 0.516386
3 0.524874
4 0.532577
5 0.538518
6 0.545466
7 0.549027
8 0.55462
9 0.558734
10 0.561059
11 0.564942
12 0.568586
13 0.57138
14 0.574636
15 0.577253
16 0.578816
17 0.582311
18 0.584231
19 0.586498
20 0.588337
21 0.590694
22 0.592517
23 0.594613
24 0.595605
25 0.597262
26 0.598683
27 0.600216
28 0.602155
29 0.604379
30 0.604637
31 0.605908
32 0.60725
33 0.608725
34 0.610009
35 0.611241
36 0.612305
37 0.61347
38 0.615021
39 0.615412
40 0.616397
41 0.617498
42 0.617593
43 0.618704
44 0.620073
45 0.620765
46 0.622095
47 0.622985
48 0.622799
49 0.624721
50 0.624897
51 0.625021
52 0.627489
53 0.627113
54 0.628282
55 0.628775
56 0.629615
57 0.629962
58 0.631041
59 0.632612
60 0.632402
61 0.633345
62 0.633232
63 0.634236
64 0.634116
65 0.634795
66 0.636179
67 0.636227
68 0.637291
69 0.637012
70 0.637583
71 0.638243
72 0.639235
73 0.639528
74 0.640073
75 0.640995
76 0.641034
77 0.640221
78 0.641989
79 0.642508
80 0.642954
81 0.64349
82 0.643767
83 0.644268
84 0.644491
85 0.645752
86 0.644886
87 0.645853
88 0.64736
89 0.647182
90 0.647118
91 0.647065
92 0.647617
93 0.648424
94 0.64839
95 0.648636
96 0.649189
97 0.650202
98 0.650002
99 0.650287
100 0.650423
101 0.651434
102 0.650855
103 0.651824
104 0.652649
105 0.65146
106 0.652659
107 0.652493
108 0.653013
109 0.653846
110 0.655207
111 0.654038
112 0.653563
113 0.654644
114 0.655435
115 0.654702
116 0.655175
117 0.655452
118 0.655937
119 0.656631
120 0.656748
121 0.656702
122 0.656919
123 0.657534
124 0.657444
125 0.658388
126 0.658518
127 0.658866
128 0.658312
129 0.658785
130 0.65959
131 0.658892
132 0.659842
133 0.660105
134 0.660738
135 0.660926
136 0.661959
137 0.660971
138 0.66119
139 0.661465
140 0.661242
141 0.661785
142 0.66254
143 0.663241
144 0.661954
145 0.663552
146 0.662236
147 0.662577
148 0.662396
149 0.663835
150 0.663604
151 0.66435
152 0.664045
153 0.663316
154 0.664218
155 0.664257
156 0.664583
157 0.664337
158 0.665351
159 0.665109
160 0.665454
161 0.664963
162 0.664893
163 0.666095
164 0.666584
165 0.666486
166 0.666261
167 0.667316
168 0.66688
169 0.666739
170 0.667302
171 0.667304
172 0.667661
173 0.668023
174 0.667727
175 0.666794
176 0.667413
177 0.668687
178 0.668313
179 0.66807
180 0.669623
181 0.668648
182 0.669623
183 0.669142
184 0.668444
185 0.668644
186 0.670019
187 0.670418
188 0.669711
189 0.670255
190 0.670617
191 0.670583
192 0.67025
193 0.670789
194 0.670842
195 0.671134
196 0.670804
197 0.671383
198 0.671192
199 0.671535
200 0.672345
201 0.671398
202 0.671446
203 0.672407
204 0.672905
205 0.673122
206 0.673184
207 0.672385
208 0.67302
209 0.672624
210 0.672884
211 0.673612
212 0.673559
213 0.673749
214 0.674365
215 0.672901
216 0.674572
217 0.673597
218 0.673237
219 0.674375
220 0.674301
221 0.67364
222 0.67392
223 0.674416
224 0.67511
225 0.675127
226 0.675554
227 0.675727
228 0.675737
229 0.675201
230 0.674318
231 0.675242
232 0.675059
233 0.675993
234 0.675415
235 0.67571
236 0.675654
237 0.676395
238 0.676205
239 0.676106
240 0.676091
241 0.676176
242 0.676528
243 0.675927
244 0.677251
245 0.675849
246 0.676909
247 0.677039
248 0.67678
249 0.676776
250 0.678321
251 0.677343
252 0.677369
253 0.677618
254 0.678231
255 0.677874
256 0.677585
257 0.678778
258 0.677903
259 0.678512
260 0.678959
261 0.678765
262 0.677357
263 0.678472
264 0.679735
265 0.678723
266 0.679413
267 0.679527
268 0.679734
269 0.679544
270 0.678479
271 0.679327
272 0.678691
273 0.679765
274 0.680771
275 0.680248
276 0.679861
277 0.680362
278 0.680164
279 0.679726
280 0.680296
281 0.680788
282 0.680282
283 0.679918
284 0.68056
285 0.681479
286 0.680882
287 0.680073
288 0.680141
289 0.680696
290 0.681339
291 0.681182
292 0.680483
293 0.680973
294 0.680716
295 0.682168
296 0.680477
297 0.682008
298 0.681312
299 0.682438
300 0.681845
301 0.681985
302 0.682002
303 0.681748
304 0.681478
305 0.681694
306 0.682277
307 0.682141
308 0.683221
309 0.682368
310 0.682342
311 0.68335
312 0.682612
313 0.682147
314 0.682776
315 0.682738
316 0.683746
317 0.682408
318 0.68243
319 0.6828
320 0.682755
321 0.683316
322 0.683323
323 0.682994
324 0.684435
325 0.683428
326 0.68401
327 0.683737
328 0.684716
329 0.684329
330 0.683779
331 0.684258
332 0.684187
333 0.685
334 0.684151
335 0.684805
336 0.6844
337 0.684458
338 0.684565
339 0.684516
340 0.684088
341 0.685116
342 0.684504
343 0.684912
344 0.684843
345 0.685804
346 0.685953
347 0.685954
348 0.684707
349 0.685453
350 0.686067
351 0.685491
352 0.685081
353 0.686084
354 0.684983
355 0.685951
356 0.685207
357 0.685962
358 0.685933
359 0.685627
360 0.685552
361 0.68608
362 0.686218
363 0.686263
364 0.686152
365 0.686404
366 0.686424
367 0.686012
368 0.686622
369 0.686919
370 0.686522
371 0.686017
372 0.686452
373 0.687141
374 0.68711
375 0.687177
376 0.686628
377 0.686807
378 0.686998
379 0.686529
380 0.686551
381 0.686991
382 0.687184
383 0.687488
384 0.68701
385 0.687264
386 0.687918
387 0.68793
388 0.687553
389 0.687358
390 0.688128
391 0.68707
392 0.687678
393 0.688381
394 0.687193
395 0.688499
396 0.688128
397 0.687839
398 0.688442
399 0.687507
400 0.687388
