1 0.5
2 0.359176
3 0.297764
4 0.261583
5 0.237275
6 0.219419
7 0.205713
8 0.195007
9 0.186068
10 0.178629
11 0.172191
12 0.166561
13 0.161841
14 0.157231
15 0.153957
16 0.150241
17 0.147076
18 0.144114
19 0.141741
20 0.139425
21 0.136803
22 0.135037
23 0.133155
24 0.131097
25 0.129645
26 0.128181
27 0.126734
28 0.125273
29 0.124402
30 0.123056
31 0.121687
32 0.1204
33 0.119237
34 0.118866
35 0.11762
36 0.116428
37 0.11564
38 0.114894
39 0.114416
40 0.113649
41 0.112856
42 0.111705
43 0.111233
44 0.111003
45 0.110254
46 0.109386
47 0.108826
48 0.108391
49 0.107978
50 0.107566
51 0.107133
52 0.106412
53 0.10601
54 0.105091
55 0.105153
56 0.104644
57 0.10471
58 0.104079
59 0.103446
60 0.103009
61 0.102543
62 0.102189
63 0.101758
64 0.101131
65 0.101385
66 0.10076
67 0.100581
68 0.100242
69 0.100022
70 0.0995566
71 0.0991968
72 0.0987826
73 0.0979261
74 0.0982849
75 0.0979342
76 0.0980019
77 0.0977734
78 0.0975182
79 0.0975931
80 0.0971812
81 0.0967532
82 0.0969722
83 0.0963799
84 0.0960438
85 0.0965799
86 0.095664
87 0.0956397
88 0.0955475
89 0.0952635
90 0.0948932
91 0.0949128
92 0.0945898
93 0.0942142
94 0.0944089
95 0.0940277
96 0.0938788
97 0.093804
98 0.0938263
99 0.0935003
100 0.0933192
101 0.093153
102 0.0937435
103 0.0929538
104 0.0929084
105 0.0926595
106 0.0924412
107 0.0924824
108 0.0921746
109 0.0918456
110 0.0920889
111 0.0917737
112 0.091649
113 0.0912412
114 0.0913137
115 0.0912274
116 0.0912743
117 0.0913267
118 0.0912874
119 0.0907202
120 0.0906577
121 0.090485
122 0.090318
123 0.0903952
124 0.0902457
125 0.0900727
126 0.0897367
127 0.0899449
128 0.0896826
129 0.089705
130 0.0894516
131 0.0894
132 0.08948
133 0.0890874
134 0.0892724
135 0.0892058
136 0.0889128
137 0.0888642
138 0.088759
139 0.088417
140 0.0885844
141 0.0884955
142 0.0883187
143 0.0883366
144 0.088096
145 0.0881224
146 0.0879987
147 0.0878072
148 0.0878808
149 0.0877483
150 0.0875192
151 0.0875408
152 0.0873589
153 0.087335
154 0.0872763
155 0.0873525
156 0.0871678
157 0.0870823
158 0.0870593
159 0.0869883
160 0.0868712
161 0.086796
162 0.0866942
163 0.0865354
164 0.0866857
165 0.0865271
166 0.0863012
167 0.0863064
168 0.0861813
169 0.0861922
170 0.0870278
171 0.0871081
172 0.0858926
173 0.0858091
174 0.0857394
175 0.0859626
176 0.0858386
177 0.0856546
178 0.0854061
179 0.0856177
180 0.0855041
181 0.0853021
182 0.0852425
183 0.0852229
184 0.0853035
185 0.0851055
186 0.0846681
187 0.085333
188 0.0848781
189 0.0848609
190 0.0846941
191 0.084823
192 0.0844402
193 0.0847739
194 0.0846966
195 0.0847001
196 0.084583
197 0.0848409
198 0.0843535
199 0.0844125
200 0.084275
201 0.0842416
202 0.084182
203 0.0842103
204 0.0839178
205 0.0843597
206 0.0838009
207 0.0840477
208 0.0840277
209 0.0835883
210 0.0836762
211 0.0837598
212 0.0835634
213 0.0834861
214 0.0838251
215 0.0835566
216 0.0834416
217 0.0834574
218 0.0833178
219 0.0833396
220 0.0833984
221 0.0832983
222 0.0831834
223 0.0831187
224 0.0831323
225 0.0829507
226 0.0830385
227 0.083109
228 0.0830247
229 0.0830586
230 0.0828461
231 0.0828319
232 0.082874
233 0.0828842
234 0.0826103
235 0.0826839
236 0.0826554
237 0.0825022
238 0.0824174
239 0.0826826
240 0.0823903
241 0.0824776
242 0.0823713
243 0.0822788
244 0.0822904
245 0.0823264
246 0.0822047
247 0.0822064
248 0.0822488
249 0.0822038
250 0.0821345
251 0.0820747
252 0.0819142
253 0.0820307
254 0.0818057
255 0.0829406
256 0.0819105
257 0.0806668
258 0.0817713
259 0.0816617
260 0.0816407
261 0.0816146
262 0.0815126
263 0.0816456
264 0.0815788
265 0.0813292
266 0.0814852
267 0.0815353
268 0.0814669
269 0.0812086
270 0.0811778
271 0.0810585
272 0.0812722
273 0.0812708
274 0.0811186
275 0.0811495
276 0.0810174
277 0.0811289
278 0.0808028
279 0.0809163
280 0.0810782
281 0.08092
282 0.0810716
283 0.0807917
284 0.0809207
285 0.080688
286 0.0808437
287 0.0806511
288 0.0805512
289 0.080659
290 0.0807825
291 0.0805573
292 0.0806921
293 0.0805031
294 0.0803874
295 0.0803651
296 0.0803098
297 0.0804333
298 0.0804122
299 0.0804316
300 0.0803158
301 0.0802105
302 0.0802189
303 0.0803043
304 0.0801715
305 0.0803024
306 0.0799886
307 0.0796147
308 0.0801548
309 0.0799323
310 0.0799945
311 0.079912
312 0.0799994
313 0.0799211
314 0.0799377
315 0.0799575
316 0.0798709
317 0.0800254
318 0.0797752
319 0.0798345
320 0.0796149
321 0.0798991
322 0.0797143
323 0.0795614
324 0.0795904
325 0.0795734
326 0.0794349
327 0.0793177
328 0.079519
329 0.0795344
330 0.0794118
331 0.0791857
332 0.0794607
333 0.0793874
334 0.0791707
335 0.0793885
336 0.0793222
337 0.0792186
338 0.079197
339 0.0792487
340 0.0792484
341 0.0791046
342 0.0791998
343 0.0792115
344 0.0792141
345 0.0792194
346 0.0789673
347 0.0791541
348 0.0789794
349 0.0790143
350 0.0789751
351 0.0791091
352 0.0788011
353 0.0789432
354 0.0789462
355 0.0788786
356 0.0789573
357 0.0785983
358 0.0787634
359 0.0788924
360 0.0787616
361 0.078774
362 0.078574
363 0.0786751
364 0.0785545
365 0.0787332
366 0.0783623
367 0.0784444
368 0.0786572
369 0.0784123
370 0.0784845
371 0.0784567
372 0.0784902
373 0.0785314
374 0.0786447
375 0.0783399
376 0.0783062
377 0.0784923
378 0.0782342
379 0.0782906
380 0.078302
381 0.0783315
382 0.0781675
383 0.0783172
384 0.0782923
385 0.0782447
386 0.078199
387 0.0782281
388 0.0780926
389 0.0782352
390 0.0779474
391 0.0781124
392 0.0780954
393 0.0781277
394 0.0780269
395 0.0780181
396 0.0779887
397 0.077944
398 0.0781008
399 0.0777784
400 0.077914
