1 0.250242
2 0.249728
3 0.249577
4 0.250242
5 0.249728
6 0.249577
7 0.166393
8 0.125036
9 0.124994
10 0.0973677
11 0.0832577
12 0.0833877
13 0.0662975
14 0.06132
15 0.0576431
16 0.0524366
17 0.0488871
18 0.0464851
19 0.043081
20 0.0411013
21 0.0387832
22 0.0368045
23 0.0355157
24 0.0338764
25 0.0324707
26 0.0312026
27 0.0300013
28 0.0290813
29 0.0277975
30 0.0269923
31 0.0263421
32 0.0255196
33 0.0249768
34 0.0242129
35 0.0234774
36 0.023005
37 0.0224432
38 0.02184
39 0.0213912
40 0.0209261
41 0.0205328
42 0.0201306
43 0.0195781
44 0.0193228
45 0.0190834
46 0.018696
47 0.0183135
48 0.018182
49 0.0178514
50 0.0175016
51 0.0172241
52 0.0169873
53 0.0167906
54 0.0165297
55 0.0163471
56 0.0161362
57 0.0158764
58 0.0158316
59 0.0156597
60 0.0154931
61 0.0152507
62 0.0151092
63 0.0149069
64 0.0146808
65 0.0145902
66 0.0145806
67 0.0144279
68 0.0143782
69 0.0142213
70 0.0141146
71 0.0139502
72 0.0138205
73 0.0138079
74 0.0135933
75 0.013543
76 0.0134983
77 0.0132813
78 0.0132582
79 0.0131747
80 0.0131354
81 0.0129807
82 0.0129247
83 0.0128357
84 0.0128421
85 0.0127033
86 0.0126973
87 0.0125275
88 0.0124524
89 0.0125176
90 0.012418
91 0.0122966
92 0.012156
93 0.0121292
94 0.0121622
95 0.0120806
96 0.0120526
97 0.0119831
98 0.0119505
99 0.0117427
100 0.0117503
101 0.0117788
102 0.0117159
103 0.0116332
104 0.0116228
105 0.0116143
106 0.0115072
107 0.0114538
108 0.0115262
109 0.0113305
110 0.0113508
111 0.0113148
112 0.0112922
113 0.0112303
114 0.0112147
115 0.0111829
116 0.0112369
117 0.0110783
118 0.0110956
119 0.0109769
120 0.0109778
121 0.0109896
122 0.0109421
123 0.0108855
124 0.0109722
125 0.0108767
126 0.0108864
127 0.0108416
128 0.0108754
129 0.0107709
130 0.0107141
131 0.0106516
132 0.0107271
133 0.0106229
134 0.0106075
135 0.010634
136 0.0105617
137 0.0106164
138 0.010625
139 0.0105449
140 0.0105883
141 0.0104219
142 0.0105381
143 0.0104513
144 0.0103544
145 0.0103751
146 0.0104337
147 0.010351
148 0.0103077
149 0.0102764
150 0.0103466
151 0.0102937
152 0.0102277
153 0.0102009
154 0.0102485
155 0.010189
156 0.0102702
157 0.0101012
158 0.0101938
159 0.0101446
160 0.0101184
161 0.0101152
162 0.0101108
163 0.0101648
164 0.0101233
165 0.0100632
166 0.0100191
167 0.010031
168 0.0100063
169 0.0100533
170 0.00998941
171 0.00995974
172 0.0100077
173 0.00998391
174 0.0099733
175 0.00992635
176 0.00992043
177 0.00992258
178 0.00992343
179 0.00988579
180 0.00989028
181 0.00979991
182 0.00985931
183 0.00985004
184 0.00985179
185 0.00978696
186 0.00982428
187 0.00981069
188 0.00974867
189 0.00971018
190 0.00976698
191 0.00971157
192 0.00972407
193 0.00973194
194 0.00965709
195 0.00965481
196 0.00967707
197 0.00971999
198 0.00963692
199 0.00979038
200 0.0096294
201 0.009662
202 0.00961006
203 0.00968677
204 0.00959732
205 0.00962706
206 0.00957977
207 0.00961556
208 0.00961196
209 0.00955484
210 0.00961747
211 0.00954008
212 0.00960294
213 0.00952961
214 0.00957768
215 0.00955041
216 0.00951229
217 0.009597
218 0.00949851
219 0.00947045
220 0.00947348
221 0.00944628
222 0.00950755
223 0.00947191
224 0.00946466
225 0.00946027
226 0.00941862
227 0.00945853
228 0.00945979
229 0.00945596
230 0.00946662
231 0.00942638
232 0.00938416
233 0.00939247
234 0.00939016
235 0.00942585
236 0.00938142
237 0.00935909
238 0.00935548
239 0.00934597
240 0.00935
241 0.00935604
242 0.00938266
243 0.00930462
244 0.00935718
245 0.00933651
246 0.00934964
247 0.00934301
248 0.00936513
249 0.00929275
250 0.0092938
251 0.00931351
252 0.00928817
253 0.00921142
254 0.00926684
255 0.00929826
256 0.00925614
257 0.00923812
258 0.00932005
259 0.00925516
260 0.00925202
261 0.00921671
262 0.00924992
263 0.00922287
264 0.00923638
265 0.00924907
266 0.00928481
267 0.00919152
268 0.00925022
269 0.00920183
270 0.00921707
271 0.00925833
272 0.00915588
273 0.00911429
274 0.00927647
275 0.00914016
276 0.00919271
277 0.00916626
278 0.00920746
279 0.00918008
280 0.00917735
281 0.00915806
282 0.00915368
283 0.00912293
284 0.00917521
285 0.00919863
286 0.00916756
287 0.00911363
288 0.00912578
289 0.00915565
290 0.00910089
291 0.00912279
292 0.00905984
293 0.00913257
294 0.00910317
295 0.00912835
296 0.00908663
297 0.00914486
298 0.00910503
299 0.0090662
300 0.00910337
301 0.00904603
302 0.00906888
303 0.00907651
304 0.00907714
305 0.00905393
306 0.00905926
307 0.00908116
308 0.00908742
309 0.00900164
310 0.00904492
311 0.00902234
312 0.00904038
313 0.00905366
314 0.00900469
315 0.00904981
316 0.00899627
317 0.00905506
318 0.00907111
319 0.00903382
320 0.0089997
321 0.00903877
322 0.00903823
323 0.00903697
324 0.00900535
325 0.0090259
326 0.00895214
327 0.00899039
328 0.00897658
329 0.00900598
330 0.00895946
331 0.00895295
332 0.00900016
333 0.00898824
334 0.00898424
335 0.00900831
336 0.0089321
337 0.00898174
338 0.00898351
339 0.00895016
340 0.00900656
341 0.00900151
342 0.00897471
343 0.0089987
344 0.0089657
345 0.00893715
346 0.00894874
347 0.00897594
348 0.0089294
349 0.00893796
350 0.0088904
351 0.00894396
352 0.00892948
353 0.00892249
354 0.00888043
355 0.00894368
356 0.00892333
357 0.00889269
358 0.00888293
359 0.00891501
360 0.00893706
361 0.00895826
362 0.00893449
363 0.00897816
364 0.00884389
365 0.0089067
366 0.00893198
367 0.00891343
368 0.00890413
369 0.00889794
370 0.00893953
371 0.00891135
372 0.00889711
373 0.00883452
374 0.00890107
375 0.00890035
376 0.00883846
377 0.00883827
378 0.00888306
379 0.00887715
380 0.00883621
381 0.00880837
382 0.00885482
383 0.00892472
384 0.00886784
385 0.00888791
386 0.00884123
387 0.00883689
388 0.0088705
389 0.00885909
390 0.0088417
391 0.00884523
392 0.00882461
393 0.00885332
394 0.00877658
395 0.00882741
396 0.00875838
397 0.00883311
398 0.00879087
399 0.00883898
400 0.00879922
