1 0.332797
2 0.333576
3 0.333627
4 0.332797
5 0.333576
6 0.333627
7 0.458678
8 0.532685
9 0.53308
10 0.589598
11 0.620413
12 0.619964
13 0.662972
14 0.676819
15 0.686727
16 0.701915
17 0.712754
18 0.719381
19 0.731093
20 0.737612
21 0.745619
22 0.751683
23 0.756726
24 0.762557
25 0.767684
26 0.772416
27 0.776771
28 0.780857
29 0.785095
30 0.788638
31 0.791419
32 0.794487
33 0.796527
34 0.800095
35 0.803201
36 0.805044
37 0.807427
38 0.809864
39 0.812494
40 0.814122
41 0.815993
42 0.817599
43 0.819932
44 0.821531
45 0.822442
46 0.824132
47 0.825937
48 0.826578
49 0.828077
50 0.829828
51 0.830955
52 0.832665
53 0.833447
54 0.834397
55 0.835321
56 0.836786
57 0.837722
58 0.838466
59 0.839325
60 0.839998
61 0.841363
62 0.842097
63 0.843453
64 0.844227
65 0.844845
66 0.844843
67 0.845375
68 0.846264
69 0.846844
70 0.847268
71 0.848349
72 0.848857
73 0.849237
74 0.850396
75 0.850488
76 0.851461
77 0.852205
78 0.852137
79 0.852575
80 0.852829
81 0.853537
82 0.853707
83 0.854347
84 0.854793
85 0.855525
86 0.855191
87 0.856302
88 0.856881
89 0.856485
90 0.857271
91 0.858059
92 0.858996
93 0.858651
94 0.858561
95 0.859081
96 0.859214
97 0.859976
98 0.859985
99 0.861419
100 0.861181
101 0.861273
102 0.861404
103 0.861995
104 0.862198
105 0.862138
106 0.862898
107 0.862808
108 0.863021
109 0.863874
110 0.864227
111 0.864178
112 0.864376
113 0.864369
114 0.864906
115 0.865254
116 0.864578
117 0.865175
118 0.865266
119 0.866528
120 0.866034
121 0.866435
122 0.866343
123 0.866781
124 0.866414
125 0.867041
126 0.867095
127 0.867165
128 0.866896
129 0.867577
130 0.868062
131 0.868632
132 0.868128
133 0.86835
134 0.869008
135 0.868831
136 0.868963
137 0.86895
138 0.869025
139 0.869389
140 0.869221
141 0.870296
142 0.869247
143 0.869736
144 0.870343
145 0.870002
146 0.870413
147 0.870417
148 0.871364
149 0.871487
150 0.871159
151 0.870767
152 0.871458
153 0.871799
154 0.871231
155 0.872008
156 0.871452
157 0.872641
158 0.871981
159 0.871882
160 0.872298
161 0.872322
162 0.872447
163 0.872155
164 0.872478
165 0.872713
166 0.873208
167 0.872995
168 0.8731
169 0.872585
170 0.873241
171 0.873418
172 0.873041
173 0.8734
174 0.873809
175 0.873785
176 0.873736
177 0.873993
178 0.873866
179 0.87451
180 0.874204
181 0.874378
182 0.87447
183 0.874474
184 0.874457
185 0.874848
186 0.874537
187 0.874755
188 0.875007
189 0.875545
190 0.874941
191 0.875451
192 0.875574
193 0.875186
194 0.87576
195 0.875776
196 0.875471
197 0.875098
198 0.876037
199 0.875172
200 0.876094
201 0.875847
202 0.876223
203 0.875612
204 0.876177
205 0.875953
206 0.876385
207 0.876335
208 0.87652
209 0.876471
210 0.876492
211 0.876855
212 0.876516
213 0.876782
214 0.876693
215 0.876728
216 0.876541
217 0.876434
218 0.877005
219 0.877293
220 0.877343
221 0.877202
222 0.876955
223 0.877182
224 0.877479
225 0.877448
226 0.877966
227 0.877512
228 0.877353
229 0.877796
230 0.877618
231 0.877689
232 0.877658
233 0.877889
234 0.877875
235 0.878023
236 0.878043
237 0.878354
238 0.878593
239 0.878476
240 0.878538
241 0.878244
242 0.87816
243 0.878621
244 0.878544
245 0.878731
246 0.878202
247 0.878428
248 0.878242
249 0.879044
250 0.879185
251 0.878726
252 0.879025
253 0.879416
254 0.879108
255 0.878904
256 0.879104
257 0.879313
258 0.878943
259 0.87907
260 0.879235
261 0.879445
262 0.879454
263 0.879415
264 0.879144
265 0.879094
266 0.878906
267 0.879725
268 0.879243
269 0.879657
270 0.879224
271 0.87918
272 0.879937
273 0.880122
274 0.879389
275 0.880299
276 0.879566
277 0.880145
278 0.879832
279 0.879812
280 0.880037
281 0.879964
282 0.880011
283 0.880022
284 0.879772
285 0.879799
286 0.880152
287 0.880106
288 0.880227
289 0.880074
290 0.880559
291 0.880538
292 0.880677
293 0.880434
294 0.880614
295 0.88051
296 0.880651
297 0.880066
298 0.881095
299 0.88093
300 0.880445
301 0.880857
302 0.880555
303 0.880735
304 0.880623
305 0.880697
306 0.880924
307 0.880754
308 0.880555
309 0.881122
310 0.880973
311 0.881218
312 0.881045
313 0.88109
314 0.881504
315 0.881062
316 0.881146
317 0.880849
318 0.880964
319 0.881384
320 0.881395
321 0.880997
322 0.881058
323 0.881111
324 0.881469
325 0.881072
326 0.881958
327 0.881644
328 0.881729
329 0.881268
330 0.881452
331 0.881529
332 0.881636
333 0.881432
334 0.881738
335 0.881358
336 0.881897
337 0.881773
338 0.881779
339 0.882
340 0.881457
341 0.881561
342 0.881746
343 0.881504
344 0.881997
345 0.881859
346 0.881899
347 0.881613
348 0.882167
349 0.882096
350 0.882195
351 0.881709
352 0.882097
353 0.882011
354 0.882254
355 0.881486
356 0.881711
357 0.881913
358 0.882181
359 0.882382
360 0.881685
361 0.882097
362 0.882279
363 0.881884
364 0.88272
365 0.882112
366 0.881738
367 0.88202
368 0.882349
369 0.882236
370 0.881939
371 0.882088
372 0.882391
373 0.882715
374 0.882051
375 0.882139
376 0.88262
377 0.882914
378 0.882555
379 0.882797
380 0.882958
381 0.882958
382 0.882702
383 0.881907
384 0.882584
385 0.882113
386 0.88251
387 0.882656
388 0.882574
389 0.882906
390 0.883046
391 0.882537
392 0.882855
393 0.882639
394 0.883234
395 0.882979
396 0.883688
397 0.882651
398 0.88311
399 0.882583
400 0.882797
