1 0.332797
2 0.333187
3 0.333238
4 0.333199
5 0.333397
6 0.333238
7 0.351366
8 0.373782
9 0.39161
10 0.411441
11 0.430339
12 0.446004
13 0.463224
14 0.478236
15 0.492004
16 0.505304
17 0.517496
18 0.528684
19 0.539277
20 0.549339
21 0.558777
22 0.567005
23 0.575217
24 0.583383
25 0.590577
26 0.597946
27 0.604421
28 0.610725
29 0.616735
30 0.622692
31 0.628175
32 0.632884
33 0.637643
34 0.642834
35 0.647454
36 0.651782
37 0.655733
38 0.66004
39 0.664162
40 0.667868
41 0.671681
42 0.674672
43 0.678391
44 0.68173
45 0.684422
46 0.687711
47 0.690748
48 0.69317
49 0.695998
50 0.699036
51 0.701758
52 0.704486
53 0.706624
54 0.708733
55 0.710963
56 0.713555
57 0.715401
58 0.71755
59 0.719791
60 0.721698
61 0.72384
62 0.725704
63 0.727842
64 0.729785
65 0.731521
66 0.73283
67 0.734324
68 0.735944
69 0.737499
70 0.738987
71 0.740875
72 0.742275
73 0.743579
74 0.745266
75 0.746693
76 0.748037
77 0.749717
78 0.750612
79 0.751904
80 0.752906
81 0.754308
82 0.755489
83 0.756757
84 0.757998
85 0.759301
86 0.759645
87 0.761492
88 0.762624
89 0.76314
90 0.764512
91 0.765802
92 0.767253
93 0.767746
94 0.768306
95 0.769377
96 0.770228
97 0.771681
98 0.772113
99 0.773964
100 0.774333
101 0.774977
102 0.775848
103 0.776764
104 0.777481
105 0.777957
106 0.779447
107 0.779889
108 0.780778
109 0.781722
110 0.782437
111 0.78297
112 0.783634
113 0.784382
114 0.78518
115 0.785932
116 0.786073
117 0.78706
118 0.78762
119 0.788897
120 0.789178
121 0.789755
122 0.790203
123 0.790918
124 0.791294
125 0.792201
126 0.792766
127 0.793104
128 0.793497
129 0.794388
130 0.794984
131 0.796123
132 0.795898
133 0.796716
134 0.797568
135 0.797778
136 0.798474
137 0.798814
138 0.798931
139 0.799772
140 0.800036
141 0.801261
142 0.800977
143 0.801746
144 0.802598
145 0.802557
146 0.803088
147 0.803578
148 0.804406
149 0.804981
150 0.805048
151 0.805125
152 0.806098
153 0.806769
154 0.806429
155 0.807423
156 0.807425
157 0.808518
158 0.808528
159 0.808466
160 0.8093
161 0.809397
162 0.809961
163 0.809901
164 0.810777
165 0.811068
166 0.811577
167 0.811794
168 0.812362
169 0.812315
170 0.812803
171 0.813363
172 0.81315
173 0.813757
174 0.814155
175 0.81453
176 0.815026
177 0.815286
178 0.815405
179 0.816363
180 0.816148
181 0.816681
182 0.816915
183 0.817258
184 0.817397
185 0.818091
186 0.817861
187 0.818311
188 0.818625
189 0.819614
190 0.819198
191 0.820013
192 0.820015
193 0.819994
194 0.82065
195 0.821015
196 0.821188
197 0.820864
198 0.821868
199 0.821377
200 0.822533
201 0.822487
202 0.823004
203 0.822485
204 0.82326
205 0.823332
206 0.823985
207 0.824133
208 0.824296
209 0.824564
210 0.824464
211 0.825195
212 0.825235
213 0.825584
214 0.825582
215 0.825927
216 0.825966
217 0.825958
218 0.826643
219 0.827131
220 0.82733
221 0.827556
222 0.827317
223 0.827761
224 0.82809
225 0.828182
226 0.828786
227 0.828735
228 0.828708
229 0.82927
230 0.829319
231 0.829524
232 0.829711
233 0.82995
234 0.830059
235 0.830363
236 0.83056
237 0.831004
238 0.831227
239 0.831424
240 0.831609
241 0.831497
242 0.831563
243 0.832135
244 0.832277
245 0.832605
246 0.832465
247 0.832721
248 0.832656
249 0.833407
250 0.833694
251 0.833586
252 0.833915
253 0.834476
254 0.834359
255 0.834227
256 0.834602
257 0.834451
258 0.834374
259 0.834844
260 0.835091
261 0.835247
262 0.835417
263 0.835596
264 0.835418
265 0.835518
266 0.835496
267 0.836394
268 0.836142
269 0.836641
270 0.836424
271 0.836469
272 0.837183
273 0.837387
274 0.836993
275 0.83793
276 0.837489
277 0.838001
278 0.837974
279 0.83786
280 0.838418
281 0.838367
282 0.838415
283 0.838668
284 0.838457
285 0.838701
286 0.839218
287 0.83921
288 0.839453
289 0.839348
290 0.83972
291 0.839949
292 0.840158
293 0.840355
294 0.840436
295 0.840379
296 0.840665
297 0.840288
298 0.841301
299 0.84118
300 0.840591
301 0.841234
302 0.84116
303 0.841538
304 0.841463
305 0.841644
306 0.84199
307 0.841803
308 0.841671
309 0.842333
310 0.842294
311 0.842624
312 0.842594
313 0.842742
314 0.84313
315 0.842726
316 0.843318
317 0.842992
318 0.843169
319 0.843573
320 0.843853
321 0.843327
322 0.843508
323 0.843754
324 0.844091
325 0.843877
326 0.844741
327 0.844568
328 0.844821
329 0.8444
330 0.844416
331 0.844792
332 0.845218
333 0.844932
334 0.845262
335 0.845231
336 0.845564
337 0.845388
338 0.845473
339 0.845905
340 0.845435
341 0.845505
342 0.845976
343 0.845886
344 0.846487
345 0.846326
346 0.846429
347 0.846145
348 0.846733
349 0.84691
350 0.846929
351 0.846685
352 0.846979
353 0.847178
354 0.84733
355 0.846731
356 0.846963
357 0.847344
358 0.847662
359 0.847745
360 0.84721
361 0.847449
362 0.848004
363 0.847775
364 0.848568
365 0.848017
366 0.847857
367 0.847989
368 0.848436
369 0.848603
370 0.848389
371 0.8484
372 0.848708
373 0.849336
374 0.848776
375 0.848976
376 0.849496
377 0.849736
378 0.84946
379 0.849815
380 0.849837
381 0.849982
382 0.849903
383 0.849238
384 0.84998
385 0.849446
386 0.849923
387 0.850158
388 0.850174
389 0.850396
390 0.850665
391 0.850317
392 0.850688
393 0.8505
394 0.851195
395 0.850973
396 0.851825
397 0.850908
398 0.851506
399 0.85095
400 0.851216
