1 0.499857
2 0.499795
3 0.50005
4 0.499847
5 0.499874
6 0.499943
7 0.511899
8 0.525797
9 0.536976
10 0.548615
11 0.559153
12 0.568275
13 0.577117
14 0.585076
15 0.59215
16 0.59878
17 0.604897
18 0.610432
19 0.61523
20 0.61994
21 0.6243
22 0.628322
23 0.631995
24 0.63562
25 0.638792
26 0.64198
27 0.644723
28 0.647461
29 0.650048
30 0.652565
31 0.654819
32 0.656932
33 0.658927
34 0.661026
35 0.662781
36 0.664704
37 0.666316
38 0.667962
39 0.669493
40 0.67099
41 0.672567
42 0.6738
43 0.675121
44 0.676421
45 0.677438
46 0.678761
47 0.679981
48 0.680932
49 0.681995
50 0.6831
51 0.684125
52 0.68491
53 0.68584
54 0.686731
55 0.687506
56 0.688396
57 0.689118
58 0.689967
59 0.690744
60 0.691397
61 0.692114
62 0.692794
63 0.693516
64 0.69423
65 0.694873
66 0.69546
67 0.69601
68 0.696508
69 0.697078
70 0.697674
71 0.6982
72 0.69872
73 0.699383
74 0.699756
75 0.700374
76 0.700688
77 0.701305
78 0.701689
79 0.702161
80 0.702501
81 0.702943
82 0.703354
83 0.70372
84 0.704155
85 0.704595
86 0.704884
87 0.705325
88 0.705749
89 0.705906
90 0.706336
91 0.706684
92 0.707172
93 0.707422
94 0.707691
95 0.708019
96 0.708355
97 0.708657
98 0.708978
99 0.70936
100 0.709544
101 0.709854
102 0.710164
103 0.710385
104 0.710691
105 0.710824
106 0.711234
107 0.711476
108 0.711726
109 0.712017
110 0.712108
111 0.71241
112 0.712595
113 0.712916
114 0.713077
115 0.713316
116 0.713492
117 0.713769
118 0.713996
119 0.714183
120 0.714409
121 0.714532
122 0.71475
123 0.714978
124 0.715066
125 0.715336
126 0.715516
127 0.715685
128 0.715801
129 0.716079
130 0.71625
131 0.716456
132 0.716536
133 0.716874
134 0.716981
135 0.717059
136 0.717319
137 0.717432
138 0.717477
139 0.717703
140 0.717792
141 0.718066
142 0.718188
143 0.718321
144 0.718579
145 0.718631
146 0.718758
147 0.718879
148 0.719049
149 0.71922
150 0.719262
151 0.719457
152 0.71961
153 0.719754
154 0.719805
155 0.720012
156 0.720052
157 0.720271
158 0.720368
159 0.720448
160 0.720592
161 0.720691
162 0.720841
163 0.720882
164 0.721029
165 0.721165
166 0.721281
167 0.721372
168 0.721502
169 0.721606
170 0.721775
171 0.721717
172 0.721891
173 0.721992
174 0.722058
175 0.722255
176 0.722356
177 0.722411
178 0.722467
179 0.722603
180 0.722669
181 0.722836
182 0.72288
183 0.722931
184 0.723059
185 0.723195
186 0.72323
187 0.723331
188 0.723446
189 0.723588
190 0.723599
191 0.723729
192 0.723801
193 0.723866
194 0.723981
195 0.724051
196 0.724186
197 0.724158
198 0.724338
199 0.724276
200 0.724484
201 0.724569
202 0.724684
203 0.724656
204 0.724771
205 0.724877
206 0.724989
207 0.724961
208 0.725057
209 0.725178
210 0.725159
211 0.725295
212 0.725335
213 0.725453
214 0.725428
215 0.725556
216 0.725603
217 0.725641
218 0.725767
219 0.725884
220 0.725907
221 0.725983
222 0.726
223 0.726082
224 0.726176
225 0.726191
226 0.726319
227 0.726333
228 0.726383
229 0.726457
230 0.726455
231 0.726573
232 0.726675
233 0.72665
234 0.72675
235 0.726787
236 0.726858
237 0.726968
238 0.727021
239 0.727049
240 0.727087
241 0.72721
242 0.727174
243 0.727309
244 0.727316
245 0.72738
246 0.727431
247 0.727493
248 0.72753
249 0.727586
250 0.727656
251 0.727683
252 0.727727
253 0.727869
254 0.727927
255 0.727931
256 0.727982
257 0.727924
258 0.727962
259 0.728126
260 0.72815
261 0.728212
262 0.728249
263 0.728277
264 0.728289
265 0.72834
266 0.728351
267 0.728471
268 0.728478
269 0.728557
270 0.728569
271 0.728598
272 0.728702
273 0.728731
274 0.728681
275 0.728855
276 0.728823
277 0.72889
278 0.728926
279 0.728953
280 0.729027
281 0.729078
282 0.729108
283 0.72918
284 0.729146
285 0.729162
286 0.729238
287 0.729316
288 0.729343
289 0.729365
290 0.729408
291 0.729424
292 0.729544
293 0.729568
294 0.729566
295 0.729563
296 0.7297
297 0.729648
298 0.729716
299 0.729802
300 0.729746
301 0.729865
302 0.729879
303 0.729923
304 0.729911
305 0.730025
306 0.72999
307 0.730079
308 0.730035
309 0.730194
310 0.730141
311 0.730188
312 0.730187
313 0.730235
314 0.730299
315 0.730235
316 0.730412
317 0.730353
318 0.730383
319 0.73041
320 0.730527
321 0.730467
322 0.730511
323 0.730543
324 0.73059
325 0.730635
326 0.730711
327 0.730709
328 0.730759
329 0.730739
330 0.730789
331 0.730848
332 0.730876
333 0.730872
334 0.730912
335 0.730927
336 0.731021
337 0.730965
338 0.730987
339 0.731045
340 0.731053
341 0.731025
342 0.73114
343 0.731132
344 0.731211
345 0.731254
346 0.731256
347 0.731244
348 0.731315
349 0.731376
350 0.731377
351 0.731373
352 0.731405
353 0.731476
354 0.731491
355 0.73149
356 0.731513
357 0.731591
358 0.731629
359 0.731577
360 0.731611
361 0.731577
362 0.731639
363 0.731641
364 0.731795
365 0.731713
366 0.73176
367 0.731778
368 0.731829
369 0.731862
370 0.731866
371 0.731869
372 0.731893
373 0.731994
374 0.731961
375 0.731993
376 0.732072
377 0.732098
378 0.732047
379 0.732116
380 0.732126
381 0.732162
382 0.732152
383 0.732124
384 0.73219
385 0.732165
386 0.732266
387 0.732271
388 0.732298
389 0.732314
390 0.732373
391 0.732378
392 0.73242
393 0.732394
394 0.732518
395 0.732452
396 0.732542
397 0.732512
398 0.732559
399 0.732536
400 0.732579
