1 0.250242
2 0.249985
3 0.249849
4 0.249947
5 0.249903
6 0.249849
7 0.237927
8 0.22386
9 0.212802
10 0.201366
11 0.190612
12 0.181671
13 0.172658
14 0.164738
15 0.157656
16 0.151068
17 0.144988
18 0.139543
19 0.134559
20 0.129856
21 0.125502
22 0.121459
23 0.117815
24 0.114228
25 0.111002
26 0.10784
27 0.104923
28 0.102308
29 0.0997139
30 0.0972533
31 0.0949125
32 0.0928933
33 0.0908386
34 0.0888331
35 0.0869518
36 0.0851053
37 0.0835245
38 0.0818035
39 0.0802646
40 0.0787554
41 0.0773404
42 0.0760087
43 0.0746598
44 0.0733487
45 0.0722661
46 0.0710109
47 0.0698906
48 0.0689008
49 0.0678617
50 0.0667492
51 0.0657717
52 0.0648279
53 0.0639136
54 0.0630566
55 0.0622469
56 0.0613987
57 0.0606061
58 0.0598697
59 0.0590767
60 0.0583915
61 0.0576686
62 0.0569815
63 0.0562234
64 0.0555401
65 0.0549231
66 0.0543647
67 0.0537851
68 0.0532918
69 0.0527116
70 0.0521581
71 0.0515866
72 0.0510585
73 0.0505939
74 0.0500316
75 0.0495086
76 0.0491445
77 0.0485376
78 0.0481364
79 0.0477005
80 0.0473376
81 0.0468891
82 0.0464481
83 0.0460005
84 0.0456412
85 0.0452788
86 0.044914
87 0.0444857
88 0.0441049
89 0.043822
90 0.0434631
91 0.0430722
92 0.0426746
93 0.0423748
94 0.0421289
95 0.0417942
96 0.0414926
97 0.0411498
98 0.0408473
99 0.0404454
100 0.0402617
101 0.0400198
102 0.039718
103 0.0394203
104 0.0391649
105 0.0389794
106 0.0386197
107 0.0383661
108 0.0381381
109 0.0378477
110 0.0376674
111 0.0374115
112 0.0372303
113 0.0369232
114 0.0367515
115 0.036512
116 0.0363368
117 0.0360232
118 0.0358559
119 0.0356166
120 0.0354169
121 0.0352568
122 0.0350546
123 0.0348412
124 0.0347204
125 0.0345005
126 0.0343249
127 0.0341285
128 0.0339781
129 0.0337298
130 0.0335421
131 0.0333206
132 0.0332752
133 0.0329999
134 0.0328469
135 0.0327252
136 0.0325061
137 0.0324121
138 0.0323257
139 0.0321072
140 0.0320039
141 0.0317159
142 0.0316564
143 0.0314603
144 0.0312507
145 0.0311555
146 0.0310805
147 0.030896
148 0.0307485
149 0.0305945
150 0.0305254
151 0.0303627
152 0.0301937
153 0.0300328
154 0.0299769
155 0.0298108
156 0.0297371
157 0.0295413
158 0.0294639
159 0.0293375
160 0.0291888
161 0.0291136
162 0.0289414
163 0.0289281
164 0.0287691
165 0.0286393
166 0.0285058
167 0.0284225
168 0.0283186
169 0.028215
170 0.0281161
171 0.0279376
172 0.0279075
173 0.0277973
174 0.0277202
175 0.0275667
176 0.0274571
177 0.0274018
178 0.0273053
179 0.0272075
180 0.0271414
181 0.0269399
182 0.0269132
183 0.0268124
184 0.0267441
185 0.0265867
186 0.0265421
187 0.0264527
188 0.0263424
189 0.0261886
190 0.0261975
191 0.0260628
192 0.026017
193 0.0259379
194 0.0258047
195 0.0256927
196 0.0256202
197 0.0256267
198 0.0254726
199 0.0255389
200 0.0253188
201 0.0252791
202 0.025154
203 0.0251768
204 0.0250067
205 0.0250128
206 0.0248441
207 0.0248306
208 0.0247409
209 0.0246409
210 0.0246555
211 0.0244967
212 0.0244906
213 0.0243563
214 0.0243761
215 0.0242525
216 0.0241671
217 0.0241753
218 0.0240507
219 0.0239334
220 0.0238861
221 0.0237836
222 0.0238122
223 0.0237151
224 0.0236505
225 0.0236089
226 0.0235175
227 0.0234579
228 0.0233996
229 0.0233483
230 0.0233199
231 0.0232255
232 0.0231294
233 0.0230932
234 0.0230153
235 0.0230127
236 0.0229488
237 0.022846
238 0.0228004
239 0.0227345
240 0.0227109
241 0.0226694
242 0.0226197
243 0.0225097
244 0.0224926
245 0.0224276
246 0.0223863
247 0.0223433
248 0.0223111
249 0.022205
250 0.0221537
251 0.0221307
252 0.0220612
253 0.0219572
254 0.0219242
255 0.0219518
256 0.0218331
257 0.0218241
258 0.0218226
259 0.0216907
260 0.0216628
261 0.0215872
262 0.02158
263 0.0215132
264 0.0215042
265 0.0214663
266 0.0214624
267 0.0213083
268 0.0213269
269 0.0212527
270 0.0212064
271 0.0212218
272 0.021108
273 0.0210216
274 0.0211339
275 0.0209405
276 0.0209727
277 0.0209225
278 0.0208785
279 0.0208477
280 0.0207784
281 0.0207286
282 0.0207264
283 0.0206389
284 0.0206631
285 0.020636
286 0.0205555
287 0.0204956
288 0.0204466
289 0.0204389
290 0.0203874
291 0.0203564
292 0.0202392
293 0.0202621
294 0.0202158
295 0.0202141
296 0.0201391
297 0.0201522
298 0.0200801
299 0.0200076
300 0.0200476
301 0.0199389
302 0.0199196
303 0.0198917
304 0.0198692
305 0.0197968
306 0.0197849
307 0.0197769
308 0.0197604
309 0.019642
310 0.0196595
311 0.0196011
312 0.0195971
313 0.0195529
314 0.0194972
315 0.0195066
316 0.0194152
317 0.0194184
318 0.0194358
319 0.0193654
320 0.0192793
321 0.0193291
322 0.019294
323 0.0192461
324 0.019204
325 0.019184
326 0.0190765
327 0.0190873
328 0.0190439
329 0.0190712
330 0.0190152
331 0.0189622
332 0.0189358
333 0.0189258
334 0.0188923
335 0.0188742
336 0.0187858
337 0.0188227
338 0.0188079
339 0.0187403
340 0.0187541
341 0.0187328
342 0.0186857
343 0.0186654
344 0.0185908
345 0.0185571
346 0.018542
347 0.0185529
348 0.0184934
349 0.0184474
350 0.0184007
351 0.0184158
352 0.0183821
353 0.0183429
354 0.0182839
355 0.0183269
356 0.018277
357 0.0182143
358 0.0181818
359 0.018211
360 0.01819
361 0.0182158
362 0.018155
363 0.0181634
364 0.0180048
365 0.0180724
366 0.0180364
367 0.0180294
368 0.0179866
369 0.0179353
370 0.0179368
371 0.0179297
372 0.017885
373 0.0178006
374 0.0178491
375 0.0178102
376 0.017732
377 0.0176884
378 0.0177439
379 0.0177009
380 0.017665
381 0.0176167
382 0.0176384
383 0.0176704
384 0.0175926
385 0.0176067
386 0.0175216
387 0.0174937
388 0.0175098
389 0.0174873
390 0.0174449
391 0.0174389
392 0.0173776
393 0.0173987
394 0.0173118
395 0.0173407
396 0.0172487
397 0.0172941
398 0.0172263
399 0.0172696
400 0.0171964
