1 0.5
2 0.5
3 0.5
4 0.5
5 0.49315
6 0.484039
7 0.481403
8 0.476209
9 0.47101
10 0.468358
11 0.465695
12 0.463428
13 0.461338
14 0.46096
15 0.459774
16 0.458923
17 0.457994
18 0.457626
19 0.456991
20 0.456268
21 0.455754
22 0.455488
23 0.455172
24 0.454518
25 0.453338
26 0.453346
27 0.454328
28 0.457467
29 0.454931
30 0.453658
31 0.454285
32 0.453658
33 0.452223
34 0.452657
35 0.452591
36 0.451396
37 0.454007
38 0.451943
39 0.450679
40 0.450788
41 0.450266
42 0.449631
43 0.449468
44 0.449644
45 0.449121
46 0.448427
47 0.448224
48 0.447803
49 0.447751
50 0.447939
51 0.447515
52 0.446952
53 0.447535
54 0.446991
55 0.448226
56 0.446796
57 0.446389
58 0.447549
59 0.446437
60 0.446091
61 0.446025
62 0.446262
63 0.445954
64 0.445867
65 0.446251
66 0.445401
67 0.445699
68 0.445439
69 0.445106
70 0.445041
71 0.445482
72 0.445399
73 0.444589
74 0.446454
75 0.445702
76 0.44562
77 0.444894
78 0.445851
79 0.444666
80 0.444733
81 0.444135
82 0.444317
83 0.443909
84 0.444329
85 0.444297
86 0.44614
87 0.445231
88 0.444864
89 0.443817
90 0.444085
91 0.44381
92 0.443729
93 0.44366
94 0.442811
95 0.443288
96 0.445343
97 0.445367
98 0.443401
99 0.444113
100 0.443756
101 0.443137
102 0.442736
103 0.442362
104 0.44258
105 0.444966
106 0.443973
107 0.442149
108 0.442735
109 0.44337
110 0.442222
111 0.441887
112 0.442167
113 0.444454
114 0.443099
115 0.442306
116 0.442561
117 0.442231
118 0.44227
119 0.441742
120 0.442908
121 0.443715
122 0.441978
123 0.441867
124 0.44254
125 0.441993
126 0.441815
127 0.443679
128 0.442826
129 0.441522
130 0.442134
131 0.442264
132 0.441932
133 0.441586
134 0.441431
135 0.441109
136 0.440748
137 0.44061
138 0.441027
139 0.440828
140 0.440807
141 0.440714
142 0.440339
143 0.440565
144 0.440414
145 0.440089
146 0.440366
147 0.440126
148 0.440763
149 0.440202
150 0.439881
151 0.440323
152 0.440341
153 0.440008
154 0.439801
155 0.439866
156 0.440029
157 0.43993
158 0.439708
159 0.439937
160 0.439507
161 0.439848
162 0.439844
163 0.439446
164 0.43951
165 0.440246
166 0.439734
167 0.43954
168 0.439322
169 0.439763
170 0.43916
171 0.439292
172 0.439571
173 0.439487
174 0.439325
175 0.439384
176 0.439295
177 0.439259
178 0.439268
179 0.439463
180 0.439637
181 0.439219
182 0.438951
183 0.439677
184 0.439391
185 0.43925
186 0.439289
187 0.439354
188 0.438886
189 0.439147
190 0.439084
191 0.439223
192 0.438886
193 0.439228
194 0.438799
195 0.43905
196 0.439176
197 0.438943
198 0.438711
199 0.438733
200 0.439114
201 0.43879
202 0.439124
203 0.439068
204 0.438686
205 0.439134
206 0.439
207 0.438899
208 0.439011
209 0.438762
210 0.438835
211 0.438759
212 0.439009
213 0.439004
214 0.438843
215 0.438867
216 0.438524
217 0.438438
218 0.438722
219 0.438782
220 0.438659
221 0.437835
222 0.438869
223 0.438302
224 0.438389
225 0.438593
226 0.438629
227 0.438206
228 0.438234
229 0.438318
230 0.438006
231 0.438753
232 0.438405
233 0.438583
234 0.438085
235 0.438128
236 0.438391
237 0.438294
238 0.438731
239 0.438576
240 0.437958
241 0.438499
242 0.438048
243 0.437806
244 0.438309
245 0.438222
246 0.437715
247 0.438087
248 0.43829
249 0.437994
250 0.438056
251 0.437792
252 0.438243
253 0.437558
254 0.43821
255 0.438381
256 0.438133
257 0.438033
258 0.438507
259 0.438448
260 0.438028
261 0.438137
262 0.437739
263 0.438073
264 0.438045
265 0.438018
266 0.438199
267 0.438057
268 0.437913
269 0.438097
270 0.437866
271 0.437796
272 0.437742
273 0.437504
274 0.437792
275 0.437809
276 0.438353
277 0.43791
278 0.437612
279 0.437565
280 0.437639
281 0.437514
282 0.438138
283 0.437971
284 0.437699
285 0.437546
286 0.437659
287 0.437511
288 0.437844
289 0.437605
290 0.437828
291 0.438033
292 0.437269
293 0.437415
294 0.437668
295 0.437634
296 0.437395
297 0.437264
298 0.437324
299 0.437477
300 0.437359
301 0.437536
302 0.437088
303 0.437578
304 0.4373
305 0.43741
306 0.438127
307 0.437807
308 0.437039
309 0.437867
310 0.437674
311 0.437317
312 0.437395
313 0.437277
314 0.43783
315 0.437618
316 0.437016
317 0.437685
318 0.437643
319 0.43685
320 0.437269
321 0.437316
322 0.437229
323 0.437394
324 0.437539
325 0.43743
326 0.437261
327 0.4373
328 0.437346
329 0.436911
330 0.437486
331 0.436916
332 0.436973
333 0.437772
334 0.437129
335 0.437421
336 0.43714
337 0.43708
338 0.437138
339 0.437256
340 0.437337
341 0.437141
342 0.437091
343 0.436923
344 0.436896
345 0.437098
346 0.43726
347 0.437298
348 0.437078
349 0.437166
350 0.437209
351 0.437527
352 0.437085
353 0.436983
354 0.436978
355 0.436996
356 0.437127
357 0.437044
358 0.437159
359 0.437152
360 0.436934
361 0.436872
362 0.437458
363 0.437246
364 0.436947
365 0.437189
366 0.436816
367 0.436642
368 0.437388
369 0.437045
370 0.437245
371 0.436668
372 0.437204
373 0.436903
374 0.436975
375 0.437119
376 0.437055
377 0.437126
378 0.436812
379 0.436949
380 0.436885
381 0.43714
382 0.43739
383 0.436969
384 0.436737
385 0.437101
386 0.437222
387 0.43698
388 0.436847
389 0.436553
390 0.436681
391 0.436975
392 0.436247
393 0.437199
394 0.436958
395 0.436872
396 0.436767
397 0.436923
398 0.436551
399 0.436476
400 0.436888
