1 0.085373
2 0.0887933
3 0.103686
4 0.114187
5 0.121819
6 0.12758
7 0.131602
8 0.134362
9 0.136368
10 0.137651
11 0.138707
12 0.139528
13 0.139994
14 0.140411
15 0.140667
16 0.140718
17 0.143083
18 0.15166
19 0.159445
20 0.165834
21 0.171978
22 0.177199
23 0.182079
24 0.18593
25 0.189726
26 0.194735
27 0.19891
28 0.20473
29 0.20962
30 0.214594
31 0.218831
32 0.225646
33 0.230728
34 0.236226
35 0.240752
36 0.245442
37 0.251364
38 0.255833
39 0.261579
40 0.266913
41 0.272268
42 0.276679
43 0.280837
44 0.284241
45 0.287784
46 0.291544
47 0.295175
48 0.29856
49 0.302232
50 0.304314
51 0.30888
52 0.309964
53 0.313488
54 0.318067
55 0.320273
56 0.322973
57 0.325871
58 0.328281
59 0.330889
60 0.333578
61 0.335027
62 0.338224
63 0.340996
64 0.343515
65 0.345773
66 0.349557
67 0.352173
68 0.354248
69 0.356828
70 0.358924
71 0.361004
72 0.36392
73 0.366102
74 0.36751
75 0.370561
76 0.37229
77 0.373735
78 0.376669
79 0.37834
80 0.380233
81 0.382273
82 0.384629
83 0.385682
84 0.387687
85 0.389705
86 0.391685
87 0.392857
88 0.394192
89 0.39669
90 0.398938
91 0.399187
92 0.403021
93 0.40358
94 0.40466
95 0.407426
96 0.408359
97 0.41067
98 0.411132
99 0.413293
100 0.41411
101 0.41646
102 0.4184
103 0.418681
104 0.420676
105 0.4222
106 0.42347
107 0.424662
108 0.424791
109 0.428376
110 0.427892
111 0.430157
112 0.431468
113 0.432943
114 0.433792
115 0.435002
116 0.437078
117 0.437902
118 0.439352
119 0.440088
120 0.441978
121 0.442862
122 0.443264
123 0.445821
124 0.447005
125 0.447799
126 0.449499
127 0.44903
128 0.450998
129 0.452658
130 0.452868
131 0.454757
132 0.455027
133 0.45748
134 0.458214
135 0.459169
136 0.460282
137 0.461225
138 0.462996
139 0.462784
140 0.465584
141 0.465215
142 0.466554
143 0.468034
144 0.469387
145 0.469497
146 0.470753
147 0.471872
148 0.472161
149 0.473726
150 0.474656
151 0.476077
152 0.476419
153 0.477226
154 0.47842
155 0.479427
156 0.480884
157 0.481643
158 0.481481
159 0.482058
160 0.484455
161 0.48478
162 0.486139
163 0.487628
164 0.487625
165 0.48914
166 0.488781
167 0.490595
168 0.491331
169 0.49213
170 0.492452
171 0.494145
172 0.494128
173 0.494951
174 0.49677
175 0.496941
176 0.498162
177 0.499681
178 0.499852
179 0.500176
180 0.5014
181 0.502323
182 0.502963
183 0.503183
184 0.504053
185 0.505097
186 0.505037
187 0.506801
188 0.506741
189 0.509033
190 0.509059
191 0.510379
192 0.510702
193 0.511833
194 0.513188
195 0.512511
196 0.513859
197 0.514462
198 0.515861
199 0.516077
200 0.516904
201 0.516784
202 0.517711
203 0.518707
204 0.519971
205 0.519705
206 0.520632
207 0.521325
208 0.522392
209 0.52314
210 0.523145
211 0.525005
212 0.524474
213 0.525664
214 0.526371
215 0.526811
216 0.527982
217 0.527611
218 0.528889
219 0.530301
220 0.530309
221 0.532012
222 0.532128
223 0.532433
224 0.532278
225 0.533535
226 0.534203
227 0.535307
228 0.536141
229 0.536401
230 0.536077
231 0.537296
232 0.537782
233 0.538431
234 0.538726
235 0.539274
236 0.540389
237 0.540962
238 0.541457
239 0.542369
240 0.542374
241 0.543079
242 0.543752
243 0.544674
244 0.54553
245 0.546591
246 0.546341
247 0.546659
248 0.547488
249 0.548325
250 0.548307
251 0.548524
252 0.549571
253 0.549557
254 0.551221
255 0.551591
256 0.551321
257 0.552864
258 0.552905
259 0.553056
260 0.554374
261 0.554635
262 0.554883
263 0.556328
264 0.556087
265 0.557088
266 0.557596
267 0.557154
268 0.557786
269 0.558385
270 0.559286
271 0.560383
272 0.560857
273 0.561456
274 0.561002
275 0.561503
276 0.563007
277 0.562709
278 0.564497
279 0.563679
280 0.564744
281 0.565045
282 0.564849
283 0.566177
284 0.566908
285 0.566631
286 0.567325
287 0.568085
288 0.568015
289 0.568919
290 0.569134
291 0.570031
292 0.571139
293 0.571446
294 0.571758
295 0.57119
296 0.572335
297 0.572594
298 0.573555
299 0.574036
300 0.573445
301 0.574763
302 0.575276
303 0.575302
304 0.575392
305 0.575467
306 0.57649
307 0.577673
308 0.578126
309 0.577527
310 0.578426
311 0.579699
312 0.578873
313 0.58025
314 0.580889
315 0.580666
316 0.58153
317 0.581477
318 0.582033
319 0.582831
320 0.58293
321 0.583669
322 0.583918
323 0.583712
324 0.584433
325 0.585195
326 0.586287
327 0.584753
328 0.585705
329 0.586226
330 0.587233
331 0.588305
332 0.588088
333 0.58873
334 0.588722
335 0.589556
336 0.589702
337 0.590534
338 0.590831
339 0.58978
340 0.591744
341 0.591744
342 0.591721
343 0.59347
344 0.592853
345 0.592824
346 0.593805
347 0.593767
348 0.594421
349 0.59468
350 0.595586
351 0.59617
352 0.595453
353 0.59657
354 0.596492
355 0.59722
356 0.597299
357 0.598066
358 0.598211
359 0.59795
360 0.599491
361 0.59989
362 0.600414
363 0.600133
364 0.600897
365 0.600378
366 0.600742
367 0.600516
368 0.601127
369 0.602278
370 0.603176
371 0.602671
372 0.60341
373 0.604238
374 0.604643
375 0.604792
376 0.605026
377 0.604754
378 0.604506
379 0.60502
380 0.606979
381 0.606414
382 0.60705
383 0.606501
384 0.607723
385 0.608607
386 0.608492
387 0.608599
388 0.609082
389 0.609577
390 0.610821
391 0.610192
392 0.610453
393 0.611474
394 0.61127
395 0.611408
396 0.611911
397 0.612464
398 0.612482
399 0.613065
400 0.613031
