1 0.066714
2 0.066714
3 0.0666983
4 0.0666177
5 0.0666472
6 0.0667142
7 0.0667108
8 0.0666915
9 0.0666625
10 0.0666733
11 0.066657
12 0.0666782
13 0.0666599
14 0.0666786
15 0.066649
16 0.0666696
17 0.066686
18 0.0666884
19 0.0666672
20 0.0666854
21 0.0666669
22 0.0666632
23 0.066657
24 0.0666697
25 0.066681
26 0.0673888
27 0.0685247
28 0.0699792
29 0.0714719
30 0.0731367
31 0.0747121
32 0.0763999
33 0.077943
34 0.0794918
35 0.0808935
36 0.0822906
37 0.0836271
38 0.0848229
39 0.0860616
40 0.087232
41 0.0885907
42 0.0899933
43 0.0915825
44 0.0932171
45 0.0947781
46 0.0965037
47 0.0982523
48 0.100036
49 0.101779
50 0.10346
51 0.105369
52 0.106941
53 0.108836
54 0.110914
55 0.112604
56 0.114497
57 0.116646
58 0.118395
59 0.12045
60 0.122438
61 0.124327
62 0.126544
63 0.128491
64 0.13072
65 0.132696
66 0.134772
67 0.13699
68 0.138936
69 0.141078
70 0.143154
71 0.145236
72 0.147309
73 0.14925
74 0.151196
75 0.153457
76 0.155455
77 0.157087
78 0.159547
79 0.161585
80 0.163367
81 0.165398
82 0.167639
83 0.169407
84 0.17127
85 0.173042
86 0.175322
87 0.177049
88 0.17866
89 0.180633
90 0.182942
91 0.184231
92 0.186972
93 0.1886
94 0.190044
95 0.192278
96 0.19376
97 0.195902
98 0.197409
99 0.199299
100 0.200776
101 0.20265
102 0.204469
103 0.205988
104 0.207913
105 0.209646
106 0.21142
107 0.212908
108 0.21416
109 0.21652
110 0.217506
111 0.21956
112 0.221009
113 0.222563
114 0.224228
115 0.225362
116 0.227536
117 0.228812
118 0.230579
119 0.231764
120 0.23371
121 0.235221
122 0.236241
123 0.238116
124 0.239884
125 0.241076
126 0.242763
127 0.243579
128 0.245443
129 0.247372
130 0.2481
131 0.249559
132 0.250536
133 0.25255
134 0.253824
135 0.255304
136 0.256627
137 0.257881
138 0.259646
139 0.260591
140 0.262278
141 0.263213
142 0.264587
143 0.266059
144 0.267496
145 0.268297
146 0.269812
147 0.271203
148 0.271945
149 0.273624
150 0.274635
151 0.276189
152 0.277072
153 0.278315
154 0.27972
155 0.280747
156 0.282221
157 0.28339
158 0.283928
159 0.28509
160 0.287044
161 0.287835
162 0.289274
163 0.290637
164 0.291399
165 0.292754
166 0.293185
167 0.294888
168 0.295777
169 0.2969
170 0.297912
171 0.299334
172 0.299964
173 0.301113
174 0.302513
175 0.303208
176 0.304648
177 0.306115
178 0.306768
179 0.307307
180 0.308687
181 0.309725
182 0.310784
183 0.311431
184 0.312607
185 0.313528
186 0.314318
187 0.315937
188 0.316116
189 0.318061
190 0.318732
191 0.319845
192 0.320555
193 0.322225
194 0.323163
195 0.323457
196 0.324891
197 0.325648
198 0.32665
199 0.327631
200 0.328379
201 0.328997
202 0.329986
203 0.330858
204 0.332
205 0.332429
206 0.333787
207 0.334235
208 0.335726
209 0.336625
210 0.337293
211 0.338469
212 0.338617
213 0.339994
214 0.340795
215 0.341508
216 0.342662
217 0.343201
218 0.344133
219 0.345402
220 0.3458
221 0.347171
222 0.347752
223 0.348432
224 0.349183
225 0.349905
226 0.350908
227 0.351649
228 0.352861
229 0.353482
230 0.35387
231 0.354915
232 0.355543
233 0.356084
234 0.357383
235 0.357559
236 0.358662
237 0.35968
238 0.360379
239 0.361132
240 0.361474
241 0.362205
242 0.363269
243 0.364321
244 0.364929
245 0.366039
246 0.366617
247 0.366883
248 0.368072
249 0.368638
250 0.369136
251 0.369634
252 0.370715
253 0.371361
254 0.372379
255 0.372998
256 0.373211
257 0.374867
258 0.37512
259 0.375407
260 0.376625
261 0.377027
262 0.377796
263 0.379064
264 0.379204
265 0.380082
266 0.380712
267 0.380884
268 0.381738
269 0.382443
270 0.383576
271 0.384469
272 0.385114
273 0.38579
274 0.385627
275 0.386149
276 0.387768
277 0.387826
278 0.389135
279 0.389218
280 0.39017
281 0.390683
282 0.390561
283 0.392
284 0.392894
285 0.393087
286 0.393736
287 0.394731
288 0.394641
289 0.395732
290 0.396115
291 0.396824
292 0.398427
293 0.398446
294 0.399359
295 0.399192
296 0.400054
297 0.400756
298 0.401638
299 0.40208
300 0.402285
301 0.403127
302 0.403687
303 0.404135
304 0.404386
305 0.405142
306 0.405891
307 0.406767
308 0.407329
309 0.407487
310 0.408023
311 0.409404
312 0.409316
313 0.410352
314 0.410969
315 0.411243
316 0.411972
317 0.412063
318 0.412882
319 0.413863
320 0.414006
321 0.414869
322 0.415282
323 0.415493
324 0.415976
325 0.416832
326 0.417867
327 0.417109
328 0.418002
329 0.418693
330 0.419922
331 0.420429
332 0.420713
333 0.421635
334 0.421733
335 0.422414
336 0.422851
337 0.423638
338 0.42435
339 0.423873
340 0.425233
341 0.4257
342 0.425514
343 0.427093
344 0.427178
345 0.427215
346 0.428048
347 0.428596
348 0.429114
349 0.429595
350 0.430432
351 0.431048
352 0.430812
353 0.431727
354 0.432116
355 0.432691
356 0.433209
357 0.433995
358 0.433989
359 0.434552
360 0.435362
361 0.436034
362 0.436414
363 0.43697
364 0.437438
365 0.43743
366 0.437594
367 0.437798
368 0.438326
369 0.439542
370 0.440142
371 0.440312
372 0.440991
373 0.4415
374 0.442221
375 0.442652
376 0.442605
377 0.442685
378 0.443154
379 0.443477
380 0.445147
381 0.444973
382 0.445412
383 0.445347
384 0.446925
385 0.447428
386 0.447629
387 0.447953
388 0.448388
389 0.448878
390 0.449828
391 0.449969
392 0.450201
393 0.451121
394 0.451262
395 0.451418
396 0.451953
397 0.452509
398 0.453054
399 0.453351
400 0.453611
