1 0.5
2 0.359087
3 0.300814
4 0.266251
5 0.24324
6 0.226663
7 0.213603
8 0.203729
9 0.195542
10 0.188877
11 0.183083
12 0.178183
13 0.174391
14 0.170134
15 0.16707
16 0.164148
17 0.161589
18 0.15897
19 0.157055
20 0.15532
21 0.153163
22 0.151678
23 0.150215
24 0.148695
25 0.147514
26 0.146525
27 0.145121
28 0.14412
29 0.14342
30 0.14256
31 0.141465
32 0.140666
33 0.139887
34 0.13937
35 0.138524
36 0.137718
37 0.13705
38 0.136606
39 0.136086
40 0.135507
41 0.135059
42 0.134452
43 0.134027
44 0.13379
45 0.13333
46 0.132949
47 0.132235
48 0.131874
49 0.131674
50 0.131263
51 0.130945
52 0.130543
53 0.13038
54 0.129767
55 0.129875
56 0.129433
57 0.129186
58 0.129007
59 0.128667
60 0.128448
61 0.128199
62 0.127954
63 0.127719
64 0.127233
65 0.127329
66 0.127162
67 0.126961
68 0.12663
69 0.126562
70 0.126278
71 0.126027
72 0.125898
73 0.125576
74 0.125484
75 0.125279
76 0.12536
77 0.125076
78 0.12502
79 0.125014
80 0.124795
81 0.124466
82 0.124594
83 0.124464
84 0.124138
85 0.124184
86 0.123917
87 0.123858
88 0.123734
89 0.123581
90 0.123536
91 0.123414
92 0.123329
93 0.123111
94 0.122981
95 0.122981
96 0.122771
97 0.122685
98 0.122643
99 0.122563
100 0.122427
101 0.122418
102 0.122394
103 0.122131
104 0.122127
105 0.122043
106 0.121929
107 0.121971
108 0.121723
109 0.121664
110 0.12168
111 0.121539
112 0.121338
113 0.121395
114 0.121248
115 0.121289
116 0.121256
117 0.12123
118 0.121167
119 0.121096
120 0.120917
121 0.120897
122 0.120768
123 0.120793
124 0.120721
125 0.120561
126 0.120504
127 0.120508
128 0.120398
129 0.120537
130 0.120306
131 0.12019
132 0.120279
133 0.120172
134 0.120178
135 0.120099
136 0.12004
137 0.11999
138 0.119892
139 0.119815
140 0.119922
141 0.119809
142 0.119757
143 0.119743
144 0.119593
145 0.119652
146 0.119607
147 0.119458
148 0.119541
149 0.119398
150 0.119311
151 0.119264
152 0.11929
153 0.119307
154 0.119174
155 0.119268
156 0.119092
157 0.11911
158 0.119067
159 0.119019
160 0.118988
161 0.118881
162 0.118836
163 0.118906
164 0.118821
165 0.118831
166 0.11882
167 0.118788
168 0.118672
169 0.11871
170 0.118867
171 0.118676
172 0.118567
173 0.118404
174 0.118552
175 0.11854
176 0.118437
177 0.118448
178 0.118385
179 0.118437
180 0.118399
181 0.118227
182 0.118338
183 0.118371
184 0.118233
185 0.11818
186 0.118061
187 0.118352
188 0.118073
189 0.118065
190 0.11811
191 0.118058
192 0.117907
193 0.118058
194 0.118003
195 0.118086
196 0.11804
197 0.117887
198 0.117913
199 0.117772
200 0.117892
201 0.117793
202 0.117682
203 0.117873
204 0.11771
205 0.117862
206 0.117612
207 0.117715
208 0.11762
209 0.117502
210 0.117646
211 0.117526
212 0.117597
213 0.117461
214 0.117598
215 0.117514
216 0.117531
217 0.117527
218 0.117456
219 0.117451
220 0.117453
221 0.117346
222 0.117316
223 0.117317
224 0.117354
225 0.117266
226 0.117367
227 0.117433
228 0.117291
229 0.117266
230 0.11715
231 0.117191
232 0.117219
233 0.117238
234 0.117166
235 0.117171
236 0.117159
237 0.117059
238 0.117097
239 0.117109
240 0.117012
241 0.116996
242 0.117043
243 0.116955
244 0.116932
245 0.117059
246 0.116951
247 0.11695
248 0.116995
249 0.116993
250 0.116952
251 0.116923
252 0.116844
253 0.116882
254 0.116782
255 0.116936
256 0.11683
257 0.116685
258 0.11678
259 0.116681
260 0.116753
261 0.116629
262 0.116666
263 0.116758
264 0.116807
265 0.116638
266 0.116734
267 0.1168
268 0.116656
269 0.116548
270 0.11656
271 0.116516
272 0.116593
273 0.116602
274 0.116679
275 0.116631
276 0.116506
277 0.116534
278 0.116369
279 0.116577
280 0.116513
281 0.116508
282 0.116494
283 0.116429
284 0.11647
285 0.116487
286 0.116397
287 0.116337
288 0.116359
289 0.116393
290 0.116424
291 0.116239
292 0.116373
293 0.11638
294 0.116272
295 0.116192
296 0.11634
297 0.116284
298 0.116325
299 0.116241
300 0.116233
301 0.116239
302 0.116272
303 0.116121
304 0.11612
305 0.116258
306 0.116221
307 0.116123
308 0.116217
309 0.116115
310 0.116095
311 0.11605
312 0.116166
313 0.116168
314 0.11611
315 0.116087
316 0.116137
317 0.116094
318 0.11607
319 0.116135
320 0.115977
321 0.116112
322 0.116009
323 0.116022
324 0.116086
325 0.115919
326 0.115948
327 0.115927
328 0.116066
329 0.115907
330 0.115921
331 0.115916
332 0.115971
333 0.11597
334 0.115911
335 0.115887
336 0.115864
337 0.11582
338 0.115863
339 0.115882
340 0.115876
341 0.115821
342 0.115761
343 0.115916
344 0.115837
345 0.115882
346 0.115787
347 0.115894
348 0.115796
349 0.11574
350 0.115774
351 0.115834
352 0.115721
353 0.115789
354 0.115935
355 0.115715
356 0.115833
357 0.115721
358 0.115741
359 0.115727
360 0.115814
361 0.115746
362 0.115636
363 0.115639
364 0.115733
365 0.115643
366 0.115672
367 0.115595
368 0.11568
369 0.115555
370 0.115637
371 0.115675
372 0.115683
373 0.115651
374 0.11568
375 0.115481
376 0.115649
377 0.115707
378 0.115493
379 0.11557
380 0.115607
381 0.115609
382 0.115529
383 0.115581
384 0.115581
385 0.115454
386 0.11557
387 0.115554
388 0.115523
389 0.115576
390 0.115459
391 0.115496
392 0.115542
393 0.115536
394 0.115492
395 0.11542
396 0.115521
397 0.115464
398 0.115384
399 0.115458
400 0.115511
