1 0.250106
2 0.250041
3 0.249961
4 0.249978
5 0.249967
6 0.249961
7 0.24996
8 0.249987
9 0.249961
10 0.249998
11 0.249981
12 0.249991
13 0.24357
14 0.235088
15 0.2268
16 0.218694
17 0.210717
18 0.203129
19 0.195968
20 0.189285
21 0.183035
22 0.177161
23 0.171691
24 0.166585
25 0.161784
26 0.157246
27 0.152997
28 0.149009
29 0.145268
30 0.141801
31 0.138527
32 0.135391
33 0.132395
34 0.129539
35 0.126811
36 0.12422
37 0.12178
38 0.119447
39 0.117196
40 0.115066
41 0.11303
42 0.111078
43 0.109182
44 0.107368
45 0.105607
46 0.103903
47 0.102262
48 0.100686
49 0.099166
50 0.0976952
51 0.0962777
52 0.0949057
53 0.093578
54 0.0922854
55 0.0910432
56 0.0898345
57 0.0886577
58 0.0875134
59 0.0864052
60 0.0853294
61 0.0842845
62 0.083267
63 0.0822793
64 0.0813187
65 0.0803826
66 0.0794741
67 0.0785845
68 0.0777149
69 0.0768672
70 0.0760438
71 0.0752416
72 0.0744607
73 0.0736961
74 0.0729494
75 0.0722193
76 0.0715053
77 0.0708093
78 0.0701326
79 0.0694735
80 0.0688247
81 0.0681951
82 0.067575
83 0.0669682
84 0.0663732
85 0.065789
86 0.0652172
87 0.0646576
88 0.0641108
89 0.0635758
90 0.0630511
91 0.0625356
92 0.0620306
93 0.0615352
94 0.0610579
95 0.0605862
96 0.0601199
97 0.0596633
98 0.0592106
99 0.0587653
100 0.0583282
101 0.0578995
102 0.0574778
103 0.0570642
104 0.0566568
105 0.0562591
106 0.0558682
107 0.055482
108 0.055103
109 0.054728
110 0.0543623
111 0.0540043
112 0.0536495
113 0.0533029
114 0.0529596
115 0.0526193
116 0.0522842
117 0.0519539
118 0.0516288
119 0.0513078
120 0.050991
121 0.0506803
122 0.0503757
123 0.0500734
124 0.0497764
125 0.0494827
126 0.0491914
127 0.0489043
128 0.0486236
129 0.048347
130 0.0480736
131 0.0478026
132 0.0475347
133 0.0472709
134 0.0470097
135 0.0467523
136 0.0464991
137 0.046249
138 0.0460016
139 0.0457575
140 0.0455168
141 0.0452796
142 0.0450536
143 0.0448217
144 0.0445914
145 0.0443633
146 0.0441388
147 0.043918
148 0.0436989
149 0.0434825
150 0.0432695
151 0.043058
152 0.0428496
153 0.0426473
154 0.0424461
155 0.042244
156 0.0420435
157 0.0418457
158 0.0416508
159 0.041458
160 0.0412664
161 0.0410799
162 0.0408963
163 0.0407125
164 0.0405316
165 0.0403515
166 0.0401731
167 0.0399963
168 0.0398215
169 0.039648
170 0.0394766
171 0.0393064
172 0.0391391
173 0.0389742
174 0.0388109
175 0.0386487
176 0.0384874
177 0.0383274
178 0.0381711
179 0.0380148
180 0.0378596
181 0.0377056
182 0.0375527
183 0.037402
184 0.037253
185 0.0371058
186 0.0369598
187 0.0368144
188 0.0366706
189 0.036529
190 0.0363878
191 0.036248
192 0.0361103
193 0.035975
194 0.0358395
195 0.0357047
196 0.0355712
197 0.0354386
198 0.0353074
199 0.035177
200 0.0350477
201 0.0349203
202 0.0347943
203 0.0346706
204 0.0345475
205 0.0344246
206 0.0343029
207 0.034182
208 0.0340614
209 0.0339418
210 0.0338232
211 0.0337055
212 0.0335894
213 0.0334746
214 0.0333626
215 0.0332499
216 0.0331377
217 0.0330273
218 0.0329164
219 0.0328065
220 0.0326967
221 0.0325877
222 0.0324797
223 0.0323729
224 0.0322677
225 0.0321637
226 0.0320606
227 0.0319576
228 0.0318557
229 0.0317548
230 0.0316539
231 0.0315537
232 0.0314542
233 0.0313553
234 0.0312572
235 0.03116
236 0.0310641
237 0.030969
238 0.0308739
239 0.0307801
240 0.0306868
241 0.0305939
242 0.0305015
243 0.0304103
244 0.030319
245 0.0302287
246 0.0301387
247 0.0300494
248 0.0299608
249 0.0298728
250 0.0297858
251 0.0296992
252 0.0296136
253 0.0295283
254 0.0294441
255 0.02936
256 0.0292764
257 0.0291936
258 0.0291111
259 0.0290288
260 0.0289471
261 0.0288662
262 0.0287857
263 0.028706
264 0.0286268
265 0.0285485
266 0.0284704
267 0.0283927
268 0.0283155
269 0.0282388
270 0.0281626
271 0.0280869
272 0.028012
273 0.0279373
274 0.0278632
275 0.0277895
276 0.0277164
277 0.0276436
278 0.0275713
279 0.0274995
280 0.0274282
281 0.0273575
282 0.0272873
283 0.0272176
284 0.027148
285 0.0270786
286 0.0270095
287 0.0269411
288 0.0268735
289 0.0268058
290 0.0267387
291 0.0266718
292 0.0266056
293 0.0265398
294 0.0264747
295 0.0264097
296 0.026345
297 0.0262806
298 0.0262165
299 0.0261528
300 0.0260892
301 0.0260272
302 0.0259648
303 0.0259026
304 0.0258411
305 0.0257797
306 0.0257183
307 0.0256575
308 0.0255969
309 0.0255367
310 0.0254769
311 0.0254173
312 0.0253582
313 0.0252999
314 0.0252414
315 0.0251833
316 0.0251259
317 0.0250686
318 0.025012
319 0.0249552
320 0.0248988
321 0.0248426
322 0.0247867
323 0.0247311
324 0.0246761
325 0.0246211
326 0.0245667
327 0.0245126
328 0.0244587
329 0.0244049
330 0.0243518
331 0.0242987
332 0.0242459
333 0.0241933
334 0.0241409
335 0.0240891
336 0.0240374
337 0.0239857
338 0.0239344
339 0.0238831
340 0.0238322
341 0.0237818
342 0.0237318
343 0.0236819
344 0.0236326
345 0.0235836
346 0.0235348
347 0.0234859
348 0.0234372
349 0.0233887
350 0.0233402
351 0.0232921
352 0.0232443
353 0.0231968
354 0.0231495
355 0.0231025
356 0.0230562
357 0.0230102
358 0.022964
359 0.0229179
360 0.0228719
361 0.0228261
362 0.0227805
363 0.0227351
364 0.0226901
365 0.0226454
366 0.0226007
367 0.0225565
368 0.0225125
369 0.0224691
370 0.0224254
371 0.0223818
372 0.0223383
373 0.0222952
374 0.0222521
375 0.0222092
376 0.0221667
377 0.0221243
378 0.0220821
379 0.02204
380 0.0219984
381 0.0219572
382 0.0219159
383 0.0218751
384 0.0218341
385 0.0217934
386 0.0217527
387 0.0217122
388 0.0216719
389 0.0216316
390 0.0215918
391 0.021552
392 0.0215126
393 0.0214739
394 0.021435
395 0.0213962
396 0.0213577
397 0.0213191
398 0.0212805
399 0.0212422
400 0.0212042
