1 0.333347
2 0.333217
3 0.333436
4 0.33297
5 0.33328
6 0.33375
7 0.333516
8 0.333003
9 0.333481
10 0.332947
11 0.333162
12 0.333347
13 0.458694
14 0.533471
15 0.562211
16 0.590682
17 0.620867
18 0.642126
19 0.660104
20 0.672151
21 0.684447
22 0.695782
23 0.703616
24 0.709871
25 0.717859
26 0.726314
27 0.731444
28 0.73589
29 0.738778
30 0.737046
31 0.739939
32 0.747425
33 0.753664
34 0.758138
35 0.762972
36 0.765194
37 0.763442
38 0.766669
39 0.772055
40 0.771012
41 0.772441
42 0.774811
43 0.77956
44 0.780298
45 0.785151
46 0.789184
47 0.791218
48 0.791515
49 0.792941
50 0.794998
51 0.796453
52 0.798266
53 0.799839
54 0.803421
55 0.802616
56 0.805006
57 0.807892
58 0.810211
59 0.810921
60 0.811904
61 0.813177
62 0.815434
63 0.815913
64 0.817586
65 0.819259
66 0.819827
67 0.822274
68 0.824338
69 0.824987
70 0.825386
71 0.825756
72 0.82688
73 0.828582
74 0.829477
75 0.830961
76 0.832298
77 0.832597
78 0.832044
79 0.832107
80 0.833974
81 0.833542
82 0.835943
83 0.836699
84 0.837912
85 0.838942
86 0.839609
87 0.839897
88 0.840078
89 0.840635
90 0.841586
91 0.842469
92 0.843165
93 0.843646
94 0.841868
95 0.843344
96 0.844933
97 0.845707
98 0.847448
99 0.847915
100 0.848759
101 0.848707
102 0.849455
103 0.849637
104 0.850352
105 0.850115
106 0.850687
107 0.851839
108 0.852307
109 0.853819
110 0.853174
111 0.853155
112 0.85439
113 0.853773
114 0.854974
115 0.856155
116 0.857128
117 0.85753
118 0.857512
119 0.85893
120 0.859503
121 0.858977
122 0.858923
123 0.860066
124 0.86018
125 0.860918
126 0.862116
127 0.862541
128 0.861922
129 0.862049
130 0.862828
131 0.863828
132 0.86439
133 0.8644
134 0.865619
135 0.865622
136 0.865497
137 0.866021
138 0.866644
139 0.86701
140 0.867279
141 0.867408
142 0.865528
143 0.868338
144 0.869498
145 0.870055
146 0.8699
147 0.869434
148 0.870084
149 0.870543
150 0.87036
151 0.871433
152 0.871464
153 0.870203
154 0.870865
155 0.872616
156 0.873468
157 0.873182
158 0.873391
159 0.873597
160 0.874383
161 0.873435
162 0.873559
163 0.874604
164 0.874418
165 0.875098
166 0.875444
167 0.875693
168 0.876111
169 0.87635
170 0.876603
171 0.877282
172 0.877108
173 0.877163
174 0.877221
175 0.877974
176 0.878436
177 0.878875
178 0.878621
179 0.879504
180 0.879893
181 0.880546
182 0.880776
183 0.880545
184 0.880756
185 0.88062
186 0.880957
187 0.881439
188 0.88162
189 0.881655
190 0.882289
191 0.882374
192 0.882341
193 0.882328
194 0.88331
195 0.88402
196 0.883844
197 0.884055
198 0.884244
199 0.884632
200 0.884903
201 0.884793
202 0.884845
203 0.884525
204 0.885083
205 0.885535
206 0.885609
207 0.885962
208 0.886653
209 0.886576
210 0.88676
211 0.887437
212 0.887217
213 0.887486
214 0.886611
215 0.887652
216 0.888026
217 0.887812
218 0.88873
219 0.889093
220 0.889655
221 0.890068
222 0.890099
223 0.889939
224 0.889525
225 0.889323
226 0.889279
227 0.890105
228 0.890006
229 0.890498
230 0.891092
231 0.891404
232 0.891858
233 0.891934
234 0.891924
235 0.892044
236 0.891658
237 0.891592
238 0.892502
239 0.892293
240 0.89273
241 0.892714
242 0.893194
243 0.893144
244 0.893412
245 0.893612
246 0.894048
247 0.893914
248 0.893938
249 0.894026
250 0.893937
251 0.89433
252 0.894143
253 0.894774
254 0.894421
255 0.895064
256 0.895042
257 0.895086
258 0.895463
259 0.895751
260 0.896048
261 0.895838
262 0.895876
263 0.896198
264 0.896039
265 0.896209
266 0.896335
267 0.896697
268 0.896912
269 0.897101
270 0.897237
271 0.897049
272 0.89724
273 0.897336
274 0.89759
275 0.897699
276 0.897906
277 0.897927
278 0.898107
279 0.898403
280 0.898524
281 0.898781
282 0.898693
283 0.898681
284 0.899101
285 0.899384
286 0.899646
287 0.899816
288 0.899455
289 0.900112
290 0.900069
291 0.900127
292 0.900046
293 0.900351
294 0.900072
295 0.900442
296 0.900596
297 0.90099
298 0.900995
299 0.901207
300 0.901528
301 0.901251
302 0.901536
303 0.901804
304 0.90155
305 0.901815
306 0.902253
307 0.902311
308 0.902636
309 0.902559
310 0.902423
311 0.902714
312 0.902893
313 0.902636
314 0.903245
315 0.90322
316 0.903081
317 0.903227
318 0.902844
319 0.903633
320 0.903713
321 0.90394
322 0.90438
323 0.90413
324 0.903927
325 0.904805
326 0.9043
327 0.90439
328 0.904657
329 0.905124
330 0.904937
331 0.905314
332 0.90526
333 0.905559
334 0.905316
335 0.905268
336 0.905327
337 0.905689
338 0.905872
339 0.906085
340 0.905981
341 0.906135
342 0.90635
343 0.906219
344 0.906103
345 0.90606
346 0.906137
347 0.906546
348 0.9065
349 0.906803
350 0.907267
351 0.907284
352 0.907409
353 0.9075
354 0.907592
355 0.90727
356 0.907222
357 0.907131
358 0.907651
359 0.907676
360 0.908019
361 0.908129
362 0.908108
363 0.90839
364 0.908208
365 0.908405
366 0.908696
367 0.90851
368 0.908604
369 0.908519
370 0.909045
371 0.909023
372 0.909489
373 0.909215
374 0.909598
375 0.909615
376 0.909362
377 0.909573
378 0.909705
379 0.909945
380 0.909711
381 0.909868
382 0.90998
383 0.909839
384 0.910472
385 0.910336
386 0.910728
387 0.910493
388 0.910323
389 0.910812
390 0.910878
391 0.910829
392 0.910959
393 0.910491
394 0.91075
395 0.911
396 0.910976
397 0.910987
398 0.911195
399 0.911371
400 0.911306
