1 0.749893
2 0.749893
3 0.749893
4 0.749893
5 0.749893
6 0.749893
7 0.749893
8 0.749893
9 0.749893
10 0.749893
11 0.749893
12 0.749893
13 0.749893
14 0.749893
15 0.749893
16 0.749893
17 0.749893
18 0.749893
19 0.749893
20 0.749893
21 0.749893
22 0.749893
23 0.749893
24 0.749893
25 0.749893
26 0.749893
27 0.749893
28 0.749893
29 0.749893
30 0.749893
31 0.749893
32 0.749893
33 0.749893
34 0.749893
35 0.749893
36 0.749893
37 0.749893
38 0.749893
39 0.749893
40 0.749893
41 0.749893
42 0.749893
43 0.749893
44 0.749893
45 0.749893
46 0.749893
47 0.749893
48 0.749893
49 0.749893
50 0.749893
51 0.749893
52 0.749893
53 0.749893
54 0.749893
55 0.749893
56 0.749893
57 0.749893
58 0.749893
59 0.749893
60 0.749893
61 0.749893
62 0.749893
63 0.749893
64 0.749893
65 0.749893
66 0.749893
67 0.749893
68 0.749893
69 0.749893
70 0.749893
71 0.749893
72 0.749893
73 0.749893
74 0.749893
75 0.749893
76 0.749893
77 0.749893
78 0.749893
79 0.749893
80 0.749893
81 0.749893
82 0.749893
83 0.749893
84 0.749893
85 0.749893
86 0.749893
87 0.749893
88 0.749893
89 0.749893
90 0.749893
91 0.749893
92 0.749893
93 0.749893
94 0.749893
95 0.749893
96 0.749893
97 0.749893
98 0.749893
99 0.749893
100 0.749893
101 0.749893
102 0.749893
103 0.749893
104 0.749893
105 0.749893
106 0.749893
107 0.749893
108 0.749893
109 0.749893
110 0.749893
111 0.749893
112 0.749893
113 0.749893
114 0.749893
115 0.749893
116 0.749893
117 0.749893
118 0.749893
119 0.749893
120 0.749893
121 0.749893
122 0.749893
123 0.749893
124 0.749893
125 0.749893
126 0.749893
127 0.749893
128 0.749893
129 0.749893
130 0.749893
131 0.749893
132 0.749893
133 0.749893
134 0.749893
135 0.749893
136 0.749893
137 0.749893
138 0.749893
139 0.749893
140 0.749893
141 0.749893
142 0.749893
143 0.749893
144 0.749893
145 0.749893
146 0.749893
147 0.749893
148 0.749893
149 0.749893
150 0.749893
151 0.749893
152 0.749893
153 0.749893
154 0.749893
155 0.749893
156 0.749893
157 0.749893
158 0.749893
159 0.749893
160 0.749893
161 0.749893
162 0.749893
163 0.749893
164 0.749893
165 0.749893
166 0.749893
167 0.749893
168 0.749893
169 0.749893
170 0.749893
171 0.749893
172 0.749893
173 0.749893
174 0.749893
175 0.749893
176 0.749893
177 0.749893
178 0.749893
179 0.749893
180 0.749893
181 0.749893
182 0.749893
183 0.749893
184 0.749893
185 0.749893
186 0.749893
187 0.749893
188 0.749893
189 0.749893
190 0.749893
191 0.749893
192 0.749893
193 0.749893
194 0.749893
195 0.749893
196 0.749893
197 0.749893
198 0.749893
199 0.749893
200 0.749893
201 0.749893
202 0.749893
203 0.749893
204 0.749893
205 0.749893
206 0.749893
207 0.749893
208 0.749893
209 0.749893
210 0.749893
211 0.749893
212 0.749893
213 0.749893
214 0.749893
215 0.749893
216 0.749893
217 0.749893
218 0.749893
219 0.749893
220 0.749893
221 0.749893
222 0.749893
223 0.749893
224 0.749893
225 0.749893
226 0.749893
227 0.749893
228 0.749893
229 0.749893
230 0.749893
231 0.749893
232 0.749893
233 0.749893
234 0.749893
235 0.749893
236 0.749893
237 0.749893
238 0.749893
239 0.749893
240 0.749893
241 0.749893
242 0.749893
243 0.749893
244 0.749893
245 0.749893
246 0.749893
247 0.749893
248 0.749893
249 0.749893
250 0.749893
251 0.749893
252 0.749893
253 0.749893
254 0.749893
255 0.749893
256 0.749893
257 0.749893
258 0.749893
259 0.749893
260 0.749893
261 0.749893
262 0.749893
263 0.749893
264 0.749893
265 0.749893
266 0.749893
267 0.749893
268 0.749893
269 0.749893
270 0.749893
271 0.749893
272 0.749893
273 0.749893
274 0.749893
275 0.749893
276 0.749893
277 0.749893
278 0.749893
279 0.749893
280 0.749893
281 0.749893
282 0.749893
283 0.749893
284 0.749893
285 0.749893
286 0.749893
287 0.749893
288 0.749893
289 0.749893
290 0.749893
291 0.749893
292 0.749893
293 0.749893
294 0.749893
295 0.749893
296 0.749893
297 0.749893
298 0.749893
299 0.749893
300 0.749893
301 0.749893
302 0.749893
303 0.749893
304 0.749893
305 0.749893
306 0.749893
307 0.749893
308 0.749893
309 0.749893
310 0.749893
311 0.749893
312 0.749893
313 0.749893
314 0.749893
315 0.749893
316 0.749893
317 0.749893
318 0.749893
319 0.749893
320 0.749893
321 0.749893
322 0.749893
323 0.749893
324 0.749893
325 0.749893
326 0.749893
327 0.749893
328 0.749893
329 0.749893
330 0.749893
331 0.749893
332 0.749893
333 0.749893
334 0.749893
335 0.749893
336 0.749893
337 0.749893
338 0.749893
339 0.749893
340 0.749893
341 0.749893
342 0.749893
343 0.749893
344 0.749893
345 0.749893
346 0.749893
347 0.749893
348 0.749893
349 0.749893
350 0.749893
351 0.749893
352 0.749893
353 0.749893
354 0.749893
355 0.749893
356 0.749893
357 0.749893
358 0.749893
359 0.749893
360 0.749893
361 0.749893
362 0.749893
363 0.749893
364 0.749893
365 0.749893
366 0.749893
367 0.749893
368 0.749893
369 0.749893
370 0.749893
371 0.749893
372 0.749893
373 0.749893
374 0.749893
375 0.749893
376 0.749893
377 0.749893
378 0.749893
379 0.749893
380 0.749893
381 0.749893
382 0.749893
383 0.749893
384 0.749893
385 0.749893
386 0.749893
387 0.749893
388 0.749893
389 0.749893
390 0.749893
391 0.749893
392 0.749893
393 0.749893
394 0.749893
395 0.749893
396 0.749893
397 0.749893
398 0.749893
399 0.749893
400 0.749893
