1 0.5
2 0.353289
3 0.294727
4 0.258052
5 0.235045
6 0.217067
7 0.204353
8 0.193561
9 0.185326
10 0.178062
11 0.172101
12 0.167014
13 0.162668
14 0.158436
15 0.1554
16 0.152338
17 0.149986
18 0.147554
19 0.145697
20 0.144003
21 0.142226
22 0.140903
23 0.139547
24 0.138216
25 0.13714
26 0.136151
27 0.135042
28 0.134044
29 0.133418
30 0.132517
31 0.131656
32 0.130863
33 0.13017
34 0.129727
35 0.128976
36 0.12828
37 0.127695
38 0.127284
39 0.126865
40 0.126356
41 0.125935
42 0.125272
43 0.12491
44 0.124716
45 0.124257
46 0.123815
47 0.123341
48 0.123079
49 0.122866
50 0.122574
51 0.122258
52 0.121932
53 0.121701
54 0.121216
55 0.121187
56 0.120857
57 0.120635
58 0.120451
59 0.120087
60 0.119885
61 0.119709
62 0.119414
63 0.119139
64 0.118742
65 0.118961
66 0.118726
67 0.118548
68 0.118368
69 0.118191
70 0.118097
71 0.117845
72 0.117593
73 0.117413
74 0.117393
75 0.117202
76 0.117214
77 0.117038
78 0.116964
79 0.116936
80 0.116698
81 0.116532
82 0.116588
83 0.116406
84 0.116233
85 0.116243
86 0.116061
87 0.115957
88 0.115888
89 0.115759
90 0.115689
91 0.115584
92 0.115427
93 0.115299
94 0.115235
95 0.115208
96 0.115047
97 0.114969
98 0.114999
99 0.114891
100 0.114808
101 0.114683
102 0.114771
103 0.114492
104 0.114547
105 0.114416
106 0.114386
107 0.114393
108 0.114242
109 0.114108
110 0.11423
111 0.114021
112 0.114
113 0.113898
114 0.113797
115 0.113815
116 0.113859
117 0.113825
118 0.113752
119 0.113672
120 0.113564
121 0.113495
122 0.113477
123 0.113438
124 0.113368
125 0.113255
126 0.113166
127 0.113183
128 0.113119
129 0.113166
130 0.113041
131 0.113064
132 0.113132
133 0.11295
134 0.112962
135 0.112921
136 0.112855
137 0.112884
138 0.112746
139 0.112593
140 0.112797
141 0.112645
142 0.112681
143 0.112625
144 0.11252
145 0.112591
146 0.112533
147 0.112414
148 0.11245
149 0.112371
150 0.112339
151 0.11232
152 0.112264
153 0.112242
154 0.112214
155 0.112274
156 0.112172
157 0.112164
158 0.112177
159 0.112129
160 0.112085
161 0.112033
162 0.111973
163 0.111975
164 0.112013
165 0.111972
166 0.111876
167 0.111908
168 0.111816
169 0.111776
170 0.111963
171 0.111888
172 0.111671
173 0.111681
174 0.111669
175 0.111708
176 0.111655
177 0.11166
178 0.111619
179 0.111637
180 0.111542
181 0.11148
182 0.111538
183 0.111537
184 0.111475
185 0.11139
186 0.111323
187 0.111563
188 0.111344
189 0.11132
190 0.111344
191 0.111321
192 0.111169
193 0.11138
194 0.111294
195 0.111349
196 0.111314
197 0.111232
198 0.11121
199 0.111157
200 0.111177
201 0.11113
202 0.111105
203 0.111174
204 0.111032
205 0.111262
206 0.110965
207 0.111095
208 0.11101
209 0.110931
210 0.110967
211 0.110947
212 0.110925
213 0.110827
214 0.110968
215 0.110887
216 0.110875
217 0.110867
218 0.110816
219 0.110855
220 0.110886
221 0.110804
222 0.110764
223 0.11077
224 0.110754
225 0.110659
226 0.110719
227 0.110784
228 0.110705
229 0.110664
230 0.110622
231 0.110663
232 0.110707
233 0.110674
234 0.110637
235 0.110589
236 0.110604
237 0.110586
238 0.110544
239 0.110554
240 0.110522
241 0.110509
242 0.110502
243 0.110517
244 0.110502
245 0.110589
246 0.110522
247 0.110485
248 0.110499
249 0.110455
250 0.11048
251 0.11042
252 0.110393
253 0.110411
254 0.110364
255 0.110562
256 0.110419
257 0.110101
258 0.110319
259 0.110303
260 0.110269
261 0.110258
262 0.11021
263 0.11032
264 0.110322
265 0.110216
266 0.110264
267 0.110324
268 0.110261
269 0.110159
270 0.110135
271 0.110137
272 0.110172
273 0.11015
274 0.110201
275 0.110196
276 0.110109
277 0.110133
278 0.109975
279 0.110119
280 0.110154
281 0.110119
282 0.110088
283 0.11001
284 0.110107
285 0.110076
286 0.110059
287 0.109989
288 0.109989
289 0.110056
290 0.110096
291 0.109948
292 0.110034
293 0.110004
294 0.109933
295 0.10989
296 0.109972
297 0.109922
298 0.109903
299 0.109999
300 0.109925
301 0.109867
302 0.109907
303 0.109869
304 0.10982
305 0.109951
306 0.109849
307 0.109771
308 0.109868
309 0.109758
310 0.109867
311 0.109806
312 0.109799
313 0.109808
314 0.109825
315 0.109791
316 0.109836
317 0.109773
318 0.109757
319 0.109795
320 0.109685
321 0.109858
322 0.109696
323 0.109739
324 0.109728
325 0.10969
326 0.109716
327 0.109674
328 0.109773
329 0.109621
330 0.109733
331 0.109635
332 0.109696
333 0.109701
334 0.109646
335 0.109671
336 0.1096
337 0.109629
338 0.109625
339 0.109643
340 0.109612
341 0.109602
342 0.109527
343 0.109664
344 0.109598
345 0.109601
346 0.10955
347 0.109593
348 0.109539
349 0.109532
350 0.109574
351 0.10962
352 0.109544
353 0.109491
354 0.109604
355 0.109534
356 0.109594
357 0.109484
358 0.109509
359 0.109544
360 0.109498
361 0.109552
362 0.109455
363 0.109484
364 0.109511
365 0.109488
366 0.10947
367 0.109438
368 0.109481
369 0.109449
370 0.109383
371 0.109494
372 0.109403
373 0.109405
374 0.109511
375 0.109365
376 0.10939
377 0.109468
378 0.109348
379 0.109378
380 0.1094
381 0.109346
382 0.109352
383 0.109414
384 0.109365
385 0.109335
386 0.109379
387 0.109374
388 0.109348
389 0.109412
390 0.109324
391 0.109319
392 0.10934
393 0.109362
394 0.109311
395 0.109309
396 0.109312
397 0.10932
398 0.109303
399 0.10927
400 0.109287
