1 0.500287
2 0.499713
3 0.499758
4 0.500242
5 0.499614
6 0.500386
7 0.499594
8 0.500406
9 0.499534
10 0.500466
11 0.499818
12 0.500287
13 0.574072
14 0.591265
15 0.609283
16 0.6286
17 0.633446
18 0.651114
19 0.652914
20 0.668405
21 0.668918
22 0.680189
23 0.68116
24 0.690405
25 0.690458
26 0.693803
27 0.697764
28 0.701292
29 0.698452
30 0.701238
31 0.704914
32 0.700843
33 0.700537
34 0.703442
35 0.707192
36 0.704667
37 0.706281
38 0.708835
39 0.706279
40 0.711369
41 0.717359
42 0.715217
43 0.715156
44 0.717244
45 0.721518
46 0.720892
47 0.724697
48 0.725624
49 0.726894
50 0.728822
51 0.733468
52 0.734059
53 0.733571
54 0.737231
55 0.738182
56 0.73992
57 0.742125
58 0.745123
59 0.749117
60 0.748885
61 0.748656
62 0.752609
63 0.752068
64 0.754209
65 0.756843
66 0.756546
67 0.760118
68 0.759733
69 0.760667
70 0.761286
71 0.761208
72 0.765527
73 0.765295
74 0.765517
75 0.769699
76 0.770603
77 0.769727
78 0.77077
79 0.771829
80 0.773394
81 0.775832
82 0.774403
83 0.776077
84 0.777833
85 0.77827
86 0.778967
87 0.781056
88 0.780396
89 0.780488
90 0.783189
91 0.783195
92 0.783646
93 0.784113
94 0.78599
95 0.786316
96 0.787688
97 0.78846
98 0.789005
99 0.790007
100 0.790841
101 0.792247
102 0.792443
103 0.793198
104 0.794184
105 0.795241
106 0.796122
107 0.796678
108 0.795785
109 0.798385
110 0.798117
111 0.798855
112 0.798767
113 0.801043
114 0.800658
115 0.80044
116 0.802869
117 0.802972
118 0.803389
119 0.804227
120 0.804424
121 0.805714
122 0.806287
123 0.806395
124 0.806781
125 0.808208
126 0.808545
127 0.808216
128 0.809179
129 0.809616
130 0.810613
131 0.81138
132 0.811154
133 0.81199
134 0.813281
135 0.814036
136 0.813683
137 0.81435
138 0.815654
139 0.816073
140 0.81654
141 0.8164
142 0.817722
143 0.817809
144 0.818193
145 0.819242
146 0.819221
147 0.819651
148 0.820828
149 0.820475
150 0.821181
151 0.821794
152 0.821899
153 0.822701
154 0.822796
155 0.822331
156 0.823415
157 0.824521
158 0.824299
159 0.824862
160 0.825635
161 0.825899
162 0.825777
163 0.827022
164 0.826064
165 0.826995
166 0.828258
167 0.828252
168 0.828313
169 0.829242
170 0.828968
171 0.829761
172 0.829775
173 0.830116
174 0.830882
175 0.830689
176 0.831101
177 0.831522
178 0.83076
179 0.833068
180 0.832719
181 0.832435
182 0.833355
183 0.83397
184 0.834453
185 0.834334
186 0.835076
187 0.834369
188 0.835166
189 0.835499
190 0.835881
191 0.835852
192 0.836284
193 0.837388
194 0.836723
195 0.837693
196 0.837779
197 0.83791
198 0.838676
199 0.839378
200 0.839126
201 0.838829
202 0.840458
203 0.84001
204 0.840479
205 0.840706
206 0.84104
207 0.841567
208 0.841571
209 0.841953
210 0.841853
211 0.84211
212 0.842589
213 0.842602
214 0.843295
215 0.843171
216 0.843853
217 0.844278
218 0.844694
219 0.845036
220 0.844903
221 0.845204
222 0.845687
223 0.845785
224 0.846
225 0.846584
226 0.84617
227 0.84706
228 0.847194
229 0.846912
230 0.847457
231 0.847688
232 0.847543
233 0.848481
234 0.84815
235 0.848562
236 0.849092
237 0.849449
238 0.849995
239 0.850277
240 0.85056
241 0.850246
242 0.850947
243 0.850904
244 0.851351
245 0.851779
246 0.851835
247 0.852107
248 0.852549
249 0.852988
250 0.853585
251 0.853163
252 0.853847
253 0.854161
254 0.853901
255 0.854299
256 0.854349
257 0.854209
258 0.854898
259 0.855053
260 0.854808
261 0.85555
262 0.8557
263 0.856003
264 0.856317
265 0.856527
266 0.85711
267 0.857129
268 0.857036
269 0.857356
270 0.857793
271 0.857421
272 0.858063
273 0.857914
274 0.858076
275 0.858467
276 0.857917
277 0.858665
278 0.858944
279 0.858977
280 0.859776
281 0.859624
282 0.860134
283 0.860168
284 0.860277
285 0.860366
286 0.860821
287 0.861155
288 0.861583
289 0.861619
290 0.861899
291 0.861905
292 0.861953
293 0.862188
294 0.862157
295 0.862749
296 0.862744
297 0.862992
298 0.863055
299 0.862912
300 0.863175
301 0.863397
302 0.863641
303 0.864228
304 0.864317
305 0.864366
306 0.864552
307 0.864853
308 0.864953
309 0.86526
310 0.865307
311 0.865514
312 0.865692
313 0.865928
314 0.865853
315 0.866239
316 0.866265
317 0.865945
318 0.866514
319 0.866833
320 0.866808
321 0.867316
322 0.867412
323 0.867165
324 0.867801
325 0.867701
326 0.868179
327 0.868102
328 0.868143
329 0.868227
330 0.868873
331 0.869229
332 0.868855
333 0.868774
334 0.869104
335 0.869432
336 0.86949
337 0.869535
338 0.869759
339 0.869867
340 0.869892
341 0.870323
342 0.87029
343 0.870346
344 0.870461
345 0.870566
346 0.870935
347 0.871008
348 0.871247
349 0.871676
350 0.871766
351 0.871608
352 0.87161
353 0.872358
354 0.872181
355 0.872382
356 0.87258
357 0.872741
358 0.872957
359 0.873148
360 0.873033
361 0.873602
362 0.87396
363 0.873719
364 0.873913
365 0.874243
366 0.874077
367 0.873981
368 0.874378
369 0.874428
370 0.874168
371 0.874232
372 0.874497
373 0.874625
374 0.875017
375 0.874721
376 0.87502
377 0.875253
378 0.875001
379 0.875483
380 0.875599
381 0.875756
382 0.875911
383 0.876135
384 0.876181
385 0.87618
386 0.876538
387 0.876518
388 0.876653
389 0.877058
390 0.876853
391 0.876934
392 0.87744
393 0.877317
394 0.877267
395 0.877662
396 0.877906
397 0.877962
398 0.877971
399 0.877919
400 0.878141
