1 0.0734359
2 0.0734072
3 0.0734462
4 0.0733969
5 0.0734775
6 0.0733655
7 0.0735099
8 0.0733331
9 0.0735006
10 0.0733424
11 0.0733925
12 0.0734359
13 0.0566902
14 0.0528742
15 0.0489878
16 0.0447777
17 0.0437876
18 0.0400906
19 0.0397359
20 0.036641
21 0.0365103
22 0.034314
23 0.0341182
24 0.0323154
25 0.0322917
26 0.0317092
27 0.0309519
28 0.0303051
29 0.0308188
30 0.0303519
31 0.0296904
32 0.0303985
33 0.0305333
34 0.0299616
35 0.0292747
36 0.0297281
37 0.0294674
38 0.0290128
39 0.0294934
40 0.0285481
41 0.027469
42 0.0278913
43 0.0279677
44 0.0275879
45 0.0268248
46 0.0269397
47 0.0263057
48 0.0262063
49 0.0260383
50 0.0257119
51 0.0248669
52 0.0248469
53 0.0249901
54 0.0244409
55 0.0243246
56 0.0239957
57 0.0237273
58 0.0232149
59 0.0225025
60 0.0225844
61 0.0227115
62 0.0220383
63 0.0221615
64 0.0217873
65 0.0212986
66 0.0213791
67 0.0208421
68 0.020937
69 0.0207747
70 0.0207268
71 0.020715
72 0.0199986
73 0.0200605
74 0.0200822
75 0.0193314
76 0.0192029
77 0.0193707
78 0.0192046
79 0.0190558
80 0.018788
81 0.018379
82 0.0186476
83 0.0183771
84 0.018137
85 0.0180931
86 0.0179515
87 0.0176826
88 0.0177946
89 0.0177843
90 0.0173149
91 0.0173164
92 0.0173135
93 0.0172589
94 0.016923
95 0.0168948
96 0.0167668
97 0.0166561
98 0.0165653
99 0.0163882
100 0.016317
101 0.0160557
102 0.0160866
103 0.016026
104 0.0158656
105 0.0157187
106 0.0156218
107 0.0155584
108 0.0156966
109 0.0152631
110 0.0153364
111 0.0152494
112 0.0153039
113 0.0149315
114 0.0149913
115 0.0150382
116 0.0147302
117 0.0147332
118 0.014655
119 0.0146038
120 0.0145674
121 0.0143274
122 0.0142903
123 0.0143087
124 0.014288
125 0.0139688
126 0.0139523
127 0.0140099
128 0.0139124
129 0.0139268
130 0.013673
131 0.013595
132 0.0137215
133 0.0136672
134 0.0133877
135 0.0133318
136 0.0134093
137 0.0133266
138 0.0131329
139 0.0130648
140 0.0129711
141 0.0130705
142 0.012849
143 0.0128269
144 0.012811
145 0.0126921
146 0.0127504
147 0.0126641
148 0.0124701
149 0.0125193
150 0.012455
151 0.0123776
152 0.0123753
153 0.0122624
154 0.0122737
155 0.0123599
156 0.0121712
157 0.0120546
158 0.012117
159 0.0120464
160 0.0118974
161 0.0118802
162 0.0119223
163 0.0117528
164 0.0119235
165 0.0117827
166 0.0115318
167 0.0115913
168 0.0116108
169 0.0114482
170 0.0115213
171 0.0114161
172 0.0114242
173 0.0114061
174 0.0113093
175 0.0113262
176 0.0112404
177 0.0112352
178 0.0113433
179 0.0109747
180 0.0110644
181 0.0111207
182 0.0109907
183 0.0109021
184 0.0108481
185 0.0108634
186 0.010758
187 0.0108755
188 0.010746
189 0.0106996
190 0.0106446
191 0.0107162
192 0.0106264
193 0.0104447
194 0.0105834
195 0.0104948
196 0.0104563
197 0.010455
198 0.0103273
199 0.0102719
200 0.010299
201 0.0103855
202 0.0101524
203 0.0101923
204 0.010181
205 0.010143
206 0.0101056
207 0.0100157
208 0.0100102
209 0.00997989
210 0.0100147
211 0.00998931
212 0.00994102
213 0.00993826
214 0.00986464
215 0.00991358
216 0.00978025
217 0.00974698
218 0.00970769
219 0.00966033
220 0.00968699
221 0.00965778
222 0.00958483
223 0.00957366
224 0.00956003
225 0.00949656
226 0.00953802
227 0.00937051
228 0.0094069
229 0.00947935
230 0.00939457
231 0.00939429
232 0.00938856
233 0.00929239
234 0.00935354
235 0.00930163
236 0.00925295
237 0.00920548
238 0.00913528
239 0.00911023
240 0.00910027
241 0.00911813
242 0.00900353
243 0.00906876
244 0.00899774
245 0.00898635
246 0.00898184
247 0.00891755
248 0.00885809
249 0.00881947
250 0.0087579
251 0.00883546
252 0.00877506
253 0.00868811
254 0.0087198
255 0.00868953
256 0.00870278
257 0.00873998
258 0.0086167
259 0.00860753
260 0.00867696
261 0.00857909
262 0.00857947
263 0.00848254
264 0.00845716
265 0.00845634
266 0.00838755
267 0.00840083
268 0.00841748
269 0.00839118
270 0.00832829
271 0.00841358
272 0.00831302
273 0.00834408
274 0.00831992
275 0.00826169
276 0.00835978
277 0.00828331
278 0.00825224
279 0.00825245
280 0.00814015
281 0.00817455
282 0.00813522
283 0.00810248
284 0.00813398
285 0.00807722
286 0.00804922
287 0.00802951
288 0.00798672
289 0.00797622
290 0.00794174
291 0.00795881
292 0.00791879
293 0.0079116
294 0.00791752
295 0.00787455
296 0.00784266
297 0.00782825
298 0.00782434
299 0.00788416
300 0.00781338
301 0.00774468
302 0.00773961
303 0.00765325
304 0.00766188
305 0.00769844
306 0.00767499
307 0.0075949
308 0.00763101
309 0.00758208
310 0.00759829
311 0.00757817
312 0.00756667
313 0.00753749
314 0.00755055
315 0.00750013
316 0.00750426
317 0.00755368
318 0.00743744
319 0.00741967
320 0.00747223
321 0.00739866
322 0.00738891
323 0.00745403
324 0.00735312
325 0.0073728
326 0.00730204
327 0.00733132
328 0.0073235
329 0.00730847
330 0.00722359
331 0.00719397
332 0.00724675
333 0.00726062
334 0.00719996
335 0.00715865
336 0.00715153
337 0.00717578
338 0.0071474
339 0.00714691
340 0.00715308
341 0.00707444
342 0.00710431
343 0.00712304
344 0.00709036
345 0.00707208
346 0.00704653
347 0.00703749
348 0.00699901
349 0.00697071
350 0.00695392
351 0.00696232
352 0.00698339
353 0.00686766
354 0.0069146
355 0.00691884
356 0.00688794
357 0.00688462
358 0.00686079
359 0.00683485
360 0.00685571
361 0.00680091
362 0.00675421
363 0.00679974
364 0.00680256
365 0.00671786
366 0.00674431
367 0.00677461
368 0.00671356
369 0.00670025
370 0.00674445
371 0.00672248
372 0.00668035
373 0.00668295
374 0.00662509
375 0.00667447
376 0.00661059
377 0.00659303
378 0.00662512
379 0.00661617
380 0.00657694
381 0.00658063
382 0.00659232
383 0.00657145
384 0.00655146
385 0.00655617
386 0.00653057
387 0.00653827
388 0.00652453
389 0.00646011
390 0.0064949
391 0.00651258
392 0.00642251
393 0.00646424
394 0.00645638
395 0.00642844
396 0.00637222
397 0.00638205
398 0.00638177
399 0.00640481
400 0.0063836
