1 0.0734359
2 0.0734215
3 0.0734297
4 0.0734215
5 0.0734327
6 0.0734215
7 0.0734342
8 0.0734215
9 0.0734303
10 0.0734215
11 0.0734188
12 0.0734202
13 0.0721333
14 0.0707577
15 0.0693064
16 0.0677734
17 0.0663624
18 0.064903
19 0.0635783
20 0.0622313
21 0.0610066
22 0.0597933
23 0.058677
24 0.0575785
25 0.0565671
26 0.055611
27 0.0546977
28 0.0538266
29 0.0530332
30 0.0522772
31 0.0515485
32 0.0508876
33 0.0502707
34 0.0496735
35 0.0490907
36 0.0485528
37 0.048037
38 0.0475363
39 0.0470738
40 0.0466106
41 0.0461437
42 0.0457092
43 0.0452966
44 0.0448941
45 0.0444925
46 0.044111
47 0.0437321
48 0.043367
49 0.0430134
50 0.0426673
51 0.0423183
52 0.0419824
53 0.0416617
54 0.0413428
55 0.0410334
56 0.0407291
57 0.0404308
58 0.040134
59 0.0398352
60 0.0395477
61 0.0392717
62 0.0389937
63 0.0387265
64 0.0384619
65 0.0381978
66 0.037943
67 0.0376877
68 0.0374414
69 0.0371999
70 0.0369645
71 0.0367357
72 0.0365031
73 0.036278
74 0.0360591
75 0.0358361
76 0.0356172
77 0.0354062
78 0.0351985
79 0.0349942
80 0.0347916
81 0.0345889
82 0.0343945
83 0.0342016
84 0.0340103
85 0.0338231
86 0.0336385
87 0.0334551
88 0.0332771
89 0.0331031
90 0.0329277
91 0.0327561
92 0.0325883
93 0.0324234
94 0.0322585
95 0.0320968
96 0.0319371
97 0.0317795
98 0.0316243
99 0.0314704
100 0.0313189
101 0.0311677
102 0.0310199
103 0.0308743
104 0.03073
105 0.0305871
106 0.0304459
107 0.0303068
108 0.0301715
109 0.0300347
110 0.0299011
111 0.0297691
112 0.0296399
113 0.0295097
114 0.0293824
115 0.0292576
116 0.0291324
117 0.0290093
118 0.0288877
119 0.0287677
120 0.0286493
121 0.028531
122 0.0284143
123 0.0282996
124 0.0281866
125 0.0280729
126 0.0279608
127 0.0278509
128 0.0277421
129 0.027635
130 0.0275275
131 0.0274212
132 0.0273174
133 0.0272148
134 0.0271116
135 0.0270095
136 0.0269095
137 0.0268104
138 0.0267112
139 0.026613
140 0.0265156
141 0.0264203
142 0.0263247
143 0.0262303
144 0.0261371
145 0.0260444
146 0.0259533
147 0.025863
148 0.0257724
149 0.0256835
150 0.0255953
151 0.0255078
152 0.0254214
153 0.0253354
154 0.0252505
155 0.0251674
156 0.0250841
157 0.0250011
158 0.0249195
159 0.0248386
160 0.0247577
161 0.0246777
162 0.024599
163 0.0245202
164 0.0244433
165 0.0243666
166 0.0242893
167 0.0242133
168 0.0241383
169 0.0240632
170 0.0239894
171 0.0239158
172 0.0238433
173 0.0237713
174 0.0236997
175 0.023629
176 0.0235586
177 0.023489
178 0.0234208
179 0.0233513
180 0.023283
181 0.0232158
182 0.0231486
183 0.0230817
184 0.0230152
185 0.0229495
186 0.022884
187 0.0228198
188 0.0227555
189 0.0226917
190 0.0226283
191 0.022566
192 0.0225038
193 0.0224413
194 0.0223802
195 0.0223192
196 0.0222587
197 0.0221988
198 0.0221388
199 0.0220792
200 0.0220203
201 0.0219624
202 0.021904
203 0.0218463
204 0.0217891
205 0.0217322
206 0.0216758
207 0.0216195
208 0.0215637
209 0.0215083
210 0.0214535
211 0.0213992
212 0.0213451
213 0.0212916
214 0.0212382
215 0.0211855
216 0.0211327
217 0.0210803
218 0.0210281
219 0.0209762
220 0.0209248
221 0.0208739
222 0.020823
223 0.0207726
224 0.0207225
225 0.0206726
226 0.0206234
227 0.0205738
228 0.0205248
229 0.0204766
230 0.0204284
231 0.0203806
232 0.0203333
233 0.0202859
234 0.0202391
235 0.0201926
236 0.0201463
237 0.0201001
238 0.020054
239 0.0200082
240 0.0199628
241 0.0199178
242 0.0198727
243 0.0198282
244 0.0197839
245 0.0197398
246 0.019696
247 0.0196524
248 0.0196089
249 0.0195655
250 0.0195223
251 0.0194797
252 0.0194372
253 0.0193948
254 0.0193527
255 0.0193109
256 0.0192695
257 0.0192285
258 0.0191874
259 0.0191465
260 0.0191063
261 0.0190659
262 0.0190259
263 0.0189858
264 0.0189459
265 0.0189063
266 0.0188668
267 0.0188276
268 0.0187888
269 0.0187501
270 0.0187115
271 0.0186735
272 0.0186354
273 0.0185977
274 0.0185602
275 0.0185228
276 0.0184859
277 0.0184491
278 0.0184124
279 0.018376
280 0.0183395
281 0.0183033
282 0.0182672
283 0.0182313
284 0.0181957
285 0.0181602
286 0.0181249
287 0.0180897
288 0.0180547
289 0.0180198
290 0.017985
291 0.0179506
292 0.0179162
293 0.017882
294 0.0178482
295 0.0178144
296 0.0177806
297 0.0177472
298 0.0177139
299 0.017681
300 0.0176481
301 0.0176152
302 0.0175825
303 0.0175497
304 0.0175172
305 0.017485
306 0.0174529
307 0.0174208
308 0.0173891
309 0.0173573
310 0.0173258
311 0.0172945
312 0.0172633
313 0.0172322
314 0.0172014
315 0.0171706
316 0.01714
317 0.0171098
318 0.0170794
319 0.0170491
320 0.0170192
321 0.0169892
322 0.0169594
323 0.01693
324 0.0169004
325 0.016871
326 0.0168417
327 0.0168126
328 0.0167837
329 0.0167549
330 0.016726
331 0.0166972
332 0.0166688
333 0.0166405
334 0.0166122
335 0.016584
336 0.016556
337 0.0165281
338 0.0165003
339 0.0164728
340 0.0164453
341 0.0164179
342 0.0163906
343 0.0163636
344 0.0163367
345 0.0163098
346 0.016283
347 0.0162564
348 0.0162298
349 0.0162033
350 0.0161768
351 0.0161506
352 0.0161245
353 0.0160983
354 0.0160724
355 0.0160466
356 0.0160208
357 0.0159953
358 0.0159697
359 0.0159443
360 0.015919
361 0.0158938
362 0.0158686
363 0.0158436
364 0.0158187
365 0.0157938
366 0.0157691
367 0.0157446
368 0.01572
369 0.0156956
370 0.0156714
371 0.0156473
372 0.0156232
373 0.0155992
374 0.0155752
375 0.0155515
376 0.0155277
377 0.015504
378 0.0154805
379 0.0154571
380 0.0154337
381 0.0154105
382 0.0153874
383 0.0153644
384 0.0153415
385 0.0153186
386 0.0152959
387 0.0152732
388 0.0152507
389 0.0152281
390 0.0152057
391 0.0151835
392 0.0151611
393 0.015139
394 0.015117
395 0.015095
396 0.0150729
397 0.015051
398 0.0150292
399 0.0150076
400 0.0149861
