1 0.0733154
2 0.0733371
3 0.0733739
4 0.0736097
5 0.0734244
6 0.0734171
7 0.0734815
8 0.0731992
9 0.0734722
10 0.073233
11 0.0734981
12 0.0733226
13 0.0733768
14 0.0733253
15 0.0734339
16 0.0734348
17 0.0733359
18 0.0732897
19 0.0734218
20 0.0732144
21 0.0734235
22 0.0734217
23 0.0734302
24 0.0734311
25 0.0731941
26 0.0569402
27 0.0568661
28 0.0497537
29 0.049094
30 0.0454297
31 0.0440627
32 0.0415303
33 0.04036
34 0.0385289
35 0.0372875
36 0.0358026
37 0.034791
38 0.0335953
39 0.0325632
40 0.0315884
41 0.0308041
42 0.0299525
43 0.0292412
44 0.0285447
45 0.0279126
46 0.0273152
47 0.0267762
48 0.0262928
49 0.0259279
50 0.0256748
51 0.0252682
52 0.0248454
53 0.0245192
54 0.0241341
55 0.0237402
56 0.0233917
57 0.0230754
58 0.0226835
59 0.0224668
60 0.0221659
61 0.0219661
62 0.0215519
63 0.0213427
64 0.0210659
65 0.0208827
66 0.0206425
67 0.0203203
68 0.0201328
69 0.0198247
70 0.0196346
71 0.0194039
72 0.0192654
73 0.0191227
74 0.0188711
75 0.0186409
76 0.018468
77 0.018291
78 0.0181465
79 0.0179398
80 0.0177542
81 0.0175418
82 0.0173985
83 0.0172559
84 0.0171301
85 0.0169605
86 0.0168387
87 0.0166778
88 0.016529
89 0.0163689
90 0.0162611
91 0.0161188
92 0.01597
93 0.0158818
94 0.0157112
95 0.0155988
96 0.0154825
97 0.0153363
98 0.0152087
99 0.0151682
100 0.0150083
101 0.0149378
102 0.0147924
103 0.0146913
104 0.0145715
105 0.0145047
106 0.0143846
107 0.0142857
108 0.0142133
109 0.0141765
110 0.0140484
111 0.0139569
112 0.0138476
113 0.0137866
114 0.0136735
115 0.0135565
116 0.0135057
117 0.0134399
118 0.0133052
119 0.0132037
120 0.0131172
121 0.0130257
122 0.0130123
123 0.0129111
124 0.0128663
125 0.0128238
126 0.0127416
127 0.01256
128 0.0125448
129 0.0124662
130 0.0124713
131 0.0124082
132 0.0123119
133 0.0122472
134 0.0121514
135 0.0121082
136 0.012032
137 0.0119995
138 0.0119632
139 0.0118832
140 0.0117896
141 0.0117283
142 0.0116931
143 0.0116512
144 0.011602
145 0.0115591
146 0.0114231
147 0.011471
148 0.0114263
149 0.0113605
150 0.0112868
151 0.0112371
152 0.0111436
153 0.0111485
154 0.0110898
155 0.0110253
156 0.0109516
157 0.0109365
158 0.010861
159 0.0108482
160 0.0107512
161 0.0107267
162 0.0106903
163 0.0106407
164 0.0105879
165 0.0105529
166 0.0104914
167 0.0104766
168 0.0104137
169 0.0103682
170 0.010322
171 0.0102558
172 0.0102703
173 0.0101895
174 0.0101819
175 0.0101002
176 0.0100661
177 0.0100737
178 0.0100291
179 0.00998086
180 0.00993551
181 0.00992975
182 0.00984071
183 0.00983152
184 0.0097777
185 0.00972765
186 0.00968456
187 0.00971508
188 0.00966805
189 0.00953849
190 0.009596
191 0.00955261
192 0.0094988
193 0.00944162
194 0.00942643
195 0.00939631
196 0.0093604
197 0.00936628
198 0.00927551
199 0.00927499
200 0.00926266
201 0.00919892
202 0.00922232
203 0.00911696
204 0.00910236
205 0.00908851
206 0.00904768
207 0.00903369
208 0.00901335
209 0.00897976
210 0.00895935
211 0.00888842
212 0.00883812
213 0.00887488
214 0.00885134
215 0.00878052
216 0.0088019
217 0.00869708
218 0.00870547
219 0.0086865
220 0.00868217
221 0.00857674
222 0.0085995
223 0.00857637
224 0.00856087
225 0.00850995
226 0.00848309
227 0.00843862
228 0.00842706
229 0.00842796
230 0.00837565
231 0.00835228
232 0.00830995
233 0.00828987
234 0.00826013
235 0.00823668
236 0.0082366
237 0.00827571
238 0.00818808
239 0.00818542
240 0.00812905
241 0.00811039
242 0.00811398
243 0.00805323
244 0.00801883
245 0.00804153
246 0.00801563
247 0.00799024
248 0.00792438
249 0.00796558
250 0.00793737
251 0.00788803
252 0.00788536
253 0.0078685
254 0.00786488
255 0.00783417
256 0.00774858
257 0.007817
258 0.00773815
259 0.00774224
260 0.00775191
261 0.00768254
262 0.00770875
263 0.00765456
264 0.00762174
265 0.0076389
266 0.00755086
267 0.00760066
268 0.00753871
269 0.00754238
270 0.00750649
271 0.0075119
272 0.00748171
273 0.00748236
274 0.00740345
275 0.00744869
276 0.00741301
277 0.00740953
278 0.00737754
279 0.00736223
280 0.00730669
281 0.00734356
282 0.00728234
283 0.00727597
284 0.0072851
285 0.00728557
286 0.007265
287 0.00717369
288 0.00718872
289 0.00719629
290 0.00720562
291 0.00716915
292 0.00710795
293 0.00713563
294 0.0070849
295 0.00704189
296 0.0070722
297 0.00705549
298 0.0070487
299 0.00700009
300 0.0069786
301 0.00698935
302 0.00696669
303 0.00697653
304 0.00693728
305 0.00692728
306 0.0069283
307 0.00690424
308 0.00689427
309 0.00684437
310 0.00686915
311 0.00682723
312 0.00682795
313 0.00682479
314 0.0067945
315 0.00679075
316 0.00676889
317 0.00677151
318 0.00672169
319 0.00670396
320 0.00672931
321 0.00666564
322 0.00671032
323 0.00664656
324 0.00664388
325 0.00667987
326 0.00661388
327 0.0066306
328 0.00659201
329 0.00658432
330 0.00654972
331 0.00658788
332 0.00655533
333 0.00654516
334 0.00653721
335 0.00650507
336 0.00650698
337 0.00649982
338 0.00647701
339 0.00642943
340 0.00641726
341 0.00640466
342 0.00641598
343 0.00639696
344 0.00640382
345 0.00638807
346 0.00637077
347 0.00637048
348 0.0063258
349 0.00632416
350 0.00633934
351 0.00631398
352 0.00631305
353 0.0062768
354 0.00628031
355 0.00626725
356 0.00624654
357 0.00621757
358 0.00620297
359 0.00617449
360 0.00622853
361 0.00614784
362 0.00614217
363 0.00615244
364 0.00614409
365 0.00613899
366 0.00612131
367 0.00610678
368 0.00610214
369 0.00611859
370 0.00608223
371 0.00606829
372 0.00604701
373 0.00605424
374 0.00604624
375 0.00603935
376 0.00600559
377 0.00601397
378 0.00600767
379 0.00597255
380 0.00599061
381 0.00596541
382 0.00592572
383 0.00596653
384 0.00592782
385 0.00587972
386 0.00589879
387 0.0058564
388 0.0058825
389 0.00589407
390 0.00584349
391 0.00584939
392 0.00582658
393 0.00583164
394 0.00583257
395 0.00582693
396 0.00579598
397 0.00578922
398 0.00576882
399 0.00579712
400 0.00575683
