1 0.572395
2 0.572815
3 0.606724
4 0.608872
5 0.631365
6 0.633611
7 0.650492
8 0.653097
9 0.666362
10 0.668946
11 0.680171
12 0.682358
13 0.691859
14 0.69451
15 0.702529
16 0.704917
17 0.71157
18 0.713736
19 0.720211
20 0.722499
21 0.727817
22 0.730286
23 0.735182
24 0.73718
25 0.741627
26 0.743665
27 0.747751
28 0.749638
29 0.753429
30 0.755221
31 0.758306
32 0.759821
33 0.762894
34 0.764421
35 0.76708
36 0.768461
37 0.771013
38 0.772545
39 0.774637
40 0.775986
41 0.778091
42 0.779508
43 0.781363
44 0.782726
45 0.784488
46 0.785855
47 0.787443
48 0.788787
49 0.790193
50 0.791301
51 0.792816
52 0.794208
53 0.795577
54 0.796772
55 0.798114
56 0.799254
57 0.800524
58 0.801661
59 0.802726
60 0.803686
61 0.805019
62 0.805779
63 0.80705
64 0.808074
65 0.808924
66 0.810092
67 0.811151
68 0.812211
69 0.812961
70 0.813874
71 0.815215
72 0.815763
73 0.816912
74 0.817651
75 0.818563
76 0.819359
77 0.820296
78 0.821349
79 0.821932
80 0.822861
81 0.823456
82 0.824492
83 0.825256
84 0.826141
85 0.827016
86 0.827434
87 0.828413
88 0.828926
89 0.829555
90 0.830253
91 0.830979
92 0.831449
93 0.832204
94 0.832712
95 0.833599
96 0.834087
97 0.834746
98 0.835243
99 0.83584
100 0.83652
101 0.83683
102 0.837467
103 0.838026
104 0.838693
105 0.839252
106 0.83998
107 0.840411
108 0.841004
109 0.841547
110 0.841922
111 0.842565
112 0.842943
113 0.843324
114 0.84388
115 0.844389
116 0.844801
117 0.845288
118 0.845669
119 0.846072
120 0.846646
121 0.847076
122 0.847561
123 0.848009
124 0.848392
125 0.848723
126 0.849234
127 0.849625
128 0.850007
129 0.850471
130 0.850802
131 0.851398
132 0.851937
133 0.852315
134 0.85275
135 0.853109
136 0.853529
137 0.853976
138 0.854299
139 0.854819
140 0.855107
141 0.855429
142 0.855982
143 0.856264
144 0.85669
145 0.85711
146 0.857342
147 0.857678
148 0.857953
149 0.858485
150 0.858622
151 0.858969
152 0.859461
153 0.85968
154 0.860188
155 0.860434
156 0.860861
157 0.861122
158 0.861349
159 0.861878
160 0.862164
161 0.862535
162 0.862782
163 0.86311
164 0.863464
165 0.863703
166 0.864222
167 0.864421
168 0.864677
169 0.864956
170 0.865346
171 0.865655
172 0.865811
173 0.866166
174 0.866464
175 0.866952
176 0.867167
177 0.867315
178 0.867718
179 0.86783
180 0.868182
181 0.868595
182 0.868867
183 0.869148
184 0.869326
185 0.869726
186 0.870066
187 0.870193
188 0.870372
189 0.870656
190 0.870923
191 0.871086
192 0.871476
193 0.871711
194 0.872061
195 0.872273
196 0.87263
197 0.872917
198 0.87308
199 0.87342
200 0.873748
201 0.874085
202 0.8743
203 0.874535
204 0.874771
205 0.874944
206 0.875163
207 0.875395
208 0.875592
209 0.87581
210 0.876064
211 0.876341
212 0.876529
213 0.876721
214 0.877038
215 0.87731
216 0.877659
217 0.87777
218 0.87794
219 0.87803
220 0.878335
221 0.878544
222 0.878757
223 0.878999
224 0.879119
225 0.879224
226 0.879462
227 0.879664
228 0.879833
229 0.880082
230 0.880181
231 0.8804
232 0.880461
233 0.880696
234 0.880821
235 0.880983
236 0.88135
237 0.881449
238 0.881594
239 0.881789
240 0.881972
241 0.882201
242 0.882311
243 0.882619
244 0.882797
245 0.882867
246 0.883092
247 0.883359
248 0.883466
249 0.883647
250 0.883821
251 0.883986
252 0.884163
253 0.884465
254 0.884665
255 0.884822
256 0.884969
257 0.885125
258 0.885225
259 0.885557
260 0.885839
261 0.88583
262 0.88601
263 0.886095
264 0.886333
265 0.886519
266 0.886608
267 0.88695
268 0.887125
269 0.887213
270 0.887385
271 0.887411
272 0.887598
273 0.887701
274 0.887957
275 0.888104
276 0.888203
277 0.888402
278 0.888617
279 0.888686
280 0.888811
281 0.889027
282 0.88907
283 0.889184
284 0.88927
285 0.889646
286 0.889752
287 0.889941
288 0.890117
289 0.890221
290 0.890296
291 0.890396
292 0.890633
293 0.890772
294 0.891017
295 0.89111
296 0.891257
297 0.891409
298 0.89153
299 0.891735
300 0.89181
301 0.891873
302 0.892067
303 0.89217
304 0.892278
305 0.892467
306 0.892718
307 0.892843
308 0.892997
309 0.893159
310 0.893317
311 0.893492
312 0.893556
313 0.893721
314 0.89383
315 0.894014
316 0.8942
317 0.894277
318 0.894491
319 0.894593
320 0.894664
321 0.894933
322 0.895081
323 0.895135
324 0.895238
325 0.895379
326 0.895531
327 0.895639
328 0.895712
329 0.895783
330 0.89588
331 0.896054
332 0.896177
333 0.89633
334 0.896508
335 0.896608
336 0.896765
337 0.896799
338 0.896984
339 0.89705
340 0.89713
341 0.897282
342 0.897542
343 0.897609
344 0.897769
345 0.897827
346 0.897907
347 0.898005
348 0.898022
349 0.898111
350 0.898246
351 0.898399
352 0.898573
353 0.898687
354 0.898735
355 0.898996
356 0.899027
357 0.899231
358 0.899315
359 0.899453
360 0.899611
361 0.899788
362 0.899886
363 0.899911
364 0.90013
365 0.900247
366 0.900355
367 0.900572
368 0.900519
369 0.900709
370 0.900863
371 0.900895
372 0.901038
373 0.901053
374 0.901066
375 0.901194
376 0.901338
377 0.901424
378 0.90158
379 0.901655
380 0.901784
381 0.901837
382 0.901962
383 0.902045
384 0.902289
385 0.902372
386 0.902524
387 0.902577
388 0.902648
389 0.902737
390 0.902777
391 0.902762
392 0.902901
393 0.903067
394 0.903171
395 0.903129
396 0.903296
397 0.903369
398 0.90349
399 0.903562
400 0.90366
