1 0.108162
2 0.1082
3 0.108345
4 0.108292
5 0.108268
6 0.108253
7 0.104705
8 0.10107
9 0.0973816
10 0.0939257
11 0.0907343
12 0.0878308
13 0.0851462
14 0.0826525
15 0.0803457
16 0.0782009
17 0.0762029
18 0.0743398
19 0.0725959
20 0.0709551
21 0.0694077
22 0.0679537
23 0.0665688
24 0.0652656
25 0.0640314
26 0.0628572
27 0.0617412
28 0.0606749
29 0.0596596
30 0.0586862
31 0.0577553
32 0.0568619
33 0.0560097
34 0.0551898
35 0.0544005
36 0.0536398
37 0.0529063
38 0.0522012
39 0.0515228
40 0.0508661
41 0.0502307
42 0.0496167
43 0.0490231
44 0.0484472
45 0.047891
46 0.047351
47 0.0468289
48 0.0463208
49 0.0458265
50 0.0453443
51 0.0448772
52 0.044422
53 0.0439796
54 0.0435482
55 0.0431283
56 0.0427187
57 0.0423197
58 0.0419293
59 0.0415479
60 0.0411766
61 0.0408139
62 0.0404597
63 0.0401121
64 0.0397745
65 0.0394427
66 0.0391197
67 0.038802
68 0.0384919
69 0.0381875
70 0.0378901
71 0.0375985
72 0.0373128
73 0.0370326
74 0.0367564
75 0.0364868
76 0.0362228
77 0.035963
78 0.0357085
79 0.0354584
80 0.0352131
81 0.0349722
82 0.0347354
83 0.0345021
84 0.0342734
85 0.0340484
86 0.0338282
87 0.0336117
88 0.0333985
89 0.0331885
90 0.0329815
91 0.0327778
92 0.0325782
93 0.0323813
94 0.0321878
95 0.0319964
96 0.031809
97 0.0316247
98 0.0314428
99 0.0312638
100 0.0310864
101 0.0309122
102 0.0307407
103 0.0305718
104 0.0304042
105 0.03024
106 0.0300779
107 0.0299179
108 0.0297602
109 0.0296044
110 0.0294513
111 0.0292989
112 0.0291485
113 0.0290005
114 0.0288544
115 0.0287109
116 0.0285697
117 0.0284296
118 0.0282908
119 0.0281549
120 0.0280195
121 0.0278854
122 0.0277542
123 0.0276245
124 0.027497
125 0.0273697
126 0.0272441
127 0.0271205
128 0.0269977
129 0.0268763
130 0.0267563
131 0.0266374
132 0.0265205
133 0.0264052
134 0.0262912
135 0.0261776
136 0.0260655
137 0.0259545
138 0.0258451
139 0.0257374
140 0.0256305
141 0.025525
142 0.0254201
143 0.0253164
144 0.0252137
145 0.0251122
146 0.0250114
147 0.0249118
148 0.0248137
149 0.0247161
150 0.0246196
151 0.0245242
152 0.0244294
153 0.0243358
154 0.0242434
155 0.024152
156 0.0240609
157 0.0239708
158 0.0238815
159 0.0237933
160 0.0237055
161 0.0236187
162 0.0235329
163 0.0234477
164 0.0233636
165 0.0232802
166 0.0231972
167 0.0231154
168 0.0230339
169 0.0229529
170 0.0228731
171 0.0227943
172 0.0227158
173 0.0226377
174 0.0225604
175 0.0224837
176 0.0224076
177 0.0223324
178 0.0222579
179 0.0221839
180 0.02211
181 0.0220377
182 0.0219657
183 0.0218941
184 0.021823
185 0.0217528
186 0.0216827
187 0.0216134
188 0.0215449
189 0.0214767
190 0.0214091
191 0.0213423
192 0.0212757
193 0.02121
194 0.021144
195 0.0210792
196 0.0210147
197 0.0209511
198 0.0208878
199 0.0208248
200 0.0207624
201 0.0207002
202 0.0206387
203 0.0205778
204 0.0205171
205 0.020457
206 0.0203973
207 0.020338
208 0.0202791
209 0.0202204
210 0.0201623
211 0.0201044
212 0.0200472
213 0.0199905
214 0.0199341
215 0.0198781
216 0.0198227
217 0.0197674
218 0.0197128
219 0.0196586
220 0.0196045
221 0.0195507
222 0.0194974
223 0.0194445
224 0.0193919
225 0.0193397
226 0.0192879
227 0.0192364
228 0.0191852
229 0.0191346
230 0.019084
231 0.0190339
232 0.018984
233 0.0189346
234 0.0188854
235 0.0188367
236 0.0187881
237 0.0187398
238 0.0186918
239 0.0186442
240 0.0185969
241 0.0185501
242 0.0185032
243 0.0184567
244 0.0184106
245 0.018365
246 0.0183194
247 0.018274
248 0.018229
249 0.0181844
250 0.01814
251 0.0180959
252 0.018052
253 0.0180083
254 0.017965
255 0.0179219
256 0.017879
257 0.0178365
258 0.0177942
259 0.017752
260 0.0177102
261 0.0176685
262 0.0176272
263 0.0175862
264 0.0175456
265 0.0175049
266 0.0174647
267 0.0174245
268 0.0173847
269 0.0173451
270 0.0173059
271 0.0172668
272 0.0172277
273 0.0171888
274 0.0171502
275 0.017112
276 0.0170739
277 0.0170361
278 0.0169984
279 0.0169609
280 0.0169237
281 0.0168868
282 0.0168501
283 0.0168134
284 0.0167769
285 0.0167407
286 0.0167047
287 0.0166687
288 0.0166329
289 0.0165973
290 0.0165619
291 0.0165267
292 0.0164917
293 0.0164568
294 0.0164222
295 0.0163876
296 0.0163533
297 0.0163193
298 0.0162854
299 0.0162518
300 0.0162181
301 0.0161846
302 0.0161513
303 0.0161184
304 0.0160857
305 0.0160529
306 0.0160203
307 0.0159881
308 0.015956
309 0.0159239
310 0.015892
311 0.0158602
312 0.0158287
313 0.0157972
314 0.0157658
315 0.0157347
316 0.0157039
317 0.0156731
318 0.0156423
319 0.0156119
320 0.0155815
321 0.0155515
322 0.0155214
323 0.0154915
324 0.0154618
325 0.0154322
326 0.0154027
327 0.0153734
328 0.0153442
329 0.0153152
330 0.0152863
331 0.0152575
332 0.0152289
333 0.0152004
334 0.0151721
335 0.0151438
336 0.0151158
337 0.0150879
338 0.0150602
339 0.0150326
340 0.0150048
341 0.0149772
342 0.0149499
343 0.0149227
344 0.0148955
345 0.0148686
346 0.0148417
347 0.014815
348 0.0147884
349 0.014762
350 0.0147356
351 0.0147092
352 0.0146831
353 0.0146571
354 0.0146311
355 0.0146055
356 0.0145798
357 0.0145541
358 0.0145287
359 0.0145033
360 0.014478
361 0.014453
362 0.0144279
363 0.0144029
364 0.014378
365 0.0143534
366 0.0143288
367 0.0143044
368 0.01428
369 0.0142558
370 0.0142315
371 0.0142074
372 0.0141835
373 0.0141596
374 0.014136
375 0.0141123
376 0.0140887
377 0.0140652
378 0.0140419
379 0.0140187
380 0.0139955
381 0.0139724
382 0.0139494
383 0.0139265
384 0.0139038
385 0.013881
386 0.0138583
387 0.0138358
388 0.0138133
389 0.013791
390 0.0137688
391 0.0137466
392 0.0137244
393 0.0137025
394 0.0136806
395 0.0136587
396 0.0136369
397 0.0136151
398 0.0135935
399 0.013572
400 0.0135506
