1 0.608046
2 0.608489
3 0.65569
4 0.660275
5 0.686622
6 0.691862
7 0.709712
8 0.714966
9 0.727904
10 0.732938
11 0.74332
12 0.747286
13 0.755006
14 0.759277
15 0.765076
16 0.76894
17 0.774148
18 0.777222
19 0.78207
20 0.785607
21 0.789488
22 0.792515
23 0.796019
24 0.798687
25 0.802013
26 0.804415
27 0.80731
28 0.809629
29 0.812153
30 0.814067
31 0.816518
32 0.818172
33 0.820259
34 0.821989
35 0.82446
36 0.826106
37 0.82786
38 0.829458
39 0.830974
40 0.832608
41 0.834339
42 0.835639
43 0.837281
44 0.838618
45 0.839987
46 0.841407
47 0.842823
48 0.84417
49 0.845422
50 0.846568
51 0.847758
52 0.849087
53 0.850025
54 0.850931
55 0.852296
56 0.853418
57 0.8545
58 0.855553
59 0.856556
60 0.857194
61 0.858144
62 0.859203
63 0.860178
64 0.861099
65 0.862062
66 0.862886
67 0.863624
68 0.864558
69 0.865316
70 0.866243
71 0.866953
72 0.867727
73 0.868509
74 0.869263
75 0.869919
76 0.870582
77 0.871475
78 0.872059
79 0.872624
80 0.873308
81 0.873819
82 0.874516
83 0.875215
84 0.875764
85 0.876253
86 0.877044
87 0.877746
88 0.878272
89 0.878879
90 0.879438
91 0.879902
92 0.880427
93 0.881128
94 0.88136
95 0.881939
96 0.882254
97 0.882865
98 0.883414
99 0.883927
100 0.884474
101 0.884963
102 0.885551
103 0.885965
104 0.886463
105 0.886914
106 0.887434
107 0.887705
108 0.888303
109 0.88866
110 0.889312
111 0.889567
112 0.890006
113 0.890232
114 0.890703
115 0.891035
116 0.891326
117 0.891812
118 0.892185
119 0.892618
120 0.892911
121 0.893394
122 0.893782
123 0.89419
124 0.894534
125 0.894811
126 0.895248
127 0.895525
128 0.895991
129 0.896389
130 0.89656
131 0.896888
132 0.897241
133 0.897557
134 0.897912
135 0.898452
136 0.898762
137 0.898943
138 0.899156
139 0.89958
140 0.8998
141 0.900202
142 0.900415
143 0.900751
144 0.900843
145 0.901145
146 0.901528
147 0.901776
148 0.902224
149 0.902391
150 0.902567
151 0.902851
152 0.903208
153 0.903342
154 0.903692
155 0.903866
156 0.904245
157 0.904544
158 0.904848
159 0.905039
160 0.905218
161 0.905536
162 0.905731
163 0.906022
164 0.90633
165 0.9065
166 0.906821
167 0.907109
168 0.907293
169 0.90757
170 0.907922
171 0.908165
172 0.908385
173 0.908679
174 0.908882
175 0.909183
176 0.909431
177 0.909658
178 0.909868
179 0.91011
180 0.910385
181 0.910653
182 0.910899
183 0.91104
184 0.911294
185 0.911471
186 0.911801
187 0.91203
188 0.912192
189 0.912334
190 0.912635
191 0.912809
192 0.913029
193 0.913209
194 0.913422
195 0.913744
196 0.914001
197 0.91416
198 0.91429
199 0.914547
200 0.914773
201 0.914859
202 0.914998
203 0.915285
204 0.91555
205 0.915554
206 0.915807
207 0.915964
208 0.916257
209 0.916351
210 0.916494
211 0.916595
212 0.916727
213 0.91693
214 0.91702
215 0.917176
216 0.917364
217 0.917593
218 0.917765
219 0.918018
220 0.918209
221 0.918366
222 0.918426
223 0.918701
224 0.91892
225 0.91904
226 0.919308
227 0.919399
228 0.919628
229 0.919852
230 0.91998
231 0.920052
232 0.920304
233 0.920355
234 0.920574
235 0.920714
236 0.920795
237 0.920983
238 0.921107
239 0.921278
240 0.921331
241 0.921525
242 0.92168
243 0.921933
244 0.922147
245 0.922219
246 0.922291
247 0.922463
248 0.922661
249 0.922813
250 0.922807
251 0.922931
252 0.922937
253 0.923238
254 0.92325
255 0.923405
256 0.923515
257 0.923751
258 0.923719
259 0.923934
260 0.923961
261 0.924148
262 0.924278
263 0.924474
264 0.924533
265 0.924682
266 0.924875
267 0.925019
268 0.925125
269 0.925319
270 0.925432
271 0.925539
272 0.9257
273 0.925738
274 0.925846
275 0.926051
276 0.926133
277 0.92632
278 0.92635
279 0.926546
280 0.926588
281 0.926614
282 0.926634
283 0.926892
284 0.927011
285 0.927211
286 0.927337
287 0.927388
288 0.927562
289 0.92764
290 0.927757
291 0.927797
292 0.927922
293 0.928031
294 0.928065
295 0.928214
296 0.928339
297 0.928473
298 0.928608
299 0.928774
300 0.928855
301 0.929066
302 0.929074
303 0.929145
304 0.929244
305 0.929334
306 0.929525
307 0.929599
308 0.929641
309 0.92977
310 0.929884
311 0.930045
312 0.930121
313 0.930153
314 0.930389
315 0.930466
316 0.930618
317 0.930637
318 0.930768
319 0.930914
320 0.93102
321 0.931063
322 0.931175
323 0.931242
324 0.931336
325 0.931421
326 0.931508
327 0.931511
328 0.931783
329 0.931844
330 0.931904
331 0.932025
332 0.932119
333 0.93222
334 0.932338
335 0.932497
336 0.932577
337 0.932634
338 0.932706
339 0.932752
340 0.932853
341 0.932885
342 0.932914
343 0.933071
344 0.93305
345 0.933212
346 0.933322
347 0.933416
348 0.933393
349 0.933537
350 0.933548
351 0.933694
352 0.933829
353 0.933827
354 0.933863
355 0.934074
356 0.934178
357 0.934227
358 0.934322
359 0.934388
360 0.934537
361 0.934561
362 0.934682
363 0.934729
364 0.934778
365 0.934909
366 0.934982
367 0.935028
368 0.935084
369 0.935128
370 0.935283
371 0.935399
372 0.935503
373 0.935641
374 0.935742
375 0.935782
376 0.93588
377 0.936004
378 0.936037
379 0.936071
380 0.936122
381 0.936216
382 0.936444
383 0.93643
384 0.936533
385 0.936657
386 0.936679
387 0.936746
388 0.936843
389 0.936799
390 0.93687
391 0.93689
392 0.936935
393 0.937031
394 0.937085
395 0.93721
396 0.937281
397 0.937343
398 0.937364
399 0.937522
400 0.937572
