1 0.458283
2 0.460761
3 0.462545
4 0.464298
5 0.465117
6 0.466225
7 0.467013
8 0.467885
9 0.468796
10 0.469198
11 0.469621
12 0.470381
13 0.47064
14 0.471249
15 0.471682
16 0.472098
17 0.47247
18 0.472749
19 0.473173
20 0.473311
21 0.473758
22 0.474027
23 0.473991
24 0.474574
25 0.474583
26 0.475
27 0.475034
28 0.475263
29 0.475477
30 0.475796
31 0.475777
32 0.475927
33 0.47611
34 0.476067
35 0.476454
36 0.476419
37 0.476432
38 0.476885
39 0.476856
40 0.477242
41 0.477227
42 0.477111
43 0.477246
44 0.477429
45 0.477555
46 0.477481
47 0.477569
48 0.477907
49 0.478029
50 0.478068
51 0.478265
52 0.478205
53 0.478118
54 0.478257
55 0.478446
56 0.47863
57 0.4785
58 0.478752
59 0.478753
60 0.478817
61 0.479041
62 0.47884
63 0.478969
64 0.478951
65 0.478921
66 0.479512
67 0.479278
68 0.479251
69 0.479361
70 0.479496
71 0.479297
72 0.479662
73 0.479736
74 0.479557
75 0.479516
76 0.47991
77 0.479907
78 0.479729
79 0.47971
80 0.479809
81 0.480067
82 0.480123
83 0.479849
84 0.479945
85 0.480297
86 0.480265
87 0.480224
88 0.480221
89 0.480457
90 0.480213
91 0.480307
92 0.480343
93 0.4803
94 0.480386
95 0.480477
96 0.480433
97 0.480362
98 0.480562
99 0.480506
100 0.480735
101 0.480579
102 0.480787
103 0.480751
104 0.480752
105 0.480998
106 0.480649
107 0.480633
108 0.480786
109 0.480752
110 0.480717
111 0.480839
112 0.480689
113 0.480848
114 0.480905
115 0.481169
116 0.481142
117 0.481002
118 0.481127
119 0.480954
120 0.481113
121 0.481116
122 0.481205
123 0.481211
124 0.481062
125 0.481066
126 0.481527
127 0.481279
128 0.48148
129 0.481437
130 0.481344
131 0.48139
132 0.481235
133 0.481324
134 0.481284
135 0.481352
136 0.481394
137 0.481587
138 0.481647
139 0.481518
140 0.481487
141 0.48145
142 0.481427
143 0.481665
144 0.481735
145 0.481592
146 0.481727
147 0.481802
148 0.481853
149 0.481698
150 0.481735
151 0.481726
152 0.481671
153 0.481697
154 0.481836
155 0.481903
156 0.481909
157 0.481856
158 0.481948
159 0.481715
160 0.481963
161 0.482051
162 0.481893
163 0.481912
164 0.481763
165 0.481994
166 0.481784
167 0.481849
168 0.481876
169 0.482096
170 0.48182
171 0.482097
172 0.482088
173 0.482082
174 0.482063
175 0.481654
176 0.482181
177 0.482055
178 0.481859
179 0.482186
180 0.482246
181 0.482142
182 0.482154
183 0.482285
184 0.481952
185 0.482377
186 0.482115
187 0.482248
188 0.482223
189 0.482336
190 0.482201
191 0.48227
192 0.482072
193 0.48231
194 0.482143
195 0.48248
196 0.48245
197 0.482361
198 0.482369
199 0.482407
200 0.482298
201 0.482292
202 0.482477
203 0.482438
204 0.482392
205 0.482292
206 0.482576
207 0.482395
208 0.482426
209 0.482467
210 0.482392
211 0.482369
212 0.482401
213 0.482329
214 0.48252
215 0.482407
216 0.482533
217 0.482445
218 0.482419
219 0.482427
220 0.482423
221 0.482348
222 0.482426
223 0.482671
224 0.482547
225 0.482409
226 0.482489
227 0.482516
228 0.482564
229 0.482661
230 0.482609
231 0.482521
232 0.482601
233 0.48267
234 0.482728
235 0.482637
236 0.482781
237 0.482672
238 0.482456
239 0.482823
240 0.482404
241 0.482504
242 0.482733
243 0.482702
244 0.482647
245 0.482681
246 0.482554
247 0.482782
248 0.482875
249 0.482566
250 0.482915
251 0.482746
252 0.482831
253 0.48275
254 0.482781
255 0.482902
256 0.48284
257 0.482792
258 0.482913
259 0.482687
260 0.482819
261 0.482696
262 0.483028
263 0.482638
264 0.482921
265 0.482738
266 0.48273
267 0.482873
268 0.482994
269 0.482573
270 0.482649
271 0.482768
272 0.482926
273 0.482791
274 0.482896
275 0.483068
276 0.482897
277 0.482737
278 0.482867
279 0.482984
280 0.483011
281 0.482793
282 0.48308
283 0.483022
284 0.482562
285 0.483013
286 0.482742
287 0.482856
288 0.482978
289 0.482976
290 0.48316
291 0.482815
292 0.482999
293 0.482945
294 0.482813
295 0.483076
296 0.483151
297 0.483132
298 0.482709
299 0.482932
300 0.482854
301 0.482909
302 0.48293
303 0.483329
304 0.483231
305 0.482965
306 0.483115
307 0.483011
308 0.483143
309 0.483114
310 0.482897
311 0.482985
312 0.483124
313 0.483086
314 0.483071
315 0.483124
316 0.482902
317 0.483197
318 0.483191
319 0.482903
320 0.483065
321 0.48282
322 0.483157
323 0.48321
324 0.483055
325 0.482961
326 0.4832
327 0.483143
328 0.483293
329 0.483169
330 0.483259
331 0.483306
332 0.483355
333 0.483041
334 0.483124
335 0.482872
336 0.4831
337 0.48312
338 0.483289
339 0.483049
340 0.482888
341 0.483193
342 0.483263
343 0.483274
344 0.483162
345 0.483241
346 0.483363
347 0.482985
348 0.483218
349 0.483019
350 0.483389
351 0.48301
352 0.483389
353 0.483224
354 0.483269
355 0.483239
356 0.483409
357 0.483264
358 0.483202
359 0.483236
360 0.483192
361 0.483192
362 0.483387
363 0.483426
364 0.483065
365 0.483359
366 0.483126
367 0.483392
368 0.48341
369 0.483489
370 0.483426
371 0.48316
372 0.483145
373 0.483337
374 0.483244
375 0.483395
376 0.483271
377 0.483316
378 0.482909
379 0.483277
380 0.483278
381 0.483235
382 0.483431
383 0.48344
384 0.483408
385 0.483306
386 0.483368
387 0.483474
388 0.483385
389 0.483331
390 0.483273
391 0.483506
392 0.483374
393 0.483311
394 0.483402
395 0.483334
396 0.483141
397 0.4835
398 0.483326
399 0.483467
400 0.483215
