1 0.066714
2 0.066714
3 0.066714
4 0.066714
5 0.066714
6 0.066714
7 0.066714
8 0.066714
9 0.066714
10 0.066714
11 0.066714
12 0.066714
13 0.066714
14 0.066714
15 0.066714
16 0.066714
17 0.066714
18 0.066714
19 0.066714
20 0.066714
21 0.066714
22 0.066714
23 0.066714
24 0.066714
25 0.066714
26 0.085317
27 0.088831
28 0.087292
29 0.096003
30 0.096044
31 0.094113
32 0.100692
33 0.099838
34 0.09802
35 0.095718
36 0.102362
37 0.100511
38 0.098475
39 0.103889
40 0.102091
41 0.100535
42 0.104973
43 0.103487
44 0.101764
45 0.100139
46 0.10442
47 0.102736
48 0.101386
49 0.105122
50 0.10385
51 0.115298
52 0.118913
53 0.121035
54 0.125559
55 0.125716
56 0.127342
57 0.130014
58 0.131065
59 0.131495
60 0.130867
61 0.133834
62 0.13391
63 0.134193
64 0.13608
65 0.135901
66 0.136189
67 0.137699
68 0.13761
69 0.137911
70 0.137629
71 0.139174
72 0.139189
73 0.139111
74 0.140482
75 0.140033
76 0.148357
77 0.149788
78 0.152892
79 0.155784
80 0.157471
81 0.159067
82 0.161376
83 0.162624
84 0.164013
85 0.163971
86 0.166098
87 0.166391
88 0.167234
89 0.16881
90 0.169125
91 0.169983
92 0.170749
93 0.171435
94 0.171966
95 0.17208
96 0.173207
97 0.173798
98 0.173743
99 0.175062
100 0.174949
101 0.180049
102 0.181613
103 0.184578
104 0.187069
105 0.188957
106 0.190595
107 0.191852
108 0.193481
109 0.195014
110 0.195782
111 0.197229
112 0.198191
113 0.199167
114 0.200286
115 0.201038
116 0.201874
117 0.20323
118 0.203676
119 0.204615
120 0.205104
121 0.205674
122 0.206674
123 0.207222
124 0.208282
125 0.208513
126 0.212006
127 0.212755
128 0.215814
129 0.217652
130 0.219381
131 0.221595
132 0.222852
133 0.224208
134 0.225753
135 0.227077
136 0.228537
137 0.229067
138 0.230301
139 0.23194
140 0.232586
141 0.233137
142 0.23472
143 0.235345
144 0.236535
145 0.237236
146 0.237984
147 0.238374
148 0.239485
149 0.239988
150 0.241008
151 0.24346
152 0.244912
153 0.246629
154 0.248054
155 0.249742
156 0.251344
157 0.253142
158 0.254364
159 0.256094
160 0.256974
161 0.258316
162 0.259087
163 0.260653
164 0.261657
165 0.262523
166 0.263888
167 0.264596
168 0.265916
169 0.266296
170 0.267385
171 0.268273
172 0.268904
173 0.269993
174 0.270962
175 0.271572
176 0.273639
177 0.274723
178 0.275843
179 0.277393
180 0.279276
181 0.280586
182 0.282007
183 0.283747
184 0.284846
185 0.285776
186 0.287011
187 0.288426
188 0.289253
189 0.290548
190 0.291635
191 0.29295
192 0.293991
193 0.294798
194 0.295606
195 0.296258
196 0.297834
197 0.298663
198 0.299634
199 0.300354
200 0.301322
201 0.302891
202 0.303359
203 0.305356
204 0.306401
205 0.308247
206 0.308838
207 0.310866
208 0.312096
209 0.313034
210 0.314213
211 0.315691
212 0.316331
213 0.317413
214 0.318764
215 0.320333
216 0.320717
217 0.322084
218 0.323033
219 0.324347
220 0.325214
221 0.325996
222 0.326956
223 0.328013
224 0.328722
225 0.329775
226 0.331378
227 0.331423
228 0.333589
229 0.334343
230 0.33621
231 0.336778
232 0.338596
233 0.339501
234 0.340459
235 0.34248
236 0.342641
237 0.344409
238 0.345331
239 0.346804
240 0.348022
241 0.347987
242 0.349875
243 0.35087
244 0.351741
245 0.352645
246 0.35379
247 0.35455
248 0.355396
249 0.3564
250 0.357316
251 0.359027
252 0.359656
253 0.360636
254 0.362085
255 0.363094
256 0.364204
257 0.365258
258 0.36623
259 0.367388
260 0.36888
261 0.369463
262 0.370396
263 0.371799
264 0.372762
265 0.373686
266 0.375012
267 0.376685
268 0.377521
269 0.379305
270 0.379766
271 0.380311
272 0.381553
273 0.38249
274 0.383669
275 0.383788
276 0.385017
277 0.386212
278 0.386957
279 0.387739
280 0.389547
281 0.390027
282 0.391664
283 0.392689
284 0.393276
285 0.395491
286 0.396736
287 0.397366
288 0.39783
289 0.399938
290 0.400234
291 0.40126
292 0.402439
293 0.403557
294 0.404745
295 0.405414
296 0.406547
297 0.40728
298 0.408133
299 0.409113
300 0.409941
301 0.412179
302 0.412593
303 0.413598
304 0.414174
305 0.415387
306 0.41594
307 0.417045
308 0.418512
309 0.419737
310 0.42044
311 0.422132
312 0.422313
313 0.424236
314 0.424601
315 0.42547
316 0.426945
317 0.427904
318 0.429287
319 0.430256
320 0.43083
321 0.431628
322 0.433418
323 0.433841
324 0.43443
325 0.435619
326 0.436926
327 0.437597
328 0.4389
329 0.440288
330 0.44073
331 0.441489
332 0.442647
333 0.443635
334 0.444776
335 0.445421
336 0.447319
337 0.447406
338 0.448808
339 0.449662
340 0.450769
341 0.452608
342 0.45333
343 0.454342
344 0.455037
345 0.455633
346 0.456602
347 0.458039
348 0.458791
349 0.459964
350 0.460826
351 0.46167
352 0.462158
353 0.464239
354 0.46403
355 0.466167
356 0.466763
357 0.467669
358 0.468965
359 0.470106
360 0.47034
361 0.471183
362 0.472482
363 0.472965
364 0.474595
365 0.475626
366 0.476371
367 0.477877
368 0.478545
369 0.479781
370 0.480188
371 0.481718
372 0.482453
373 0.483228
374 0.483889
375 0.485505
376 0.486571
377 0.487147
378 0.488463
379 0.48888
380 0.489593
381 0.490977
382 0.492068
383 0.492806
384 0.493964
385 0.495133
386 0.495293
387 0.496549
388 0.498551
389 0.498871
390 0.499579
391 0.500056
392 0.501765
393 0.502819
394 0.503778
395 0.504818
396 0.505563
397 0.506159
398 0.507723
399 0.507867
400 0.509394
