1 0.300107
2 0.299384
3 0.299431
4 0.299507
5 0.300299
6 0.299426
7 0.300492
8 0.300195
9 0.300249
10 0.300283
11 0.300051
12 0.300346
13 0.299729
14 0.300745
15 0.29932
16 0.299007
17 0.299571
18 0.300253
19 0.300398
20 0.299937
21 0.300243
22 0.299528
23 0.29961
24 0.300243
25 0.299722
26 0.31902
27 0.325687
28 0.326405
29 0.330676
30 0.334403
31 0.33447
32 0.3363
33 0.338529
34 0.33925
35 0.339253
36 0.340757
37 0.341635
38 0.342326
39 0.343893
40 0.344054
41 0.344325
42 0.344595
43 0.3451
44 0.345891
45 0.345451
46 0.345953
47 0.346527
48 0.347586
49 0.347243
50 0.347167
51 0.356457
52 0.359572
53 0.362618
54 0.365776
55 0.366249
56 0.368257
57 0.369835
58 0.371118
59 0.37177
60 0.371982
61 0.373642
62 0.374403
63 0.375418
64 0.37605
65 0.376888
66 0.377677
67 0.37794
68 0.378188
69 0.378604
70 0.378937
71 0.379105
72 0.379995
73 0.379761
74 0.380568
75 0.381939
76 0.385409
77 0.387356
78 0.389841
79 0.390566
80 0.392676
81 0.394106
82 0.395313
83 0.396166
84 0.397099
85 0.397669
86 0.399402
87 0.399505
88 0.400827
89 0.401719
90 0.402075
91 0.402181
92 0.401331
93 0.403418
94 0.403994
95 0.403369
96 0.403832
97 0.40517
98 0.406059
99 0.405226
100 0.405777
101 0.408827
102 0.408819
103 0.411936
104 0.412863
105 0.413835
106 0.414942
107 0.415662
108 0.416589
109 0.418148
110 0.41778
111 0.41876
112 0.419817
113 0.420306
114 0.420844
115 0.420725
116 0.421456
117 0.421769
118 0.423148
119 0.42355
120 0.424153
121 0.423991
122 0.424471
123 0.424911
124 0.425623
125 0.426058
126 0.426798
127 0.427337
128 0.429565
129 0.429924
130 0.431459
131 0.43108
132 0.433272
133 0.433389
134 0.432297
135 0.434832
136 0.434888
137 0.435857
138 0.43608
139 0.436598
140 0.436746
141 0.436599
142 0.437193
143 0.439154
144 0.439452
145 0.439921
146 0.439676
147 0.439867
148 0.439546
149 0.441632
150 0.440709
151 0.442157
152 0.442988
153 0.445246
154 0.444438
155 0.445501
156 0.445747
157 0.446174
158 0.44724
159 0.447506
160 0.448162
161 0.44868
162 0.44891
163 0.450098
164 0.449475
165 0.450288
166 0.451145
167 0.451267
168 0.451386
169 0.452062
170 0.452461
171 0.452824
172 0.452724
173 0.453855
174 0.454586
175 0.453738
176 0.45407
177 0.455419
178 0.456814
179 0.455746
180 0.457583
181 0.457632
182 0.457855
183 0.458112
184 0.459019
185 0.460124
186 0.459718
187 0.460059
188 0.460709
189 0.461437
190 0.461124
191 0.463026
192 0.462744
193 0.462766
194 0.463422
195 0.463101
196 0.463997
197 0.464221
198 0.465214
199 0.464534
200 0.463863
201 0.465871
202 0.465613
203 0.465819
204 0.467313
205 0.467209
206 0.46814
207 0.468714
208 0.468521
209 0.469467
210 0.469034
211 0.470075
212 0.469248
213 0.47089
214 0.470791
215 0.472429
216 0.471216
217 0.472475
218 0.471591
219 0.473729
220 0.472722
221 0.473039
222 0.473493
223 0.474003
224 0.474336
225 0.474909
226 0.475084
227 0.475309
228 0.476009
229 0.475831
230 0.476807
231 0.476971
232 0.477159
233 0.476993
234 0.477734
235 0.478461
236 0.478662
237 0.479369
238 0.479072
239 0.47982
240 0.479916
241 0.480102
242 0.480631
243 0.481223
244 0.481432
245 0.481482
246 0.481932
247 0.482251
248 0.483001
249 0.482609
250 0.484313
251 0.483554
252 0.484018
253 0.483995
254 0.483956
255 0.484082
256 0.484861
257 0.48465
258 0.485576
259 0.485369
260 0.485277
261 0.485929
262 0.48601
263 0.487246
264 0.487044
265 0.487605
266 0.487518
267 0.487484
268 0.4886
269 0.48881
270 0.488585
271 0.489685
272 0.48949
273 0.49006
274 0.488829
275 0.490623
276 0.4908
277 0.491114
278 0.491314
279 0.49148
280 0.492382
281 0.492378
282 0.491273
283 0.492231
284 0.492084
285 0.492804
286 0.493985
287 0.493527
288 0.493193
289 0.494116
290 0.494643
291 0.494687
292 0.495389
293 0.494867
294 0.494813
295 0.495651
296 0.496089
297 0.496069
298 0.496098
299 0.496942
300 0.49681
301 0.497105
302 0.497034
303 0.497403
304 0.497504
305 0.497671
306 0.498452
307 0.498532
308 0.498
309 0.499476
310 0.499839
311 0.499603
312 0.499934
313 0.499531
314 0.500189
315 0.500247
316 0.500964
317 0.50162
318 0.500772
319 0.50136
320 0.501806
321 0.501517
322 0.501909
323 0.501573
324 0.502944
325 0.502949
326 0.503304
327 0.502847
328 0.503132
329 0.50394
330 0.503121
331 0.504271
332 0.504204
333 0.504356
334 0.504155
335 0.505084
336 0.505073
337 0.505121
338 0.505424
339 0.505584
340 0.50694
341 0.506584
342 0.506948
343 0.50691
344 0.506391
345 0.507288
346 0.507257
347 0.507514
348 0.50762
349 0.507146
350 0.507737
351 0.508572
352 0.507646
353 0.510197
354 0.509278
355 0.509087
356 0.509097
357 0.509046
358 0.5102
359 0.510231
360 0.510845
361 0.510955
362 0.510394
363 0.510622
364 0.511065
365 0.511369
366 0.510989
367 0.510967
368 0.511429
369 0.5119
370 0.512334
371 0.512299
372 0.512682
373 0.511992
374 0.513046
375 0.513522
376 0.512996
377 0.514319
378 0.513816
379 0.513259
380 0.514412
381 0.514517
382 0.5141
383 0.514729
384 0.515371
385 0.514473
386 0.515955
387 0.514735
388 0.515736
389 0.516239
390 0.51524
391 0.516218
392 0.51629
393 0.516163
394 0.516847
395 0.516989
396 0.517565
397 0.517139
398 0.517317
399 0.51771
400 0.518078
