51 0.896728
52 0.821177
53 0.722902
54 0.764262
55 0.724592
56 0.700237
57 0.726865
58 0.689354
59 0.675842
60 0.714713
61 0.686076
62 0.677326
63 0.64562
64 0.673747
65 0.660398
66 0.647352
67 0.672284
68 0.65697
69 0.651863
70 0.678586
71 0.665787
72 0.660857
73 0.64319
74 0.663649
75 0.654454
76 0.568594
77 0.532687
78 0.480774
79 0.48819
80 0.462457
81 0.448765
82 0.454079
83 0.435461
84 0.42937
85 0.440619
86 0.426538
87 0.424692
88 0.408893
89 0.419221
90 0.409798
91 0.40528
92 0.412292
93 0.405054
94 0.40405
95 0.41423
96 0.408511
97 0.405528
98 0.399481
99 0.406535
100 0.400751
101 0.364731
102 0.348585
103 0.321819
104 0.319336
105 0.304441
106 0.298248
107 0.296442
108 0.287697
109 0.285123
110 0.286248
111 0.279217
112 0.277814
113 0.269808
114 0.273373
115 0.267909
116 0.265611
117 0.267718
118 0.264196
119 0.263611
120 0.266835
121 0.264059
122 0.263402
123 0.259313
124 0.262566
125 0.259509
126 0.245963
127 0.237285
128 0.224561
129 0.222363
130 0.213467
131 0.209764
132 0.206746
133 0.201927
134 0.199001
135 0.199546
136 0.195267
137 0.194356
138 0.190558
139 0.190857
140 0.188086
141 0.186864
142 0.186491
143 0.1843
144 0.184207
145 0.184816
146 0.183755
147 0.183181
148 0.181465
149 0.182253
150 0.179828
151 0.174502
152 0.170922
153 0.16451
154 0.163033
155 0.158391
156 0.156102
157 0.153692
158 0.150602
159 0.148506
160 0.148034
161 0.146032
162 0.145114
163 0.143554
164 0.143124
165 0.141504
166 0.140323
167 0.14026
168 0.138616
169 0.138447
170 0.138303
171 0.137696
172 0.137096
173 0.136335
174 0.136415
175 0.135257
176 0.133278
177 0.130943
178 0.127929
179 0.126548
180 0.124352
181 0.122575
182 0.121172
183 0.119675
184 0.118136
185 0.117871
186 0.11692
187 0.116183
188 0.114266
189 0.113904
190 0.11344
191 0.112532
192 0.111871
193 0.111157
194 0.110753
195 0.110514
196 0.110022
197 0.109788
198 0.108917
199 0.108931
200 0.108434
201 0.107213
202 0.10632
203 0.104647
204 0.103698
205 0.102423
206 0.101587
207 0.100708
208 0.0994644
209 0.0989867
210 0.0982543
211 0.0975269
212 0.0970315
213 0.0960436
214 0.095822
215 0.0949927
216 0.0948173
217 0.0941184
218 0.0937679
219 0.0933987
220 0.0929277
221 0.0923979
222 0.0921466
223 0.0916127
224 0.0915905
225 0.0908613
226 0.0903768
227 0.0899901
228 0.0890509
229 0.0885444
230 0.0877904
231 0.0871814
232 0.0864746
233 0.085962
234 0.0854995
235 0.0850381
236 0.0844954
237 0.0840495
238 0.0834762
239 0.0830341
240 0.0826085
241 0.082354
242 0.0818977
243 0.0817011
244 0.081054
245 0.0810009
246 0.0804981
247 0.0801252
248 0.0797809
249 0.0796858
250 0.0792841
251 0.0788091
252 0.0785057
253 0.0780477
254 0.0775656
255 0.0771332
256 0.0767866
257 0.0763474
258 0.0759144
259 0.0755588
260 0.0752436
261 0.0748585
262 0.0745564
263 0.0741013
264 0.0738639
265 0.0733416
266 0.0731204
267 0.0728384
268 0.0724856
269 0.0721378
270 0.0719294
271 0.0715678
272 0.0712518
273 0.0711078
274 0.0707057
275 0.0704968
276 0.0702646
277 0.0698178
278 0.0697159
279 0.0692638
280 0.0689902
281 0.0686887
282 0.0683814
283 0.0679684
284 0.0677294
285 0.0674275
286 0.0670637
287 0.0668554
288 0.0665816
289 0.0661608
290 0.0660297
291 0.0658625
292 0.0654767
293 0.0651674
294 0.0649183
295 0.0646828
296 0.0643922
297 0.0641592
298 0.0640222
299 0.063697
300 0.0634206
301 0.0631333
302 0.0629368
303 0.0626757
304 0.0624137
305 0.0621572
306 0.0619709
307 0.0616563
308 0.0614322
309 0.0610343
310 0.0609069
311 0.0606479
312 0.0603948
313 0.0601396
314 0.0599721
315 0.0597684
316 0.059503
317 0.0592328
318 0.0590065
319 0.0586802
320 0.0585671
321 0.05834
322 0.0580587
323 0.0579102
324 0.0576043
325 0.0575249
326 0.0570846
327 0.0569231
328 0.0567474
329 0.0564772
330 0.0563519
331 0.0561036
332 0.055948
333 0.0555726
334 0.0554258
335 0.0552162
336 0.0548986
337 0.0548429
338 0.0545037
339 0.0543249
340 0.0541091
341 0.0538772
342 0.053623
343 0.0534432
344 0.0532709
345 0.0531449
346 0.0528985
347 0.0526975
348 0.0524651
349 0.0522182
350 0.052022
351 0.0519039
352 0.051683
353 0.0513735
354 0.051341
355 0.0510705
356 0.0507678
357 0.0506855
358 0.0504319
359 0.0502148
360 0.0500559
361 0.0499257
362 0.0496254
363 0.0495343
364 0.0493231
365 0.0490529
366 0.0489544
367 0.0486311
368 0.0485222
369 0.0482367
370 0.0480618
371 0.0478723
372 0.0477227
373 0.0475505
374 0.0473771
375 0.0471719
376 0.0469702
377 0.0468201
378 0.0465602
379 0.0464158
380 0.0462746
381 0.0460901
382 0.0458951
383 0.0456695
384 0.0455742
385 0.0453471
386 0.0452219
387 0.045076
388 0.044727
389 0.0446348
390 0.0445284
391 0.0443253
392 0.0441853
393 0.0439376
394 0.0437514
395 0.0436194
396 0.0433723
397 0.0432968
398 0.0431032
399 0.0429607
400 0.0427661
