1 0.0779535
2 0.0779957
3 0.0780602
4 0.0780196
5 0.0781255
6 0.0778272
7 0.0780615
8 0.0778326
9 0.0781166
10 0.0780532
11 0.0781627
12 0.0780145
13 0.0778211
14 0.0780196
15 0.0780244
16 0.0779992
17 0.0779601
18 0.0780533
19 0.0780714
20 0.0780591
21 0.0780323
22 0.077831
23 0.0780305
24 0.0779952
25 0.0780216
26 0.0589194
27 0.0587747
28 0.0507972
29 0.0487351
30 0.0449867
31 0.0427263
32 0.0400903
33 0.0383954
34 0.0363389
35 0.0349243
36 0.0334721
37 0.0321848
38 0.0310454
39 0.0299054
40 0.0288517
41 0.0279857
42 0.0271292
43 0.0264177
44 0.0256828
45 0.0250355
46 0.0244615
47 0.0239821
48 0.0234872
49 0.023024
50 0.0227973
51 0.0223911
52 0.022096
53 0.0217176
54 0.0213641
55 0.0210101
56 0.0207997
57 0.0204176
58 0.0201559
59 0.0198764
60 0.0196036
61 0.0193206
62 0.0191167
63 0.0188888
64 0.0186205
65 0.0184203
66 0.0182299
67 0.0179997
68 0.0178383
69 0.0176213
70 0.0174657
71 0.0172666
72 0.0170822
73 0.0168922
74 0.0167099
75 0.0165587
76 0.0164044
77 0.0162003
78 0.0161143
79 0.0158517
80 0.0157205
81 0.0155466
82 0.015435
83 0.0153237
84 0.0151229
85 0.0150262
86 0.0149071
87 0.0147497
88 0.0146273
89 0.0145146
90 0.014375
91 0.0142633
92 0.0141432
93 0.0140704
94 0.0139004
95 0.0137777
96 0.0136192
97 0.0135867
98 0.0134479
99 0.0133745
100 0.013252
101 0.0131988
102 0.0130693
103 0.012917
104 0.0129069
105 0.0128468
106 0.0127307
107 0.0125909
108 0.0125027
109 0.0124183
110 0.012353
111 0.0122325
112 0.0121338
113 0.0120745
114 0.011998
115 0.0119361
116 0.0118685
117 0.0117732
118 0.0117476
119 0.0116188
120 0.0115909
121 0.0115001
122 0.0114636
123 0.0113587
124 0.0113318
125 0.0112062
126 0.0112156
127 0.0110665
128 0.0110058
129 0.0109917
130 0.0108987
131 0.0108584
132 0.0107901
133 0.0107027
134 0.0106245
135 0.0105926
136 0.0104782
137 0.0104739
138 0.0104155
139 0.0104024
140 0.0103089
141 0.0102453
142 0.0102414
143 0.0101819
144 0.0101777
145 0.010053
146 0.0100016
147 0.00999472
148 0.00992359
149 0.00989529
150 0.00983978
151 0.00981552
152 0.00974857
153 0.00969253
154 0.00968291
155 0.0096388
156 0.00957259
157 0.00955853
158 0.00945491
159 0.00940675
160 0.00941304
161 0.00935553
162 0.00930844
163 0.00926722
164 0.00921365
165 0.00914473
166 0.00913186
167 0.00913451
168 0.00903814
169 0.00903205
170 0.00899016
171 0.00896065
172 0.00889619
173 0.00882475
174 0.00887185
175 0.00879308
176 0.00880234
177 0.00873202
178 0.00872394
179 0.00864169
180 0.00867994
181 0.00860334
182 0.00859143
183 0.00851457
184 0.00853176
185 0.00845097
186 0.0084653
187 0.00838987
188 0.00837123
189 0.00832568
190 0.00835215
191 0.00830695
192 0.00824835
193 0.00819922
194 0.00822205
195 0.00812605
196 0.0081275
197 0.00808866
198 0.00812129
199 0.00803686
200 0.00801414
201 0.00798526
202 0.0079312
203 0.00796892
204 0.00786569
205 0.00793611
206 0.00783982
207 0.00782442
208 0.0078368
209 0.00778113
210 0.00775403
211 0.00764616
212 0.00766213
213 0.00764887
214 0.00761347
215 0.00765733
216 0.00759071
217 0.00757713
218 0.00751309
219 0.0075192
220 0.00751277
221 0.00744351
222 0.00744075
223 0.00739275
224 0.00736853
225 0.00737177
226 0.00732209
227 0.00733702
228 0.00730891
229 0.00729918
230 0.00727026
231 0.00719312
232 0.00723621
233 0.00720731
234 0.00714011
235 0.00715237
236 0.00711559
237 0.0070804
238 0.00706438
239 0.00702583
240 0.00708502
241 0.00704716
242 0.00703341
243 0.00698059
244 0.00701017
245 0.0069843
246 0.00696842
247 0.0068646
248 0.00692213
249 0.00683151
250 0.00679819
251 0.00680343
252 0.00683744
253 0.00678511
254 0.00675816
255 0.0067587
256 0.00673719
257 0.00669401
258 0.00668777
259 0.00666759
260 0.00661756
261 0.00661651
262 0.00660578
263 0.00657861
264 0.00659688
265 0.00653289
266 0.0065589
267 0.00654318
268 0.00651306
269 0.00646114
270 0.00649823
271 0.00645774
272 0.00643464
273 0.0064253
274 0.00643684
275 0.00639398
276 0.00635286
277 0.00635234
278 0.00633138
279 0.00635605
280 0.00633027
281 0.0062878
282 0.0062827
283 0.00624854
284 0.00626747
285 0.00627344
286 0.00620259
287 0.006213
288 0.00623384
289 0.00616914
290 0.00612852
291 0.00615338
292 0.00614036
293 0.00612479
294 0.00613587
295 0.0060901
296 0.00610634
297 0.00607274
298 0.00602534
299 0.00605163
300 0.00601065
301 0.00602608
302 0.00595518
303 0.00601523
304 0.00592941
305 0.00597434
306 0.00593934
307 0.00594188
308 0.0059081
309 0.00593467
310 0.00589939
311 0.00589763
312 0.00588335
313 0.00582431
314 0.005844
315 0.005817
316 0.00580064
317 0.0057653
318 0.0058031
319 0.00576468
320 0.00572678
321 0.00575794
322 0.00571888
323 0.00568774
324 0.00571051
325 0.00570202
326 0.00571866
327 0.00568033
328 0.0056578
329 0.00566563
330 0.00563729
331 0.00561947
332 0.00561894
333 0.00560167
334 0.00560332
335 0.00557578
336 0.00555907
337 0.00555899
338 0.00558929
339 0.00555058
340 0.00552476
341 0.00549086
342 0.00549465
343 0.00552861
344 0.00550152
345 0.00549487
346 0.005457
347 0.00545543
348 0.00548742
349 0.00540829
350 0.00540083
351 0.00538093
352 0.00536496
353 0.00534855
354 0.00538327
355 0.00536558
356 0.00533516
357 0.00532433
358 0.00533343
359 0.00528165
360 0.00530864
361 0.00529035
362 0.00531394
363 0.00528273
364 0.00526661
365 0.00523818
366 0.00521703
367 0.0052465
368 0.00520282
369 0.00519383
370 0.0051826
371 0.00520758
372 0.0051765
373 0.00514944
374 0.00514448
375 0.00514019
376 0.00519018
377 0.0051408
378 0.00511558
379 0.00510767
380 0.00511544
381 0.00514099
382 0.00511312
383 0.00508991
384 0.00504519
385 0.0050375
386 0.00505941
387 0.00504685
388 0.00504528
389 0.00504997
390 0.00502732
391 0.00499699
392 0.00498994
393 0.00500431
394 0.00497313
395 0.00499261
396 0.00498484
397 0.00495307
398 0.00494015
399 0.00494985
400 0.00493634
