1 0.577667
2 0.592323
3 0.618806
4 0.630773
5 0.647978
6 0.656525
7 0.669514
8 0.677154
9 0.688079
10 0.694165
11 0.702676
12 0.708396
13 0.714773
14 0.720289
15 0.726409
16 0.730738
17 0.73639
18 0.740256
19 0.745242
20 0.748559
21 0.753062
22 0.756445
23 0.760771
24 0.763713
25 0.767395
26 0.770021
27 0.773275
28 0.775708
29 0.778468
30 0.78112
31 0.78385
32 0.786008
33 0.788212
34 0.789888
35 0.792036
36 0.794001
37 0.795647
38 0.797382
39 0.799137
40 0.800851
41 0.80252
42 0.803953
43 0.805036
44 0.806829
45 0.80803
46 0.809512
47 0.811014
48 0.812315
49 0.813762
50 0.814969
51 0.816042
52 0.817586
53 0.818798
54 0.820284
55 0.821195
56 0.822363
57 0.823711
58 0.824678
59 0.825708
60 0.826712
61 0.828031
62 0.828793
63 0.829797
64 0.830747
65 0.831707
66 0.832934
67 0.833566
68 0.8344
69 0.835397
70 0.836164
71 0.837088
72 0.837753
73 0.838687
74 0.839485
75 0.840183
76 0.840922
77 0.841995
78 0.842622
79 0.843493
80 0.844247
81 0.845139
82 0.845821
83 0.846397
84 0.847233
85 0.847809
86 0.848364
87 0.84902
88 0.849542
89 0.850306
90 0.851028
91 0.851556
92 0.851986
93 0.852651
94 0.8532
95 0.853857
96 0.854645
97 0.85507
98 0.855779
99 0.856312
100 0.856908
101 0.857509
102 0.858064
103 0.85859
104 0.85913
105 0.859939
106 0.860426
107 0.86098
108 0.861687
109 0.862108
110 0.862573
111 0.862927
112 0.863585
113 0.863903
114 0.864456
115 0.864912
116 0.865152
117 0.865566
118 0.866023
119 0.86643
120 0.866885
121 0.867337
122 0.867858
123 0.868418
124 0.868461
125 0.869017
126 0.869559
127 0.870027
128 0.870183
129 0.870604
130 0.871053
131 0.871507
132 0.871765
133 0.87207
134 0.872501
135 0.87292
136 0.873185
137 0.873435
138 0.873961
139 0.874394
140 0.874883
141 0.875319
142 0.875615
143 0.876016
144 0.876431
145 0.876784
146 0.877225
147 0.877514
148 0.877619
149 0.878113
150 0.878286
151 0.878857
152 0.879048
153 0.879426
154 0.879727
155 0.879962
156 0.880203
157 0.880724
158 0.880992
159 0.881243
160 0.881667
161 0.881914
162 0.882227
163 0.882358
164 0.88277
165 0.882833
166 0.88313
167 0.883337
168 0.883664
169 0.883918
170 0.884211
171 0.884391
172 0.88465
173 0.88505
174 0.885306
175 0.885545
176 0.88583
177 0.886078
178 0.8863
179 0.886636
180 0.886738
181 0.887122
182 0.887295
183 0.887496
184 0.887915
185 0.888097
186 0.888242
187 0.888543
188 0.888745
189 0.888933
190 0.889172
191 0.889384
192 0.889757
193 0.889986
194 0.890171
195 0.890463
196 0.890776
197 0.891046
198 0.891296
199 0.891579
200 0.891805
201 0.891965
202 0.892121
203 0.892397
204 0.892394
205 0.892709
206 0.892919
207 0.893011
208 0.893305
209 0.893618
210 0.893854
211 0.894109
212 0.894242
213 0.894518
214 0.894598
215 0.894805
216 0.894967
217 0.895242
218 0.895431
219 0.895659
220 0.89581
221 0.895984
222 0.896295
223 0.896468
224 0.89673
225 0.896918
226 0.897026
227 0.897227
228 0.897497
229 0.897701
230 0.897895
231 0.898205
232 0.898296
233 0.898481
234 0.898673
235 0.898867
236 0.899029
237 0.8993
238 0.899364
239 0.899549
240 0.899702
241 0.899885
242 0.899967
243 0.900096
244 0.900191
245 0.900406
246 0.900533
247 0.900734
248 0.900849
249 0.901076
250 0.90133
251 0.901525
252 0.901618
253 0.901729
254 0.902108
255 0.902206
256 0.902373
257 0.902472
258 0.902623
259 0.902828
260 0.903036
261 0.903195
262 0.903331
263 0.903497
264 0.903573
265 0.903701
266 0.903896
267 0.90405
268 0.904187
269 0.904392
270 0.904451
271 0.904558
272 0.904732
273 0.904789
274 0.904917
275 0.905132
276 0.905326
277 0.905423
278 0.905506
279 0.905717
280 0.905753
281 0.905937
282 0.906174
283 0.906318
284 0.906494
285 0.906472
286 0.906704
287 0.906834
288 0.906945
289 0.907109
290 0.907308
291 0.907408
292 0.907484
293 0.907568
294 0.907678
295 0.907852
296 0.908019
297 0.908147
298 0.908245
299 0.908295
300 0.908457
301 0.908583
302 0.908737
303 0.908869
304 0.908925
305 0.909045
306 0.909183
307 0.909342
308 0.909493
309 0.909555
310 0.909755
311 0.909784
312 0.909923
313 0.910042
314 0.91008
315 0.910317
316 0.910438
317 0.910622
318 0.910725
319 0.910861
320 0.910948
321 0.91097
322 0.91113
323 0.911296
324 0.911299
325 0.911566
326 0.911623
327 0.911729
328 0.911834
329 0.911982
330 0.912019
331 0.912182
332 0.912295
333 0.91246
334 0.912538
335 0.912657
336 0.912769
337 0.912849
338 0.912958
339 0.912987
340 0.91318
341 0.913275
342 0.913414
343 0.913558
344 0.913639
345 0.913622
346 0.913815
347 0.913896
348 0.914052
349 0.914141
350 0.914226
351 0.914335
352 0.914501
353 0.91456
354 0.914665
355 0.914792
356 0.914956
357 0.9149
358 0.915062
359 0.915168
360 0.915254
361 0.915285
362 0.915411
363 0.915453
364 0.915522
365 0.915582
366 0.915756
367 0.915834
368 0.915983
369 0.916067
370 0.916215
371 0.916339
372 0.916472
373 0.916534
374 0.916574
375 0.916614
376 0.916627
377 0.916766
378 0.916937
379 0.917003
380 0.91712
381 0.91721
382 0.917237
383 0.91735
384 0.917406
385 0.917543
386 0.917605
387 0.91775
388 0.917737
389 0.917865
390 0.917975
391 0.918024
392 0.918154
393 0.918289
394 0.918345
395 0.918387
396 0.918446
397 0.91859
398 0.918657
399 0.918719
400 0.918818
