1 0.458251
2 0.331414
3 0.276375
4 0.244252
5 0.222898
6 0.207372
7 0.195425
8 0.186077
9 0.178438
10 0.172087
11 0.166743
12 0.162057
13 0.157978
14 0.154388
15 0.151283
16 0.148565
17 0.146096
18 0.143811
19 0.14174
20 0.139857
21 0.138062
22 0.136606
23 0.135148
24 0.13374
25 0.132292
26 0.131563
27 0.130794
28 0.130096
29 0.129659
30 0.129137
31 0.128841
32 0.128301
33 0.128209
34 0.127729
35 0.127385
36 0.127231
37 0.127109
38 0.126949
39 0.126727
40 0.126669
41 0.126369
42 0.126399
43 0.1263
44 0.126322
45 0.126169
46 0.126207
47 0.126114
48 0.126065
49 0.125996
50 0.125948
51 0.125898
52 0.125892
53 0.125874
54 0.125943
55 0.12581
56 0.125773
57 0.125809
58 0.125827
59 0.125745
60 0.125763
61 0.125709
62 0.125713
63 0.125601
64 0.125602
65 0.125655
66 0.125721
67 0.125667
68 0.125723
69 0.125735
70 0.125726
71 0.125756
72 0.125719
73 0.125669
74 0.125734
75 0.125725
76 0.125753
77 0.125799
78 0.125809
79 0.125808
80 0.125799
81 0.125837
82 0.125823
83 0.125921
84 0.125828
85 0.125815
86 0.125842
87 0.12591
88 0.125914
89 0.125914
90 0.125966
91 0.125891
92 0.125949
93 0.126162
94 0.12597
95 0.125975
96 0.125996
97 0.126022
98 0.12597
99 0.126038
100 0.126016
101 0.126022
102 0.126026
103 0.126037
104 0.12603
105 0.125987
106 0.126085
107 0.126054
108 0.126107
109 0.126114
110 0.126113
111 0.126104
112 0.126135
113 0.126174
114 0.126213
115 0.12618
116 0.126156
117 0.126138
118 0.126171
119 0.126145
120 0.126194
121 0.126218
122 0.12622
123 0.126214
124 0.126206
125 0.126217
126 0.126202
127 0.126207
128 0.126121
129 0.126226
130 0.126272
131 0.12628
132 0.126292
133 0.126242
134 0.126297
135 0.126323
136 0.126311
137 0.126343
138 0.126319
139 0.126309
140 0.126359
141 0.126366
142 0.126353
143 0.126335
144 0.12637
145 0.126388
146 0.126309
147 0.126349
148 0.12639
149 0.126389
150 0.126388
151 0.126411
152 0.126443
153 0.12643
154 0.126438
155 0.126416
156 0.12643
157 0.126446
158 0.12644
159 0.12649
160 0.126463
161 0.126488
162 0.126488
163 0.126478
164 0.126485
165 0.126483
166 0.126511
167 0.126513
168 0.1265
169 0.126526
170 0.126488
171 0.126607
172 0.126499
173 0.126533
174 0.126544
175 0.126539
176 0.126563
177 0.126563
178 0.126581
179 0.126548
180 0.126582
181 0.126513
182 0.126603
183 0.12659
184 0.126603
185 0.126589
186 0.1266
187 0.12659
188 0.12662
189 0.126589
190 0.126588
191 0.126624
192 0.126603
193 0.1266
194 0.126636
195 0.126591
196 0.126627
197 0.126652
198 0.12666
199 0.126632
200 0.126656
201 0.126663
202 0.12664
203 0.12667
204 0.126653
205 0.126422
206 0.126663
207 0.126677
208 0.126654
209 0.126679
210 0.12669
211 0.126649
212 0.126677
213 0.126716
214 0.126664
215 0.126687
216 0.126711
217 0.126649
218 0.126676
219 0.126705
220 0.126694
221 0.126693
222 0.126718
223 0.126714
224 0.126713
225 0.126722
226 0.126715
227 0.126741
228 0.126721
229 0.126739
230 0.126767
231 0.126746
232 0.126742
233 0.126741
234 0.126772
235 0.126727
236 0.126724
237 0.126727
238 0.126715
239 0.126741
240 0.126758
241 0.126834
242 0.126744
243 0.126772
244 0.126757
245 0.126748
246 0.126743
247 0.126764
248 0.126752
249 0.126778
250 0.126732
251 0.12676
252 0.126729
253 0.12677
254 0.126759
255 0.126754
256 0.126768
257 0.126749
258 0.126753
259 0.126748
260 0.12676
261 0.126802
262 0.126796
263 0.12676
264 0.126781
265 0.126768
266 0.126769
267 0.126814
268 0.126779
269 0.126777
270 0.126826
271 0.126774
272 0.126791
273 0.126752
274 0.126789
275 0.126793
276 0.126794
277 0.126802
278 0.126778
279 0.126791
280 0.126801
281 0.126789
282 0.12682
283 0.126818
284 0.126822
285 0.126777
286 0.126792
287 0.126806
288 0.126816
289 0.126785
290 0.12681
291 0.126829
292 0.126813
293 0.126824
294 0.126773
295 0.126802
296 0.126806
297 0.126819
298 0.126824
299 0.126788
300 0.126797
301 0.126804
302 0.126806
303 0.126801
304 0.126819
305 0.12681
306 0.126807
307 0.126769
308 0.126815
309 0.126813
310 0.126806
311 0.126806
312 0.126792
313 0.126802
314 0.126812
315 0.126736
316 0.126804
317 0.126802
318 0.126839
319 0.1268
320 0.126806
321 0.126829
322 0.126826
323 0.126822
324 0.126835
325 0.126819
326 0.126813
327 0.126832
328 0.126837
329 0.126821
330 0.126828
331 0.126846
332 0.126837
333 0.126824
334 0.126843
335 0.126826
336 0.126832
337 0.126804
338 0.126815
339 0.126833
340 0.126816
341 0.127057
342 0.126924
343 0.126823
344 0.126804
345 0.126844
346 0.126824
347 0.126844
348 0.12682
349 0.126812
350 0.126825
351 0.126841
352 0.126831
353 0.126838
354 0.126815
355 0.12684
356 0.12683
357 0.126811
358 0.126841
359 0.126835
360 0.126849
361 0.126835
362 0.126802
363 0.126836
364 0.126831
365 0.126858
366 0.126835
367 0.126811
368 0.126839
369 0.126813
370 0.126816
371 0.126831
372 0.126832
373 0.126822
374 0.126832
375 0.126833
376 0.12684
377 0.126847
378 0.126814
379 0.126825
380 0.126815
381 0.126813
382 0.126846
383 0.126837
384 0.126792
385 0.126843
386 0.126822
387 0.126853
388 0.126847
389 0.126818
390 0.126861
391 0.126819
392 0.126834
393 0.126841
394 0.126868
395 0.126852
396 0.126864
397 0.126829
398 0.126854
399 0.126806
400 0.126845
