1 0.375887
2 0.251817
3 0.222343
4 0.209852
5 0.189242
6 0.181882
7 0.1681
8 0.161787
9 0.15074
10 0.147092
11 0.140161
12 0.13579
13 0.129486
14 0.127785
15 0.122697
16 0.120532
17 0.117098
18 0.114692
19 0.111562
20 0.110191
21 0.107496
22 0.105463
23 0.10396
24 0.10167
25 0.100006
26 0.0984882
27 0.0967248
28 0.0950356
29 0.0936061
30 0.0923121
31 0.0906996
32 0.0894591
33 0.0883721
34 0.0869849
35 0.0858707
36 0.0848041
37 0.0836734
38 0.0825116
39 0.081622
40 0.0806635
41 0.0796837
42 0.0788243
43 0.0779454
44 0.0770868
45 0.0762202
46 0.0753587
47 0.0746191
48 0.0738861
49 0.0729698
50 0.0722685
51 0.0715523
52 0.0708578
53 0.0701523
54 0.0695997
55 0.068977
56 0.0683267
57 0.0677304
58 0.0671629
59 0.0665924
60 0.0659366
61 0.0654
62 0.064921
63 0.0643281
64 0.0637638
65 0.0632981
66 0.0628001
67 0.0622895
68 0.0618175
69 0.0613804
70 0.0609079
71 0.0604496
72 0.0599674
73 0.059567
74 0.0591417
75 0.0587025
76 0.0583408
77 0.0579065
78 0.0575335
79 0.057137
80 0.0567437
81 0.0563333
82 0.0559761
83 0.0556168
84 0.0552511
85 0.0549377
86 0.0545738
87 0.0542352
88 0.0539231
89 0.0535894
90 0.0532483
91 0.0529651
92 0.0526621
93 0.0523192
94 0.0520697
95 0.0517501
96 0.0514524
97 0.0511755
98 0.050885
99 0.050615
100 0.0503596
101 0.050076
102 0.0497955
103 0.049529
104 0.0492766
105 0.0490281
106 0.04878
107 0.0485462
108 0.0482851
109 0.0480284
110 0.0478149
111 0.047583
112 0.0473464
113 0.0471385
114 0.0468879
115 0.0466717
116 0.0464468
117 0.0462466
118 0.0460178
119 0.0457998
120 0.0456099
121 0.0453787
122 0.0451819
123 0.0449846
124 0.044784
125 0.0445911
126 0.0444112
127 0.0442227
128 0.0440307
129 0.0438494
130 0.0436732
131 0.0434799
132 0.0433146
133 0.0431438
134 0.0429627
135 0.0427876
136 0.0426321
137 0.0424503
138 0.0422955
139 0.042123
140 0.0419707
141 0.0418
142 0.0416488
143 0.0415016
144 0.0413328
145 0.0411939
146 0.041029
147 0.040876
148 0.0407278
149 0.0405761
150 0.0404447
151 0.0402975
152 0.0401553
153 0.0400179
154 0.0398728
155 0.0397274
156 0.0395881
157 0.0394517
158 0.0393241
159 0.0391893
160 0.0390538
161 0.038925
162 0.0387876
163 0.0386565
164 0.038532
165 0.0384085
166 0.038277
167 0.0381571
168 0.038038
169 0.0379164
170 0.0377882
171 0.0376767
172 0.0375584
173 0.0374266
174 0.0373175
175 0.0371879
176 0.0370697
177 0.0369675
178 0.0368534
179 0.0367416
180 0.0366302
181 0.0365317
182 0.0364172
183 0.03631
184 0.0362041
185 0.0360934
186 0.0359914
187 0.0358795
188 0.0357757
189 0.0356716
190 0.0355728
191 0.0354633
192 0.0353644
193 0.0352649
194 0.0351705
195 0.0350752
196 0.0349848
197 0.0348862
198 0.0347931
199 0.0347016
200 0.0346108
201 0.034509
202 0.0344261
203 0.0343342
204 0.034239
205 0.034156
206 0.0340602
207 0.0339697
208 0.0338923
209 0.0337985
210 0.0337093
211 0.033614
212 0.0335358
213 0.0334509
214 0.033365
215 0.0332916
216 0.0332049
217 0.0331235
218 0.0330477
219 0.0329578
220 0.0328781
221 0.0327917
222 0.0327107
223 0.0326343
224 0.032547
225 0.0324672
226 0.0323899
227 0.0323101
228 0.0322372
229 0.0321644
230 0.0320876
231 0.0320131
232 0.0319415
233 0.0318644
234 0.0317899
235 0.0317189
236 0.0316418
237 0.0315711
238 0.0315026
239 0.0314294
240 0.0313583
241 0.0312886
242 0.031222
243 0.0311535
244 0.0310843
245 0.0310189
246 0.0309441
247 0.0308788
248 0.0308102
249 0.0307398
250 0.0306777
251 0.0306138
252 0.0305464
253 0.0304785
254 0.0304124
255 0.0303466
256 0.0302842
257 0.0302175
258 0.0301569
259 0.0300919
260 0.0300311
261 0.0299744
262 0.0299122
263 0.0298465
264 0.0297829
265 0.0297263
266 0.0296637
267 0.0296053
268 0.0295495
269 0.029487
270 0.0294314
271 0.0293752
272 0.0293149
273 0.0292597
274 0.0292037
275 0.029147
276 0.0290904
277 0.0290389
278 0.0289839
279 0.0289298
280 0.0288749
281 0.0288206
282 0.0287651
283 0.0287178
284 0.0286609
285 0.0286063
286 0.0285584
287 0.0284983
288 0.0284456
289 0.0283968
290 0.0283397
291 0.0282854
292 0.0282338
293 0.0281757
294 0.0281227
295 0.0280722
296 0.028021
297 0.027964
298 0.0279157
299 0.0278693
300 0.0278145
301 0.0277672
302 0.0277186
303 0.0276676
304 0.0276187
305 0.0275719
306 0.027525
307 0.0274786
308 0.0274329
309 0.0273847
310 0.0273376
311 0.0272905
312 0.0272423
313 0.0271931
314 0.0271457
315 0.0270993
316 0.0270561
317 0.0270084
318 0.0269657
319 0.0269204
320 0.0268748
321 0.0268305
322 0.0267851
323 0.0267395
324 0.0266979
325 0.026652
326 0.0266102
327 0.0265682
328 0.0265214
329 0.0264786
330 0.0264363
331 0.0263936
332 0.0263498
333 0.0263031
334 0.026263
335 0.0262195
336 0.0261773
337 0.0261373
338 0.0260942
339 0.0260545
340 0.0260157
341 0.0259732
342 0.0259312
343 0.0258963
344 0.0258512
345 0.0258116
346 0.025774
347 0.0257329
348 0.0256929
349 0.0256525
350 0.0256145
351 0.0255761
352 0.0255372
353 0.025496
354 0.0254576
355 0.0254179
356 0.0253812
357 0.0253401
358 0.0253042
359 0.0252657
360 0.0252273
361 0.0251908
362 0.0251525
363 0.0251156
364 0.0250797
365 0.0250418
366 0.0250063
367 0.024971
368 0.0249308
369 0.0248956
370 0.0248635
371 0.0248259
372 0.0247934
373 0.0247582
374 0.024722
375 0.0246871
376 0.0246537
377 0.0246199
378 0.024581
379 0.0245494
380 0.0245147
381 0.024476
382 0.0244444
383 0.0244105
384 0.024372
385 0.0243418
386 0.0243066
387 0.0242718
388 0.0242415
389 0.0242056
390 0.0241748
391 0.0241451
392 0.0241114
393 0.0240801
394 0.0240465
395 0.0240161
396 0.0239833
397 0.023951
398 0.0239189
399 0.0238861
400 0.0238523
