1 0.499479
2 0.5
3 0.654787
4 0.608937
5 0.675073
6 0.636516
7 0.676784
8 0.667254
9 0.674002
10 0.682268
11 0.68214
12 0.689712
13 0.699438
14 0.699751
15 0.710183
16 0.716047
17 0.71879
18 0.727611
19 0.731701
20 0.735743
21 0.742821
22 0.748236
23 0.750578
24 0.754204
25 0.760537
26 0.760974
27 0.766943
28 0.769366
29 0.772999
30 0.775998
31 0.780696
32 0.783094
33 0.785473
34 0.7894
35 0.792725
36 0.794765
37 0.798707
38 0.800788
39 0.803582
40 0.805464
41 0.808329
42 0.810939
43 0.812462
44 0.815413
45 0.817362
46 0.819691
47 0.821727
48 0.823113
49 0.825709
50 0.827906
51 0.829088
52 0.831419
53 0.833291
54 0.834754
55 0.83675
56 0.837897
57 0.839839
58 0.841159
59 0.842712
60 0.844618
61 0.846221
62 0.847144
63 0.848847
64 0.850556
65 0.851366
66 0.852971
67 0.854255
68 0.855362
69 0.85687
70 0.857614
71 0.859176
72 0.860044
73 0.861151
74 0.862585
75 0.863518
76 0.864587
77 0.865586
78 0.866718
79 0.867656
80 0.868678
81 0.869844
82 0.870562
83 0.871716
84 0.872659
85 0.873512
86 0.874506
87 0.875357
88 0.876144
89 0.877199
90 0.877996
91 0.878707
92 0.879619
93 0.880547
94 0.881245
95 0.881981
96 0.882948
97 0.883483
98 0.884313
99 0.885153
100 0.885837
101 0.886584
102 0.887379
103 0.887928
104 0.88862
105 0.88935
106 0.89002
107 0.890636
108 0.891207
109 0.891941
110 0.892551
111 0.893146
112 0.893825
113 0.894462
114 0.894973
115 0.895629
116 0.896106
117 0.896712
118 0.897394
119 0.897814
120 0.898367
121 0.898955
122 0.899468
123 0.899957
124 0.900584
125 0.901084
126 0.901494
127 0.902137
128 0.902609
129 0.903093
130 0.903456
131 0.904003
132 0.904531
133 0.904887
134 0.905418
135 0.905945
136 0.906238
137 0.9068
138 0.907279
139 0.907625
140 0.90813
141 0.908491
142 0.908937
143 0.909393
144 0.909779
145 0.910202
146 0.910599
147 0.911069
148 0.911443
149 0.911796
150 0.912256
151 0.912598
152 0.912991
153 0.913349
154 0.913739
155 0.914136
156 0.91448
157 0.914812
158 0.915233
159 0.91558
160 0.915918
161 0.916293
162 0.916581
163 0.916925
164 0.91733
165 0.917588
166 0.917973
167 0.918358
168 0.918596
169 0.91898
170 0.919268
171 0.919551
172 0.919934
173 0.920207
174 0.920495
175 0.920797
176 0.921128
177 0.921419
178 0.921716
179 0.922021
180 0.922302
181 0.922556
182 0.922879
183 0.923129
184 0.923411
185 0.923714
186 0.923996
187 0.924254
188 0.924529
189 0.924842
190 0.925077
191 0.925373
192 0.92562
193 0.925853
194 0.926159
195 0.926395
196 0.926624
197 0.926926
198 0.927159
199 0.92739
200 0.927688
201 0.927907
202 0.928158
203 0.928387
204 0.928632
205 0.928871
206 0.929052
207 0.929338
208 0.929563
209 0.929756
210 0.930022
211 0.930203
212 0.93043
213 0.930684
214 0.930881
215 0.9311
216 0.931346
217 0.931545
218 0.931755
219 0.931973
220 0.932187
221 0.932412
222 0.932631
223 0.932829
224 0.933043
225 0.933261
226 0.933416
227 0.933628
228 0.933855
229 0.934016
230 0.934231
231 0.934449
232 0.934611
233 0.934825
234 0.935032
235 0.935166
236 0.935387
237 0.935601
238 0.935746
239 0.935968
240 0.936141
241 0.936295
242 0.93652
243 0.936673
244 0.936852
245 0.937059
246 0.937219
247 0.937402
248 0.937572
249 0.937752
250 0.93793
251 0.938101
252 0.938283
253 0.938448
254 0.938594
255 0.938793
256 0.938937
257 0.939097
258 0.939279
259 0.939434
260 0.939595
261 0.939765
262 0.939924
263 0.940082
264 0.940246
265 0.94038
266 0.940552
267 0.940715
268 0.940845
269 0.94101
270 0.941154
271 0.941289
272 0.941464
273 0.94161
274 0.94175
275 0.941916
276 0.942043
277 0.942182
278 0.942353
279 0.942479
280 0.94261
281 0.942779
282 0.942911
283 0.943042
284 0.943214
285 0.943339
286 0.943467
287 0.943608
288 0.943749
289 0.943871
290 0.944019
291 0.944158
292 0.944289
293 0.944428
294 0.944559
295 0.944688
296 0.94481
297 0.944948
298 0.945066
299 0.945193
300 0.945326
301 0.945452
302 0.945567
303 0.945708
304 0.945836
305 0.945947
306 0.946071
307 0.946208
308 0.946319
309 0.946442
310 0.946577
311 0.946688
312 0.946812
313 0.946933
314 0.947058
315 0.947177
316 0.947277
317 0.947406
318 0.947523
319 0.947627
320 0.947756
321 0.947872
322 0.947981
323 0.948095
324 0.948211
325 0.948315
326 0.948438
327 0.948551
328 0.948651
329 0.948773
330 0.948888
331 0.948986
332 0.949111
333 0.949194
334 0.949311
335 0.94943
336 0.949514
337 0.94963
338 0.949747
339 0.949835
340 0.949949
341 0.950055
342 0.950155
343 0.950254
344 0.950369
345 0.950471
346 0.950567
347 0.950679
348 0.95078
349 0.95087
350 0.950973
351 0.951082
352 0.951172
353 0.95127
354 0.95138
355 0.951467
356 0.951565
357 0.951665
358 0.951759
359 0.951862
360 0.951955
361 0.952051
362 0.952152
363 0.952235
364 0.952322
365 0.952426
366 0.952517
367 0.952601
368 0.952701
369 0.952799
370 0.952876
371 0.952971
372 0.953072
373 0.953143
374 0.953242
375 0.953319
376 0.953403
377 0.953504
378 0.953582
379 0.953667
380 0.953762
381 0.953846
382 0.953928
383 0.954022
384 0.954104
385 0.954185
386 0.954274
387 0.95436
388 0.95445
389 0.954525
390 0.954614
391 0.954704
392 0.954779
393 0.954866
394 0.954955
395 0.955024
396 0.955115
397 0.955204
398 0.95527
399 0.955357
400 0.95544
