1 0.131814
2 0.148641
3 0.157338
4 0.162108
5 0.164676
6 0.165816
7 0.16654
8 0.166871
9 0.167016
10 0.167011
11 0.187757
12 0.20177
13 0.21665
14 0.229063
15 0.240306
16 0.249494
17 0.25854
18 0.266254
19 0.273643
20 0.280168
21 0.285612
22 0.291087
23 0.297382
24 0.303159
25 0.308954
26 0.314736
27 0.319736
28 0.325384
29 0.331021
30 0.336245
31 0.341789
32 0.347
33 0.351901
34 0.357464
35 0.362572
36 0.367739
37 0.372622
38 0.377473
39 0.382271
40 0.38686
41 0.391037
42 0.395623
43 0.400244
44 0.404454
45 0.408523
46 0.412579
47 0.416805
48 0.421087
49 0.425192
50 0.429367
51 0.433302
52 0.437142
53 0.44106
54 0.444714
55 0.448059
56 0.451701
57 0.454835
58 0.458147
59 0.462067
60 0.465177
61 0.46864
62 0.471893
63 0.475114
64 0.478074
65 0.481045
66 0.483865
67 0.486654
68 0.489421
69 0.492172
70 0.495084
71 0.497922
72 0.500707
73 0.503167
74 0.505985
75 0.508191
76 0.51058
77 0.512925
78 0.515109
79 0.517554
80 0.519906
81 0.522156
82 0.524616
83 0.526507
84 0.528785
85 0.530885
86 0.533115
87 0.534983
88 0.53679
89 0.538511
90 0.540312
91 0.542152
92 0.544003
93 0.545846
94 0.547502
95 0.549152
96 0.550975
97 0.55241
98 0.554129
99 0.555433
100 0.557041
101 0.558851
102 0.560347
103 0.561631
104 0.563222
105 0.564645
106 0.566214
107 0.567697
108 0.568947
109 0.570251
110 0.57154
111 0.572786
112 0.574091
113 0.575418
114 0.576758
115 0.578203
116 0.579387
117 0.580646
118 0.581899
119 0.583051
120 0.584251
121 0.585515
122 0.586439
123 0.587622
124 0.58889
125 0.590111
126 0.591501
127 0.592686
128 0.594091
129 0.595414
130 0.596723
131 0.597991
132 0.599196
133 0.600693
134 0.602119
135 0.603109
136 0.604738
137 0.606257
138 0.607706
139 0.609225
140 0.610732
141 0.612123
142 0.613638
143 0.614993
144 0.616273
145 0.617855
146 0.619493
147 0.620925
148 0.622477
149 0.623713
150 0.624983
151 0.62648
152 0.627811
153 0.629313
154 0.630891
155 0.632159
156 0.633434
157 0.634994
158 0.636329
159 0.637767
160 0.639216
161 0.640738
162 0.642121
163 0.643388
164 0.644575
165 0.645983
166 0.647449
167 0.648671
168 0.650014
169 0.651212
170 0.652938
171 0.654246
172 0.655385
173 0.656874
174 0.658005
175 0.659152
176 0.660474
177 0.661764
178 0.663121
179 0.664414
180 0.665619
181 0.666755
182 0.667931
183 0.669288
184 0.670343
185 0.671283
186 0.672557
187 0.673829
188 0.675045
189 0.676168
190 0.677077
191 0.67833
192 0.679376
193 0.680295
194 0.681468
195 0.682421
196 0.683637
197 0.684717
198 0.68582
199 0.687012
200 0.687896
201 0.688858
202 0.689805
203 0.690586
204 0.69159
205 0.692724
206 0.693647
207 0.694439
208 0.695262
209 0.696267
210 0.697167
211 0.697953
212 0.698864
213 0.699904
214 0.700756
215 0.701902
216 0.702753
217 0.70355
218 0.70427
219 0.705149
220 0.706065
221 0.706858
222 0.707887
223 0.708593
224 0.709437
225 0.710291
226 0.711156
227 0.711979
228 0.712915
229 0.713555
230 0.71446
231 0.714942
232 0.715629
233 0.716698
234 0.717161
235 0.717999
236 0.718796
237 0.719504
238 0.720231
239 0.720952
240 0.721624
241 0.722546
242 0.723262
243 0.723958
244 0.724848
245 0.725507
246 0.726048
247 0.72691
248 0.727483
249 0.727908
250 0.728654
251 0.72932
252 0.730236
253 0.730788
254 0.731371
255 0.732169
256 0.732687
257 0.733318
258 0.733921
259 0.734516
260 0.735211
261 0.735595
262 0.736305
263 0.736977
264 0.737505
265 0.738231
266 0.738903
267 0.739694
268 0.740324
269 0.740766
270 0.74146
271 0.742197
272 0.74268
273 0.743199
274 0.743949
275 0.744622
276 0.745105
277 0.745554
278 0.746015
279 0.746798
280 0.747454
281 0.747849
282 0.74846
283 0.749016
284 0.749616
285 0.750164
286 0.750648
287 0.751354
288 0.751799
289 0.752373
290 0.752787
291 0.753337
292 0.75396
293 0.754331
294 0.754806
295 0.755344
296 0.755844
297 0.756331
298 0.75676
299 0.757266
300 0.757819
301 0.758343
302 0.758744
303 0.75939
304 0.75986
305 0.760441
306 0.760927
307 0.761122
308 0.761594
309 0.761987
310 0.762562
311 0.763133
312 0.763429
313 0.7637
314 0.764245
315 0.764819
316 0.765159
317 0.765708
318 0.766222
319 0.766636
320 0.767047
321 0.767513
322 0.767945
323 0.76837
324 0.768826
325 0.769262
326 0.769612
327 0.769962
328 0.770387
329 0.770847
330 0.771253
331 0.771586
332 0.772077
333 0.772449
334 0.772925
335 0.773221
336 0.773582
337 0.77403
338 0.774524
339 0.774804
340 0.775245
341 0.775672
342 0.776013
343 0.776434
344 0.776753
345 0.777104
346 0.777418
347 0.777839
348 0.7783
349 0.778507
350 0.779032
351 0.779479
352 0.77968
353 0.78007
354 0.780486
355 0.780748
356 0.781166
357 0.78158
358 0.782007
359 0.782306
360 0.782706
361 0.783087
362 0.783488
363 0.783825
364 0.784087
365 0.78449
366 0.784754
367 0.785197
368 0.785499
369 0.785875
370 0.786165
371 0.786557
372 0.786975
373 0.787201
374 0.787564
375 0.788063
376 0.788462
377 0.788711
378 0.788921
379 0.789285
380 0.789685
381 0.790091
382 0.790234
383 0.790459
384 0.790851
385 0.79119
386 0.791414
387 0.79166
388 0.792038
389 0.792257
390 0.792569
391 0.792934
392 0.793123
393 0.793588
394 0.793916
395 0.794124
396 0.794428
397 0.794719
398 0.794986
399 0.795399
400 0.795616
