1 0.283775
2 0.283985
3 0.283858
4 0.28414
5 0.284217
6 0.28409
7 0.283982
8 0.28407
9 0.283783
10 0.283787
11 0.284033
12 0.283775
13 0.248045
14 0.230296
15 0.221413
16 0.216915
17 0.214594
18 0.21354
19 0.212933
20 0.212691
21 0.212446
22 0.21254
23 0.21246
24 0.212481
25 0.212327
26 0.212172
27 0.212044
28 0.211514
29 0.210977
30 0.210373
31 0.209776
32 0.2091
33 0.208789
34 0.20853
35 0.208214
36 0.207734
37 0.207111
38 0.206262
39 0.205392
40 0.204274
41 0.203113
42 0.201771
43 0.200368
44 0.199822
45 0.199479
46 0.198947
47 0.198117
48 0.196987
49 0.19555
50 0.194245
51 0.192772
52 0.191392
53 0.190055
54 0.190818
55 0.190618
56 0.19143
57 0.190893
58 0.189926
59 0.188734
60 0.188073
61 0.186763
62 0.185924
63 0.185087
64 0.184563
65 0.183472
66 0.183368
67 0.183455
68 0.183393
69 0.182095
70 0.180843
71 0.180156
72 0.179338
73 0.179015
74 0.179317
75 0.179763
76 0.179794
77 0.181109
78 0.180869
79 0.179975
80 0.179823
81 0.179331
82 0.179647
83 0.179579
84 0.180219
85 0.18088
86 0.182025
87 0.193544
88 0.194054
89 0.194652
90 0.195455
91 0.196376
92 0.197798
93 0.198922
94 0.203206
95 0.204912
96 0.206691
97 0.208433
98 0.209688
99 0.211568
100 0.214026
101 0.217194
102 0.218683
103 0.220246
104 0.222172
105 0.22405
106 0.227676
107 0.229066
108 0.230596
109 0.231215
110 0.232366
111 0.235134
112 0.235925
113 0.238476
114 0.239465
115 0.241651
116 0.242525
117 0.243392
118 0.245456
119 0.24625
120 0.247314
121 0.247082
122 0.247873
123 0.247731
124 0.248061
125 0.248682
126 0.249319
127 0.249945
128 0.251601
129 0.255144
130 0.253122
131 0.250341
132 0.247261
133 0.244159
134 0.241284
135 0.237926
136 0.23465
137 0.23128
138 0.227747
139 0.224104
140 0.220062
141 0.216793
142 0.213202
143 0.20946
144 0.205324
145 0.201669
146 0.197621
147 0.193643
148 0.189774
149 0.185784
150 0.181634
151 0.177153
152 0.173121
153 0.169289
154 0.165622
155 0.161914
156 0.158144
157 0.154577
158 0.151049
159 0.147404
160 0.144116
161 0.140515
162 0.136856
163 0.13321
164 0.129985
165 0.127004
166 0.124284
167 0.121486
168 0.118749
169 0.116104
170 0.11354
171 0.110822
172 0.108358
173 0.105558
174 0.102968
175 0.100609
176 0.0985142
177 0.096603
178 0.0947556
179 0.0927987
180 0.0913303
181 0.0895728
182 0.0879473
183 0.0864364
184 0.0848347
185 0.0834376
186 0.081917
187 0.0805673
188 0.07929
189 0.0782662
190 0.0771366
191 0.0759794
192 0.0749336
193 0.0740031
194 0.073082
195 0.0722199
196 0.0713094
197 0.0706269
198 0.0699985
199 0.0691945
200 0.0685359
201 0.0678702
202 0.0672505
203 0.0667035
204 0.0661191
205 0.0655754
206 0.0651013
207 0.0646402
208 0.0641723
209 0.0643179
210 0.0636972
211 0.0632072
212 0.0629355
213 0.0624076
214 0.0620736
215 0.0616172
216 0.0612833
217 0.0609181
218 0.0606295
219 0.0604138
220 0.0599391
221 0.0595492
222 0.0591959
223 0.0589236
224 0.0586931
225 0.0584487
226 0.0581972
227 0.0579333
228 0.0578323
229 0.0576577
230 0.0575115
231 0.0573218
232 0.0570757
233 0.0568691
234 0.0566311
235 0.0565977
236 0.0564655
237 0.0561667
238 0.0560647
239 0.055931
240 0.0557252
241 0.0554446
242 0.0553353
243 0.0551907
244 0.0551355
245 0.0550944
246 0.0548531
247 0.0546751
248 0.0545097
249 0.054447
250 0.0542667
251 0.0540252
252 0.0539333
253 0.0539021
254 0.0536998
255 0.0534532
256 0.053247
257 0.0531868
258 0.0530173
259 0.0528705
260 0.0527677
261 0.0526707
262 0.0525843
263 0.0523215
264 0.0522037
265 0.052027
266 0.0518989
267 0.0516389
268 0.0514931
269 0.0515436
270 0.0513512
271 0.0511313
272 0.0510537
273 0.0509323
274 0.0509871
275 0.0507349
276 0.0506023
277 0.0504616
278 0.0502864
279 0.0500592
280 0.0498787
281 0.0497083
282 0.0495571
283 0.0494314
284 0.0493307
285 0.0492552
286 0.0490071
287 0.048924
288 0.048682
289 0.0485813
290 0.0484859
291 0.0483325
292 0.0482511
293 0.0480886
294 0.0479545
295 0.0477638
296 0.0476743
297 0.0475473
298 0.0473692
299 0.04729
300 0.0471713
301 0.0470729
302 0.0470794
303 0.0469524
304 0.0471486
305 0.0471165
306 0.0470479
307 0.0468644
308 0.0468213
309 0.046772
310 0.0465488
311 0.0463565
312 0.0463314
313 0.0462769
314 0.0460992
315 0.045672
316 0.0455501
317 0.0453121
318 0.0452327
319 0.0452424
320 0.0450911
321 0.0450247
322 0.0447895
323 0.0446722
324 0.0445661
325 0.0445413
326 0.0444973
327 0.0443152
328 0.0442707
329 0.0441734
330 0.0440477
331 0.0439385
332 0.0439826
333 0.043875
334 0.0437767
335 0.043617
336 0.0434435
337 0.0433859
338 0.0432987
339 0.0431948
340 0.0430439
341 0.0430345
342 0.0429846
343 0.0428738
344 0.0427152
345 0.0426898
346 0.0425951
347 0.0424898
348 0.0424168
349 0.0423354
350 0.0422815
351 0.0421464
352 0.0420282
353 0.0418824
354 0.0417918
355 0.0416042
356 0.0414903
357 0.0412772
358 0.041254
359 0.041225
360 0.0411802
361 0.0410135
362 0.0408569
363 0.0408118
364 0.0407114
365 0.0406293
366 0.0405504
367 0.0404486
368 0.0403276
369 0.0402042
370 0.0400854
371 0.0400601
372 0.0399774
373 0.0398866
374 0.0397489
375 0.0396578
376 0.0396417
377 0.0395552
378 0.0394238
379 0.0394099
380 0.0393433
381 0.0393469
382 0.0392526
383 0.0391507
384 0.0390632
385 0.0389834
386 0.038848
387 0.0387399
388 0.0386028
389 0.0384214
390 0.0383917
391 0.0383958
392 0.038311
393 0.0383117
394 0.0381582
395 0.0380005
396 0.0379619
397 0.0378223
398 0.0378115
399 0.0377961
400 0.0377488
