1 0.066714
2 0.066714
3 0.066714
4 0.066714
5 0.066714
6 0.066714
7 0.066714
8 0.066714
9 0.066714
10 0.066714
11 0.066714
12 0.085276
13 0.098669
14 0.108988
15 0.115184
16 0.120529
17 0.123701
18 0.126783
19 0.128046
20 0.129168
21 0.129861
22 0.130961
23 0.140082
24 0.148897
25 0.159078
26 0.167297
27 0.178227
28 0.18703
29 0.194277
30 0.202675
31 0.210109
32 0.217153
33 0.222936
34 0.229405
35 0.23466
36 0.241024
37 0.245366
38 0.250774
39 0.255459
40 0.260101
41 0.263616
42 0.26773
43 0.271581
44 0.275387
45 0.279965
46 0.283405
47 0.285928
48 0.28911
49 0.292888
50 0.296877
51 0.299268
52 0.301699
53 0.303757
54 0.306688
55 0.30842
56 0.313359
57 0.314445
58 0.317064
59 0.320392
60 0.320751
61 0.324039
62 0.326001
63 0.328613
64 0.330315
65 0.332827
66 0.334927
67 0.337343
68 0.338896
69 0.340872
70 0.343347
71 0.344763
72 0.346729
73 0.348549
74 0.350562
75 0.351773
76 0.354323
77 0.355717
78 0.356889
79 0.359053
80 0.361107
81 0.362981
82 0.364542
83 0.365986
84 0.367643
85 0.370266
86 0.370789
87 0.373094
88 0.374508
89 0.375556
90 0.377337
91 0.378819
92 0.380714
93 0.383396
94 0.383517
95 0.384555
96 0.388101
97 0.38739
98 0.389928
99 0.391693
100 0.392342
101 0.394395
102 0.395453
103 0.396843
104 0.398659
105 0.399576
106 0.401327
107 0.401772
108 0.404096
109 0.404351
110 0.406775
111 0.407976
112 0.409817
113 0.410896
114 0.412446
115 0.412599
116 0.413885
117 0.414575
118 0.416083
119 0.417822
120 0.418169
121 0.420189
122 0.421786
123 0.422873
124 0.423538
125 0.424001
126 0.425876
127 0.426424
128 0.427437
129 0.428685
130 0.43028
131 0.431914
132 0.432636
133 0.433788
134 0.435313
135 0.435779
136 0.436458
137 0.43776
138 0.438724
139 0.439945
140 0.441028
141 0.442808
142 0.443613
143 0.444274
144 0.444753
145 0.446248
146 0.446821
147 0.447577
148 0.450481
149 0.451198
150 0.4517
151 0.451907
152 0.452734
153 0.453758
154 0.454534
155 0.456069
156 0.456297
157 0.458021
158 0.457722
159 0.458683
160 0.45978
161 0.461326
162 0.462278
163 0.462921
164 0.464038
165 0.464235
166 0.465487
167 0.46692
168 0.466188
169 0.468583
170 0.468466
171 0.469247
172 0.470695
173 0.471521
174 0.472034
175 0.472797
176 0.474165
177 0.47557
178 0.475236
179 0.476726
180 0.477699
181 0.478102
182 0.479124
183 0.479637
184 0.480545
185 0.481021
186 0.481484
187 0.482799
188 0.484118
189 0.484129
190 0.485311
191 0.486393
192 0.486022
193 0.48753
194 0.488048
195 0.488813
196 0.489916
197 0.489532
198 0.492239
199 0.491259
200 0.492994
201 0.49317
202 0.494463
203 0.494981
204 0.495562
205 0.495535
206 0.49647
207 0.498298
208 0.49817
209 0.498534
210 0.499007
211 0.500055
212 0.501103
213 0.500849
214 0.502487
215 0.502226
216 0.503121
217 0.503499
218 0.50491
219 0.505772
220 0.505393
221 0.506635
222 0.50737
223 0.50908
224 0.508495
225 0.508754
226 0.509988
227 0.51048
228 0.510608
229 0.512097
230 0.512157
231 0.513081
232 0.512038
233 0.514476
234 0.515138
235 0.515926
236 0.516411
237 0.516529
238 0.51739
239 0.517935
240 0.518498
241 0.519002
242 0.520143
243 0.520592
244 0.520418
245 0.522019
246 0.521211
247 0.522497
248 0.522916
249 0.524444
250 0.52415
251 0.525157
252 0.525567
253 0.526048
254 0.526308
255 0.526988
256 0.527777
257 0.527909
258 0.528726
259 0.529387
260 0.529507
261 0.530487
262 0.530986
263 0.531337
264 0.532493
265 0.531937
266 0.533402
267 0.533816
268 0.534798
269 0.534585
270 0.53458
271 0.536171
272 0.53636
273 0.536874
274 0.537761
275 0.537665
276 0.538981
277 0.539683
278 0.539965
279 0.540285
280 0.540634
281 0.54077
282 0.541397
283 0.542532
284 0.54298
285 0.543328
286 0.544014
287 0.543861
288 0.54463
289 0.54474
290 0.545714
291 0.545258
292 0.547271
293 0.546659
294 0.546901
295 0.547275
296 0.548652
297 0.548861
298 0.548251
299 0.54902
300 0.550423
301 0.550213
302 0.550113
303 0.551788
304 0.552094
305 0.552573
306 0.552401
307 0.553323
308 0.553089
309 0.553817
310 0.554413
311 0.554105
312 0.555635
313 0.556612
314 0.55661
315 0.557368
316 0.557974
317 0.558273
318 0.558727
319 0.558381
320 0.559102
321 0.559751
322 0.559748
323 0.559574
324 0.560493
325 0.561636
326 0.561095
327 0.562886
328 0.562589
329 0.563067
330 0.563692
331 0.563946
332 0.563997
333 0.564364
334 0.565418
335 0.564965
336 0.566126
337 0.566077
338 0.566174
339 0.567206
340 0.567693
341 0.567237
342 0.568433
343 0.568793
344 0.568901
345 0.569588
346 0.570661
347 0.57039
348 0.570554
349 0.570883
350 0.571664
351 0.572847
352 0.572453
353 0.572731
354 0.573334
355 0.573345
356 0.574442
357 0.573708
358 0.57501
359 0.575161
360 0.576699
361 0.576512
362 0.576082
363 0.57706
364 0.577013
365 0.577572
366 0.577332
367 0.577977
368 0.577519
369 0.579162
370 0.579439
371 0.579512
372 0.57916
373 0.580475
374 0.580917
375 0.58166
376 0.58102
377 0.582125
378 0.582416
379 0.581927
380 0.582626
381 0.583242
382 0.582779
383 0.584859
384 0.585242
385 0.584618
386 0.584636
387 0.585457
388 0.585187
389 0.586359
390 0.586282
391 0.586392
392 0.58702
393 0.587347
394 0.58835
395 0.588372
396 0.588684
397 0.588265
398 0.589475
399 0.589022
400 0.590772
