1 0.085373
2 0.0887933
3 0.103686
4 0.114187
5 0.121819
6 0.12758
7 0.131602
8 0.134362
9 0.136368
10 0.137651
11 0.138707
12 0.145575
13 0.151799
14 0.159993
15 0.167963
16 0.175536
17 0.18379
18 0.193018
19 0.200242
20 0.206817
21 0.214585
22 0.221727
23 0.227953
24 0.23413
25 0.240044
26 0.245373
27 0.250983
28 0.254868
29 0.258951
30 0.263257
31 0.267032
32 0.270625
33 0.273698
34 0.277545
35 0.280501
36 0.284072
37 0.286655
38 0.29053
39 0.294042
40 0.296874
41 0.298733
42 0.301614
43 0.303904
44 0.30622
45 0.309975
46 0.311627
47 0.312744
48 0.31507
49 0.317889
50 0.320761
51 0.322204
52 0.323887
53 0.32542
54 0.327813
55 0.329277
56 0.332711
57 0.333577
58 0.335636
59 0.338348
60 0.338443
61 0.340702
62 0.342266
63 0.344565
64 0.345866
65 0.348222
66 0.349417
67 0.352036
68 0.353561
69 0.354808
70 0.356678
71 0.35813
72 0.359655
73 0.36135
74 0.362909
75 0.363755
76 0.365991
77 0.367468
78 0.368299
79 0.369976
80 0.371708
81 0.373617
82 0.374817
83 0.375915
84 0.377409
85 0.379764
86 0.380545
87 0.382232
88 0.383205
89 0.3845
90 0.386317
91 0.387321
92 0.389147
93 0.391871
94 0.391509
95 0.392684
96 0.395892
97 0.394973
98 0.3977
99 0.398994
100 0.399636
101 0.401474
102 0.402405
103 0.403612
104 0.405382
105 0.406278
106 0.407442
107 0.408318
108 0.410115
109 0.410408
110 0.412856
111 0.413869
112 0.415562
113 0.416296
114 0.418064
115 0.418118
116 0.419195
117 0.419634
118 0.421021
119 0.422795
120 0.423139
121 0.424902
122 0.426712
123 0.427516
124 0.428263
125 0.428675
126 0.430594
127 0.431048
128 0.431717
129 0.433241
130 0.434349
131 0.436182
132 0.436666
133 0.437729
134 0.43937
135 0.439374
136 0.440475
137 0.441573
138 0.442354
139 0.44361
140 0.444602
141 0.446507
142 0.447251
143 0.447623
144 0.448069
145 0.449649
146 0.450119
147 0.450976
148 0.453976
149 0.45435
150 0.454727
151 0.455043
152 0.455823
153 0.456708
154 0.457616
155 0.458999
156 0.459374
157 0.460995
158 0.460625
159 0.461423
160 0.462499
161 0.464093
162 0.464851
163 0.465485
164 0.466707
165 0.466745
166 0.4681
167 0.469442
168 0.468729
169 0.471084
170 0.470892
171 0.471618
172 0.472991
173 0.47397
174 0.474248
175 0.475229
176 0.476271
177 0.47759
178 0.477228
179 0.478714
180 0.479866
181 0.480158
182 0.481139
183 0.481677
184 0.482487
185 0.482994
186 0.483453
187 0.484733
188 0.486005
189 0.486057
190 0.487201
191 0.48822
192 0.487819
193 0.489408
194 0.489943
195 0.490529
196 0.491841
197 0.491293
198 0.494046
199 0.492975
200 0.49461
201 0.494782
202 0.496159
203 0.49666
204 0.497235
205 0.497135
206 0.4981
207 0.499738
208 0.499793
209 0.500134
210 0.500529
211 0.501458
212 0.502537
213 0.502267
214 0.50391
215 0.503579
216 0.504536
217 0.504897
218 0.506331
219 0.507179
220 0.506906
221 0.507997
222 0.508673
223 0.510398
224 0.509729
225 0.510183
226 0.511214
227 0.511661
228 0.511869
229 0.513329
230 0.513559
231 0.514248
232 0.513299
233 0.515702
234 0.516376
235 0.517183
236 0.517585
237 0.517665
238 0.518658
239 0.519072
240 0.519631
241 0.520225
242 0.521329
243 0.521792
244 0.521634
245 0.523108
246 0.522422
247 0.523601
248 0.523966
249 0.525409
250 0.525277
251 0.526258
252 0.526613
253 0.527065
254 0.527403
255 0.528082
256 0.528765
257 0.528891
258 0.529696
259 0.530484
260 0.530549
261 0.531539
262 0.531908
263 0.532266
264 0.533432
265 0.532984
266 0.534445
267 0.534807
268 0.535791
269 0.535568
270 0.535516
271 0.537026
272 0.537315
273 0.537781
274 0.538644
275 0.53865
276 0.539886
277 0.540509
278 0.540869
279 0.541168
280 0.541391
281 0.541673
282 0.542149
283 0.543323
284 0.543765
285 0.544186
286 0.544823
287 0.544782
288 0.545459
289 0.545385
290 0.5465
291 0.546012
292 0.547989
293 0.547446
294 0.547749
295 0.548057
296 0.549349
297 0.549538
298 0.549006
299 0.549761
300 0.551135
301 0.550804
302 0.55088
303 0.552567
304 0.552707
305 0.553272
306 0.553088
307 0.554082
308 0.553726
309 0.554467
310 0.555243
311 0.554852
312 0.556292
313 0.557254
314 0.557336
315 0.557953
316 0.558545
317 0.558935
318 0.559366
319 0.558993
320 0.55971
321 0.560341
322 0.560441
323 0.560254
324 0.561109
325 0.562313
326 0.561742
327 0.563358
328 0.563219
329 0.563653
330 0.564222
331 0.564581
332 0.564569
333 0.564987
334 0.566093
335 0.56554
336 0.566783
337 0.566627
338 0.566792
339 0.567767
340 0.568321
341 0.567815
342 0.569015
343 0.569395
344 0.569499
345 0.570104
346 0.571185
347 0.57098
348 0.571162
349 0.57135
350 0.572145
351 0.573538
352 0.57308
353 0.573327
354 0.573795
355 0.573906
356 0.575019
357 0.574145
358 0.575649
359 0.575681
360 0.57725
361 0.577205
362 0.576606
363 0.577587
364 0.577495
365 0.578113
366 0.577894
367 0.578475
368 0.578045
369 0.579645
370 0.579927
371 0.580095
372 0.579689
373 0.580943
374 0.581368
375 0.582107
376 0.581444
377 0.582668
378 0.582883
379 0.58226
380 0.583145
381 0.58372
382 0.583216
383 0.585284
384 0.585683
385 0.585123
386 0.585098
387 0.585986
388 0.585585
389 0.586827
390 0.586686
391 0.586776
392 0.587432
393 0.587795
394 0.588717
395 0.588905
396 0.589107
397 0.588652
398 0.589991
399 0.58944
400 0.59115
