1 0.499515
2 0.499626
3 0.498648
4 0.525205
5 0.527045
6 0.533485
7 0.539145
8 0.542077
9 0.543424
10 0.545489
11 0.547659
12 0.547585
13 0.547532
14 0.548147
15 0.551019
16 0.551477
17 0.551447
18 0.552306
19 0.552956
20 0.552173
21 0.554923
22 0.556441
23 0.555906
24 0.556592
25 0.557296
26 0.556719
27 0.557864
28 0.558636
29 0.559834
30 0.559303
31 0.560336
32 0.561657
33 0.563142
34 0.562389
35 0.563563
36 0.564532
37 0.564534
38 0.564921
39 0.566517
40 0.566295
41 0.567142
42 0.568155
43 0.567453
44 0.569354
45 0.569211
46 0.570067
47 0.569793
48 0.570038
49 0.569768
50 0.572176
51 0.571587
52 0.572893
53 0.573057
54 0.573968
55 0.573132
56 0.57439
57 0.574056
58 0.574069
59 0.573516
60 0.575386
61 0.574862
62 0.575636
63 0.575463
64 0.577172
65 0.575929
66 0.576955
67 0.577418
68 0.577365
69 0.578002
70 0.578392
71 0.578535
72 0.577288
73 0.578597
74 0.579301
75 0.578551
76 0.578644
77 0.579138
78 0.579836
79 0.580402
80 0.58042
81 0.580489
82 0.580245
83 0.58073
84 0.58088
85 0.580588
86 0.581291
87 0.582257
88 0.58207
89 0.58198
90 0.582084
91 0.582842
92 0.582596
93 0.582625
94 0.583362
95 0.582154
96 0.583356
97 0.583159
98 0.582734
99 0.58338
100 0.583243
101 0.583525
102 0.584725
103 0.583353
104 0.584005
105 0.584264
106 0.584976
107 0.585043
108 0.584829
109 0.58522
110 0.584594
111 0.584959
112 0.584517
113 0.584852
114 0.585198
115 0.585106
116 0.586257
117 0.58576
118 0.585683
119 0.585812
120 0.585888
121 0.586395
122 0.585667
123 0.586299
124 0.586302
125 0.586043
126 0.58696
127 0.586361
128 0.587358
129 0.587824
130 0.587308
131 0.587322
132 0.586602
133 0.58793
134 0.586856
135 0.587938
136 0.587422
137 0.587957
138 0.588311
139 0.587659
140 0.587909
141 0.587697
142 0.588711
143 0.589217
144 0.588457
145 0.588204
146 0.588482
147 0.58901
148 0.588315
149 0.588534
150 0.588761
151 0.588741
152 0.590321
153 0.588644
154 0.589242
155 0.589311
156 0.589792
157 0.58988
158 0.589212
159 0.588933
160 0.58902
161 0.590248
162 0.591099
163 0.589781
164 0.589776
165 0.588897
166 0.590194
167 0.589031
168 0.589844
169 0.58989
170 0.590512
171 0.590543
172 0.590132
173 0.590745
174 0.591128
175 0.591939
176 0.590511
177 0.590764
178 0.590834
179 0.591426
180 0.59105
181 0.590952
182 0.590445
183 0.591732
184 0.591656
185 0.592204
186 0.590587
187 0.591297
188 0.592432
189 0.591531
190 0.591053
191 0.591763
192 0.592548
193 0.591628
194 0.591973
195 0.591449
196 0.591502
197 0.592532
198 0.592375
199 0.592163
200 0.59255
201 0.592961
202 0.591492
203 0.592495
204 0.592932
205 0.592662
206 0.59403
207 0.59274
208 0.59218
209 0.591736
210 0.593066
211 0.5912
212 0.591813
213 0.592847
214 0.592481
215 0.592757
216 0.593073
217 0.593297
218 0.594038
219 0.592568
220 0.593357
221 0.592929
222 0.592803
223 0.593858
224 0.593484
225 0.594267
226 0.593424
227 0.593226
228 0.593545
229 0.593284
230 0.593082
231 0.594497
232 0.594899
233 0.594439
234 0.594614
235 0.593948
236 0.594285
237 0.593945
238 0.594129
239 0.595201
240 0.594472
241 0.594664
242 0.593679
243 0.59466
244 0.594957
245 0.595188
246 0.594847
247 0.595327
248 0.595546
249 0.595196
250 0.594508
251 0.594992
252 0.595048
253 0.594501
254 0.595218
255 0.594577
256 0.594469
257 0.59545
258 0.594733
259 0.596089
260 0.594707
261 0.595434
262 0.595452
263 0.595264
264 0.594634
265 0.594752
266 0.594834
267 0.594741
268 0.595751
269 0.596124
270 0.59455
271 0.59565
272 0.596143
273 0.595601
274 0.596146
275 0.595702
276 0.595789
277 0.595705
278 0.595376
279 0.596586
280 0.595838
281 0.595739
282 0.595643
283 0.596606
284 0.595827
285 0.595434
286 0.595557
287 0.596416
288 0.596304
289 0.595778
290 0.59608
291 0.595585
292 0.596799
293 0.597281
294 0.596401
295 0.596574
296 0.59597
297 0.597581
298 0.596403
299 0.597233
300 0.596632
301 0.596198
302 0.596143
303 0.59681
304 0.596778
305 0.596119
306 0.596372
307 0.597136
308 0.595291
309 0.595815
310 0.597201
311 0.596655
312 0.596749
313 0.596259
314 0.596601
315 0.596967
316 0.596891
317 0.597143
318 0.597628
319 0.596942
320 0.596438
321 0.596981
322 0.596414
323 0.596895
324 0.596682
325 0.597277
326 0.597
327 0.59732
328 0.597238
329 0.597426
330 0.597885
331 0.597064
332 0.598344
333 0.597365
334 0.596708
335 0.596826
336 0.59749
337 0.597366
338 0.597628
339 0.597233
340 0.5973
341 0.596646
342 0.598095
343 0.597622
344 0.597519
345 0.597319
346 0.597357
347 0.59723
348 0.597648
349 0.597391
350 0.597792
351 0.598349
352 0.598095
353 0.597787
354 0.598898
355 0.597552
356 0.59776
357 0.59766
358 0.598099
359 0.598012
360 0.598495
361 0.598185
362 0.598479
363 0.598599
364 0.598022
365 0.598602
366 0.59799
367 0.598644
368 0.599064
369 0.597733
370 0.598592
371 0.598152
372 0.598394
373 0.598335
374 0.5994
375 0.598762
376 0.598294
377 0.59781
378 0.597955
379 0.598232
380 0.599039
381 0.598723
382 0.598835
383 0.597961
384 0.59762
385 0.598132
386 0.598713
387 0.599034
388 0.599225
389 0.59884
390 0.598758
391 0.599758
392 0.599344
393 0.599191
394 0.599355
395 0.598654
396 0.597878
397 0.598716
398 0.598752
399 0.598813
400 0.598753
