1 0.499857
2 0.499734
3 0.50056
4 0.499787
5 0.499779
6 0.499736
7 0.499552
8 0.500036
9 0.499659
10 0.499566
11 0.499538
12 0.583157
13 0.62419
14 0.625425
15 0.651916
16 0.667114
17 0.666668
18 0.680153
19 0.688027
20 0.687452
21 0.69543
22 0.699365
23 0.702172
24 0.706063
25 0.708309
26 0.710783
27 0.713137
28 0.714423
29 0.716064
30 0.71769
31 0.718511
32 0.719194
33 0.721775
34 0.722618
35 0.723093
36 0.724387
37 0.725309
38 0.725882
39 0.726451
40 0.726287
41 0.726972
42 0.728315
43 0.728954
44 0.728785
45 0.729194
46 0.730368
47 0.730992
48 0.730958
49 0.731171
50 0.73241
51 0.732454
52 0.732113
53 0.732938
54 0.732538
55 0.734006
56 0.733525
57 0.733017
58 0.734519
59 0.734549
60 0.73536
61 0.735394
62 0.735413
63 0.735762
64 0.736031
65 0.736201
66 0.736073
67 0.735862
68 0.736853
69 0.736355
70 0.737196
71 0.736694
72 0.736606
73 0.737189
74 0.737779
75 0.737302
76 0.737766
77 0.737852
78 0.737646
79 0.737666
80 0.737983
81 0.737953
82 0.738668
83 0.738723
84 0.738282
85 0.738211
86 0.738817
87 0.738409
88 0.738967
89 0.739146
90 0.738345
91 0.738362
92 0.739055
93 0.739205
94 0.739549
95 0.739392
96 0.739307
97 0.739916
98 0.739697
99 0.739567
100 0.740234
101 0.740118
102 0.740128
103 0.739824
104 0.739999
105 0.740312
106 0.739989
107 0.740554
108 0.740266
109 0.739705
110 0.74024
111 0.740064
112 0.740029
113 0.739923
114 0.74082
115 0.740197
116 0.740898
117 0.740384
118 0.74017
119 0.740147
120 0.74047
121 0.741256
122 0.741104
123 0.740517
124 0.74086
125 0.740975
126 0.741013
127 0.740248
128 0.740682
129 0.741176
130 0.74116
131 0.740984
132 0.741222
133 0.741454
134 0.741215
135 0.741538
136 0.741312
137 0.741572
138 0.741757
139 0.741843
140 0.741588
141 0.741596
142 0.741626
143 0.741819
144 0.741539
145 0.742034
146 0.74141
147 0.741478
148 0.741653
149 0.741407
150 0.74153
151 0.74077
152 0.742512
153 0.741395
154 0.742151
155 0.741056
156 0.742094
157 0.741671
158 0.741488
159 0.741329
160 0.741704
161 0.741578
162 0.742052
163 0.742071
164 0.742064
165 0.742034
166 0.74221
167 0.742524
168 0.742489
169 0.741514
170 0.74171
171 0.741896
172 0.741925
173 0.742236
174 0.742376
175 0.741916
176 0.743253
177 0.742121
178 0.742081
179 0.742287
180 0.741817
181 0.742415
182 0.741797
183 0.742225
184 0.742399
185 0.74204
186 0.743124
187 0.742719
188 0.741834
189 0.74261
190 0.743035
191 0.741834
192 0.742052
193 0.742276
194 0.741857
195 0.74206
196 0.74238
197 0.742584
198 0.743029
199 0.742745
200 0.742085
201 0.742367
202 0.7426
203 0.742243
204 0.743419
205 0.742918
206 0.742811
207 0.742942
208 0.742663
209 0.742907
210 0.74271
211 0.742778
212 0.741931
213 0.743029
214 0.742847
215 0.742108
216 0.74218
217 0.743107
218 0.742431
219 0.741692
220 0.742608
221 0.742918
222 0.742745
223 0.742359
224 0.742347
225 0.742802
226 0.743426
227 0.742671
228 0.74198
229 0.742599
230 0.742661
231 0.742418
232 0.743388
233 0.743218
234 0.743289
235 0.742533
236 0.742081
237 0.742473
238 0.742719
239 0.743132
240 0.742839
241 0.74372
242 0.74338
243 0.742096
244 0.742729
245 0.743441
246 0.741923
247 0.743036
248 0.743319
249 0.743129
250 0.742653
251 0.743068
252 0.742389
253 0.74288
254 0.743069
255 0.74254
256 0.742847
257 0.742843
258 0.74252
259 0.74284
260 0.742904
261 0.743308
262 0.743189
263 0.743241
264 0.742739
265 0.743188
266 0.74329
267 0.743516
268 0.743273
269 0.743076
270 0.743106
271 0.743029
272 0.743029
273 0.743166
274 0.742496
275 0.742475
276 0.743134
277 0.743494
278 0.742726
279 0.742496
280 0.743082
281 0.742982
282 0.743256
283 0.743288
284 0.742561
285 0.742719
286 0.743081
287 0.743307
288 0.743194
289 0.743703
290 0.74314
291 0.742871
292 0.74334
293 0.74287
294 0.742926
295 0.742979
296 0.743141
297 0.742726
298 0.742896
299 0.743048
300 0.743143
301 0.743482
302 0.743866
303 0.742843
304 0.743394
305 0.742307
306 0.742659
307 0.743131
308 0.743097
309 0.742869
310 0.743072
311 0.742777
312 0.743225
313 0.744069
314 0.743497
315 0.743146
316 0.74359
317 0.742244
318 0.743098
319 0.742893
320 0.744116
321 0.743426
322 0.742648
323 0.742505
324 0.74327
325 0.743906
326 0.743032
327 0.743215
328 0.742749
329 0.743119
330 0.743264
331 0.74355
332 0.742583
333 0.742923
334 0.743181
335 0.743892
336 0.743151
337 0.74301
338 0.74204
339 0.743633
340 0.743907
341 0.743859
342 0.743087
343 0.743642
344 0.743066
345 0.743262
346 0.742894
347 0.743293
348 0.743183
349 0.742666
350 0.743205
351 0.743079
352 0.743549
353 0.743363
354 0.744084
355 0.743705
356 0.743181
357 0.743276
358 0.742508
359 0.743351
360 0.742952
361 0.743286
362 0.743608
363 0.743788
364 0.74329
365 0.743872
366 0.74353
367 0.743238
368 0.743706
369 0.743036
370 0.743596
371 0.743573
372 0.743501
373 0.7431
374 0.743458
375 0.743092
376 0.743395
377 0.743872
378 0.743558
379 0.743165
380 0.74289
381 0.742251
382 0.743548
383 0.743069
384 0.742984
385 0.743958
386 0.7436
387 0.743736
388 0.743183
389 0.743522
390 0.744038
391 0.743108
392 0.74384
393 0.743435
394 0.742982
395 0.743096
396 0.743544
397 0.743506
398 0.743674
399 0.742973
400 0.743189
