1 0.5
2 0.353394
3 0.28878
4 0.269998
5 0.251781
6 0.235781
7 0.229521
8 0.222551
9 0.215151
10 0.212146
11 0.208339
12 0.205449
13 0.20273
14 0.199653
15 0.198583
16 0.197052
17 0.19599
18 0.195195
19 0.194921
20 0.194581
21 0.193917
22 0.194137
23 0.194148
24 0.19406
25 0.194041
26 0.194364
27 0.194471
28 0.194337
29 0.19457
30 0.194667
31 0.194863
32 0.194716
33 0.195046
34 0.195057
35 0.195278
36 0.195314
37 0.195453
38 0.195546
39 0.195768
40 0.195835
41 0.195963
42 0.195965
43 0.196099
44 0.19634
45 0.196474
46 0.196596
47 0.19661
48 0.196593
49 0.19665
50 0.196728
51 0.196756
52 0.196894
53 0.197162
54 0.197093
55 0.197048
56 0.197134
57 0.197631
58 0.197221
59 0.197161
60 0.197301
61 0.197421
62 0.197404
63 0.197513
64 0.197313
65 0.197672
66 0.197685
67 0.197481
68 0.197555
69 0.197717
70 0.197768
71 0.197701
72 0.197868
73 0.197432
74 0.197823
75 0.19772
76 0.197958
77 0.197812
78 0.19799
79 0.197912
80 0.197804
81 0.198014
82 0.197842
83 0.197979
84 0.197965
85 0.197693
86 0.198051
87 0.197951
88 0.198124
89 0.198215
90 0.198148
91 0.198252
92 0.198125
93 0.198221
94 0.19816
95 0.198078
96 0.197984
97 0.19824
98 0.197935
99 0.198186
100 0.198193
101 0.198075
102 0.197934
103 0.198257
104 0.198095
105 0.198257
106 0.198253
107 0.19816
108 0.198194
109 0.198165
110 0.198333
111 0.19826
112 0.198204
113 0.198107
114 0.198163
115 0.1982
116 0.198212
117 0.19836
118 0.198097
119 0.198185
120 0.198226
121 0.198241
122 0.198232
123 0.1982
124 0.198238
125 0.198127
126 0.198256
127 0.198218
128 0.198289
129 0.198355
130 0.19825
131 0.198267
132 0.198218
133 0.198107
134 0.198149
135 0.198375
136 0.198307
137 0.198187
138 0.198207
139 0.198271
140 0.198273
141 0.198284
142 0.198205
143 0.198199
144 0.198278
145 0.198205
146 0.198351
147 0.19815
148 0.198198
149 0.198225
150 0.198187
151 0.198181
152 0.198247
153 0.198255
154 0.198184
155 0.198263
156 0.198167
157 0.198187
158 0.198174
159 0.19832
160 0.198298
161 0.198244
162 0.198302
163 0.198297
164 0.198195
165 0.198233
166 0.198277
167 0.198395
168 0.198208
169 0.198141
170 0.197984
171 0.198569
172 0.198285
173 0.198287
174 0.1982
175 0.198206
176 0.198188
177 0.198155
178 0.198224
179 0.198221
180 0.198303
181 0.198089
182 0.198288
183 0.198339
184 0.198215
185 0.198075
186 0.198289
187 0.198124
188 0.198315
189 0.198155
190 0.198183
191 0.198238
192 0.198119
193 0.198162
194 0.198224
195 0.1983
196 0.19806
197 0.19833
198 0.198167
199 0.19819
200 0.198184
201 0.198129
202 0.198149
203 0.198127
204 0.198185
205 0.197935
206 0.198165
207 0.198155
208 0.198132
209 0.198161
210 0.198205
211 0.198115
212 0.198096
213 0.198236
214 0.198102
215 0.198187
216 0.19815
217 0.198078
218 0.198115
219 0.19809
220 0.198253
221 0.198104
222 0.19817
223 0.198144
224 0.198128
225 0.198136
226 0.19818
227 0.1982
228 0.198127
229 0.198156
230 0.198153
231 0.198184
232 0.198185
233 0.198176
234 0.198179
235 0.198116
236 0.198173
237 0.198105
238 0.198032
239 0.198168
240 0.198158
241 0.19794
242 0.198125
243 0.198088
244 0.198084
245 0.198068
246 0.198028
247 0.198137
248 0.198224
249 0.198062
250 0.197987
251 0.197972
252 0.19806
253 0.19805
254 0.198047
255 0.197886
256 0.198138
257 0.198282
258 0.198176
259 0.198124
260 0.198111
261 0.198139
262 0.197947
263 0.198114
264 0.19814
265 0.197992
266 0.197993
267 0.198151
268 0.198025
269 0.198061
270 0.198126
271 0.197954
272 0.198067
273 0.198262
274 0.198012
275 0.198044
276 0.198061
277 0.198075
278 0.197991
279 0.197997
280 0.198087
281 0.198051
282 0.198057
283 0.197988
284 0.198129
285 0.198032
286 0.198118
287 0.197944
288 0.198055
289 0.197964
290 0.19799
291 0.198068
292 0.198098
293 0.198027
294 0.197973
295 0.198015
296 0.197952
297 0.198051
298 0.197996
299 0.197993
300 0.198004
301 0.197937
302 0.197959
303 0.198037
304 0.198003
305 0.198014
306 0.198016
307 0.197812
308 0.197988
309 0.197994
310 0.197994
311 0.197959
312 0.19793
313 0.197981
314 0.198027
315 0.198176
316 0.197982
317 0.198017
318 0.198076
319 0.197989
320 0.197917
321 0.197961
322 0.198037
323 0.197981
324 0.198011
325 0.197945
326 0.19801
327 0.197933
328 0.197961
329 0.197923
330 0.19792
331 0.197923
332 0.198044
333 0.198059
334 0.198038
335 0.197951
336 0.19805
337 0.197983
338 0.197918
339 0.197931
340 0.197972
341 0.198204
342 0.19794
343 0.197999
344 0.197936
345 0.198051
346 0.197943
347 0.197934
348 0.197901
349 0.197931
350 0.19797
351 0.197991
352 0.197912
353 0.197948
354 0.197918
355 0.197904
356 0.19802
357 0.197835
358 0.197914
359 0.197909
360 0.197957
361 0.197958
362 0.197852
363 0.197952
364 0.197919
365 0.197979
366 0.198029
367 0.197936
368 0.19797
369 0.197939
370 0.197983
371 0.197873
372 0.197925
373 0.197906
374 0.197961
375 0.197839
376 0.197895
377 0.197983
378 0.197895
379 0.197872
380 0.197906
381 0.197945
382 0.197895
383 0.197855
384 0.197937
385 0.198022
386 0.197947
387 0.197915
388 0.197889
389 0.197875
390 0.197956
391 0.197907
392 0.197903
393 0.197886
394 0.197896
395 0.197926
396 0.197905
397 0.197879
398 0.197918
399 0.197817
400 0.197874
