1 0.332797
2 0.333576
3 0.333627
4 0.332797
5 0.333576
6 0.333627
7 0.332797
8 0.333576
9 0.333627
10 0.332797
11 0.333576
12 0.457816
13 0.532413
14 0.53306
15 0.590364
16 0.61994
17 0.620596
18 0.653952
19 0.672564
20 0.671997
21 0.694353
22 0.706702
23 0.715244
24 0.726747
25 0.735038
26 0.743042
27 0.748978
28 0.754859
29 0.76193
30 0.766878
31 0.771475
32 0.777041
33 0.78145
34 0.785905
35 0.788512
36 0.79265
37 0.79605
38 0.800057
39 0.802492
40 0.804989
41 0.808296
42 0.810611
43 0.813458
44 0.814832
45 0.817493
46 0.819374
47 0.822184
48 0.824543
49 0.826416
50 0.827806
51 0.829279
52 0.831261
53 0.832657
54 0.834458
55 0.835483
56 0.837145
57 0.839513
58 0.83982
59 0.841051
60 0.842662
61 0.843965
62 0.84463
63 0.845736
64 0.84649
65 0.848398
66 0.849423
67 0.849933
68 0.851112
69 0.851801
70 0.853046
71 0.854194
72 0.854415
73 0.855534
74 0.855855
75 0.857229
76 0.857744
77 0.858602
78 0.859534
79 0.860326
80 0.860577
81 0.860938
82 0.861817
83 0.86278
84 0.863044
85 0.863482
86 0.864384
87 0.865294
88 0.865559
89 0.866315
90 0.866973
91 0.866934
92 0.867941
93 0.867987
94 0.868517
95 0.86873
96 0.869357
97 0.869908
98 0.869818
99 0.870488
100 0.870671
101 0.871772
102 0.871926
103 0.872716
104 0.872563
105 0.872752
106 0.873181
107 0.874468
108 0.874699
109 0.875129
110 0.874899
111 0.875006
112 0.874894
113 0.876002
114 0.876424
115 0.876904
116 0.876705
117 0.87769
118 0.87768
119 0.878011
120 0.878082
121 0.878066
122 0.878499
123 0.878922
124 0.878936
125 0.879471
126 0.879418
127 0.880295
128 0.880052
129 0.880169
130 0.880538
131 0.880742
132 0.88069
133 0.88124
134 0.881832
135 0.881503
136 0.882367
137 0.882904
138 0.882977
139 0.882665
140 0.882751
141 0.882989
142 0.883106
143 0.883209
144 0.883623
145 0.883679
146 0.883779
147 0.88412
148 0.883606
149 0.88469
150 0.885008
151 0.884881
152 0.885281
153 0.8857
154 0.885294
155 0.88578
156 0.885489
157 0.885665
158 0.886052
159 0.886258
160 0.885978
161 0.886178
162 0.886732
163 0.88697
164 0.88659
165 0.886363
166 0.887542
167 0.887112
168 0.887397
169 0.887997
170 0.888018
171 0.888789
172 0.888062
173 0.887985
174 0.888243
175 0.887866
176 0.888659
177 0.888822
178 0.888506
179 0.888944
180 0.888938
181 0.889064
182 0.889271
183 0.889306
184 0.889574
185 0.889471
186 0.889761
187 0.890331
188 0.889629
189 0.889912
190 0.889406
191 0.890103
192 0.890508
193 0.891031
194 0.890806
195 0.890086
196 0.890787
197 0.891348
198 0.891029
199 0.890788
200 0.891132
201 0.891621
202 0.891379
203 0.891899
204 0.891437
205 0.892175
206 0.891723
207 0.891413
208 0.89151
209 0.891636
210 0.891709
211 0.893002
212 0.892197
213 0.891948
214 0.892277
215 0.8924
216 0.892656
217 0.89297
218 0.892063
219 0.892976
220 0.892435
221 0.893345
222 0.892191
223 0.892952
224 0.893144
225 0.893197
226 0.893119
227 0.89377
228 0.893284
229 0.893401
230 0.893696
231 0.893267
232 0.893718
233 0.894111
234 0.893519
235 0.893741
236 0.893952
237 0.893752
238 0.894132
239 0.894085
240 0.894015
241 0.893618
242 0.894578
243 0.894132
244 0.894398
245 0.894704
246 0.89424
247 0.894242
248 0.894178
249 0.894976
250 0.894652
251 0.895051
252 0.895244
253 0.895316
254 0.895385
255 0.894909
256 0.895072
257 0.895347
258 0.895481
259 0.89538
260 0.895032
261 0.895575
262 0.895724
263 0.895197
264 0.895355
265 0.895455
266 0.895452
267 0.895437
268 0.895956
269 0.895896
270 0.895796
271 0.895923
272 0.89585
273 0.895632
274 0.895719
275 0.89625
276 0.895989
277 0.895856
278 0.89629
279 0.89662
280 0.896593
281 0.896385
282 0.89712
283 0.896462
284 0.895982
285 0.896184
286 0.89604
287 0.897143
288 0.896549
289 0.897194
290 0.896638
291 0.897122
292 0.896713
293 0.897192
294 0.897288
295 0.897194
296 0.897546
297 0.897156
298 0.896926
299 0.897199
300 0.897055
301 0.897645
302 0.897236
303 0.896846
304 0.89755
305 0.897006
306 0.897216
307 0.897077
308 0.897168
309 0.897089
310 0.897177
311 0.897488
312 0.897857
313 0.897723
314 0.89777
315 0.897245
316 0.8977
317 0.897786
318 0.897628
319 0.897785
320 0.897831
321 0.898212
322 0.897824
323 0.897979
324 0.898407
325 0.897958
326 0.898433
327 0.898193
328 0.898334
329 0.898299
330 0.898167
331 0.898073
332 0.898489
333 0.898015
334 0.898703
335 0.89844
336 0.897853
337 0.898152
338 0.898786
339 0.898653
340 0.898604
341 0.898384
342 0.898461
343 0.898396
344 0.898808
345 0.898294
346 0.898867
347 0.899265
348 0.899007
349 0.899024
350 0.898636
351 0.898746
352 0.899247
353 0.89901
354 0.898743
355 0.89924
356 0.899119
357 0.899254
358 0.899103
359 0.899191
360 0.898923
361 0.89935
362 0.898613
363 0.899047
364 0.898823
365 0.899142
366 0.899183
367 0.898897
368 0.899335
369 0.899395
370 0.899467
371 0.899414
372 0.899226
373 0.899488
374 0.899669
375 0.899631
376 0.899533
377 0.899541
378 0.899759
379 0.899363
380 0.899527
381 0.900293
382 0.899591
383 0.899911
384 0.899627
385 0.899709
386 0.900044
387 0.899482
388 0.899815
389 0.899867
390 0.899691
391 0.900267
392 0.89937
393 0.899851
394 0.900099
395 0.900211
396 0.90008
397 0.899491
398 0.89958
399 0.90042
400 0.900244
