1 1.62214
2 0.890438
3 0.604113
4 0.522201
5 0.536849
6 0.595153
7 0.67318
8 0.760221
9 0.851442
10 0.944384
11 1.0381
12 1.13198
13 1.22612
14 1.32032
15 1.41463
16 0.650807
17 0.845578
18 0.594072
19 0.705594
20 0.550002
21 0.624366
22 0.371076
23 0.436149
24 0.342425
25 0.386842
26 0.319922
27 0.361418
28 0.241011
29 0.267932
30 0.22581
31 0.244182
32 0.214343
33 0.240378
34 0.185372
35 0.193548
36 0.176671
37 0.181776
38 0.169717
39 0.188525
40 0.164464
41 0.163563
42 0.157787
43 0.156508
44 0.152452
45 0.167696
46 0.156701
47 0.152118
48 0.150647
49 0.146165
50 0.145452
51 0.158118
52 0.151263
53 0.145557
54 0.14489
55 0.139293
56 0.139122
57 0.148804
58 0.142446
59 0.137377
60 0.135903
61 0.130466
62 0.129795
63 0.1358
64 0.129361
65 0.125724
66 0.123305
67 0.118822
68 0.117408
69 0.120293
70 0.114515
71 0.112008
72 0.109417
73 0.106128
74 0.104282
75 0.104882
76 0.100616
77 0.0990543
78 0.096986
79 0.0947956
80 0.093238
81 0.0928175
82 0.0902358
83 0.0892691
84 0.0878842
85 0.0865689
86 0.0852789
87 0.0846616
88 0.0831309
89 0.0825053
90 0.0817067
91 0.0808255
92 0.0800097
93 0.0793814
94 0.0785397
95 0.0781044
96 0.0774664
97 0.0769365
98 0.0764106
99 0.0760297
100 0.0754748
101 0.0751197
102 0.0747302
103 0.0743868
104 0.0740871
105 0.0737379
106 0.0734069
107 0.0731408
108 0.0728357
109 0.0725281
110 0.0722106
111 0.0719713
112 0.0716729
113 0.0713459
114 0.0710712
115 0.0707764
116 0.0704998
117 0.0702377
118 0.0699184
119 0.0696777
120 0.0693887
121 0.0691314
122 0.0688591
123 0.0685589
124 0.0683343
125 0.0680661
126 0.0678008
127 0.0675467
128 0.0672727
129 0.0670461
130 0.0668044
131 0.0665363
132 0.0662979
133 0.0660493
134 0.0657812
135 0.0654584
136 0.0652225
137 0.0649392
138 0.0646542
139 0.0643668
140 0.0640482
141 0.0637583
142 0.0634893
143 0.0631261
144 0.0628276
145 0.0624479
146 0.0621394
147 0.0617779
148 0.0614273
149 0.0610704
150 0.0607118
151 0.0603593
152 0.0599825
153 0.059609
154 0.0592103
155 0.0588626
156 0.0584244
157 0.0580502
158 0.0576935
159 0.0573128
160 0.0569219
161 0.0564678
162 0.0561083
163 0.0557102
164 0.0553507
165 0.0549063
166 0.0545315
167 0.0541764
168 0.0538028
169 0.0534668
170 0.0530909
171 0.0527318
172 0.0523567
173 0.0520325
174 0.0517268
175 0.0513452
176 0.0510198
177 0.0506649
178 0.0503488
179 0.0499805
180 0.0497211
181 0.0493913
182 0.0490339
183 0.0487208
184 0.0484644
185 0.048121
186 0.0478015
187 0.0475437
188 0.0472834
189 0.0469816
190 0.0467142
191 0.046409
192 0.0461734
193 0.0458784
194 0.0456406
195 0.0453593
196 0.0450792
197 0.0448167
198 0.0445539
199 0.044281
200 0.0440134
201 0.043804
202 0.0435692
203 0.0432999
204 0.0430777
205 0.0428229
206 0.0425986
207 0.0423784
208 0.0421195
209 0.0419505
210 0.0416965
211 0.0414678
212 0.0412696
213 0.0410484
214 0.0408346
215 0.0406052
216 0.0404013
217 0.0401854
218 0.0399956
219 0.039766
220 0.0395715
221 0.0393292
222 0.0391514
223 0.0389493
224 0.0387479
225 0.038578
226 0.0383932
227 0.0381847
228 0.0379947
229 0.0378182
230 0.0376386
231 0.037469
232 0.0373098
233 0.0371043
234 0.0369525
235 0.0367734
236 0.0365783
237 0.0364318
238 0.0362494
239 0.0360746
240 0.0359043
241 0.035743
242 0.0355913
243 0.0354127
244 0.0352441
245 0.035115
246 0.0349398
247 0.034789
248 0.0346248
249 0.0344729
250 0.0343399
251 0.0341818
252 0.0340557
253 0.0339108
254 0.0337368
255 0.0335976
256 0.0334252
257 0.0332884
258 0.0331632
259 0.0330321
260 0.0328869
261 0.0327443
262 0.0326278
263 0.0324811
264 0.0323323
265 0.0322083
266 0.0320616
267 0.0319412
268 0.0318274
269 0.0316608
270 0.0315326
271 0.0314004
272 0.0312838
273 0.0311533
274 0.0310235
275 0.0308733
276 0.0307909
277 0.0306358
278 0.0305043
279 0.0304133
280 0.0302774
281 0.0301857
282 0.0300667
283 0.029934
284 0.0298152
285 0.0296722
286 0.029557
287 0.0294419
288 0.0293568
289 0.0292511
290 0.0291321
291 0.0290179
292 0.0289433
293 0.0288154
294 0.0287102
295 0.0285939
296 0.0285091
297 0.0283913
298 0.0282901
299 0.0281897
300 0.0281019
301 0.0279821
302 0.0278769
303 0.0277953
304 0.0276827
305 0.0275724
306 0.0274795
307 0.027362
308 0.0272657
309 0.0271879
310 0.0270952
311 0.0269864
312 0.0269097
313 0.026805
314 0.0267138
315 0.0266219
316 0.0265299
317 0.0264188
318 0.0263358
319 0.02624
320 0.0261625
321 0.0260481
322 0.0259719
323 0.0258818
324 0.0257868
325 0.0256691
326 0.025599
327 0.0255134
328 0.0254187
329 0.0253597
330 0.0252544
331 0.0251724
332 0.0250983
333 0.0250134
334 0.0249344
335 0.0248278
336 0.024752
337 0.0246703
338 0.0246018
339 0.0245012
340 0.0244215
341 0.0243424
342 0.0242636
343 0.0241886
344 0.0240964
345 0.0240376
346 0.0239487
347 0.0238813
348 0.0237999
349 0.0237323
350 0.0236659
351 0.0235904
352 0.0235061
353 0.0234321
354 0.0233586
355 0.0232787
356 0.0232023
357 0.0231213
358 0.0230501
359 0.0229759
360 0.0229113
361 0.0228203
362 0.0227413
363 0.0226818
364 0.0225896
365 0.0225318
366 0.0224677
367 0.0223912
368 0.0223096
369 0.0222578
370 0.0221706
371 0.0220987
372 0.0220507
373 0.0219903
374 0.021919
375 0.0218416
376 0.0217815
377 0.0217278
378 0.021647
379 0.0215877
380 0.0215172
381 0.0214597
382 0.0213969
383 0.0213491
384 0.0212687
385 0.0212175
386 0.0211662
387 0.021099
388 0.0210337
389 0.0209837
390 0.020907
391 0.0208553
392 0.0207908
393 0.0207308
394 0.0206755
395 0.0206121
396 0.020558
397 0.0205015
398 0.0204424
399 0.0203898
400 0.02033
