1 0.0733145
2 0.0733145
3 0.0733145
4 0.0735646
5 0.0733145
6 0.0733145
7 0.0733145
8 0.0733145
9 0.0733145
10 0.0733145
11 0.0735646
12 0.0567962
13 0.0568621
14 0.0492199
15 0.0490396
16 0.0437912
17 0.0437709
18 0.0397494
19 0.0397136
20 0.0365092
21 0.0365476
22 0.0339261
23 0.0337336
24 0.0316941
25 0.0314707
26 0.0299344
27 0.02967
28 0.0284049
29 0.0279238
30 0.0269477
31 0.0266826
32 0.0256897
33 0.0252667
34 0.0246542
35 0.024287
36 0.0237243
37 0.0233736
38 0.0227528
39 0.0224291
40 0.0219879
41 0.0216363
42 0.0212437
43 0.0209577
44 0.0205677
45 0.0202679
46 0.0198909
47 0.0196782
48 0.0192547
49 0.0190812
50 0.0187432
51 0.0184316
52 0.0182859
53 0.0180088
54 0.0176792
55 0.0175258
56 0.0172636
57 0.017128
58 0.0168759
59 0.0166307
60 0.0164097
61 0.0162897
62 0.016118
63 0.0159151
64 0.0157118
65 0.0155219
66 0.0153241
67 0.0152192
68 0.0149621
69 0.0148531
70 0.014669
71 0.0146126
72 0.0145261
73 0.0142978
74 0.0141381
75 0.0140088
76 0.0139211
77 0.0136918
78 0.0136385
79 0.0134571
80 0.0133796
81 0.0132337
82 0.0130924
83 0.0130008
84 0.0128943
85 0.0127716
86 0.0126544
87 0.0126902
88 0.0124772
89 0.0123883
90 0.012304
91 0.0121393
92 0.0120819
93 0.0119771
94 0.0119234
95 0.0118054
96 0.0116918
97 0.0116226
98 0.0115354
99 0.0114709
100 0.0113572
101 0.0112993
102 0.011122
103 0.0111235
104 0.0111049
105 0.0109369
106 0.0108949
107 0.0108085
108 0.0107566
109 0.0107379
110 0.0106493
111 0.0105735
112 0.0104573
113 0.0103774
114 0.0103162
115 0.0101847
116 0.0102006
117 0.0102312
118 0.0100678
119 0.0100222
120 0.00996091
121 0.00987285
122 0.0097999
123 0.00978649
124 0.0097048
125 0.0096692
126 0.00958992
127 0.00955535
128 0.00955458
129 0.00947911
130 0.00937669
131 0.0093528
132 0.00931686
133 0.0092825
134 0.0092239
135 0.00916743
136 0.00913235
137 0.00906491
138 0.00898575
139 0.00893642
140 0.0089547
141 0.00887145
142 0.00887793
143 0.0087461
144 0.00871797
145 0.00869207
146 0.00867355
147 0.00858869
148 0.00855967
149 0.00849273
150 0.00847697
151 0.00838667
152 0.00835319
153 0.00832981
154 0.00831107
155 0.00827106
156 0.00825513
157 0.0082128
158 0.00817655
159 0.00812606
160 0.00808704
161 0.00805671
162 0.0080432
163 0.00795449
164 0.00791554
165 0.00795468
166 0.00786209
167 0.00784639
168 0.00783946
169 0.00777803
170 0.0077648
171 0.00772394
172 0.00770929
173 0.00771937
174 0.00762653
175 0.00761779
176 0.0075931
177 0.00756656
178 0.00747272
179 0.00743192
180 0.00743751
181 0.00739372
182 0.00738595
183 0.00736449
184 0.00730072
185 0.00727902
186 0.00727357
187 0.00724848
188 0.00722223
189 0.00719158
190 0.00718442
191 0.00715228
192 0.00710432
193 0.00705076
194 0.00704706
195 0.00701178
196 0.00700893
197 0.00700129
198 0.00694841
199 0.00690894
200 0.00693181
201 0.00685891
202 0.00681666
203 0.00686105
204 0.00683918
205 0.00676981
206 0.00675483
207 0.00670797
208 0.00674912
209 0.00667859
210 0.00663496
211 0.00661447
212 0.00661541
213 0.00660035
214 0.00654876
215 0.00654082
216 0.0065127
217 0.0065077
218 0.00647343
219 0.00644329
220 0.00642457
221 0.00641722
222 0.00642996
223 0.00637646
224 0.00636717
225 0.00632441
226 0.00633562
227 0.00626272
228 0.00627605
229 0.00625575
230 0.00622202
231 0.00622449
232 0.00621694
233 0.00615699
234 0.0061483
235 0.00615331
236 0.00614575
237 0.00609837
238 0.00606307
239 0.00603786
240 0.00602626
241 0.00605375
242 0.00599501
243 0.00598378
244 0.00598845
245 0.00595399
246 0.00593801
247 0.00594311
248 0.00591319
249 0.00589555
250 0.00588431
251 0.00584164
252 0.00585075
253 0.00585575
254 0.00578595
255 0.00576876
256 0.00579249
257 0.005766
258 0.00573055
259 0.00575808
260 0.00571183
261 0.00566847
262 0.00566918
263 0.00568698
264 0.00563642
265 0.00562201
266 0.00562829
267 0.0055898
268 0.00560504
269 0.00557192
270 0.0055501
271 0.00555666
272 0.0055288
273 0.00551046
274 0.00548524
275 0.00550877
276 0.0054674
277 0.00540336
278 0.00546286
279 0.00544909
280 0.00543815
281 0.00536957
282 0.00536188
283 0.00536002
284 0.00537218
285 0.00534134
286 0.00529833
287 0.00535875
288 0.00531128
289 0.00531485
290 0.00529162
291 0.00526947
292 0.00526875
293 0.00524682
294 0.00519549
295 0.00518952
296 0.00521991
297 0.005216
298 0.00517448
299 0.0051613
300 0.00516845
301 0.00516882
302 0.00515852
303 0.00512088
304 0.00509253
305 0.00509183
306 0.00507171
307 0.00507912
308 0.00503401
309 0.00506492
310 0.00506165
311 0.00503211
312 0.00499792
313 0.00499245
314 0.00499047
315 0.0049936
316 0.00496823
317 0.00494816
318 0.00491217
319 0.00490391
320 0.00492028
321 0.00491782
322 0.00486019
323 0.00488022
324 0.00487206
325 0.00486648
326 0.00488361
327 0.00481641
328 0.00484795
329 0.00481449
330 0.00478794
331 0.00483657
332 0.00478505
333 0.00475919
334 0.00476086
335 0.00474452
336 0.0047439
337 0.00474376
338 0.00473405
339 0.00473637
340 0.00468364
341 0.0046985
342 0.00468381
343 0.00467167
344 0.00468637
345 0.00467183
346 0.00464916
347 0.00467884
348 0.00462498
349 0.00464293
350 0.00464637
351 0.00461096
352 0.00459592
353 0.0045836
354 0.0045789
355 0.00454274
356 0.00453834
357 0.0045486
358 0.00453077
359 0.00453597
360 0.00450459
361 0.00445457
362 0.00450617
363 0.00448349
364 0.00449333
365 0.00445785
366 0.00445857
367 0.00448054
368 0.00441904
369 0.00444439
370 0.00442713
371 0.00444203
372 0.00440892
373 0.00441142
374 0.00437981
375 0.00438144
376 0.00436056
377 0.00437162
378 0.00436377
379 0.00436184
380 0.00432953
381 0.004344
382 0.0043362
383 0.0043174
384 0.00432151
385 0.0043206
386 0.00426561
387 0.0042797
388 0.00427303
389 0.00431424
390 0.00428806
391 0.0042692
392 0.00424256
393 0.00426557
394 0.00424054
395 0.00420552
396 0.00420999
397 0.00421904
398 0.00417719
399 0.00419435
400 0.00419318
