1 0.0568293
2 0.0900623
3 0.0499146
4 0.073658
5 0.0443393
6 0.0537431
7 0.0401424
8 0.0393241
9 0.0365268
10 0.041749
11 0.0339252
12 0.0397217
13 0.0317516
14 0.0357373
15 0.0299697
16 0.0322581
17 0.0286478
18 0.030388
19 0.0269652
20 0.0282297
21 0.0261684
22 0.0271362
23 0.0247103
24 0.0254216
25 0.0236998
26 0.0244236
27 0.0233417
28 0.023552
29 0.0223296
30 0.0224896
31 0.0214312
32 0.0220941
33 0.0206754
34 0.0209276
35 0.020495
36 0.0203027
37 0.0196429
38 0.019804
39 0.0188899
40 0.0190224
41 0.0185946
42 0.0187997
43 0.0178943
44 0.0181808
45 0.0174468
46 0.0175724
47 0.0173102
48 0.0171499
49 0.0168393
50 0.0168362
51 0.0162166
52 0.0165361
53 0.0159998
54 0.0159183
55 0.015526
56 0.0158125
57 0.0153561
58 0.015339
59 0.0149407
60 0.0150314
61 0.0146022
62 0.0148764
63 0.0144906
64 0.014435
65 0.0141847
66 0.0140373
67 0.0139137
68 0.0139177
69 0.0135612
70 0.0136314
71 0.0135079
72 0.0135376
73 0.0131388
74 0.0131998
75 0.0128929
76 0.0130108
77 0.0127871
78 0.0127121
79 0.012455
80 0.0125729
81 0.0123024
82 0.0123811
83 0.0121247
84 0.0121709
85 0.0119299
86 0.0119633
87 0.0119259
88 0.0117683
89 0.011654
90 0.0116092
91 0.0114494
92 0.0115319
93 0.0112457
94 0.0112764
95 0.0111726
96 0.0110974
97 0.0109967
98 0.0110507
99 0.0108505
100 0.0108233
101 0.0107064
102 0.0106312
103 0.0105659
104 0.0106073
105 0.0104292
106 0.0104028
107 0.0103302
108 0.0103287
109 0.0102166
110 0.0101816
111 0.010081
112 0.0100496
113 0.00995818
114 0.00989363
115 0.00977839
116 0.00985446
117 0.00980232
118 0.0096842
119 0.00964012
120 0.00959347
121 0.00946801
122 0.00949377
123 0.00937362
124 0.00938165
125 0.00934425
126 0.00928208
127 0.00920933
128 0.00923996
129 0.00912262
130 0.0090823
131 0.00903895
132 0.00905281
133 0.00896681
134 0.00892961
135 0.00887307
136 0.00883966
137 0.00879648
138 0.00869124
139 0.00864489
140 0.00871488
141 0.00859926
142 0.00862301
143 0.00849018
144 0.00847322
145 0.00843164
146 0.0084493
147 0.00834939
148 0.00832567
149 0.0082416
150 0.00824228
151 0.00816111
152 0.00814906
153 0.00810718
154 0.00812732
155 0.00804977
156 0.00803773
157 0.00799142
158 0.00796427
159 0.00792475
160 0.00788513
161 0.00786027
162 0.00786002
163 0.00776176
164 0.0077456
165 0.00775311
166 0.00769957
167 0.00767342
168 0.00766231
169 0.00757855
170 0.00760624
171 0.00754114
172 0.00754848
173 0.00751772
174 0.00745759
175 0.00745059
176 0.00744843
177 0.00739875
178 0.00733883
179 0.0072956
180 0.00729406
181 0.00723437
182 0.00724696
183 0.00720659
184 0.00714887
185 0.00712992
186 0.00711842
187 0.00710786
188 0.00709294
189 0.00705254
190 0.00704352
191 0.00700566
192 0.00698467
193 0.00693161
194 0.00692309
195 0.00688948
196 0.00688862
197 0.00689009
198 0.00681599
199 0.00677559
200 0.00682635
201 0.00673977
202 0.00670648
203 0.00675755
204 0.0067273
205 0.00666139
206 0.00665203
207 0.00659442
208 0.00664103
209 0.00655902
210 0.00655288
211 0.00650486
212 0.00652306
213 0.00649596
214 0.00644866
215 0.00642753
216 0.00641171
217 0.00640612
218 0.00636999
219 0.00635747
220 0.00634553
221 0.00631955
222 0.00633044
223 0.00627383
224 0.00628113
225 0.00622915
226 0.00625194
227 0.00617407
228 0.0061748
229 0.0061739
230 0.0061482
231 0.00613229
232 0.00613546
233 0.00606301
234 0.00608131
235 0.0060743
236 0.00605378
237 0.0060223
238 0.00598479
239 0.00595313
240 0.00594674
241 0.00597424
242 0.00593055
243 0.0059158
244 0.00592202
245 0.00588453
246 0.00587629
247 0.00586522
248 0.0058472
249 0.00580638
250 0.00581666
251 0.00577438
252 0.00578049
253 0.00577432
254 0.00570805
255 0.00569777
256 0.00572614
257 0.00568833
258 0.00566571
259 0.00568223
260 0.00565847
261 0.00560431
262 0.00560705
263 0.00562894
264 0.00557771
265 0.00555755
266 0.0055676
267 0.00552843
268 0.00555031
269 0.00551201
270 0.00549471
271 0.00550016
272 0.00547104
273 0.00546181
274 0.00543842
275 0.00545199
276 0.00540643
277 0.00535574
278 0.0054159
279 0.00539266
280 0.00538772
281 0.00531873
282 0.00531445
283 0.00530962
284 0.00532292
285 0.005294
286 0.00524044
287 0.00531215
288 0.00526363
289 0.00527
290 0.00523896
291 0.00521655
292 0.00522026
293 0.00519827
294 0.00515325
295 0.00514023
296 0.00517893
297 0.00517529
298 0.00513079
299 0.00510662
300 0.00512321
301 0.00512303
302 0.00510987
303 0.00506311
304 0.00504097
305 0.00504432
306 0.00502627
307 0.00503849
308 0.00499421
309 0.00501938
310 0.00500796
311 0.004986
312 0.00495559
313 0.00494905
314 0.00494679
315 0.00494467
316 0.00493381
317 0.00491086
318 0.00487837
319 0.00486352
320 0.00488362
321 0.00487389
322 0.0048327
323 0.0048449
324 0.00483462
325 0.00482693
326 0.00484191
327 0.00478048
328 0.0048154
329 0.00479533
330 0.00474937
331 0.00479441
332 0.00475025
333 0.00471678
334 0.00472768
335 0.00470798
336 0.00470897
337 0.0047119
338 0.00469357
339 0.00470083
340 0.00465268
341 0.00466775
342 0.00465034
343 0.00463937
344 0.00465837
345 0.00463842
346 0.00461874
347 0.00464725
348 0.0045837
349 0.00460392
350 0.00462106
351 0.00457868
352 0.00456698
353 0.00455233
354 0.00454382
355 0.00451364
356 0.00450553
357 0.00451437
358 0.00450119
359 0.00450431
360 0.00447226
361 0.00442713
362 0.00447657
363 0.00445397
364 0.00446486
365 0.0044267
366 0.00443599
367 0.00445167
368 0.00439366
369 0.00442109
370 0.0043967
371 0.00441334
372 0.00438476
373 0.00438676
374 0.00435911
375 0.0043582
376 0.00433853
377 0.00434469
378 0.00434078
379 0.00433385
380 0.00430542
381 0.00431252
382 0.00431384
383 0.00429471
384 0.00429511
385 0.0042917
386 0.00424531
387 0.00424892
388 0.00424323
389 0.00428823
390 0.00426466
391 0.00423889
392 0.00422517
393 0.00424216
394 0.00421709
395 0.00418159
396 0.00418716
397 0.00419557
398 0.00415361
399 0.00416964
400 0.00417492
