1 0.500804
2 0.499759
3 0.500307
4 0.499748
5 0.500069
6 0.500038
7 0.500121
8 0.500066
9 0.499985
10 0.50022
11 0.50017
12 0.501493
13 0.502727
14 0.504132
15 0.505421
16 0.507025
17 0.508416
18 0.509777
19 0.511133
20 0.512474
21 0.513504
22 0.514781
23 0.515809
24 0.51699
25 0.517823
26 0.518817
27 0.519765
28 0.52071
29 0.521652
30 0.522491
31 0.523179
32 0.524058
33 0.524851
34 0.525396
35 0.526089
36 0.526769
37 0.527465
38 0.528032
39 0.528684
40 0.529151
41 0.529814
42 0.530314
43 0.530902
44 0.53137
45 0.531714
46 0.5322
47 0.532647
48 0.533201
49 0.533551
50 0.533958
51 0.5345
52 0.534756
53 0.535249
54 0.535652
55 0.535955
56 0.536389
57 0.536595
58 0.53694
59 0.537338
60 0.537642
61 0.537994
62 0.538281
63 0.538545
64 0.538829
65 0.539235
66 0.5395
67 0.539736
68 0.540083
69 0.54034
70 0.540532
71 0.540774
72 0.541047
73 0.541347
74 0.541558
75 0.541733
76 0.541992
77 0.542329
78 0.542448
79 0.542701
80 0.542893
81 0.543093
82 0.543321
83 0.543553
84 0.543742
85 0.543902
86 0.544135
87 0.544228
88 0.544483
89 0.544706
90 0.544855
91 0.545044
92 0.545229
93 0.545438
94 0.545559
95 0.545718
96 0.545901
97 0.546038
98 0.54621
99 0.546345
100 0.546482
101 0.546656
102 0.546852
103 0.547001
104 0.54708
105 0.547223
106 0.547408
107 0.547609
108 0.547654
109 0.547841
110 0.547974
111 0.548094
112 0.548288
113 0.548398
114 0.548496
115 0.548678
116 0.548746
117 0.548828
118 0.548975
119 0.549087
120 0.549275
121 0.549389
122 0.549504
123 0.549558
124 0.549714
125 0.549793
126 0.549969
127 0.550076
128 0.550126
129 0.550238
130 0.550373
131 0.550435
132 0.550561
133 0.550658
134 0.550765
135 0.550889
136 0.550972
137 0.551032
138 0.551188
139 0.551221
140 0.551368
141 0.551444
142 0.551523
143 0.551658
144 0.551735
145 0.55182
146 0.551883
147 0.552039
148 0.552072
149 0.552203
150 0.552243
151 0.552325
152 0.552427
153 0.552469
154 0.552583
155 0.552622
156 0.552746
157 0.552812
158 0.552867
159 0.552972
160 0.553031
161 0.553124
162 0.553146
163 0.553328
164 0.553361
165 0.553384
166 0.553519
167 0.553549
168 0.553644
169 0.553704
170 0.553734
171 0.553821
172 0.55389
173 0.553936
174 0.553988
175 0.554118
176 0.554156
177 0.554168
178 0.554326
179 0.55437
180 0.554421
181 0.554523
182 0.554554
183 0.55463
184 0.554743
185 0.554749
186 0.554841
187 0.554855
188 0.554899
189 0.554955
190 0.555032
191 0.5551
192 0.55517
193 0.555213
194 0.555261
195 0.555334
196 0.555373
197 0.555411
198 0.555507
199 0.555531
200 0.555572
201 0.555671
202 0.555714
203 0.555712
204 0.555789
205 0.555866
206 0.555909
207 0.555959
208 0.556001
209 0.556072
210 0.556094
211 0.556161
212 0.556201
213 0.556265
214 0.556302
215 0.556368
216 0.556443
217 0.556458
218 0.556465
219 0.556528
220 0.556592
221 0.556679
222 0.556729
223 0.556738
224 0.556751
225 0.556844
226 0.556849
227 0.556953
228 0.556971
229 0.55702
230 0.557083
231 0.557103
232 0.557088
233 0.557228
234 0.557245
235 0.557257
236 0.557314
237 0.557401
238 0.557412
239 0.557445
240 0.5575
241 0.55752
242 0.557596
243 0.557624
244 0.557654
245 0.55771
246 0.557737
247 0.557742
248 0.557795
249 0.557891
250 0.55789
251 0.557979
252 0.557989
253 0.558001
254 0.558039
255 0.558067
256 0.558102
257 0.558184
258 0.558214
259 0.558233
260 0.558277
261 0.558299
262 0.558353
263 0.558361
264 0.558425
265 0.558459
266 0.558523
267 0.558522
268 0.558543
269 0.558554
270 0.558645
271 0.558661
272 0.558682
273 0.558682
274 0.558763
275 0.558739
276 0.558816
277 0.558884
278 0.558841
279 0.558898
280 0.558956
281 0.55903
282 0.559062
283 0.559084
284 0.559084
285 0.559117
286 0.559195
287 0.55917
288 0.559228
289 0.559228
290 0.559282
291 0.559307
292 0.559321
293 0.559373
294 0.559409
295 0.559414
296 0.559457
297 0.559467
298 0.559541
299 0.559525
300 0.559556
301 0.559552
302 0.559644
303 0.559694
304 0.559732
305 0.559698
306 0.559755
307 0.559768
308 0.559838
309 0.559815
310 0.559816
311 0.559879
312 0.559915
313 0.559974
314 0.55995
315 0.559946
316 0.560027
317 0.560037
318 0.560113
319 0.560102
320 0.560157
321 0.560141
322 0.5602
323 0.560214
324 0.560218
325 0.560233
326 0.560254
327 0.560322
328 0.560303
329 0.560343
330 0.560394
331 0.560357
332 0.560462
333 0.560467
334 0.560456
335 0.560525
336 0.560545
337 0.560555
338 0.560597
339 0.560587
340 0.56064
341 0.560685
342 0.560691
343 0.560707
344 0.560706
345 0.560742
346 0.560739
347 0.560773
348 0.560821
349 0.56082
350 0.560829
351 0.560876
352 0.560902
353 0.56093
354 0.560929
355 0.560992
356 0.561021
357 0.56102
358 0.561028
359 0.561072
360 0.561109
361 0.561134
362 0.561144
363 0.561156
364 0.561166
365 0.561231
366 0.561214
367 0.561235
368 0.561283
369 0.56128
370 0.561272
371 0.561319
372 0.561368
373 0.561339
374 0.561367
375 0.56139
376 0.561398
377 0.561432
378 0.561438
379 0.561492
380 0.561519
381 0.561524
382 0.561548
383 0.561597
384 0.561563
385 0.561575
386 0.561634
387 0.561668
388 0.561657
389 0.561624
390 0.561677
391 0.561704
392 0.561762
393 0.561746
394 0.561759
395 0.561787
396 0.561801
397 0.561822
398 0.561867
399 0.56186
400 0.56187
