1 0.500804
2 0.500194
3 0.500376
4 0.499749
5 0.499946
6 0.499946
7 0.500025
8 0.500025
9 0.499946
10 0.500108
11 0.499503
12 0.516549
13 0.517437
14 0.524065
15 0.525266
16 0.52919
17 0.530233
18 0.534314
19 0.533716
20 0.536984
21 0.536599
22 0.539539
23 0.540373
24 0.541402
25 0.541552
26 0.543068
27 0.543631
28 0.544994
29 0.546339
30 0.546363
31 0.547274
32 0.547813
33 0.54843
34 0.548422
35 0.549037
36 0.549943
37 0.549777
38 0.55003
39 0.551332
40 0.551979
41 0.551833
42 0.552794
43 0.552194
44 0.553002
45 0.554042
46 0.553192
47 0.553827
48 0.554835
49 0.555034
50 0.555575
51 0.554331
52 0.55545
53 0.555454
54 0.555712
55 0.556229
56 0.556341
57 0.556122
58 0.556449
59 0.556937
60 0.55739
61 0.557908
62 0.557815
63 0.557722
64 0.55779
65 0.558078
66 0.557944
67 0.557808
68 0.5583
69 0.558418
70 0.559418
71 0.558696
72 0.558742
73 0.559174
74 0.559217
75 0.560469
76 0.559224
77 0.559572
78 0.560236
79 0.560107
80 0.559761
81 0.559839
82 0.560215
83 0.560643
84 0.559813
85 0.561108
86 0.560831
87 0.560554
88 0.560754
89 0.561019
90 0.561902
91 0.561883
92 0.561263
93 0.561232
94 0.561634
95 0.560609
96 0.562049
97 0.561642
98 0.562619
99 0.562428
100 0.562262
101 0.562785
102 0.562566
103 0.563459
104 0.561705
105 0.562115
106 0.562342
107 0.56256
108 0.56294
109 0.563004
110 0.563281
111 0.563086
112 0.563765
113 0.562913
114 0.563429
115 0.562965
116 0.563547
117 0.563577
118 0.563751
119 0.563069
120 0.563068
121 0.563829
122 0.563604
123 0.563949
124 0.564608
125 0.563852
126 0.563796
127 0.564957
128 0.563891
129 0.564382
130 0.564162
131 0.564391
132 0.564775
133 0.564028
134 0.56417
135 0.565087
136 0.564571
137 0.565342
138 0.564735
139 0.564753
140 0.565014
141 0.56503
142 0.564967
143 0.565683
144 0.563765
145 0.565035
146 0.564843
147 0.565829
148 0.564412
149 0.564117
150 0.565499
151 0.56528
152 0.564651
153 0.564576
154 0.566472
155 0.565162
156 0.56573
157 0.565775
158 0.5648
159 0.565935
160 0.56468
161 0.565861
162 0.565676
163 0.565571
164 0.565199
165 0.564042
166 0.565282
167 0.565486
168 0.565145
169 0.565987
170 0.566275
171 0.566032
172 0.565609
173 0.565842
174 0.566314
175 0.565852
176 0.566415
177 0.566341
178 0.565837
179 0.566263
180 0.565804
181 0.566281
182 0.566384
183 0.565727
184 0.566511
185 0.566055
186 0.566704
187 0.567398
188 0.565979
189 0.565428
190 0.566385
191 0.566053
192 0.566188
193 0.566477
194 0.566634
195 0.566493
196 0.566155
197 0.567196
198 0.565993
199 0.566688
200 0.566764
201 0.566564
202 0.567629
203 0.566846
204 0.566292
205 0.566857
206 0.567158
207 0.566772
208 0.566488
209 0.567149
210 0.566113
211 0.567118
212 0.566384
213 0.567443
214 0.566793
215 0.567089
216 0.566817
217 0.567376
218 0.566477
219 0.566817
220 0.566999
221 0.566442
222 0.566712
223 0.567214
224 0.567285
225 0.567295
226 0.56804
227 0.566536
228 0.566726
229 0.567487
230 0.567398
231 0.5675
232 0.568048
233 0.567222
234 0.566872
235 0.567537
236 0.567981
237 0.567372
238 0.567422
239 0.567416
240 0.567095
241 0.567352
242 0.568145
243 0.567738
244 0.568469
245 0.568198
246 0.567759
247 0.56839
248 0.568374
249 0.567931
250 0.568275
251 0.567439
252 0.567515
253 0.567646
254 0.567858
255 0.568003
256 0.567436
257 0.567682
258 0.567269
259 0.568425
260 0.567755
261 0.567555
262 0.568148
263 0.567386
264 0.567728
265 0.567976
266 0.567562
267 0.568129
268 0.567543
269 0.568533
270 0.567495
271 0.568434
272 0.568592
273 0.56816
274 0.567725
275 0.566952
276 0.56776
277 0.568163
278 0.568233
279 0.567359
280 0.568355
281 0.568546
282 0.568462
283 0.568214
284 0.568133
285 0.56702
286 0.568504
287 0.568004
288 0.568173
289 0.568387
290 0.568187
291 0.568119
292 0.568153
293 0.567897
294 0.56852
295 0.567957
296 0.567929
297 0.568299
298 0.568636
299 0.568831
300 0.568671
301 0.56785
302 0.56815
303 0.568113
304 0.568201
305 0.568054
306 0.568228
307 0.568609
308 0.568649
309 0.568449
310 0.56834
311 0.568567
312 0.568021
313 0.567765
314 0.569024
315 0.568419
316 0.568587
317 0.569331
318 0.568401
319 0.568146
320 0.56892
321 0.568781
322 0.568615
323 0.568313
324 0.56801
325 0.568636
326 0.567884
327 0.569148
328 0.56877
329 0.569095
330 0.568813
331 0.568283
332 0.568625
333 0.569769
334 0.568688
335 0.568629
336 0.569076
337 0.569669
338 0.568402
339 0.568548
340 0.568399
341 0.569199
342 0.568397
343 0.569476
344 0.568539
345 0.568895
346 0.568479
347 0.569906
348 0.569441
349 0.5693
350 0.569477
351 0.569015
352 0.568905
353 0.568156
354 0.569141
355 0.569428
356 0.568104
357 0.568359
358 0.569015
359 0.569302
360 0.568946
361 0.569516
362 0.568761
363 0.56894
364 0.568972
365 0.569625
366 0.568705
367 0.56881
368 0.569247
369 0.568708
370 0.569193
371 0.569048
372 0.569326
373 0.569174
374 0.569686
375 0.569279
376 0.569075
377 0.569299
378 0.569624
379 0.568792
380 0.568818
381 0.568619
382 0.569549
383 0.568426
384 0.568641
385 0.569223
386 0.568322
387 0.56878
388 0.569342
389 0.569822
390 0.56978
391 0.56911
392 0.569185
393 0.569149
394 0.568451
395 0.568954
396 0.569463
397 0.568578
398 0.568336
399 0.569848
400 0.568552
