1 0.0733145
2 0.0733145
3 0.0733145
4 0.0733145
5 0.0733145
6 0.0733562
7 0.0733859
8 0.0734083
9 0.0734256
10 0.0734395
11 0.0734282
12 0.0734395
13 0.0721625
14 0.070491
15 0.0690698
16 0.067479
17 0.066108
18 0.0646263
19 0.063339
20 0.0619666
21 0.0607835
22 0.0595488
23 0.0584317
24 0.0572982
25 0.0563226
26 0.0552691
27 0.0543851
28 0.0534708
29 0.0525563
30 0.051698
31 0.0509139
32 0.0501729
33 0.0493921
34 0.0486816
35 0.0479569
36 0.0473413
37 0.0467348
38 0.0460025
39 0.045451
40 0.0448995
41 0.0442788
42 0.0437589
43 0.043233
44 0.0426516
45 0.0422143
46 0.0417857
47 0.0413202
48 0.0408482
49 0.0403749
50 0.0399424
51 0.0395563
52 0.0391105
53 0.038727
54 0.0383265
55 0.0379807
56 0.0375481
57 0.0371894
58 0.0368572
59 0.0365393
60 0.0362086
61 0.0358512
62 0.0355457
63 0.0352528
64 0.0349615
65 0.0346738
66 0.034323
67 0.0340638
68 0.0337622
69 0.0335129
70 0.0332718
71 0.0329728
72 0.0327248
73 0.03249
74 0.0321862
75 0.0320035
76 0.0317659
77 0.0315435
78 0.0313536
79 0.0310989
80 0.0308802
81 0.0306298
82 0.0304387
83 0.0301803
84 0.0300174
85 0.0298193
86 0.0296618
87 0.0294543
88 0.0292491
89 0.0290966
90 0.028867
91 0.0286262
92 0.0285167
93 0.0283253
94 0.028154
95 0.0280268
96 0.0278474
97 0.0276939
98 0.0274838
99 0.0273678
100 0.0271818
101 0.0269888
102 0.0269002
103 0.0267572
104 0.0265791
105 0.026443
106 0.0262914
107 0.0261991
108 0.026053
109 0.0258797
110 0.0257603
111 0.0256482
112 0.0254711
113 0.025339
114 0.0252088
115 0.025081
116 0.0249407
117 0.024859
118 0.0247093
119 0.0246164
120 0.0244393
121 0.0244431
122 0.0241957
123 0.0241737
124 0.0240461
125 0.0239239
126 0.0238293
127 0.023698
128 0.0235899
129 0.0234793
130 0.0233366
131 0.0233033
132 0.0231676
133 0.0230897
134 0.022984
135 0.0228997
136 0.0228119
137 0.0226807
138 0.0226015
139 0.022513
140 0.0223953
141 0.0223315
142 0.0222264
143 0.0221659
144 0.0220022
145 0.0219935
146 0.0218699
147 0.0218076
148 0.0216787
149 0.0216197
150 0.021557
151 0.0214381
152 0.0213731
153 0.0212898
154 0.0212263
155 0.0211205
156 0.0210655
157 0.0209743
158 0.020882
159 0.0208461
160 0.0207691
161 0.0206893
162 0.0206099
163 0.020481
164 0.0204683
165 0.020384
166 0.0203009
167 0.0202481
168 0.0201745
169 0.0201312
170 0.0199893
171 0.0199864
172 0.0198808
173 0.0198304
174 0.0197556
175 0.0197359
176 0.0196378
177 0.0195988
178 0.0195493
179 0.0194917
180 0.0193754
181 0.0193217
182 0.0192866
183 0.0192256
184 0.0191336
185 0.0191267
186 0.0190131
187 0.0189838
188 0.018892
189 0.018891
190 0.0187611
191 0.0187749
192 0.0187111
193 0.0186377
194 0.018572
195 0.0185088
196 0.0184661
197 0.0184411
198 0.0183896
199 0.0183211
200 0.0182654
201 0.0181763
202 0.0181818
203 0.0181389
204 0.018067
205 0.0179655
206 0.0179616
207 0.0179191
208 0.0178715
209 0.0177705
210 0.0177449
211 0.0177458
212 0.0176847
213 0.0176653
214 0.0175803
215 0.0175462
216 0.0174722
217 0.0174443
218 0.0174188
219 0.0173295
220 0.0173035
221 0.0172622
222 0.0172107
223 0.0171955
224 0.0171373
225 0.0171
226 0.0170341
227 0.0170091
228 0.0169574
229 0.0169071
230 0.016848
231 0.016844
232 0.0167969
233 0.0167696
234 0.0167052
235 0.0167111
236 0.0166264
237 0.0165887
238 0.0165533
239 0.0165274
240 0.0164396
241 0.0164292
242 0.0164174
243 0.0163786
244 0.0163352
245 0.0162655
246 0.0162662
247 0.0161791
248 0.0161839
249 0.0161303
250 0.0160643
251 0.0160786
252 0.0160403
253 0.0159962
254 0.0159636
255 0.0159444
256 0.0158951
257 0.0158697
258 0.015847
259 0.0158165
260 0.0157563
261 0.0157103
262 0.0157042
263 0.0156605
264 0.0156091
265 0.0155953
266 0.0155196
267 0.0155268
268 0.0154589
269 0.0154721
270 0.0154114
271 0.0154258
272 0.0153915
273 0.0153317
274 0.0153366
275 0.0152791
276 0.0152284
277 0.0152229
278 0.0151829
279 0.0151658
280 0.0151067
281 0.0150932
282 0.0151002
283 0.0150297
284 0.015001
285 0.0149794
286 0.0149533
287 0.0149359
288 0.0148845
289 0.0148509
290 0.0148167
291 0.0147973
292 0.0148071
293 0.0147525
294 0.0147174
295 0.014693
296 0.014684
297 0.0146366
298 0.0145987
299 0.0146066
300 0.0145901
301 0.0145533
302 0.0145392
303 0.0145306
304 0.0144808
305 0.014467
306 0.0144177
307 0.0143635
308 0.0143378
309 0.0143212
310 0.0143436
311 0.0143072
312 0.0142318
313 0.0142376
314 0.0142323
315 0.0141768
316 0.0141428
317 0.0141616
318 0.0141145
319 0.0141037
320 0.0141117
321 0.014033
322 0.0140509
323 0.0140016
324 0.013984
325 0.013914
326 0.0139206
327 0.0138911
328 0.0138924
329 0.0138738
330 0.013817
331 0.0138239
332 0.0137983
333 0.0138079
334 0.0137669
335 0.0137338
336 0.0136931
337 0.013698
338 0.0136271
339 0.0136216
340 0.0136124
341 0.0136061
342 0.0135944
343 0.0135584
344 0.0135368
345 0.0135297
346 0.013515
347 0.0134985
348 0.0134637
349 0.0134087
350 0.0134195
351 0.0133987
352 0.0133678
353 0.0133478
354 0.0133387
355 0.0133397
356 0.0132808
357 0.0132863
358 0.0132418
359 0.0132312
360 0.0132363
361 0.0131987
362 0.0131286
363 0.0130982
364 0.0131172
365 0.0131327
366 0.0130694
367 0.0130627
368 0.0130363
369 0.0130555
370 0.0130357
371 0.0130167
372 0.0129676
373 0.0129586
374 0.012956
375 0.0129541
376 0.0129481
377 0.0129221
378 0.0128913
379 0.0128705
380 0.0128235
381 0.0128064
382 0.0128213
383 0.0128157
384 0.0127504
385 0.0127935
386 0.0127764
387 0.0127029
388 0.0127284
389 0.0127026
390 0.0126985
391 0.0126501
392 0.0126579
393 0.0126066
394 0.0125977
395 0.0126017
396 0.0125409
397 0.0125733
398 0.0125752
399 0.012528
400 0.012539
