1 0.5
2 0.5
3 0.5
4 0.5
5 0.500001
6 0.500001
7 0.500001
8 0.500001
9 0.500001
10 0.5
11 0.5
12 0.5
13 0.500001
14 0.499951
15 0.499924
16 0.499824
17 0.499838
18 0.499736
19 0.499736
20 0.499594
21 0.499557
22 0.49952
23 0.499477
24 0.499443
25 0.499352
26 0.499294
27 0.499261
28 0.499194
29 0.499193
30 0.499116
31 0.499108
32 0.499109
33 0.498978
34 0.499001
35 0.498986
36 0.498903
37 0.498875
38 0.498784
39 0.498788
40 0.498771
41 0.498758
42 0.498716
43 0.49879
44 0.498691
45 0.498646
46 0.498642
47 0.498575
48 0.498568
49 0.498504
50 0.49852
51 0.498576
52 0.4985
53 0.498487
54 0.498436
55 0.49848
56 0.498416
57 0.498467
58 0.498353
59 0.498328
60 0.498243
61 0.498319
62 0.498267
63 0.49821
64 0.498241
65 0.49828
66 0.498338
67 0.498288
68 0.498195
69 0.498233
70 0.49822
71 0.498194
72 0.498135
73 0.498142
74 0.49814
75 0.49817
76 0.498085
77 0.498088
78 0.498135
79 0.498055
80 0.498149
81 0.49804
82 0.498064
83 0.498045
84 0.497968
85 0.49796
86 0.498053
87 0.497981
88 0.497991
89 0.497964
90 0.497969
91 0.497925
92 0.497906
93 0.497944
94 0.497916
95 0.497979
96 0.497956
97 0.498015
98 0.497854
99 0.497962
100 0.497962
101 0.49787
102 0.497918
103 0.498058
104 0.497917
105 0.497854
106 0.497888
107 0.497956
108 0.497914
109 0.497728
110 0.497801
111 0.497839
112 0.497826
113 0.497845
114 0.497835
115 0.49777
116 0.497742
117 0.497761
118 0.497843
119 0.497835
120 0.497773
121 0.497748
122 0.497833
123 0.49781
124 0.497829
125 0.497793
126 0.497758
127 0.497723
128 0.49778
129 0.497712
130 0.497686
131 0.497738
132 0.497646
133 0.497707
134 0.497663
135 0.497783
136 0.497693
137 0.497702
138 0.497769
139 0.497708
140 0.497674
141 0.497705
142 0.497667
143 0.497672
144 0.497715
145 0.497685
146 0.497649
147 0.497623
148 0.497702
149 0.497589
150 0.497684
151 0.497638
152 0.497622
153 0.497646
154 0.497657
155 0.497615
156 0.497625
157 0.49758
158 0.497699
159 0.497602
160 0.497713
161 0.49764
162 0.49768
163 0.497658
164 0.497564
165 0.497636
166 0.497612
167 0.497566
168 0.49766
169 0.497665
170 0.497607
171 0.497605
172 0.49756
173 0.497616
174 0.497585
175 0.49757
176 0.497598
177 0.497564
178 0.497513
179 0.497674
180 0.497617
181 0.497542
182 0.497535
183 0.497626
184 0.497545
185 0.497485
186 0.497551
187 0.497541
188 0.497501
189 0.49751
190 0.497515
191 0.497532
192 0.497571
193 0.497412
194 0.497536
195 0.497549
196 0.497554
197 0.497511
198 0.497508
199 0.497469
200 0.497541
201 0.49746
202 0.497419
203 0.497465
204 0.497472
205 0.497544
206 0.497603
207 0.497509
208 0.497434
209 0.497493
210 0.497463
211 0.497476
212 0.497528
213 0.497518
214 0.497504
215 0.497489
216 0.497518
217 0.497554
218 0.497565
219 0.49744
220 0.497557
221 0.497496
222 0.497476
223 0.497472
224 0.497467
225 0.497431
226 0.497471
227 0.497464
228 0.497466
229 0.497475
230 0.497557
231 0.497432
232 0.497414
233 0.497461
234 0.49746
235 0.497472
236 0.497363
237 0.497576
238 0.497402
239 0.497475
240 0.49738
241 0.497461
242 0.497396
243 0.497444
244 0.497523
245 0.497426
246 0.497501
247 0.497455
248 0.497461
249 0.497422
250 0.497438
251 0.497411
252 0.497419
253 0.497549
254 0.497378
255 0.497458
256 0.497411
257 0.497432
258 0.497423
259 0.497457
260 0.497411
261 0.49745
262 0.497467
263 0.497356
264 0.497361
265 0.497393
266 0.497473
267 0.497495
268 0.497388
269 0.497473
270 0.497398
271 0.497387
272 0.497358
273 0.497446
274 0.497415
275 0.497426
276 0.497472
277 0.497429
278 0.497395
279 0.49742
280 0.497412
281 0.497505
282 0.497412
283 0.497362
284 0.497339
285 0.497477
286 0.497389
287 0.497401
288 0.497393
289 0.497416
290 0.497408
291 0.497374
292 0.497449
293 0.497473
294 0.49731
295 0.497409
296 0.497387
297 0.497373
298 0.497379
299 0.497476
300 0.49731
301 0.497354
302 0.497473
303 0.49744
304 0.497356
305 0.49737
306 0.497375
307 0.497344
308 0.497425
309 0.497436
310 0.497375
311 0.497401
312 0.497368
313 0.49738
314 0.497294
315 0.497383
316 0.497315
317 0.497314
318 0.497394
319 0.497436
320 0.497424
321 0.497371
322 0.497348
323 0.497379
324 0.497397
325 0.497374
326 0.49743
327 0.497344
328 0.497346
329 0.497361
330 0.49742
331 0.497355
332 0.497374
333 0.497348
334 0.497296
335 0.497348
336 0.497346
337 0.497369
338 0.497321
339 0.49729
340 0.49738
341 0.497315
342 0.49738
343 0.497311
344 0.497394
345 0.497438
346 0.497333
347 0.497427
348 0.497375
349 0.49737
350 0.497288
351 0.497311
352 0.497291
353 0.497405
354 0.497339
355 0.49739
356 0.497382
357 0.497375
358 0.497368
359 0.497389
360 0.497365
361 0.497348
362 0.497338
363 0.497366
364 0.497314
365 0.497311
366 0.497397
367 0.49738
368 0.497374
369 0.49737
370 0.497416
371 0.497447
372 0.497417
373 0.497354
374 0.497384
375 0.497369
376 0.49739
377 0.49738
378 0.497346
379 0.497375
380 0.497378
381 0.497373
382 0.497383
383 0.497321
384 0.497381
385 0.497361
386 0.497433
387 0.49734
388 0.497345
389 0.497344
390 0.497296
391 0.497296
392 0.497284
393 0.497277
394 0.497292
395 0.497344
396 0.497378
397 0.497444
398 0.497381
399 0.497281
400 0.497374
