1 0.5
2 0.365017
3 0.307548
4 0.273792
5 0.251844
6 0.225678
7 0.207651
8 0.195052
9 0.18532
10 0.178048
11 0.172101
12 0.166591
13 0.162333
14 0.158421
15 0.15535
16 0.152399
17 0.150044
18 0.147643
19 0.14558
20 0.143973
21 0.142012
22 0.140841
23 0.139552
24 0.138015
25 0.137011
26 0.136197
27 0.135148
28 0.134135
29 0.133718
30 0.132748
31 0.131979
32 0.13139
33 0.130588
34 0.13023
35 0.129735
36 0.128705
37 0.12835
38 0.12801
39 0.127678
40 0.127382
41 0.126918
42 0.126394
43 0.126037
44 0.126078
45 0.125551
46 0.125168
47 0.124774
48 0.124516
49 0.124274
50 0.124056
51 0.123736
52 0.123603
53 0.12327
54 0.12287
55 0.123021
56 0.122614
57 0.12249
58 0.122399
59 0.121993
60 0.121736
61 0.121619
62 0.12125
63 0.12113
64 0.120805
65 0.120933
66 0.120774
67 0.120544
68 0.120418
69 0.120362
70 0.1203
71 0.119893
72 0.119719
73 0.119515
74 0.119559
75 0.119358
76 0.11936
77 0.119178
78 0.119135
79 0.119033
80 0.118886
81 0.118807
82 0.118759
83 0.118647
84 0.118438
85 0.118421
86 0.118267
87 0.118162
88 0.118105
89 0.117934
90 0.117914
91 0.117905
92 0.117642
93 0.117555
94 0.117473
95 0.117446
96 0.117265
97 0.117223
98 0.117126
99 0.117013
100 0.117086
101 0.11692
102 0.116987
103 0.116734
104 0.116776
105 0.116597
106 0.116658
107 0.116552
108 0.116364
109 0.116339
110 0.116421
111 0.116247
112 0.116196
113 0.116085
114 0.11603
115 0.115949
116 0.116
117 0.115975
118 0.115976
119 0.115873
120 0.115748
121 0.115713
122 0.11568
123 0.115574
124 0.115446
125 0.11543
126 0.115337
127 0.115309
128 0.115299
129 0.115273
130 0.115098
131 0.115179
132 0.115251
133 0.115057
134 0.115058
135 0.115018
136 0.114952
137 0.115045
138 0.11489
139 0.114632
140 0.114762
141 0.114666
142 0.114727
143 0.114645
144 0.114554
145 0.114534
146 0.114531
147 0.114376
148 0.114433
149 0.114382
150 0.114283
151 0.114259
152 0.114246
153 0.114161
154 0.114123
155 0.114179
156 0.114124
157 0.114017
158 0.114118
159 0.114046
160 0.114019
161 0.113884
162 0.113862
163 0.113867
164 0.113825
165 0.113812
166 0.113722
167 0.113804
168 0.113715
169 0.11368
170 0.113842
171 0.113698
172 0.113549
173 0.113483
174 0.113486
175 0.113512
176 0.11344
177 0.113456
178 0.113437
179 0.113522
180 0.113362
181 0.113292
182 0.113362
183 0.113247
184 0.113201
185 0.113145
186 0.113068
187 0.113328
188 0.113121
189 0.113082
190 0.1131
191 0.113095
192 0.112921
193 0.113124
194 0.113086
195 0.113045
196 0.113051
197 0.113004
198 0.112925
199 0.112917
200 0.112967
201 0.11283
202 0.11281
203 0.112876
204 0.112741
205 0.112917
206 0.112707
207 0.11276
208 0.112674
209 0.112628
210 0.11264
211 0.112576
212 0.112563
213 0.1125
214 0.112594
215 0.112458
216 0.112519
217 0.112508
218 0.112467
219 0.112459
220 0.112478
221 0.112464
222 0.112455
223 0.112401
224 0.112373
225 0.112271
226 0.112347
227 0.112394
228 0.112284
229 0.112268
230 0.112268
231 0.112184
232 0.112339
233 0.112238
234 0.112206
235 0.112185
236 0.11212
237 0.112169
238 0.112115
239 0.112081
240 0.112036
241 0.112059
242 0.112041
243 0.112028
244 0.112025
245 0.11212
246 0.11203
247 0.111993
248 0.111965
249 0.111945
250 0.112018
251 0.111894
252 0.111852
253 0.111929
254 0.111842
255 0.112126
256 0.111872
257 0.111552
258 0.111831
259 0.11181
260 0.111784
261 0.111753
262 0.111734
263 0.111827
264 0.111786
265 0.111683
266 0.111731
267 0.111771
268 0.111717
269 0.111598
270 0.111623
271 0.111568
272 0.11163
273 0.111616
274 0.111559
275 0.111643
276 0.111551
277 0.111541
278 0.111375
279 0.11153
280 0.111595
281 0.111501
282 0.111475
283 0.111379
284 0.111467
285 0.111469
286 0.111445
287 0.111346
288 0.111321
289 0.111467
290 0.111397
291 0.111317
292 0.111373
293 0.111354
294 0.111242
295 0.111197
296 0.111307
297 0.111288
298 0.111242
299 0.111358
300 0.111242
301 0.111248
302 0.111239
303 0.111197
304 0.111147
305 0.111231
306 0.111156
307 0.111071
308 0.111177
309 0.111026
310 0.111173
311 0.111084
312 0.11108
313 0.111086
314 0.111088
315 0.111045
316 0.111094
317 0.111052
318 0.111013
319 0.111066
320 0.110927
321 0.111087
322 0.110972
323 0.111056
324 0.110955
325 0.110889
326 0.111038
327 0.110929
328 0.110972
329 0.110814
330 0.110953
331 0.110852
332 0.110916
333 0.11087
334 0.110824
335 0.110893
336 0.110776
337 0.110819
338 0.110856
339 0.110766
340 0.110786
341 0.110798
342 0.110697
343 0.110864
344 0.110797
345 0.110791
346 0.110756
347 0.11076
348 0.110654
349 0.110664
350 0.110743
351 0.110821
352 0.110746
353 0.110636
354 0.11079
355 0.110706
356 0.110738
357 0.110674
358 0.110706
359 0.110673
360 0.11064
361 0.110677
362 0.11062
363 0.110589
364 0.110665
365 0.11063
366 0.110542
367 0.110545
368 0.110652
369 0.110565
370 0.110557
371 0.11061
372 0.11052
373 0.110494
374 0.110616
375 0.110429
376 0.110503
377 0.110563
378 0.110455
379 0.11046
380 0.110508
381 0.110462
382 0.1105
383 0.110514
384 0.110445
385 0.110392
386 0.110482
387 0.11048
388 0.110448
389 0.11051
390 0.11038
391 0.110368
392 0.110459
393 0.110393
394 0.110399
395 0.110392
396 0.110392
397 0.110403
398 0.110356
399 0.110354
400 0.110335
