1 0.108239
2 0.108114
3 0.108156
4 0.108066
5 0.108215
6 0.108002
7 0.108091
8 0.108367
9 0.107993
10 0.108409
11 0.108315
12 0.0962044
13 0.087487
14 0.0802026
15 0.0743624
16 0.0694719
17 0.0654565
18 0.0618609
19 0.0585968
20 0.0558877
21 0.0530236
22 0.051013
23 0.0489025
24 0.0469859
25 0.0453312
26 0.0438365
27 0.042423
28 0.041133
29 0.0398641
30 0.0387571
31 0.0375917
32 0.0366625
33 0.0356355
34 0.0348541
35 0.033946
36 0.0331215
37 0.0324147
38 0.0317094
39 0.0311006
40 0.0304777
41 0.0298957
42 0.0292036
43 0.0286448
44 0.0281797
45 0.0276109
46 0.0271621
47 0.0266752
48 0.0263197
49 0.0257672
50 0.0253213
51 0.0248624
52 0.0247155
53 0.0242071
54 0.0238236
55 0.0235249
56 0.0231901
57 0.0227527
58 0.0225284
59 0.0222553
60 0.0219951
61 0.021619
62 0.0213436
63 0.0211725
64 0.0208049
65 0.0205032
66 0.0202794
67 0.0201156
68 0.019851
69 0.0196827
70 0.0194228
71 0.0191811
72 0.0189663
73 0.0187591
74 0.0186005
75 0.0183924
76 0.0182077
77 0.0179697
78 0.0178063
79 0.0176891
80 0.017451
81 0.017285
82 0.0171182
83 0.0170137
84 0.0167746
85 0.0166052
86 0.0164739
87 0.0163326
88 0.0161719
89 0.0159829
90 0.0159146
91 0.0157277
92 0.0156571
93 0.0154689
94 0.0153746
95 0.0152376
96 0.0150186
97 0.015008
98 0.0148539
99 0.0147777
100 0.0146156
101 0.0145343
102 0.0143655
103 0.0142614
104 0.0141527
105 0.0140962
106 0.0139927
107 0.0138892
108 0.0137977
109 0.0137047
110 0.0136381
111 0.0135137
112 0.0133533
113 0.0133311
114 0.0132409
115 0.0130984
116 0.0129537
117 0.0128725
118 0.0129147
119 0.0127926
120 0.0126099
121 0.0126493
122 0.0124604
123 0.012472
124 0.0124243
125 0.0122604
126 0.0122053
127 0.0121257
128 0.0120258
129 0.0119983
130 0.0119601
131 0.0118178
132 0.0117653
133 0.0117129
134 0.0115585
135 0.0115508
136 0.0115175
137 0.0113787
138 0.011359
139 0.0112743
140 0.0111601
141 0.0111774
142 0.0110556
143 0.0110242
144 0.0109815
145 0.0108781
146 0.010861
147 0.0108229
148 0.0107614
149 0.0106603
150 0.0105896
151 0.0105672
152 0.0105416
153 0.0105135
154 0.0103255
155 0.0103441
156 0.0103255
157 0.0102689
158 0.010158
159 0.0101229
160 0.0100403
161 0.0100935
162 0.0100125
163 0.00988902
164 0.00989914
165 0.00978768
166 0.00978169
167 0.00973957
168 0.00976613
169 0.00965056
170 0.00964732
171 0.00962534
172 0.00954334
173 0.00951411
174 0.00947119
175 0.00943242
176 0.00939237
177 0.0092692
178 0.00929665
179 0.0092449
180 0.00924678
181 0.00922065
182 0.0091287
183 0.00909497
184 0.00909316
185 0.00905927
186 0.0089725
187 0.00897029
188 0.00890484
189 0.00884327
190 0.00885738
191 0.0087833
192 0.00877485
193 0.0087623
194 0.00870156
195 0.00866654
196 0.0086656
197 0.00866538
198 0.00855947
199 0.00859195
200 0.00843935
201 0.00841266
202 0.008462
203 0.00837559
204 0.00839467
205 0.00829963
206 0.00831903
207 0.00827231
208 0.00827346
209 0.00820626
210 0.00817946
211 0.00813131
212 0.00812305
213 0.00811752
214 0.00803868
215 0.00800988
216 0.00802809
217 0.00799697
218 0.00798357
219 0.00788201
220 0.00787482
221 0.00786668
222 0.00781
223 0.00780363
224 0.00774816
225 0.0077864
226 0.00772528
227 0.00772116
228 0.00767055
229 0.00760618
230 0.00760339
231 0.00758507
232 0.00751328
233 0.00755204
234 0.00749927
235 0.00749621
236 0.0074848
237 0.00745711
238 0.00737301
239 0.00737186
240 0.00739111
241 0.00734803
242 0.00733561
243 0.00730281
244 0.00727123
245 0.00724557
246 0.0072164
247 0.0072008
248 0.00719649
249 0.00716302
250 0.00716139
251 0.00711944
252 0.00706743
253 0.00711421
254 0.00705982
255 0.00707872
256 0.00699118
257 0.00702902
258 0.00696784
259 0.00694549
260 0.00695644
261 0.00692585
262 0.00690011
263 0.00686539
264 0.00680694
265 0.00681419
266 0.00678058
267 0.00677873
268 0.00672934
269 0.00671866
270 0.00673504
271 0.00670412
272 0.00674112
273 0.00663731
274 0.00663684
275 0.00665391
276 0.0065647
277 0.00664227
278 0.00658055
279 0.00655668
280 0.00654369
281 0.00652933
282 0.00651127
283 0.0065164
284 0.00644885
285 0.00645765
286 0.00647746
287 0.0064127
288 0.00639415
289 0.00638726
290 0.00638889
291 0.00637721
292 0.00633392
293 0.00626272
294 0.00631952
295 0.00621822
296 0.00627667
297 0.0062668
298 0.00620934
299 0.00613169
300 0.00617328
301 0.00614201
302 0.00619759
303 0.00613909
304 0.00615791
305 0.0061354
306 0.0061035
307 0.00604959
308 0.00611073
309 0.00603882
310 0.00602062
311 0.00597915
312 0.00601787
313 0.00598481
314 0.00596985
315 0.00597423
316 0.00594345
317 0.00586972
318 0.00587328
319 0.00593306
320 0.00591199
321 0.00581288
322 0.00585281
323 0.00585602
324 0.00583372
325 0.00584378
326 0.00579345
327 0.00576143
328 0.00576796
329 0.00576494
330 0.00575954
331 0.00577887
332 0.00569204
333 0.00568414
334 0.00569374
335 0.00567747
336 0.00565214
337 0.00567547
338 0.00562852
339 0.00562207
340 0.00562681
341 0.00560691
342 0.0056029
343 0.00560356
344 0.00554829
345 0.00556496
346 0.00554322
347 0.00551041
348 0.00556163
349 0.00549185
350 0.00548048
351 0.00548306
352 0.00546768
353 0.00547289
354 0.00546116
355 0.00544961
356 0.00544569
357 0.00537993
358 0.0053991
359 0.00538685
360 0.00534965
361 0.00536362
362 0.00533625
363 0.00535213
364 0.00533129
365 0.00529825
366 0.00530134
367 0.00526214
368 0.00529625
369 0.00526054
370 0.00525211
371 0.00525474
372 0.00521301
373 0.00525464
374 0.00520077
375 0.00520189
376 0.00519056
377 0.00520209
378 0.00518492
379 0.00518077
380 0.00515503
381 0.00511366
382 0.00514182
383 0.00512731
384 0.00509247
385 0.00508639
386 0.00507946
387 0.00507263
388 0.00506859
389 0.00506338
390 0.00503208
391 0.00503952
392 0.00506823
393 0.00504122
394 0.00499942
395 0.00500367
396 0.00498132
397 0.0049689
398 0.00498828
399 0.00496984
400 0.00493478
