1 0.500299
2 0.500158
3 0.500341
4 0.500677
5 0.500217
6 0.500731
7 0.500069
8 0.499369
9 0.501282
10 0.499938
11 0.50031
12 0.536652
13 0.562411
14 0.585268
15 0.603238
16 0.619253
17 0.631492
18 0.644014
19 0.654134
20 0.66395
21 0.673434
22 0.680124
23 0.687394
24 0.694236
25 0.70032
26 0.706157
27 0.711054
28 0.715857
29 0.720838
30 0.725106
31 0.729755
32 0.733467
33 0.737565
34 0.740572
35 0.743708
36 0.747807
37 0.750771
38 0.75359
39 0.755967
40 0.758927
41 0.761411
42 0.764461
43 0.767141
44 0.768964
45 0.771294
46 0.773762
47 0.775695
48 0.777027
49 0.780072
50 0.782098
51 0.784594
52 0.785028
53 0.787593
54 0.789698
55 0.790698
56 0.792325
57 0.794564
58 0.795295
59 0.79711
60 0.798433
61 0.800175
62 0.801262
63 0.801981
64 0.80424
65 0.805638
66 0.806856
67 0.807853
68 0.809379
69 0.810238
70 0.811647
71 0.812614
72 0.814252
73 0.815093
74 0.815813
75 0.817262
76 0.818365
77 0.819488
78 0.820456
79 0.821226
80 0.822317
81 0.823518
82 0.82428
83 0.825006
84 0.826208
85 0.826997
86 0.828
87 0.828749
88 0.829792
89 0.830766
90 0.831203
91 0.832365
92 0.832561
93 0.833749
94 0.834385
95 0.835271
96 0.83648
97 0.836703
98 0.83747
99 0.838095
100 0.839043
101 0.839544
102 0.840569
103 0.841354
104 0.841907
105 0.842172
106 0.8428
107 0.843622
108 0.84406
109 0.844564
110 0.845049
111 0.845899
112 0.846661
113 0.847284
114 0.847475
115 0.848325
116 0.849387
117 0.849952
118 0.84981
119 0.850295
120 0.85149
121 0.85136
122 0.852488
123 0.852283
124 0.852757
125 0.853826
126 0.854195
127 0.854916
128 0.855252
129 0.855528
130 0.855852
131 0.857002
132 0.857131
133 0.85741
134 0.858565
135 0.858732
136 0.859183
137 0.859652
138 0.859926
139 0.860602
140 0.861363
141 0.861422
142 0.86191
143 0.862258
144 0.862358
145 0.863169
146 0.863391
147 0.863854
148 0.864179
149 0.864849
150 0.865483
151 0.8654
152 0.865692
153 0.866202
154 0.867215
155 0.867131
156 0.867254
157 0.867651
158 0.86831
159 0.86852
160 0.869015
161 0.868841
162 0.869458
163 0.870376
164 0.870509
165 0.871071
166 0.87105
167 0.871395
168 0.87157
169 0.872165
170 0.872151
171 0.872209
172 0.873328
173 0.87297
174 0.873448
175 0.873818
176 0.874331
177 0.874997
178 0.875082
179 0.875358
180 0.875148
181 0.875566
182 0.876394
183 0.876372
184 0.876335
185 0.876727
186 0.87741
187 0.8775
188 0.877547
189 0.878135
190 0.878071
191 0.878659
192 0.878862
193 0.87896
194 0.879352
195 0.879801
196 0.879586
197 0.879535
198 0.880455
199 0.880473
200 0.881247
201 0.881541
202 0.881314
203 0.881947
204 0.881855
205 0.882553
206 0.882477
207 0.882743
208 0.883149
209 0.88305
210 0.883686
211 0.884156
212 0.883819
213 0.884253
214 0.884548
215 0.884714
216 0.884861
217 0.885187
218 0.885057
219 0.885686
220 0.885829
221 0.885925
222 0.886638
223 0.886572
224 0.886998
225 0.88677
226 0.887447
227 0.887308
228 0.887621
229 0.887988
230 0.887956
231 0.88844
232 0.888764
233 0.888401
234 0.889034
235 0.889057
236 0.889108
237 0.889381
238 0.890055
239 0.890002
240 0.889833
241 0.89024
242 0.890648
243 0.890746
244 0.890868
245 0.891235
246 0.891523
247 0.89177
248 0.891466
249 0.891808
250 0.891777
251 0.892132
252 0.892766
253 0.892488
254 0.892946
255 0.89277
256 0.893379
257 0.893264
258 0.893282
259 0.893757
260 0.893403
261 0.893914
262 0.89411
263 0.894428
264 0.894818
265 0.894728
266 0.894952
267 0.894838
268 0.895416
269 0.895616
270 0.895572
271 0.89573
272 0.895271
273 0.896539
274 0.896127
275 0.896523
276 0.896882
277 0.89676
278 0.896991
279 0.897091
280 0.897324
281 0.897592
282 0.897587
283 0.89759
284 0.897868
285 0.897923
286 0.89781
287 0.898323
288 0.898459
289 0.89858
290 0.898498
291 0.899032
292 0.898968
293 0.899709
294 0.899348
295 0.900161
296 0.899492
297 0.899746
298 0.900147
299 0.900612
300 0.900716
301 0.900759
302 0.900309
303 0.900673
304 0.900509
305 0.900641
306 0.901158
307 0.90136
308 0.901218
309 0.901698
310 0.901836
311 0.902259
312 0.901659
313 0.902287
314 0.902271
315 0.902257
316 0.902725
317 0.903005
318 0.903471
319 0.90271
320 0.902711
321 0.903563
322 0.903506
323 0.903466
324 0.903702
325 0.903545
326 0.904226
327 0.904097
328 0.904201
329 0.904345
330 0.904402
331 0.904356
332 0.904928
333 0.905173
334 0.904919
335 0.905069
336 0.905318
337 0.905032
338 0.905546
339 0.905607
340 0.905498
341 0.905483
342 0.905799
343 0.906063
344 0.906218
345 0.906261
346 0.906435
347 0.906635
348 0.906498
349 0.906686
350 0.907213
351 0.906847
352 0.907388
353 0.907162
354 0.907516
355 0.907187
356 0.907483
357 0.907755
358 0.907915
359 0.907833
360 0.908087
361 0.907945
362 0.908405
363 0.908389
364 0.908365
365 0.908718
366 0.908669
367 0.908804
368 0.909113
369 0.90905
370 0.90906
371 0.909005
372 0.909466
373 0.90922
374 0.909552
375 0.909949
376 0.909796
377 0.909779
378 0.90995
379 0.909872
380 0.910064
381 0.910534
382 0.910197
383 0.910566
384 0.910483
385 0.910962
386 0.910822
387 0.910907
388 0.91106
389 0.911103
390 0.911449
391 0.911293
392 0.911319
393 0.911449
394 0.911749
395 0.911735
396 0.911963
397 0.912097
398 0.912148
399 0.912051
400 0.912297
