1 0.608828
2 0.608388
3 0.655067
4 0.659569
5 0.685959
6 0.691308
7 0.708966
8 0.715003
9 0.728345
10 0.733477
11 0.744837
12 0.748379
13 0.757281
14 0.761263
15 0.768348
16 0.772116
17 0.777991
18 0.780794
19 0.785924
20 0.789123
21 0.793407
22 0.795989
23 0.799805
24 0.802302
25 0.805589
26 0.808092
27 0.811399
28 0.813485
29 0.816335
30 0.818229
31 0.821029
32 0.822939
33 0.825347
34 0.827084
35 0.829272
36 0.830733
37 0.832901
38 0.834171
39 0.836262
40 0.837619
41 0.839475
42 0.841016
43 0.842659
44 0.844059
45 0.845566
46 0.846712
47 0.848426
48 0.849336
49 0.850705
50 0.851939
51 0.853128
52 0.854528
53 0.855537
54 0.856542
55 0.857828
56 0.858602
57 0.859782
58 0.860605
59 0.861628
60 0.862614
61 0.863424
62 0.864281
63 0.865259
64 0.866207
65 0.867158
66 0.868111
67 0.868902
68 0.869788
69 0.870499
70 0.871277
71 0.872235
72 0.872887
73 0.87353
74 0.874327
75 0.875008
76 0.875718
77 0.876416
78 0.876952
79 0.877631
80 0.878243
81 0.879129
82 0.879698
83 0.880475
84 0.880895
85 0.881494
86 0.882072
87 0.882711
88 0.883204
89 0.883985
90 0.884435
91 0.884948
92 0.885558
93 0.886235
94 0.886446
95 0.886836
96 0.887243
97 0.887772
98 0.888339
99 0.888962
100 0.889481
101 0.889956
102 0.890581
103 0.890952
104 0.891328
105 0.891701
106 0.892299
107 0.892676
108 0.893296
109 0.893654
110 0.894047
111 0.894451
112 0.894735
113 0.895283
114 0.895568
115 0.895892
116 0.896306
117 0.896759
118 0.897207
119 0.897652
120 0.898036
121 0.898392
122 0.898776
123 0.899089
124 0.899482
125 0.89976
126 0.900205
127 0.900441
128 0.900875
129 0.901218
130 0.901588
131 0.901977
132 0.902241
133 0.902619
134 0.902894
135 0.903192
136 0.903605
137 0.904081
138 0.904385
139 0.904756
140 0.904904
141 0.905227
142 0.905646
143 0.90591
144 0.906163
145 0.906516
146 0.906704
147 0.907081
148 0.90724
149 0.907582
150 0.90783
151 0.908177
152 0.908405
153 0.908683
154 0.909072
155 0.909347
156 0.909649
157 0.90986
158 0.909985
159 0.910214
160 0.910285
161 0.910573
162 0.911034
163 0.911261
164 0.911509
165 0.911713
166 0.911952
167 0.912316
168 0.912591
169 0.912674
170 0.912992
171 0.913224
172 0.913399
173 0.913637
174 0.913831
175 0.913881
176 0.914237
177 0.914432
178 0.914667
179 0.914795
180 0.914986
181 0.915265
182 0.915412
183 0.915591
184 0.915859
185 0.916017
186 0.916171
187 0.91642
188 0.916651
189 0.916866
190 0.917016
191 0.917158
192 0.917443
193 0.917648
194 0.917851
195 0.918017
196 0.918263
197 0.918443
198 0.918528
199 0.918687
200 0.919
201 0.919243
202 0.919338
203 0.919505
204 0.919702
205 0.919818
206 0.91998
207 0.920274
208 0.920278
209 0.920321
210 0.920594
211 0.920809
212 0.921007
213 0.921195
214 0.921353
215 0.921473
216 0.921749
217 0.921826
218 0.92212
219 0.922167
220 0.92239
221 0.922356
222 0.92262
223 0.922847
224 0.922964
225 0.923203
226 0.923319
227 0.923402
228 0.923559
229 0.923757
230 0.923838
231 0.924014
232 0.924222
233 0.924411
234 0.924569
235 0.924756
236 0.924836
237 0.924978
238 0.925009
239 0.925161
240 0.92537
241 0.925547
242 0.92571
243 0.925833
244 0.925877
245 0.92605
246 0.92633
247 0.92643
248 0.926636
249 0.926596
250 0.926716
251 0.926832
252 0.926998
253 0.927154
254 0.927237
255 0.927283
256 0.927442
257 0.927576
258 0.927821
259 0.927876
260 0.928102
261 0.928254
262 0.928326
263 0.928411
264 0.928531
265 0.928726
266 0.928791
267 0.928881
268 0.928993
269 0.929207
270 0.92921
271 0.929498
272 0.929466
273 0.929649
274 0.929645
275 0.929793
276 0.929942
277 0.929939
278 0.930193
279 0.930234
280 0.930339
281 0.930404
282 0.930535
283 0.930562
284 0.930735
285 0.930858
286 0.930845
287 0.931032
288 0.9311
289 0.931253
290 0.931337
291 0.931477
292 0.93157
293 0.931737
294 0.93184
295 0.932036
296 0.932125
297 0.932172
298 0.932204
299 0.932284
300 0.932451
301 0.932602
302 0.932749
303 0.932791
304 0.932814
305 0.93298
306 0.933047
307 0.933296
308 0.933303
309 0.933414
310 0.933465
311 0.933511
312 0.933676
313 0.933774
314 0.933945
315 0.934012
316 0.934141
317 0.9342
318 0.934344
319 0.934425
320 0.934468
321 0.934617
322 0.934731
323 0.93479
324 0.934929
325 0.935168
326 0.935224
327 0.935363
328 0.93547
329 0.935557
330 0.935575
331 0.935753
332 0.935748
333 0.935902
334 0.935915
335 0.935988
336 0.936082
337 0.936249
338 0.936285
339 0.936435
340 0.936439
341 0.936439
342 0.936511
343 0.93665
344 0.936664
345 0.936782
346 0.936862
347 0.937014
348 0.936967
349 0.937065
350 0.937138
351 0.937209
352 0.937306
353 0.937467
354 0.937535
355 0.937661
356 0.937804
357 0.93792
358 0.937873
359 0.937895
360 0.938031
361 0.938039
362 0.938085
363 0.938218
364 0.938241
365 0.938386
366 0.938429
367 0.938488
368 0.938639
369 0.938667
370 0.938689
371 0.938807
372 0.938909
373 0.938929
374 0.939045
375 0.939113
376 0.939129
377 0.939183
378 0.939264
379 0.939328
380 0.939396
381 0.939529
382 0.939591
383 0.939649
384 0.939782
385 0.939881
386 0.939932
387 0.940039
388 0.940131
389 0.940221
390 0.940205
391 0.940243
392 0.940409
393 0.940352
394 0.940477
395 0.940533
396 0.94053
397 0.940571
398 0.940604
399 0.940697
400 0.940842
