1 0.666811
2 0.666522
3 0.733083
4 0.73335
5 0.772006
6 0.771752
7 0.796666
8 0.796655
9 0.815056
10 0.815107
11 0.829116
12 0.829283
13 0.840636
14 0.840591
15 0.849933
16 0.849931
17 0.857947
18 0.857926
19 0.864707
20 0.864712
21 0.870813
22 0.870759
23 0.876164
24 0.876112
25 0.880628
26 0.881612
27 0.884736
28 0.88535
29 0.887973
30 0.889064
31 0.891158
32 0.892317
33 0.894208
34 0.894966
35 0.896538
36 0.897242
37 0.898674
38 0.899417
39 0.900774
40 0.901667
41 0.902722
42 0.903726
43 0.90473
44 0.905721
45 0.906682
46 0.907295
47 0.908076
48 0.908755
49 0.909728
50 0.91038
51 0.91131
52 0.912031
53 0.913067
54 0.913616
55 0.914611
56 0.915201
57 0.915813
58 0.916435
59 0.917103
60 0.917679
61 0.91848
62 0.918817
63 0.919623
64 0.92026
65 0.920802
66 0.921323
67 0.921977
68 0.922302
69 0.922969
70 0.923446
71 0.923962
72 0.924616
73 0.925197
74 0.925399
75 0.925794
76 0.926126
77 0.926777
78 0.927083
79 0.92754
80 0.928028
81 0.928465
82 0.928981
83 0.929368
84 0.929642
85 0.929981
86 0.930352
87 0.930601
88 0.931093
89 0.931422
90 0.931768
91 0.932287
92 0.932656
93 0.932894
94 0.933149
95 0.933591
96 0.933814
97 0.934298
98 0.934702
99 0.935028
100 0.93535
101 0.935622
102 0.935881
103 0.936194
104 0.936521
105 0.93678
106 0.93695
107 0.937258
108 0.937602
109 0.938065
110 0.938242
111 0.938488
112 0.938624
113 0.938968
114 0.939128
115 0.939576
116 0.939743
117 0.940042
118 0.940243
119 0.940439
120 0.940768
121 0.940966
122 0.941076
123 0.9415
124 0.941709
125 0.941905
126 0.942105
127 0.942217
128 0.942463
129 0.942716
130 0.942961
131 0.943328
132 0.943437
133 0.943725
134 0.943828
135 0.94401
136 0.944184
137 0.9444
138 0.944571
139 0.944812
140 0.944977
141 0.945077
142 0.945274
143 0.945454
144 0.945647
145 0.945874
146 0.946096
147 0.946283
148 0.946374
149 0.946495
150 0.946718
151 0.946859
152 0.947093
153 0.94722
154 0.947482
155 0.947561
156 0.947729
157 0.947948
158 0.948023
159 0.948219
160 0.948509
161 0.948619
162 0.948686
163 0.948854
164 0.948915
165 0.949081
166 0.949316
167 0.94939
168 0.949552
169 0.949748
170 0.949979
171 0.950087
172 0.950287
173 0.95042
174 0.950613
175 0.950721
176 0.950845
177 0.950929
178 0.951058
179 0.951216
180 0.951354
181 0.951524
182 0.951673
183 0.951752
184 0.951896
185 0.951988
186 0.952133
187 0.952208
188 0.95233
189 0.952506
190 0.952611
191 0.952695
192 0.952835
193 0.952936
194 0.952976
195 0.953094
196 0.953192
197 0.953278
198 0.953461
199 0.953601
200 0.953655
201 0.953695
202 0.953883
203 0.954002
204 0.954115
205 0.954243
206 0.95439
207 0.954508
208 0.954643
209 0.954719
210 0.95481
211 0.954884
212 0.955063
213 0.955081
214 0.955206
215 0.955342
216 0.955459
217 0.955544
218 0.955537
219 0.95563
220 0.955786
221 0.955928
222 0.956065
223 0.956133
224 0.95616
225 0.956356
226 0.956465
227 0.956578
228 0.956665
229 0.956712
230 0.95674
231 0.956863
232 0.956963
233 0.957071
234 0.957202
235 0.957262
236 0.957358
237 0.957441
238 0.957519
239 0.957541
240 0.957675
241 0.957754
242 0.957909
243 0.958021
244 0.958132
245 0.958143
246 0.958239
247 0.958307
248 0.958329
249 0.958463
250 0.958553
251 0.958639
252 0.958692
253 0.958798
254 0.958863
255 0.958983
256 0.958992
257 0.95909
258 0.959167
259 0.959304
260 0.959353
261 0.959421
262 0.959581
263 0.959594
264 0.959598
265 0.959772
266 0.959808
267 0.959909
268 0.960033
269 0.960197
270 0.960204
271 0.960266
272 0.96037
273 0.960412
274 0.960524
275 0.960606
276 0.960657
277 0.96072
278 0.960811
279 0.960872
280 0.960953
281 0.961024
282 0.96112
283 0.961157
284 0.961231
285 0.961207
286 0.961339
287 0.961354
288 0.961393
289 0.961475
290 0.961581
291 0.961639
292 0.961708
293 0.961762
294 0.961859
295 0.961817
296 0.961914
297 0.961986
298 0.962103
299 0.962135
300 0.962189
301 0.962212
302 0.962267
303 0.962379
304 0.962493
305 0.962575
306 0.962639
307 0.962679
308 0.962723
309 0.962738
310 0.962838
311 0.962873
312 0.962901
313 0.962977
314 0.962997
315 0.963085
316 0.963076
317 0.96318
318 0.963262
319 0.963386
320 0.96344
321 0.963495
322 0.963609
323 0.963642
324 0.963678
325 0.963766
326 0.963769
327 0.963812
328 0.963827
329 0.963877
330 0.963951
331 0.963998
332 0.964052
333 0.964114
334 0.964097
335 0.964199
336 0.964251
337 0.964248
338 0.96443
339 0.964432
340 0.964477
341 0.964487
342 0.964563
343 0.964549
344 0.964601
345 0.964595
346 0.964639
347 0.964678
348 0.964746
349 0.96472
350 0.964784
351 0.964807
352 0.964911
353 0.964954
354 0.96506
355 0.96511
356 0.965183
357 0.96519
358 0.965285
359 0.965404
360 0.965423
361 0.96551
362 0.96552
363 0.96555
364 0.965593
365 0.965586
366 0.965668
367 0.965698
368 0.965748
369 0.965784
370 0.965847
371 0.965909
372 0.966044
373 0.966025
374 0.966082
375 0.966115
376 0.966125
377 0.966148
378 0.966152
379 0.966248
380 0.966304
381 0.966335
382 0.966437
383 0.966407
384 0.966443
385 0.966498
386 0.966576
387 0.966654
388 0.966623
389 0.966646
390 0.966709
391 0.96677
392 0.966745
393 0.966842
394 0.966806
395 0.966868
396 0.966888
397 0.966969
398 0.96703
399 0.96713
400 0.967093
