1 0.49986
2 0.49986
3 0.49986
4 0.49986
5 0.49986
6 0.49986
7 0.49986
8 0.49986
9 0.49986
10 0.49986
11 0.49986
12 0.578553
13 0.605538
14 0.611425
15 0.624709
16 0.641581
17 0.647331
18 0.648085
19 0.6607
20 0.666844
21 0.668234
22 0.673127
23 0.6869
24 0.691786
25 0.702303
26 0.710329
27 0.715519
28 0.722195
29 0.728591
30 0.732519
31 0.738794
32 0.742666
33 0.744154
34 0.750784
35 0.754632
36 0.757395
37 0.761983
38 0.7647
39 0.767239
40 0.769946
41 0.772625
42 0.774374
43 0.777642
44 0.779098
45 0.781925
46 0.78384
47 0.785354
48 0.78727
49 0.789297
50 0.790596
51 0.792657
52 0.794059
53 0.796023
54 0.796935
55 0.799175
56 0.801101
57 0.80294
58 0.804115
59 0.805672
60 0.807426
61 0.807479
62 0.809578
63 0.810619
64 0.811979
65 0.813517
66 0.814282
67 0.815577
68 0.817056
69 0.81805
70 0.818946
71 0.820136
72 0.821963
73 0.822518
74 0.82348
75 0.824499
76 0.825809
77 0.826022
78 0.827367
79 0.827996
80 0.828876
81 0.829744
82 0.830831
83 0.831883
84 0.832927
85 0.833117
86 0.834113
87 0.835381
88 0.836394
89 0.836393
90 0.837748
91 0.838458
92 0.839446
93 0.83972
94 0.840226
95 0.840858
96 0.841581
97 0.842587
98 0.842655
99 0.843518
100 0.844324
101 0.845542
102 0.845914
103 0.84634
104 0.847644
105 0.848088
106 0.848422
107 0.848725
108 0.850004
109 0.850274
110 0.851198
111 0.851185
112 0.852248
113 0.852141
114 0.852471
115 0.85357
116 0.853452
117 0.854695
118 0.855334
119 0.855683
120 0.856231
121 0.85665
122 0.857246
123 0.857073
124 0.857692
125 0.858274
126 0.858628
127 0.859378
128 0.859391
129 0.860338
130 0.860272
131 0.861245
132 0.861909
133 0.862033
134 0.862349
135 0.862651
136 0.863053
137 0.863855
138 0.864347
139 0.86413
140 0.865393
141 0.865384
142 0.865834
143 0.866531
144 0.866552
145 0.866559
146 0.867018
147 0.867277
148 0.867567
149 0.868052
150 0.868531
151 0.868488
152 0.868856
153 0.870179
154 0.869756
155 0.870768
156 0.870701
157 0.870908
158 0.870977
159 0.871944
160 0.871724
161 0.872774
162 0.872978
163 0.872889
164 0.873138
165 0.873695
166 0.874089
167 0.874702
168 0.875073
169 0.874902
170 0.875248
171 0.875458
172 0.87602
173 0.876336
174 0.875877
175 0.876484
176 0.876979
177 0.877297
178 0.877583
179 0.878115
180 0.878311
181 0.878729
182 0.878768
183 0.8788
184 0.879108
185 0.879092
186 0.879839
187 0.880215
188 0.880702
189 0.880402
190 0.881079
191 0.880864
192 0.880973
193 0.881776
194 0.88208
195 0.881385
196 0.882362
197 0.882712
198 0.882709
199 0.883281
200 0.882792
201 0.883901
202 0.883518
203 0.884237
204 0.883879
205 0.884764
206 0.884811
207 0.884599
208 0.885114
209 0.885608
210 0.885878
211 0.885828
212 0.886335
213 0.886168
214 0.886083
215 0.887053
216 0.886937
217 0.887356
218 0.887297
219 0.887951
220 0.887573
221 0.887686
222 0.888325
223 0.888099
224 0.888661
225 0.888965
226 0.889237
227 0.889088
228 0.889276
229 0.889542
230 0.889853
231 0.889901
232 0.890281
233 0.890299
234 0.890635
235 0.890396
236 0.890905
237 0.890688
238 0.890903
239 0.89162
240 0.891622
241 0.89188
242 0.891992
243 0.89212
244 0.892062
245 0.892644
246 0.892286
247 0.892864
248 0.892914
249 0.893563
250 0.893517
251 0.893349
252 0.89382
253 0.893598
254 0.893718
255 0.893911
256 0.894555
257 0.89481
258 0.894569
259 0.895155
260 0.894825
261 0.895288
262 0.895452
263 0.895421
264 0.895811
265 0.895408
266 0.895692
267 0.896055
268 0.896165
269 0.896649
270 0.89692
271 0.897346
272 0.897056
273 0.89703
274 0.896853
275 0.89739
276 0.897491
277 0.897725
278 0.898048
279 0.897918
280 0.898381
281 0.898049
282 0.89837
283 0.899025
284 0.89848
285 0.898635
286 0.899063
287 0.899009
288 0.89941
289 0.89954
290 0.899495
291 0.899391
292 0.899701
293 0.900023
294 0.900323
295 0.900286
296 0.900192
297 0.90042
298 0.900563
299 0.90038
300 0.901012
301 0.901066
302 0.901431
303 0.901389
304 0.901555
305 0.901686
306 0.901926
307 0.901552
308 0.90221
309 0.901815
310 0.902353
311 0.902109
312 0.902021
313 0.902749
314 0.902124
315 0.902991
316 0.902883
317 0.903587
318 0.902894
319 0.903201
320 0.903997
321 0.903338
322 0.904325
323 0.903455
324 0.904169
325 0.903657
326 0.904421
327 0.904414
328 0.904623
329 0.904732
330 0.90471
331 0.904805
332 0.904786
333 0.90542
334 0.905513
335 0.905374
336 0.904905
337 0.90515
338 0.905655
339 0.905778
340 0.905527
341 0.905988
342 0.905462
343 0.906358
344 0.906292
345 0.906091
346 0.906091
347 0.906225
348 0.906932
349 0.906783
350 0.906613
351 0.906754
352 0.906969
353 0.907514
354 0.907311
355 0.907453
356 0.90743
357 0.907463
358 0.907638
359 0.908052
360 0.908425
361 0.908164
362 0.90821
363 0.908106
364 0.908448
365 0.908775
366 0.908328
367 0.908695
368 0.908556
369 0.908807
370 0.908669
371 0.909196
372 0.909153
373 0.90885
374 0.909606
375 0.909297
376 0.909667
377 0.910112
378 0.909232
379 0.90957
380 0.910087
381 0.909896
382 0.909795
383 0.910215
384 0.91047
385 0.91032
386 0.910095
387 0.910524
388 0.910392
389 0.910975
390 0.91069
391 0.910658
392 0.910944
393 0.91136
394 0.9108
395 0.911438
396 0.911383
397 0.911544
398 0.911431
399 0.911653
400 0.911285
