1 0.0780356
2 0.0780356
3 0.0780356
4 0.0780356
5 0.0780356
6 0.0780356
7 0.0780356
8 0.0780356
9 0.0780356
10 0.0780356
11 0.0780356
12 0.0764412
13 0.0746203
14 0.0729887
15 0.0712999
16 0.0695988
17 0.0680931
18 0.0668276
19 0.065413
20 0.0640549
21 0.0629997
22 0.0618586
23 0.0606918
24 0.059704
25 0.0585921
26 0.0575079
27 0.0565344
28 0.055548
29 0.0545555
30 0.0536747
31 0.0526777
32 0.0518727
33 0.0510167
34 0.0503783
35 0.0496183
36 0.0488578
37 0.0481793
38 0.0475478
39 0.0467892
40 0.0461583
41 0.0455701
42 0.0449734
43 0.0443607
44 0.0438072
45 0.0431938
46 0.0426907
47 0.0422193
48 0.0416933
49 0.0412288
50 0.0407065
51 0.0402774
52 0.0398881
53 0.039373
54 0.0390208
55 0.038573
56 0.0382701
57 0.0378295
58 0.0375254
59 0.0371155
60 0.0367471
61 0.0364826
62 0.0360917
63 0.0357181
64 0.0354055
65 0.0351243
66 0.0347731
67 0.0344552
68 0.0341393
69 0.0338603
70 0.0335664
71 0.0332986
72 0.032986
73 0.0327576
74 0.0324414
75 0.0322234
76 0.0319294
77 0.0317078
78 0.031439
79 0.0312038
80 0.0309706
81 0.0307543
82 0.0305088
83 0.0303012
84 0.0300581
85 0.0298699
86 0.0296638
87 0.0294336
88 0.0292013
89 0.0290347
90 0.028809
91 0.0285987
92 0.0284163
93 0.0282553
94 0.0280436
95 0.027914
96 0.0276916
97 0.0275093
98 0.0273638
99 0.0272002
100 0.0270164
101 0.0268324
102 0.0267073
103 0.0265717
104 0.0263749
105 0.0262186
106 0.0260622
107 0.025945
108 0.0257751
109 0.0256389
110 0.0254591
111 0.0253226
112 0.0251997
113 0.0250556
114 0.0249634
115 0.0248317
116 0.0246844
117 0.0245227
118 0.0243941
119 0.0242933
120 0.0241829
121 0.0240075
122 0.0238863
123 0.0237924
124 0.0236342
125 0.0235875
126 0.0234363
127 0.0233301
128 0.0232122
129 0.023102
130 0.0229696
131 0.0228698
132 0.0227392
133 0.0226842
134 0.0225363
135 0.0224128
136 0.0223301
137 0.0222511
138 0.0220887
139 0.0220156
140 0.0219094
141 0.0218293
142 0.0217127
143 0.0216562
144 0.0215498
145 0.0214599
146 0.0213855
147 0.0212977
148 0.0211884
149 0.0210857
150 0.0209917
151 0.0209309
152 0.0208433
153 0.0207352
154 0.0206915
155 0.0205758
156 0.0205261
157 0.0203907
158 0.0203577
159 0.0201923
160 0.0201772
161 0.0200408
162 0.0199856
163 0.0199368
164 0.0198427
165 0.0197456
166 0.0196808
167 0.0196341
168 0.0195322
169 0.0194675
170 0.0194085
171 0.0193099
172 0.0192426
173 0.0191654
174 0.0191274
175 0.0190825
176 0.0189612
177 0.0189223
178 0.0188447
179 0.0187915
180 0.0187258
181 0.0186408
182 0.018596
183 0.018532
184 0.0184615
185 0.0183902
186 0.0183215
187 0.0182353
188 0.0181702
189 0.0181427
190 0.0180595
191 0.0180251
192 0.0179868
193 0.0178863
194 0.0178098
195 0.0178059
196 0.0177227
197 0.0176796
198 0.017596
199 0.017525
200 0.0174873
201 0.0174175
202 0.0173794
203 0.0173251
204 0.0172862
205 0.0172016
206 0.0171308
207 0.0171229
208 0.0170539
209 0.0170015
210 0.0169301
211 0.0169019
212 0.0168263
213 0.0167798
214 0.0167561
215 0.0166969
216 0.0166415
217 0.016578
218 0.0165215
219 0.0164714
220 0.016453
221 0.0164001
222 0.0163498
223 0.0163043
224 0.0162469
225 0.0161688
226 0.0161569
227 0.0160911
228 0.0160424
229 0.0159898
230 0.0159733
231 0.0159633
232 0.0158864
233 0.0158249
234 0.0157918
235 0.0157576
236 0.0156957
237 0.015657
238 0.0156393
239 0.0155959
240 0.015506
241 0.0154876
242 0.0154628
243 0.0154263
244 0.0153766
245 0.0153052
246 0.0152944
247 0.0152486
248 0.0152272
249 0.0151481
250 0.0151324
251 0.0150928
252 0.0150323
253 0.0150396
254 0.0149875
255 0.0149517
256 0.0149074
257 0.0148651
258 0.0148145
259 0.0147849
260 0.0147572
261 0.0146938
262 0.0146466
263 0.0146299
264 0.0146005
265 0.014586
266 0.0145399
267 0.0144861
268 0.0144633
269 0.0143998
270 0.0143853
271 0.0143195
272 0.0143009
273 0.0143112
274 0.0142505
275 0.0142363
276 0.0141829
277 0.0141319
278 0.0141012
279 0.0141065
280 0.0140358
281 0.0140171
282 0.0139809
283 0.0139283
284 0.0139061
285 0.0138841
286 0.0138567
287 0.0138363
288 0.0137869
289 0.0137563
290 0.013732
291 0.0136964
292 0.0136769
293 0.013646
294 0.0135938
295 0.0135732
296 0.0135622
297 0.0135121
298 0.0134813
299 0.0134844
300 0.0134221
301 0.0133759
302 0.0133234
303 0.0133415
304 0.0132948
305 0.0132636
306 0.0132303
307 0.0132359
308 0.0131747
309 0.0131745
310 0.0131175
311 0.0131018
312 0.013105
313 0.0130567
314 0.0130314
315 0.013008
316 0.0129674
317 0.0129322
318 0.0129449
319 0.0128991
320 0.0128337
321 0.0128351
322 0.012802
323 0.0127887
324 0.0127436
325 0.0127524
326 0.0126857
327 0.012671
328 0.0126629
329 0.0126056
330 0.0126116
331 0.0125595
332 0.0125684
333 0.0125188
334 0.0124871
335 0.0124811
336 0.0124636
337 0.0124426
338 0.0123781
339 0.0123656
340 0.012366
341 0.0123357
342 0.0123289
343 0.0122933
344 0.0122445
345 0.0122486
346 0.0122359
347 0.0121896
348 0.0121842
349 0.0121421
350 0.0121322
351 0.0120758
352 0.0120684
353 0.0120582
354 0.0120142
355 0.0120094
356 0.0119963
357 0.011949
358 0.0119438
359 0.0119208
360 0.0118732
361 0.0118389
362 0.0118563
363 0.0118101
364 0.0118161
365 0.0117712
366 0.0117514
367 0.0117511
368 0.0117331
369 0.0116907
370 0.0116835
371 0.0116594
372 0.0115989
373 0.011621
374 0.0115825
375 0.0115703
376 0.0115499
377 0.0115019
378 0.0115437
379 0.011503
380 0.011466
381 0.0114517
382 0.0114409
383 0.0114048
384 0.0113747
385 0.0113849
386 0.011376
387 0.0113404
388 0.0113114
389 0.011282
390 0.0112815
391 0.0112542
392 0.011226
393 0.0112005
394 0.0112034
395 0.0111789
396 0.011162
397 0.011169
398 0.0111222
399 0.011089
400 0.0111052
