1 0.458379
2 0.338232
3 0.287617
4 0.258418
5 0.239113
6 0.22559
7 0.215032
8 0.207258
9 0.200734
10 0.195461
11 0.191003
12 0.182527
13 0.176521
14 0.172221
15 0.168008
16 0.164636
17 0.161719
18 0.158538
19 0.156411
20 0.154442
21 0.152391
22 0.151359
23 0.150138
24 0.149027
25 0.147668
26 0.146853
27 0.146146
28 0.145341
29 0.144887
30 0.144162
31 0.143582
32 0.142819
33 0.142483
34 0.141701
35 0.141163
36 0.140883
37 0.140579
38 0.140161
39 0.139557
40 0.139231
41 0.138827
42 0.138561
43 0.13839
44 0.138199
45 0.137754
46 0.137708
47 0.137403
48 0.137213
49 0.13684
50 0.136629
51 0.136522
52 0.136243
53 0.136308
54 0.136265
55 0.135762
56 0.135701
57 0.135536
58 0.135361
59 0.135229
60 0.135264
61 0.135078
62 0.134895
63 0.134692
64 0.134594
65 0.134492
66 0.134509
67 0.134288
68 0.134242
69 0.134218
70 0.134123
71 0.134012
72 0.133899
73 0.133747
74 0.133692
75 0.133554
76 0.133506
77 0.133506
78 0.133386
79 0.133375
80 0.133326
81 0.133277
82 0.133096
83 0.133021
84 0.133023
85 0.132878
86 0.132845
87 0.132857
88 0.132824
89 0.132778
90 0.132653
91 0.132537
92 0.132592
93 0.132787
94 0.132468
95 0.132442
96 0.132428
97 0.132381
98 0.132259
99 0.132259
100 0.132111
101 0.13217
102 0.132081
103 0.131975
104 0.132002
105 0.131819
106 0.131939
107 0.131852
108 0.131869
109 0.131795
110 0.131746
111 0.131637
112 0.131658
113 0.13177
114 0.131674
115 0.131647
116 0.131538
117 0.131506
118 0.131481
119 0.13138
120 0.131433
121 0.131417
122 0.131349
123 0.13125
124 0.131295
125 0.131167
126 0.131206
127 0.131189
128 0.131092
129 0.131173
130 0.131109
131 0.13115
132 0.131143
133 0.131117
134 0.131117
135 0.130999
136 0.131054
137 0.130923
138 0.130879
139 0.130906
140 0.130831
141 0.130865
142 0.130876
143 0.130793
144 0.13078
145 0.13083
146 0.130701
147 0.130665
148 0.130728
149 0.130669
150 0.130729
151 0.130634
152 0.130688
153 0.130641
154 0.13064
155 0.130495
156 0.130509
157 0.130504
158 0.130516
159 0.130536
160 0.130465
161 0.130457
162 0.130462
163 0.130444
164 0.130351
165 0.13038
166 0.130398
167 0.130354
168 0.130322
169 0.130342
170 0.130268
171 0.130349
172 0.130265
173 0.130277
174 0.130191
175 0.13018
176 0.130197
177 0.130173
178 0.130152
179 0.130072
180 0.130152
181 0.130034
182 0.130089
183 0.130121
184 0.130101
185 0.130121
186 0.130056
187 0.129969
188 0.130018
189 0.129974
190 0.129927
191 0.129933
192 0.129896
193 0.129941
194 0.129979
195 0.129876
196 0.129859
197 0.129922
198 0.129907
199 0.129898
200 0.129929
201 0.129788
202 0.129753
203 0.129831
204 0.129823
205 0.129559
206 0.129778
207 0.129752
208 0.129738
209 0.129807
210 0.129757
211 0.129694
212 0.129725
213 0.129721
214 0.129699
215 0.129675
216 0.129663
217 0.129654
218 0.129593
219 0.129664
220 0.129593
221 0.129596
222 0.129647
223 0.129624
224 0.129548
225 0.129649
226 0.129569
227 0.129545
228 0.12957
229 0.129616
230 0.129498
231 0.129512
232 0.129442
233 0.129541
234 0.129562
235 0.129444
236 0.129474
237 0.129423
238 0.129385
239 0.129413
240 0.129451
241 0.129518
242 0.129442
243 0.129438
244 0.129406
245 0.129378
246 0.129384
247 0.129304
248 0.129373
249 0.129408
250 0.129303
251 0.129323
252 0.129322
253 0.129341
254 0.129363
255 0.129284
256 0.129266
257 0.129304
258 0.129261
259 0.129215
260 0.129291
261 0.129255
262 0.129332
263 0.129236
264 0.129277
265 0.129217
266 0.129129
267 0.129214
268 0.129231
269 0.129167
270 0.129227
271 0.129207
272 0.129193
273 0.12914
274 0.129174
275 0.129154
276 0.1292
277 0.129146
278 0.129137
279 0.129101
280 0.129162
281 0.129118
282 0.129126
283 0.129152
284 0.1291
285 0.129042
286 0.129025
287 0.129076
288 0.129088
289 0.129054
290 0.129044
291 0.129108
292 0.12907
293 0.129065
294 0.128994
295 0.129026
296 0.129026
297 0.128973
298 0.129027
299 0.129006
300 0.128982
301 0.128985
302 0.129035
303 0.128962
304 0.12898
305 0.128976
306 0.128933
307 0.128886
308 0.128987
309 0.128978
310 0.128946
311 0.128961
312 0.128888
313 0.128893
314 0.128874
315 0.128832
316 0.128865
317 0.128858
318 0.128858
319 0.128864
320 0.128861
321 0.12889
322 0.128835
323 0.128893
324 0.128868
325 0.128834
326 0.128814
327 0.128875
328 0.128865
329 0.128831
330 0.128797
331 0.128876
332 0.128827
333 0.128821
334 0.128808
335 0.128849
336 0.128866
337 0.128767
338 0.128758
339 0.128728
340 0.128748
341 0.129008
342 0.1288
343 0.128698
344 0.128769
345 0.128753
346 0.128714
347 0.128746
348 0.128778
349 0.128707
350 0.128697
351 0.128738
352 0.128691
353 0.128705
354 0.128678
355 0.128744
356 0.128719
357 0.128649
358 0.128714
359 0.128663
360 0.128686
361 0.128642
362 0.128647
363 0.12869
364 0.128642
365 0.128703
366 0.128634
367 0.128618
368 0.128635
369 0.128617
370 0.128624
371 0.128594
372 0.128613
373 0.128637
374 0.128625
375 0.128616
376 0.128593
377 0.128619
378 0.128558
379 0.128584
380 0.128577
381 0.128555
382 0.128611
383 0.128583
384 0.128489
385 0.128552
386 0.128541
387 0.128569
388 0.128591
389 0.128539
390 0.128598
391 0.128539
392 0.128527
393 0.128527
394 0.128556
395 0.128555
396 0.128526
397 0.128488
398 0.128513
399 0.128456
400 0.128503
