1 0.0590569
2 0.0524896
3 0.051706
4 0.0477036
5 0.0444188
6 0.0434907
7 0.042509
8 0.0399452
9 0.039029
10 0.0517408
11 0.0370686
12 0.0348474
13 0.0376562
14 0.0325523
15 0.0322535
16 0.0315681
17 0.029101
18 0.02737
19 0.0276991
20 0.026944
21 0.0249802
22 0.0274067
23 0.0236074
24 0.023838
25 0.0227853
26 0.0226379
27 0.0212742
28 0.021694
29 0.0207882
30 0.0205429
31 0.0199377
32 0.0197875
33 0.0188472
34 0.0189809
35 0.018434
36 0.0184408
37 0.017499
38 0.0172302
39 0.0167878
40 0.0172034
41 0.0163264
42 0.016323
43 0.0163894
44 0.0158714
45 0.0155663
46 0.0154934
47 0.014997
48 0.0149636
49 0.0147633
50 0.0147418
51 0.0142038
52 0.0144925
53 0.0138093
54 0.0138102
55 0.0137801
56 0.0134513
57 0.0132144
58 0.0131891
59 0.01281
60 0.0128329
61 0.0127191
62 0.0124653
63 0.0122592
64 0.0124922
65 0.0121997
66 0.0118985
67 0.0118595
68 0.0118361
69 0.0115847
70 0.0116614
71 0.0114321
72 0.0113114
73 0.0112105
74 0.0110358
75 0.0109931
76 0.0109396
77 0.0107392
78 0.0106804
79 0.0106264
80 0.010537
81 0.0103688
82 0.0103579
83 0.0101251
84 0.0101849
85 0.0101468
86 0.00998828
87 0.00982148
88 0.00982488
89 0.0097137
90 0.00966303
91 0.00955058
92 0.00953789
93 0.009411
94 0.00933657
95 0.00931585
96 0.0092149
97 0.00916657
98 0.00909641
99 0.00903971
100 0.00905918
101 0.00886632
102 0.00877516
103 0.00875957
104 0.00866664
105 0.00862991
106 0.00858047
107 0.00850718
108 0.00843969
109 0.00838818
110 0.00832731
111 0.00824593
112 0.00823915
113 0.00818296
114 0.00813155
115 0.00812902
116 0.00807261
117 0.00794214
118 0.00793042
119 0.00787271
120 0.00788164
121 0.00775402
122 0.00771012
123 0.00770382
124 0.00768636
125 0.00761802
126 0.00755543
127 0.00750618
128 0.00751328
129 0.00741147
130 0.00742424
131 0.00732208
132 0.0073046
133 0.00729164
134 0.00722189
135 0.00719402
136 0.00716588
137 0.00711631
138 0.00700781
139 0.00701872
140 0.00698332
141 0.00692961
142 0.00695304
143 0.00687891
144 0.00684241
145 0.00685734
146 0.00679522
147 0.00676458
148 0.00674877
149 0.00666381
150 0.00665852
151 0.0066593
152 0.00661504
153 0.00651901
154 0.00654613
155 0.00649019
156 0.00649083
157 0.00643009
158 0.00644295
159 0.0063221
160 0.00641263
161 0.00627703
162 0.00628533
163 0.00626608
164 0.00623661
165 0.00617754
166 0.00617636
167 0.00611454
168 0.00610906
169 0.00609962
170 0.00607368
171 0.00605407
172 0.00602754
173 0.00594863
174 0.00598914
175 0.00597903
176 0.00588315
177 0.00588542
178 0.00586869
179 0.00583521
180 0.00581744
181 0.0057596
182 0.0057445
183 0.00574525
184 0.00573213
185 0.00570405
186 0.00568139
187 0.00563891
188 0.00561283
189 0.00560202
190 0.00557739
191 0.00556716
192 0.00558521
193 0.00549684
194 0.005477
195 0.00551774
196 0.00545763
197 0.0054575
198 0.00540532
199 0.00536464
200 0.00541227
201 0.0053357
202 0.00533813
203 0.00529816
204 0.00532651
205 0.00527338
206 0.00524901
207 0.00526222
208 0.00523358
209 0.00519862
210 0.00518452
211 0.00516402
212 0.00515014
213 0.00513436
214 0.00514075
215 0.00508526
216 0.00507572
217 0.00505298
218 0.00503904
219 0.00499564
220 0.00504443
221 0.00499825
222 0.00497272
223 0.00496801
224 0.00493817
225 0.00491064
226 0.00490192
227 0.00488722
228 0.00486356
229 0.00482531
230 0.004845
231 0.0048448
232 0.00483311
233 0.00480986
234 0.00477159
235 0.00479301
236 0.00474528
237 0.00473897
238 0.00474859
239 0.00472186
240 0.00467715
241 0.00466792
242 0.00467428
243 0.00465767
244 0.00466603
245 0.00460852
246 0.00463452
247 0.00457777
248 0.00459529
249 0.00456285
250 0.0045651
251 0.00455032
252 0.0045386
253 0.00453562
254 0.00451779
255 0.00451748
256 0.00446872
257 0.00446098
258 0.00445523
259 0.00442958
260 0.00444768
261 0.00439388
262 0.00438617
263 0.00438503
264 0.00437973
265 0.00440032
266 0.00436569
267 0.00433155
268 0.00434019
269 0.00429273
270 0.00430024
271 0.00424276
272 0.00427446
273 0.00429155
274 0.00426267
275 0.00425091
276 0.00422172
277 0.00421228
278 0.00419495
279 0.00423571
280 0.00418287
281 0.00416962
282 0.00416575
283 0.00412148
284 0.00414892
285 0.00413552
286 0.00413097
287 0.00412779
288 0.0041029
289 0.00409412
290 0.00408645
291 0.00407823
292 0.00408047
293 0.00406571
294 0.00403201
295 0.00402541
296 0.00402824
297 0.00401791
298 0.00400079
299 0.00402005
300 0.00397753
301 0.00395332
302 0.00396005
303 0.00394602
304 0.0039417
305 0.00392121
306 0.00389731
307 0.0039494
308 0.00388576
309 0.00391643
310 0.00387653
311 0.00387703
312 0.00389892
313 0.00386804
314 0.00386088
315 0.00383633
316 0.0038253
317 0.00380271
318 0.00382648
319 0.0038144
320 0.00376418
321 0.00377781
322 0.00377105
323 0.00378022
324 0.00374749
325 0.00377023
326 0.00372123
327 0.00372271
328 0.00371281
329 0.00370356
330 0.00371954
331 0.00370286
332 0.00370342
333 0.00366509
334 0.0036583
335 0.00366694
336 0.0036628
337 0.00368237
338 0.00362869
339 0.00362094
340 0.00364446
341 0.00362227
342 0.00363733
343 0.00360659
344 0.00357978
345 0.00359391
346 0.00360354
347 0.00358846
348 0.0035826
349 0.00356964
350 0.00356971
351 0.00354902
352 0.00353117
353 0.00352402
354 0.00351857
355 0.00351949
356 0.00352407
357 0.0034996
358 0.00350253
359 0.00349292
360 0.00345896
361 0.00344486
362 0.00346153
363 0.00343772
364 0.00345171
365 0.00343579
366 0.00342424
367 0.00342704
368 0.00342981
369 0.00340481
370 0.00341061
371 0.00339385
372 0.00337425
373 0.00338847
374 0.00335428
375 0.00337047
376 0.00336039
377 0.00332446
378 0.00337939
379 0.00335924
380 0.00333165
381 0.00332173
382 0.00333795
383 0.00331893
384 0.00329492
385 0.00331789
386 0.0033197
387 0.00328723
388 0.00329
389 0.00326155
390 0.00328313
391 0.00326094
392 0.00325231
393 0.00324553
394 0.00325804
395 0.00325331
396 0.00324583
397 0.00324819
398 0.00322351
399 0.00321055
400 0.00323909
