1 0.300277
2 0.299427
3 0.300019
4 0.300064
5 0.29994
6 0.300007
7 0.299653
8 0.300136
9 0.300152
10 0.299243
11 0.300492
12 0.319121
13 0.32433
14 0.326705
15 0.330095
16 0.333503
17 0.33412
18 0.335109
19 0.338052
20 0.338928
21 0.338746
22 0.340702
23 0.342939
24 0.344947
25 0.346272
26 0.347195
27 0.348466
28 0.350114
29 0.351456
30 0.351378
31 0.353529
32 0.353233
33 0.354145
34 0.354431
35 0.355153
36 0.356055
37 0.356254
38 0.356426
39 0.358076
40 0.358452
41 0.358263
42 0.359034
43 0.358252
44 0.359129
45 0.360078
46 0.360591
47 0.361233
48 0.360285
49 0.361284
50 0.36129
51 0.361667
52 0.361721
53 0.362225
54 0.362093
55 0.361979
56 0.362348
57 0.362575
58 0.363673
59 0.363178
60 0.364002
61 0.364477
62 0.364495
63 0.364252
64 0.364501
65 0.364702
66 0.364909
67 0.364172
68 0.365179
69 0.365421
70 0.366326
71 0.366255
72 0.366068
73 0.366953
74 0.365596
75 0.36675
76 0.36585
77 0.366001
78 0.366828
79 0.366573
80 0.366728
81 0.366598
82 0.367313
83 0.366584
84 0.36716
85 0.367573
86 0.367545
87 0.367569
88 0.367425
89 0.368042
90 0.36835
91 0.367879
92 0.367952
93 0.368205
94 0.369073
95 0.368287
96 0.368952
97 0.368556
98 0.368412
99 0.368125
100 0.369483
101 0.36877
102 0.368426
103 0.368555
104 0.368981
105 0.369337
106 0.36955
107 0.369205
108 0.369259
109 0.369065
110 0.368053
111 0.369922
112 0.369405
113 0.369379
114 0.368739
115 0.369208
116 0.369371
117 0.370559
118 0.369782
119 0.369354
120 0.369369
121 0.369708
122 0.370131
123 0.370215
124 0.370148
125 0.369521
126 0.370461
127 0.370464
128 0.37047
129 0.370782
130 0.370097
131 0.370603
132 0.370977
133 0.370594
134 0.369933
135 0.369801
136 0.370911
137 0.371162
138 0.370655
139 0.371878
140 0.371188
141 0.370559
142 0.371073
143 0.370367
144 0.370182
145 0.370832
146 0.370556
147 0.370722
148 0.370729
149 0.371273
150 0.371355
151 0.371299
152 0.371095
153 0.371143
154 0.372411
155 0.371711
156 0.371285
157 0.371733
158 0.371315
159 0.371465
160 0.371536
161 0.37107
162 0.371781
163 0.371049
164 0.371042
165 0.372035
166 0.371962
167 0.372136
168 0.371737
169 0.37221
170 0.371648
171 0.371084
172 0.371736
173 0.371968
174 0.371758
175 0.3722
176 0.37029
177 0.372492
178 0.371332
179 0.371683
180 0.371817
181 0.371315
182 0.372337
183 0.372295
184 0.372641
185 0.372621
186 0.372281
187 0.371773
188 0.371988
189 0.372448
190 0.372459
191 0.371905
192 0.37273
193 0.372483
194 0.372378
195 0.372611
196 0.372336
197 0.372784
198 0.372998
199 0.372916
200 0.372278
201 0.372553
202 0.37276
203 0.372177
204 0.372371
205 0.372556
206 0.371982
207 0.373184
208 0.37265
209 0.371939
210 0.373095
211 0.372116
212 0.37266
213 0.372253
214 0.372499
215 0.372844
216 0.372176
217 0.373704
218 0.372891
219 0.373182
220 0.372893
221 0.372959
222 0.373092
223 0.373214
224 0.373028
225 0.372779
226 0.373082
227 0.37313
228 0.373503
229 0.373085
230 0.373011
231 0.373585
232 0.373453
233 0.372461
234 0.372845
235 0.372922
236 0.374415
237 0.37367
238 0.373475
239 0.373003
240 0.373473
241 0.373979
242 0.373624
243 0.372855
244 0.373381
245 0.374497
246 0.372992
247 0.37337
248 0.373836
249 0.37319
250 0.373215
251 0.373718
252 0.373277
253 0.373443
254 0.372931
255 0.3733
256 0.373919
257 0.374284
258 0.373273
259 0.373527
260 0.373731
261 0.374021
262 0.373643
263 0.373384
264 0.373155
265 0.373583
266 0.373334
267 0.374359
268 0.373394
269 0.373673
270 0.374006
271 0.373836
272 0.37303
273 0.373132
274 0.373337
275 0.374867
276 0.373425
277 0.373207
278 0.373113
279 0.37339
280 0.37423
281 0.37399
282 0.373632
283 0.373735
284 0.373372
285 0.373725
286 0.373826
287 0.374099
288 0.373549
289 0.37391
290 0.373893
291 0.373671
292 0.373977
293 0.373941
294 0.372939
295 0.374934
296 0.374711
297 0.373008
298 0.373517
299 0.373762
300 0.373971
301 0.374428
302 0.373886
303 0.373221
304 0.374401
305 0.373738
306 0.3741
307 0.373677
308 0.37483
309 0.373992
310 0.374083
311 0.37368
312 0.37421
313 0.37371
314 0.374052
315 0.374056
316 0.373923
317 0.374212
318 0.373849
319 0.373986
320 0.373917
321 0.374046
322 0.373992
323 0.374238
324 0.373926
325 0.373919
326 0.373093
327 0.373646
328 0.374849
329 0.374703
330 0.374698
331 0.373685
332 0.374462
333 0.373521
334 0.374117
335 0.375234
336 0.372971
337 0.372691
338 0.374527
339 0.374886
340 0.374336
341 0.37405
342 0.374237
343 0.374118
344 0.375104
345 0.373669
346 0.373978
347 0.374725
348 0.374709
349 0.374652
350 0.373964
351 0.373598
352 0.375018
353 0.37406
354 0.374685
355 0.375028
356 0.374549
357 0.374305
358 0.373457
359 0.374692
360 0.374254
361 0.375179
362 0.374876
363 0.37471
364 0.374081
365 0.374264
366 0.374933
367 0.375353
368 0.373337
369 0.374389
370 0.374274
371 0.374831
372 0.374412
373 0.374372
374 0.374707
375 0.3747
376 0.374343
377 0.374564
378 0.374387
379 0.375657
380 0.374326
381 0.375854
382 0.374738
383 0.374778
384 0.374445
385 0.375283
386 0.374874
387 0.374497
388 0.374696
389 0.374152
390 0.373682
391 0.37383
392 0.375169
393 0.374523
394 0.374403
395 0.374905
396 0.374173
397 0.375302
398 0.375461
399 0.375134
400 0.375752
