1 0.5
2 0.354639
3 0.290381
4 0.252307
5 0.226617
6 0.207389
7 0.192576
8 0.18086
9 0.171168
10 0.163005
11 0.155875
12 0.149703
13 0.14432
14 0.139275
15 0.135225
16 0.131207
17 0.127739
18 0.1244
19 0.121525
20 0.118842
21 0.116076
22 0.113911
23 0.11168
24 0.109583
25 0.10775
26 0.106055
27 0.104238
28 0.102637
29 0.101436
30 0.0998945
31 0.0985455
32 0.0971575
33 0.0960028
34 0.0949437
35 0.0938126
36 0.0925705
37 0.0914588
38 0.0907474
39 0.0898534
40 0.0889599
41 0.0882154
42 0.0872105
43 0.0864246
44 0.0860068
45 0.0852234
46 0.0843593
47 0.0836033
48 0.0831721
49 0.0827377
50 0.0821899
51 0.0816012
52 0.0810269
53 0.0807443
54 0.0799308
55 0.0797972
56 0.0792446
57 0.0788833
58 0.0785782
59 0.0779853
60 0.0776429
61 0.0772577
62 0.0767959
63 0.0763399
64 0.0757411
65 0.0760234
66 0.0757009
67 0.0753553
68 0.075144
69 0.0747298
70 0.0746452
71 0.0742874
72 0.0737816
73 0.07345
74 0.0734431
75 0.0733331
76 0.0733804
77 0.0729421
78 0.0728018
79 0.0728771
80 0.0724923
81 0.0723301
82 0.0724717
83 0.0720628
84 0.0718087
85 0.0720469
86 0.0713398
87 0.0715034
88 0.0713858
89 0.0711935
90 0.0711185
91 0.070987
92 0.0706341
93 0.0704801
94 0.0705355
95 0.0705321
96 0.070286
97 0.070096
98 0.0703868
99 0.0701028
100 0.070126
101 0.0698549
102 0.0702423
103 0.0698714
104 0.0697185
105 0.0695978
106 0.069525
107 0.0696956
108 0.0693965
109 0.0691597
110 0.069447
111 0.0689811
112 0.0691472
113 0.0690247
114 0.068892
115 0.068983
116 0.0691369
117 0.0690385
118 0.0690007
119 0.0688254
120 0.0686393
121 0.0685701
122 0.0685922
123 0.068688
124 0.0684448
125 0.0683644
126 0.06819
127 0.0685977
128 0.068256
129 0.0680877
130 0.0680634
131 0.0683696
132 0.0683598
133 0.068105
134 0.068252
135 0.0682461
136 0.0680507
137 0.0681292
138 0.067935
139 0.0676747
140 0.068009
141 0.067908
142 0.0680388
143 0.0680404
144 0.0677219
145 0.0680653
146 0.0677412
147 0.0677617
148 0.0678116
149 0.0675782
150 0.0678008
151 0.0677181
152 0.06768
153 0.0676441
154 0.0676252
155 0.0678608
156 0.0676214
157 0.0676331
158 0.0677223
159 0.067821
160 0.0677038
161 0.0676203
162 0.0675683
163 0.0674807
164 0.0678467
165 0.0676162
166 0.0674884
167 0.0676333
168 0.0675006
169 0.0673421
170 0.0683472
171 0.0682088
172 0.0670518
173 0.0675246
174 0.0676014
175 0.0677718
176 0.0676571
177 0.0676503
178 0.0674149
179 0.0678175
180 0.0674902
181 0.06745
182 0.0675054
183 0.0675654
184 0.0675785
185 0.0674712
186 0.0671163
187 0.0679626
188 0.06755
189 0.0675791
190 0.0675588
191 0.0675277
192 0.067393
193 0.0677806
194 0.067612
195 0.0678307
196 0.0678023
197 0.0678298
198 0.0677001
199 0.067796
200 0.0677425
201 0.067691
202 0.0676552
203 0.0679027
204 0.0675441
205 0.0684452
206 0.0675467
207 0.0678801
208 0.0678252
209 0.0675998
210 0.0675637
211 0.0678832
212 0.0678131
213 0.0676316
214 0.0680634
215 0.0678551
216 0.0677225
217 0.0679067
218 0.0678081
219 0.0676012
220 0.0679685
221 0.0679795
222 0.0677755
223 0.0678502
224 0.0679595
225 0.0677117
226 0.0679222
227 0.0681533
228 0.068117
229 0.0679468
230 0.0678898
231 0.0679367
232 0.0681732
233 0.0682464
234 0.0679665
235 0.0679959
236 0.0680483
237 0.068004
238 0.068002
239 0.068155
240 0.0680634
241 0.0682084
242 0.0681974
243 0.0682162
244 0.0682357
245 0.0684585
246 0.0683441
247 0.0682723
248 0.0683332
249 0.0683055
250 0.0684012
251 0.0683142
252 0.0681981
253 0.0683393
254 0.0685853
255 0.0692983
256 0.0684419
257 0.0672012
258 0.067972
259 0.068283
260 0.0682451
261 0.0683018
262 0.0682972
263 0.0686584
264 0.0685379
265 0.0683812
266 0.0685144
267 0.0687673
268 0.0686322
269 0.0684167
270 0.0683404
271 0.0682857
272 0.0685188
273 0.0685453
274 0.0686385
275 0.0686854
276 0.0684768
277 0.0686307
278 0.0683103
279 0.0686432
280 0.0687378
281 0.0687047
282 0.0687183
283 0.0685833
284 0.068779
285 0.0687118
286 0.0688161
287 0.0686159
288 0.0685811
289 0.0688435
290 0.0690586
291 0.0686285
292 0.0686795
293 0.0686452
294 0.0687192
295 0.0685896
296 0.0688487
297 0.0688243
298 0.0687797
299 0.0689368
300 0.0689223
301 0.0688005
302 0.0688853
303 0.0688329
304 0.0687526
305 0.0690905
306 0.0688526
307 0.0685931
308 0.0688708
309 0.0687892
310 0.0691097
311 0.0689033
312 0.069065
313 0.0689487
314 0.0690771
315 0.069109
316 0.0690838
317 0.0692385
318 0.0690243
319 0.0692749
320 0.0690154
321 0.0693838
322 0.0690778
323 0.0691905
324 0.0691952
325 0.0691675
326 0.0691203
327 0.0691578
328 0.0693755
329 0.0691881
330 0.0693213
331 0.0691556
332 0.0692938
333 0.0693564
334 0.069212
335 0.0693505
336 0.0692151
337 0.0693239
338 0.0693411
339 0.0693484
340 0.0693869
341 0.069081
342 0.0693843
343 0.0695919
344 0.0694603
345 0.0695199
346 0.0693969
347 0.0695062
348 0.0694549
349 0.0694969
350 0.0695567
351 0.0697461
352 0.0695233
353 0.0695141
354 0.0697426
355 0.0696094
356 0.0696567
357 0.0695364
358 0.0696278
359 0.0697253
360 0.0696068
361 0.0697546
362 0.0696203
363 0.0696742
364 0.0696871
365 0.0696896
366 0.0695976
367 0.0696135
368 0.0697864
369 0.0697702
370 0.0696332
371 0.0699164
372 0.0696492
373 0.0697518
374 0.0700475
375 0.0696961
376 0.0697482
377 0.0700339
378 0.069742
379 0.0697886
380 0.0699087
381 0.0698296
382 0.0697982
383 0.0701285
384 0.0699191
385 0.0697745
386 0.0700039
387 0.0699905
388 0.0699304
389 0.0701888
390 0.0698161
391 0.0699969
392 0.0700075
393 0.0701924
394 0.0700688
395 0.0700165
396 0.070096
397 0.0701236
398 0.0702162
399 0.0699311
400 0.070083
