1 0.95568
2 0.634459
3 0.497173
4 0.432183
5 0.393108
6 0.365333
7 0.341519
8 0.320461
9 0.301725
10 0.284422
11 0.269003
12 0.255071
13 0.242321
14 0.230964
15 0.220859
16 0.211593
17 0.2032
18 0.195592
19 0.188536
20 0.182339
21 0.176555
22 0.171376
23 0.166584
24 0.162153
25 0.158217
26 0.154281
27 0.150414
28 0.146747
29 0.143036
30 0.139687
31 0.13645
32 0.133562
33 0.130469
34 0.127711
35 0.125092
36 0.122563
37 0.120128
38 0.117865
39 0.115709
40 0.113599
41 0.111731
42 0.109794
43 0.107896
44 0.10618
45 0.104517
46 0.102933
47 0.101399
48 0.0998356
49 0.0983171
50 0.0970193
51 0.0955955
52 0.0942644
53 0.0929439
54 0.0916599
55 0.0904737
56 0.0893236
57 0.088214
58 0.0869947
59 0.0859846
60 0.0848837
61 0.083849
62 0.0827881
63 0.0817657
64 0.0806981
65 0.0797554
66 0.0789041
67 0.0780486
68 0.0771526
69 0.0762711
70 0.0754182
71 0.0746511
72 0.0738464
73 0.0730669
74 0.0722816
75 0.0715061
76 0.0707456
77 0.0700195
78 0.0693313
79 0.0686431
80 0.0679605
81 0.0672901
82 0.0666713
83 0.0660658
84 0.0653875
85 0.0647313
86 0.0641136
87 0.0635244
88 0.0629114
89 0.0623486
90 0.0618013
91 0.0611985
92 0.0606429
93 0.0601319
94 0.0595944
95 0.0590674
96 0.0585791
97 0.0581079
98 0.0576303
99 0.0571393
100 0.0566628
101 0.0561865
102 0.0557693
103 0.0553447
104 0.054919
105 0.0544696
106 0.0540154
107 0.0536084
108 0.0532069
109 0.0527375
110 0.0523449
111 0.0519219
112 0.0515469
113 0.0511659
114 0.0508027
115 0.0504058
116 0.0500396
117 0.0497309
118 0.0493937
119 0.0489756
120 0.0486365
121 0.0482683
122 0.0479732
123 0.0476146
124 0.0473064
125 0.0469808
126 0.0466548
127 0.0463151
128 0.0460225
129 0.0456624
130 0.0453513
131 0.0450673
132 0.044822
133 0.044512
134 0.0442177
135 0.0439188
136 0.0436469
137 0.0433631
138 0.0431105
139 0.042819
140 0.0424975
141 0.0422495
142 0.0420018
143 0.0417113
144 0.0414294
145 0.041201
146 0.0409357
147 0.0406634
148 0.0404608
149 0.0401833
150 0.0399387
151 0.0397523
152 0.0394954
153 0.039264
154 0.0390438
155 0.0388335
156 0.0386271
157 0.0383762
158 0.0381833
159 0.0379473
160 0.0377442
161 0.0375248
162 0.0373081
163 0.0370709
164 0.036892
165 0.036677
166 0.0364885
167 0.0362364
168 0.0360397
169 0.0358269
170 0.0356468
171 0.035416
172 0.0352577
173 0.0350708
174 0.034863
175 0.034679
176 0.0344943
177 0.0343143
178 0.0341255
179 0.0339604
180 0.033816
181 0.0336665
182 0.0334899
183 0.0332886
184 0.0331615
185 0.0329894
186 0.032813
187 0.032625
188 0.0324375
189 0.0322729
190 0.0321214
191 0.0319584
192 0.0317858
193 0.0316294
194 0.0314752
195 0.0313291
196 0.0312008
197 0.0310215
198 0.0309004
199 0.0307395
200 0.0305961
201 0.0304667
202 0.0302968
203 0.0301615
204 0.0300449
205 0.0299341
206 0.0297694
207 0.0296159
208 0.0295077
209 0.0293624
210 0.0292284
211 0.0290814
212 0.0289524
213 0.0288487
214 0.02871
215 0.028586
216 0.0284419
217 0.0283519
218 0.0281982
219 0.0280487
220 0.0279608
221 0.0278664
222 0.0277578
223 0.0276093
224 0.0274786
225 0.0273571
226 0.0272473
227 0.0271177
228 0.0269952
229 0.0268848
230 0.026798
231 0.0266938
232 0.0265878
233 0.0264584
234 0.0263429
235 0.0262205
236 0.0260959
237 0.025977
238 0.0258829
239 0.0257786
240 0.0256771
241 0.0255613
242 0.0254734
243 0.0253484
244 0.0252377
245 0.0251296
246 0.0250146
247 0.0249248
248 0.0248321
249 0.0247335
250 0.0246221
251 0.024504
252 0.0244283
253 0.024362
254 0.0242608
255 0.0241571
256 0.0240687
257 0.0239907
258 0.0238833
259 0.023796
260 0.023704
261 0.0235896
262 0.0235105
263 0.0234353
264 0.023337
265 0.0232545
266 0.0231648
267 0.0230636
268 0.022991
269 0.0228971
270 0.0228271
271 0.0227342
272 0.0226585
273 0.0225853
274 0.0225083
275 0.0223957
276 0.0223171
277 0.0222312
278 0.0221629
279 0.0220822
280 0.0219926
281 0.021941
282 0.0218539
283 0.0217849
284 0.0216885
285 0.0216331
286 0.021552
287 0.021482
288 0.021392
289 0.0213162
290 0.021258
291 0.0211787
292 0.021108
293 0.0210474
294 0.0209792
295 0.0209266
296 0.0208351
297 0.0207683
298 0.0206953
299 0.0206201
300 0.0205454
301 0.0204672
302 0.0203998
303 0.0203273
304 0.020243
305 0.0201851
306 0.0201266
307 0.0200619
308 0.0199805
309 0.019903
310 0.0198514
311 0.0197813
312 0.0197143
313 0.019641
314 0.0195908
315 0.0195178
316 0.0194687
317 0.0193992
318 0.0193557
319 0.0192915
320 0.0192149
321 0.0191434
322 0.0190865
323 0.0190379
324 0.0189731
325 0.0189001
326 0.0188605
327 0.0188004
328 0.0187294
329 0.0186703
330 0.0185968
331 0.0185565
332 0.0184976
333 0.0184323
334 0.0183938
335 0.0183344
336 0.018283
337 0.0182269
338 0.0181654
339 0.0181061
340 0.0180571
341 0.018005
342 0.0179461
343 0.0178772
344 0.0178168
345 0.0177621
346 0.0177182
347 0.0176733
348 0.0176262
349 0.0175721
350 0.0175364
351 0.0174941
352 0.0174615
353 0.0174023
354 0.0173568
355 0.0173053
356 0.0172447
357 0.0172021
358 0.017152
359 0.0171071
360 0.0170631
361 0.0170159
362 0.016957
363 0.0169117
364 0.0168538
365 0.0168159
366 0.0167679
367 0.01672
368 0.0166705
369 0.0166345
370 0.0165851
371 0.0165384
372 0.0164935
373 0.0164602
374 0.016401
375 0.0163535
376 0.0163192
377 0.0162629
378 0.0162156
379 0.0161619
380 0.0161268
381 0.0160787
382 0.0160265
383 0.0159909
384 0.0159616
385 0.0159011
386 0.0158528
387 0.0158072
388 0.0157747
389 0.0157239
390 0.01569
391 0.0156381
392 0.015611
393 0.0155711
394 0.0155254
395 0.0154788
396 0.0154312
397 0.0153888
398 0.0153362
399 0.0153015
400 0.0152662
