1 0.314304
2 0.314208
3 0.314099
4 0.313916
5 0.31386
6 0.313825
7 0.313857
8 0.313807
9 0.31379
10 0.313808
11 0.313841
12 0.313827
13 0.313834
14 0.313858
15 0.313854
16 0.30966
17 0.30582
18 0.302352
19 0.299213
20 0.296373
21 0.293799
22 0.291453
23 0.289311
24 0.287347
25 0.285539
26 0.283872
27 0.282339
28 0.280917
29 0.279593
30 0.278357
31 0.277204
32 0.27612
33 0.275102
34 0.274147
35 0.273244
36 0.272387
37 0.271575
38 0.270807
39 0.270078
40 0.269384
41 0.268723
42 0.268092
43 0.267487
44 0.266906
45 0.266344
46 0.265805
47 0.265285
48 0.264782
49 0.264292
50 0.263819
51 0.26336
52 0.262914
53 0.262478
54 0.262054
55 0.26164
56 0.261236
57 0.260837
58 0.260445
59 0.26006
60 0.259683
61 0.259306
62 0.25893
63 0.258555
64 0.258183
65 0.257812
66 0.257443
67 0.257076
68 0.256711
69 0.256346
70 0.25598
71 0.255615
72 0.255234
73 0.254842
74 0.254447
75 0.254046
76 0.253643
77 0.253239
78 0.252833
79 0.252428
80 0.252023
81 0.251613
82 0.251196
83 0.250747
84 0.250279
85 0.249801
86 0.249317
87 0.248894
88 0.24847
89 0.24805
90 0.247635
91 0.247224
92 0.246818
93 0.246403
94 0.245971
95 0.245522
96 0.245062
97 0.244603
98 0.24415
99 0.243703
100 0.24327
101 0.242854
102 0.242446
103 0.242049
104 0.241651
105 0.241235
106 0.240825
107 0.240411
108 0.240004
109 0.239604
110 0.239216
111 0.238853
112 0.238502
113 0.238174
114 0.237861
115 0.23756
116 0.23725
117 0.236943
118 0.236659
119 0.236389
120 0.236145
121 0.235922
122 0.235726
123 0.235547
124 0.235393
125 0.235268
126 0.235169
127 0.235086
128 0.235045
129 0.23506
130 0.235092
131 0.235142
132 0.235212
133 0.235299
134 0.235405
135 0.235529
136 0.235671
137 0.235826
138 0.235991
139 0.236165
140 0.236352
141 0.236557
142 0.236778
143 0.237014
144 0.237263
145 0.237528
146 0.237808
147 0.238102
148 0.238408
149 0.238725
150 0.239051
151 0.239389
152 0.239738
153 0.240101
154 0.240475
155 0.240859
156 0.241252
157 0.241654
158 0.242067
159 0.242487
160 0.242916
161 0.243353
162 0.243804
163 0.244261
164 0.244726
165 0.245197
166 0.245675
167 0.246155
168 0.246642
169 0.247132
170 0.247627
171 0.248124
172 0.248625
173 0.249126
174 0.249631
175 0.250136
176 0.250645
177 0.251154
178 0.251664
179 0.252173
180 0.25268
181 0.253187
182 0.253691
183 0.254192
184 0.254686
185 0.255173
186 0.255651
187 0.256122
188 0.256583
189 0.257034
190 0.257474
191 0.257902
192 0.25832
193 0.258723
194 0.259114
195 0.259489
196 0.259847
197 0.260196
198 0.260526
199 0.260836
200 0.261129
201 0.261401
202 0.261652
203 0.261883
204 0.262092
205 0.26228
206 0.262448
207 0.262594
208 0.262715
209 0.262815
210 0.262891
211 0.262942
212 0.262971
213 0.262975
214 0.262954
215 0.262912
216 0.262844
217 0.262755
218 0.262644
219 0.262512
220 0.262356
221 0.262179
222 0.261979
223 0.261759
224 0.261519
225 0.26126
226 0.260982
227 0.260686
228 0.260372
229 0.260042
230 0.259694
231 0.259329
232 0.258949
233 0.258554
234 0.258145
235 0.257723
236 0.257287
237 0.256839
238 0.25638
239 0.255909
240 0.25543
241 0.25494
242 0.254441
243 0.253933
244 0.253418
245 0.252894
246 0.252364
247 0.251826
248 0.251281
249 0.250731
250 0.250174
251 0.249612
252 0.249046
253 0.248475
254 0.247901
255 0.247323
256 0.246742
257 0.24616
258 0.245576
259 0.24499
260 0.244403
261 0.243816
262 0.243229
263 0.242641
264 0.242053
265 0.241465
266 0.240877
267 0.240289
268 0.239703
269 0.239118
270 0.238534
271 0.237953
272 0.237373
273 0.236795
274 0.23622
275 0.235646
276 0.235074
277 0.234505
278 0.233938
279 0.233375
280 0.232813
281 0.232254
282 0.231698
283 0.231143
284 0.230592
285 0.230043
286 0.229497
287 0.228954
288 0.228413
289 0.227876
290 0.227342
291 0.226811
292 0.226282
293 0.225756
294 0.225233
295 0.224713
296 0.224195
297 0.22368
298 0.223168
299 0.222659
300 0.222153
301 0.221649
302 0.221148
303 0.22065
304 0.220155
305 0.219662
306 0.219172
307 0.218685
308 0.218201
309 0.21772
310 0.217242
311 0.216766
312 0.216293
313 0.215821
314 0.215352
315 0.214886
316 0.214421
317 0.213959
318 0.213499
319 0.213042
320 0.212587
321 0.212134
322 0.211684
323 0.211236
324 0.210789
325 0.210345
326 0.209904
327 0.209464
328 0.209027
329 0.208592
330 0.208159
331 0.207728
332 0.207299
333 0.206872
334 0.206447
335 0.206024
336 0.205602
337 0.205183
338 0.204766
339 0.204351
340 0.203938
341 0.203527
342 0.203118
343 0.202711
344 0.202307
345 0.201903
346 0.201502
347 0.201104
348 0.200707
349 0.200312
350 0.199918
351 0.199527
352 0.199137
353 0.19875
354 0.198364
355 0.19798
356 0.197597
357 0.197216
358 0.196837
359 0.19646
360 0.196084
361 0.19571
362 0.195337
363 0.194967
364 0.194598
365 0.19423
366 0.193865
367 0.1935
368 0.193138
369 0.192777
370 0.192418
371 0.192059
372 0.191703
373 0.191348
374 0.190995
375 0.190643
376 0.190292
377 0.189943
378 0.189595
379 0.189249
380 0.188904
381 0.188561
382 0.188219
383 0.187878
384 0.187539
385 0.187202
386 0.186866
387 0.186532
388 0.186199
389 0.185867
390 0.185537
391 0.185208
392 0.18488
393 0.184555
394 0.18423
395 0.183906
396 0.183584
397 0.183264
398 0.182944
399 0.182627
400 0.182311
