1 0.066617
2 0.066794
3 0.06656
4 0.066905
5 0.066719
6 0.066894
7 0.06668
8 0.067304
9 0.06671
10 0.066393
11 0.066552
12 0.066869
13 0.066418
14 0.06625
15 0.066335
16 0.110172
17 0.11197
18 0.112983
19 0.113663
20 0.113906
21 0.113791
22 0.113796
23 0.11371
24 0.113702
25 0.113714
26 0.113584
27 0.113357
28 0.113306
29 0.11327
30 0.113244
31 0.113109
32 0.113165
33 0.113283
34 0.113069
35 0.113157
36 0.113362
37 0.113664
38 0.113764
39 0.113678
40 0.113764
41 0.113791
42 0.113886
43 0.114137
44 0.114508
45 0.115053
46 0.115209
47 0.115557
48 0.115773
49 0.116025
50 0.11637
51 0.116766
52 0.11708
53 0.117947
54 0.118379
55 0.118776
56 0.119356
57 0.120202
58 0.121077
59 0.121896
60 0.122572
61 0.124144
62 0.125775
63 0.127032
64 0.128133
65 0.129604
66 0.130938
67 0.132311
68 0.13363
69 0.135057
70 0.136589
71 0.138309
72 0.141733
73 0.144745
74 0.146886
75 0.149528
76 0.151674
77 0.153858
78 0.156044
79 0.15793
80 0.159711
81 0.162001
82 0.165352
83 0.171351
84 0.175915
85 0.180015
86 0.183499
87 0.180881
88 0.18353
89 0.185426
90 0.186931
91 0.188898
92 0.190593
93 0.194722
94 0.200243
95 0.205545
96 0.209518
97 0.21232
98 0.213809
99 0.21555
100 0.216203
101 0.21646
102 0.217464
103 0.217977
104 0.221281
105 0.226184
106 0.22874
107 0.231442
108 0.232993
109 0.234322
110 0.234715
111 0.233359
112 0.23307
113 0.232442
114 0.231866
115 0.232336
116 0.235648
117 0.237353
118 0.236029
119 0.235367
120 0.232388
121 0.230144
122 0.227009
123 0.225273
124 0.222067
125 0.217061
126 0.213208
127 0.210305
128 0.202577
129 0.191764
130 0.189064
131 0.186311
132 0.183284
133 0.1801
134 0.17694
135 0.173052
136 0.169835
137 0.167569
138 0.165491
139 0.163291
140 0.159944
141 0.156496
142 0.152871
143 0.149696
144 0.146706
145 0.143496
146 0.139949
147 0.136834
148 0.133807
149 0.131069
150 0.128208
151 0.124606
152 0.121679
153 0.118414
154 0.115274
155 0.112336
156 0.109866
157 0.106895
158 0.103451
159 0.101089
160 0.098199
161 0.095102
162 0.092373
163 0.089912
164 0.086992
165 0.084882
166 0.08228
167 0.08032
168 0.077984
169 0.076345
170 0.074025
171 0.072666
172 0.070463
173 0.069042
174 0.066831
175 0.065461
176 0.063525
177 0.062417
178 0.060773
179 0.059874
180 0.059062
181 0.057866
182 0.057429
183 0.0566
184 0.056861
185 0.056893
186 0.057734
187 0.058579
188 0.059293
189 0.060605
190 0.061959
191 0.063412
192 0.064553
193 0.066862
194 0.068891
195 0.071664
196 0.074665
197 0.07698
198 0.08031
199 0.084055
200 0.087893
201 0.092033
202 0.09645
203 0.100886
204 0.105674
205 0.110626
206 0.115112
207 0.120642
208 0.126178
209 0.131317
210 0.136992
211 0.143143
212 0.149321
213 0.155951
214 0.16227
215 0.168747
216 0.175421
217 0.181994
218 0.188363
219 0.195308
220 0.202382
221 0.209311
222 0.216467
223 0.223498
224 0.230112
225 0.237176
226 0.243942
227 0.25065
228 0.257337
229 0.264071
230 0.2705
231 0.277754
232 0.284037
233 0.290306
234 0.297002
235 0.303365
236 0.309445
237 0.315235
238 0.321214
239 0.326631
240 0.331748
241 0.337121
242 0.342489
243 0.347154
244 0.352176
245 0.356837
246 0.361657
247 0.366474
248 0.370804
249 0.375419
250 0.379602
251 0.383032
252 0.386865
253 0.390852
254 0.394276
255 0.398052
256 0.401223
257 0.403744
258 0.40669
259 0.408943
260 0.411523
261 0.414069
262 0.416063
263 0.418494
264 0.420737
265 0.422831
266 0.424985
267 0.426972
268 0.428473
269 0.430032
270 0.431561
271 0.432817
272 0.43432
273 0.435647
274 0.436737
275 0.438012
276 0.439436
277 0.440455
278 0.44196
279 0.442735
280 0.443901
281 0.444716
282 0.44572
283 0.446645
284 0.447444
285 0.448692
286 0.449756
287 0.450719
288 0.451442
289 0.451864
290 0.452308
291 0.453371
292 0.454251
293 0.455063
294 0.456044
295 0.456736
296 0.457686
297 0.458384
298 0.459346
299 0.460076
300 0.460598
301 0.461364
302 0.462285
303 0.463102
304 0.464204
305 0.464531
306 0.465284
307 0.465647
308 0.466163
309 0.466418
310 0.467315
311 0.468046
312 0.469386
313 0.470456
314 0.471165
315 0.472249
316 0.473098
317 0.473561
318 0.474645
319 0.475647
320 0.476425
321 0.476842
322 0.477838
323 0.478558
324 0.479927
325 0.480733
326 0.481415
327 0.482204
328 0.482879
329 0.483869
330 0.485008
331 0.485485
332 0.486394
333 0.487189
334 0.487974
335 0.488901
336 0.490101
337 0.490701
338 0.490931
339 0.491924
340 0.492331
341 0.492796
342 0.493505
343 0.494503
344 0.495139
345 0.495854
346 0.496318
347 0.496922
348 0.497283
349 0.498317
350 0.498998
351 0.499551
352 0.500393
353 0.500899
354 0.501147
355 0.502146
356 0.502865
357 0.503932
358 0.504738
359 0.505307
360 0.505842
361 0.506294
362 0.507181
363 0.508078
364 0.508747
365 0.509135
366 0.510042
367 0.510716
368 0.511535
369 0.512141
370 0.513316
371 0.514
372 0.514935
373 0.515074
374 0.515469
375 0.516538
376 0.517618
377 0.518265
378 0.518674
379 0.519299
380 0.520368
381 0.520997
382 0.522119
383 0.52246
384 0.522776
385 0.523062
386 0.523924
387 0.524456
388 0.525276
389 0.525748
390 0.52649
391 0.526685
392 0.527441
393 0.528282
394 0.529216
395 0.529644
396 0.529819
397 0.530561
398 0.53094
399 0.531487
400 0.532002
