1 0.0780907
2 0.0717658
3 0.0675958
4 0.0642796
5 0.061248
6 0.0587012
7 0.0563273
8 0.0545153
9 0.0525574
10 0.0509985
11 0.0495942
12 0.0480136
13 0.0466896
14 0.0453834
15 0.0441597
16 0.0430858
17 0.0421291
18 0.0411601
19 0.0401062
20 0.0391838
21 0.0383904
22 0.0376594
23 0.037144
24 0.03626
25 0.0354772
26 0.0348322
27 0.0341435
28 0.0335668
29 0.0330326
30 0.0324069
31 0.032026
32 0.0314163
33 0.0310542
34 0.0306952
35 0.0300297
36 0.0297565
37 0.029226
38 0.0287841
39 0.0284077
40 0.0280832
41 0.0277455
42 0.02728
43 0.0270396
44 0.0266451
45 0.0262971
46 0.0260064
47 0.0256137
48 0.0253874
49 0.0250172
50 0.0247984
51 0.024518
52 0.0242861
53 0.0239213
54 0.0237434
55 0.0234772
56 0.0232129
57 0.0228647
58 0.0226968
59 0.0225887
60 0.0222821
61 0.022004
62 0.021785
63 0.0215932
64 0.0214189
65 0.0212257
66 0.0210339
67 0.0207258
68 0.020667
69 0.0203868
70 0.0201864
71 0.0200549
72 0.0199442
73 0.0197107
74 0.0195501
75 0.0193353
76 0.0193284
77 0.0190771
78 0.0190653
79 0.018837
80 0.0186398
81 0.0184792
82 0.0183907
83 0.018191
84 0.0180998
85 0.0179194
86 0.0178876
87 0.017612
88 0.0175446
89 0.0173718
90 0.0172576
91 0.0171663
92 0.0170326
93 0.0169683
94 0.0168393
95 0.0166128
96 0.0165785
97 0.0164727
98 0.016371
99 0.0162766
100 0.0160939
101 0.016039
102 0.0159757
103 0.0158557
104 0.0157083
105 0.0155858
106 0.0155178
107 0.0153862
108 0.015431
109 0.0153013
110 0.0151716
111 0.0150892
112 0.0150599
113 0.014899
114 0.0147699
115 0.0146854
116 0.0146393
117 0.0144776
118 0.0144665
119 0.0143883
120 0.0142688
121 0.0141472
122 0.0141727
123 0.0141826
124 0.0140058
125 0.0138521
126 0.013804
127 0.0138154
128 0.0136316
129 0.0135887
130 0.0135423
131 0.0134581
132 0.0134216
133 0.0132613
134 0.0132555
135 0.0132334
136 0.0130777
137 0.0130242
138 0.0129551
139 0.0129058
140 0.0128553
141 0.0128683
142 0.0126954
143 0.0125854
144 0.012591
145 0.0125408
146 0.0124759
147 0.0124834
148 0.0124096
149 0.0123764
150 0.0121693
151 0.0121828
152 0.0121845
153 0.0120787
154 0.0119483
155 0.011984
156 0.0119206
157 0.0118384
158 0.0118769
159 0.0116932
160 0.0117379
161 0.0116456
162 0.0116016
163 0.0115914
164 0.0115231
165 0.0114629
166 0.0113431
167 0.01141
168 0.0112887
169 0.01128
170 0.0112303
171 0.0111929
172 0.0111134
173 0.0110269
174 0.0110488
175 0.0109973
176 0.0109187
177 0.01089
178 0.0108101
179 0.0108064
180 0.0108059
181 0.0106937
182 0.0107614
183 0.0106136
184 0.0105745
185 0.0105516
186 0.010502
187 0.0105189
188 0.0104177
189 0.0104363
190 0.0103828
191 0.0103108
192 0.0102933
193 0.0102481
194 0.0101903
195 0.0102134
196 0.0101124
197 0.0100647
198 0.010088
199 0.00999238
200 0.0100211
201 0.00995833
202 0.0099425
203 0.00984309
204 0.00983816
205 0.00982515
206 0.00977216
207 0.00975109
208 0.00975791
209 0.00967843
210 0.00963657
211 0.00959578
212 0.00954001
213 0.00955913
214 0.00952437
215 0.00952846
216 0.00945299
217 0.00936663
218 0.00938261
219 0.00941041
220 0.00929745
221 0.00932753
222 0.00929472
223 0.00920773
224 0.00923695
225 0.0092018
226 0.00917788
227 0.00918534
228 0.0090849
229 0.00906351
230 0.00909538
231 0.00898032
232 0.00900936
233 0.00894945
234 0.00889347
235 0.00886204
236 0.00889754
237 0.00881778
238 0.00884687
239 0.00877555
240 0.00878166
241 0.00873535
242 0.0087065
243 0.0087304
244 0.00866337
245 0.00859684
246 0.00859855
247 0.008549
248 0.00851252
249 0.00848464
250 0.0085204
251 0.00852236
252 0.00844321
253 0.00840703
254 0.00841917
255 0.0084274
256 0.00836628
257 0.00834526
258 0.00833523
259 0.00828224
260 0.00829299
261 0.00830054
262 0.00819906
263 0.00818212
264 0.0082003
265 0.0081478
266 0.0080808
267 0.0081313
268 0.00810905
269 0.0081145
270 0.00796546
271 0.00804748
272 0.00797114
273 0.00793275
274 0.00793962
275 0.0079645
276 0.00789305
277 0.00791302
278 0.0078201
279 0.00784666
280 0.00786732
281 0.00782636
282 0.007763
283 0.00777644
284 0.00772846
285 0.00773175
286 0.00769523
287 0.00767526
288 0.00764355
289 0.00768744
290 0.00763307
291 0.00761637
292 0.00753497
293 0.00758198
294 0.00752552
295 0.00748915
296 0.00747876
297 0.00747076
298 0.00748802
299 0.00746244
300 0.00746382
301 0.00739531
302 0.00734257
303 0.00737284
304 0.00735209
305 0.00729138
306 0.00732413
307 0.00732273
308 0.00728834
309 0.00723802
310 0.00720263
311 0.00724775
312 0.00723812
313 0.00715285
314 0.00715397
315 0.00717227
316 0.00712465
317 0.00713749
318 0.00711347
319 0.00707727
320 0.00705708
321 0.00713327
322 0.00704062
323 0.00702217
324 0.00699189
325 0.007044
326 0.00696723
327 0.00695384
328 0.00692987
329 0.00695805
330 0.0068824
331 0.00690287
332 0.00689299
333 0.0068374
334 0.00690058
335 0.00685972
336 0.00683371
337 0.00685581
338 0.00679882
339 0.00675879
340 0.00678709
341 0.00678389
342 0.00673986
343 0.00675034
344 0.0067138
345 0.00669785
346 0.0066578
347 0.00669059
348 0.00665041
349 0.00668186
350 0.00659607
351 0.00660816
352 0.00656604
353 0.00656396
354 0.00658
355 0.00654959
356 0.00653742
357 0.00653388
358 0.00653455
359 0.00650373
360 0.0065015
361 0.00647949
362 0.00649022
363 0.00642074
364 0.00643984
365 0.00644638
366 0.00637296
367 0.00637774
368 0.00635308
369 0.00631853
370 0.00633168
371 0.00635058
372 0.0063496
373 0.006314
374 0.00630328
375 0.00628346
376 0.00631571
377 0.00627889
378 0.00626318
379 0.00623825
380 0.00621267
381 0.00619811
382 0.00619619
383 0.00622686
384 0.00619166
385 0.00622488
386 0.00613045
387 0.00614783
388 0.00612743
389 0.00611769
390 0.00612336
391 0.00609554
392 0.00611254
393 0.00609686
394 0.00603335
395 0.00604011
396 0.00606317
397 0.00603136
398 0.00604039
399 0.00597845
400 0.00601246
