1 0.500001
2 0.5
3 0.5
4 0.5
5 0.5
6 0.5
7 0.5
8 0.499993
9 0.498879
10 0.499577
11 0.499998
12 0.5
13 0.499998
14 0.499991
15 0.49998
16 0.499968
17 0.499937
18 0.499913
19 0.499894
20 0.499881
21 0.499841
22 0.499809
23 0.499789
24 0.499749
25 0.499716
26 0.499689
27 0.49968
28 0.499642
29 0.499618
30 0.499588
31 0.499555
32 0.49953
33 0.49951
34 0.499468
35 0.499467
36 0.499403
37 0.499419
38 0.499323
39 0.499368
40 0.499333
41 0.499263
42 0.499212
43 0.499214
44 0.49913
45 0.499143
46 0.499151
47 0.499144
48 0.499065
49 0.499093
50 0.499057
51 0.499028
52 0.49907
53 0.499064
54 0.499003
55 0.499038
56 0.498954
57 0.498924
58 0.498904
59 0.498831
60 0.498903
61 0.498871
62 0.498907
63 0.498811
64 0.49882
65 0.49876
66 0.498753
67 0.498705
68 0.498766
69 0.498778
70 0.498753
71 0.498695
72 0.498645
73 0.498633
74 0.49864
75 0.498667
76 0.498688
77 0.498558
78 0.498563
79 0.498555
80 0.498591
81 0.498614
82 0.498637
83 0.498513
84 0.498611
85 0.498526
86 0.498481
87 0.498545
88 0.498463
89 0.498494
90 0.498536
91 0.498492
92 0.498482
93 0.498463
94 0.498498
95 0.498406
96 0.498425
97 0.498448
98 0.498344
99 0.498448
100 0.498395
101 0.498422
102 0.498422
103 0.498386
104 0.498342
105 0.498364
106 0.498304
107 0.498341
108 0.498371
109 0.498319
110 0.498236
111 0.498262
112 0.498361
113 0.498243
114 0.498275
115 0.498305
116 0.498223
117 0.498303
118 0.498293
119 0.498178
120 0.498314
121 0.498241
122 0.498304
123 0.498185
124 0.498211
125 0.498244
126 0.498188
127 0.498252
128 0.49817
129 0.498172
130 0.498118
131 0.498111
132 0.498196
133 0.498139
134 0.498186
135 0.498145
136 0.498144
137 0.498151
138 0.498192
139 0.498062
140 0.498133
141 0.498102
142 0.498185
143 0.498145
144 0.498156
145 0.498069
146 0.498187
147 0.498097
148 0.498035
149 0.498044
150 0.498146
151 0.498073
152 0.498179
153 0.498083
154 0.498089
155 0.498055
156 0.498132
157 0.498051
158 0.497966
159 0.498023
160 0.49802
161 0.498033
162 0.498073
163 0.498104
164 0.498026
165 0.498037
166 0.498001
167 0.497938
168 0.497987
169 0.49795
170 0.497973
171 0.498008
172 0.49798
173 0.498008
174 0.497943
175 0.497987
176 0.498031
177 0.497994
178 0.497993
179 0.498036
180 0.498021
181 0.49801
182 0.497946
183 0.497981
184 0.498022
185 0.497939
186 0.4979
187 0.497915
188 0.497917
189 0.497954
190 0.497935
191 0.497899
192 0.497904
193 0.497925
194 0.497884
195 0.497886
196 0.497929
197 0.497969
198 0.497934
199 0.498039
200 0.497897
201 0.497815
202 0.49792
203 0.497844
204 0.497855
205 0.497952
206 0.497921
207 0.497875
208 0.49791
209 0.497849
210 0.497931
211 0.497916
212 0.497855
213 0.497855
214 0.497852
215 0.497936
216 0.497766
217 0.497804
218 0.497836
219 0.4978
220 0.497865
221 0.497883
222 0.49791
223 0.497836
224 0.497792
225 0.49785
226 0.497828
227 0.497918
228 0.497834
229 0.497895
230 0.497848
231 0.497869
232 0.497836
233 0.497863
234 0.497935
235 0.497839
236 0.497768
237 0.497786
238 0.497811
239 0.497723
240 0.497825
241 0.497769
242 0.497825
243 0.497813
244 0.497773
245 0.497829
246 0.497798
247 0.497806
248 0.497795
249 0.497705
250 0.497825
251 0.497752
252 0.497708
253 0.497816
254 0.497808
255 0.497822
256 0.497762
257 0.497703
258 0.497789
259 0.497756
260 0.497731
261 0.497735
262 0.497799
263 0.497752
264 0.497851
265 0.497747
266 0.497741
267 0.497768
268 0.497758
269 0.497808
270 0.497794
271 0.49775
272 0.497753
273 0.497794
274 0.497752
275 0.497766
276 0.497776
277 0.497782
278 0.497718
279 0.497738
280 0.497745
281 0.497796
282 0.49782
283 0.497739
284 0.497742
285 0.497635
286 0.497766
287 0.497712
288 0.497787
289 0.497756
290 0.497764
291 0.497712
292 0.497819
293 0.497752
294 0.497692
295 0.497716
296 0.497779
297 0.497672
298 0.497806
299 0.497743
300 0.497808
301 0.497737
302 0.497746
303 0.497769
304 0.497734
305 0.497667
306 0.497743
307 0.497718
308 0.497727
309 0.497788
310 0.497665
311 0.497617
312 0.497701
313 0.497664
314 0.497758
315 0.49761
316 0.497733
317 0.497693
318 0.497658
319 0.497598
320 0.497706
321 0.497778
322 0.497735
323 0.497822
324 0.497805
325 0.497727
326 0.4978
327 0.497786
328 0.497782
329 0.497793
330 0.497739
331 0.497661
332 0.497729
333 0.497769
334 0.49764
335 0.4977
336 0.497718
337 0.497723
338 0.497746
339 0.49774
340 0.497719
341 0.497671
342 0.49759
343 0.497653
344 0.49762
345 0.497681
346 0.497621
347 0.4977
348 0.497661
349 0.497613
350 0.497673
351 0.49764
352 0.497724
353 0.497685
354 0.497674
355 0.497679
356 0.497759
357 0.497748
358 0.497661
359 0.497655
360 0.497602
361 0.497679
362 0.497647
363 0.49766
364 0.497632
365 0.497674
366 0.497634
367 0.4977
368 0.497674
369 0.49772
370 0.497681
371 0.497657
372 0.497597
373 0.497641
374 0.497632
375 0.497698
376 0.497709
377 0.497642
378 0.497659
379 0.497681
380 0.497631
381 0.497652
382 0.497639
383 0.497682
384 0.497635
385 0.497671
386 0.497706
387 0.497672
388 0.497665
389 0.497558
390 0.497606
391 0.497663
392 0.497634
393 0.497597
394 0.497696
395 0.497605
396 0.497645
397 0.497562
398 0.497557
399 0.497612
400 0.497598
