1 0.110084
2 0.110084
3 0.110084
4 0.110084
5 0.110084
6 0.110092
7 0.110098
8 0.105527
9 0.1101
10 0.103084
11 0.0982214
12 0.0952922
13 0.0925919
14 0.09011
15 0.0879126
16 0.0857988
17 0.083914
18 0.0821781
19 0.0805065
20 0.0788804
21 0.0774807
22 0.0760971
23 0.0747849
24 0.0736279
25 0.0724521
26 0.0712981
27 0.0703055
28 0.0692885
29 0.0683772
30 0.0674079
31 0.0664092
32 0.0656787
33 0.0647513
34 0.0639446
35 0.0632565
36 0.0625364
37 0.0618056
38 0.0611947
39 0.0605352
40 0.0598441
41 0.0591658
42 0.0586119
43 0.0580308
44 0.0574423
45 0.0569376
46 0.0562559
47 0.0558723
48 0.0553408
49 0.054904
50 0.0544529
51 0.0539384
52 0.053498
53 0.0530559
54 0.0526195
55 0.0522137
56 0.0518487
57 0.0513895
58 0.0509529
59 0.0506115
60 0.05034
61 0.0498749
62 0.049526
63 0.0491179
64 0.0488429
65 0.0485484
66 0.0481551
67 0.0478313
68 0.0475629
69 0.0472628
70 0.0469386
71 0.0466173
72 0.0462873
73 0.0460335
74 0.0457771
75 0.0454742
76 0.0452074
77 0.0448841
78 0.04473
79 0.0444912
80 0.0441899
81 0.0439707
82 0.0437285
83 0.0434072
84 0.0432788
85 0.0430398
86 0.0427857
87 0.0425539
88 0.0422686
89 0.0421839
90 0.0419448
91 0.0416353
92 0.0415276
93 0.0413778
94 0.041025
95 0.040954
96 0.0406935
97 0.0404471
98 0.0403598
99 0.0401129
100 0.0399806
101 0.039742
102 0.0396751
103 0.0394332
104 0.0392708
105 0.0390104
106 0.0389055
107 0.0388331
108 0.0386547
109 0.0384539
110 0.0382387
111 0.0381157
112 0.0379337
113 0.0378386
114 0.0376671
115 0.0375136
116 0.0373381
117 0.0372104
118 0.0370313
119 0.0369372
120 0.0368025
121 0.0366865
122 0.0365486
123 0.0364047
124 0.0362663
125 0.0360963
126 0.0360123
127 0.0357816
128 0.0357198
129 0.0356354
130 0.035434
131 0.0354118
132 0.0353274
133 0.0351143
134 0.0350247
135 0.0348373
136 0.0347923
137 0.034707
138 0.0346553
139 0.0344074
140 0.0342818
141 0.03416
142 0.0341194
143 0.0339543
144 0.0338369
145 0.0337715
146 0.0337013
147 0.0335841
148 0.0335186
149 0.03338
150 0.0332474
151 0.0331433
152 0.0330727
153 0.0330176
154 0.0328874
155 0.0328071
156 0.032679
157 0.0325937
158 0.0325007
159 0.0323687
160 0.03236
161 0.0322908
162 0.0321641
163 0.0320593
164 0.0319753
165 0.0319382
166 0.0318407
167 0.0318089
168 0.0315833
169 0.0315427
170 0.0314586
171 0.0314037
172 0.0312561
173 0.0312156
174 0.0311568
175 0.031033
176 0.0310514
177 0.0309021
178 0.0309096
179 0.0308352
180 0.0306682
181 0.030586
182 0.0305533
183 0.0304778
184 0.0303961
185 0.0303598
186 0.0302815
187 0.0301539
188 0.0300826
189 0.0300512
190 0.029994
191 0.0299424
192 0.0298457
193 0.0297508
194 0.0296952
195 0.029679
196 0.0295574
197 0.0294272
198 0.0294191
199 0.0292794
200 0.0292806
201 0.0291818
202 0.0291978
203 0.0290912
204 0.0290654
205 0.0289472
206 0.0289902
207 0.0288421
208 0.0288
209 0.0287566
210 0.0287306
211 0.0286839
212 0.0286426
213 0.0285327
214 0.0285012
215 0.0284217
216 0.0283685
217 0.0283384
218 0.0283167
219 0.0282498
220 0.0281283
221 0.0281614
222 0.0279864
223 0.0280463
224 0.0279324
225 0.0279007
226 0.0277932
227 0.0277969
228 0.0277425
229 0.0277348
230 0.0276241
231 0.0275494
232 0.0275182
233 0.0274325
234 0.0273758
235 0.0273077
236 0.0272658
237 0.0272887
238 0.0272092
239 0.0271288
240 0.0271103
241 0.0270819
242 0.0271128
243 0.0269741
244 0.0269564
245 0.0269086
246 0.0268894
247 0.0267797
248 0.0267307
249 0.0267411
250 0.0267116
251 0.0266138
252 0.0265501
253 0.0264917
254 0.0264579
255 0.0264683
256 0.0264157
257 0.026358
258 0.0263572
259 0.0263224
260 0.0262058
261 0.02618
262 0.0261836
263 0.0261973
264 0.0260523
265 0.026013
266 0.0259714
267 0.0259908
268 0.025966
269 0.0259101
270 0.0258744
271 0.0257654
272 0.0257743
273 0.0256928
274 0.0256989
275 0.0257116
276 0.0256657
277 0.0256041
278 0.0255523
279 0.0255582
280 0.0254096
281 0.0254377
282 0.0253998
283 0.0253927
284 0.0253218
285 0.0252817
286 0.0252573
287 0.0252511
288 0.0251196
289 0.0251734
290 0.0250972
291 0.0251228
292 0.0249856
293 0.0249539
294 0.0249334
295 0.0250356
296 0.0248069
297 0.0249213
298 0.0247584
299 0.0247988
300 0.0247299
301 0.0247357
302 0.0247819
303 0.0246965
304 0.0246384
305 0.0245708
306 0.0245507
307 0.0245522
308 0.024508
309 0.0244903
310 0.0244667
311 0.0244344
312 0.0243549
313 0.0243089
314 0.0242141
315 0.0243013
316 0.0243211
317 0.0242643
318 0.0241748
319 0.0241505
320 0.0241929
321 0.0242154
322 0.0240748
323 0.0241365
324 0.0240295
325 0.0240041
326 0.0239554
327 0.0239299
328 0.02393
329 0.0238181
330 0.0238457
331 0.0238465
332 0.0238102
333 0.0238087
334 0.023767
335 0.0237434
336 0.0236315
337 0.0236027
338 0.023634
339 0.0236
340 0.0236014
341 0.0235869
342 0.0235273
343 0.0235287
344 0.0235184
345 0.0234545
346 0.0234639
347 0.023462
348 0.0233355
349 0.0233818
350 0.0233854
351 0.0233154
352 0.0233255
353 0.0232904
354 0.0232105
355 0.0231991
356 0.0232548
357 0.0231397
358 0.0231183
359 0.0230947
360 0.0230763
361 0.0230971
362 0.0229797
363 0.0229987
364 0.0230517
365 0.0229486
366 0.0229653
367 0.0229517
368 0.022872
369 0.0228467
370 0.0228734
371 0.0228893
372 0.0228423
373 0.0227226
374 0.0227773
375 0.0227317
376 0.0227697
377 0.0226854
378 0.0226408
379 0.0226572
380 0.0226631
381 0.0225799
382 0.0225822
383 0.022612
384 0.0225151
385 0.0224944
386 0.0225294
387 0.0224615
388 0.0224876
389 0.0224379
390 0.0224106
391 0.0224438
392 0.0223511
393 0.0224206
394 0.0223984
395 0.0223082
396 0.0222931
397 0.0222112
398 0.0222798
399 0.0221834
400 0.0222115
