1 0.100496
2 0.100497
3 0.100497
4 0.100497
5 0.100497
6 0.100497
7 0.100497
8 0.100497
9 0.100497
10 0.100497
11 0.100497
12 0.100496
13 0.100496
14 0.100496
15 0.100496
16 0.100496
17 0.100496
18 0.100496
19 0.100496
20 0.100496
21 0.100496
22 0.100496
23 0.100496
24 0.100496
25 0.100496
26 0.145415
27 0.170058
28 0.183819
29 0.19125
30 0.194944
31 0.196918
32 0.198917
33 0.198925
34 0.199723
35 0.199509
36 0.227126
37 0.246983
38 0.260262
39 0.270711
40 0.277878
41 0.283167
42 0.285747
43 0.287235
44 0.288618
45 0.288911
46 0.308126
47 0.322349
48 0.333158
49 0.34182
50 0.348415
51 0.363206
52 0.377487
53 0.38936
54 0.400059
55 0.408549
56 0.418545
57 0.427971
58 0.436459
59 0.443637
60 0.450147
61 0.459354
62 0.468776
63 0.477321
64 0.485795
65 0.49433
66 0.502365
67 0.508058
68 0.515181
69 0.520471
70 0.526559
71 0.533136
72 0.538837
73 0.544738
74 0.551258
75 0.556817
76 0.563381
77 0.567172
78 0.573392
79 0.577296
80 0.581116
81 0.585449
82 0.590192
83 0.594708
84 0.598119
85 0.602536
86 0.606568
87 0.610682
88 0.614342
89 0.61781
90 0.621231
91 0.624212
92 0.627608
93 0.631228
94 0.634192
95 0.637481
96 0.641025
97 0.644806
98 0.646418
99 0.64985
100 0.652306
101 0.654636
102 0.65827
103 0.660387
104 0.663133
105 0.664694
106 0.666325
107 0.668513
108 0.670728
109 0.67321
110 0.675114
111 0.67719
112 0.678866
113 0.681015
114 0.683461
115 0.684776
116 0.686976
117 0.688631
118 0.690225
119 0.692423
120 0.693618
121 0.695807
122 0.697061
123 0.698106
124 0.700439
125 0.702033
126 0.703471
127 0.70509
128 0.705877
129 0.70776
130 0.708669
131 0.711526
132 0.711883
133 0.713361
134 0.71518
135 0.716287
136 0.717215
137 0.718868
138 0.719939
139 0.721765
140 0.722057
141 0.722873
142 0.724631
143 0.725641
144 0.727149
145 0.728535
146 0.729867
147 0.730066
148 0.731208
149 0.732095
150 0.733957
151 0.734713
152 0.735871
153 0.736476
154 0.737396
155 0.738916
156 0.73925
157 0.740721
158 0.740758
159 0.742734
160 0.744039
161 0.744966
162 0.745391
163 0.746029
164 0.746434
165 0.746908
166 0.748125
167 0.749331
168 0.750239
169 0.750049
170 0.751828
171 0.752643
172 0.753289
173 0.754183
174 0.754566
175 0.756732
176 0.756921
177 0.758119
178 0.75783
179 0.759265
180 0.759769
181 0.761235
182 0.761271
183 0.76183
184 0.762209
185 0.763434
186 0.763852
187 0.764589
188 0.764735
189 0.766046
190 0.766833
191 0.766731
192 0.768116
193 0.767761
194 0.768821
195 0.769877
196 0.770202
197 0.770598
198 0.771274
199 0.77193
200 0.772719
201 0.773666
202 0.773587
203 0.774481
204 0.774938
205 0.775999
206 0.775838
207 0.77711
208 0.776946
209 0.777602
210 0.778687
211 0.778843
212 0.779217
213 0.779698
214 0.780166
215 0.781148
216 0.781256
217 0.781899
218 0.78245
219 0.782431
220 0.783729
221 0.78332
222 0.783892
223 0.785419
224 0.786258
225 0.785878
226 0.786561
227 0.786894
228 0.787647
229 0.788355
230 0.788179
231 0.787947
232 0.789219
233 0.788886
234 0.789811
235 0.78951
236 0.789776
237 0.79114
238 0.791035
239 0.792088
240 0.79232
241 0.792395
242 0.79293
243 0.793364
244 0.794394
245 0.794614
246 0.795218
247 0.795462
248 0.795454
249 0.795802
250 0.796872
251 0.797172
252 0.797206
253 0.796976
254 0.797695
255 0.798466
256 0.798621
257 0.799052
258 0.799612
259 0.799115
260 0.800526
261 0.800685
262 0.801047
263 0.80094
264 0.800655
265 0.802105
266 0.80268
267 0.803588
268 0.803498
269 0.803335
270 0.802903
271 0.804164
272 0.804626
273 0.804511
274 0.804752
275 0.804664
276 0.805332
277 0.806332
278 0.80562
279 0.80732
280 0.807112
281 0.806896
282 0.807572
283 0.807593
284 0.807923
285 0.807924
286 0.808794
287 0.808523
288 0.809661
289 0.809312
290 0.809915
291 0.810221
292 0.810607
293 0.810783
294 0.811366
295 0.811373
296 0.811429
297 0.812212
298 0.81266
299 0.811697
300 0.812173
301 0.81341
302 0.812764
303 0.813896
304 0.813967
305 0.814553
306 0.81463
307 0.814356
308 0.815405
309 0.815305
310 0.8154
311 0.815412
312 0.816337
313 0.81613
314 0.816983
315 0.816886
316 0.81695
317 0.817731
318 0.817357
319 0.817883
320 0.817762
321 0.818517
322 0.818448
323 0.818838
324 0.819466
325 0.819408
326 0.819644
327 0.819414
328 0.82044
329 0.820271
330 0.82
331 0.821209
332 0.821321
333 0.820794
334 0.820556
335 0.822176
336 0.821761
337 0.821818
338 0.822537
339 0.822985
340 0.822465
341 0.823218
342 0.823224
343 0.823498
344 0.824198
345 0.824049
346 0.824195
347 0.824
348 0.82439
349 0.824782
350 0.82496
351 0.824828
352 0.825472
353 0.82549
354 0.825664
355 0.82626
356 0.826213
357 0.826655
358 0.826307
359 0.82719
360 0.82722
361 0.827148
362 0.827202
363 0.827455
364 0.82773
365 0.828059
366 0.828187
367 0.828514
368 0.828713
369 0.82936
370 0.829133
371 0.82969
372 0.829592
373 0.829948
374 0.829748
375 0.830152
376 0.829786
377 0.830111
378 0.830385
379 0.831399
380 0.831388
381 0.830612
382 0.831096
383 0.831214
384 0.831694
385 0.83229
386 0.832766
387 0.832336
388 0.83292
389 0.833695
390 0.832961
391 0.833389
392 0.833597
393 0.833712
394 0.834104
395 0.833913
396 0.833641
397 0.833864
398 0.834436
399 0.834315
400 0.835273
