1 0.408577
2 0.408577
3 0.40878
4 0.408844
5 0.408875
6 0.408924
7 0.408936
8 0.408996
9 0.409003
10 0.409002
11 0.408986
12 0.408952
13 0.408969
14 0.408974
15 0.408976
16 0.408988
17 0.40899
18 0.409012
19 0.409015
20 0.409014
21 0.409005
22 0.408986
23 0.408995
24 0.408996
25 0.408996
26 0.405808
27 0.401294
28 0.396374
29 0.391416
30 0.386624
31 0.382044
32 0.37773
33 0.373665
34 0.369789
35 0.366144
36 0.361968
37 0.357481
38 0.35296
39 0.348435
40 0.344033
41 0.339645
42 0.335509
43 0.331532
44 0.3277
45 0.324132
46 0.320244
47 0.316515
48 0.312679
49 0.308989
50 0.305327
51 0.30163
52 0.297968
53 0.294374
54 0.290811
55 0.287356
56 0.283897
57 0.280481
58 0.27718
59 0.273911
60 0.270686
61 0.267651
62 0.264478
63 0.261458
64 0.258428
65 0.255536
66 0.252653
67 0.249797
68 0.247021
69 0.244359
70 0.241675
71 0.23903
72 0.236513
73 0.2341
74 0.231623
75 0.229217
76 0.226844
77 0.224561
78 0.222304
79 0.220064
80 0.217872
81 0.215727
82 0.21359
83 0.211596
84 0.20954
85 0.207636
86 0.205682
87 0.203771
88 0.201876
89 0.200037
90 0.198197
91 0.196434
92 0.194677
93 0.19303
94 0.19127
95 0.189745
96 0.188037
97 0.186388
98 0.184928
99 0.183326
100 0.181811
101 0.180313
102 0.178815
103 0.177322
104 0.175912
105 0.174567
106 0.173226
107 0.171831
108 0.170505
109 0.169178
110 0.167921
111 0.166676
112 0.16539
113 0.164145
114 0.162961
115 0.161814
116 0.160619
117 0.159429
118 0.158292
119 0.157139
120 0.156048
121 0.154974
122 0.153916
123 0.15289
124 0.1518
125 0.150745
126 0.149753
127 0.148761
128 0.147784
129 0.146801
130 0.145825
131 0.144887
132 0.144007
133 0.143053
134 0.142088
135 0.141249
136 0.140358
137 0.13945
138 0.138653
139 0.137776
140 0.136947
141 0.136081
142 0.135226
143 0.134421
144 0.133602
145 0.13281
146 0.132123
147 0.131341
148 0.130572
149 0.129817
150 0.129093
151 0.12829
152 0.127518
153 0.126873
154 0.126184
155 0.125455
156 0.124846
157 0.124122
158 0.123392
159 0.122753
160 0.122075
161 0.121405
162 0.120818
163 0.120128
164 0.119538
165 0.118961
166 0.118288
167 0.117692
168 0.117091
169 0.116493
170 0.115906
171 0.115338
172 0.114736
173 0.114163
174 0.113637
175 0.113021
176 0.11246
177 0.111913
178 0.11135
179 0.110797
180 0.110277
181 0.109769
182 0.109218
183 0.108747
184 0.108274
185 0.107767
186 0.107208
187 0.106762
188 0.106239
189 0.105778
190 0.105253
191 0.10477
192 0.104325
193 0.103868
194 0.103382
195 0.102926
196 0.102484
197 0.101987
198 0.101595
199 0.101148
200 0.100689
201 0.100242
202 0.0998569
203 0.0993984
204 0.0989688
205 0.0985508
206 0.0981796
207 0.0976941
208 0.0973265
209 0.0969017
210 0.0965472
211 0.0961139
212 0.095727
213 0.0953577
214 0.0950005
215 0.0945728
216 0.0941926
217 0.0937957
218 0.0934372
219 0.0930955
220 0.0926743
221 0.0923336
222 0.0919927
223 0.0915891
224 0.0912109
225 0.09092
226 0.0905084
227 0.090198
228 0.0898478
229 0.0895258
230 0.089191
231 0.088842
232 0.0885342
233 0.0882314
234 0.0878092
235 0.0875631
236 0.0872489
237 0.086901
238 0.086571
239 0.0862349
240 0.0859191
241 0.0856523
242 0.0853113
243 0.0850249
244 0.0847143
245 0.0843722
246 0.0840911
247 0.0838084
248 0.0835148
249 0.0832081
250 0.0828844
251 0.0825874
252 0.0823257
253 0.0820571
254 0.0818259
255 0.0815223
256 0.0811704
257 0.0809699
258 0.0806601
259 0.0804117
260 0.0801396
261 0.0798428
262 0.0795957
263 0.0793779
264 0.0791332
265 0.0788442
266 0.0785436
267 0.078296
268 0.0780495
269 0.0777887
270 0.0775394
271 0.0772974
272 0.0770486
273 0.0768287
274 0.076583
275 0.076326
276 0.0760688
277 0.0758594
278 0.0756165
279 0.0753362
280 0.075111
281 0.0748945
282 0.0746657
283 0.0744842
284 0.0742282
285 0.0739816
286 0.0737575
287 0.0735125
288 0.0733041
289 0.0730733
290 0.0728212
291 0.0726674
292 0.0724149
293 0.0722203
294 0.0719756
295 0.0718197
296 0.0715699
297 0.0713598
298 0.0711285
299 0.0709901
300 0.0707828
301 0.0705504
302 0.0703568
303 0.0701064
304 0.0698953
305 0.0697426
306 0.0695239
307 0.0693555
308 0.0691198
309 0.0689727
310 0.0687439
311 0.0685929
312 0.0683688
313 0.0681902
314 0.0679506
315 0.0678006
316 0.0676223
317 0.0674332
318 0.0672121
319 0.0670545
320 0.0668492
321 0.0666604
322 0.0664984
323 0.06632
324 0.0661392
325 0.0659857
326 0.0657848
327 0.0656176
328 0.0654655
329 0.0652577
330 0.0651175
331 0.0649135
332 0.0647267
333 0.0646374
334 0.0644065
335 0.0642171
336 0.0641282
337 0.0639104
338 0.0637666
339 0.0635912
340 0.0634332
341 0.0632609
342 0.063088
343 0.0629356
344 0.0627493
345 0.062632
346 0.0624613
347 0.0623281
348 0.0621579
349 0.0620142
350 0.0618275
351 0.0616816
352 0.0615041
353 0.0613808
354 0.0612254
355 0.0610714
356 0.0609424
357 0.0607962
358 0.0605835
359 0.0604852
360 0.0603318
361 0.0602032
362 0.0600427
363 0.0598821
364 0.0597631
365 0.0596046
366 0.0594771
367 0.0593213
368 0.0592035
369 0.0590269
370 0.0589137
371 0.0587465
372 0.0586119
373 0.058491
374 0.0583668
375 0.0582169
376 0.0580906
377 0.0579938
378 0.0578233
379 0.0576417
380 0.0575287
381 0.0574301
382 0.057311
383 0.0571771
384 0.0570403
385 0.0568952
386 0.0567671
387 0.0566367
388 0.0565152
389 0.0563733
390 0.0563008
391 0.0560944
392 0.0560248
393 0.0559182
394 0.0557404
395 0.0556478
396 0.0555654
397 0.0554095
398 0.0553051
399 0.0551443
400 0.0550118
