1 0.12045
2 0.120626
3 0.120889
4 0.0882955
5 0.0826097
6 0.0747818
7 0.0749949
8 0.0711839
9 0.0686381
10 0.0757035
11 0.0706737
12 0.0663773
13 0.0714087
14 0.0703991
15 0.0644536
16 0.0627547
17 0.0655072
18 0.0613843
19 0.0618813
20 0.059562
21 0.0587521
22 0.0538153
23 0.0544149
24 0.0563102
25 0.0557187
26 0.0518901
27 0.0516801
28 0.0500316
29 0.0521139
30 0.0477944
31 0.048385
32 0.0466907
33 0.0454948
34 0.0463903
35 0.0449644
36 0.0432324
37 0.0449361
38 0.0426118
39 0.0421737
40 0.0430301
41 0.0412993
42 0.0399776
43 0.042331
44 0.0393085
45 0.0405426
46 0.0388392
47 0.0393205
48 0.0385535
49 0.0388797
50 0.0379127
51 0.0373255
52 0.0367092
53 0.0365911
54 0.0356451
55 0.0363513
56 0.0352513
57 0.0351025
58 0.0345067
59 0.0350761
60 0.0338039
61 0.0345154
62 0.034073
63 0.0324654
64 0.0331618
65 0.0323437
66 0.0329368
67 0.0315352
68 0.0320702
69 0.0320157
70 0.0312692
71 0.0311714
72 0.0306847
73 0.0313101
74 0.030111
75 0.02978
76 0.0308493
77 0.0292798
78 0.0298314
79 0.0287828
80 0.0294529
81 0.0290468
82 0.0287075
83 0.0280091
84 0.0284464
85 0.0282391
86 0.0281265
87 0.0273059
88 0.0278271
89 0.0269797
90 0.0277846
91 0.0269022
92 0.0265141
93 0.0267106
94 0.0264907
95 0.0265536
96 0.0260867
97 0.0258992
98 0.0258892
99 0.0257564
100 0.0254658
101 0.0255945
102 0.0247753
103 0.025226
104 0.0246638
105 0.0244084
106 0.0248828
107 0.0240445
108 0.0242816
109 0.0239292
110 0.0241141
111 0.0241349
112 0.023613
113 0.0236189
114 0.0235825
115 0.0233768
116 0.0237261
117 0.02318
118 0.0229084
119 0.023108
120 0.0227416
121 0.0225588
122 0.0224828
123 0.0222358
124 0.0222163
125 0.0224208
126 0.0217296
127 0.0219451
128 0.0218955
129 0.0217966
130 0.0218936
131 0.0215828
132 0.0213671
133 0.0214899
134 0.0209642
135 0.0212638
136 0.0209075
137 0.0207442
138 0.0208574
139 0.0205951
140 0.0206285
141 0.0205956
142 0.0204528
143 0.0203581
144 0.0204731
145 0.0201283
146 0.0199909
147 0.0200188
148 0.0197655
149 0.0198112
150 0.0196276
151 0.0197681
152 0.0195799
153 0.0195948
154 0.0193087
155 0.0195567
156 0.0193037
157 0.0190273
158 0.0191439
159 0.0189631
160 0.0190128
161 0.0189353
162 0.0189118
163 0.0184824
164 0.018774
165 0.0182203
166 0.0184675
167 0.0185597
168 0.018187
169 0.0182271
170 0.0182212
171 0.0181489
172 0.0180356
173 0.0179238
174 0.0180247
175 0.0176174
176 0.0179577
177 0.0177392
178 0.0176681
179 0.0175955
180 0.0175952
181 0.0173601
182 0.0176364
183 0.0173534
184 0.0172363
185 0.0173877
186 0.0170039
187 0.0170762
188 0.0173268
189 0.0169491
190 0.0170975
191 0.016814
192 0.0167375
193 0.0167282
194 0.0167702
195 0.0166294
196 0.0166681
197 0.0166068
198 0.0165441
199 0.0164578
200 0.0163391
201 0.0163305
202 0.0162045
203 0.0163497
204 0.0162355
205 0.0159473
206 0.0161591
207 0.0159789
208 0.0160601
209 0.0158161
210 0.0157234
211 0.0158008
212 0.0157272
213 0.0157689
214 0.0156769
215 0.015729
216 0.0156059
217 0.0154535
218 0.0155332
219 0.0154863
220 0.0153121
221 0.015429
222 0.0153363
223 0.0152434
224 0.0150034
225 0.0152882
226 0.0150416
227 0.0150359
228 0.0150834
229 0.0149706
230 0.0148542
231 0.0150181
232 0.0148983
233 0.0147828
234 0.0147054
235 0.0147051
236 0.0147941
237 0.0145863
238 0.0146089
239 0.0144713
240 0.0144169
241 0.0144022
242 0.0143538
243 0.0143374
244 0.0143225
245 0.0143683
246 0.014093
247 0.0142297
248 0.0141942
249 0.0140812
250 0.0140113
251 0.013941
252 0.0139656
253 0.0141325
254 0.0139197
255 0.0139927
256 0.0137617
257 0.0138589
258 0.013864
259 0.0137123
260 0.0136986
261 0.0137123
262 0.0136442
263 0.0135509
264 0.0135885
265 0.0135003
266 0.0133791
267 0.0134316
268 0.0134255
269 0.0134441
270 0.0133693
271 0.013379
272 0.0133686
273 0.0133053
274 0.0132336
275 0.0132659
276 0.0131937
277 0.0131494
278 0.0132256
279 0.0129807
280 0.0131031
281 0.0129257
282 0.012941
283 0.0128849
284 0.0129327
285 0.0128112
286 0.0129146
287 0.0128942
288 0.0127986
289 0.0128209
290 0.0126043
291 0.0127089
292 0.0125496
293 0.0126492
294 0.0126524
295 0.0124957
296 0.0125474
297 0.0124057
298 0.0125391
299 0.0124682
300 0.0123177
301 0.0124148
302 0.0123066
303 0.0122938
304 0.0123724
305 0.012222
306 0.012192
307 0.0122085
308 0.0122749
309 0.0121346
310 0.0121022
311 0.0121855
312 0.0120663
313 0.0121214
314 0.0120794
315 0.0120782
316 0.0119428
317 0.0119364
318 0.0119301
319 0.0118778
320 0.0118558
321 0.0118569
322 0.011826
323 0.011753
324 0.0117008
325 0.0118068
326 0.0118903
327 0.0116553
328 0.0117275
329 0.0117011
330 0.011619
331 0.0115574
332 0.0116176
333 0.011586
334 0.0115814
335 0.0115198
336 0.0114018
337 0.0115355
338 0.0114187
339 0.0114512
340 0.011553
341 0.0113357
342 0.0114816
343 0.0113407
344 0.0113076
345 0.0113454
346 0.0112615
347 0.0113259
348 0.0112274
349 0.011234
350 0.0112323
351 0.0110735
352 0.0111454
353 0.011064
354 0.0111184
355 0.0111013
356 0.0109654
357 0.0110295
358 0.0109527
359 0.0109956
360 0.0109706
361 0.0109723
362 0.0109191
363 0.0108615
364 0.0108323
365 0.0108124
366 0.0107956
367 0.0107781
368 0.0107984
369 0.0108139
370 0.0107363
371 0.0107686
372 0.0107958
373 0.0107017
374 0.0106883
375 0.0106845
376 0.0105968
377 0.0106018
378 0.0106375
379 0.0105849
380 0.0105388
381 0.0105632
382 0.0104991
383 0.010471
384 0.0104314
385 0.0103583
386 0.0103582
387 0.0103419
388 0.0103027
389 0.0103158
390 0.0103722
391 0.0102243
392 0.0103388
393 0.0101839
394 0.0102709
395 0.0102175
396 0.0101834
397 0.0102147
398 0.0101489
399 0.0100857
400 0.0102258
