1 0.300354
2 0.300152
3 0.300033
4 0.30813
5 0.3141
6 0.319209
7 0.32298
8 0.326331
9 0.329235
10 0.330837
11 0.332487
12 0.334278
13 0.335518
14 0.336578
15 0.337857
16 0.339114
17 0.340039
18 0.341095
19 0.342057
20 0.343042
21 0.343983
22 0.344993
23 0.345902
24 0.346639
25 0.347384
26 0.34821
27 0.348964
28 0.349746
29 0.350394
30 0.35115
31 0.351842
32 0.352529
33 0.353223
34 0.353863
35 0.354497
36 0.355121
37 0.355679
38 0.356271
39 0.356835
40 0.357368
41 0.357902
42 0.358431
43 0.358907
44 0.359425
45 0.359887
46 0.360381
47 0.360823
48 0.361252
49 0.361659
50 0.362078
51 0.362504
52 0.362905
53 0.363312
54 0.363717
55 0.364103
56 0.364481
57 0.364855
58 0.365228
59 0.365583
60 0.365933
61 0.366263
62 0.366599
63 0.366936
64 0.367264
65 0.367583
66 0.367901
67 0.368218
68 0.368535
69 0.368833
70 0.369118
71 0.369416
72 0.369703
73 0.369977
74 0.370256
75 0.370529
76 0.370783
77 0.371059
78 0.371305
79 0.371558
80 0.371808
81 0.372064
82 0.372313
83 0.372558
84 0.372795
85 0.373035
86 0.373258
87 0.373497
88 0.37372
89 0.373939
90 0.374154
91 0.374374
92 0.374591
93 0.374806
94 0.375013
95 0.375212
96 0.37541
97 0.375612
98 0.375814
99 0.37601
100 0.376199
101 0.376383
102 0.376573
103 0.376761
104 0.376945
105 0.377128
106 0.377304
107 0.377484
108 0.377661
109 0.377828
110 0.378
111 0.378175
112 0.378341
113 0.378518
114 0.378677
115 0.378842
116 0.378999
117 0.379166
118 0.379323
119 0.379471
120 0.379623
121 0.379777
122 0.379931
123 0.380079
124 0.380225
125 0.380368
126 0.380514
127 0.38066
128 0.380812
129 0.38096
130 0.381098
131 0.381236
132 0.381377
133 0.381513
134 0.381648
135 0.381779
136 0.381915
137 0.382041
138 0.382167
139 0.382291
140 0.382419
141 0.382548
142 0.382677
143 0.3828
144 0.38292
145 0.383046
146 0.383166
147 0.38329
148 0.38341
149 0.383524
150 0.383638
151 0.383754
152 0.383872
153 0.383983
154 0.384098
155 0.384204
156 0.384314
157 0.384422
158 0.384527
159 0.384636
160 0.384746
161 0.384852
162 0.384954
163 0.38506
164 0.38516
165 0.385263
166 0.385367
167 0.385469
168 0.385563
169 0.385665
170 0.385765
171 0.385863
172 0.385958
173 0.386052
174 0.386152
175 0.386243
176 0.386337
177 0.386435
178 0.386527
179 0.386621
180 0.386716
181 0.386806
182 0.386896
183 0.386985
184 0.387072
185 0.387162
186 0.387252
187 0.38734
188 0.387424
189 0.387513
190 0.387597
191 0.387685
192 0.387768
193 0.387855
194 0.387941
195 0.388025
196 0.388105
197 0.388187
198 0.388271
199 0.38835
200 0.388426
201 0.388501
202 0.38858
203 0.38866
204 0.388737
205 0.388816
206 0.388893
207 0.388971
208 0.389045
209 0.389118
210 0.389199
211 0.38927
212 0.389344
213 0.389416
214 0.38949
215 0.389561
216 0.389633
217 0.389703
218 0.389776
219 0.389849
220 0.389923
221 0.389992
222 0.390062
223 0.390132
224 0.3902
225 0.39027
226 0.390335
227 0.390404
228 0.39047
229 0.390537
230 0.390602
231 0.390665
232 0.390728
233 0.390794
234 0.39086
235 0.390922
236 0.390987
237 0.391052
238 0.391115
239 0.391178
240 0.391244
241 0.391305
242 0.391368
243 0.391433
244 0.391494
245 0.391552
246 0.391616
247 0.391676
248 0.391736
249 0.391798
250 0.391858
251 0.391915
252 0.391973
253 0.392032
254 0.392091
255 0.39215
256 0.392209
257 0.392267
258 0.392324
259 0.392381
260 0.392436
261 0.392494
262 0.392547
263 0.392603
264 0.392659
265 0.392715
266 0.392767
267 0.39282
268 0.392876
269 0.392927
270 0.392981
271 0.393035
272 0.393087
273 0.39314
274 0.393194
275 0.393246
276 0.393298
277 0.393349
278 0.393398
279 0.393449
280 0.3935
281 0.39355
282 0.393601
283 0.393654
284 0.393702
285 0.39375
286 0.393797
287 0.393846
288 0.393897
289 0.393946
290 0.393992
291 0.394041
292 0.394093
293 0.394142
294 0.394189
295 0.394236
296 0.394283
297 0.394331
298 0.394379
299 0.394424
300 0.394469
301 0.394517
302 0.394563
303 0.39461
304 0.394653
305 0.394696
306 0.394744
307 0.394788
308 0.394835
309 0.394881
310 0.394924
311 0.394962
312 0.395006
313 0.39505
314 0.395093
315 0.395137
316 0.39518
317 0.395221
318 0.395263
319 0.395304
320 0.395346
321 0.395389
322 0.395432
323 0.395473
324 0.395515
325 0.395557
326 0.395597
327 0.395637
328 0.395674
329 0.395716
330 0.395757
331 0.395799
332 0.395841
333 0.395883
334 0.395924
335 0.395965
336 0.396006
337 0.396047
338 0.396086
339 0.396124
340 0.396161
341 0.3962
342 0.396239
343 0.396278
344 0.39632
345 0.396358
346 0.396397
347 0.396435
348 0.396473
349 0.396512
350 0.396549
351 0.396588
352 0.396625
353 0.396661
354 0.396698
355 0.396737
356 0.396773
357 0.396809
358 0.396846
359 0.396882
360 0.396919
361 0.396953
362 0.396988
363 0.397021
364 0.397056
365 0.397092
366 0.397129
367 0.397163
368 0.397201
369 0.397234
370 0.397268
371 0.397303
372 0.397336
373 0.39737
374 0.397405
375 0.397439
376 0.397474
377 0.397506
378 0.39754
379 0.397574
380 0.397608
381 0.397642
382 0.397677
383 0.39771
384 0.397745
385 0.397778
386 0.397811
387 0.397843
388 0.397876
389 0.39791
390 0.397943
391 0.397977
392 0.398008
393 0.39804
394 0.398071
395 0.398102
396 0.398134
397 0.398166
398 0.398196
399 0.398228
400 0.398258
